Date,Time,Open,High,Low,Close,Volume,OpenInt
2015-04-22,01:00:00,0.94737,0.94756,0.94676,0.94703,0,0
2015-04-22,02:00:00,0.94703,0.94719,0.94625,0.94638,0,0
2015-04-22,03:00:00,0.94638,0.94776,0.94617,0.94763,0,0
2015-04-22,04:00:00,0.94763,0.95366,0.94722,0.95253,0,0
2015-04-22,05:00:00,0.9526,0.953,0.95204,0.95227,0,0
2015-04-22,06:00:00,0.95226,0.95257,0.95163,0.95209,0,0
2015-04-22,07:00:00,0.95202,0.95282,0.9518,0.95254,0,0
2015-04-22,08:00:00,0.95254,0.95308,0.95181,0.9519,0,0
2015-04-22,09:00:00,0.95185,0.95344,0.95168,0.95262,0,0
2015-04-22,10:00:00,0.95263,0.95277,0.95162,0.95181,0,0
2015-04-22,11:00:00,0.95181,0.95382,0.95123,0.95341,0,0
2015-04-22,12:00:00,0.95343,0.95396,0.95257,0.95319,0,0
2015-04-22,13:00:00,0.95319,0.95403,0.95263,0.95354,0,0
2015-04-22,14:00:00,0.95365,0.9538,0.95225,0.95253,0,0
2015-04-22,15:00:00,0.9525,0.95444,0.95163,0.95217,0,0
2015-04-22,16:00:00,0.95216,0.95216,0.95028,0.95051,0,0
2015-04-22,17:00:00,0.95046,0.95138,0.9497,0.95095,0,0
2015-04-22,18:00:00,0.95097,0.95271,0.95071,0.95183,0,0
2015-04-22,19:00:00,0.95189,0.9522,0.95039,0.95045,0,0
2015-04-22,20:00:00,0.95044,0.95166,0.95044,0.95101,0,0
2015-04-22,21:00:00,0.95102,0.95141,0.95046,0.95084,0,0
2015-04-22,22:00:00,0.95083,0.95093,0.94911,0.94935,0,0
2015-04-22,23:00:00,0.94945,0.94964,0.94841,0.94916,0,0
2015-04-22,23:59:00,0.94902,0.94968,0.94833,0.94893,0,0
2015-04-23,01:00:00,0.94892,0.94895,0.94806,0.94854,0,0
2015-04-23,02:00:00,0.94855,0.94935,0.94825,0.94859,0,0
2015-04-23,03:00:00,0.94846,0.94878,0.94676,0.94838,0,0
2015-04-23,04:00:00,0.94839,0.94927,0.94703,0.94808,0,0
2015-04-23,05:00:00,0.9481,0.94925,0.94714,0.94767,0,0
2015-04-23,06:00:00,0.94786,0.94884,0.94749,0.94871,0,0
2015-04-23,07:00:00,0.94884,0.95003,0.94867,0.94979,0,0
2015-04-23,08:00:00,0.94979,0.95001,0.94851,0.94855,0,0
2015-04-23,09:00:00,0.94855,0.94901,0.94743,0.94786,0,0
2015-04-23,10:00:00,0.9478,0.94838,0.94672,0.94697,0,0
2015-04-23,11:00:00,0.94697,0.94807,0.94691,0.94748,0,0
2015-04-23,12:00:00,0.94746,0.94772,0.94516,0.94538,0,0
2015-04-23,13:00:00,0.94538,0.94596,0.9444,0.94529,0,0
2015-04-23,14:00:00,0.94521,0.94598,0.94464,0.94551,0,0
2015-04-23,15:00:00,0.94549,0.94571,0.9442,0.94489,0,0
2015-04-23,16:00:00,0.94488,0.94577,0.94461,0.9451,0,0
2015-04-23,17:00:00,0.94512,0.94554,0.94382,0.94466,0,0
2015-04-23,18:00:00,0.94464,0.94559,0.94403,0.94527,0,0
2015-04-23,19:00:00,0.94526,0.94566,0.94375,0.94407,0,0
2015-04-23,20:00:00,0.94406,0.94562,0.94386,0.94495,0,0
2015-04-23,21:00:00,0.9449,0.9451,0.94399,0.94443,0,0
2015-04-23,22:00:00,0.94435,0.94519,0.9442,0.94506,0,0
2015-04-23,23:00:00,0.94502,0.94557,0.94438,0.94473,0,0
2015-04-23,23:59:00,0.94464,0.94539,0.94426,0.94536,0,0
2015-04-24,01:00:00,0.94541,0.94541,0.9445,0.94494,0,0
2015-04-24,02:00:00,0.9449,0.9451,0.94432,0.94454,0,0
2015-04-24,03:00:00,0.94462,0.94632,0.94441,0.94593,0,0
2015-04-24,04:00:00,0.94601,0.94629,0.9447,0.9447,0,0
2015-04-24,05:00:00,0.94466,0.9448,0.94379,0.94425,0,0
2015-04-24,06:00:00,0.94423,0.94497,0.94387,0.94445,0,0
2015-04-24,07:00:00,0.94442,0.94492,0.94422,0.94454,0,0
2015-04-24,08:00:00,0.94452,0.94556,0.9444,0.9449,0,0
2015-04-24,09:00:00,0.94483,0.94788,0.94464,0.9473,0,0
2015-04-24,10:00:00,0.94729,0.94758,0.94624,0.94708,0,0
2015-04-24,11:00:00,0.94712,0.94742,0.94434,0.94446,0,0
2015-04-24,12:00:00,0.94445,0.94516,0.94393,0.94474,0,0
2015-04-24,13:00:00,0.94488,0.94499,0.94359,0.94412,0,0
2015-04-24,14:00:00,0.94416,0.94472,0.94302,0.94405,0,0
2015-04-24,15:00:00,0.94404,0.94646,0.94403,0.94552,0,0
2015-04-24,16:00:00,0.94548,0.9499,0.9452,0.94852,0,0
2015-04-24,17:00:00,0.94849,0.95211,0.94839,0.95201,0,0
2015-04-24,18:00:00,0.95214,0.95348,0.95156,0.95198,0,0
2015-04-24,19:00:00,0.95205,0.95236,0.95112,0.95173,0,0
2015-04-24,20:00:00,0.95159,0.95212,0.95123,0.95192,0,0
2015-04-24,21:00:00,0.95191,0.95248,0.95116,0.95248,0,0
2015-04-24,22:00:00,0.9525,0.95283,0.95128,0.9523,0,0
2015-04-24,23:00:00,0.95226,0.95254,0.95223,0.95254,0,0
2015-04-27,01:00:00,0.95364,0.95384,0.95291,0.95321,0,0
2015-04-27,02:00:00,0.95321,0.95407,0.95298,0.95307,0,0
2015-04-27,03:00:00,0.95307,0.95352,0.95167,0.95188,0,0
2015-04-27,04:00:00,0.95175,0.95242,0.95136,0.95139,0,0
2015-04-27,05:00:00,0.95139,0.95212,0.95092,0.95109,0,0
2015-04-27,06:00:00,0.95104,0.95108,0.95011,0.95059,0,0
2015-04-27,07:00:00,0.9505,0.95101,0.95027,0.9508,0,0
2015-04-27,08:00:00,0.95081,0.95222,0.95054,0.95159,0,0
2015-04-27,09:00:00,0.9516,0.95206,0.94997,0.9503,0,0
2015-04-27,10:00:00,0.9503,0.95242,0.94945,0.95207,0,0
2015-04-27,11:00:00,0.95201,0.95232,0.95077,0.95096,0,0
2015-04-27,12:00:00,0.95096,0.95184,0.95025,0.95081,0,0
2015-04-27,13:00:00,0.95081,0.95093,0.94977,0.95016,0,0
2015-04-27,14:00:00,0.95021,0.95061,0.9496,0.94961,0,0
2015-04-27,15:00:00,0.94957,0.95063,0.94879,0.95042,0,0
2015-04-27,16:00:00,0.95044,0.95044,0.94759,0.94888,0,0
2015-04-27,17:00:00,0.94892,0.95169,0.9484,0.95125,0,0
2015-04-27,18:00:00,0.95124,0.95173,0.95068,0.95119,0,0
2015-04-27,19:00:00,0.95127,0.95201,0.95066,0.95101,0,0
2015-04-27,20:00:00,0.95108,0.95156,0.95085,0.95101,0,0
2015-04-27,21:00:00,0.95103,0.9512,0.94906,0.94914,0,0
2015-04-27,22:00:00,0.94924,0.95012,0.94924,0.95007,0,0
2015-04-27,23:00:00,0.95006,0.95007,0.94883,0.94983,0,0
2015-04-27,23:59:00,0.94978,0.95,0.9489,0.94898,0,0
2015-04-28,01:00:00,0.94903,0.95052,0.9478,0.94983,0,0
2015-04-28,02:00:00,0.9498,0.95177,0.94968,0.95126,0,0
2015-04-28,03:00:00,0.95133,0.95185,0.951,0.95117,0,0
2015-04-28,04:00:00,0.95123,0.95199,0.95084,0.95199,0,0
2015-04-28,05:00:00,0.95192,0.95236,0.95165,0.95233,0,0
2015-04-28,06:00:00,0.95233,0.95261,0.95159,0.9518,0,0
2015-04-28,07:00:00,0.95185,0.95284,0.95135,0.95264,0,0
2015-04-28,08:00:00,0.95266,0.95375,0.95253,0.95346,0,0
2015-04-28,09:00:00,0.95349,0.95428,0.95292,0.95351,0,0
2015-04-28,10:00:00,0.95351,0.95469,0.95296,0.95451,0,0
2015-04-28,11:00:00,0.95447,0.95575,0.95424,0.95545,0,0
2015-04-28,12:00:00,0.95545,0.95622,0.95497,0.95565,0,0
2015-04-28,13:00:00,0.95571,0.95784,0.95515,0.95777,0,0
2015-04-28,14:00:00,0.95779,0.96058,0.95736,0.95875,0,0
2015-04-28,15:00:00,0.95872,0.9604,0.95858,0.95969,0,0
2015-04-28,16:00:00,0.95961,0.96362,0.95948,0.96237,0,0
2015-04-28,17:00:00,0.96237,0.9637,0.96088,0.96281,0,0
2015-04-28,18:00:00,0.96263,0.9644,0.96215,0.96351,0,0
2015-04-28,19:00:00,0.96348,0.96389,0.96264,0.96304,0,0
2015-04-28,20:00:00,0.96295,0.96535,0.96266,0.96488,0,0
2015-04-28,21:00:00,0.96486,0.9649,0.96375,0.96417,0,0
2015-04-28,22:00:00,0.96423,0.96441,0.9627,0.96419,0,0
2015-04-28,23:00:00,0.96415,0.96562,0.96391,0.96527,0,0
2015-04-28,23:59:00,0.96552,0.96552,0.9639,0.96472,0,0
2015-04-29,01:00:00,0.96505,0.96538,0.9641,0.96469,0,0
2015-04-29,02:00:00,0.96467,0.96469,0.96237,0.9627,0,0
2015-04-29,03:00:00,0.96265,0.96472,0.96174,0.96436,0,0
2015-04-29,04:00:00,0.96436,0.96443,0.96215,0.96239,0,0
2015-04-29,05:00:00,0.96238,0.96265,0.9613,0.96164,0,0
2015-04-29,06:00:00,0.96162,0.96218,0.96098,0.96192,0,0
2015-04-29,07:00:00,0.96196,0.96209,0.9611,0.96143,0,0
2015-04-29,08:00:00,0.96148,0.96195,0.96109,0.96182,0,0
2015-04-29,09:00:00,0.96181,0.96257,0.961,0.96195,0,0
2015-04-29,10:00:00,0.96193,0.9621,0.96044,0.96078,0,0
2015-04-29,11:00:00,0.96081,0.96169,0.96012,0.96027,0,0
2015-04-29,12:00:00,0.96026,0.96245,0.96022,0.9624,0,0
2015-04-29,13:00:00,0.96234,0.96347,0.96224,0.96296,0,0
2015-04-29,14:00:00,0.96296,0.9646,0.96287,0.96372,0,0
2015-04-29,15:00:00,0.96371,0.96541,0.96231,0.96295,0,0
2015-04-29,16:00:00,0.96301,0.96416,0.96247,0.96343,0,0
2015-04-29,17:00:00,0.96339,0.96605,0.96335,0.96405,0,0
2015-04-29,18:00:00,0.96403,0.96515,0.9629,0.96419,0,0
2015-04-29,19:00:00,0.96419,0.96497,0.96351,0.96478,0,0
2015-04-29,20:00:00,0.96467,0.96765,0.96454,0.96703,0,0
2015-04-29,21:00:00,0.96752,0.96752,0.9638,0.96532,0,0
2015-04-29,22:00:00,0.96544,0.96544,0.96374,0.96422,0,0
2015-04-29,23:00:00,0.96418,0.96482,0.96226,0.9624,0,0
2015-04-29,23:59:00,0.96252,0.96265,0.95896,0.96072,0,0
2015-04-30,01:00:00,0.96083,0.96167,0.96057,0.96102,0,0
2015-04-30,02:00:00,0.961,0.96156,0.96088,0.96114,0,0
2015-04-30,03:00:00,0.96107,0.96312,0.96091,0.96305,0,0
2015-04-30,04:00:00,0.96304,0.96357,0.96114,0.96137,0,0
2015-04-30,05:00:00,0.96127,0.96233,0.96059,0.96202,0,0
2015-04-30,06:00:00,0.96206,0.96243,0.96157,0.96203,0,0
2015-04-30,07:00:00,0.96203,0.96264,0.9603,0.96166,0,0
2015-04-30,08:00:00,0.96166,0.96172,0.95962,0.9604,0,0
2015-04-30,09:00:00,0.95947,0.9604,0.95834,0.95914,0,0
2015-04-30,10:00:00,0.95909,0.95969,0.95512,0.95517,0,0
2015-04-30,11:00:00,0.95508,0.95662,0.9538,0.95501,0,0
2015-04-30,12:00:00,0.95487,0.95576,0.95437,0.95566,0,0
2015-04-30,13:00:00,0.95555,0.95607,0.95254,0.95338,0,0
2015-04-30,14:00:00,0.95328,0.95362,0.95218,0.95302,0,0
2015-04-30,15:00:00,0.95298,0.95341,0.9494,0.95129,0,0
2015-04-30,16:00:00,0.95124,0.95259,0.94939,0.95103,0,0
2015-04-30,17:00:00,0.95091,0.95564,0.95071,0.95524,0,0
2015-04-30,18:00:00,0.95527,0.95672,0.95305,0.95322,0,0
2015-04-30,19:00:00,0.9532,0.95543,0.95297,0.95474,0,0
2015-04-30,20:00:00,0.95488,0.95592,0.95419,0.95531,0,0
2015-04-30,21:00:00,0.9553,0.95683,0.95505,0.95683,0,0
2015-04-30,22:00:00,0.95701,0.95774,0.95414,0.95466,0,0
2015-04-30,23:00:00,0.95483,0.95521,0.95364,0.95459,0,0
2015-04-30,23:59:00,0.95471,0.95568,0.95355,0.95368,0,0
2015-05-01,01:00:00,0.95373,0.95453,0.95315,0.95417,0,0
2015-05-01,02:00:00,0.95419,0.95473,0.95395,0.95395,0,0
2015-05-01,03:00:00,0.95393,0.95433,0.95338,0.9536,0,0
2015-05-01,04:00:00,0.95397,0.95482,0.95324,0.95381,0,0
2015-05-01,05:00:00,0.95381,0.95431,0.95274,0.95415,0,0
2015-05-01,06:00:00,0.95415,0.95478,0.95364,0.95436,0,0
2015-05-01,07:00:00,0.95433,0.95439,0.95344,0.95356,0,0
2015-05-01,08:00:00,0.95356,0.95524,0.9532,0.95488,0,0
2015-05-01,09:00:00,0.9549,0.95513,0.95156,0.95161,0,0
2015-05-01,10:00:00,0.95158,0.95297,0.95086,0.95295,0,0
2015-05-01,11:00:00,0.953,0.95483,0.95295,0.95444,0,0
2015-05-01,12:00:00,0.95422,0.95451,0.95221,0.95223,0,0
2015-05-01,13:00:00,0.95225,0.95437,0.95193,0.95437,0,0
2015-05-01,14:00:00,0.95436,0.95474,0.95289,0.95353,0,0
2015-05-01,15:00:00,0.95356,0.95436,0.95145,0.95299,0,0
2015-05-01,16:00:00,0.95299,0.95583,0.95243,0.95469,0,0
2015-05-01,17:00:00,0.95458,0.95595,0.95113,0.95298,0,0
2015-05-01,18:00:00,0.95296,0.95304,0.95081,0.95253,0,0
2015-05-01,19:00:00,0.9525,0.95282,0.95111,0.95235,0,0
2015-05-01,20:00:00,0.95237,0.95357,0.95197,0.95227,0,0
2015-05-01,21:00:00,0.95229,0.95282,0.95178,0.95212,0,0
2015-05-01,22:00:00,0.95235,0.95401,0.95225,0.9529,0,0
2015-05-01,23:00:00,0.95292,0.95319,0.95285,0.95311,0,0
2015-05-04,01:00:00,0.95286,0.95382,0.95232,0.95249,0,0
2015-05-04,02:00:00,0.95255,0.95305,0.95199,0.95201,0,0
2015-05-04,03:00:00,0.95209,0.9522,0.95061,0.95079,0,0
2015-05-04,04:00:00,0.95079,0.95372,0.95016,0.95178,0,0
2015-05-04,05:00:00,0.95178,0.95338,0.95093,0.95268,0,0
2015-05-04,06:00:00,0.95267,0.95352,0.95231,0.95345,0,0
2015-05-04,07:00:00,0.95345,0.95366,0.952,0.95211,0,0
2015-05-04,08:00:00,0.95211,0.95322,0.95181,0.95295,0,0
2015-05-04,09:00:00,0.95298,0.95329,0.9513,0.95247,0,0
2015-05-04,10:00:00,0.95239,0.95285,0.95118,0.95147,0,0
2015-05-04,11:00:00,0.95141,0.9526,0.95108,0.9511,0,0
2015-05-04,12:00:00,0.95111,0.95159,0.94922,0.95025,0,0
2015-05-04,13:00:00,0.95034,0.95045,0.9491,0.94917,0,0
2015-05-04,14:00:00,0.94916,0.94994,0.94776,0.94992,0,0
2015-05-04,15:00:00,0.94993,0.95077,0.94782,0.94828,0,0
2015-05-04,16:00:00,0.94824,0.9496,0.94824,0.9496,0,0
2015-05-04,17:00:00,0.94956,0.95065,0.94896,0.95017,0,0
2015-05-04,18:00:00,0.95018,0.95063,0.9488,0.94906,0,0
2015-05-04,19:00:00,0.94909,0.95043,0.94894,0.95038,0,0
2015-05-04,20:00:00,0.95037,0.95074,0.95002,0.95006,0,0
2015-05-04,21:00:00,0.95006,0.95054,0.94912,0.94938,0,0
2015-05-04,22:00:00,0.94946,0.94965,0.94827,0.94879,0,0
2015-05-04,23:00:00,0.94878,0.94895,0.94704,0.94799,0,0
2015-05-04,23:59:00,0.94793,0.94827,0.9472,0.94734,0,0
2015-05-05,01:00:00,0.94729,0.94854,0.94729,0.94823,0,0
2015-05-05,02:00:00,0.94824,0.94865,0.94795,0.94797,0,0
2015-05-05,03:00:00,0.94793,0.94941,0.94789,0.94868,0,0
2015-05-05,04:00:00,0.94867,0.94972,0.94789,0.94943,0,0
2015-05-05,05:00:00,0.94945,0.95091,0.94945,0.95073,0,0
2015-05-05,06:00:00,0.95072,0.95168,0.9502,0.95136,0,0
2015-05-05,07:00:00,0.95136,0.95784,0.94487,0.95736,0,0
2015-05-05,08:00:00,0.95708,0.95897,0.95628,0.95656,0,0
2015-05-05,09:00:00,0.95654,0.95796,0.95357,0.95416,0,0
2015-05-05,10:00:00,0.95409,0.95568,0.9533,0.95386,0,0
2015-05-05,11:00:00,0.95385,0.95526,0.95352,0.954,0,0
2015-05-05,12:00:00,0.95402,0.95408,0.95236,0.95249,0,0
2015-05-05,13:00:00,0.95249,0.9527,0.9512,0.95191,0,0
2015-05-05,14:00:00,0.95191,0.95368,0.95163,0.95221,0,0
2015-05-05,15:00:00,0.95222,0.95569,0.95077,0.95324,0,0
2015-05-05,16:00:00,0.95319,0.95349,0.95108,0.95232,0,0
2015-05-05,17:00:00,0.95222,0.95452,0.95087,0.95313,0,0
2015-05-05,18:00:00,0.95311,0.95706,0.95273,0.95588,0,0
2015-05-05,19:00:00,0.95588,0.95722,0.95561,0.95669,0,0
2015-05-05,20:00:00,0.95659,0.95822,0.95656,0.95763,0,0
2015-05-05,21:00:00,0.95763,0.959,0.95737,0.95859,0,0
2015-05-05,22:00:00,0.95869,0.95885,0.95831,0.95868,0,0
2015-05-05,23:00:00,0.95885,0.95912,0.95805,0.95848,0,0
2015-05-05,23:59:00,0.95859,0.95911,0.95774,0.95856,0,0
2015-05-06,01:00:00,0.95856,0.95869,0.95704,0.95804,0,0
2015-05-06,02:00:00,0.95805,0.95805,0.95687,0.9575,0,0
2015-05-06,03:00:00,0.95751,0.95956,0.95751,0.95918,0,0
2015-05-06,04:00:00,0.95918,0.96017,0.95797,0.95873,0,0
2015-05-06,05:00:00,0.95874,0.96014,0.95838,0.95955,0,0
2015-05-06,06:00:00,0.95964,0.96005,0.95862,0.95919,0,0
2015-05-06,07:00:00,0.95924,0.95934,0.95828,0.95902,0,0
2015-05-06,08:00:00,0.95902,0.95928,0.95788,0.95815,0,0
2015-05-06,09:00:00,0.95815,0.96016,0.95793,0.95987,0,0
2015-05-06,10:00:00,0.95987,0.96118,0.95921,0.96036,0,0
2015-05-06,11:00:00,0.9604,0.96105,0.95926,0.95963,0,0
2015-05-06,12:00:00,0.9596,0.96033,0.95789,0.95947,0,0
2015-05-06,13:00:00,0.95946,0.96149,0.95892,0.96089,0,0
2015-05-06,14:00:00,0.96088,0.96241,0.96068,0.96107,0,0
2015-05-06,15:00:00,0.96109,0.96244,0.96056,0.96183,0,0
2015-05-06,16:00:00,0.9619,0.96234,0.96068,0.96091,0,0
2015-05-06,17:00:00,0.96109,0.96109,0.95858,0.95944,0,0
2015-05-06,18:00:00,0.95957,0.96128,0.95919,0.96125,0,0
2015-05-06,19:00:00,0.96115,0.96248,0.95951,0.95951,0,0
2015-05-06,20:00:00,0.95943,0.96072,0.95855,0.96023,0,0
2015-05-06,21:00:00,0.96024,0.9608,0.95951,0.95951,0,0
2015-05-06,22:00:00,0.95959,0.96029,0.95919,0.96027,0,0
2015-05-06,23:00:00,0.96031,0.96036,0.95876,0.95992,0,0
2015-05-06,23:59:00,0.96002,0.96079,0.95951,0.95986,0,0
2015-05-07,01:00:00,0.9599,0.96038,0.95931,0.95946,0,0
2015-05-07,02:00:00,0.95946,0.95946,0.95771,0.95781,0,0
2015-05-07,03:00:00,0.9578,0.9595,0.95734,0.95945,0,0
2015-05-07,04:00:00,0.95949,0.96062,0.95561,0.9601,0,0
2015-05-07,05:00:00,0.96012,0.9628,0.95957,0.9621,0,0
2015-05-07,06:00:00,0.96216,0.96383,0.96141,0.96141,0,0
2015-05-07,07:00:00,0.9614,0.96204,0.96076,0.96095,0,0
2015-05-07,08:00:00,0.96097,0.96229,0.96049,0.96152,0,0
2015-05-07,09:00:00,0.9615,0.96252,0.96025,0.96058,0,0
2015-05-07,10:00:00,0.96053,0.96176,0.95864,0.95984,0,0
2015-05-07,11:00:00,0.95985,0.95995,0.95822,0.95927,0,0
2015-05-07,12:00:00,0.95912,0.96079,0.95893,0.95956,0,0
2015-05-07,13:00:00,0.95959,0.96092,0.95871,0.96079,0,0
2015-05-07,14:00:00,0.96081,0.96202,0.95984,0.9609,0,0
2015-05-07,15:00:00,0.96088,0.9622,0.96016,0.96112,0,0
2015-05-07,16:00:00,0.96112,0.9631,0.96101,0.96178,0,0
2015-05-07,17:00:00,0.96174,0.96268,0.9613,0.96166,0,0
2015-05-07,18:00:00,0.96178,0.96197,0.96051,0.96062,0,0
2015-05-07,19:00:00,0.96057,0.96141,0.96018,0.96068,0,0
2015-05-07,20:00:00,0.96067,0.96127,0.95955,0.96003,0,0
2015-05-07,21:00:00,0.96003,0.96033,0.95886,0.95909,0,0
2015-05-07,22:00:00,0.95911,0.95911,0.95772,0.95796,0,0
2015-05-07,23:00:00,0.95786,0.95924,0.95748,0.95921,0,0
2015-05-07,23:59:00,0.95933,0.96009,0.95689,0.95828,0,0
2015-05-08,01:00:00,0.95822,0.95837,0.95709,0.95751,0,0
2015-05-08,02:00:00,0.95749,0.95777,0.95644,0.95644,0,0
2015-05-08,03:00:00,0.95638,0.95657,0.95529,0.9561,0,0
2015-05-08,04:00:00,0.95606,0.95944,0.95302,0.9553,0,0
2015-05-08,05:00:00,0.95525,0.95525,0.95236,0.95463,0,0
2015-05-08,06:00:00,0.95463,0.95507,0.95379,0.95507,0,0
2015-05-08,07:00:00,0.95507,0.9579,0.95464,0.95778,0,0
2015-05-08,08:00:00,0.95778,0.9582,0.9562,0.95751,0,0
2015-05-08,09:00:00,0.95721,0.95812,0.95664,0.95765,0,0
2015-05-08,10:00:00,0.95775,0.95935,0.95773,0.95866,0,0
2015-05-08,11:00:00,0.95863,0.95914,0.95667,0.95679,0,0
2015-05-08,12:00:00,0.95676,0.95844,0.95674,0.95841,0,0
2015-05-08,13:00:00,0.95835,0.95983,0.95774,0.95802,0,0
2015-05-08,14:00:00,0.95791,0.9581,0.95718,0.95799,0,0
2015-05-08,15:00:00,0.95797,0.96011,0.95479,0.95993,0,0
2015-05-08,16:00:00,0.95981,0.96232,0.95889,0.9608,0,0
2015-05-08,17:00:00,0.96079,0.96129,0.95729,0.95878,0,0
2015-05-08,18:00:00,0.95881,0.95942,0.95558,0.95632,0,0
2015-05-08,19:00:00,0.95639,0.95809,0.95554,0.95806,0,0
2015-05-08,20:00:00,0.95813,0.95823,0.95668,0.95725,0,0
2015-05-08,21:00:00,0.95728,0.95807,0.95664,0.95763,0,0
2015-05-08,22:00:00,0.95763,0.95913,0.9573,0.95866,0,0
2015-05-08,23:00:00,0.95848,0.95848,0.95848,0.95848,0,0
2015-05-11,01:00:00,0.95841,0.95873,0.95709,0.95809,0,0
2015-05-11,02:00:00,0.95809,0.95864,0.95691,0.95813,0,0
2015-05-11,03:00:00,0.95812,0.95879,0.95742,0.95742,0,0
2015-05-11,04:00:00,0.95755,0.95757,0.95536,0.95596,0,0
2015-05-11,05:00:00,0.95593,0.95726,0.95577,0.9565,0,0
2015-05-11,06:00:00,0.95651,0.95652,0.95543,0.95608,0,0
2015-05-11,07:00:00,0.95612,0.95705,0.95604,0.95682,0,0
2015-05-11,08:00:00,0.95682,0.95707,0.95626,0.95661,0,0
2015-05-11,09:00:00,0.95657,0.95858,0.95655,0.9585,0,0
2015-05-11,10:00:00,0.95847,0.95896,0.95695,0.95717,0,0
2015-05-11,11:00:00,0.95719,0.95895,0.9567,0.95893,0,0
2015-05-11,12:00:00,0.95888,0.95967,0.95754,0.95797,0,0
2015-05-11,13:00:00,0.95792,0.9588,0.95767,0.95794,0,0
2015-05-11,14:00:00,0.95786,0.95801,0.95679,0.95698,0,0
2015-05-11,15:00:00,0.95696,0.95708,0.95542,0.95661,0,0
2015-05-11,16:00:00,0.95664,0.9574,0.95467,0.95499,0,0
2015-05-11,17:00:00,0.95505,0.95652,0.95438,0.95652,0,0
2015-05-11,18:00:00,0.95674,0.95697,0.95584,0.95615,0,0
2015-05-11,19:00:00,0.95621,0.95625,0.9545,0.95622,0,0
2015-05-11,20:00:00,0.95626,0.95697,0.95559,0.95609,0,0
2015-05-11,21:00:00,0.95608,0.95647,0.95565,0.95594,0,0
2015-05-11,22:00:00,0.95595,0.9563,0.95548,0.95582,0,0
2015-05-11,23:00:00,0.95582,0.95596,0.95443,0.95478,0,0
2015-05-11,23:59:00,0.95504,0.95532,0.95442,0.95507,0,0
2015-05-12,01:00:00,0.95498,0.95501,0.95421,0.95423,0,0
2015-05-12,02:00:00,0.95422,0.95591,0.95422,0.95524,0,0
2015-05-12,03:00:00,0.95522,0.9561,0.95476,0.95518,0,0
2015-05-12,04:00:00,0.95518,0.95711,0.95482,0.95702,0,0
2015-05-12,05:00:00,0.95688,0.95783,0.95667,0.95682,0,0
2015-05-12,06:00:00,0.95682,0.95726,0.95629,0.95675,0,0
2015-05-12,07:00:00,0.95682,0.95857,0.95674,0.95824,0,0
2015-05-12,08:00:00,0.95828,0.95943,0.95828,0.95864,0,0
2015-05-12,09:00:00,0.95865,0.96024,0.95824,0.95954,0,0
2015-05-12,10:00:00,0.95946,0.95993,0.95828,0.95835,0,0
2015-05-12,11:00:00,0.95832,0.95971,0.95805,0.95945,0,0
2015-05-12,12:00:00,0.95959,0.96106,0.95858,0.9603,0,0
2015-05-12,13:00:00,0.96028,0.96168,0.96002,0.96002,0,0
2015-05-12,14:00:00,0.9601,0.9619,0.95937,0.9615,0,0
2015-05-12,15:00:00,0.96144,0.96198,0.95832,0.95836,0,0
2015-05-12,16:00:00,0.95845,0.95948,0.95813,0.95853,0,0
2015-05-12,17:00:00,0.95844,0.95895,0.95683,0.95698,0,0
2015-05-12,18:00:00,0.95718,0.95852,0.95678,0.95772,0,0
2015-05-12,19:00:00,0.95767,0.95783,0.95639,0.95639,0,0
2015-05-12,20:00:00,0.95639,0.95815,0.95619,0.95781,0,0
2015-05-12,21:00:00,0.95781,0.95945,0.9578,0.95877,0,0
2015-05-12,22:00:00,0.95883,0.95979,0.95849,0.95941,0,0
2015-05-12,23:00:00,0.95951,0.95951,0.95783,0.95866,0,0
2015-05-12,23:59:00,0.95872,0.9604,0.95562,0.95871,0,0
2015-05-13,01:00:00,0.9587,0.95876,0.95786,0.9585,0,0
2015-05-13,02:00:00,0.95843,0.95964,0.95803,0.95926,0,0
2015-05-13,03:00:00,0.95928,0.96109,0.95888,0.95971,0,0
2015-05-13,04:00:00,0.95961,0.9604,0.9585,0.95947,0,0
2015-05-13,05:00:00,0.95939,0.96008,0.95738,0.95889,0,0
2015-05-13,06:00:00,0.95889,0.95968,0.9584,0.95878,0,0
2015-05-13,07:00:00,0.95878,0.95939,0.9582,0.95882,0,0
2015-05-13,08:00:00,0.95884,0.95965,0.95763,0.958,0,0
2015-05-13,09:00:00,0.95795,0.95937,0.95757,0.95856,0,0
2015-05-13,10:00:00,0.95857,0.95949,0.95811,0.95903,0,0
2015-05-13,11:00:00,0.95912,0.95935,0.95767,0.95884,0,0
2015-05-13,12:00:00,0.95883,0.96136,0.9583,0.96044,0,0
2015-05-13,13:00:00,0.96045,0.96302,0.96037,0.96299,0,0
2015-05-13,14:00:00,0.96299,0.96385,0.96263,0.96368,0,0
2015-05-13,15:00:00,0.96365,0.96656,0.96285,0.96638,0,0
2015-05-13,16:00:00,0.96643,0.96953,0.96643,0.96873,0,0
2015-05-13,17:00:00,0.9688,0.97009,0.96746,0.97001,0,0
2015-05-13,18:00:00,0.97001,0.9707,0.96861,0.97002,0,0
2015-05-13,19:00:00,0.97002,0.97031,0.96811,0.96849,0,0
2015-05-13,20:00:00,0.9684,0.96902,0.96804,0.96857,0,0
2015-05-13,21:00:00,0.96856,0.97008,0.96819,0.97008,0,0
2015-05-13,22:00:00,0.97007,0.97008,0.9694,0.96969,0,0
2015-05-13,23:00:00,0.96972,0.97071,0.96932,0.97014,0,0
2015-05-13,23:59:00,0.97003,0.97003,0.96901,0.96923,0,0
2015-05-14,01:00:00,0.96914,0.97107,0.96914,0.97071,0,0
2015-05-14,02:00:00,0.97065,0.97159,0.96978,0.96982,0,0
2015-05-14,03:00:00,0.96979,0.97179,0.96967,0.97125,0,0
2015-05-14,04:00:00,0.97128,0.97463,0.97128,0.97351,0,0
2015-05-14,05:00:00,0.97364,0.97364,0.97035,0.97067,0,0
2015-05-14,06:00:00,0.97078,0.97088,0.96964,0.96971,0,0
2015-05-14,07:00:00,0.96976,0.97081,0.9693,0.9695,0,0
2015-05-14,08:00:00,0.96949,0.97021,0.96887,0.96892,0,0
2015-05-14,09:00:00,0.96894,0.97024,0.96719,0.96972,0,0
2015-05-14,10:00:00,0.96972,0.97012,0.96454,0.96582,0,0
2015-05-14,11:00:00,0.96569,0.96643,0.96466,0.96556,0,0
2015-05-14,12:00:00,0.96555,0.96706,0.96515,0.96689,0,0
2015-05-14,13:00:00,0.96705,0.96786,0.96619,0.96738,0,0
2015-05-14,14:00:00,0.96736,0.96805,0.96698,0.96803,0,0
2015-05-14,15:00:00,0.968,0.97019,0.96796,0.96887,0,0
2015-05-14,16:00:00,0.96885,0.97042,0.96855,0.97024,0,0
2015-05-14,17:00:00,0.97027,0.9705,0.9663,0.96698,0,0
2015-05-14,18:00:00,0.967,0.96931,0.96609,0.9692,0,0
2015-05-14,19:00:00,0.96916,0.97109,0.96875,0.97106,0,0
2015-05-14,20:00:00,0.97106,0.9711,0.96895,0.96929,0,0
2015-05-14,21:00:00,0.96931,0.96931,0.96698,0.96809,0,0
2015-05-14,22:00:00,0.96801,0.96984,0.96773,0.96946,0,0
2015-05-14,23:00:00,0.96942,0.96943,0.96821,0.96832,0,0
2015-05-14,23:59:00,0.96829,0.96957,0.96791,0.9688,0,0
2015-05-15,01:00:00,0.9687,0.96901,0.9682,0.96827,0,0
2015-05-15,02:00:00,0.96826,0.9693,0.96806,0.96885,0,0
2015-05-15,03:00:00,0.96882,0.9693,0.96501,0.96559,0,0
2015-05-15,04:00:00,0.9656,0.96745,0.96536,0.9674,0,0
2015-05-15,05:00:00,0.96741,0.96796,0.96649,0.96679,0,0
2015-05-15,06:00:00,0.96666,0.96777,0.96666,0.96739,0,0
2015-05-15,07:00:00,0.96738,0.9674,0.96607,0.96635,0,0
2015-05-15,08:00:00,0.96636,0.96642,0.9649,0.96508,0,0
2015-05-15,09:00:00,0.96504,0.96679,0.96495,0.96557,0,0
2015-05-15,10:00:00,0.96553,0.96565,0.96312,0.96462,0,0
2015-05-15,11:00:00,0.96462,0.96557,0.96315,0.96315,0,0
2015-05-15,12:00:00,0.96315,0.96369,0.96267,0.96329,0,0
2015-05-15,13:00:00,0.96317,0.96368,0.96264,0.96321,0,0
2015-05-15,14:00:00,0.96322,0.96413,0.9628,0.96319,0,0
2015-05-15,15:00:00,0.96319,0.96434,0.96281,0.96386,0,0
2015-05-15,16:00:00,0.96374,0.96645,0.96374,0.96535,0,0
2015-05-15,17:00:00,0.96521,0.96717,0.96518,0.96717,0,0
2015-05-15,18:00:00,0.96711,0.96853,0.96687,0.9671,0,0
2015-05-15,19:00:00,0.96712,0.96728,0.9663,0.96716,0,0
2015-05-15,20:00:00,0.96719,0.96826,0.96685,0.96699,0,0
2015-05-15,21:00:00,0.96694,0.96745,0.96637,0.96645,0,0
2015-05-15,22:00:00,0.96641,0.96678,0.9655,0.96651,0,0
2015-05-15,23:00:00,0.96654,0.96667,0.96654,0.96666,0,0
2015-05-18,01:00:00,0.96625,0.96678,0.96567,0.96612,0,0
2015-05-18,02:00:00,0.96614,0.96729,0.96527,0.96646,0,0
2015-05-18,03:00:00,0.96646,0.96668,0.96327,0.96379,0,0
2015-05-18,04:00:00,0.96379,0.9651,0.96373,0.96464,0,0
2015-05-18,05:00:00,0.96466,0.96614,0.96434,0.96556,0,0
2015-05-18,06:00:00,0.96556,0.96593,0.96513,0.96536,0,0
2015-05-18,07:00:00,0.96536,0.96565,0.96489,0.96515,0,0
2015-05-18,08:00:00,0.96515,0.96517,0.9635,0.96383,0,0
2015-05-18,09:00:00,0.96375,0.96536,0.96375,0.964,0,0
2015-05-18,10:00:00,0.96415,0.96415,0.9624,0.96311,0,0
2015-05-18,11:00:00,0.9632,0.9652,0.9631,0.96491,0,0
2015-05-18,12:00:00,0.96491,0.96525,0.9638,0.96418,0,0
2015-05-18,13:00:00,0.96442,0.96497,0.96366,0.96464,0,0
2015-05-18,14:00:00,0.96464,0.96519,0.96448,0.965,0,0
2015-05-18,15:00:00,0.965,0.96619,0.96475,0.96591,0,0
2015-05-18,16:00:00,0.96598,0.96932,0.96598,0.96858,0,0
2015-05-18,17:00:00,0.96852,0.9716,0.96852,0.97147,0,0
2015-05-18,18:00:00,0.97142,0.97325,0.9713,0.97214,0,0
2015-05-18,19:00:00,0.97215,0.97225,0.97117,0.97117,0,0
2015-05-18,20:00:00,0.97122,0.97213,0.97001,0.9703,0,0
2015-05-18,21:00:00,0.97032,0.971,0.96985,0.97078,0,0
2015-05-18,22:00:00,0.97108,0.97177,0.9707,0.97136,0,0
2015-05-18,23:00:00,0.97129,0.97177,0.97104,0.9716,0,0
2015-05-18,23:59:00,0.97171,0.97207,0.97108,0.97162,0,0
2015-05-19,01:00:00,0.97162,0.97175,0.971,0.97131,0,0
2015-05-19,02:00:00,0.97131,0.9719,0.9709,0.97092,0,0
2015-05-19,03:00:00,0.97093,0.97185,0.97063,0.97152,0,0
2015-05-19,04:00:00,0.97149,0.9721,0.96841,0.96923,0,0
2015-05-19,05:00:00,0.96927,0.97001,0.96852,0.96968,0,0
2015-05-19,06:00:00,0.96968,0.97142,0.9696,0.97073,0,0
2015-05-19,07:00:00,0.97049,0.97067,0.96944,0.9698,0,0
2015-05-19,08:00:00,0.96978,0.97167,0.96966,0.97069,0,0
2015-05-19,09:00:00,0.97077,0.97192,0.97034,0.9712,0,0
2015-05-19,10:00:00,0.97127,0.97137,0.96922,0.97085,0,0
2015-05-19,11:00:00,0.9707,0.97226,0.97021,0.97107,0,0
2015-05-19,12:00:00,0.97114,0.97237,0.97102,0.97131,0,0
2015-05-19,13:00:00,0.97134,0.97204,0.97031,0.97056,0,0
2015-05-19,14:00:00,0.97056,0.97118,0.96985,0.97088,0,0
2015-05-19,15:00:00,0.97098,0.97136,0.96698,0.96893,0,0
2015-05-19,16:00:00,0.96896,0.97146,0.96853,0.9714,0,0
2015-05-19,17:00:00,0.97151,0.97204,0.96814,0.96849,0,0
2015-05-19,18:00:00,0.96854,0.96914,0.96664,0.96694,0,0
2015-05-19,19:00:00,0.96698,0.96777,0.96647,0.96721,0,0
2015-05-19,20:00:00,0.96739,0.9687,0.96728,0.96791,0,0
2015-05-19,21:00:00,0.96783,0.96835,0.96722,0.96746,0,0
2015-05-19,22:00:00,0.96749,0.96832,0.96709,0.96818,0,0
2015-05-19,23:00:00,0.96814,0.96836,0.96767,0.96808,0,0
2015-05-19,23:59:00,0.96804,0.96863,0.96792,0.96856,0,0
2015-05-20,01:00:00,0.96853,0.96861,0.96788,0.96848,0,0
2015-05-20,02:00:00,0.96849,0.96895,0.96808,0.96885,0,0
2015-05-20,03:00:00,0.96885,0.96915,0.96713,0.96817,0,0
2015-05-20,04:00:00,0.96817,0.9694,0.96765,0.96885,0,0
2015-05-20,05:00:00,0.96884,0.96968,0.96859,0.96887,0,0
2015-05-20,06:00:00,0.96889,0.96927,0.96831,0.9685,0,0
2015-05-20,07:00:00,0.9685,0.96901,0.96784,0.96834,0,0
2015-05-20,08:00:00,0.96839,0.96937,0.96798,0.96823,0,0
2015-05-20,09:00:00,0.96828,0.96878,0.96579,0.96615,0,0
2015-05-20,10:00:00,0.96608,0.96666,0.96512,0.96528,0,0
2015-05-20,11:00:00,0.9653,0.96637,0.96485,0.96547,0,0
2015-05-20,12:00:00,0.96542,0.96683,0.96542,0.96647,0,0
2015-05-20,13:00:00,0.96647,0.96685,0.96486,0.96552,0,0
2015-05-20,14:00:00,0.96539,0.96539,0.96406,0.96455,0,0
2015-05-20,15:00:00,0.96457,0.96607,0.96433,0.96489,0,0
2015-05-20,16:00:00,0.9649,0.96493,0.96384,0.96425,0,0
2015-05-20,17:00:00,0.96419,0.96458,0.96242,0.963,0,0
2015-05-20,18:00:00,0.96309,0.96346,0.96181,0.96181,0,0
2015-05-20,19:00:00,0.96185,0.96299,0.96184,0.9623,0,0
2015-05-20,20:00:00,0.96224,0.96256,0.96022,0.96041,0,0
2015-05-20,21:00:00,0.96041,0.96367,0.96036,0.96312,0,0
2015-05-20,22:00:00,0.96307,0.96372,0.9615,0.96171,0,0
2015-05-20,23:00:00,0.96168,0.96186,0.96073,0.96138,0,0
2015-05-20,23:59:00,0.96124,0.96151,0.96028,0.96111,0,0
2015-05-21,01:00:00,0.96111,0.96122,0.9603,0.96093,0,0
2015-05-21,02:00:00,0.96089,0.96201,0.96051,0.9617,0,0
2015-05-21,03:00:00,0.9617,0.96241,0.96116,0.96202,0,0
2015-05-21,04:00:00,0.96205,0.96272,0.96104,0.96121,0,0
2015-05-21,05:00:00,0.96123,0.96351,0.96123,0.96285,0,0
2015-05-21,06:00:00,0.96285,0.96322,0.96219,0.96243,0,0
2015-05-21,07:00:00,0.96243,0.96394,0.96243,0.96385,0,0
2015-05-21,08:00:00,0.96384,0.96427,0.96331,0.96376,0,0
2015-05-21,09:00:00,0.96369,0.96369,0.9615,0.96269,0,0
2015-05-21,10:00:00,0.96269,0.96288,0.96195,0.96215,0,0
2015-05-21,11:00:00,0.96214,0.96334,0.962,0.96278,0,0
2015-05-21,12:00:00,0.96288,0.96315,0.96202,0.96218,0,0
2015-05-21,13:00:00,0.96214,0.96313,0.96191,0.96301,0,0
2015-05-21,14:00:00,0.96301,0.96344,0.96248,0.96322,0,0
2015-05-21,15:00:00,0.96323,0.9644,0.96262,0.9628,0,0
2015-05-21,16:00:00,0.96275,0.96406,0.96217,0.9636,0,0
2015-05-21,17:00:00,0.96363,0.96486,0.96181,0.96215,0,0
2015-05-21,18:00:00,0.96215,0.96264,0.96155,0.96243,0,0
2015-05-21,19:00:00,0.96241,0.96289,0.96182,0.96203,0,0
2015-05-21,20:00:00,0.9621,0.96293,0.96191,0.96262,0,0
2015-05-21,21:00:00,0.9626,0.96337,0.96226,0.96334,0,0
2015-05-21,22:00:00,0.96334,0.96364,0.96279,0.96332,0,0
2015-05-21,23:00:00,0.96333,0.96336,0.96254,0.96307,0,0
2015-05-21,23:59:00,0.96312,0.96349,0.96251,0.96317,0,0
2015-05-22,01:00:00,0.96317,0.96354,0.96273,0.9635,0,0
2015-05-22,02:00:00,0.96351,0.96408,0.96307,0.96336,0,0
2015-05-22,03:00:00,0.96348,0.96443,0.96331,0.96442,0,0
2015-05-22,04:00:00,0.96443,0.96468,0.96393,0.96399,0,0
2015-05-22,05:00:00,0.96399,0.96445,0.96331,0.96443,0,0
2015-05-22,06:00:00,0.96434,0.96509,0.96384,0.96483,0,0
2015-05-22,07:00:00,0.96485,0.96556,0.9647,0.96478,0,0
2015-05-22,08:00:00,0.96476,0.9653,0.96476,0.96491,0,0
2015-05-22,09:00:00,0.96491,0.9661,0.96465,0.96572,0,0
2015-05-22,10:00:00,0.96576,0.96578,0.96323,0.9637,0,0
2015-05-22,11:00:00,0.9637,0.96431,0.96349,0.96393,0,0
2015-05-22,12:00:00,0.9639,0.96407,0.96292,0.96318,0,0
2015-05-22,13:00:00,0.96306,0.96349,0.96211,0.96273,0,0
2015-05-22,14:00:00,0.96271,0.96292,0.96191,0.96228,0,0
2015-05-22,15:00:00,0.9623,0.96262,0.95997,0.96075,0,0
2015-05-22,16:00:00,0.96081,0.96215,0.96018,0.9605,0,0
2015-05-22,17:00:00,0.96045,0.96209,0.96044,0.96121,0,0
2015-05-22,18:00:00,0.96122,0.96181,0.9605,0.96181,0,0
2015-05-22,19:00:00,0.96183,0.96345,0.96152,0.96303,0,0
2015-05-22,20:00:00,0.9627,0.96371,0.96134,0.96211,0,0
2015-05-22,21:00:00,0.96187,0.96247,0.96146,0.9618,0,0
2015-05-22,22:00:00,0.9619,0.96209,0.96128,0.9617,0,0
2015-05-22,23:00:00,0.96149,0.96172,0.96148,0.96172,0,0
2015-05-25,01:00:00,0.96095,0.96203,0.96082,0.96136,0,0
2015-05-25,02:00:00,0.96136,0.96155,0.96035,0.96051,0,0
2015-05-25,03:00:00,0.96051,0.96069,0.95994,0.96029,0,0
2015-05-25,04:00:00,0.96041,0.96111,0.96016,0.96068,0,0
2015-05-25,05:00:00,0.96064,0.96197,0.96063,0.96162,0,0
2015-05-25,06:00:00,0.96162,0.9623,0.9615,0.96178,0,0
2015-05-25,07:00:00,0.96179,0.9624,0.96148,0.96203,0,0
2015-05-25,08:00:00,0.96212,0.96226,0.96063,0.96129,0,0
2015-05-25,09:00:00,0.9613,0.96193,0.96099,0.96154,0,0
2015-05-25,10:00:00,0.96153,0.96264,0.96128,0.96232,0,0
2015-05-25,11:00:00,0.96233,0.96333,0.96193,0.9625,0,0
2015-05-25,12:00:00,0.96253,0.96276,0.96199,0.96262,0,0
2015-05-25,13:00:00,0.96262,0.96292,0.96189,0.96276,0,0
2015-05-25,14:00:00,0.96268,0.96302,0.96218,0.96226,0,0
2015-05-25,15:00:00,0.96226,0.96337,0.96224,0.96306,0,0
2015-05-25,16:00:00,0.96306,0.96345,0.96214,0.96269,0,0
2015-05-25,17:00:00,0.96276,0.96374,0.96264,0.96357,0,0
2015-05-25,18:00:00,0.96362,0.96369,0.9627,0.96324,0,0
2015-05-25,19:00:00,0.96323,0.96433,0.96321,0.96382,0,0
2015-05-25,20:00:00,0.96373,0.9642,0.96343,0.96374,0,0
2015-05-25,21:00:00,0.96366,0.96409,0.9633,0.96346,0,0
2015-05-25,22:00:00,0.96348,0.96362,0.9631,0.9634,0,0
2015-05-25,23:00:00,0.96339,0.96368,0.96304,0.96348,0,0
2015-05-25,23:59:00,0.96347,0.96381,0.96306,0.96319,0,0
2015-05-26,01:00:00,0.96323,0.96413,0.96316,0.96361,0,0
2015-05-26,02:00:00,0.96363,0.96415,0.96353,0.96371,0,0
2015-05-26,03:00:00,0.96365,0.96382,0.96291,0.96337,0,0
2015-05-26,04:00:00,0.96346,0.96413,0.96304,0.96409,0,0
2015-05-26,05:00:00,0.9641,0.9644,0.96374,0.96431,0,0
2015-05-26,06:00:00,0.96431,0.96453,0.96391,0.96419,0,0
2015-05-26,07:00:00,0.96419,0.96484,0.96404,0.96408,0,0
2015-05-26,08:00:00,0.96408,0.9642,0.96318,0.96375,0,0
2015-05-26,09:00:00,0.96373,0.96409,0.96192,0.96215,0,0
2015-05-26,10:00:00,0.96219,0.96229,0.95949,0.96103,0,0
2015-05-26,11:00:00,0.961,0.96228,0.96003,0.96195,0,0
2015-05-26,12:00:00,0.96189,0.96453,0.96185,0.96408,0,0
2015-05-26,13:00:00,0.96406,0.96524,0.96367,0.9651,0,0
2015-05-26,14:00:00,0.96502,0.96541,0.96411,0.9648,0,0
2015-05-26,15:00:00,0.96482,0.96498,0.96202,0.96216,0,0
2015-05-26,16:00:00,0.96213,0.96446,0.96209,0.96299,0,0
2015-05-26,17:00:00,0.96313,0.96365,0.96166,0.96169,0,0
2015-05-26,18:00:00,0.96164,0.96224,0.96095,0.96166,0,0
2015-05-26,19:00:00,0.96166,0.9629,0.96096,0.96261,0,0
2015-05-26,20:00:00,0.96261,0.96312,0.96177,0.96189,0,0
2015-05-26,21:00:00,0.96196,0.96202,0.96076,0.96102,0,0
2015-05-26,22:00:00,0.96103,0.96173,0.96055,0.96101,0,0
2015-05-26,23:00:00,0.96096,0.96193,0.96074,0.96173,0,0
2015-05-26,23:59:00,0.96189,0.96245,0.96046,0.96178,0,0
2015-05-27,01:00:00,0.96164,0.96227,0.96164,0.96177,0,0
2015-05-27,02:00:00,0.96175,0.96251,0.96155,0.96225,0,0
2015-05-27,03:00:00,0.96219,0.96289,0.96191,0.9626,0,0
2015-05-27,04:00:00,0.96258,0.96263,0.96119,0.96198,0,0
2015-05-27,05:00:00,0.96182,0.96376,0.9618,0.96295,0,0
2015-05-27,06:00:00,0.96296,0.9634,0.96269,0.96327,0,0
2015-05-27,07:00:00,0.96327,0.96367,0.96266,0.96293,0,0
2015-05-27,08:00:00,0.96283,0.96364,0.96275,0.96289,0,0
2015-05-27,09:00:00,0.9629,0.96395,0.96262,0.96266,0,0
2015-05-27,10:00:00,0.96258,0.96284,0.96142,0.96159,0,0
2015-05-27,11:00:00,0.96156,0.96218,0.96062,0.96213,0,0
2015-05-27,12:00:00,0.96213,0.9632,0.9616,0.9625,0,0
2015-05-27,13:00:00,0.9625,0.96339,0.96004,0.96067,0,0
2015-05-27,14:00:00,0.96073,0.96107,0.95898,0.96073,0,0
2015-05-27,15:00:00,0.96074,0.96163,0.95991,0.95998,0,0
2015-05-27,16:00:00,0.96006,0.96131,0.95925,0.95957,0,0
2015-05-27,17:00:00,0.95995,0.96309,0.95898,0.96289,0,0
2015-05-27,18:00:00,0.96285,0.96346,0.96169,0.96261,0,0
2015-05-27,19:00:00,0.96263,0.96296,0.96183,0.96282,0,0
2015-05-27,20:00:00,0.96285,0.96348,0.96213,0.9633,0,0
2015-05-27,21:00:00,0.96329,0.96361,0.96264,0.96264,0,0
2015-05-27,22:00:00,0.96269,0.96315,0.96212,0.96314,0,0
2015-05-27,23:00:00,0.96324,0.9637,0.96198,0.96252,0,0
2015-05-27,23:59:00,0.96254,0.96324,0.96196,0.96315,0,0
2015-05-28,01:00:00,0.96323,0.9633,0.96237,0.96299,0,0
2015-05-28,02:00:00,0.96297,0.96357,0.96253,0.96356,0,0
2015-05-28,03:00:00,0.96357,0.96442,0.96318,0.9643,0,0
2015-05-28,04:00:00,0.96439,0.96597,0.95693,0.95777,0,0
2015-05-28,05:00:00,0.95777,0.95836,0.95668,0.95785,0,0
2015-05-28,06:00:00,0.95785,0.95818,0.95671,0.95804,0,0
2015-05-28,07:00:00,0.95808,0.95865,0.95715,0.95864,0,0
2015-05-28,08:00:00,0.95864,0.96052,0.95799,0.95933,0,0
2015-05-28,09:00:00,0.9593,0.95988,0.95781,0.95781,0,0
2015-05-28,10:00:00,0.95772,0.95809,0.9559,0.95687,0,0
2015-05-28,11:00:00,0.95704,0.9577,0.95591,0.95747,0,0
2015-05-28,12:00:00,0.95744,0.95781,0.95615,0.95633,0,0
2015-05-28,13:00:00,0.95645,0.95747,0.95578,0.95588,0,0
2015-05-28,14:00:00,0.95585,0.95631,0.95358,0.95401,0,0
2015-05-28,15:00:00,0.95396,0.95487,0.95276,0.95452,0,0
2015-05-28,16:00:00,0.95447,0.9555,0.95432,0.95539,0,0
2015-05-28,17:00:00,0.95537,0.95626,0.95419,0.95533,0,0
2015-05-28,18:00:00,0.95511,0.95522,0.95191,0.95193,0,0
2015-05-28,19:00:00,0.95189,0.95263,0.95132,0.95263,0,0
2015-05-28,20:00:00,0.95261,0.95295,0.95096,0.95125,0,0
2015-05-28,21:00:00,0.95129,0.95157,0.95078,0.95101,0,0
2015-05-28,22:00:00,0.95099,0.95136,0.9507,0.95091,0,0
2015-05-28,23:00:00,0.95097,0.95146,0.95059,0.9512,0,0
2015-05-28,23:59:00,0.9512,0.95162,0.95012,0.95078,0,0
2015-05-29,01:00:00,0.95081,0.95208,0.95051,0.95143,0,0
2015-05-29,02:00:00,0.95143,0.95169,0.95085,0.95133,0,0
2015-05-29,03:00:00,0.95133,0.9515,0.95039,0.95049,0,0
2015-05-29,04:00:00,0.95065,0.95208,0.94972,0.95194,0,0
2015-05-29,05:00:00,0.95188,0.9529,0.95147,0.95174,0,0
2015-05-29,06:00:00,0.95174,0.95201,0.95087,0.95171,0,0
2015-05-29,07:00:00,0.95179,0.95244,0.95143,0.95191,0,0
2015-05-29,08:00:00,0.95191,0.95191,0.95108,0.95147,0,0
2015-05-29,09:00:00,0.9515,0.95269,0.95145,0.95238,0,0
2015-05-29,10:00:00,0.95232,0.95333,0.95181,0.9522,0,0
2015-05-29,11:00:00,0.9522,0.95275,0.95193,0.95235,0,0
2015-05-29,12:00:00,0.95227,0.95263,0.95148,0.95216,0,0
2015-05-29,13:00:00,0.9521,0.95233,0.95072,0.95147,0,0
2015-05-29,14:00:00,0.95146,0.95285,0.95111,0.95174,0,0
2015-05-29,15:00:00,0.95174,0.95735,0.95158,0.95553,0,0
2015-05-29,16:00:00,0.95566,0.95715,0.95434,0.95525,0,0
2015-05-29,17:00:00,0.95515,0.9567,0.95375,0.9554,0,0
2015-05-29,18:00:00,0.95527,0.95629,0.95428,0.95459,0,0
2015-05-29,19:00:00,0.95451,0.95484,0.95381,0.95399,0,0
2015-05-29,20:00:00,0.95398,0.95513,0.95382,0.95404,0,0
2015-05-29,21:00:00,0.95405,0.95405,0.95171,0.95279,0,0
2015-05-29,22:00:00,0.95276,0.95293,0.9506,0.95069,0,0
2015-05-29,23:00:00,0.95088,0.95109,0.95085,0.95108,0,0
2015-06-01,01:00:00,0.95152,0.95201,0.95101,0.95173,0,0
2015-06-01,02:00:00,0.95174,0.95243,0.95155,0.95194,0,0
2015-06-01,03:00:00,0.95203,0.95334,0.95177,0.95299,0,0
2015-06-01,04:00:00,0.95314,0.95437,0.95156,0.95364,0,0
2015-06-01,05:00:00,0.95363,0.95469,0.95259,0.95319,0,0
2015-06-01,06:00:00,0.95316,0.95404,0.9527,0.9528,0,0
2015-06-01,07:00:00,0.95281,0.95433,0.95269,0.95427,0,0
2015-06-01,08:00:00,0.9543,0.9543,0.95302,0.9532,0,0
2015-06-01,09:00:00,0.95313,0.95549,0.95284,0.95503,0,0
2015-06-01,10:00:00,0.95494,0.95586,0.95417,0.95498,0,0
2015-06-01,11:00:00,0.95503,0.95572,0.95471,0.95478,0,0
2015-06-01,12:00:00,0.95472,0.95472,0.95306,0.95348,0,0
2015-06-01,13:00:00,0.9535,0.9535,0.95199,0.95271,0,0
2015-06-01,14:00:00,0.95275,0.9537,0.95256,0.953,0,0
2015-06-01,15:00:00,0.95308,0.95526,0.95302,0.95515,0,0
2015-06-01,16:00:00,0.95516,0.95584,0.95391,0.9549,0,0
2015-06-01,17:00:00,0.95508,0.95546,0.9538,0.95499,0,0
2015-06-01,18:00:00,0.95497,0.9556,0.95469,0.95502,0,0
2015-06-01,19:00:00,0.95502,0.95519,0.95391,0.95425,0,0
2015-06-01,20:00:00,0.95424,0.95444,0.95343,0.95352,0,0
2015-06-01,21:00:00,0.95355,0.95376,0.95189,0.95266,0,0
2015-06-01,22:00:00,0.95256,0.95373,0.95249,0.95301,0,0
2015-06-01,23:00:00,0.95302,0.95361,0.95237,0.95237,0,0
2015-06-01,23:59:00,0.95248,0.95334,0.95221,0.95334,0,0
2015-06-02,01:00:00,0.95309,0.9536,0.95307,0.95356,0,0
2015-06-02,02:00:00,0.95357,0.95404,0.95302,0.95371,0,0
2015-06-02,03:00:00,0.95378,0.95568,0.95358,0.95508,0,0
2015-06-02,04:00:00,0.95508,0.95654,0.95473,0.95587,0,0
2015-06-02,05:00:00,0.95587,0.95611,0.95521,0.95544,0,0
2015-06-02,06:00:00,0.95545,0.95623,0.95544,0.95572,0,0
2015-06-02,07:00:00,0.95572,0.96169,0.95455,0.9603,0,0
2015-06-02,08:00:00,0.96029,0.96195,0.96007,0.96111,0,0
2015-06-02,09:00:00,0.96111,0.96351,0.96077,0.96281,0,0
2015-06-02,10:00:00,0.96278,0.96319,0.96138,0.96166,0,0
2015-06-02,11:00:00,0.96154,0.96179,0.96045,0.96171,0,0
2015-06-02,12:00:00,0.96172,0.96187,0.96027,0.96165,0,0
2015-06-02,13:00:00,0.96167,0.96276,0.96075,0.96212,0,0
2015-06-02,14:00:00,0.96209,0.96313,0.96177,0.96231,0,0
2015-06-02,15:00:00,0.96226,0.96248,0.9604,0.96096,0,0
2015-06-02,16:00:00,0.96084,0.9647,0.96056,0.96422,0,0
2015-06-02,17:00:00,0.96414,0.96597,0.96382,0.96388,0,0
2015-06-02,18:00:00,0.96384,0.96396,0.96252,0.96255,0,0
2015-06-02,19:00:00,0.96263,0.96371,0.96222,0.96343,0,0
2015-06-02,20:00:00,0.96331,0.96462,0.96331,0.96429,0,0
2015-06-02,21:00:00,0.96434,0.96519,0.96402,0.96506,0,0
2015-06-02,22:00:00,0.96516,0.96529,0.96408,0.9643,0,0
2015-06-02,23:00:00,0.96427,0.96502,0.96384,0.96387,0,0
2015-06-02,23:59:00,0.96393,0.96479,0.96392,0.96409,0,0
2015-06-03,01:00:00,0.96406,0.96493,0.96367,0.96405,0,0
2015-06-03,02:00:00,0.96405,0.96433,0.96347,0.96353,0,0
2015-06-03,03:00:00,0.96354,0.9641,0.96332,0.96369,0,0
2015-06-03,04:00:00,0.9637,0.96897,0.9636,0.96831,0,0
2015-06-03,05:00:00,0.96829,0.96829,0.96573,0.96603,0,0
2015-06-03,06:00:00,0.96596,0.96681,0.9652,0.96657,0,0
2015-06-03,07:00:00,0.96625,0.96659,0.96577,0.96626,0,0
2015-06-03,08:00:00,0.96616,0.96705,0.96608,0.9667,0,0
2015-06-03,09:00:00,0.9669,0.96798,0.96648,0.96713,0,0
2015-06-03,10:00:00,0.96714,0.96791,0.96643,0.96724,0,0
2015-06-03,11:00:00,0.96721,0.96804,0.96636,0.96663,0,0
2015-06-03,12:00:00,0.96678,0.9686,0.9666,0.96845,0,0
2015-06-03,13:00:00,0.96844,0.96859,0.96665,0.96704,0,0
2015-06-03,14:00:00,0.96703,0.96759,0.96615,0.96655,0,0
2015-06-03,15:00:00,0.96653,0.97036,0.9665,0.96987,0,0
2015-06-03,16:00:00,0.9698,0.97169,0.96918,0.97095,0,0
2015-06-03,17:00:00,0.97095,0.97137,0.96939,0.97135,0,0
2015-06-03,18:00:00,0.97141,0.97148,0.96955,0.97052,0,0
2015-06-03,19:00:00,0.97055,0.97057,0.96917,0.96926,0,0
2015-06-03,20:00:00,0.96937,0.97012,0.96896,0.96957,0,0
2015-06-03,21:00:00,0.9696,0.96961,0.96803,0.96803,0,0
2015-06-03,22:00:00,0.96826,0.96972,0.96824,0.96955,0,0
2015-06-03,23:00:00,0.9695,0.97011,0.96906,0.96955,0,0
2015-06-03,23:59:00,0.96945,0.96962,0.96852,0.96873,0,0
2015-06-04,01:00:00,0.96872,0.96894,0.96787,0.96825,0,0
2015-06-04,02:00:00,0.96828,0.9685,0.96757,0.96794,0,0
2015-06-04,03:00:00,0.96795,0.96828,0.96735,0.96795,0,0
2015-06-04,04:00:00,0.96795,0.96877,0.96117,0.96229,0,0
2015-06-04,05:00:00,0.9623,0.96258,0.96149,0.96217,0,0
2015-06-04,06:00:00,0.96228,0.96303,0.9619,0.96284,0,0
2015-06-04,07:00:00,0.96282,0.96341,0.96232,0.96301,0,0
2015-06-04,08:00:00,0.96288,0.96293,0.96133,0.96197,0,0
2015-06-04,09:00:00,0.96207,0.9634,0.96204,0.96272,0,0
2015-06-04,10:00:00,0.96269,0.96339,0.96177,0.96285,0,0
2015-06-04,11:00:00,0.96285,0.96613,0.96274,0.96527,0,0
2015-06-04,12:00:00,0.9654,0.96543,0.96361,0.9642,0,0
2015-06-04,13:00:00,0.96416,0.96498,0.96337,0.96474,0,0
2015-06-04,14:00:00,0.96474,0.96572,0.96424,0.96455,0,0
2015-06-04,15:00:00,0.96444,0.96459,0.96247,0.96265,0,0
2015-06-04,16:00:00,0.96267,0.96378,0.96059,0.96099,0,0
2015-06-04,17:00:00,0.96083,0.96083,0.95657,0.95666,0,0
2015-06-04,18:00:00,0.95681,0.95777,0.95644,0.9573,0,0
2015-06-04,19:00:00,0.95738,0.95921,0.957,0.95886,0,0
2015-06-04,20:00:00,0.95863,0.95962,0.9581,0.95955,0,0
2015-06-04,21:00:00,0.95964,0.9606,0.95919,0.96015,0,0
2015-06-04,22:00:00,0.96006,0.96061,0.95983,0.9604,0,0
2015-06-04,23:00:00,0.96062,0.96121,0.96005,0.96121,0,0
2015-06-04,23:59:00,0.96117,0.96134,0.95976,0.96002,0,0
2015-06-05,01:00:00,0.96008,0.96047,0.95949,0.96015,0,0
2015-06-05,02:00:00,0.96013,0.96073,0.95977,0.96059,0,0
2015-06-05,03:00:00,0.9606,0.9612,0.95994,0.9612,0,0
2015-06-05,04:00:00,0.96119,0.96206,0.96081,0.96177,0,0
2015-06-05,05:00:00,0.96183,0.96213,0.9615,0.96184,0,0
2015-06-05,06:00:00,0.96182,0.96199,0.9612,0.96194,0,0
2015-06-05,07:00:00,0.96194,0.96251,0.96179,0.96202,0,0
2015-06-05,08:00:00,0.96202,0.96259,0.96149,0.96157,0,0
2015-06-05,09:00:00,0.96154,0.96246,0.96118,0.96192,0,0
2015-06-05,10:00:00,0.96194,0.96253,0.96091,0.96223,0,0
2015-06-05,11:00:00,0.96227,0.96419,0.96227,0.96358,0,0
2015-06-05,12:00:00,0.96385,0.96426,0.96311,0.96394,0,0
2015-06-05,13:00:00,0.96395,0.96473,0.96326,0.96449,0,0
2015-06-05,14:00:00,0.96443,0.96548,0.96378,0.96442,0,0
2015-06-05,15:00:00,0.96446,0.96543,0.95259,0.95358,0,0
2015-06-05,16:00:00,0.95364,0.95552,0.95348,0.95357,0,0
2015-06-05,17:00:00,0.95338,0.95541,0.95126,0.95126,0,0
2015-06-05,18:00:00,0.95119,0.95191,0.95081,0.95167,0,0
2015-06-05,19:00:00,0.9517,0.95186,0.95082,0.9517,0,0
2015-06-05,20:00:00,0.95172,0.95196,0.94962,0.94985,0,0
2015-06-05,21:00:00,0.94988,0.94998,0.94781,0.94784,0,0
2015-06-05,22:00:00,0.94771,0.94897,0.94767,0.94854,0,0
2015-06-05,23:00:00,0.94832,0.94832,0.94819,0.94822,0,0
2015-06-08,01:00:00,0.94832,0.94901,0.94823,0.94894,0,0
2015-06-08,02:00:00,0.94892,0.94977,0.94864,0.94908,0,0
2015-06-08,03:00:00,0.94915,0.95016,0.94889,0.94894,0,0
2015-06-08,04:00:00,0.94895,0.95092,0.94895,0.95092,0,0
2015-06-08,05:00:00,0.95078,0.95202,0.94914,0.9494,0,0
2015-06-08,06:00:00,0.94941,0.94953,0.94851,0.94916,0,0
2015-06-08,07:00:00,0.94919,0.94923,0.94813,0.94825,0,0
2015-06-08,08:00:00,0.94825,0.94958,0.94809,0.94938,0,0
2015-06-08,09:00:00,0.94941,0.95173,0.948,0.9497,0,0
2015-06-08,10:00:00,0.94969,0.95134,0.94969,0.95067,0,0
2015-06-08,11:00:00,0.95048,0.95053,0.94819,0.95015,0,0
2015-06-08,12:00:00,0.95025,0.95096,0.94965,0.95074,0,0
2015-06-08,13:00:00,0.95075,0.9508,0.94962,0.94999,0,0
2015-06-08,14:00:00,0.94995,0.95098,0.94986,0.94991,0,0
2015-06-08,15:00:00,0.94988,0.95036,0.94735,0.9485,0,0
2015-06-08,16:00:00,0.9485,0.95016,0.9484,0.94898,0,0
2015-06-08,17:00:00,0.94904,0.9508,0.94904,0.95016,0,0
2015-06-08,18:00:00,0.95007,0.95145,0.94939,0.95104,0,0
2015-06-08,19:00:00,0.95122,0.9518,0.95098,0.95133,0,0
2015-06-08,20:00:00,0.95133,0.95527,0.95133,0.95431,0,0
2015-06-08,21:00:00,0.95436,0.95523,0.95372,0.95494,0,0
2015-06-08,22:00:00,0.95497,0.95582,0.95455,0.95534,0,0
2015-06-08,23:00:00,0.95536,0.95586,0.95493,0.95586,0,0
2015-06-08,23:59:00,0.95598,0.95598,0.95442,0.95466,0,0
2015-06-09,01:00:00,0.95475,0.95514,0.95404,0.95423,0,0
2015-06-09,02:00:00,0.95413,0.9548,0.95362,0.95421,0,0
2015-06-09,03:00:00,0.95424,0.95454,0.95342,0.9545,0,0
2015-06-09,04:00:00,0.95448,0.9572,0.95447,0.95529,0,0
2015-06-09,05:00:00,0.95438,0.95529,0.95418,0.95498,0,0
2015-06-09,06:00:00,0.95504,0.95504,0.95341,0.95343,0,0
2015-06-09,07:00:00,0.9533,0.95378,0.95266,0.95331,0,0
2015-06-09,08:00:00,0.95331,0.95381,0.95261,0.95265,0,0
2015-06-09,09:00:00,0.95258,0.95303,0.95136,0.95201,0,0
2015-06-09,10:00:00,0.95203,0.95232,0.95099,0.95211,0,0
2015-06-09,11:00:00,0.95209,0.95209,0.95056,0.95137,0,0
2015-06-09,12:00:00,0.95139,0.95236,0.95081,0.95083,0,0
2015-06-09,13:00:00,0.95096,0.95262,0.95096,0.95168,0,0
2015-06-09,14:00:00,0.95172,0.95297,0.95105,0.95208,0,0
2015-06-09,15:00:00,0.95214,0.95214,0.94853,0.94891,0,0
2015-06-09,16:00:00,0.94893,0.95042,0.94859,0.94914,0,0
2015-06-09,17:00:00,0.94912,0.94987,0.94611,0.94627,0,0
2015-06-09,18:00:00,0.94625,0.94679,0.94531,0.94652,0,0
2015-06-09,19:00:00,0.94652,0.94657,0.94501,0.94619,0,0
2015-06-09,20:00:00,0.94605,0.94683,0.94597,0.94671,0,0
2015-06-09,21:00:00,0.9467,0.94819,0.94641,0.94772,0,0
2015-06-09,22:00:00,0.94775,0.9487,0.94768,0.94868,0,0
2015-06-09,23:00:00,0.94865,0.94874,0.94726,0.94866,0,0
2015-06-09,23:59:00,0.94889,0.94914,0.94766,0.94884,0,0
2015-06-10,01:00:00,0.94884,0.94905,0.94833,0.94895,0,0
2015-06-10,02:00:00,0.94898,0.94933,0.94862,0.94867,0,0
2015-06-10,03:00:00,0.94868,0.95034,0.94736,0.94837,0,0
2015-06-10,04:00:00,0.94837,0.94858,0.94752,0.94793,0,0
2015-06-10,05:00:00,0.94791,0.94858,0.94389,0.94499,0,0
2015-06-10,06:00:00,0.94486,0.94486,0.94326,0.94477,0,0
2015-06-10,07:00:00,0.94477,0.9488,0.94387,0.94756,0,0
2015-06-10,08:00:00,0.9476,0.95345,0.9468,0.95183,0,0
2015-06-10,09:00:00,0.95159,0.95217,0.94967,0.94992,0,0
2015-06-10,10:00:00,0.94994,0.95381,0.94895,0.95314,0,0
2015-06-10,11:00:00,0.95309,0.95375,0.94954,0.95026,0,0
2015-06-10,12:00:00,0.95035,0.95106,0.94909,0.94998,0,0
2015-06-10,13:00:00,0.94999,0.95043,0.94712,0.94818,0,0
2015-06-10,14:00:00,0.94819,0.94928,0.94757,0.94876,0,0
2015-06-10,15:00:00,0.94869,0.94906,0.94679,0.94724,0,0
2015-06-10,16:00:00,0.94721,0.94886,0.94691,0.94881,0,0
2015-06-10,17:00:00,0.94877,0.95087,0.94845,0.95087,0,0
2015-06-10,18:00:00,0.95091,0.95241,0.9498,0.9505,0,0
2015-06-10,19:00:00,0.95058,0.95245,0.95034,0.95219,0,0
2015-06-10,20:00:00,0.95225,0.95348,0.95223,0.95323,0,0
2015-06-10,21:00:00,0.95326,0.95359,0.95137,0.95148,0,0
2015-06-10,22:00:00,0.95151,0.95192,0.95136,0.95154,0,0
2015-06-10,23:00:00,0.95162,0.95248,0.95089,0.95101,0,0
2015-06-10,23:59:00,0.95089,0.95148,0.94402,0.94999,0,0
2015-06-11,01:00:00,0.94999,0.95007,0.94909,0.9493,0,0
2015-06-11,02:00:00,0.94931,0.94972,0.94884,0.94886,0,0
2015-06-11,03:00:00,0.94889,0.94889,0.94711,0.94773,0,0
2015-06-11,04:00:00,0.94785,0.95591,0.94738,0.95356,0,0
2015-06-11,05:00:00,0.9535,0.95375,0.95235,0.95358,0,0
2015-06-11,06:00:00,0.95363,0.95412,0.9525,0.95321,0,0
2015-06-11,07:00:00,0.9532,0.95396,0.95253,0.95353,0,0
2015-06-11,08:00:00,0.95349,0.95389,0.95213,0.95257,0,0
2015-06-11,09:00:00,0.95264,0.95388,0.95154,0.95322,0,0
2015-06-11,10:00:00,0.95321,0.95334,0.95194,0.95243,0,0
2015-06-11,11:00:00,0.95246,0.95364,0.95221,0.95332,0,0
2015-06-11,12:00:00,0.95331,0.95331,0.95131,0.9518,0,0
2015-06-11,13:00:00,0.95179,0.95241,0.95073,0.95133,0,0
2015-06-11,14:00:00,0.95128,0.95221,0.9511,0.95151,0,0
2015-06-11,15:00:00,0.95151,0.95297,0.94958,0.95214,0,0
2015-06-11,16:00:00,0.95217,0.95227,0.94974,0.95049,0,0
2015-06-11,17:00:00,0.9505,0.95192,0.94979,0.94979,0,0
2015-06-11,18:00:00,0.94977,0.95198,0.94972,0.95128,0,0
2015-06-11,19:00:00,0.95129,0.95243,0.95099,0.95229,0,0
2015-06-11,20:00:00,0.95227,0.95321,0.95171,0.95189,0,0
2015-06-11,21:00:00,0.95191,0.95267,0.9515,0.95188,0,0
2015-06-11,22:00:00,0.95181,0.95327,0.95181,0.95321,0,0
2015-06-11,23:00:00,0.95311,0.95367,0.95281,0.95334,0,0
2015-06-11,23:59:00,0.95322,0.95394,0.9529,0.95371,0,0
2015-06-12,01:00:00,0.95358,0.95361,0.95295,0.95314,0,0
2015-06-12,02:00:00,0.95313,0.95347,0.95224,0.95224,0,0
2015-06-12,03:00:00,0.95236,0.95289,0.95166,0.95274,0,0
2015-06-12,04:00:00,0.95275,0.95306,0.95185,0.95227,0,0
2015-06-12,05:00:00,0.95226,0.9524,0.95176,0.95194,0,0
2015-06-12,06:00:00,0.95192,0.9522,0.95157,0.9516,0,0
2015-06-12,07:00:00,0.9516,0.95173,0.95067,0.95073,0,0
2015-06-12,08:00:00,0.95073,0.95145,0.94981,0.95063,0,0
2015-06-12,09:00:00,0.95069,0.95079,0.94927,0.94984,0,0
2015-06-12,10:00:00,0.94979,0.95057,0.94909,0.94911,0,0
2015-06-12,11:00:00,0.94901,0.9493,0.94633,0.94739,0,0
2015-06-12,12:00:00,0.9473,0.94937,0.94666,0.94933,0,0
2015-06-12,13:00:00,0.94932,0.94942,0.94672,0.94673,0,0
2015-06-12,14:00:00,0.94674,0.94789,0.94658,0.9478,0,0
2015-06-12,15:00:00,0.94776,0.9495,0.94775,0.94871,0,0
2015-06-12,16:00:00,0.94867,0.95122,0.9482,0.95106,0,0
2015-06-12,17:00:00,0.95121,0.95346,0.95085,0.95195,0,0
2015-06-12,18:00:00,0.95201,0.95364,0.95167,0.95255,0,0
2015-06-12,19:00:00,0.95261,0.95405,0.95226,0.95323,0,0
2015-06-12,20:00:00,0.95325,0.95441,0.95292,0.95296,0,0
2015-06-12,21:00:00,0.95294,0.95394,0.95294,0.95342,0,0
2015-06-12,22:00:00,0.95353,0.95353,0.95177,0.95208,0,0
2015-06-12,23:00:00,0.95206,0.95206,0.95179,0.95191,0,0
2015-06-15,01:00:00,0.9536,0.95367,0.95182,0.95184,0,0
2015-06-15,02:00:00,0.95184,0.95245,0.95162,0.95168,0,0
2015-06-15,03:00:00,0.95168,0.95169,0.95014,0.95069,0,0
2015-06-15,04:00:00,0.95055,0.95199,0.9505,0.95199,0,0
2015-06-15,05:00:00,0.95189,0.95227,0.95131,0.95161,0,0
2015-06-15,06:00:00,0.9515,0.95209,0.95109,0.95179,0,0
2015-06-15,07:00:00,0.95179,0.95207,0.95111,0.95111,0,0
2015-06-15,08:00:00,0.95108,0.95163,0.95046,0.95085,0,0
2015-06-15,09:00:00,0.9511,0.95251,0.95095,0.95186,0,0
2015-06-15,10:00:00,0.95173,0.95251,0.95134,0.95221,0,0
2015-06-15,11:00:00,0.95208,0.95258,0.95163,0.95225,0,0
2015-06-15,12:00:00,0.95224,0.95404,0.95203,0.95375,0,0
2015-06-15,13:00:00,0.95375,0.95521,0.95351,0.95516,0,0
2015-06-15,14:00:00,0.95513,0.95649,0.95513,0.95637,0,0
2015-06-15,15:00:00,0.95637,0.95921,0.95634,0.9587,0,0
2015-06-15,16:00:00,0.95871,0.95939,0.95747,0.95778,0,0
2015-06-15,17:00:00,0.95772,0.95889,0.95772,0.95802,0,0
2015-06-15,18:00:00,0.95801,0.95841,0.9566,0.95687,0,0
2015-06-15,19:00:00,0.95694,0.95694,0.95549,0.95636,0,0
2015-06-15,20:00:00,0.95633,0.95633,0.95492,0.95544,0,0
2015-06-15,21:00:00,0.95551,0.9569,0.95529,0.95659,0,0
2015-06-15,22:00:00,0.95657,0.95704,0.9561,0.95616,0,0
2015-06-15,23:00:00,0.95625,0.95705,0.95567,0.95693,0,0
2015-06-15,23:59:00,0.9571,0.95717,0.95615,0.95623,0,0
2015-06-16,01:00:00,0.95624,0.95661,0.95536,0.95602,0,0
2015-06-16,02:00:00,0.95603,0.95603,0.9552,0.95541,0,0
2015-06-16,03:00:00,0.95541,0.95582,0.9549,0.95555,0,0
2015-06-16,04:00:00,0.95544,0.95839,0.95452,0.95658,0,0
2015-06-16,05:00:00,0.95674,0.95674,0.95552,0.95649,0,0
2015-06-16,06:00:00,0.95651,0.95667,0.95559,0.9559,0,0
2015-06-16,07:00:00,0.95599,0.95657,0.95546,0.95547,0,0
2015-06-16,08:00:00,0.95547,0.95561,0.95462,0.95479,0,0
2015-06-16,09:00:00,0.95476,0.95513,0.95361,0.95426,0,0
2015-06-16,10:00:00,0.95427,0.95511,0.95389,0.9542,0,0
2015-06-16,11:00:00,0.9544,0.95472,0.9527,0.95326,0,0
2015-06-16,12:00:00,0.95321,0.95486,0.95317,0.95448,0,0
2015-06-16,13:00:00,0.95449,0.95582,0.95446,0.95488,0,0
2015-06-16,14:00:00,0.95486,0.95593,0.95466,0.95534,0,0
2015-06-16,15:00:00,0.95534,0.95646,0.95511,0.95596,0,0
2015-06-16,16:00:00,0.95598,0.95689,0.95521,0.95546,0,0
2015-06-16,17:00:00,0.95559,0.95686,0.95514,0.95631,0,0
2015-06-16,18:00:00,0.95635,0.9565,0.95551,0.95577,0,0
2015-06-16,19:00:00,0.9558,0.95696,0.95573,0.956,0,0
2015-06-16,20:00:00,0.95603,0.95614,0.95355,0.95371,0,0
2015-06-16,21:00:00,0.95373,0.95449,0.95339,0.95371,0,0
2015-06-16,22:00:00,0.95373,0.95403,0.95325,0.95339,0,0
2015-06-16,23:00:00,0.95346,0.95372,0.95229,0.95301,0,0
2015-06-16,23:59:00,0.95299,0.95353,0.95216,0.95274,0,0
2015-06-17,01:00:00,0.95273,0.95329,0.95263,0.95286,0,0
2015-06-17,02:00:00,0.95284,0.95308,0.95214,0.95223,0,0
2015-06-17,03:00:00,0.95226,0.95245,0.95177,0.95245,0,0
2015-06-17,04:00:00,0.95239,0.95253,0.95028,0.95054,0,0
2015-06-17,05:00:00,0.95052,0.95081,0.94994,0.94994,0,0
2015-06-17,06:00:00,0.94992,0.95031,0.94904,0.9503,0,0
2015-06-17,07:00:00,0.95028,0.95028,0.94933,0.94953,0,0
2015-06-17,08:00:00,0.94952,0.94992,0.94919,0.94965,0,0
2015-06-17,09:00:00,0.94964,0.95043,0.94917,0.95011,0,0
2015-06-17,10:00:00,0.95014,0.95077,0.94855,0.9498,0,0
2015-06-17,11:00:00,0.94973,0.95001,0.94693,0.94721,0,0
2015-06-17,12:00:00,0.94721,0.94753,0.94648,0.94683,0,0
2015-06-17,13:00:00,0.94697,0.94703,0.9449,0.94491,0,0
2015-06-17,14:00:00,0.945,0.94569,0.94463,0.94485,0,0
2015-06-17,15:00:00,0.94505,0.94651,0.94458,0.9465,0,0
2015-06-17,16:00:00,0.9465,0.94792,0.94582,0.94606,0,0
2015-06-17,17:00:00,0.94613,0.9463,0.94393,0.94432,0,0
2015-06-17,18:00:00,0.94438,0.9446,0.94314,0.94352,0,0
2015-06-17,19:00:00,0.94356,0.94448,0.94356,0.94422,0,0
2015-06-17,20:00:00,0.94414,0.94548,0.9438,0.94475,0,0
2015-06-17,21:00:00,0.94457,0.94907,0.94385,0.94771,0,0
2015-06-17,22:00:00,0.94771,0.94964,0.94689,0.94747,0,0
2015-06-17,23:00:00,0.94749,0.94851,0.94724,0.94762,0,0
2015-06-17,23:59:00,0.94732,0.94888,0.9472,0.948,0,0
2015-06-18,01:00:00,0.948,0.94804,0.94473,0.94641,0,0
2015-06-18,02:00:00,0.94638,0.94687,0.94427,0.94448,0,0
2015-06-18,03:00:00,0.94448,0.9461,0.94334,0.94569,0,0
2015-06-18,04:00:00,0.94571,0.94671,0.94499,0.9459,0,0
2015-06-18,05:00:00,0.9459,0.94614,0.94488,0.94593,0,0
2015-06-18,06:00:00,0.94584,0.94595,0.94438,0.94465,0,0
2015-06-18,07:00:00,0.94465,0.94472,0.94349,0.94445,0,0
2015-06-18,08:00:00,0.94445,0.94606,0.94402,0.9457,0,0
2015-06-18,09:00:00,0.94569,0.94732,0.94542,0.94573,0,0
2015-06-18,10:00:00,0.94567,0.94872,0.94557,0.94802,0,0
2015-06-18,11:00:00,0.94793,0.94923,0.94722,0.94836,0,0
2015-06-18,12:00:00,0.94834,0.95218,0.94757,0.95181,0,0
2015-06-18,13:00:00,0.9519,0.95236,0.95113,0.95132,0,0
2015-06-18,14:00:00,0.95134,0.95313,0.95129,0.95224,0,0
2015-06-18,15:00:00,0.95222,0.95296,0.95024,0.95114,0,0
2015-06-18,16:00:00,0.95121,0.95376,0.95048,0.95285,0,0
2015-06-18,17:00:00,0.9529,0.95465,0.95247,0.95465,0,0
2015-06-18,18:00:00,0.95468,0.95591,0.95435,0.95588,0,0
2015-06-18,19:00:00,0.95583,0.95621,0.95457,0.95523,0,0
2015-06-18,20:00:00,0.95523,0.9558,0.95451,0.95463,0,0
2015-06-18,21:00:00,0.95458,0.95481,0.95347,0.95359,0,0
2015-06-18,22:00:00,0.95368,0.95464,0.95347,0.9539,0,0
2015-06-18,23:00:00,0.95382,0.9543,0.95336,0.95336,0,0
2015-06-18,23:59:00,0.95311,0.95415,0.95311,0.95374,0,0
2015-06-19,01:00:00,0.95375,0.95409,0.95325,0.9537,0,0
2015-06-19,02:00:00,0.95372,0.95372,0.95222,0.95244,0,0
2015-06-19,03:00:00,0.95253,0.95342,0.95162,0.95339,0,0
2015-06-19,04:00:00,0.95338,0.95393,0.95224,0.95258,0,0
2015-06-19,05:00:00,0.95261,0.95274,0.95159,0.95189,0,0
2015-06-19,06:00:00,0.95192,0.95201,0.95107,0.95138,0,0
2015-06-19,07:00:00,0.95138,0.95139,0.94962,0.95019,0,0
2015-06-19,08:00:00,0.95018,0.95048,0.94883,0.94947,0,0
2015-06-19,09:00:00,0.94946,0.95005,0.94923,0.9497,0,0
2015-06-19,10:00:00,0.94964,0.95026,0.94882,0.94917,0,0
2015-06-19,11:00:00,0.94912,0.9499,0.94848,0.94936,0,0
2015-06-19,12:00:00,0.94935,0.94994,0.94773,0.94833,0,0
2015-06-19,13:00:00,0.94833,0.94928,0.94792,0.9492,0,0
2015-06-19,14:00:00,0.94914,0.95161,0.94905,0.95077,0,0
2015-06-19,15:00:00,0.9507,0.95246,0.9486,0.95182,0,0
2015-06-19,16:00:00,0.95177,0.95269,0.95113,0.95185,0,0
2015-06-19,17:00:00,0.95185,0.95387,0.95159,0.95273,0,0
2015-06-19,18:00:00,0.95265,0.95302,0.95163,0.95246,0,0
2015-06-19,19:00:00,0.95242,0.95308,0.95208,0.95274,0,0
2015-06-19,20:00:00,0.95253,0.95309,0.95205,0.95267,0,0
2015-06-19,21:00:00,0.95271,0.95281,0.95196,0.9523,0,0
2015-06-19,22:00:00,0.95228,0.95348,0.95228,0.95317,0,0
2015-06-19,23:00:00,0.95319,0.95319,0.95286,0.95294,0,0
2015-06-22,01:00:00,0.95259,0.95367,0.95239,0.95312,0,0
2015-06-22,02:00:00,0.95312,0.95365,0.95251,0.95334,0,0
2015-06-22,03:00:00,0.95334,0.95413,0.95305,0.95385,0,0
2015-06-22,04:00:00,0.95383,0.95487,0.95375,0.95394,0,0
2015-06-22,05:00:00,0.95394,0.95444,0.95316,0.95323,0,0
2015-06-22,06:00:00,0.95323,0.95372,0.95288,0.95371,0,0
2015-06-22,07:00:00,0.95371,0.95409,0.95326,0.95361,0,0
2015-06-22,08:00:00,0.95363,0.95444,0.95249,0.95436,0,0
2015-06-22,09:00:00,0.95448,0.95468,0.95377,0.95417,0,0
2015-06-22,10:00:00,0.95414,0.95455,0.95267,0.95267,0,0
2015-06-22,11:00:00,0.95265,0.95336,0.95253,0.95327,0,0
2015-06-22,12:00:00,0.95329,0.95357,0.95256,0.95269,0,0
2015-06-22,13:00:00,0.95266,0.95281,0.94931,0.9496,0,0
2015-06-22,14:00:00,0.9496,0.94974,0.94879,0.94924,0,0
2015-06-22,15:00:00,0.94924,0.95215,0.949,0.95161,0,0
2015-06-22,16:00:00,0.95161,0.954,0.9511,0.95315,0,0
2015-06-22,17:00:00,0.95279,0.95326,0.95214,0.95254,0,0
2015-06-22,18:00:00,0.95253,0.95293,0.95076,0.95172,0,0
2015-06-22,19:00:00,0.95171,0.95274,0.95142,0.95215,0,0
2015-06-22,20:00:00,0.95201,0.95254,0.95162,0.95247,0,0
2015-06-22,21:00:00,0.95247,0.95271,0.95162,0.95173,0,0
2015-06-22,22:00:00,0.95173,0.95262,0.95157,0.95237,0,0
2015-06-22,23:00:00,0.95235,0.95263,0.95126,0.95131,0,0
2015-06-22,23:59:00,0.95123,0.9524,0.95082,0.95195,0,0
2015-06-23,01:00:00,0.95197,0.95215,0.95132,0.95135,0,0
2015-06-23,02:00:00,0.95139,0.95201,0.95116,0.95176,0,0
2015-06-23,03:00:00,0.9518,0.95334,0.95167,0.95265,0,0
2015-06-23,04:00:00,0.95254,0.9531,0.95043,0.95061,0,0
2015-06-23,05:00:00,0.95059,0.9517,0.94987,0.95021,0,0
2015-06-23,06:00:00,0.95018,0.95143,0.94985,0.95033,0,0
2015-06-23,07:00:00,0.95032,0.9508,0.94992,0.95061,0,0
2015-06-23,08:00:00,0.95067,0.95156,0.95028,0.95156,0,0
2015-06-23,09:00:00,0.95144,0.95444,0.95131,0.95403,0,0
2015-06-23,10:00:00,0.95403,0.95473,0.95303,0.9531,0,0
2015-06-23,11:00:00,0.95319,0.95373,0.9525,0.95274,0,0
2015-06-23,12:00:00,0.95274,0.95332,0.95239,0.9525,0,0
2015-06-23,13:00:00,0.9525,0.95298,0.95178,0.95198,0,0
2015-06-23,14:00:00,0.95198,0.95218,0.9514,0.95162,0,0
2015-06-23,15:00:00,0.95155,0.95193,0.94863,0.94985,0,0
2015-06-23,16:00:00,0.94988,0.95234,0.94879,0.95194,0,0
2015-06-23,17:00:00,0.95212,0.95298,0.95109,0.95286,0,0
2015-06-23,18:00:00,0.95289,0.95447,0.95259,0.95394,0,0
2015-06-23,19:00:00,0.95389,0.95397,0.95217,0.95264,0,0
2015-06-23,20:00:00,0.95264,0.95418,0.95255,0.95364,0,0
2015-06-23,21:00:00,0.95366,0.95403,0.95303,0.95366,0,0
2015-06-23,22:00:00,0.95362,0.95399,0.95314,0.95374,0,0
2015-06-23,23:00:00,0.95368,0.95476,0.95365,0.95365,0,0
2015-06-23,23:59:00,0.95361,0.95428,0.95306,0.95388,0,0
2015-06-24,01:00:00,0.95377,0.9543,0.95365,0.9538,0,0
2015-06-24,02:00:00,0.9538,0.95438,0.95372,0.95415,0,0
2015-06-24,03:00:00,0.95427,0.95571,0.95427,0.95488,0,0
2015-06-24,04:00:00,0.95482,0.95531,0.95339,0.95347,0,0
2015-06-24,05:00:00,0.95348,0.95376,0.95296,0.9531,0,0
2015-06-24,06:00:00,0.9531,0.95379,0.95238,0.95272,0,0
2015-06-24,07:00:00,0.95271,0.95324,0.95159,0.95193,0,0
2015-06-24,08:00:00,0.9519,0.95284,0.95189,0.95241,0,0
2015-06-24,09:00:00,0.95242,0.95331,0.95194,0.95307,0,0
2015-06-24,10:00:00,0.95307,0.95379,0.95242,0.95345,0,0
2015-06-24,11:00:00,0.95343,0.95402,0.95226,0.95291,0,0
2015-06-24,12:00:00,0.95289,0.95319,0.95125,0.95216,0,0
2015-06-24,13:00:00,0.95215,0.95278,0.95187,0.95233,0,0
2015-06-24,14:00:00,0.95238,0.9533,0.95227,0.95316,0,0
2015-06-24,15:00:00,0.95308,0.95383,0.95231,0.95315,0,0
2015-06-24,16:00:00,0.95316,0.95429,0.95282,0.95288,0,0
2015-06-24,17:00:00,0.95294,0.95474,0.95294,0.95309,0,0
2015-06-24,18:00:00,0.95311,0.95515,0.9531,0.95439,0,0
2015-06-24,19:00:00,0.95439,0.95548,0.95425,0.95467,0,0
2015-06-24,20:00:00,0.95467,0.95545,0.95426,0.95529,0,0
2015-06-24,21:00:00,0.95533,0.95569,0.95498,0.95539,0,0
2015-06-24,22:00:00,0.95557,0.95561,0.95486,0.95526,0,0
2015-06-24,23:00:00,0.95526,0.9554,0.95399,0.95399,0,0
2015-06-24,23:59:00,0.95402,0.95451,0.95355,0.95413,0,0
2015-06-25,01:00:00,0.95408,0.95475,0.95346,0.95433,0,0
2015-06-25,02:00:00,0.95432,0.95488,0.95428,0.95455,0,0
2015-06-25,03:00:00,0.95449,0.95631,0.95449,0.95619,0,0
2015-06-25,04:00:00,0.95618,0.9573,0.95592,0.95674,0,0
2015-06-25,05:00:00,0.95674,0.95796,0.95653,0.95752,0,0
2015-06-25,06:00:00,0.95756,0.95914,0.95739,0.95842,0,0
2015-06-25,07:00:00,0.95843,0.95853,0.95731,0.95824,0,0
2015-06-25,08:00:00,0.95824,0.95882,0.95808,0.95862,0,0
2015-06-25,09:00:00,0.95868,0.95964,0.95762,0.95844,0,0
2015-06-25,10:00:00,0.95843,0.95876,0.95777,0.95801,0,0
2015-06-25,11:00:00,0.95796,0.9583,0.95696,0.95761,0,0
2015-06-25,12:00:00,0.95759,0.95884,0.95742,0.95849,0,0
2015-06-25,13:00:00,0.95838,0.95904,0.95767,0.95842,0,0
2015-06-25,14:00:00,0.95852,0.95868,0.95783,0.95811,0,0
2015-06-25,15:00:00,0.9581,0.95882,0.95738,0.95777,0,0
2015-06-25,16:00:00,0.95777,0.95777,0.95437,0.95442,0,0
2015-06-25,17:00:00,0.95439,0.95626,0.95413,0.95584,0,0
2015-06-25,18:00:00,0.95596,0.95707,0.95573,0.95583,0,0
2015-06-25,19:00:00,0.95578,0.95659,0.95549,0.95609,0,0
2015-06-25,20:00:00,0.9561,0.95659,0.95573,0.95575,0,0
2015-06-25,21:00:00,0.95575,0.95582,0.95374,0.95374,0,0
2015-06-25,22:00:00,0.95388,0.95434,0.95335,0.95384,0,0
2015-06-25,23:00:00,0.954,0.9542,0.95308,0.95388,0,0
2015-06-25,23:59:00,0.95397,0.95431,0.95321,0.95352,0,0
2015-06-26,01:00:00,0.95351,0.95451,0.95351,0.95416,0,0
2015-06-26,02:00:00,0.95416,0.95433,0.9534,0.9535,0,0
2015-06-26,03:00:00,0.95354,0.95374,0.95282,0.95336,0,0
2015-06-26,04:00:00,0.95343,0.95343,0.95172,0.95251,0,0
2015-06-26,05:00:00,0.95251,0.95379,0.9523,0.95279,0,0
2015-06-26,06:00:00,0.95281,0.95357,0.95194,0.95237,0,0
2015-06-26,07:00:00,0.95236,0.95342,0.95211,0.95274,0,0
2015-06-26,08:00:00,0.95267,0.95281,0.95199,0.95242,0,0
2015-06-26,09:00:00,0.95247,0.95278,0.95123,0.95149,0,0
2015-06-26,10:00:00,0.95147,0.95245,0.95101,0.95213,0,0
2015-06-26,11:00:00,0.95213,0.95254,0.95161,0.95199,0,0
2015-06-26,12:00:00,0.95185,0.95198,0.95045,0.95077,0,0
2015-06-26,13:00:00,0.95074,0.95074,0.94868,0.94932,0,0
2015-06-26,14:00:00,0.9494,0.94989,0.94633,0.94636,0,0
2015-06-26,15:00:00,0.94633,0.94736,0.94554,0.94557,0,0
2015-06-26,16:00:00,0.94568,0.94742,0.94532,0.94532,0,0
2015-06-26,17:00:00,0.94529,0.94635,0.94451,0.94635,0,0
2015-06-26,18:00:00,0.94625,0.94686,0.94482,0.94527,0,0
2015-06-26,19:00:00,0.94526,0.9455,0.94394,0.94412,0,0
2015-06-26,20:00:00,0.94403,0.94445,0.94232,0.94308,0,0
2015-06-26,21:00:00,0.94307,0.94343,0.94244,0.9429,0,0
2015-06-26,22:00:00,0.94282,0.94333,0.9423,0.9429,0,0
2015-06-26,23:00:00,0.94296,0.94297,0.94284,0.94296,0,0
2015-06-29,01:00:00,0.94069,0.94383,0.9371,0.94081,0,0
2015-06-29,02:00:00,0.94116,0.94289,0.93943,0.9413,0,0
2015-06-29,03:00:00,0.9412,0.94259,0.94004,0.94191,0,0
2015-06-29,04:00:00,0.94191,0.94383,0.94191,0.94355,0,0
2015-06-29,05:00:00,0.94349,0.94948,0.94323,0.94523,0,0
2015-06-29,06:00:00,0.94526,0.94597,0.94389,0.9441,0,0
2015-06-29,07:00:00,0.94414,0.94442,0.94347,0.94364,0,0
2015-06-29,08:00:00,0.94365,0.94389,0.94154,0.94301,0,0
2015-06-29,09:00:00,0.94304,0.94503,0.94187,0.94309,0,0
2015-06-29,10:00:00,0.9433,0.9433,0.94122,0.94253,0,0
2015-06-29,11:00:00,0.94252,0.94421,0.94157,0.94419,0,0
2015-06-29,12:00:00,0.94419,0.94577,0.9439,0.94572,0,0
2015-06-29,13:00:00,0.94574,0.94723,0.94549,0.94679,0,0
2015-06-29,14:00:00,0.94676,0.9482,0.94566,0.94573,0,0
2015-06-29,15:00:00,0.94568,0.94825,0.94567,0.94751,0,0
2015-06-29,16:00:00,0.94755,0.949,0.9467,0.94743,0,0
2015-06-29,17:00:00,0.94726,0.94918,0.94707,0.94731,0,0
2015-06-29,18:00:00,0.94725,0.95053,0.94657,0.95027,0,0
2015-06-29,19:00:00,0.95037,0.95265,0.95012,0.95245,0,0
2015-06-29,20:00:00,0.95233,0.95466,0.95196,0.95357,0,0
2015-06-29,21:00:00,0.95357,0.95364,0.95204,0.9531,0,0
2015-06-29,22:00:00,0.95303,0.9533,0.95207,0.9525,0,0
2015-06-29,23:00:00,0.95259,0.95367,0.95226,0.95254,0,0
2015-06-29,23:59:00,0.95247,0.9527,0.95156,0.95224,0,0
2015-06-30,01:00:00,0.95224,0.95244,0.95163,0.95173,0,0
2015-06-30,02:00:00,0.95174,0.95298,0.95174,0.95245,0,0
2015-06-30,03:00:00,0.95245,0.95308,0.95172,0.9527,0,0
2015-06-30,04:00:00,0.95272,0.95354,0.95133,0.95331,0,0
2015-06-30,05:00:00,0.95299,0.9533,0.95173,0.95271,0,0
2015-06-30,06:00:00,0.95273,0.95301,0.9512,0.95237,0,0
2015-06-30,07:00:00,0.95189,0.95237,0.95049,0.95152,0,0
2015-06-30,08:00:00,0.95151,0.95221,0.95101,0.95168,0,0
2015-06-30,09:00:00,0.95167,0.95335,0.9512,0.95138,0,0
2015-06-30,10:00:00,0.95138,0.95349,0.95124,0.95244,0,0
2015-06-30,11:00:00,0.95236,0.95363,0.95144,0.95223,0,0
2015-06-30,12:00:00,0.95222,0.95342,0.95096,0.95129,0,0
2015-06-30,13:00:00,0.95123,0.95158,0.94927,0.9506,0,0
2015-06-30,14:00:00,0.95061,0.95259,0.95042,0.95169,0,0
2015-06-30,15:00:00,0.95168,0.95815,0.95086,0.95753,0,0
2015-06-30,16:00:00,0.95757,0.96008,0.95757,0.95931,0,0
2015-06-30,17:00:00,0.95928,0.96062,0.95872,0.95918,0,0
2015-06-30,18:00:00,0.95918,0.96092,0.95916,0.96083,0,0
2015-06-30,19:00:00,0.96083,0.9634,0.96073,0.96225,0,0
2015-06-30,20:00:00,0.96225,0.96304,0.96177,0.96231,0,0
2015-06-30,21:00:00,0.96242,0.9639,0.96173,0.9637,0,0
2015-06-30,22:00:00,0.9637,0.96386,0.96259,0.96357,0,0
2015-06-30,23:00:00,0.96371,0.9639,0.96264,0.96295,0,0
2015-06-30,23:59:00,0.96288,0.96291,0.96172,0.96222,0,0
2015-07-01,01:00:00,0.9622,0.96273,0.96029,0.96033,0,0
2015-07-01,02:00:00,0.96033,0.9612,0.95968,0.96002,0,0
2015-07-01,03:00:00,0.95982,0.9627,0.95976,0.9627,0,0
2015-07-01,04:00:00,0.96347,0.96472,0.96131,0.96396,0,0
2015-07-01,05:00:00,0.96396,0.96637,0.96393,0.96463,0,0
2015-07-01,06:00:00,0.96463,0.96599,0.96445,0.96558,0,0
2015-07-01,07:00:00,0.96558,0.96561,0.96437,0.96469,0,0
2015-07-01,08:00:00,0.96469,0.96517,0.9641,0.96459,0,0
2015-07-01,09:00:00,0.96464,0.96557,0.9632,0.96477,0,0
2015-07-01,10:00:00,0.96473,0.96531,0.96394,0.96423,0,0
2015-07-01,11:00:00,0.96412,0.9643,0.96238,0.964,0,0
2015-07-01,12:00:00,0.96394,0.96489,0.96362,0.96428,0,0
2015-07-01,13:00:00,0.96428,0.96508,0.96343,0.96435,0,0
2015-07-01,14:00:00,0.96432,0.96449,0.96162,0.96189,0,0
2015-07-01,15:00:00,0.96179,0.96281,0.96051,0.96265,0,0
2015-07-01,16:00:00,0.96271,0.96299,0.95995,0.96094,0,0
2015-07-01,17:00:00,0.96084,0.96269,0.96074,0.96143,0,0
2015-07-01,18:00:00,0.96141,0.96335,0.96112,0.96248,0,0
2015-07-01,19:00:00,0.96242,0.96324,0.96189,0.96274,0,0
2015-07-01,20:00:00,0.96254,0.96389,0.96239,0.96361,0,0
2015-07-01,21:00:00,0.96355,0.96385,0.96231,0.96252,0,0
2015-07-01,22:00:00,0.96231,0.9631,0.96214,0.96274,0,0
2015-07-01,23:00:00,0.96262,0.96345,0.96244,0.96247,0,0
2015-07-01,23:59:00,0.96246,0.96338,0.96172,0.96265,0,0
2015-07-02,01:00:00,0.96264,0.96308,0.96106,0.96163,0,0
2015-07-02,02:00:00,0.96164,0.96209,0.96118,0.96161,0,0
2015-07-02,03:00:00,0.96161,0.96339,0.96156,0.96339,0,0
2015-07-02,04:00:00,0.96351,0.96383,0.96065,0.9617,0,0
2015-07-02,05:00:00,0.96161,0.96207,0.96085,0.96193,0,0
2015-07-02,06:00:00,0.96194,0.96349,0.96189,0.96307,0,0
2015-07-02,07:00:00,0.96312,0.96321,0.9623,0.96286,0,0
2015-07-02,08:00:00,0.96285,0.96314,0.96216,0.96299,0,0
2015-07-02,09:00:00,0.96304,0.96324,0.96018,0.96114,0,0
2015-07-02,10:00:00,0.96114,0.96117,0.95918,0.95938,0,0
2015-07-02,11:00:00,0.95941,0.96016,0.95851,0.95979,0,0
2015-07-02,12:00:00,0.95987,0.96072,0.95931,0.95996,0,0
2015-07-02,13:00:00,0.96,0.96006,0.95855,0.95984,0,0
2015-07-02,14:00:00,0.95972,0.95972,0.95731,0.95833,0,0
2015-07-02,15:00:00,0.95835,0.96101,0.95721,0.95849,0,0
2015-07-02,16:00:00,0.95845,0.95923,0.95752,0.95814,0,0
2015-07-02,17:00:00,0.9582,0.9601,0.9582,0.95895,0,0
2015-07-02,18:00:00,0.95896,0.95936,0.95813,0.9587,0,0
2015-07-02,19:00:00,0.95871,0.95906,0.95745,0.95794,0,0
2015-07-02,20:00:00,0.95788,0.95828,0.95739,0.95762,0,0
2015-07-02,21:00:00,0.95774,0.95795,0.95723,0.95736,0,0
2015-07-02,22:00:00,0.95738,0.95774,0.95686,0.95745,0,0
2015-07-02,23:00:00,0.95736,0.95821,0.95708,0.95708,0,0
2015-07-02,23:59:00,0.95704,0.95796,0.95697,0.95743,0,0
2015-07-03,01:00:00,0.95756,0.95832,0.95733,0.95771,0,0
2015-07-03,02:00:00,0.95771,0.95823,0.9576,0.9581,0,0
2015-07-03,03:00:00,0.9581,0.95932,0.95792,0.95872,0,0
2015-07-03,04:00:00,0.95868,0.95904,0.95397,0.95419,0,0
2015-07-03,05:00:00,0.95423,0.95447,0.95207,0.95241,0,0
2015-07-03,06:00:00,0.95241,0.953,0.95082,0.95245,0,0
2015-07-03,07:00:00,0.95244,0.9536,0.95194,0.95272,0,0
2015-07-03,08:00:00,0.95288,0.95338,0.95177,0.95231,0,0
2015-07-03,09:00:00,0.95222,0.95296,0.95169,0.9522,0,0
2015-07-03,10:00:00,0.95219,0.95219,0.94884,0.94915,0,0
2015-07-03,11:00:00,0.94913,0.94972,0.94692,0.94692,0,0
2015-07-03,12:00:00,0.94685,0.94771,0.94565,0.94629,0,0
2015-07-03,13:00:00,0.94629,0.94639,0.94343,0.94423,0,0
2015-07-03,14:00:00,0.94423,0.94631,0.94408,0.94583,0,0
2015-07-03,15:00:00,0.94582,0.94757,0.94566,0.94696,0,0
2015-07-03,16:00:00,0.947,0.9472,0.94599,0.94606,0,0
2015-07-03,17:00:00,0.94605,0.94659,0.94502,0.94504,0,0
2015-07-03,18:00:00,0.94502,0.94566,0.94459,0.94474,0,0
2015-07-03,19:00:00,0.94475,0.94613,0.94417,0.94571,0,0
2015-07-03,20:00:00,0.94576,0.94622,0.9445,0.94534,0,0
2015-07-03,21:00:00,0.94535,0.94553,0.94423,0.94447,0,0
2015-07-03,22:00:00,0.94448,0.94594,0.94373,0.94555,0,0
2015-07-03,23:00:00,0.94555,0.94563,0.94527,0.94549,0,0
2015-07-06,01:00:00,0.94135,0.94384,0.94092,0.94348,0,0
2015-07-06,02:00:00,0.94349,0.94581,0.94336,0.94408,0,0
2015-07-06,03:00:00,0.94421,0.94689,0.94414,0.94661,0,0
2015-07-06,04:00:00,0.9466,0.94715,0.94567,0.94632,0,0
2015-07-06,05:00:00,0.94638,0.9465,0.94394,0.94545,0,0
2015-07-06,06:00:00,0.94544,0.94559,0.94341,0.94383,0,0
2015-07-06,07:00:00,0.94388,0.94395,0.94189,0.94319,0,0
2015-07-06,08:00:00,0.94319,0.9445,0.94147,0.94384,0,0
2015-07-06,09:00:00,0.94372,0.94589,0.94372,0.94551,0,0
2015-07-06,10:00:00,0.94555,0.94643,0.94336,0.94423,0,0
2015-07-06,11:00:00,0.9442,0.94535,0.94355,0.94453,0,0
2015-07-06,12:00:00,0.94458,0.94681,0.94412,0.94681,0,0
2015-07-06,13:00:00,0.94681,0.94705,0.94522,0.9459,0,0
2015-07-06,14:00:00,0.94585,0.94646,0.94522,0.94646,0,0
2015-07-06,15:00:00,0.94641,0.94878,0.94619,0.94862,0,0
2015-07-06,16:00:00,0.94864,0.95091,0.94864,0.95014,0,0
2015-07-06,17:00:00,0.95054,0.95111,0.94871,0.95044,0,0
2015-07-06,18:00:00,0.95037,0.95043,0.94893,0.94938,0,0
2015-07-06,19:00:00,0.94932,0.95009,0.94876,0.94926,0,0
2015-07-06,20:00:00,0.94907,0.95096,0.94906,0.94961,0,0
2015-07-06,21:00:00,0.94964,0.95044,0.94854,0.94854,0,0
2015-07-06,22:00:00,0.94847,0.94922,0.94804,0.94874,0,0
2015-07-06,23:00:00,0.94867,0.94896,0.94842,0.9487,0,0
2015-07-06,23:59:00,0.9488,0.94904,0.94816,0.94833,0,0
2015-07-07,01:00:00,0.94834,0.94871,0.94755,0.94757,0,0
2015-07-07,02:00:00,0.94757,0.94769,0.94639,0.94645,0,0
2015-07-07,03:00:00,0.94643,0.94784,0.94637,0.94683,0,0
2015-07-07,04:00:00,0.94683,0.94756,0.94637,0.94717,0,0
2015-07-07,05:00:00,0.94694,0.94776,0.94689,0.94698,0,0
2015-07-07,06:00:00,0.94698,0.94718,0.94564,0.94599,0,0
2015-07-07,07:00:00,0.946,0.94786,0.94488,0.94721,0,0
2015-07-07,08:00:00,0.94721,0.949,0.94721,0.94842,0,0
2015-07-07,09:00:00,0.9484,0.94942,0.94756,0.94814,0,0
2015-07-07,10:00:00,0.94814,0.94923,0.94391,0.9443,0,0
2015-07-07,11:00:00,0.94427,0.94514,0.9429,0.94434,0,0
2015-07-07,12:00:00,0.94432,0.94528,0.94394,0.94419,0,0
2015-07-07,13:00:00,0.94425,0.94536,0.94312,0.94503,0,0
2015-07-07,14:00:00,0.94485,0.94606,0.9446,0.94518,0,0
2015-07-07,15:00:00,0.9452,0.94706,0.94444,0.94526,0,0
2015-07-07,16:00:00,0.9453,0.94686,0.9445,0.94601,0,0
2015-07-07,17:00:00,0.94619,0.94804,0.94507,0.948,0,0
2015-07-07,18:00:00,0.94796,0.94811,0.94645,0.9474,0,0
2015-07-07,19:00:00,0.94731,0.94804,0.94678,0.94703,0,0
2015-07-07,20:00:00,0.94699,0.94763,0.94644,0.94711,0,0
2015-07-07,21:00:00,0.9471,0.94787,0.94645,0.94662,0,0
2015-07-07,22:00:00,0.94671,0.94808,0.94623,0.94736,0,0
2015-07-07,23:00:00,0.94723,0.94727,0.94611,0.94666,0,0
2015-07-07,23:59:00,0.94679,0.94712,0.94622,0.94655,0,0
2015-07-08,01:00:00,0.94657,0.94745,0.94646,0.94724,0,0
2015-07-08,02:00:00,0.94723,0.94868,0.9468,0.94834,0,0
2015-07-08,03:00:00,0.94835,0.9485,0.94612,0.94619,0,0
2015-07-08,04:00:00,0.94619,0.94674,0.94266,0.94457,0,0
2015-07-08,05:00:00,0.94444,0.94573,0.9439,0.94433,0,0
2015-07-08,06:00:00,0.94434,0.94441,0.94283,0.94375,0,0
2015-07-08,07:00:00,0.94375,0.94458,0.94162,0.94273,0,0
2015-07-08,08:00:00,0.9427,0.94412,0.9427,0.94296,0,0
2015-07-08,09:00:00,0.94307,0.94357,0.94083,0.94202,0,0
2015-07-08,10:00:00,0.94181,0.9425,0.94056,0.94166,0,0
2015-07-08,11:00:00,0.94157,0.94293,0.94081,0.94177,0,0
2015-07-08,12:00:00,0.94175,0.94315,0.94132,0.94177,0,0
2015-07-08,13:00:00,0.94177,0.94438,0.94166,0.94407,0,0
2015-07-08,14:00:00,0.94409,0.94542,0.94349,0.94537,0,0
2015-07-08,15:00:00,0.94531,0.94733,0.94444,0.94639,0,0
2015-07-08,16:00:00,0.94644,0.94772,0.94495,0.9455,0,0
2015-07-08,17:00:00,0.94558,0.94679,0.9441,0.94651,0,0
2015-07-08,18:00:00,0.94646,0.9478,0.94595,0.94731,0,0
2015-07-08,19:00:00,0.94722,0.94822,0.94691,0.94798,0,0
2015-07-08,20:00:00,0.94784,0.94835,0.9463,0.94751,0,0
2015-07-08,21:00:00,0.94759,0.94796,0.94538,0.94552,0,0
2015-07-08,22:00:00,0.94524,0.9466,0.94514,0.94581,0,0
2015-07-08,23:00:00,0.9459,0.94706,0.94551,0.94706,0,0
2015-07-08,23:59:00,0.94701,0.94701,0.94574,0.94633,0,0
2015-07-09,01:00:00,0.9464,0.94688,0.94597,0.94669,0,0
2015-07-09,02:00:00,0.9467,0.94697,0.94439,0.94475,0,0
2015-07-09,03:00:00,0.9448,0.9452,0.94178,0.94287,0,0
2015-07-09,04:00:00,0.94288,0.94825,0.9428,0.94665,0,0
2015-07-09,05:00:00,0.9466,0.95041,0.94632,0.94887,0,0
2015-07-09,06:00:00,0.94886,0.95037,0.9483,0.94892,0,0
2015-07-09,07:00:00,0.94892,0.94971,0.94818,0.94957,0,0
2015-07-09,08:00:00,0.94954,0.95118,0.94945,0.95025,0,0
2015-07-09,09:00:00,0.95029,0.95158,0.94941,0.95082,0,0
2015-07-09,10:00:00,0.95077,0.9514,0.9493,0.94998,0,0
2015-07-09,11:00:00,0.94995,0.95012,0.94831,0.94856,0,0
2015-07-09,12:00:00,0.94855,0.94862,0.94528,0.94565,0,0
2015-07-09,13:00:00,0.94565,0.94565,0.94349,0.94523,0,0
2015-07-09,14:00:00,0.94524,0.94577,0.94431,0.94507,0,0
2015-07-09,15:00:00,0.94517,0.94744,0.94442,0.94589,0,0
2015-07-09,16:00:00,0.94589,0.94664,0.9457,0.9457,0,0
2015-07-09,17:00:00,0.94571,0.947,0.94492,0.9461,0,0
2015-07-09,18:00:00,0.94606,0.94728,0.94584,0.94665,0,0
2015-07-09,19:00:00,0.94657,0.94719,0.94563,0.94633,0,0
2015-07-09,20:00:00,0.94635,0.94693,0.94568,0.94662,0,0
2015-07-09,21:00:00,0.94663,0.94685,0.94587,0.94669,0,0
2015-07-09,22:00:00,0.94674,0.94679,0.94566,0.94638,0,0
2015-07-09,23:00:00,0.94641,0.94742,0.94585,0.94642,0,0
2015-07-09,23:59:00,0.94624,0.94729,0.94602,0.94671,0,0
2015-07-10,01:00:00,0.94662,0.949,0.94616,0.9475,0,0
2015-07-10,02:00:00,0.9475,0.94845,0.94731,0.94806,0,0
2015-07-10,03:00:00,0.9481,0.95004,0.9475,0.94959,0,0
2015-07-10,04:00:00,0.94959,0.95117,0.94959,0.94993,0,0
2015-07-10,05:00:00,0.94984,0.95135,0.94951,0.95027,0,0
2015-07-10,06:00:00,0.95025,0.95047,0.94909,0.94979,0,0
2015-07-10,07:00:00,0.94979,0.95014,0.94885,0.94885,0,0
2015-07-10,08:00:00,0.94885,0.9493,0.94751,0.94881,0,0
2015-07-10,09:00:00,0.9488,0.94946,0.94787,0.94856,0,0
2015-07-10,10:00:00,0.94853,0.9487,0.94704,0.94838,0,0
2015-07-10,11:00:00,0.9483,0.94907,0.94752,0.94765,0,0
2015-07-10,12:00:00,0.94752,0.94951,0.94728,0.94886,0,0
2015-07-10,13:00:00,0.94888,0.95022,0.94826,0.94962,0,0
2015-07-10,14:00:00,0.94949,0.95072,0.94885,0.94893,0,0
2015-07-10,15:00:00,0.94894,0.94969,0.94547,0.94692,0,0
2015-07-10,16:00:00,0.94696,0.94754,0.94442,0.94563,0,0
2015-07-10,17:00:00,0.94558,0.9465,0.9443,0.94438,0,0
2015-07-10,18:00:00,0.94446,0.94534,0.94383,0.94401,0,0
2015-07-10,19:00:00,0.94401,0.94475,0.94283,0.9437,0,0
2015-07-10,20:00:00,0.94357,0.944,0.94309,0.9438,0,0
2015-07-10,21:00:00,0.94379,0.94463,0.94325,0.94394,0,0
2015-07-10,22:00:00,0.94399,0.94507,0.94335,0.94399,0,0
2015-07-10,23:00:00,0.94399,0.94402,0.94369,0.9437,0,0
2015-07-13,01:00:00,0.94311,0.94423,0.94247,0.94311,0,0
2015-07-13,02:00:00,0.94309,0.94404,0.94223,0.94223,0,0
2015-07-13,03:00:00,0.94223,0.94365,0.94166,0.94365,0,0
2015-07-13,04:00:00,0.94365,0.9446,0.94317,0.94387,0,0
2015-07-13,05:00:00,0.94366,0.9457,0.94366,0.9455,0,0
2015-07-13,06:00:00,0.9455,0.94718,0.94415,0.94454,0,0
2015-07-13,07:00:00,0.94451,0.94565,0.94435,0.94529,0,0
2015-07-13,08:00:00,0.94531,0.94613,0.94499,0.94553,0,0
2015-07-13,09:00:00,0.94562,0.94696,0.94498,0.94667,0,0
2015-07-13,10:00:00,0.94663,0.94698,0.94413,0.94535,0,0
2015-07-13,11:00:00,0.94518,0.94574,0.94417,0.9454,0,0
2015-07-13,12:00:00,0.94541,0.94606,0.94458,0.94533,0,0
2015-07-13,13:00:00,0.94533,0.94584,0.94468,0.94482,0,0
2015-07-13,14:00:00,0.9449,0.94543,0.94367,0.9451,0,0
2015-07-13,15:00:00,0.94505,0.94536,0.94402,0.94436,0,0
2015-07-13,16:00:00,0.94437,0.94653,0.94359,0.94628,0,0
2015-07-13,17:00:00,0.94631,0.94648,0.94294,0.94303,0,0
2015-07-13,18:00:00,0.94316,0.94548,0.94281,0.94528,0,0
2015-07-13,19:00:00,0.9453,0.94599,0.94369,0.94474,0,0
2015-07-13,20:00:00,0.94487,0.94488,0.9438,0.94409,0,0
2015-07-13,21:00:00,0.94411,0.94538,0.94379,0.94453,0,0
2015-07-13,22:00:00,0.94459,0.94466,0.94358,0.94386,0,0
2015-07-13,23:00:00,0.94382,0.94401,0.94313,0.94363,0,0
2015-07-13,23:59:00,0.94377,0.94429,0.94268,0.94299,0,0
2015-07-14,01:00:00,0.94299,0.94327,0.94243,0.94255,0,0
2015-07-14,02:00:00,0.94257,0.94354,0.94241,0.94259,0,0
2015-07-14,03:00:00,0.94271,0.94462,0.94241,0.9446,0,0
2015-07-14,04:00:00,0.94453,0.94707,0.94377,0.9463,0,0
2015-07-14,05:00:00,0.94635,0.94676,0.94563,0.94601,0,0
2015-07-14,06:00:00,0.94606,0.94654,0.94566,0.94614,0,0
2015-07-14,07:00:00,0.94614,0.94701,0.94612,0.94626,0,0
2015-07-14,08:00:00,0.94625,0.94699,0.94564,0.94659,0,0
2015-07-14,09:00:00,0.94661,0.95029,0.94621,0.94932,0,0
2015-07-14,10:00:00,0.94936,0.95079,0.94871,0.95037,0,0
2015-07-14,11:00:00,0.95043,0.95071,0.94902,0.94941,0,0
2015-07-14,12:00:00,0.94935,0.95127,0.94926,0.94998,0,0
2015-07-14,13:00:00,0.95003,0.95149,0.94989,0.951,0,0
2015-07-14,14:00:00,0.95094,0.95121,0.94884,0.94963,0,0
2015-07-14,15:00:00,0.94979,0.9519,0.94857,0.95082,0,0
2015-07-14,16:00:00,0.95082,0.952,0.94915,0.94955,0,0
2015-07-14,17:00:00,0.94944,0.95048,0.94782,0.94816,0,0
2015-07-14,18:00:00,0.94822,0.95026,0.94813,0.94952,0,0
2015-07-14,19:00:00,0.94945,0.9503,0.94913,0.94968,0,0
2015-07-14,20:00:00,0.94968,0.95,0.94887,0.94961,0,0
2015-07-14,21:00:00,0.94961,0.94983,0.94912,0.9494,0,0
2015-07-14,22:00:00,0.94951,0.94976,0.94856,0.94909,0,0
2015-07-14,23:00:00,0.949,0.94961,0.94845,0.9485,0,0
2015-07-14,23:59:00,0.94847,0.94907,0.94826,0.94882,0,0
2015-07-15,01:00:00,0.94882,0.94927,0.94852,0.94861,0,0
2015-07-15,02:00:00,0.94864,0.94884,0.9479,0.94844,0,0
2015-07-15,03:00:00,0.94837,0.94967,0.94778,0.94859,0,0
2015-07-15,04:00:00,0.94859,0.95108,0.94824,0.9491,0,0
2015-07-15,05:00:00,0.94966,0.95281,0.94966,0.95122,0,0
2015-07-15,06:00:00,0.95124,0.95145,0.95044,0.95078,0,0
2015-07-15,07:00:00,0.95077,0.95163,0.95045,0.95121,0,0
2015-07-15,08:00:00,0.95121,0.95166,0.95023,0.95088,0,0
2015-07-15,09:00:00,0.95088,0.95287,0.95028,0.95266,0,0
2015-07-15,10:00:00,0.95266,0.9528,0.9515,0.95165,0,0
2015-07-15,11:00:00,0.95165,0.95208,0.95022,0.95119,0,0
2015-07-15,12:00:00,0.9512,0.95182,0.95085,0.95146,0,0
2015-07-15,13:00:00,0.95147,0.95213,0.95104,0.95117,0,0
2015-07-15,14:00:00,0.9511,0.95155,0.95023,0.9504,0,0
2015-07-15,15:00:00,0.95041,0.95249,0.94988,0.95141,0,0
2015-07-15,16:00:00,0.95141,0.95171,0.94856,0.9492,0,0
2015-07-15,17:00:00,0.94938,0.95761,0.94938,0.9544,0,0
2015-07-15,18:00:00,0.95435,0.95481,0.95031,0.95296,0,0
2015-07-15,19:00:00,0.95301,0.95393,0.95179,0.95364,0,0
2015-07-15,20:00:00,0.9536,0.95433,0.95315,0.9536,0,0
2015-07-15,21:00:00,0.95359,0.95417,0.95297,0.95302,0,0
2015-07-15,22:00:00,0.95291,0.95408,0.95291,0.95338,0,0
2015-07-15,23:00:00,0.95346,0.95351,0.95253,0.95295,0,0
2015-07-15,23:59:00,0.95294,0.95376,0.95236,0.95343,0,0
2015-07-16,01:00:00,0.9533,0.95426,0.9523,0.95332,0,0
2015-07-16,02:00:00,0.95334,0.95427,0.95254,0.95282,0,0
2015-07-16,03:00:00,0.95299,0.95394,0.95239,0.95326,0,0
2015-07-16,04:00:00,0.95326,0.95354,0.95165,0.95301,0,0
2015-07-16,05:00:00,0.95302,0.95362,0.95226,0.95362,0,0
2015-07-16,06:00:00,0.95361,0.95393,0.95275,0.95306,0,0
2015-07-16,07:00:00,0.95306,0.9533,0.95122,0.95181,0,0
2015-07-16,08:00:00,0.9518,0.95206,0.95083,0.9515,0,0
2015-07-16,09:00:00,0.9515,0.95473,0.95133,0.95378,0,0
2015-07-16,10:00:00,0.95381,0.955,0.95348,0.9543,0,0
2015-07-16,11:00:00,0.9543,0.95537,0.95427,0.95493,0,0
2015-07-16,12:00:00,0.95484,0.95654,0.95461,0.9564,0,0
2015-07-16,13:00:00,0.9564,0.95838,0.95608,0.95749,0,0
2015-07-16,14:00:00,0.95754,0.95832,0.95635,0.95655,0,0
2015-07-16,15:00:00,0.95655,0.95681,0.95531,0.9565,0,0
2015-07-16,16:00:00,0.95647,0.95953,0.95646,0.95834,0,0
2015-07-16,17:00:00,0.95871,0.96002,0.95816,0.95965,0,0
2015-07-16,18:00:00,0.95958,0.96161,0.95955,0.96118,0,0
2015-07-16,19:00:00,0.96117,0.96201,0.96013,0.96055,0,0
2015-07-16,20:00:00,0.96057,0.96109,0.95908,0.95927,0,0
2015-07-16,21:00:00,0.9594,0.96023,0.95901,0.96007,0,0
2015-07-16,22:00:00,0.96003,0.96041,0.95962,0.96009,0,0
2015-07-16,23:00:00,0.96013,0.96028,0.95953,0.95954,0,0
2015-07-16,23:59:00,0.9595,0.9603,0.95934,0.95968,0,0
2015-07-17,01:00:00,0.95969,0.96123,0.95969,0.96101,0,0
2015-07-17,02:00:00,0.96101,0.96156,0.96041,0.96144,0,0
2015-07-17,03:00:00,0.96141,0.96198,0.961,0.96138,0,0
2015-07-17,04:00:00,0.96138,0.96187,0.96103,0.96115,0,0
2015-07-17,05:00:00,0.96115,0.96144,0.96069,0.96108,0,0
2015-07-17,06:00:00,0.96108,0.96133,0.9602,0.96025,0,0
2015-07-17,07:00:00,0.96029,0.96112,0.95955,0.96095,0,0
2015-07-17,08:00:00,0.96096,0.96123,0.96018,0.96089,0,0
2015-07-17,09:00:00,0.96082,0.96099,0.95926,0.95946,0,0
2015-07-17,10:00:00,0.95941,0.96009,0.959,0.95963,0,0
2015-07-17,11:00:00,0.95961,0.96089,0.95943,0.96012,0,0
2015-07-17,12:00:00,0.96007,0.96011,0.95865,0.95928,0,0
2015-07-17,13:00:00,0.95925,0.95988,0.95854,0.95983,0,0
2015-07-17,14:00:00,0.95983,0.96096,0.95966,0.96075,0,0
2015-07-17,15:00:00,0.96078,0.96132,0.95796,0.95864,0,0
2015-07-17,16:00:00,0.95862,0.95871,0.95716,0.95776,0,0
2015-07-17,17:00:00,0.95781,0.95894,0.95751,0.95818,0,0
2015-07-17,18:00:00,0.95816,0.95898,0.95787,0.95791,0,0
2015-07-17,19:00:00,0.9579,0.95893,0.95782,0.95868,0,0
2015-07-17,20:00:00,0.9588,0.95893,0.95789,0.9584,0,0
2015-07-17,21:00:00,0.95839,0.95851,0.95774,0.95831,0,0
2015-07-17,22:00:00,0.95829,0.9587,0.95803,0.9587,0,0
2015-07-17,23:00:00,0.95873,0.95873,0.95868,0.95869,0,0
2015-07-20,01:00:00,0.95742,0.95771,0.9571,0.9576,0,0
2015-07-20,02:00:00,0.95756,0.95766,0.95662,0.95694,0,0
2015-07-20,03:00:00,0.95699,0.95765,0.95684,0.95728,0,0
2015-07-20,04:00:00,0.95726,0.95766,0.95531,0.95533,0,0
2015-07-20,05:00:00,0.95506,0.95658,0.95359,0.95395,0,0
2015-07-20,06:00:00,0.95374,0.9543,0.9527,0.95363,0,0
2015-07-20,07:00:00,0.95358,0.95578,0.95335,0.95542,0,0
2015-07-20,08:00:00,0.95544,0.95595,0.95474,0.95579,0,0
2015-07-20,09:00:00,0.9557,0.9586,0.95556,0.9581,0,0
2015-07-20,10:00:00,0.95888,0.95902,0.95721,0.95794,0,0
2015-07-20,11:00:00,0.9578,0.95887,0.95679,0.95758,0,0
2015-07-20,12:00:00,0.95743,0.95926,0.95698,0.95768,0,0
2015-07-20,13:00:00,0.9579,0.9594,0.95725,0.95789,0,0
2015-07-20,14:00:00,0.95803,0.95911,0.95788,0.95824,0,0
2015-07-20,15:00:00,0.95817,0.95911,0.95737,0.95867,0,0
2015-07-20,16:00:00,0.95846,0.95926,0.95656,0.95656,0,0
2015-07-20,17:00:00,0.95663,0.95876,0.95607,0.95658,0,0
2015-07-20,18:00:00,0.95656,0.95838,0.95656,0.95798,0,0
2015-07-20,19:00:00,0.95806,0.9586,0.9577,0.9582,0,0
2015-07-20,20:00:00,0.95833,0.95888,0.95829,0.95866,0,0
2015-07-20,21:00:00,0.95869,0.95918,0.95819,0.9588,0,0
2015-07-20,22:00:00,0.95884,0.95904,0.95845,0.95865,0,0
2015-07-20,23:00:00,0.95869,0.95879,0.95778,0.95793,0,0
2015-07-20,23:59:00,0.9579,0.95867,0.95766,0.95789,0,0
