Date,Time,Open,High,Low,Close,Volume,OpenInt
2015-04-22,01:00:00,0.73721,0.73768,0.73692,0.73726,0,0
2015-04-22,02:00:00,0.73726,0.73733,0.7364,0.73657,0,0
2015-04-22,03:00:00,0.73655,0.73768,0.73641,0.73756,0,0
2015-04-22,04:00:00,0.73756,0.74222,0.73727,0.74164,0,0
2015-04-22,05:00:00,0.7417,0.74232,0.74127,0.74172,0,0
2015-04-22,06:00:00,0.74172,0.74176,0.74082,0.74131,0,0
2015-04-22,07:00:00,0.74125,0.74216,0.74096,0.74171,0,0
2015-04-22,08:00:00,0.7417,0.7421,0.74134,0.74152,0,0
2015-04-22,09:00:00,0.74149,0.74232,0.74085,0.74092,0,0
2015-04-22,10:00:00,0.74092,0.74324,0.74071,0.74251,0,0
2015-04-22,11:00:00,0.74252,0.74274,0.74076,0.74205,0,0
2015-04-22,12:00:00,0.74213,0.74241,0.74121,0.74223,0,0
2015-04-22,13:00:00,0.74223,0.74393,0.74189,0.74373,0,0
2015-04-22,14:00:00,0.7439,0.74512,0.74358,0.74452,0,0
2015-04-22,15:00:00,0.74451,0.75207,0.74443,0.7495,0,0
2015-04-22,16:00:00,0.74953,0.74972,0.74798,0.74807,0,0
2015-04-22,17:00:00,0.74782,0.74966,0.74707,0.74954,0,0
2015-04-22,18:00:00,0.74959,0.75168,0.74923,0.75095,0,0
2015-04-22,19:00:00,0.75095,0.75169,0.75083,0.75128,0,0
2015-04-22,20:00:00,0.75128,0.75286,0.75127,0.75277,0,0
2015-04-22,21:00:00,0.7528,0.75374,0.75203,0.75373,0,0
2015-04-22,22:00:00,0.7537,0.75412,0.75279,0.75316,0,0
2015-04-22,23:00:00,0.75322,0.75388,0.75286,0.75354,0,0
2015-04-22,23:59:00,0.7535,0.75359,0.75168,0.75229,0,0
2015-04-23,01:00:00,0.75228,0.75241,0.7508,0.75139,0,0
2015-04-23,02:00:00,0.75131,0.75166,0.75102,0.75123,0,0
2015-04-23,03:00:00,0.75112,0.75167,0.75022,0.75131,0,0
2015-04-23,04:00:00,0.75134,0.752,0.75018,0.75087,0,0
2015-04-23,05:00:00,0.75086,0.75143,0.74975,0.7502,0,0
2015-04-23,06:00:00,0.75036,0.75153,0.75014,0.75122,0,0
2015-04-23,07:00:00,0.75132,0.7529,0.75108,0.75281,0,0
2015-04-23,08:00:00,0.75285,0.75285,0.75116,0.75116,0,0
2015-04-23,09:00:00,0.75119,0.75168,0.74847,0.74877,0,0
2015-04-23,10:00:00,0.74883,0.75024,0.74777,0.75004,0,0
2015-04-23,11:00:00,0.75007,0.75041,0.74742,0.74771,0,0
2015-04-23,12:00:00,0.74774,0.74801,0.74389,0.74394,0,0
2015-04-23,13:00:00,0.74398,0.74552,0.74296,0.74524,0,0
2015-04-23,14:00:00,0.74527,0.74709,0.74519,0.7456,0,0
2015-04-23,15:00:00,0.74566,0.7458,0.74447,0.7445,0,0
2015-04-23,16:00:00,0.7445,0.74623,0.74404,0.74571,0,0
2015-04-23,17:00:00,0.7457,0.74639,0.74201,0.74202,0,0
2015-04-23,18:00:00,0.74216,0.74354,0.74171,0.74337,0,0
2015-04-23,19:00:00,0.74333,0.74413,0.7421,0.74237,0,0
2015-04-23,20:00:00,0.7424,0.74324,0.74194,0.74263,0,0
2015-04-23,21:00:00,0.74263,0.7427,0.74135,0.74259,0,0
2015-04-23,22:00:00,0.74262,0.74283,0.7419,0.74233,0,0
2015-04-23,23:00:00,0.74225,0.74331,0.74225,0.74258,0,0
2015-04-23,23:59:00,0.74246,0.74281,0.74216,0.74259,0,0
2015-04-24,01:00:00,0.74259,0.74326,0.74242,0.74319,0,0
2015-04-24,02:00:00,0.74318,0.74335,0.74257,0.74316,0,0
2015-04-24,03:00:00,0.74327,0.74435,0.74279,0.74367,0,0
2015-04-24,04:00:00,0.74373,0.74415,0.74274,0.74315,0,0
2015-04-24,05:00:00,0.74321,0.74378,0.74264,0.74325,0,0
2015-04-24,06:00:00,0.74324,0.74415,0.74298,0.74369,0,0
2015-04-24,07:00:00,0.74371,0.744,0.74339,0.74377,0,0
2015-04-24,08:00:00,0.74369,0.74428,0.74358,0.74395,0,0
2015-04-24,09:00:00,0.74391,0.7448,0.74304,0.74469,0,0
2015-04-24,10:00:00,0.74473,0.74499,0.74352,0.74403,0,0
2015-04-24,11:00:00,0.74397,0.74506,0.74142,0.74208,0,0
2015-04-24,12:00:00,0.74206,0.74288,0.74104,0.74282,0,0
2015-04-24,13:00:00,0.74299,0.74323,0.74188,0.74302,0,0
2015-04-24,14:00:00,0.74304,0.74363,0.74185,0.74356,0,0
2015-04-24,15:00:00,0.74354,0.74605,0.74346,0.74466,0,0
2015-04-24,16:00:00,0.74468,0.74541,0.74359,0.74475,0,0
2015-04-24,17:00:00,0.74475,0.7457,0.74418,0.74552,0,0
2015-04-24,18:00:00,0.74554,0.74749,0.74535,0.74581,0,0
2015-04-24,19:00:00,0.74582,0.747,0.74582,0.74669,0,0
2015-04-24,20:00:00,0.74671,0.74699,0.74592,0.74597,0,0
2015-04-24,21:00:00,0.74599,0.74675,0.74559,0.74656,0,0
2015-04-24,22:00:00,0.7466,0.7467,0.7455,0.74631,0,0
2015-04-24,23:00:00,0.74633,0.74661,0.74631,0.74661,0,0
2015-04-27,01:00:00,0.74674,0.74684,0.74621,0.74653,0,0
2015-04-27,02:00:00,0.74653,0.74749,0.7464,0.74676,0,0
2015-04-27,03:00:00,0.74676,0.74698,0.74638,0.7465,0,0
2015-04-27,04:00:00,0.74639,0.74691,0.74596,0.74667,0,0
2015-04-27,05:00:00,0.74668,0.74725,0.7463,0.74658,0,0
2015-04-27,06:00:00,0.74655,0.74655,0.74574,0.74603,0,0
2015-04-27,07:00:00,0.74598,0.74656,0.74583,0.74652,0,0
2015-04-27,08:00:00,0.74654,0.74698,0.74593,0.74595,0,0
2015-04-27,09:00:00,0.74603,0.74676,0.7457,0.74633,0,0
2015-04-27,10:00:00,0.74633,0.74781,0.7458,0.74692,0,0
2015-04-27,11:00:00,0.74687,0.74742,0.74646,0.74683,0,0
2015-04-27,12:00:00,0.74683,0.74758,0.74619,0.74694,0,0
2015-04-27,13:00:00,0.74693,0.74776,0.74673,0.74691,0,0
2015-04-27,14:00:00,0.74694,0.74793,0.74681,0.74777,0,0
2015-04-27,15:00:00,0.74778,0.74822,0.74719,0.74769,0,0
2015-04-27,16:00:00,0.74767,0.74857,0.74695,0.74824,0,0
2015-04-27,17:00:00,0.74831,0.75092,0.74773,0.74945,0,0
2015-04-27,18:00:00,0.74939,0.7494,0.74663,0.74925,0,0
2015-04-27,19:00:00,0.74915,0.75014,0.7477,0.7479,0,0
2015-04-27,20:00:00,0.74796,0.75109,0.74769,0.75056,0,0
2015-04-27,21:00:00,0.75053,0.75123,0.74979,0.75056,0,0
2015-04-27,22:00:00,0.75068,0.75106,0.7503,0.75069,0,0
2015-04-27,23:00:00,0.75078,0.75105,0.74988,0.7505,0,0
2015-04-27,23:59:00,0.75041,0.75095,0.74978,0.74996,0,0
2015-04-28,01:00:00,0.74998,0.75087,0.74903,0.75048,0,0
2015-04-28,02:00:00,0.75047,0.75201,0.75031,0.75138,0,0
2015-04-28,03:00:00,0.75141,0.75225,0.75077,0.75106,0,0
2015-04-28,04:00:00,0.75105,0.75142,0.75067,0.75131,0,0
2015-04-28,05:00:00,0.75125,0.75179,0.75097,0.75177,0,0
2015-04-28,06:00:00,0.75178,0.75178,0.75056,0.75063,0,0
2015-04-28,07:00:00,0.75056,0.75164,0.75037,0.75146,0,0
2015-04-28,08:00:00,0.75147,0.75216,0.75114,0.75203,0,0
2015-04-28,09:00:00,0.75206,0.75294,0.75142,0.75275,0,0
2015-04-28,10:00:00,0.75276,0.75411,0.75221,0.75336,0,0
2015-04-28,11:00:00,0.75335,0.7553,0.75315,0.75518,0,0
2015-04-28,12:00:00,0.75513,0.75836,0.75487,0.75817,0,0
2015-04-28,13:00:00,0.75816,0.7598,0.75816,0.75911,0,0
2015-04-28,14:00:00,0.75912,0.76281,0.75839,0.76048,0,0
2015-04-28,15:00:00,0.76051,0.76231,0.76037,0.76226,0,0
2015-04-28,16:00:00,0.76213,0.76449,0.76213,0.76284,0,0
2015-04-28,17:00:00,0.76254,0.7635,0.76039,0.76079,0,0
2015-04-28,18:00:00,0.76073,0.76496,0.7606,0.76459,0,0
2015-04-28,19:00:00,0.76461,0.76523,0.76427,0.76484,0,0
2015-04-28,20:00:00,0.76484,0.76546,0.76427,0.76512,0,0
2015-04-28,21:00:00,0.76512,0.76529,0.76426,0.76486,0,0
2015-04-28,22:00:00,0.76495,0.76641,0.76484,0.76631,0,0
2015-04-28,23:00:00,0.76625,0.76741,0.76598,0.76656,0,0
2015-04-28,23:59:00,0.76651,0.76689,0.76569,0.76643,0,0
2015-04-29,01:00:00,0.76644,0.76679,0.76582,0.76634,0,0
2015-04-29,02:00:00,0.76637,0.76637,0.76451,0.76462,0,0
2015-04-29,03:00:00,0.76462,0.76562,0.76344,0.76537,0,0
2015-04-29,04:00:00,0.76539,0.76545,0.76384,0.764,0,0
2015-04-29,05:00:00,0.76398,0.76444,0.76342,0.76372,0,0
2015-04-29,06:00:00,0.76376,0.76452,0.76329,0.76417,0,0
2015-04-29,07:00:00,0.7642,0.76423,0.76368,0.76412,0,0
2015-04-29,08:00:00,0.76417,0.765,0.76403,0.76461,0,0
2015-04-29,09:00:00,0.7646,0.76536,0.76434,0.76512,0,0
2015-04-29,10:00:00,0.76511,0.76511,0.76266,0.76308,0,0
2015-04-29,11:00:00,0.76309,0.76363,0.76172,0.76184,0,0
2015-04-29,12:00:00,0.76181,0.76299,0.76102,0.76111,0,0
2015-04-29,13:00:00,0.76107,0.76271,0.76106,0.76249,0,0
2015-04-29,14:00:00,0.76246,0.76329,0.7615,0.76212,0,0
2015-04-29,15:00:00,0.76209,0.76324,0.76007,0.76292,0,0
2015-04-29,16:00:00,0.76269,0.76313,0.75986,0.75995,0,0
2015-04-29,17:00:00,0.75984,0.7614,0.75599,0.75599,0,0
2015-04-29,18:00:00,0.75585,0.75627,0.75329,0.75483,0,0
2015-04-29,19:00:00,0.75474,0.75585,0.7537,0.75585,0,0
2015-04-29,20:00:00,0.75581,0.75594,0.75472,0.75516,0,0
2015-04-29,21:00:00,0.75533,0.75618,0.75405,0.75495,0,0
2015-04-29,22:00:00,0.75496,0.75515,0.75404,0.75408,0,0
2015-04-29,23:00:00,0.75405,0.75465,0.75214,0.75214,0,0
2015-04-29,23:59:00,0.75225,0.75286,0.75018,0.75192,0,0
2015-04-30,01:00:00,0.75192,0.75229,0.75154,0.75171,0,0
2015-04-30,02:00:00,0.75166,0.75216,0.75154,0.75188,0,0
2015-04-30,03:00:00,0.75181,0.75312,0.75159,0.75292,0,0
2015-04-30,04:00:00,0.75292,0.75378,0.7512,0.75139,0,0
2015-04-30,05:00:00,0.75132,0.75235,0.75058,0.75194,0,0
2015-04-30,06:00:00,0.75197,0.75218,0.75156,0.752,0,0
2015-04-30,07:00:00,0.752,0.75241,0.75042,0.75156,0,0
2015-04-30,08:00:00,0.75156,0.75174,0.75008,0.75102,0,0
2015-04-30,09:00:00,0.75079,0.75102,0.7491,0.75016,0,0
2015-04-30,10:00:00,0.75011,0.75052,0.74341,0.74342,0,0
2015-04-30,11:00:00,0.74323,0.74466,0.74164,0.7435,0,0
2015-04-30,12:00:00,0.74336,0.74647,0.74307,0.74634,0,0
2015-04-30,13:00:00,0.74623,0.74665,0.74081,0.74105,0,0
2015-04-30,14:00:00,0.74105,0.74183,0.74018,0.74108,0,0
2015-04-30,15:00:00,0.74106,0.74288,0.74,0.742,0,0
2015-04-30,16:00:00,0.74197,0.74465,0.74164,0.7422,0,0
2015-04-30,17:00:00,0.74219,0.7422,0.73901,0.73908,0,0
2015-04-30,18:00:00,0.73909,0.74046,0.73788,0.74035,0,0
2015-04-30,19:00:00,0.74035,0.7412,0.73979,0.74079,0,0
2015-04-30,20:00:00,0.7409,0.74176,0.74024,0.7416,0,0
2015-04-30,21:00:00,0.74152,0.74163,0.73688,0.73705,0,0
2015-04-30,22:00:00,0.73705,0.73847,0.73698,0.73837,0,0
2015-04-30,23:00:00,0.73822,0.73872,0.73687,0.73703,0,0
2015-04-30,23:59:00,0.73718,0.73832,0.73692,0.73742,0,0
2015-05-01,01:00:00,0.73731,0.73788,0.73695,0.73728,0,0
2015-05-01,02:00:00,0.73737,0.73807,0.73697,0.73728,0,0
2015-05-01,03:00:00,0.73738,0.73763,0.73656,0.73668,0,0
2015-05-01,04:00:00,0.73697,0.73759,0.73624,0.73665,0,0
2015-05-01,05:00:00,0.73665,0.73734,0.73554,0.73719,0,0
2015-05-01,06:00:00,0.73719,0.73746,0.73676,0.73713,0,0
2015-05-01,07:00:00,0.73712,0.73712,0.73625,0.73625,0,0
2015-05-01,08:00:00,0.73628,0.7373,0.73577,0.737,0,0
2015-05-01,09:00:00,0.737,0.73778,0.73357,0.73385,0,0
2015-05-01,10:00:00,0.73389,0.73553,0.73269,0.7353,0,0
2015-05-01,11:00:00,0.73532,0.73598,0.73434,0.73497,0,0
2015-05-01,12:00:00,0.73498,0.73513,0.73397,0.73405,0,0
2015-05-01,13:00:00,0.73404,0.73453,0.73213,0.73324,0,0
2015-05-01,14:00:00,0.73325,0.73337,0.73124,0.73198,0,0
2015-05-01,15:00:00,0.73201,0.73279,0.73014,0.7311,0,0
2015-05-01,16:00:00,0.73109,0.73231,0.73048,0.7305,0,0
2015-05-01,17:00:00,0.73033,0.7309,0.72893,0.73001,0,0
2015-05-01,18:00:00,0.73003,0.73068,0.72866,0.72986,0,0
2015-05-01,19:00:00,0.7298,0.73118,0.72919,0.73113,0,0
2015-05-01,20:00:00,0.73113,0.73195,0.73073,0.7312,0,0
2015-05-01,21:00:00,0.73122,0.73171,0.73066,0.73085,0,0
2015-05-01,22:00:00,0.73101,0.73164,0.73067,0.73107,0,0
2015-05-01,23:00:00,0.73114,0.73137,0.73114,0.73119,0,0
2015-05-04,01:00:00,0.73147,0.73229,0.73026,0.73096,0,0
2015-05-04,02:00:00,0.73101,0.73125,0.73055,0.73058,0,0
2015-05-04,03:00:00,0.73063,0.73064,0.72914,0.72925,0,0
2015-05-04,04:00:00,0.72924,0.73166,0.72839,0.72963,0,0
2015-05-04,05:00:00,0.72963,0.7308,0.72877,0.73027,0,0
2015-05-04,06:00:00,0.73027,0.7313,0.73,0.7313,0,0
2015-05-04,07:00:00,0.73129,0.73146,0.73043,0.73051,0,0
2015-05-04,08:00:00,0.73051,0.73117,0.73031,0.73108,0,0
2015-05-04,09:00:00,0.73123,0.73328,0.73119,0.73326,0,0
2015-05-04,10:00:00,0.7332,0.73478,0.73273,0.7337,0,0
2015-05-04,11:00:00,0.73353,0.73488,0.73344,0.73387,0,0
2015-05-04,12:00:00,0.73387,0.73425,0.73319,0.73379,0,0
2015-05-04,13:00:00,0.73387,0.73425,0.73227,0.73232,0,0
2015-05-04,14:00:00,0.73232,0.7331,0.7317,0.7327,0,0
2015-05-04,15:00:00,0.73273,0.73345,0.731,0.73101,0,0
2015-05-04,16:00:00,0.73098,0.73137,0.72986,0.7308,0,0
2015-05-04,17:00:00,0.73083,0.73347,0.73039,0.73259,0,0
2015-05-04,18:00:00,0.73258,0.7339,0.7324,0.73343,0,0
2015-05-04,19:00:00,0.73346,0.73413,0.73304,0.73401,0,0
2015-05-04,20:00:00,0.73391,0.73404,0.73261,0.73265,0,0
2015-05-04,21:00:00,0.73265,0.73335,0.73252,0.73317,0,0
2015-05-04,22:00:00,0.73326,0.73326,0.73245,0.73252,0,0
2015-05-04,23:00:00,0.73246,0.73276,0.73138,0.73177,0,0
2015-05-04,23:59:00,0.73185,0.73205,0.73151,0.73162,0,0
2015-05-05,01:00:00,0.73158,0.73271,0.73139,0.73259,0,0
2015-05-05,02:00:00,0.73258,0.7328,0.73194,0.73195,0,0
2015-05-05,03:00:00,0.73193,0.733,0.7319,0.73199,0,0
2015-05-05,04:00:00,0.73199,0.73322,0.73168,0.73307,0,0
2015-05-05,05:00:00,0.73309,0.7343,0.7329,0.73399,0,0
2015-05-05,06:00:00,0.73397,0.73472,0.7336,0.73449,0,0
2015-05-05,07:00:00,0.7345,0.73966,0.72946,0.73924,0,0
2015-05-05,08:00:00,0.73904,0.74059,0.73836,0.73845,0,0
2015-05-05,09:00:00,0.73846,0.73941,0.73659,0.73706,0,0
2015-05-05,10:00:00,0.73707,0.73982,0.73699,0.73966,0,0
2015-05-05,11:00:00,0.73966,0.74094,0.73812,0.73819,0,0
2015-05-05,12:00:00,0.73821,0.73821,0.73599,0.73605,0,0
2015-05-05,13:00:00,0.73609,0.7368,0.7348,0.7348,0,0
2015-05-05,14:00:00,0.7348,0.73659,0.73302,0.73506,0,0
2015-05-05,15:00:00,0.73506,0.7363,0.73436,0.73614,0,0
2015-05-05,16:00:00,0.73619,0.73719,0.73542,0.73594,0,0
2015-05-05,17:00:00,0.73588,0.73703,0.73376,0.73476,0,0
2015-05-05,18:00:00,0.73475,0.73612,0.7343,0.73554,0,0
2015-05-05,19:00:00,0.73556,0.73584,0.73496,0.735,0,0
2015-05-05,20:00:00,0.73493,0.73599,0.73444,0.73596,0,0
2015-05-05,21:00:00,0.73597,0.73642,0.73548,0.73562,0,0
2015-05-05,22:00:00,0.73574,0.73642,0.73538,0.73612,0,0
2015-05-05,23:00:00,0.73613,0.73634,0.73548,0.73577,0,0
2015-05-05,23:59:00,0.73583,0.73621,0.73548,0.73574,0,0
2015-05-06,01:00:00,0.73574,0.73593,0.73474,0.73546,0,0
2015-05-06,02:00:00,0.73546,0.73578,0.73477,0.73551,0,0
2015-05-06,03:00:00,0.73551,0.73657,0.73551,0.73612,0,0
2015-05-06,04:00:00,0.73612,0.73739,0.73528,0.73647,0,0
2015-05-06,05:00:00,0.73648,0.73802,0.73628,0.73754,0,0
2015-05-06,06:00:00,0.73761,0.73801,0.73648,0.73748,0,0
2015-05-06,07:00:00,0.7375,0.73758,0.73663,0.73712,0,0
2015-05-06,08:00:00,0.73714,0.73729,0.73604,0.73628,0,0
2015-05-06,09:00:00,0.73627,0.73701,0.73519,0.73581,0,0
2015-05-06,10:00:00,0.73592,0.73742,0.73559,0.73728,0,0
2015-05-06,11:00:00,0.73737,0.73811,0.73652,0.73777,0,0
2015-05-06,12:00:00,0.73776,0.73889,0.7367,0.7367,0,0
2015-05-06,13:00:00,0.73669,0.73815,0.73628,0.73812,0,0
2015-05-06,14:00:00,0.73815,0.73979,0.73772,0.73908,0,0
2015-05-06,15:00:00,0.73909,0.73918,0.73675,0.73713,0,0
2015-05-06,16:00:00,0.73716,0.73835,0.73223,0.73258,0,0
2015-05-06,17:00:00,0.73261,0.73348,0.73173,0.73246,0,0
2015-05-06,18:00:00,0.7326,0.73338,0.73229,0.73257,0,0
2015-05-06,19:00:00,0.73251,0.73287,0.73166,0.73169,0,0
2015-05-06,20:00:00,0.73169,0.73177,0.73022,0.73062,0,0
2015-05-06,21:00:00,0.73067,0.73087,0.7285,0.72936,0,0
2015-05-06,22:00:00,0.72919,0.73048,0.72911,0.73048,0,0
2015-05-06,23:00:00,0.73048,0.73069,0.72937,0.73004,0,0
2015-05-06,23:59:00,0.73003,0.73111,0.72988,0.7302,0,0
2015-05-07,01:00:00,0.73001,0.73071,0.73,0.73011,0,0
2015-05-07,02:00:00,0.73014,0.73015,0.729,0.72906,0,0
2015-05-07,03:00:00,0.72907,0.72986,0.72856,0.72983,0,0
2015-05-07,04:00:00,0.72986,0.73113,0.72678,0.7304,0,0
2015-05-07,05:00:00,0.73044,0.73263,0.72996,0.73207,0,0
2015-05-07,06:00:00,0.73212,0.73361,0.73167,0.73168,0,0
2015-05-07,07:00:00,0.73168,0.73225,0.73119,0.73146,0,0
2015-05-07,08:00:00,0.73146,0.73155,0.72989,0.73044,0,0
2015-05-07,09:00:00,0.73045,0.73134,0.72864,0.72864,0,0
2015-05-07,10:00:00,0.72865,0.72886,0.72573,0.72594,0,0
2015-05-07,11:00:00,0.72594,0.72618,0.724,0.72465,0,0
2015-05-07,12:00:00,0.7247,0.72494,0.72137,0.72158,0,0
2015-05-07,13:00:00,0.72162,0.72373,0.72134,0.72335,0,0
2015-05-07,14:00:00,0.72332,0.72698,0.72324,0.72683,0,0
2015-05-07,15:00:00,0.72683,0.72964,0.72683,0.72851,0,0
2015-05-07,16:00:00,0.72842,0.73021,0.72745,0.72764,0,0
2015-05-07,17:00:00,0.72766,0.72827,0.72574,0.72815,0,0
2015-05-07,18:00:00,0.72813,0.72901,0.72745,0.72775,0,0
2015-05-07,19:00:00,0.72776,0.72931,0.72763,0.72888,0,0
2015-05-07,20:00:00,0.72889,0.72932,0.72777,0.72822,0,0
2015-05-07,21:00:00,0.72822,0.72906,0.7278,0.72827,0,0
2015-05-07,22:00:00,0.72833,0.72857,0.72779,0.72818,0,0
2015-05-07,23:00:00,0.72824,0.72882,0.72804,0.72882,0,0
2015-05-07,23:59:00,0.72876,0.73008,0.7279,0.72967,0,0
2015-05-08,01:00:00,0.72968,0.72983,0.72877,0.72935,0,0
2015-05-08,02:00:00,0.72935,0.72987,0.72818,0.72825,0,0
2015-05-08,03:00:00,0.72822,0.72847,0.72741,0.72847,0,0
2015-05-08,04:00:00,0.72841,0.73093,0.72568,0.72816,0,0
2015-05-08,05:00:00,0.72806,0.7284,0.72568,0.72829,0,0
2015-05-08,06:00:00,0.72829,0.7288,0.72765,0.72857,0,0
2015-05-08,07:00:00,0.72856,0.73037,0.7279,0.72995,0,0
2015-05-08,08:00:00,0.72997,0.73005,0.72821,0.72924,0,0
2015-05-08,09:00:00,0.72898,0.73149,0.72885,0.73095,0,0
2015-05-08,10:00:00,0.73098,0.73298,0.73068,0.73117,0,0
2015-05-08,11:00:00,0.73113,0.73116,0.72855,0.72911,0,0
2015-05-08,12:00:00,0.7291,0.73048,0.72888,0.7296,0,0
2015-05-08,13:00:00,0.72958,0.7322,0.72944,0.73149,0,0
2015-05-08,14:00:00,0.73154,0.73185,0.73101,0.73145,0,0
2015-05-08,15:00:00,0.73147,0.73335,0.72998,0.73316,0,0
2015-05-08,16:00:00,0.73302,0.73521,0.73205,0.73361,0,0
2015-05-08,17:00:00,0.73351,0.73402,0.73117,0.73289,0,0
2015-05-08,18:00:00,0.73291,0.73461,0.73247,0.73388,0,0
2015-05-08,19:00:00,0.73392,0.73711,0.73383,0.7366,0,0
2015-05-08,20:00:00,0.7366,0.73737,0.73637,0.73706,0,0
2015-05-08,21:00:00,0.737,0.73771,0.73683,0.7373,0,0
2015-05-08,22:00:00,0.73727,0.73878,0.73726,0.7383,0,0
2015-05-08,23:00:00,0.73823,0.73823,0.73823,0.73823,0,0
2015-05-11,01:00:00,0.73835,0.73866,0.73756,0.7382,0,0
2015-05-11,02:00:00,0.7382,0.73872,0.73759,0.73827,0,0
2015-05-11,03:00:00,0.73828,0.73881,0.73749,0.73802,0,0
2015-05-11,04:00:00,0.7381,0.73893,0.73717,0.73732,0,0
2015-05-11,05:00:00,0.73729,0.73747,0.73617,0.73678,0,0
2015-05-11,06:00:00,0.73679,0.73704,0.73608,0.73667,0,0
2015-05-11,07:00:00,0.73669,0.73747,0.73647,0.73679,0,0
2015-05-11,08:00:00,0.7368,0.73718,0.73629,0.73662,0,0
2015-05-11,09:00:00,0.7366,0.73738,0.73601,0.73658,0,0
2015-05-11,10:00:00,0.73658,0.73743,0.7353,0.7353,0,0
2015-05-11,11:00:00,0.7353,0.73575,0.73394,0.73554,0,0
2015-05-11,12:00:00,0.73551,0.73593,0.73481,0.73518,0,0
2015-05-11,13:00:00,0.73524,0.73641,0.73449,0.73597,0,0
2015-05-11,14:00:00,0.73599,0.73786,0.73572,0.73775,0,0
2015-05-11,15:00:00,0.73773,0.73904,0.73649,0.73896,0,0
2015-05-11,16:00:00,0.73902,0.73956,0.73715,0.73853,0,0
2015-05-11,17:00:00,0.73858,0.73939,0.73729,0.73939,0,0
2015-05-11,18:00:00,0.73935,0.73961,0.73729,0.73798,0,0
2015-05-11,19:00:00,0.73801,0.73852,0.7374,0.73821,0,0
2015-05-11,20:00:00,0.73812,0.7395,0.7381,0.73891,0,0
2015-05-11,21:00:00,0.7389,0.73935,0.73808,0.73808,0,0
2015-05-11,22:00:00,0.73809,0.73821,0.73708,0.73743,0,0
2015-05-11,23:00:00,0.73742,0.73796,0.737,0.7371,0,0
2015-05-11,23:59:00,0.73714,0.73783,0.73697,0.73752,0,0
2015-05-12,01:00:00,0.7374,0.73743,0.73681,0.73692,0,0
2015-05-12,02:00:00,0.73696,0.73861,0.73694,0.73809,0,0
2015-05-12,03:00:00,0.73807,0.73861,0.73764,0.73799,0,0
2015-05-12,04:00:00,0.738,0.73926,0.73722,0.73912,0,0
2015-05-12,05:00:00,0.73906,0.73995,0.73867,0.73882,0,0
2015-05-12,06:00:00,0.73883,0.7391,0.7384,0.7391,0,0
2015-05-12,07:00:00,0.73916,0.74006,0.73893,0.7396,0,0
2015-05-12,08:00:00,0.73962,0.74066,0.73962,0.7399,0,0
2015-05-12,09:00:00,0.73991,0.74,0.73878,0.73919,0,0
2015-05-12,10:00:00,0.73915,0.7398,0.73658,0.73672,0,0
2015-05-12,11:00:00,0.73672,0.73672,0.73484,0.73586,0,0
2015-05-12,12:00:00,0.73584,0.73637,0.73377,0.73525,0,0
2015-05-12,13:00:00,0.73524,0.73742,0.73512,0.73655,0,0
2015-05-12,14:00:00,0.73659,0.73825,0.73659,0.73822,0,0
2015-05-12,15:00:00,0.73829,0.73943,0.7379,0.73853,0,0
2015-05-12,16:00:00,0.73853,0.73853,0.73542,0.73634,0,0
2015-05-12,17:00:00,0.73629,0.73867,0.73602,0.73851,0,0
2015-05-12,18:00:00,0.73842,0.74055,0.7383,0.74034,0,0
2015-05-12,19:00:00,0.74048,0.74065,0.73876,0.74045,0,0
2015-05-12,20:00:00,0.74045,0.74174,0.74032,0.74163,0,0
2015-05-12,21:00:00,0.74171,0.74282,0.7416,0.74212,0,0
2015-05-12,22:00:00,0.74219,0.74245,0.7418,0.74243,0,0
2015-05-12,23:00:00,0.7419,0.74243,0.74069,0.74134,0,0
2015-05-12,23:59:00,0.74136,0.7428,0.73915,0.74174,0,0
2015-05-13,01:00:00,0.74171,0.74191,0.74107,0.74154,0,0
2015-05-13,02:00:00,0.74156,0.74232,0.74113,0.74174,0,0
2015-05-13,03:00:00,0.74184,0.74362,0.74174,0.74194,0,0
2015-05-13,04:00:00,0.74186,0.74289,0.74157,0.74189,0,0
2015-05-13,05:00:00,0.74178,0.74205,0.73982,0.7406,0,0
2015-05-13,06:00:00,0.7406,0.74102,0.73956,0.73994,0,0
2015-05-13,07:00:00,0.73994,0.74053,0.73905,0.73938,0,0
2015-05-13,08:00:00,0.73939,0.74028,0.73885,0.7396,0,0
2015-05-13,09:00:00,0.7396,0.74043,0.73778,0.73812,0,0
2015-05-13,10:00:00,0.73813,0.74067,0.73813,0.74055,0,0
2015-05-13,11:00:00,0.74063,0.74262,0.74009,0.7425,0,0
2015-05-13,12:00:00,0.74248,0.74502,0.74221,0.74411,0,0
2015-05-13,13:00:00,0.74414,0.7462,0.74408,0.74607,0,0
2015-05-13,14:00:00,0.74614,0.74658,0.74557,0.74656,0,0
2015-05-13,15:00:00,0.74654,0.74718,0.74491,0.74555,0,0
2015-05-13,16:00:00,0.74562,0.74678,0.74508,0.74562,0,0
2015-05-13,17:00:00,0.74566,0.74657,0.7427,0.74285,0,0
2015-05-13,18:00:00,0.74286,0.74467,0.7425,0.7437,0,0
2015-05-13,19:00:00,0.74367,0.74448,0.74311,0.74378,0,0
2015-05-13,20:00:00,0.74374,0.74453,0.74286,0.74342,0,0
2015-05-13,21:00:00,0.74349,0.74373,0.74225,0.74258,0,0
2015-05-13,22:00:00,0.74261,0.74372,0.74261,0.7436,0,0
2015-05-13,23:00:00,0.74357,0.7442,0.74308,0.74376,0,0
2015-05-13,23:59:00,0.74372,0.74381,0.74277,0.74341,0,0
2015-05-14,01:00:00,0.74334,0.74475,0.74308,0.74468,0,0
2015-05-14,02:00:00,0.74461,0.74521,0.74386,0.74392,0,0
2015-05-14,03:00:00,0.74389,0.74558,0.74381,0.74498,0,0
2015-05-14,04:00:00,0.74502,0.74826,0.74502,0.74721,0,0
2015-05-14,05:00:00,0.74711,0.74719,0.74443,0.74465,0,0
2015-05-14,06:00:00,0.74467,0.74478,0.7434,0.74361,0,0
2015-05-14,07:00:00,0.74365,0.74492,0.74349,0.74367,0,0
2015-05-14,08:00:00,0.74369,0.74451,0.74317,0.74323,0,0
2015-05-14,09:00:00,0.74322,0.74332,0.74199,0.74228,0,0
2015-05-14,10:00:00,0.74221,0.74243,0.73787,0.73902,0,0
2015-05-14,11:00:00,0.73889,0.73965,0.73744,0.73798,0,0
2015-05-14,12:00:00,0.7379,0.73817,0.73658,0.73725,0,0
2015-05-14,13:00:00,0.73738,0.73806,0.73486,0.73552,0,0
2015-05-14,14:00:00,0.73559,0.73743,0.73556,0.73643,0,0
2015-05-14,15:00:00,0.73657,0.74006,0.73645,0.7396,0,0
2015-05-14,16:00:00,0.73973,0.74328,0.73959,0.7429,0,0
2015-05-14,17:00:00,0.74286,0.74324,0.73888,0.73974,0,0
2015-05-14,18:00:00,0.73963,0.74024,0.73761,0.73924,0,0
2015-05-14,19:00:00,0.73922,0.73948,0.73869,0.73935,0,0
2015-05-14,20:00:00,0.73935,0.73937,0.73807,0.73841,0,0
2015-05-14,21:00:00,0.7385,0.73886,0.73656,0.73695,0,0
2015-05-14,22:00:00,0.73688,0.73795,0.73658,0.7376,0,0
2015-05-14,23:00:00,0.73759,0.73783,0.73699,0.73708,0,0
2015-05-14,23:59:00,0.73715,0.73785,0.73681,0.73724,0,0
2015-05-15,01:00:00,0.73722,0.73785,0.73694,0.73743,0,0
2015-05-15,02:00:00,0.73742,0.73835,0.73725,0.73776,0,0
2015-05-15,03:00:00,0.73773,0.73833,0.73481,0.7355,0,0
2015-05-15,04:00:00,0.73552,0.73639,0.73524,0.73618,0,0
2015-05-15,05:00:00,0.7362,0.73628,0.73529,0.73549,0,0
2015-05-15,06:00:00,0.73539,0.73652,0.73539,0.73638,0,0
2015-05-15,07:00:00,0.73638,0.73639,0.73513,0.73537,0,0
2015-05-15,08:00:00,0.73537,0.73545,0.73468,0.73508,0,0
2015-05-15,09:00:00,0.73511,0.73723,0.73455,0.73455,0,0
2015-05-15,10:00:00,0.7345,0.73583,0.73352,0.73544,0,0
2015-05-15,11:00:00,0.73542,0.73652,0.7348,0.73547,0,0
2015-05-15,12:00:00,0.7356,0.73644,0.73537,0.73596,0,0
2015-05-15,13:00:00,0.73604,0.73752,0.73604,0.73702,0,0
2015-05-15,14:00:00,0.73703,0.73939,0.73689,0.73872,0,0
2015-05-15,15:00:00,0.73871,0.74017,0.73871,0.73986,0,0
2015-05-15,16:00:00,0.73987,0.74136,0.73987,0.74055,0,0
2015-05-15,17:00:00,0.74012,0.74093,0.73683,0.73781,0,0
2015-05-15,18:00:00,0.73786,0.73897,0.73726,0.7389,0,0
2015-05-15,19:00:00,0.73891,0.73892,0.73786,0.738,0,0
2015-05-15,20:00:00,0.73799,0.73806,0.73707,0.73728,0,0
2015-05-15,21:00:00,0.73731,0.73766,0.73536,0.73553,0,0
2015-05-15,22:00:00,0.73552,0.73634,0.7351,0.73631,0,0
2015-05-15,23:00:00,0.7363,0.7363,0.7361,0.73616,0,0
2015-05-18,01:00:00,0.73625,0.73697,0.73547,0.73605,0,0
2015-05-18,02:00:00,0.73607,0.73713,0.73529,0.73635,0,0
2015-05-18,03:00:00,0.73635,0.73648,0.7339,0.73472,0,0
2015-05-18,04:00:00,0.73476,0.73618,0.7343,0.73585,0,0
2015-05-18,05:00:00,0.73583,0.73695,0.73558,0.73601,0,0
2015-05-18,06:00:00,0.73603,0.73631,0.73551,0.73577,0,0
2015-05-18,07:00:00,0.73576,0.73615,0.73525,0.7356,0,0
2015-05-18,08:00:00,0.7356,0.73596,0.73523,0.73544,0,0
2015-05-18,09:00:00,0.73537,0.73658,0.73512,0.73594,0,0
2015-05-18,10:00:00,0.736,0.73683,0.73497,0.73551,0,0
2015-05-18,11:00:00,0.73555,0.73746,0.73554,0.73694,0,0
2015-05-18,12:00:00,0.73694,0.73782,0.73534,0.73534,0,0
2015-05-18,13:00:00,0.73527,0.73535,0.73337,0.73422,0,0
2015-05-18,14:00:00,0.73419,0.73589,0.73406,0.73554,0,0
2015-05-18,15:00:00,0.73554,0.73702,0.73477,0.73492,0,0
2015-05-18,16:00:00,0.73489,0.73682,0.73458,0.73668,0,0
2015-05-18,17:00:00,0.73668,0.73842,0.73626,0.73833,0,0
2015-05-18,18:00:00,0.73837,0.73906,0.73815,0.7386,0,0
2015-05-18,19:00:00,0.73859,0.73935,0.7383,0.73859,0,0
2015-05-18,20:00:00,0.73858,0.7394,0.73794,0.73872,0,0
2015-05-18,21:00:00,0.73875,0.73914,0.73858,0.7389,0,0
2015-05-18,22:00:00,0.73888,0.73954,0.73882,0.7392,0,0
2015-05-18,23:00:00,0.73917,0.74023,0.73874,0.74018,0,0
2015-05-18,23:59:00,0.74022,0.74055,0.73977,0.74028,0,0
2015-05-19,01:00:00,0.74029,0.7405,0.73982,0.74024,0,0
2015-05-19,02:00:00,0.74024,0.74083,0.7401,0.74033,0,0
2015-05-19,03:00:00,0.74039,0.74069,0.73943,0.73999,0,0
2015-05-19,04:00:00,0.74005,0.74071,0.73738,0.7383,0,0
2015-05-19,05:00:00,0.73835,0.7401,0.73812,0.73945,0,0
2015-05-19,06:00:00,0.73945,0.74163,0.73939,0.74102,0,0
2015-05-19,07:00:00,0.74098,0.74111,0.74022,0.74058,0,0
2015-05-19,08:00:00,0.74057,0.74188,0.74033,0.74084,0,0
2015-05-19,09:00:00,0.74097,0.74118,0.73946,0.73987,0,0
2015-05-19,10:00:00,0.74,0.74601,0.73999,0.74303,0,0
2015-05-19,11:00:00,0.74283,0.74492,0.742,0.74288,0,0
2015-05-19,12:00:00,0.74309,0.74333,0.74152,0.74199,0,0
2015-05-19,13:00:00,0.74202,0.7424,0.74114,0.74165,0,0
2015-05-19,14:00:00,0.74165,0.7432,0.74142,0.74189,0,0
2015-05-19,15:00:00,0.74195,0.74393,0.74162,0.7435,0,0
2015-05-19,16:00:00,0.74351,0.74377,0.74169,0.74242,0,0
2015-05-19,17:00:00,0.74247,0.74309,0.7413,0.74185,0,0
2015-05-19,18:00:00,0.74201,0.74242,0.74095,0.74176,0,0
2015-05-19,19:00:00,0.74176,0.74186,0.74076,0.74083,0,0
2015-05-19,20:00:00,0.7408,0.74256,0.7408,0.74214,0,0
2015-05-19,21:00:00,0.74204,0.74229,0.74158,0.74213,0,0
2015-05-19,22:00:00,0.74221,0.74221,0.74103,0.74218,0,0
2015-05-19,23:00:00,0.74219,0.74225,0.7414,0.74148,0,0
2015-05-19,23:59:00,0.74151,0.74224,0.74141,0.74213,0,0
2015-05-20,01:00:00,0.74211,0.74232,0.74174,0.74213,0,0
2015-05-20,02:00:00,0.74208,0.74253,0.74183,0.74253,0,0
2015-05-20,03:00:00,0.74254,0.74265,0.74107,0.74164,0,0
2015-05-20,04:00:00,0.74164,0.74293,0.74128,0.74262,0,0
2015-05-20,05:00:00,0.7426,0.74303,0.74201,0.74225,0,0
2015-05-20,06:00:00,0.74225,0.74288,0.74188,0.7421,0,0
2015-05-20,07:00:00,0.7421,0.74249,0.74177,0.74207,0,0
2015-05-20,08:00:00,0.74209,0.74246,0.74136,0.74191,0,0
2015-05-20,09:00:00,0.74218,0.7431,0.74077,0.74136,0,0
2015-05-20,10:00:00,0.7413,0.74231,0.74035,0.74095,0,0
2015-05-20,11:00:00,0.74097,0.74133,0.73887,0.7405,0,0
2015-05-20,12:00:00,0.7405,0.74086,0.73976,0.74063,0,0
2015-05-20,13:00:00,0.74062,0.742,0.74031,0.74186,0,0
2015-05-20,14:00:00,0.74177,0.74192,0.74016,0.74121,0,0
2015-05-20,15:00:00,0.74122,0.74176,0.73913,0.73959,0,0
2015-05-20,16:00:00,0.73955,0.74036,0.73915,0.73934,0,0
2015-05-20,17:00:00,0.73911,0.73943,0.73754,0.73932,0,0
2015-05-20,18:00:00,0.73951,0.7406,0.73899,0.74017,0,0
2015-05-20,19:00:00,0.74009,0.74009,0.73839,0.73897,0,0
2015-05-20,20:00:00,0.73889,0.73894,0.737,0.73747,0,0
2015-05-20,21:00:00,0.73747,0.73986,0.73716,0.73929,0,0
2015-05-20,22:00:00,0.73927,0.73945,0.73819,0.73823,0,0
2015-05-20,23:00:00,0.73818,0.73837,0.73751,0.73799,0,0
2015-05-20,23:59:00,0.73796,0.73816,0.73714,0.73774,0,0
2015-05-21,01:00:00,0.73774,0.7379,0.73705,0.73777,0,0
2015-05-21,02:00:00,0.73775,0.73817,0.73737,0.73753,0,0
2015-05-21,03:00:00,0.73753,0.7381,0.73723,0.73757,0,0
2015-05-21,04:00:00,0.73761,0.73825,0.73686,0.73696,0,0
2015-05-21,05:00:00,0.73699,0.73863,0.73698,0.73775,0,0
2015-05-21,06:00:00,0.73775,0.73788,0.73723,0.73726,0,0
2015-05-21,07:00:00,0.73726,0.73902,0.73726,0.73902,0,0
2015-05-21,08:00:00,0.73899,0.73962,0.73874,0.73893,0,0
2015-05-21,09:00:00,0.7389,0.74077,0.73825,0.73998,0,0
2015-05-21,10:00:00,0.74009,0.74009,0.737,0.73786,0,0
2015-05-21,11:00:00,0.73795,0.73813,0.73599,0.73751,0,0
2015-05-21,12:00:00,0.73761,0.73779,0.73575,0.73603,0,0
2015-05-21,13:00:00,0.73613,0.73639,0.73445,0.7358,0,0
2015-05-21,14:00:00,0.73582,0.73638,0.73501,0.73638,0,0
2015-05-21,15:00:00,0.73634,0.73699,0.73566,0.73625,0,0
2015-05-21,16:00:00,0.73623,0.73717,0.73574,0.73656,0,0
2015-05-21,17:00:00,0.73671,0.73777,0.73574,0.73727,0,0
2015-05-21,18:00:00,0.73718,0.73776,0.73653,0.73728,0,0
2015-05-21,19:00:00,0.73724,0.73757,0.73669,0.73669,0,0
2015-05-21,20:00:00,0.73669,0.7377,0.73661,0.73761,0,0
2015-05-21,21:00:00,0.73759,0.73854,0.73738,0.73854,0,0
2015-05-21,22:00:00,0.73851,0.73909,0.73807,0.739,0,0
2015-05-21,23:00:00,0.73899,0.73962,0.73864,0.73952,0,0
2015-05-21,23:59:00,0.73954,0.74014,0.73887,0.73973,0,0
2015-05-22,01:00:00,0.73976,0.73988,0.73923,0.73988,0,0
2015-05-22,02:00:00,0.73989,0.74061,0.73958,0.74053,0,0
2015-05-22,03:00:00,0.74071,0.74095,0.73999,0.7409,0,0
2015-05-22,04:00:00,0.74092,0.74118,0.74058,0.74091,0,0
2015-05-22,05:00:00,0.74091,0.74103,0.74007,0.74081,0,0
2015-05-22,06:00:00,0.74075,0.74125,0.7405,0.74086,0,0
2015-05-22,07:00:00,0.74086,0.74113,0.74056,0.74062,0,0
2015-05-22,08:00:00,0.74065,0.74099,0.74027,0.74036,0,0
2015-05-22,09:00:00,0.74039,0.74051,0.73965,0.74029,0,0
2015-05-22,10:00:00,0.74031,0.74054,0.73781,0.73809,0,0
2015-05-22,11:00:00,0.73811,0.73811,0.73647,0.73648,0,0
2015-05-22,12:00:00,0.73647,0.73668,0.73385,0.73481,0,0
2015-05-22,13:00:00,0.73474,0.73494,0.7331,0.73452,0,0
2015-05-22,14:00:00,0.73451,0.73639,0.73414,0.7362,0,0
2015-05-22,15:00:00,0.73619,0.73896,0.73435,0.73784,0,0
2015-05-22,16:00:00,0.73805,0.73963,0.73805,0.73848,0,0
2015-05-22,17:00:00,0.73853,0.73924,0.73748,0.73754,0,0
2015-05-22,18:00:00,0.73761,0.73825,0.73699,0.73805,0,0
2015-05-22,19:00:00,0.73807,0.73847,0.73766,0.73802,0,0
2015-05-22,20:00:00,0.73755,0.7389,0.7371,0.73801,0,0
2015-05-22,21:00:00,0.73807,0.7382,0.73745,0.73773,0,0
2015-05-22,22:00:00,0.73775,0.73829,0.73762,0.73811,0,0
2015-05-22,23:00:00,0.738,0.73817,0.73794,0.73817,0,0
2015-05-25,01:00:00,0.73718,0.73867,0.73718,0.73788,0,0
2015-05-25,02:00:00,0.73784,0.73786,0.73682,0.7369,0,0
2015-05-25,03:00:00,0.73691,0.7379,0.73678,0.73716,0,0
2015-05-25,04:00:00,0.7372,0.73787,0.73698,0.73756,0,0
2015-05-25,05:00:00,0.73753,0.73807,0.7375,0.73781,0,0
2015-05-25,06:00:00,0.73775,0.73812,0.73745,0.73772,0,0
2015-05-25,07:00:00,0.73773,0.73826,0.73751,0.73796,0,0
2015-05-25,08:00:00,0.73803,0.73809,0.73635,0.73681,0,0
2015-05-25,09:00:00,0.73683,0.73733,0.73581,0.73701,0,0
2015-05-25,10:00:00,0.73687,0.73852,0.73641,0.73842,0,0
2015-05-25,11:00:00,0.73841,0.73897,0.73814,0.73839,0,0
2015-05-25,12:00:00,0.73842,0.73913,0.73769,0.73889,0,0
2015-05-25,13:00:00,0.73889,0.73958,0.7388,0.73917,0,0
2015-05-25,14:00:00,0.73916,0.73934,0.73806,0.7382,0,0
2015-05-25,15:00:00,0.7382,0.73826,0.7375,0.73803,0,0
2015-05-25,16:00:00,0.73805,0.73842,0.73757,0.73822,0,0
2015-05-25,17:00:00,0.73825,0.73935,0.73814,0.73929,0,0
2015-05-25,18:00:00,0.73928,0.73985,0.73903,0.73943,0,0
2015-05-25,19:00:00,0.73946,0.74046,0.7394,0.74021,0,0
2015-05-25,20:00:00,0.73986,0.7403,0.73982,0.73994,0,0
2015-05-25,21:00:00,0.73988,0.74018,0.73962,0.73982,0,0
2015-05-25,22:00:00,0.73978,0.74003,0.7394,0.73977,0,0
2015-05-25,23:00:00,0.73981,0.73998,0.73928,0.73946,0,0
2015-05-25,23:59:00,0.73946,0.74003,0.73918,0.73965,0,0
2015-05-26,01:00:00,0.73968,0.74017,0.73948,0.73987,0,0
2015-05-26,02:00:00,0.73986,0.74029,0.73969,0.73989,0,0
2015-05-26,03:00:00,0.73985,0.74038,0.73963,0.7401,0,0
2015-05-26,04:00:00,0.74018,0.74103,0.73991,0.74094,0,0
2015-05-26,05:00:00,0.74094,0.74116,0.74028,0.74078,0,0
2015-05-26,06:00:00,0.74078,0.74172,0.74078,0.74165,0,0
2015-05-26,07:00:00,0.74166,0.74234,0.74165,0.74199,0,0
2015-05-26,08:00:00,0.74199,0.74212,0.74124,0.74195,0,0
2015-05-26,09:00:00,0.74201,0.74254,0.74063,0.74137,0,0
2015-05-26,10:00:00,0.74146,0.74188,0.73876,0.73943,0,0
2015-05-26,11:00:00,0.73947,0.74018,0.73914,0.74006,0,0
2015-05-26,12:00:00,0.73999,0.74059,0.73906,0.73925,0,0
2015-05-26,13:00:00,0.73922,0.74048,0.73814,0.74009,0,0
2015-05-26,14:00:00,0.74003,0.74018,0.73872,0.73877,0,0
2015-05-26,15:00:00,0.73874,0.73972,0.73651,0.73651,0,0
2015-05-26,16:00:00,0.73643,0.73706,0.73536,0.73546,0,0
2015-05-26,17:00:00,0.73548,0.73657,0.73442,0.73489,0,0
2015-05-26,18:00:00,0.73514,0.73552,0.73461,0.73534,0,0
2015-05-26,19:00:00,0.7354,0.73578,0.73517,0.73539,0,0
2015-05-26,20:00:00,0.7354,0.73648,0.73528,0.73621,0,0
2015-05-26,21:00:00,0.73621,0.73728,0.73571,0.73657,0,0
2015-05-26,22:00:00,0.73652,0.73732,0.73622,0.73714,0,0
2015-05-26,23:00:00,0.7371,0.73778,0.73666,0.73745,0,0
2015-05-26,23:59:00,0.73748,0.73793,0.73679,0.73754,0,0
2015-05-27,01:00:00,0.73749,0.73777,0.7372,0.73758,0,0
2015-05-27,02:00:00,0.73756,0.73778,0.73694,0.73722,0,0
2015-05-27,03:00:00,0.73723,0.73809,0.73716,0.73779,0,0
2015-05-27,04:00:00,0.73773,0.73779,0.73656,0.73741,0,0
2015-05-27,05:00:00,0.7373,0.73845,0.73708,0.73745,0,0
2015-05-27,06:00:00,0.73747,0.73783,0.73724,0.73757,0,0
2015-05-27,07:00:00,0.73757,0.73791,0.73688,0.73715,0,0
2015-05-27,08:00:00,0.73706,0.73737,0.7364,0.73672,0,0
2015-05-27,09:00:00,0.73674,0.73716,0.73548,0.73551,0,0
2015-05-27,10:00:00,0.73557,0.73624,0.73376,0.73397,0,0
2015-05-27,11:00:00,0.73395,0.73434,0.73343,0.73398,0,0
2015-05-27,12:00:00,0.73402,0.73439,0.73292,0.73371,0,0
2015-05-27,13:00:00,0.73375,0.73437,0.73252,0.7328,0,0
2015-05-27,14:00:00,0.73266,0.73368,0.73239,0.73338,0,0
2015-05-27,15:00:00,0.73342,0.7343,0.73265,0.73386,0,0
2015-05-27,16:00:00,0.73388,0.73576,0.73324,0.73488,0,0
2015-05-27,17:00:00,0.7349,0.73512,0.73311,0.73393,0,0
2015-05-27,18:00:00,0.73391,0.73417,0.73192,0.73319,0,0
2015-05-27,19:00:00,0.73323,0.73368,0.7326,0.73295,0,0
2015-05-27,20:00:00,0.7329,0.73396,0.7324,0.73349,0,0
2015-05-27,21:00:00,0.73348,0.73505,0.73347,0.73442,0,0
2015-05-27,22:00:00,0.7344,0.73489,0.7342,0.73477,0,0
2015-05-27,23:00:00,0.73484,0.73484,0.73343,0.73387,0,0
2015-05-27,23:59:00,0.73404,0.73493,0.73323,0.73485,0,0
2015-05-28,01:00:00,0.73484,0.73484,0.73391,0.73432,0,0
2015-05-28,02:00:00,0.73431,0.7348,0.73399,0.73479,0,0
2015-05-28,03:00:00,0.73479,0.73501,0.73426,0.73501,0,0
2015-05-28,04:00:00,0.73507,0.73629,0.72954,0.73009,0,0
2015-05-28,05:00:00,0.7301,0.73013,0.72861,0.7296,0,0
2015-05-28,06:00:00,0.72961,0.72986,0.72816,0.72904,0,0
2015-05-28,07:00:00,0.72908,0.72908,0.72792,0.72871,0,0
2015-05-28,08:00:00,0.72872,0.73085,0.72848,0.7303,0,0
2015-05-28,09:00:00,0.73029,0.73061,0.72822,0.72822,0,0
2015-05-28,10:00:00,0.72819,0.7284,0.72592,0.72665,0,0
2015-05-28,11:00:00,0.72672,0.72704,0.72569,0.72624,0,0
2015-05-28,12:00:00,0.72625,0.72673,0.72488,0.725,0,0
2015-05-28,13:00:00,0.72506,0.72553,0.72418,0.72431,0,0
2015-05-28,14:00:00,0.72435,0.72619,0.72428,0.72586,0,0
2015-05-28,15:00:00,0.72604,0.72627,0.72446,0.72484,0,0
2015-05-28,16:00:00,0.72482,0.7257,0.72363,0.72406,0,0
2015-05-28,17:00:00,0.72404,0.72438,0.72214,0.72241,0,0
2015-05-28,18:00:00,0.72243,0.7227,0.7207,0.72182,0,0
2015-05-28,19:00:00,0.72179,0.72217,0.72101,0.72207,0,0
2015-05-28,20:00:00,0.72203,0.72227,0.72057,0.72174,0,0
2015-05-28,21:00:00,0.72176,0.72229,0.72129,0.72155,0,0
2015-05-28,22:00:00,0.72145,0.7223,0.72143,0.72205,0,0
2015-05-28,23:00:00,0.72216,0.72229,0.72151,0.72206,0,0
2015-05-28,23:59:00,0.72194,0.72295,0.721,0.72187,0,0
2015-05-29,01:00:00,0.72181,0.72232,0.72156,0.72174,0,0
2015-05-29,02:00:00,0.72174,0.72217,0.72145,0.72202,0,0
2015-05-29,03:00:00,0.72202,0.72265,0.72143,0.72143,0,0
2015-05-29,04:00:00,0.72162,0.72294,0.72097,0.72254,0,0
2015-05-29,05:00:00,0.7225,0.72331,0.72213,0.72233,0,0
2015-05-29,06:00:00,0.72235,0.72255,0.72128,0.72165,0,0
2015-05-29,07:00:00,0.72173,0.72243,0.72141,0.72193,0,0
2015-05-29,08:00:00,0.72198,0.72275,0.72144,0.72253,0,0
2015-05-29,09:00:00,0.72263,0.72515,0.72244,0.72515,0,0
2015-05-29,10:00:00,0.72513,0.72537,0.72247,0.72283,0,0
2015-05-29,11:00:00,0.72275,0.72291,0.72158,0.72262,0,0
2015-05-29,12:00:00,0.72277,0.72277,0.72059,0.72061,0,0
2015-05-29,13:00:00,0.72062,0.72097,0.71997,0.72012,0,0
2015-05-29,14:00:00,0.72003,0.72191,0.7199,0.72058,0,0
2015-05-29,15:00:00,0.72059,0.72129,0.7183,0.71863,0,0
2015-05-29,16:00:00,0.7188,0.71914,0.71543,0.71634,0,0
2015-05-29,17:00:00,0.7165,0.72245,0.71625,0.72245,0,0
2015-05-29,18:00:00,0.72266,0.72317,0.72018,0.72047,0,0
2015-05-29,19:00:00,0.72044,0.72117,0.71972,0.72106,0,0
2015-05-29,20:00:00,0.72106,0.72106,0.71949,0.71999,0,0
2015-05-29,21:00:00,0.71997,0.71999,0.71891,0.71958,0,0
2015-05-29,22:00:00,0.71953,0.71979,0.71819,0.71857,0,0
2015-05-29,23:00:00,0.71863,0.71883,0.71862,0.7188,0,0
2015-06-01,01:00:00,0.71871,0.719,0.71813,0.71872,0,0
2015-06-01,02:00:00,0.71872,0.71982,0.71838,0.71946,0,0
2015-06-01,03:00:00,0.71944,0.72101,0.71917,0.72042,0,0
2015-06-01,04:00:00,0.72047,0.72177,0.71951,0.72128,0,0
2015-06-01,05:00:00,0.72121,0.72215,0.72054,0.72124,0,0
2015-06-01,06:00:00,0.72115,0.7217,0.72048,0.72068,0,0
2015-06-01,07:00:00,0.72068,0.72183,0.72062,0.72183,0,0
2015-06-01,08:00:00,0.72185,0.72215,0.72079,0.72156,0,0
2015-06-01,09:00:00,0.7215,0.72482,0.72138,0.72439,0,0
2015-06-01,10:00:00,0.72426,0.72529,0.72403,0.72428,0,0
2015-06-01,11:00:00,0.72424,0.7249,0.72375,0.72397,0,0
2015-06-01,12:00:00,0.72401,0.7244,0.72179,0.72247,0,0
2015-06-01,13:00:00,0.72251,0.72287,0.721,0.7214,0,0
2015-06-01,14:00:00,0.7214,0.72286,0.72115,0.72135,0,0
2015-06-01,15:00:00,0.72132,0.7218,0.7202,0.72144,0,0
2015-06-01,16:00:00,0.72148,0.72149,0.71951,0.72017,0,0
2015-06-01,17:00:00,0.7202,0.72061,0.71848,0.72052,0,0
2015-06-01,18:00:00,0.72041,0.72116,0.71993,0.72068,0,0
2015-06-01,19:00:00,0.72068,0.72073,0.71943,0.71981,0,0
2015-06-01,20:00:00,0.71978,0.71983,0.71867,0.7191,0,0
2015-06-01,21:00:00,0.71908,0.71983,0.71905,0.71928,0,0
2015-06-01,22:00:00,0.71913,0.71992,0.71901,0.71952,0,0
2015-06-01,23:00:00,0.71953,0.71992,0.71917,0.71946,0,0
2015-06-01,23:59:00,0.71951,0.72063,0.71878,0.71997,0,0
2015-06-02,01:00:00,0.71973,0.72009,0.71966,0.71998,0,0
2015-06-02,02:00:00,0.71999,0.72063,0.7196,0.72038,0,0
2015-06-02,03:00:00,0.72041,0.72117,0.71999,0.72061,0,0
2015-06-02,04:00:00,0.72061,0.72177,0.72049,0.72117,0,0
2015-06-02,05:00:00,0.72117,0.72151,0.72094,0.72099,0,0
2015-06-02,06:00:00,0.72098,0.72173,0.72088,0.72113,0,0
2015-06-02,07:00:00,0.72113,0.7256,0.72041,0.72482,0,0
2015-06-02,08:00:00,0.72482,0.72642,0.72455,0.72636,0,0
2015-06-02,09:00:00,0.72636,0.72654,0.72464,0.72519,0,0
2015-06-02,10:00:00,0.72532,0.72618,0.72451,0.72562,0,0
2015-06-02,11:00:00,0.72574,0.72597,0.72356,0.72357,0,0
2015-06-02,12:00:00,0.7235,0.7235,0.72188,0.72265,0,0
2015-06-02,13:00:00,0.72262,0.72335,0.72104,0.7225,0,0
2015-06-02,14:00:00,0.7225,0.72482,0.7217,0.72444,0,0
2015-06-02,15:00:00,0.72439,0.72509,0.72261,0.72271,0,0
2015-06-02,16:00:00,0.72261,0.72369,0.72122,0.72304,0,0
2015-06-02,17:00:00,0.72301,0.72485,0.72246,0.72371,0,0
2015-06-02,18:00:00,0.72363,0.72411,0.72241,0.72403,0,0
2015-06-02,19:00:00,0.72405,0.72607,0.72392,0.72554,0,0
2015-06-02,20:00:00,0.72553,0.72624,0.72518,0.72545,0,0
2015-06-02,21:00:00,0.72547,0.72553,0.72459,0.72531,0,0
2015-06-02,22:00:00,0.72532,0.72577,0.72468,0.72529,0,0
2015-06-02,23:00:00,0.72523,0.72569,0.72492,0.72523,0,0
2015-06-02,23:59:00,0.72523,0.7258,0.72514,0.72532,0,0
2015-06-03,01:00:00,0.7253,0.72559,0.72471,0.725,0,0
2015-06-03,02:00:00,0.725,0.72513,0.72441,0.72443,0,0
2015-06-03,03:00:00,0.72444,0.72522,0.72444,0.72485,0,0
2015-06-03,04:00:00,0.72487,0.72951,0.72481,0.72951,0,0
2015-06-03,05:00:00,0.72949,0.72949,0.72669,0.72686,0,0
2015-06-03,06:00:00,0.7268,0.72766,0.72655,0.72764,0,0
2015-06-03,07:00:00,0.72745,0.72764,0.72662,0.72702,0,0
2015-06-03,08:00:00,0.72697,0.72776,0.72641,0.72737,0,0
2015-06-03,09:00:00,0.72748,0.72858,0.72644,0.72768,0,0
2015-06-03,10:00:00,0.72773,0.72925,0.72773,0.72788,0,0
2015-06-03,11:00:00,0.72782,0.72819,0.72666,0.72728,0,0
2015-06-03,12:00:00,0.72722,0.72838,0.72694,0.72718,0,0
2015-06-03,13:00:00,0.72725,0.72796,0.72674,0.72712,0,0
2015-06-03,14:00:00,0.72716,0.72902,0.7267,0.72879,0,0
2015-06-03,15:00:00,0.7288,0.73115,0.72778,0.72954,0,0
2015-06-03,16:00:00,0.72951,0.72975,0.72656,0.72733,0,0
2015-06-03,17:00:00,0.72731,0.73014,0.72712,0.72976,0,0
2015-06-03,18:00:00,0.72972,0.72982,0.7279,0.72867,0,0
2015-06-03,19:00:00,0.72863,0.72863,0.72684,0.7274,0,0
2015-06-03,20:00:00,0.72749,0.72807,0.72692,0.72799,0,0
2015-06-03,21:00:00,0.72796,0.72797,0.72672,0.72707,0,0
2015-06-03,22:00:00,0.72719,0.72769,0.72715,0.72753,0,0
2015-06-03,23:00:00,0.72746,0.72765,0.72669,0.72714,0,0
2015-06-03,23:59:00,0.72716,0.72737,0.72658,0.72665,0,0
2015-06-04,01:00:00,0.72665,0.7268,0.72584,0.72585,0,0
2015-06-04,02:00:00,0.7259,0.72653,0.72585,0.72627,0,0
2015-06-04,03:00:00,0.72625,0.72635,0.72569,0.72617,0,0
2015-06-04,04:00:00,0.72617,0.72663,0.7208,0.72183,0,0
2015-06-04,05:00:00,0.72187,0.7224,0.72122,0.72201,0,0
2015-06-04,06:00:00,0.72201,0.72246,0.72162,0.72231,0,0
2015-06-04,07:00:00,0.72229,0.72277,0.7218,0.72227,0,0
2015-06-04,08:00:00,0.72217,0.7222,0.72044,0.72093,0,0
2015-06-04,09:00:00,0.721,0.72252,0.721,0.72239,0,0
2015-06-04,10:00:00,0.72234,0.72303,0.72138,0.72173,0,0
2015-06-04,11:00:00,0.72172,0.7222,0.71907,0.72077,0,0
2015-06-04,12:00:00,0.72073,0.72073,0.71895,0.72012,0,0
2015-06-04,13:00:00,0.72018,0.72117,0.71985,0.7208,0,0
2015-06-04,14:00:00,0.72081,0.72228,0.72001,0.72212,0,0
2015-06-04,15:00:00,0.7221,0.72221,0.71997,0.72031,0,0
2015-06-04,16:00:00,0.72033,0.72118,0.71836,0.7189,0,0
2015-06-04,17:00:00,0.71881,0.71936,0.71674,0.71702,0,0
2015-06-04,18:00:00,0.71708,0.71759,0.71627,0.71699,0,0
2015-06-04,19:00:00,0.71692,0.71722,0.71638,0.71692,0,0
2015-06-04,20:00:00,0.71695,0.71732,0.71591,0.71732,0,0
2015-06-04,21:00:00,0.71733,0.71741,0.71675,0.71679,0,0
2015-06-04,22:00:00,0.71666,0.71715,0.71656,0.71678,0,0
2015-06-04,23:00:00,0.71692,0.71787,0.71677,0.71787,0,0
2015-06-04,23:59:00,0.71789,0.71797,0.71679,0.71703,0,0
2015-06-05,01:00:00,0.71701,0.71788,0.71701,0.71785,0,0
2015-06-05,02:00:00,0.71786,0.71915,0.71781,0.71869,0,0
2015-06-05,03:00:00,0.71871,0.71929,0.71823,0.71929,0,0
2015-06-05,04:00:00,0.71929,0.71993,0.71915,0.71969,0,0
2015-06-05,05:00:00,0.71968,0.71995,0.71934,0.71957,0,0
2015-06-05,06:00:00,0.71956,0.71985,0.71928,0.71966,0,0
2015-06-05,07:00:00,0.71966,0.71984,0.71893,0.71923,0,0
2015-06-05,08:00:00,0.71923,0.7196,0.71871,0.71871,0,0
2015-06-05,09:00:00,0.71869,0.71949,0.71753,0.71772,0,0
2015-06-05,10:00:00,0.71771,0.71775,0.71465,0.71576,0,0
2015-06-05,11:00:00,0.71576,0.71771,0.71552,0.71747,0,0
2015-06-05,12:00:00,0.71763,0.7183,0.71699,0.71702,0,0
2015-06-05,13:00:00,0.71704,0.72009,0.71704,0.71951,0,0
2015-06-05,14:00:00,0.71951,0.72085,0.71852,0.7198,0,0
2015-06-05,15:00:00,0.71984,0.72196,0.71802,0.72068,0,0
2015-06-05,16:00:00,0.7206,0.72256,0.72019,0.72196,0,0
2015-06-05,17:00:00,0.72188,0.72384,0.72149,0.72226,0,0
2015-06-05,18:00:00,0.72226,0.723,0.71862,0.71917,0,0
2015-06-05,19:00:00,0.71914,0.71924,0.71679,0.7168,0,0
2015-06-05,20:00:00,0.71672,0.71763,0.71616,0.71654,0,0
2015-06-05,21:00:00,0.7165,0.7166,0.7147,0.71564,0,0
2015-06-05,22:00:00,0.71554,0.71672,0.71521,0.71671,0,0
2015-06-05,23:00:00,0.71665,0.71667,0.71661,0.71662,0,0
2015-06-08,01:00:00,0.71726,0.71726,0.71656,0.71697,0,0
2015-06-08,02:00:00,0.71696,0.71702,0.71638,0.7165,0,0
2015-06-08,03:00:00,0.71651,0.7175,0.71641,0.71676,0,0
2015-06-08,04:00:00,0.7168,0.7181,0.7168,0.7181,0,0
2015-06-08,05:00:00,0.71802,0.71924,0.71701,0.71721,0,0
2015-06-08,06:00:00,0.71721,0.71727,0.71654,0.71685,0,0
2015-06-08,07:00:00,0.71687,0.71687,0.71616,0.71642,0,0
2015-06-08,08:00:00,0.71642,0.7176,0.7163,0.71728,0,0
2015-06-08,09:00:00,0.71722,0.71841,0.71607,0.71759,0,0
2015-06-08,10:00:00,0.7176,0.71803,0.71629,0.71651,0,0
2015-06-08,11:00:00,0.71641,0.71774,0.7147,0.71764,0,0
2015-06-08,12:00:00,0.71769,0.71894,0.71689,0.71888,0,0
2015-06-08,13:00:00,0.71895,0.71899,0.71753,0.71762,0,0
2015-06-08,14:00:00,0.71761,0.71763,0.71634,0.71643,0,0
2015-06-08,15:00:00,0.71645,0.71678,0.71466,0.71639,0,0
2015-06-08,16:00:00,0.71641,0.71761,0.71595,0.7164,0,0
2015-06-08,17:00:00,0.71635,0.71661,0.71421,0.71468,0,0
2015-06-08,18:00:00,0.7147,0.71557,0.71316,0.71388,0,0
2015-06-08,19:00:00,0.71395,0.7141,0.71295,0.71317,0,0
2015-06-08,20:00:00,0.71332,0.71455,0.71221,0.71376,0,0
2015-06-08,21:00:00,0.71376,0.71524,0.71363,0.71516,0,0
2015-06-08,22:00:00,0.71515,0.71592,0.7151,0.71553,0,0
2015-06-08,23:00:00,0.7156,0.71573,0.71373,0.71428,0,0
2015-06-08,23:59:00,0.71446,0.71453,0.71353,0.71373,0,0
2015-06-09,01:00:00,0.71373,0.7138,0.71253,0.7127,0,0
2015-06-09,02:00:00,0.71262,0.71344,0.7126,0.71301,0,0
2015-06-09,03:00:00,0.71303,0.71331,0.71241,0.71331,0,0
2015-06-09,04:00:00,0.71325,0.7146,0.7125,0.71391,0,0
2015-06-09,05:00:00,0.71287,0.71391,0.71287,0.71369,0,0
2015-06-09,06:00:00,0.7137,0.71396,0.7127,0.71272,0,0
2015-06-09,07:00:00,0.71268,0.71313,0.71177,0.71262,0,0
2015-06-09,08:00:00,0.71262,0.71283,0.7119,0.71203,0,0
2015-06-09,09:00:00,0.71201,0.71292,0.71067,0.71158,0,0
2015-06-09,10:00:00,0.71155,0.71227,0.70905,0.70944,0,0
2015-06-09,11:00:00,0.70955,0.71146,0.70816,0.71124,0,0
2015-06-09,12:00:00,0.71112,0.71272,0.71071,0.7123,0,0
2015-06-09,13:00:00,0.71232,0.7136,0.71232,0.71309,0,0
2015-06-09,14:00:00,0.71299,0.71693,0.71264,0.71685,0,0
2015-06-09,15:00:00,0.71696,0.71729,0.71578,0.71611,0,0
2015-06-09,16:00:00,0.71605,0.71729,0.71546,0.71565,0,0
2015-06-09,17:00:00,0.71542,0.71611,0.71469,0.71475,0,0
2015-06-09,18:00:00,0.71471,0.71514,0.71366,0.71449,0,0
2015-06-09,19:00:00,0.71444,0.71495,0.7135,0.7144,0,0
2015-06-09,20:00:00,0.7144,0.71528,0.71419,0.71446,0,0
2015-06-09,21:00:00,0.71439,0.7156,0.71418,0.71538,0,0
2015-06-09,22:00:00,0.71537,0.71567,0.71496,0.71545,0,0
2015-06-09,23:00:00,0.71543,0.71631,0.71526,0.71583,0,0
2015-06-09,23:59:00,0.71581,0.71637,0.71558,0.71594,0,0
2015-06-10,01:00:00,0.71594,0.71626,0.71585,0.71615,0,0
2015-06-10,02:00:00,0.71615,0.71621,0.71512,0.71522,0,0
2015-06-10,03:00:00,0.71524,0.71604,0.71385,0.71452,0,0
2015-06-10,04:00:00,0.71453,0.71494,0.71395,0.71452,0,0
2015-06-10,05:00:00,0.71451,0.71533,0.71192,0.71296,0,0
2015-06-10,06:00:00,0.71287,0.71306,0.71169,0.71306,0,0
2015-06-10,07:00:00,0.71306,0.71652,0.71231,0.71522,0,0
2015-06-10,08:00:00,0.71519,0.71954,0.71481,0.71866,0,0
2015-06-10,09:00:00,0.71853,0.71941,0.71621,0.71628,0,0
2015-06-10,10:00:00,0.71607,0.71952,0.71537,0.71899,0,0
2015-06-10,11:00:00,0.71899,0.72012,0.71808,0.71956,0,0
2015-06-10,12:00:00,0.71967,0.72099,0.71934,0.72084,0,0
2015-06-10,13:00:00,0.72082,0.72183,0.71877,0.71886,0,0
2015-06-10,14:00:00,0.71879,0.72022,0.7182,0.72014,0,0
2015-06-10,15:00:00,0.72012,0.72025,0.71872,0.71913,0,0
2015-06-10,16:00:00,0.71916,0.71987,0.71828,0.71982,0,0
2015-06-10,17:00:00,0.71984,0.72054,0.71911,0.72021,0,0
2015-06-10,18:00:00,0.72023,0.72069,0.71965,0.72005,0,0
2015-06-10,19:00:00,0.72012,0.72277,0.71973,0.72212,0,0
2015-06-10,20:00:00,0.72212,0.72359,0.72161,0.72307,0,0
2015-06-10,21:00:00,0.72309,0.72351,0.72264,0.72299,0,0
2015-06-10,22:00:00,0.72297,0.72297,0.72241,0.7226,0,0
2015-06-10,23:00:00,0.72256,0.72341,0.72247,0.7229,0,0
2015-06-10,23:59:00,0.72268,0.72268,0.717,0.72149,0,0
2015-06-11,01:00:00,0.72149,0.72189,0.72088,0.72113,0,0
2015-06-11,02:00:00,0.72113,0.72148,0.72038,0.7204,0,0
2015-06-11,03:00:00,0.7204,0.7204,0.71895,0.71975,0,0
2015-06-11,04:00:00,0.71979,0.72625,0.71945,0.72486,0,0
2015-06-11,05:00:00,0.72474,0.72509,0.72386,0.72483,0,0
2015-06-11,06:00:00,0.72491,0.72517,0.72391,0.7246,0,0
2015-06-11,07:00:00,0.72462,0.72483,0.72392,0.72461,0,0
2015-06-11,08:00:00,0.72456,0.72474,0.72261,0.72281,0,0
2015-06-11,09:00:00,0.7228,0.7233,0.72169,0.72304,0,0
2015-06-11,10:00:00,0.72306,0.72371,0.72225,0.72264,0,0
2015-06-11,11:00:00,0.72278,0.72581,0.72251,0.72486,0,0
2015-06-11,12:00:00,0.72487,0.72503,0.72317,0.72368,0,0
2015-06-11,13:00:00,0.72369,0.72418,0.72223,0.72224,0,0
2015-06-11,14:00:00,0.72219,0.72369,0.72219,0.72305,0,0
2015-06-11,15:00:00,0.72311,0.72458,0.7224,0.72385,0,0
2015-06-11,16:00:00,0.72386,0.72401,0.72237,0.72327,0,0
2015-06-11,17:00:00,0.72329,0.72513,0.72223,0.72267,0,0
2015-06-11,18:00:00,0.7227,0.72424,0.7221,0.72351,0,0
2015-06-11,19:00:00,0.72353,0.7245,0.72308,0.72365,0,0
2015-06-11,20:00:00,0.72364,0.72435,0.72357,0.72414,0,0
2015-06-11,21:00:00,0.72414,0.72471,0.72373,0.72404,0,0
2015-06-11,22:00:00,0.72401,0.72486,0.72392,0.72445,0,0
2015-06-11,23:00:00,0.72444,0.72467,0.72372,0.72372,0,0
2015-06-11,23:59:00,0.72364,0.72424,0.72311,0.72423,0,0
2015-06-12,01:00:00,0.7242,0.72423,0.72358,0.72391,0,0
2015-06-12,02:00:00,0.7239,0.72427,0.72342,0.72343,0,0
2015-06-12,03:00:00,0.72353,0.72382,0.7228,0.7235,0,0
2015-06-12,04:00:00,0.72351,0.72404,0.72299,0.72299,0,0
2015-06-12,05:00:00,0.72298,0.7235,0.72266,0.72314,0,0
2015-06-12,06:00:00,0.72313,0.72343,0.72276,0.72298,0,0
2015-06-12,07:00:00,0.72298,0.72341,0.72227,0.72284,0,0
2015-06-12,08:00:00,0.72284,0.72305,0.72169,0.72252,0,0
2015-06-12,09:00:00,0.72261,0.72261,0.72082,0.72154,0,0
2015-06-12,10:00:00,0.72153,0.72153,0.72,0.72064,0,0
2015-06-12,11:00:00,0.72056,0.72131,0.71851,0.72042,0,0
2015-06-12,12:00:00,0.72031,0.72093,0.71967,0.72093,0,0
2015-06-12,13:00:00,0.72092,0.72129,0.71971,0.71971,0,0
2015-06-12,14:00:00,0.71971,0.72012,0.71916,0.71968,0,0
2015-06-12,15:00:00,0.71966,0.71979,0.71658,0.71658,0,0
2015-06-12,16:00:00,0.71659,0.71754,0.71469,0.71742,0,0
2015-06-12,17:00:00,0.71731,0.71792,0.71614,0.71696,0,0
2015-06-12,18:00:00,0.71708,0.71816,0.71646,0.71693,0,0
2015-06-12,19:00:00,0.71698,0.71783,0.7163,0.71743,0,0
2015-06-12,20:00:00,0.71745,0.71848,0.71726,0.71789,0,0
2015-06-12,21:00:00,0.7179,0.71844,0.71755,0.71813,0,0
2015-06-12,22:00:00,0.71819,0.71891,0.71746,0.71876,0,0
2015-06-12,23:00:00,0.71869,0.71869,0.71859,0.71863,0,0
2015-06-15,01:00:00,0.71977,0.71978,0.71816,0.71848,0,0
2015-06-15,02:00:00,0.71841,0.71907,0.71829,0.7185,0,0
2015-06-15,03:00:00,0.7185,0.72019,0.7181,0.7187,0,0
2015-06-15,04:00:00,0.71858,0.72082,0.71851,0.7208,0,0
2015-06-15,05:00:00,0.72073,0.72103,0.71948,0.71962,0,0
2015-06-15,06:00:00,0.71955,0.71974,0.71908,0.71924,0,0
2015-06-15,07:00:00,0.71924,0.7195,0.71857,0.71857,0,0
2015-06-15,08:00:00,0.71851,0.71943,0.71847,0.71943,0,0
2015-06-15,09:00:00,0.71961,0.72066,0.71905,0.71905,0,0
2015-06-15,10:00:00,0.71901,0.72039,0.71882,0.71934,0,0
2015-06-15,11:00:00,0.71931,0.71944,0.71752,0.71813,0,0
2015-06-15,12:00:00,0.71817,0.72011,0.71782,0.71984,0,0
2015-06-15,13:00:00,0.71983,0.72162,0.71899,0.72162,0,0
2015-06-15,14:00:00,0.72154,0.72473,0.72154,0.7247,0,0
2015-06-15,15:00:00,0.72468,0.72744,0.72468,0.72704,0,0
2015-06-15,16:00:00,0.72704,0.72926,0.72665,0.72671,0,0
2015-06-15,17:00:00,0.72669,0.72792,0.7262,0.72632,0,0
2015-06-15,18:00:00,0.72636,0.72705,0.72609,0.72628,0,0
2015-06-15,19:00:00,0.72621,0.72664,0.72487,0.72546,0,0
2015-06-15,20:00:00,0.7255,0.7255,0.72423,0.72428,0,0
2015-06-15,21:00:00,0.72444,0.72444,0.72299,0.72303,0,0
2015-06-15,22:00:00,0.72295,0.72295,0.72037,0.72104,0,0
2015-06-15,23:00:00,0.72118,0.72196,0.72102,0.72173,0,0
2015-06-15,23:59:00,0.72186,0.72226,0.72108,0.72182,0,0
2015-06-16,01:00:00,0.72181,0.72201,0.7212,0.72198,0,0
2015-06-16,02:00:00,0.72198,0.72198,0.72126,0.72142,0,0
2015-06-16,03:00:00,0.72142,0.72213,0.72115,0.7217,0,0
2015-06-16,04:00:00,0.72162,0.7238,0.72082,0.72295,0,0
2015-06-16,05:00:00,0.72307,0.72307,0.72162,0.72248,0,0
2015-06-16,06:00:00,0.7225,0.72261,0.72128,0.72153,0,0
2015-06-16,07:00:00,0.7216,0.72228,0.72138,0.7215,0,0
2015-06-16,08:00:00,0.72151,0.72169,0.72059,0.72071,0,0
2015-06-16,09:00:00,0.72068,0.72081,0.71862,0.71887,0,0
2015-06-16,10:00:00,0.71883,0.71996,0.71805,0.71948,0,0
2015-06-16,11:00:00,0.71967,0.71982,0.71798,0.71975,0,0
2015-06-16,12:00:00,0.71974,0.72142,0.71974,0.72067,0,0
2015-06-16,13:00:00,0.72053,0.72161,0.71994,0.72091,0,0
2015-06-16,14:00:00,0.72083,0.72229,0.72036,0.72193,0,0
2015-06-16,15:00:00,0.72194,0.72304,0.72185,0.72245,0,0
2015-06-16,16:00:00,0.72255,0.72368,0.72225,0.72272,0,0
2015-06-16,17:00:00,0.72274,0.72384,0.72197,0.72199,0,0
2015-06-16,18:00:00,0.72193,0.72337,0.72193,0.72306,0,0
2015-06-16,19:00:00,0.72306,0.72352,0.72271,0.72295,0,0
2015-06-16,20:00:00,0.7229,0.72313,0.72183,0.72192,0,0
2015-06-16,21:00:00,0.72196,0.72245,0.7216,0.72197,0,0
2015-06-16,22:00:00,0.72199,0.72216,0.72168,0.72214,0,0
2015-06-16,23:00:00,0.72219,0.72282,0.72169,0.72265,0,0
2015-06-16,23:59:00,0.72263,0.72315,0.72235,0.72258,0,0
2015-06-17,01:00:00,0.72257,0.72307,0.72239,0.72242,0,0
2015-06-17,02:00:00,0.72241,0.72259,0.72165,0.7217,0,0
2015-06-17,03:00:00,0.72172,0.72214,0.72142,0.72188,0,0
2015-06-17,04:00:00,0.72187,0.72202,0.71953,0.71977,0,0
2015-06-17,05:00:00,0.71976,0.72011,0.71924,0.71928,0,0
2015-06-17,06:00:00,0.71928,0.71955,0.71837,0.71955,0,0
2015-06-17,07:00:00,0.71953,0.71953,0.71871,0.71901,0,0
2015-06-17,08:00:00,0.71898,0.71913,0.71864,0.71909,0,0
2015-06-17,09:00:00,0.71903,0.71959,0.71691,0.71755,0,0
2015-06-17,10:00:00,0.71757,0.71764,0.71101,0.71319,0,0
2015-06-17,11:00:00,0.7133,0.7135,0.71048,0.71163,0,0
2015-06-17,12:00:00,0.7116,0.71355,0.71139,0.71344,0,0
2015-06-17,13:00:00,0.71351,0.71398,0.71228,0.71285,0,0
2015-06-17,14:00:00,0.71292,0.71323,0.71216,0.7122,0,0
2015-06-17,15:00:00,0.7123,0.71251,0.71111,0.71247,0,0
2015-06-17,16:00:00,0.71246,0.71317,0.71152,0.71238,0,0
2015-06-17,17:00:00,0.71235,0.71396,0.71167,0.71281,0,0
2015-06-17,18:00:00,0.71276,0.71326,0.71045,0.71115,0,0
2015-06-17,19:00:00,0.711,0.71116,0.70986,0.71022,0,0
2015-06-17,20:00:00,0.71016,0.71107,0.71009,0.71021,0,0
2015-06-17,21:00:00,0.70966,0.71508,0.70966,0.71461,0,0
2015-06-17,22:00:00,0.71467,0.71548,0.71296,0.71384,0,0
2015-06-17,23:00:00,0.71398,0.71484,0.71387,0.71454,0,0
2015-06-17,23:59:00,0.71416,0.71537,0.71397,0.71483,0,0
2015-06-18,01:00:00,0.71482,0.71488,0.71217,0.71331,0,0
2015-06-18,02:00:00,0.71329,0.71376,0.71095,0.71129,0,0
2015-06-18,03:00:00,0.71126,0.712,0.71031,0.71143,0,0
2015-06-18,04:00:00,0.71144,0.71273,0.7111,0.71208,0,0
2015-06-18,05:00:00,0.7121,0.71229,0.71102,0.71218,0,0
2015-06-18,06:00:00,0.71211,0.7122,0.71061,0.71073,0,0
2015-06-18,07:00:00,0.71075,0.71083,0.70997,0.71077,0,0
2015-06-18,08:00:00,0.71079,0.71214,0.71035,0.71188,0,0
2015-06-18,09:00:00,0.71188,0.71371,0.71186,0.713,0,0
2015-06-18,10:00:00,0.71295,0.71489,0.71266,0.71424,0,0
2015-06-18,11:00:00,0.71416,0.71487,0.71315,0.7148,0,0
2015-06-18,12:00:00,0.71493,0.71856,0.71417,0.71708,0,0
2015-06-18,13:00:00,0.71719,0.71821,0.71688,0.71688,0,0
2015-06-18,14:00:00,0.71683,0.71899,0.7167,0.71855,0,0
2015-06-18,15:00:00,0.71851,0.7191,0.71733,0.7181,0,0
2015-06-18,16:00:00,0.71807,0.71938,0.71741,0.71921,0,0
2015-06-18,17:00:00,0.71917,0.71959,0.71783,0.71893,0,0
2015-06-18,18:00:00,0.71894,0.72083,0.7181,0.72013,0,0
2015-06-18,19:00:00,0.72015,0.72188,0.71987,0.72119,0,0
2015-06-18,20:00:00,0.72126,0.72149,0.71971,0.72002,0,0
2015-06-18,21:00:00,0.72006,0.72034,0.71845,0.71864,0,0
2015-06-18,22:00:00,0.7187,0.71913,0.7183,0.7185,0,0
2015-06-18,23:00:00,0.71844,0.71906,0.71833,0.71894,0,0
2015-06-18,23:59:00,0.71841,0.71897,0.71819,0.71892,0,0
2015-06-19,01:00:00,0.71888,0.71921,0.71844,0.71866,0,0
2015-06-19,02:00:00,0.71866,0.71866,0.71767,0.7178,0,0
2015-06-19,03:00:00,0.71787,0.7184,0.71679,0.71834,0,0
2015-06-19,04:00:00,0.71839,0.71864,0.71746,0.71792,0,0
2015-06-19,05:00:00,0.71791,0.71801,0.71705,0.7175,0,0
2015-06-19,06:00:00,0.71749,0.71752,0.71657,0.71669,0,0
2015-06-19,07:00:00,0.71669,0.71674,0.71559,0.71599,0,0
2015-06-19,08:00:00,0.71602,0.71626,0.71563,0.71596,0,0
2015-06-19,09:00:00,0.71591,0.71702,0.71564,0.71632,0,0
2015-06-19,10:00:00,0.71628,0.71782,0.71609,0.71706,0,0
2015-06-19,11:00:00,0.71693,0.71748,0.71653,0.71692,0,0
2015-06-19,12:00:00,0.71698,0.71725,0.71509,0.71609,0,0
2015-06-19,13:00:00,0.71603,0.71677,0.71485,0.71549,0,0
2015-06-19,14:00:00,0.71558,0.71749,0.71548,0.71704,0,0
2015-06-19,15:00:00,0.71699,0.71716,0.71496,0.71536,0,0
2015-06-19,16:00:00,0.71536,0.71687,0.71522,0.7164,0,0
2015-06-19,17:00:00,0.71636,0.71672,0.71523,0.71544,0,0
2015-06-19,18:00:00,0.71545,0.71545,0.71392,0.71431,0,0
2015-06-19,19:00:00,0.71425,0.71439,0.71317,0.71426,0,0
2015-06-19,20:00:00,0.71405,0.71459,0.71299,0.71307,0,0
2015-06-19,21:00:00,0.71307,0.71307,0.71191,0.71245,0,0
2015-06-19,22:00:00,0.71244,0.71278,0.71195,0.71275,0,0
2015-06-19,23:00:00,0.71273,0.71273,0.71259,0.71263,0,0
2015-06-22,01:00:00,0.71236,0.71345,0.71224,0.71311,0,0
2015-06-22,02:00:00,0.7131,0.71341,0.71269,0.71332,0,0
2015-06-22,03:00:00,0.71332,0.71361,0.71278,0.71329,0,0
2015-06-22,04:00:00,0.71325,0.7141,0.71293,0.7135,0,0
2015-06-22,05:00:00,0.7135,0.71393,0.71323,0.71335,0,0
2015-06-22,06:00:00,0.71336,0.71406,0.713,0.714,0,0
2015-06-22,07:00:00,0.71397,0.71423,0.71314,0.71351,0,0
2015-06-22,08:00:00,0.71349,0.7155,0.71312,0.71513,0,0
2015-06-22,09:00:00,0.71521,0.7156,0.71391,0.71471,0,0
2015-06-22,10:00:00,0.71469,0.71606,0.71372,0.71502,0,0
2015-06-22,11:00:00,0.71466,0.71652,0.71466,0.71529,0,0
2015-06-22,12:00:00,0.71533,0.7164,0.71493,0.71561,0,0
2015-06-22,13:00:00,0.71554,0.71624,0.71389,0.71422,0,0
2015-06-22,14:00:00,0.71428,0.71557,0.71348,0.71551,0,0
2015-06-22,15:00:00,0.71551,0.71591,0.71246,0.71414,0,0
2015-06-22,16:00:00,0.71413,0.71658,0.71345,0.71502,0,0
2015-06-22,17:00:00,0.71467,0.71531,0.71075,0.71161,0,0
2015-06-22,18:00:00,0.71164,0.71216,0.71016,0.71171,0,0
2015-06-22,19:00:00,0.71168,0.71277,0.71116,0.7117,0,0
2015-06-22,20:00:00,0.7117,0.71244,0.71151,0.71244,0,0
2015-06-22,21:00:00,0.71244,0.71292,0.71142,0.71206,0,0
2015-06-22,22:00:00,0.71209,0.71274,0.71161,0.71224,0,0
2015-06-22,23:00:00,0.71225,0.71279,0.71191,0.71201,0,0
2015-06-22,23:59:00,0.71222,0.71281,0.71175,0.71243,0,0
2015-06-23,01:00:00,0.71241,0.71265,0.7118,0.71181,0,0
2015-06-23,02:00:00,0.71185,0.71245,0.71175,0.71245,0,0
2015-06-23,03:00:00,0.71247,0.71329,0.71211,0.71289,0,0
2015-06-23,04:00:00,0.71282,0.71331,0.71125,0.71164,0,0
2015-06-23,05:00:00,0.71159,0.71472,0.71137,0.71424,0,0
2015-06-23,06:00:00,0.71417,0.71507,0.71405,0.71464,0,0
2015-06-23,07:00:00,0.71459,0.7148,0.71363,0.71451,0,0
2015-06-23,08:00:00,0.71456,0.7151,0.71418,0.71505,0,0
2015-06-23,09:00:00,0.71497,0.71776,0.71497,0.71715,0,0
2015-06-23,10:00:00,0.71714,0.71787,0.71599,0.71614,0,0
2015-06-23,11:00:00,0.71624,0.71884,0.71598,0.71731,0,0
2015-06-23,12:00:00,0.71744,0.71923,0.717,0.7185,0,0
2015-06-23,13:00:00,0.7185,0.72018,0.71844,0.71937,0,0
2015-06-23,14:00:00,0.71929,0.71967,0.71849,0.71954,0,0
2015-06-23,15:00:00,0.71953,0.72142,0.71867,0.72132,0,0
2015-06-23,16:00:00,0.72138,0.7221,0.72055,0.72144,0,0
2015-06-23,17:00:00,0.72138,0.72215,0.72081,0.7215,0,0
2015-06-23,18:00:00,0.72159,0.72317,0.72151,0.72264,0,0
2015-06-23,19:00:00,0.72264,0.72309,0.72187,0.72204,0,0
2015-06-23,20:00:00,0.72203,0.72256,0.72162,0.72195,0,0
2015-06-23,21:00:00,0.72196,0.72313,0.72152,0.72306,0,0
2015-06-23,22:00:00,0.72297,0.72298,0.72226,0.72257,0,0
2015-06-23,23:00:00,0.72255,0.72367,0.72237,0.72253,0,0
2015-06-23,23:59:00,0.72259,0.72292,0.72198,0.72274,0,0
2015-06-24,01:00:00,0.72264,0.72304,0.72247,0.72267,0,0
2015-06-24,02:00:00,0.72268,0.72307,0.72251,0.72283,0,0
2015-06-24,03:00:00,0.72292,0.72417,0.72289,0.72365,0,0
2015-06-24,04:00:00,0.7236,0.72389,0.72213,0.72227,0,0
2015-06-24,05:00:00,0.72235,0.72253,0.72171,0.72189,0,0
2015-06-24,06:00:00,0.72189,0.72239,0.72098,0.72131,0,0
2015-06-24,07:00:00,0.72131,0.72173,0.72036,0.7207,0,0
2015-06-24,08:00:00,0.72069,0.72114,0.72033,0.72041,0,0
2015-06-24,09:00:00,0.72045,0.72117,0.7195,0.72013,0,0
2015-06-24,10:00:00,0.72007,0.72148,0.71952,0.71952,0,0
2015-06-24,11:00:00,0.71955,0.72168,0.71955,0.7216,0,0
2015-06-24,12:00:00,0.72161,0.72297,0.72026,0.72152,0,0
2015-06-24,13:00:00,0.72153,0.72274,0.72105,0.72142,0,0
2015-06-24,14:00:00,0.72146,0.72202,0.72108,0.72145,0,0
2015-06-24,15:00:00,0.72128,0.72237,0.7209,0.72155,0,0
2015-06-24,16:00:00,0.72155,0.72206,0.71968,0.71968,0,0
2015-06-24,17:00:00,0.71962,0.72006,0.71847,0.71893,0,0
2015-06-24,18:00:00,0.71897,0.72025,0.71884,0.71985,0,0
2015-06-24,19:00:00,0.71976,0.72175,0.71941,0.72076,0,0
2015-06-24,20:00:00,0.72077,0.72165,0.71955,0.72011,0,0
2015-06-24,21:00:00,0.72014,0.72038,0.71944,0.72004,0,0
2015-06-24,22:00:00,0.72008,0.72033,0.71937,0.71967,0,0
2015-06-24,23:00:00,0.7197,0.71974,0.71906,0.71934,0,0
2015-06-24,23:59:00,0.71935,0.7196,0.71883,0.71917,0,0
2015-06-25,01:00:00,0.71916,0.71988,0.71876,0.71908,0,0
2015-06-25,02:00:00,0.71908,0.71988,0.719,0.71957,0,0
2015-06-25,03:00:00,0.71954,0.72081,0.71948,0.72078,0,0
2015-06-25,04:00:00,0.72078,0.72176,0.72072,0.7214,0,0
2015-06-25,05:00:00,0.72141,0.72229,0.7213,0.72204,0,0
2015-06-25,06:00:00,0.72215,0.72332,0.72195,0.72302,0,0
2015-06-25,07:00:00,0.72303,0.72303,0.72235,0.72279,0,0
2015-06-25,08:00:00,0.72279,0.72316,0.72203,0.72231,0,0
2015-06-25,09:00:00,0.72253,0.72334,0.72209,0.72323,0,0
2015-06-25,10:00:00,0.72305,0.72316,0.72143,0.72266,0,0
2015-06-25,11:00:00,0.72267,0.72502,0.72172,0.72446,0,0
2015-06-25,12:00:00,0.72445,0.7272,0.72445,0.72671,0,0
2015-06-25,13:00:00,0.72665,0.7276,0.72638,0.72703,0,0
2015-06-25,14:00:00,0.72724,0.72879,0.7265,0.72704,0,0
2015-06-25,15:00:00,0.7272,0.72761,0.72522,0.72605,0,0
2015-06-25,16:00:00,0.72606,0.72678,0.72297,0.72494,0,0
2015-06-25,17:00:00,0.72484,0.7263,0.72433,0.7263,0,0
2015-06-25,18:00:00,0.7263,0.72736,0.72576,0.72584,0,0
2015-06-25,19:00:00,0.72579,0.72582,0.72441,0.72507,0,0
2015-06-25,20:00:00,0.72499,0.72602,0.72484,0.7259,0,0
2015-06-25,21:00:00,0.7259,0.72593,0.72449,0.72494,0,0
2015-06-25,22:00:00,0.72498,0.72556,0.72465,0.7255,0,0
2015-06-25,23:00:00,0.7253,0.72541,0.72435,0.72488,0,0
2015-06-25,23:59:00,0.72503,0.72506,0.7237,0.72411,0,0
2015-06-26,01:00:00,0.7241,0.72488,0.7241,0.72458,0,0
2015-06-26,02:00:00,0.72458,0.72494,0.72407,0.72418,0,0
2015-06-26,03:00:00,0.72421,0.72436,0.72312,0.72345,0,0
2015-06-26,04:00:00,0.72351,0.72351,0.72166,0.72247,0,0
2015-06-26,05:00:00,0.72247,0.72347,0.72228,0.72306,0,0
2015-06-26,06:00:00,0.72309,0.72348,0.72197,0.72222,0,0
2015-06-26,07:00:00,0.72221,0.72335,0.72205,0.72276,0,0
2015-06-26,08:00:00,0.72271,0.72347,0.72231,0.72324,0,0
2015-06-26,09:00:00,0.72326,0.72343,0.72075,0.72101,0,0
2015-06-26,10:00:00,0.72102,0.72195,0.71947,0.7195,0,0
2015-06-26,11:00:00,0.71949,0.71949,0.718,0.71894,0,0
2015-06-26,12:00:00,0.71895,0.71917,0.71723,0.71769,0,0
2015-06-26,13:00:00,0.71766,0.71785,0.71547,0.71624,0,0
2015-06-26,14:00:00,0.71621,0.71757,0.71427,0.71428,0,0
2015-06-26,15:00:00,0.7142,0.71525,0.71386,0.71458,0,0
2015-06-26,16:00:00,0.71472,0.71542,0.71345,0.71354,0,0
2015-06-26,17:00:00,0.71367,0.71449,0.71205,0.71447,0,0
2015-06-26,18:00:00,0.71434,0.71555,0.71433,0.7153,0,0
2015-06-26,19:00:00,0.71526,0.71628,0.71493,0.71555,0,0
2015-06-26,20:00:00,0.71533,0.71548,0.71439,0.71517,0,0
2015-06-26,21:00:00,0.71516,0.71697,0.71489,0.7167,0,0
2015-06-26,22:00:00,0.71659,0.71659,0.71475,0.71506,0,0
2015-06-26,23:00:00,0.71507,0.71507,0.71489,0.71493,0,0
2015-06-29,01:00:00,0.71672,0.71711,0.71425,0.71531,0,0
2015-06-29,02:00:00,0.71559,0.71806,0.71462,0.71667,0,0
2015-06-29,03:00:00,0.71656,0.71677,0.71457,0.71562,0,0
2015-06-29,04:00:00,0.71562,0.71795,0.71562,0.71778,0,0
2015-06-29,05:00:00,0.71773,0.72194,0.71732,0.71923,0,0
2015-06-29,06:00:00,0.71922,0.71947,0.71808,0.71848,0,0
2015-06-29,07:00:00,0.71847,0.71881,0.71809,0.71826,0,0
2015-06-29,08:00:00,0.71822,0.71832,0.71606,0.71718,0,0
2015-06-29,09:00:00,0.71719,0.71851,0.71591,0.71644,0,0
2015-06-29,10:00:00,0.71647,0.72017,0.71583,0.71785,0,0
2015-06-29,11:00:00,0.71784,0.71805,0.71642,0.71761,0,0
2015-06-29,12:00:00,0.7176,0.71794,0.71606,0.71658,0,0
2015-06-29,13:00:00,0.71659,0.71745,0.7146,0.71536,0,0
2015-06-29,14:00:00,0.71541,0.71582,0.71452,0.71469,0,0
2015-06-29,15:00:00,0.7147,0.71511,0.71383,0.71499,0,0
2015-06-29,16:00:00,0.71496,0.71505,0.71274,0.71299,0,0
2015-06-29,17:00:00,0.71274,0.7128,0.70955,0.71091,0,0
2015-06-29,18:00:00,0.71083,0.71233,0.71057,0.71228,0,0
2015-06-29,19:00:00,0.71235,0.71286,0.71087,0.71188,0,0
2015-06-29,20:00:00,0.71191,0.71353,0.71176,0.71266,0,0
2015-06-29,21:00:00,0.71265,0.71429,0.71235,0.71324,0,0
2015-06-29,22:00:00,0.71325,0.71364,0.71146,0.71147,0,0
2015-06-29,23:00:00,0.7114,0.71188,0.71026,0.71028,0,0
2015-06-29,23:59:00,0.71039,0.71058,0.70974,0.71022,0,0
2015-06-30,01:00:00,0.7102,0.71065,0.70998,0.71019,0,0
2015-06-30,02:00:00,0.71023,0.711,0.71023,0.71047,0,0
2015-06-30,03:00:00,0.71047,0.7113,0.71009,0.71071,0,0
2015-06-30,04:00:00,0.71072,0.71211,0.7098,0.71197,0,0
2015-06-30,05:00:00,0.71165,0.71183,0.7104,0.71145,0,0
2015-06-30,06:00:00,0.71147,0.71337,0.71047,0.71235,0,0
2015-06-30,07:00:00,0.71387,0.71433,0.71235,0.71427,0,0
2015-06-30,08:00:00,0.71425,0.7149,0.71351,0.71439,0,0
2015-06-30,09:00:00,0.71435,0.71652,0.71395,0.7151,0,0
2015-06-30,10:00:00,0.7152,0.71616,0.71433,0.71557,0,0
2015-06-30,11:00:00,0.7156,0.71581,0.71435,0.71544,0,0
2015-06-30,12:00:00,0.71548,0.71602,0.71325,0.71352,0,0
2015-06-30,13:00:00,0.71349,0.71493,0.71268,0.71368,0,0
2015-06-30,14:00:00,0.71365,0.71571,0.71352,0.71561,0,0
2015-06-30,15:00:00,0.71573,0.71729,0.71483,0.71704,0,0
2015-06-30,16:00:00,0.71708,0.71873,0.71703,0.71745,0,0
2015-06-30,17:00:00,0.71751,0.71895,0.7162,0.71895,0,0
2015-06-30,18:00:00,0.71895,0.72179,0.71882,0.72017,0,0
2015-06-30,19:00:00,0.72012,0.72232,0.71953,0.72093,0,0
2015-06-30,20:00:00,0.72093,0.72157,0.71992,0.72012,0,0
2015-06-30,21:00:00,0.72012,0.72182,0.71964,0.72161,0,0
2015-06-30,22:00:00,0.72161,0.7218,0.72106,0.72126,0,0
2015-06-30,23:00:00,0.72132,0.72173,0.72057,0.72095,0,0
2015-06-30,23:59:00,0.721,0.72182,0.72005,0.72026,0,0
2015-07-01,01:00:00,0.72037,0.72122,0.71987,0.72013,0,0
2015-07-01,02:00:00,0.72013,0.72071,0.71904,0.71961,0,0
2015-07-01,03:00:00,0.71946,0.72088,0.71886,0.72036,0,0
2015-07-01,04:00:00,0.721,0.72239,0.71939,0.7215,0,0
2015-07-01,05:00:00,0.7215,0.72335,0.72148,0.72247,0,0
2015-07-01,06:00:00,0.72248,0.72326,0.72219,0.723,0,0
2015-07-01,07:00:00,0.72299,0.72319,0.72196,0.72227,0,0
2015-07-01,08:00:00,0.72227,0.72262,0.72158,0.7221,0,0
2015-07-01,09:00:00,0.72201,0.72322,0.7215,0.72301,0,0
2015-07-01,10:00:00,0.72311,0.72544,0.72276,0.72474,0,0
2015-07-01,11:00:00,0.72473,0.7257,0.72288,0.72354,0,0
2015-07-01,12:00:00,0.7234,0.72492,0.72229,0.72387,0,0
2015-07-01,13:00:00,0.72392,0.72625,0.72354,0.72557,0,0
2015-07-01,14:00:00,0.72554,0.72578,0.72341,0.72345,0,0
2015-07-01,15:00:00,0.7234,0.72396,0.72125,0.72291,0,0
2015-07-01,16:00:00,0.72292,0.72401,0.72237,0.72243,0,0
2015-07-01,17:00:00,0.72243,0.72408,0.72197,0.72408,0,0
2015-07-01,18:00:00,0.72408,0.7253,0.72344,0.72473,0,0
2015-07-01,19:00:00,0.72472,0.72557,0.72418,0.72486,0,0
2015-07-01,20:00:00,0.72489,0.72615,0.72468,0.72569,0,0
2015-07-01,21:00:00,0.72569,0.72569,0.72442,0.72543,0,0
2015-07-01,22:00:00,0.7253,0.72594,0.72478,0.72518,0,0
2015-07-01,23:00:00,0.72512,0.72572,0.72497,0.72511,0,0
2015-07-01,23:59:00,0.72485,0.72547,0.72444,0.72518,0,0
2015-07-02,01:00:00,0.72515,0.72534,0.72391,0.72421,0,0
2015-07-02,02:00:00,0.72422,0.725,0.72418,0.72464,0,0
2015-07-02,03:00:00,0.72463,0.72554,0.72463,0.72554,0,0
2015-07-02,04:00:00,0.72562,0.72589,0.72306,0.72428,0,0
2015-07-02,05:00:00,0.72422,0.72447,0.72294,0.72357,0,0
2015-07-02,06:00:00,0.72359,0.72481,0.72352,0.72441,0,0
2015-07-02,07:00:00,0.72445,0.72454,0.72365,0.72369,0,0
2015-07-02,08:00:00,0.7237,0.72418,0.72273,0.72304,0,0
2015-07-02,09:00:00,0.72311,0.72368,0.72155,0.72197,0,0
2015-07-02,10:00:00,0.72179,0.72256,0.72101,0.72223,0,0
2015-07-02,11:00:00,0.72229,0.72233,0.72017,0.72021,0,0
2015-07-02,12:00:00,0.72023,0.72278,0.7198,0.7227,0,0
2015-07-02,13:00:00,0.72274,0.72281,0.72073,0.72175,0,0
2015-07-02,14:00:00,0.72165,0.72212,0.72056,0.7211,0,0
2015-07-02,15:00:00,0.72109,0.72304,0.71865,0.71918,0,0
2015-07-02,16:00:00,0.71922,0.71956,0.71806,0.7181,0,0
2015-07-02,17:00:00,0.71808,0.72078,0.71808,0.72026,0,0
2015-07-02,18:00:00,0.7203,0.72098,0.71931,0.72,0,0
2015-07-02,19:00:00,0.72,0.72126,0.71992,0.72126,0,0
2015-07-02,20:00:00,0.72123,0.72123,0.72,0.72001,0,0
2015-07-02,21:00:00,0.72007,0.72025,0.71917,0.71919,0,0
2015-07-02,22:00:00,0.71922,0.72036,0.71922,0.72004,0,0
2015-07-02,23:00:00,0.72017,0.72083,0.72003,0.7201,0,0
2015-07-02,23:59:00,0.72016,0.72054,0.71993,0.7203,0,0
2015-07-03,01:00:00,0.72034,0.7207,0.72007,0.72009,0,0
2015-07-03,02:00:00,0.72007,0.72073,0.7199,0.72067,0,0
2015-07-03,03:00:00,0.72067,0.72125,0.72045,0.72088,0,0
2015-07-03,04:00:00,0.72086,0.72106,0.71629,0.71653,0,0
2015-07-03,05:00:00,0.71656,0.71671,0.71499,0.71535,0,0
2015-07-03,06:00:00,0.71531,0.71575,0.7139,0.71539,0,0
2015-07-03,07:00:00,0.71538,0.71602,0.71491,0.71534,0,0
2015-07-03,08:00:00,0.71542,0.71586,0.71463,0.71485,0,0
2015-07-03,09:00:00,0.7148,0.71515,0.71427,0.71459,0,0
2015-07-03,10:00:00,0.71452,0.7148,0.7118,0.71219,0,0
2015-07-03,11:00:00,0.71221,0.71221,0.70988,0.71039,0,0
2015-07-03,12:00:00,0.70994,0.71101,0.70881,0.70958,0,0
2015-07-03,13:00:00,0.70951,0.70966,0.70714,0.70823,0,0
2015-07-03,14:00:00,0.70821,0.71,0.70813,0.7091,0,0
2015-07-03,15:00:00,0.7091,0.71035,0.70873,0.70919,0,0
2015-07-03,16:00:00,0.70921,0.70921,0.70702,0.70709,0,0
2015-07-03,17:00:00,0.70707,0.70805,0.70628,0.70797,0,0
2015-07-03,18:00:00,0.70789,0.70834,0.70672,0.70744,0,0
2015-07-03,19:00:00,0.70745,0.70917,0.70663,0.70897,0,0
2015-07-03,20:00:00,0.70895,0.70955,0.70808,0.70889,0,0
2015-07-03,21:00:00,0.70889,0.70889,0.70775,0.7079,0,0
2015-07-03,22:00:00,0.7079,0.7085,0.70707,0.70787,0,0
2015-07-03,23:00:00,0.70787,0.70792,0.70778,0.7078,0,0
2015-07-06,01:00:00,0.70449,0.70768,0.70398,0.70615,0,0
2015-07-06,02:00:00,0.70614,0.7078,0.7059,0.70684,0,0
2015-07-06,03:00:00,0.70693,0.70887,0.70685,0.70847,0,0
2015-07-06,04:00:00,0.70846,0.70856,0.7074,0.70804,0,0
2015-07-06,05:00:00,0.70805,0.70809,0.70612,0.70768,0,0
2015-07-06,06:00:00,0.70769,0.7078,0.70616,0.7067,0,0
2015-07-06,07:00:00,0.70674,0.70681,0.7052,0.7061,0,0
2015-07-06,08:00:00,0.7061,0.70683,0.70475,0.7051,0,0
2015-07-06,09:00:00,0.70505,0.70975,0.70505,0.70853,0,0
2015-07-06,10:00:00,0.70856,0.70933,0.70725,0.70795,0,0
2015-07-06,11:00:00,0.70792,0.70902,0.70705,0.70836,0,0
2015-07-06,12:00:00,0.70839,0.71,0.70769,0.70986,0,0
2015-07-06,13:00:00,0.70988,0.71045,0.70757,0.7082,0,0
2015-07-06,14:00:00,0.70815,0.70886,0.70716,0.70855,0,0
2015-07-06,15:00:00,0.7085,0.71022,0.70842,0.7102,0,0
2015-07-06,16:00:00,0.71019,0.71099,0.71008,0.71047,0,0
2015-07-06,17:00:00,0.71068,0.71151,0.70852,0.71059,0,0
2015-07-06,18:00:00,0.71047,0.71094,0.70829,0.70936,0,0
2015-07-06,19:00:00,0.70934,0.71,0.70773,0.70811,0,0
2015-07-06,20:00:00,0.70818,0.70882,0.70753,0.70754,0,0
2015-07-06,21:00:00,0.70756,0.70756,0.70635,0.70672,0,0
2015-07-06,22:00:00,0.70664,0.70714,0.70618,0.70676,0,0
2015-07-06,23:00:00,0.70667,0.7071,0.70637,0.70683,0,0
2015-07-06,23:59:00,0.7069,0.70708,0.7065,0.70681,0,0
2015-07-07,01:00:00,0.70685,0.70709,0.70612,0.70612,0,0
2015-07-07,02:00:00,0.70612,0.70626,0.70497,0.70499,0,0
2015-07-07,03:00:00,0.70496,0.70645,0.70496,0.70543,0,0
2015-07-07,04:00:00,0.70543,0.70667,0.70486,0.70626,0,0
2015-07-07,05:00:00,0.70607,0.70675,0.70555,0.70555,0,0
2015-07-07,06:00:00,0.70555,0.70578,0.70485,0.70522,0,0
2015-07-07,07:00:00,0.70522,0.70692,0.70459,0.70634,0,0
2015-07-07,08:00:00,0.70633,0.7079,0.70633,0.70684,0,0
2015-07-07,09:00:00,0.70682,0.70846,0.70639,0.70758,0,0
2015-07-07,10:00:00,0.70748,0.70765,0.70284,0.7034,0,0
2015-07-07,11:00:00,0.70337,0.70521,0.70236,0.70479,0,0
2015-07-07,12:00:00,0.70479,0.70519,0.70384,0.70462,0,0
2015-07-07,13:00:00,0.70467,0.70506,0.70307,0.70479,0,0
2015-07-07,14:00:00,0.70495,0.70583,0.70461,0.70489,0,0
2015-07-07,15:00:00,0.70491,0.70617,0.70427,0.70574,0,0
2015-07-07,16:00:00,0.70572,0.70588,0.70191,0.70257,0,0
2015-07-07,17:00:00,0.70281,0.70593,0.70254,0.70584,0,0
2015-07-07,18:00:00,0.7057,0.70591,0.70413,0.70509,0,0
2015-07-07,19:00:00,0.70497,0.70528,0.704,0.70519,0,0
2015-07-07,20:00:00,0.7051,0.7061,0.7043,0.70486,0,0
2015-07-07,21:00:00,0.70479,0.70508,0.70378,0.70413,0,0
2015-07-07,22:00:00,0.70415,0.70633,0.70415,0.70469,0,0
2015-07-07,23:00:00,0.70476,0.70569,0.70429,0.70548,0,0
2015-07-07,23:59:00,0.70549,0.70574,0.70453,0.70484,0,0
2015-07-08,01:00:00,0.70485,0.70535,0.70474,0.70518,0,0
2015-07-08,02:00:00,0.70519,0.70617,0.70505,0.70576,0,0
2015-07-08,03:00:00,0.70577,0.70584,0.70374,0.70385,0,0
2015-07-08,04:00:00,0.70389,0.70403,0.7004,0.70219,0,0
2015-07-08,05:00:00,0.7021,0.70299,0.70172,0.70225,0,0
2015-07-08,06:00:00,0.70226,0.70226,0.70055,0.7014,0,0
2015-07-08,07:00:00,0.7014,0.70225,0.70002,0.70059,0,0
2015-07-08,08:00:00,0.70057,0.70181,0.7004,0.70041,0,0
2015-07-08,09:00:00,0.70038,0.70077,0.69695,0.69779,0,0
2015-07-08,10:00:00,0.69772,0.69858,0.69659,0.69677,0,0
2015-07-08,11:00:00,0.6967,0.69839,0.6962,0.69742,0,0
2015-07-08,12:00:00,0.6975,0.6999,0.69716,0.69919,0,0
2015-07-08,13:00:00,0.69916,0.703,0.69792,0.703,0,0
2015-07-08,14:00:00,0.70295,0.70695,0.70294,0.70529,0,0
2015-07-08,15:00:00,0.70529,0.70568,0.70294,0.70443,0,0
2015-07-08,16:00:00,0.70443,0.70572,0.70386,0.70443,0,0
2015-07-08,17:00:00,0.70441,0.70696,0.70412,0.70652,0,0
2015-07-08,18:00:00,0.70654,0.70696,0.70388,0.70409,0,0
2015-07-08,19:00:00,0.70404,0.70542,0.70369,0.70459,0,0
2015-07-08,20:00:00,0.70447,0.70495,0.70372,0.70452,0,0
2015-07-08,21:00:00,0.70453,0.70484,0.70168,0.70171,0,0
2015-07-08,22:00:00,0.70162,0.70272,0.70162,0.70205,0,0
2015-07-08,23:00:00,0.70206,0.70254,0.70169,0.70232,0,0
2015-07-08,23:59:00,0.70232,0.70289,0.70181,0.70231,0,0
2015-07-09,01:00:00,0.70235,0.7027,0.70195,0.70255,0,0
2015-07-09,02:00:00,0.70254,0.70267,0.70131,0.70183,0,0
2015-07-09,03:00:00,0.70186,0.70191,0.69898,0.70005,0,0
2015-07-09,04:00:00,0.70008,0.70439,0.70005,0.70357,0,0
2015-07-09,05:00:00,0.70349,0.70659,0.70326,0.70498,0,0
2015-07-09,06:00:00,0.70496,0.70626,0.70466,0.70521,0,0
2015-07-09,07:00:00,0.70521,0.70573,0.70454,0.70556,0,0
2015-07-09,08:00:00,0.70565,0.70741,0.70564,0.70654,0,0
2015-07-09,09:00:00,0.70655,0.70699,0.70542,0.706,0,0
2015-07-09,10:00:00,0.70602,0.70821,0.7056,0.70736,0,0
2015-07-09,11:00:00,0.70738,0.70883,0.70685,0.70803,0,0
2015-07-09,12:00:00,0.70802,0.70827,0.70616,0.70695,0,0
2015-07-09,13:00:00,0.70684,0.7069,0.70467,0.70561,0,0
2015-07-09,14:00:00,0.70557,0.70782,0.70556,0.70775,0,0
2015-07-09,15:00:00,0.70781,0.70957,0.70771,0.70902,0,0
2015-07-09,16:00:00,0.709,0.70923,0.70543,0.70553,0,0
2015-07-09,17:00:00,0.70554,0.70576,0.70374,0.70378,0,0
2015-07-09,18:00:00,0.70368,0.70659,0.70362,0.70632,0,0
2015-07-09,19:00:00,0.70621,0.70676,0.70522,0.70528,0,0
2015-07-09,20:00:00,0.70536,0.70562,0.70455,0.70541,0,0
2015-07-09,21:00:00,0.70543,0.70621,0.70456,0.70605,0,0
2015-07-09,22:00:00,0.70605,0.70658,0.70516,0.70632,0,0
2015-07-09,23:00:00,0.70633,0.70752,0.70567,0.7059,0,0
2015-07-09,23:59:00,0.70583,0.7073,0.70577,0.70635,0,0
2015-07-10,01:00:00,0.70625,0.70771,0.70603,0.70685,0,0
2015-07-10,02:00:00,0.70685,0.70742,0.70632,0.70702,0,0
2015-07-10,03:00:00,0.70699,0.70814,0.70645,0.70772,0,0
2015-07-10,04:00:00,0.70772,0.70867,0.70768,0.7079,0,0
2015-07-10,05:00:00,0.7078,0.70933,0.70756,0.70844,0,0
2015-07-10,06:00:00,0.70843,0.70871,0.70794,0.70859,0,0
2015-07-10,07:00:00,0.70859,0.70884,0.70794,0.70795,0,0
2015-07-10,08:00:00,0.70795,0.70859,0.70674,0.70827,0,0
2015-07-10,09:00:00,0.7083,0.70831,0.70666,0.70702,0,0
2015-07-10,10:00:00,0.70701,0.70757,0.7006,0.70228,0,0
2015-07-10,11:00:00,0.70221,0.70235,0.69954,0.70111,0,0
2015-07-10,12:00:00,0.70096,0.70125,0.69885,0.70038,0,0
2015-07-10,13:00:00,0.70041,0.70072,0.69903,0.70023,0,0
2015-07-10,14:00:00,0.70022,0.7013,0.69835,0.69883,0,0
2015-07-10,15:00:00,0.69883,0.69956,0.69761,0.69869,0,0
2015-07-10,16:00:00,0.69868,0.69921,0.69508,0.6964,0,0
2015-07-10,17:00:00,0.69619,0.69733,0.69586,0.6968,0,0
2015-07-10,18:00:00,0.69679,0.69908,0.69643,0.6988,0,0
2015-07-10,19:00:00,0.69887,0.69924,0.69766,0.69863,0,0
2015-07-10,20:00:00,0.69863,0.69894,0.6977,0.69803,0,0
2015-07-10,21:00:00,0.69805,0.70019,0.69805,0.70009,0,0
2015-07-10,22:00:00,0.7001,0.70087,0.69957,0.69984,0,0
2015-07-10,23:00:00,0.69981,0.6999,0.69956,0.69957,0,0
2015-07-13,01:00:00,0.69728,0.70012,0.69728,0.69876,0,0
2015-07-13,02:00:00,0.69876,0.69967,0.69763,0.69763,0,0
2015-07-13,03:00:00,0.69763,0.69837,0.69746,0.69821,0,0
2015-07-13,04:00:00,0.69821,0.69887,0.69733,0.69804,0,0
2015-07-13,05:00:00,0.69789,0.69983,0.69789,0.6998,0,0
2015-07-13,06:00:00,0.6998,0.70176,0.69939,0.69957,0,0
2015-07-13,07:00:00,0.69955,0.70036,0.6992,0.70001,0,0
2015-07-13,08:00:00,0.70002,0.70089,0.69991,0.70034,0,0
2015-07-13,09:00:00,0.70039,0.7012,0.69843,0.69942,0,0
2015-07-13,10:00:00,0.69934,0.70243,0.69865,0.70175,0,0
2015-07-13,11:00:00,0.70167,0.70384,0.70116,0.70344,0,0
2015-07-13,12:00:00,0.70354,0.70426,0.70246,0.70395,0,0
2015-07-13,13:00:00,0.70398,0.70463,0.70332,0.70383,0,0
2015-07-13,14:00:00,0.70383,0.70453,0.70275,0.70446,0,0
2015-07-13,15:00:00,0.70443,0.70447,0.70288,0.703,0,0
2015-07-13,16:00:00,0.70302,0.7033,0.70186,0.70299,0,0
2015-07-13,17:00:00,0.7029,0.70302,0.70058,0.70151,0,0
2015-07-13,18:00:00,0.70146,0.7033,0.70118,0.70309,0,0
2015-07-13,19:00:00,0.70305,0.70367,0.70258,0.7034,0,0
2015-07-13,20:00:00,0.70328,0.7033,0.70216,0.70259,0,0
2015-07-13,21:00:00,0.70261,0.70379,0.70261,0.70361,0,0
2015-07-13,22:00:00,0.70379,0.70423,0.70325,0.70378,0,0
2015-07-13,23:00:00,0.70381,0.70414,0.70332,0.70373,0,0
2015-07-13,23:59:00,0.70381,0.70436,0.70309,0.70314,0,0
2015-07-14,01:00:00,0.70313,0.70376,0.70265,0.70278,0,0
2015-07-14,02:00:00,0.70278,0.70347,0.7026,0.70274,0,0
2015-07-14,03:00:00,0.7028,0.70515,0.70257,0.70514,0,0
2015-07-14,04:00:00,0.70502,0.7068,0.70403,0.70595,0,0
2015-07-14,05:00:00,0.70603,0.70654,0.70548,0.70588,0,0
2015-07-14,06:00:00,0.70589,0.7064,0.70543,0.70553,0,0
2015-07-14,07:00:00,0.70553,0.70613,0.70548,0.70564,0,0
2015-07-14,08:00:00,0.70563,0.70634,0.70505,0.70634,0,0
2015-07-14,09:00:00,0.70635,0.70743,0.70612,0.70699,0,0
2015-07-14,10:00:00,0.707,0.70791,0.70321,0.70397,0,0
2015-07-14,11:00:00,0.70404,0.70404,0.69987,0.7007,0,0
2015-07-14,12:00:00,0.70034,0.70306,0.70011,0.70144,0,0
2015-07-14,13:00:00,0.70148,0.70321,0.7013,0.70318,0,0
2015-07-14,14:00:00,0.7031,0.70343,0.70196,0.70268,0,0
2015-07-14,15:00:00,0.70277,0.70428,0.70195,0.70267,0,0
2015-07-14,16:00:00,0.70281,0.70405,0.70245,0.70386,0,0
2015-07-14,17:00:00,0.70395,0.70566,0.7036,0.70487,0,0
2015-07-14,18:00:00,0.70488,0.70494,0.70366,0.70463,0,0
2015-07-14,19:00:00,0.70467,0.70555,0.70455,0.70465,0,0
2015-07-14,20:00:00,0.70465,0.70499,0.70361,0.70424,0,0
2015-07-14,21:00:00,0.70432,0.70435,0.70362,0.70391,0,0
2015-07-14,22:00:00,0.70398,0.70431,0.70367,0.7042,0,0
2015-07-14,23:00:00,0.70419,0.70465,0.70394,0.70405,0,0
2015-07-14,23:59:00,0.70411,0.70471,0.70352,0.70444,0,0
2015-07-15,01:00:00,0.70443,0.70472,0.70391,0.70405,0,0
2015-07-15,02:00:00,0.70406,0.70472,0.7034,0.70374,0,0
2015-07-15,03:00:00,0.7037,0.70547,0.70343,0.70435,0,0
2015-07-15,04:00:00,0.70454,0.70658,0.70406,0.70506,0,0
2015-07-15,05:00:00,0.7055,0.70785,0.7055,0.70648,0,0
2015-07-15,06:00:00,0.70649,0.70675,0.70567,0.70591,0,0
2015-07-15,07:00:00,0.70591,0.70649,0.70546,0.70617,0,0
2015-07-15,08:00:00,0.70617,0.70641,0.70553,0.70596,0,0
2015-07-15,09:00:00,0.70593,0.70735,0.70564,0.70713,0,0
2015-07-15,10:00:00,0.70717,0.70738,0.70542,0.7057,0,0
2015-07-15,11:00:00,0.70569,0.70578,0.70451,0.70564,0,0
2015-07-15,12:00:00,0.70553,0.70687,0.70544,0.7063,0,0
2015-07-15,13:00:00,0.70629,0.70685,0.70588,0.70636,0,0
2015-07-15,14:00:00,0.70632,0.70803,0.70632,0.70786,0,0
2015-07-15,15:00:00,0.70786,0.7083,0.70651,0.70706,0,0
2015-07-15,16:00:00,0.70704,0.7079,0.7057,0.70609,0,0
2015-07-15,17:00:00,0.70612,0.70612,0.70358,0.70509,0,0
2015-07-15,18:00:00,0.70509,0.7055,0.70104,0.70144,0,0
2015-07-15,19:00:00,0.70156,0.70191,0.70026,0.70174,0,0
2015-07-15,20:00:00,0.70166,0.70257,0.70144,0.70147,0,0
2015-07-15,21:00:00,0.70149,0.70228,0.7013,0.70206,0,0
2015-07-15,22:00:00,0.70188,0.70275,0.70178,0.70219,0,0
2015-07-15,23:00:00,0.70217,0.70281,0.70194,0.70244,0,0
2015-07-15,23:59:00,0.70252,0.70278,0.70205,0.7027,0,0
2015-07-16,01:00:00,0.70264,0.70328,0.70166,0.70279,0,0
2015-07-16,02:00:00,0.70281,0.70328,0.70189,0.7022,0,0
2015-07-16,03:00:00,0.70233,0.70287,0.70163,0.70211,0,0
2015-07-16,04:00:00,0.70212,0.70238,0.7014,0.7023,0,0
2015-07-16,05:00:00,0.70229,0.70289,0.70159,0.70289,0,0
2015-07-16,06:00:00,0.70289,0.70358,0.70238,0.70263,0,0
2015-07-16,07:00:00,0.70262,0.7028,0.70139,0.70197,0,0
2015-07-16,08:00:00,0.70193,0.70323,0.70153,0.70288,0,0
2015-07-16,09:00:00,0.7027,0.70504,0.70228,0.70414,0,0
2015-07-16,10:00:00,0.70427,0.70588,0.70374,0.70559,0,0
2015-07-16,11:00:00,0.70563,0.70636,0.70489,0.70542,0,0
2015-07-16,12:00:00,0.70541,0.7069,0.70528,0.70613,0,0
2015-07-16,13:00:00,0.70621,0.70824,0.70615,0.7078,0,0
2015-07-16,14:00:00,0.7078,0.7087,0.7068,0.70723,0,0
2015-07-16,15:00:00,0.70718,0.70885,0.7062,0.70882,0,0
2015-07-16,16:00:00,0.70883,0.70935,0.70792,0.70872,0,0
2015-07-16,17:00:00,0.70861,0.70981,0.70847,0.7086,0,0
2015-07-16,18:00:00,0.70862,0.71085,0.70862,0.71046,0,0
2015-07-16,19:00:00,0.71045,0.71125,0.71023,0.71065,0,0
2015-07-16,20:00:00,0.71069,0.71086,0.70886,0.70886,0,0
2015-07-16,21:00:00,0.70889,0.70936,0.70873,0.70908,0,0
2015-07-16,22:00:00,0.70908,0.70951,0.70875,0.70889,0,0
2015-07-16,23:00:00,0.70885,0.70965,0.70856,0.70929,0,0
2015-07-16,23:59:00,0.70925,0.70966,0.70877,0.70917,0,0
2015-07-17,01:00:00,0.70918,0.71028,0.70914,0.70965,0,0
2015-07-17,02:00:00,0.70965,0.71002,0.70924,0.70975,0,0
2015-07-17,03:00:00,0.70975,0.71015,0.70948,0.70954,0,0
2015-07-17,04:00:00,0.70953,0.71027,0.70913,0.70913,0,0
2015-07-17,05:00:00,0.70913,0.70962,0.70892,0.70907,0,0
2015-07-17,06:00:00,0.70907,0.70984,0.7089,0.70894,0,0
2015-07-17,07:00:00,0.70897,0.7097,0.70844,0.70958,0,0
2015-07-17,08:00:00,0.70959,0.7097,0.70903,0.70962,0,0
2015-07-17,09:00:00,0.70955,0.70974,0.70824,0.70872,0,0
2015-07-17,10:00:00,0.70878,0.7091,0.70763,0.70815,0,0
2015-07-17,11:00:00,0.70816,0.70917,0.7079,0.70835,0,0
2015-07-17,12:00:00,0.70831,0.70878,0.70734,0.70782,0,0
2015-07-17,13:00:00,0.70781,0.70913,0.70768,0.70891,0,0
2015-07-17,14:00:00,0.70893,0.7098,0.70889,0.70906,0,0
2015-07-17,15:00:00,0.7091,0.7099,0.70809,0.70853,0,0
2015-07-17,16:00:00,0.70853,0.70894,0.70775,0.70775,0,0
2015-07-17,17:00:00,0.70787,0.70917,0.70776,0.70881,0,0
2015-07-17,18:00:00,0.70875,0.70912,0.70777,0.70824,0,0
2015-07-17,19:00:00,0.70828,0.70894,0.70821,0.70858,0,0
2015-07-17,20:00:00,0.70875,0.70888,0.70839,0.7087,0,0
2015-07-17,21:00:00,0.7087,0.70925,0.70845,0.70885,0,0
2015-07-17,22:00:00,0.70878,0.7091,0.70857,0.70909,0,0
2015-07-17,23:00:00,0.70912,0.70915,0.70907,0.70915,0,0
2015-07-20,01:00:00,0.70928,0.70951,0.70855,0.70884,0,0
2015-07-20,02:00:00,0.70885,0.70927,0.70822,0.70915,0,0
2015-07-20,03:00:00,0.70918,0.7095,0.70833,0.7089,0,0
2015-07-20,04:00:00,0.70889,0.70937,0.70752,0.70774,0,0
2015-07-20,05:00:00,0.70759,0.70888,0.70641,0.70677,0,0
2015-07-20,06:00:00,0.70666,0.70715,0.7058,0.70677,0,0
2015-07-20,07:00:00,0.70673,0.7087,0.70654,0.7086,0,0
2015-07-20,08:00:00,0.70853,0.70929,0.70785,0.70929,0,0
2015-07-20,09:00:00,0.70918,0.71169,0.70889,0.71122,0,0
2015-07-20,10:00:00,0.7118,0.71195,0.70943,0.71021,0,0
2015-07-20,11:00:00,0.71005,0.71088,0.70932,0.7099,0,0
2015-07-20,12:00:00,0.70971,0.7114,0.70964,0.71012,0,0
2015-07-20,13:00:00,0.71022,0.71118,0.70949,0.70979,0,0
2015-07-20,14:00:00,0.70987,0.71076,0.70926,0.70975,0,0
2015-07-20,15:00:00,0.70961,0.71125,0.70961,0.71072,0,0
2015-07-20,16:00:00,0.71064,0.71169,0.70888,0.70888,0,0
2015-07-20,17:00:00,0.70878,0.71027,0.70824,0.70981,0,0
2015-07-20,18:00:00,0.70978,0.71121,0.70978,0.7108,0,0
2015-07-20,19:00:00,0.71078,0.7112,0.71044,0.71064,0,0
2015-07-20,20:00:00,0.71074,0.71124,0.71062,0.71092,0,0
2015-07-20,21:00:00,0.71094,0.71162,0.71094,0.71106,0,0
2015-07-20,22:00:00,0.71112,0.71135,0.71068,0.71081,0,0
2015-07-20,23:00:00,0.71078,0.71118,0.71069,0.71107,0,0
2015-07-20,23:59:00,0.71107,0.71131,0.71051,0.71061,0,0
