Date,Time,Open,High,Low,Close,Volume,OpenInt
2015-04-22,01:00:00,0.71852,0.71899,0.71823,0.71859,0,0
2015-04-22,02:00:00,0.71861,0.71867,0.71811,0.71822,0,0
2015-04-22,03:00:00,0.71824,0.71986,0.71811,0.71977,0,0
2015-04-22,04:00:00,0.71977,0.72463,0.7195,0.72391,0,0
2015-04-22,05:00:00,0.72384,0.72415,0.72345,0.72358,0,0
2015-04-22,06:00:00,0.72358,0.72392,0.72319,0.7235,0,0
2015-04-22,07:00:00,0.72343,0.72402,0.7232,0.72386,0,0
2015-04-22,08:00:00,0.72386,0.72395,0.72308,0.72324,0,0
2015-04-22,09:00:00,0.72325,0.724,0.72197,0.72221,0,0
2015-04-22,10:00:00,0.7222,0.72401,0.72218,0.72364,0,0
2015-04-22,11:00:00,0.72364,0.72374,0.72225,0.72323,0,0
2015-04-22,12:00:00,0.72338,0.7234,0.72223,0.72309,0,0
2015-04-22,13:00:00,0.72308,0.72414,0.72246,0.72356,0,0
2015-04-22,14:00:00,0.72347,0.72386,0.72309,0.7235,0,0
2015-04-22,15:00:00,0.7235,0.72565,0.7235,0.72509,0,0
2015-04-22,16:00:00,0.72503,0.72503,0.72319,0.72338,0,0
2015-04-22,17:00:00,0.72327,0.7242,0.72255,0.72379,0,0
2015-04-22,18:00:00,0.72379,0.72447,0.72338,0.72427,0,0
2015-04-22,19:00:00,0.72432,0.72453,0.72402,0.72418,0,0
2015-04-22,20:00:00,0.72414,0.72441,0.72392,0.72421,0,0
2015-04-22,21:00:00,0.72419,0.72433,0.72344,0.72369,0,0
2015-04-22,22:00:00,0.72371,0.72389,0.72318,0.72379,0,0
2015-04-22,23:00:00,0.72379,0.72391,0.72263,0.72313,0,0
2015-04-22,23:59:00,0.72313,0.72357,0.72233,0.72268,0,0
2015-04-23,01:00:00,0.72267,0.72275,0.72222,0.7226,0,0
2015-04-23,02:00:00,0.72259,0.72305,0.72236,0.72242,0,0
2015-04-23,03:00:00,0.72233,0.72271,0.72136,0.72252,0,0
2015-04-23,04:00:00,0.72237,0.72351,0.72188,0.72268,0,0
2015-04-23,05:00:00,0.72268,0.72339,0.72201,0.72234,0,0
2015-04-23,06:00:00,0.72232,0.72352,0.7223,0.72344,0,0
2015-04-23,07:00:00,0.72344,0.72485,0.72338,0.72474,0,0
2015-04-23,08:00:00,0.72474,0.72475,0.72337,0.72349,0,0
2015-04-23,09:00:00,0.72349,0.72407,0.72271,0.72285,0,0
2015-04-23,10:00:00,0.72288,0.72451,0.72288,0.72355,0,0
2015-04-23,11:00:00,0.72356,0.7237,0.72084,0.72115,0,0
2015-04-23,12:00:00,0.72115,0.7213,0.71824,0.7184,0,0
2015-04-23,13:00:00,0.71846,0.71919,0.71768,0.71886,0,0
2015-04-23,14:00:00,0.71891,0.71962,0.71791,0.71806,0,0
2015-04-23,15:00:00,0.71804,0.71846,0.71678,0.71767,0,0
2015-04-23,16:00:00,0.71773,0.7198,0.71724,0.71951,0,0
2015-04-23,17:00:00,0.71956,0.72025,0.71823,0.71912,0,0
2015-04-23,18:00:00,0.71914,0.7205,0.71895,0.72038,0,0
2015-04-23,19:00:00,0.72038,0.72049,0.71847,0.71879,0,0
2015-04-23,20:00:00,0.71879,0.71889,0.71792,0.71869,0,0
2015-04-23,21:00:00,0.71867,0.71867,0.71717,0.71857,0,0
2015-04-23,22:00:00,0.71856,0.71885,0.71812,0.71874,0,0
2015-04-23,23:00:00,0.71873,0.71901,0.71839,0.71863,0,0
2015-04-23,23:59:00,0.71863,0.71914,0.71849,0.71898,0,0
2015-04-24,01:00:00,0.71889,0.71902,0.71861,0.71898,0,0
2015-04-24,02:00:00,0.71891,0.7191,0.71841,0.71897,0,0
2015-04-24,03:00:00,0.71895,0.72017,0.71873,0.71965,0,0
2015-04-24,04:00:00,0.71963,0.71995,0.71896,0.71901,0,0
2015-04-24,05:00:00,0.71902,0.71956,0.71865,0.71956,0,0
2015-04-24,06:00:00,0.71956,0.72051,0.7194,0.72033,0,0
2015-04-24,07:00:00,0.72018,0.72033,0.7197,0.71977,0,0
2015-04-24,08:00:00,0.71975,0.71997,0.71924,0.71939,0,0
2015-04-24,09:00:00,0.71927,0.71978,0.71735,0.71818,0,0
2015-04-24,10:00:00,0.71818,0.71875,0.71657,0.71751,0,0
2015-04-24,11:00:00,0.71752,0.71834,0.71552,0.71555,0,0
2015-04-24,12:00:00,0.71566,0.7174,0.71544,0.71739,0,0
2015-04-24,13:00:00,0.71745,0.71959,0.71742,0.71927,0,0
2015-04-24,14:00:00,0.71927,0.71968,0.71772,0.71932,0,0
2015-04-24,15:00:00,0.71926,0.72065,0.71868,0.71976,0,0
2015-04-24,16:00:00,0.71977,0.72152,0.71913,0.7212,0,0
2015-04-24,17:00:00,0.72122,0.72141,0.71926,0.72001,0,0
2015-04-24,18:00:00,0.72001,0.72116,0.71939,0.71939,0,0
2015-04-24,19:00:00,0.71939,0.72006,0.71919,0.72006,0,0
2015-04-24,20:00:00,0.72009,0.7207,0.71966,0.72021,0,0
2015-04-24,21:00:00,0.72014,0.72046,0.71954,0.72019,0,0
2015-04-24,22:00:00,0.72019,0.72031,0.71953,0.72014,0,0
2015-04-24,23:00:00,0.72009,0.72044,0.72005,0.72044,0,0
2015-04-27,01:00:00,0.72014,0.72044,0.7196,0.72016,0,0
2015-04-27,02:00:00,0.72016,0.72102,0.72014,0.7206,0,0
2015-04-27,03:00:00,0.72077,0.72086,0.72004,0.72019,0,0
2015-04-27,04:00:00,0.7202,0.72073,0.71991,0.7206,0,0
2015-04-27,05:00:00,0.72061,0.72104,0.72015,0.72031,0,0
2015-04-27,06:00:00,0.7203,0.72051,0.71962,0.71991,0,0
2015-04-27,07:00:00,0.71993,0.72022,0.71962,0.72009,0,0
2015-04-27,08:00:00,0.72009,0.72068,0.7198,0.71988,0,0
2015-04-27,09:00:00,0.71982,0.71987,0.71852,0.71886,0,0
2015-04-27,10:00:00,0.71883,0.72037,0.71856,0.71986,0,0
2015-04-27,11:00:00,0.71983,0.72147,0.7197,0.72103,0,0
2015-04-27,12:00:00,0.72099,0.72172,0.72044,0.72116,0,0
2015-04-27,13:00:00,0.72116,0.72191,0.72068,0.72085,0,0
2015-04-27,14:00:00,0.72083,0.72116,0.72055,0.72087,0,0
2015-04-27,15:00:00,0.72083,0.72133,0.72047,0.72051,0,0
2015-04-27,16:00:00,0.72052,0.72126,0.71965,0.72119,0,0
2015-04-27,17:00:00,0.7212,0.72377,0.72051,0.72257,0,0
2015-04-27,18:00:00,0.72256,0.72256,0.72072,0.72146,0,0
2015-04-27,19:00:00,0.72146,0.72215,0.72002,0.72051,0,0
2015-04-27,20:00:00,0.72052,0.7221,0.72041,0.72178,0,0
2015-04-27,21:00:00,0.7217,0.72201,0.72111,0.72156,0,0
2015-04-27,22:00:00,0.72159,0.72187,0.721,0.72102,0,0
2015-04-27,23:00:00,0.72098,0.72178,0.72097,0.72158,0,0
2015-04-27,23:59:00,0.72158,0.72188,0.72098,0.72114,0,0
2015-04-28,01:00:00,0.72118,0.72276,0.72086,0.72217,0,0
2015-04-28,02:00:00,0.72219,0.72355,0.72207,0.72316,0,0
2015-04-28,03:00:00,0.72316,0.72384,0.72287,0.72288,0,0
2015-04-28,04:00:00,0.7229,0.72347,0.72278,0.72326,0,0
2015-04-28,05:00:00,0.72336,0.72367,0.72306,0.72366,0,0
2015-04-28,06:00:00,0.72366,0.72379,0.72283,0.72292,0,0
2015-04-28,07:00:00,0.72288,0.72378,0.72263,0.72363,0,0
2015-04-28,08:00:00,0.72363,0.72426,0.72355,0.72408,0,0
2015-04-28,09:00:00,0.72406,0.72467,0.72353,0.72408,0,0
2015-04-28,10:00:00,0.72409,0.72477,0.72345,0.72448,0,0
2015-04-28,11:00:00,0.72446,0.72555,0.72422,0.72436,0,0
2015-04-28,12:00:00,0.72436,0.72552,0.72421,0.72539,0,0
2015-04-28,13:00:00,0.72539,0.72619,0.72453,0.72587,0,0
2015-04-28,14:00:00,0.72587,0.72824,0.7254,0.7265,0,0
2015-04-28,15:00:00,0.72651,0.72811,0.72637,0.72801,0,0
2015-04-28,16:00:00,0.72801,0.72948,0.72759,0.72841,0,0
2015-04-28,17:00:00,0.72839,0.72981,0.72732,0.72865,0,0
2015-04-28,18:00:00,0.72864,0.73051,0.7283,0.73009,0,0
2015-04-28,19:00:00,0.73009,0.73087,0.72983,0.73011,0,0
2015-04-28,20:00:00,0.7301,0.7306,0.72939,0.7302,0,0
2015-04-28,21:00:00,0.7301,0.73032,0.72948,0.73003,0,0
2015-04-28,22:00:00,0.73005,0.73055,0.72995,0.73036,0,0
2015-04-28,23:00:00,0.73035,0.731,0.73016,0.73049,0,0
2015-04-28,23:59:00,0.73049,0.73102,0.73028,0.73092,0,0
2015-04-29,01:00:00,0.73083,0.73102,0.73007,0.73058,0,0
2015-04-29,02:00:00,0.73058,0.73064,0.7289,0.72917,0,0
2015-04-29,03:00:00,0.72909,0.72995,0.7282,0.72976,0,0
2015-04-29,04:00:00,0.72976,0.72982,0.72846,0.72865,0,0
2015-04-29,05:00:00,0.72863,0.7288,0.72776,0.72803,0,0
2015-04-29,06:00:00,0.72803,0.72866,0.72761,0.72853,0,0
2015-04-29,07:00:00,0.72853,0.72876,0.72817,0.72844,0,0
2015-04-29,08:00:00,0.72849,0.7291,0.72819,0.7289,0,0
2015-04-29,09:00:00,0.7289,0.72907,0.72833,0.72876,0,0
2015-04-29,10:00:00,0.72876,0.72911,0.7267,0.72698,0,0
2015-04-29,11:00:00,0.72697,0.72739,0.72548,0.72565,0,0
2015-04-29,12:00:00,0.72564,0.72644,0.72502,0.72502,0,0
2015-04-29,13:00:00,0.72501,0.72635,0.72476,0.72623,0,0
2015-04-29,14:00:00,0.72623,0.72722,0.72604,0.7268,0,0
2015-04-29,15:00:00,0.7268,0.72719,0.72557,0.72653,0,0
2015-04-29,16:00:00,0.72653,0.72733,0.72572,0.72659,0,0
2015-04-29,17:00:00,0.7266,0.72757,0.72286,0.72298,0,0
2015-04-29,18:00:00,0.72283,0.72324,0.72108,0.72191,0,0
2015-04-29,19:00:00,0.72191,0.72303,0.72124,0.72286,0,0
2015-04-29,20:00:00,0.72292,0.72292,0.72134,0.72279,0,0
2015-04-29,21:00:00,0.72234,0.72386,0.72199,0.7231,0,0
2015-04-29,22:00:00,0.72308,0.72323,0.72171,0.72174,0,0
2015-04-29,23:00:00,0.72176,0.72247,0.71957,0.71957,0,0
2015-04-29,23:59:00,0.71957,0.72017,0.71733,0.71928,0,0
2015-04-30,01:00:00,0.71927,0.7197,0.71908,0.71936,0,0
2015-04-30,02:00:00,0.71936,0.7197,0.71927,0.71951,0,0
2015-04-30,03:00:00,0.71951,0.72121,0.71932,0.7212,0,0
2015-04-30,04:00:00,0.7212,0.72151,0.71851,0.71856,0,0
2015-04-30,05:00:00,0.7186,0.71981,0.7181,0.71954,0,0
2015-04-30,06:00:00,0.71953,0.72024,0.71938,0.72002,0,0
2015-04-30,07:00:00,0.72005,0.72038,0.71871,0.71991,0,0
2015-04-30,08:00:00,0.7199,0.72001,0.71891,0.71985,0,0
2015-04-30,09:00:00,0.71982,0.71985,0.71641,0.71716,0,0
2015-04-30,10:00:00,0.71713,0.71767,0.70891,0.70893,0,0
2015-04-30,11:00:00,0.70893,0.70992,0.70684,0.70848,0,0
2015-04-30,12:00:00,0.70849,0.71042,0.70761,0.7104,0,0
2015-04-30,13:00:00,0.71038,0.71096,0.70689,0.7073,0,0
2015-04-30,14:00:00,0.70733,0.7077,0.70605,0.70752,0,0
2015-04-30,15:00:00,0.70752,0.70866,0.70586,0.70774,0,0
2015-04-30,16:00:00,0.70774,0.70899,0.70732,0.70746,0,0
2015-04-30,17:00:00,0.70746,0.70746,0.70405,0.70408,0,0
2015-04-30,18:00:00,0.70411,0.70466,0.70297,0.70466,0,0
2015-04-30,19:00:00,0.70474,0.70572,0.70389,0.70413,0,0
2015-04-30,20:00:00,0.7041,0.70602,0.70388,0.70588,0,0
2015-04-30,21:00:00,0.7059,0.7059,0.70279,0.70313,0,0
2015-04-30,22:00:00,0.70313,0.70485,0.70283,0.70485,0,0
2015-04-30,23:00:00,0.70487,0.70541,0.7042,0.70433,0,0
2015-04-30,23:59:00,0.70433,0.70567,0.70429,0.70462,0,0
2015-05-01,01:00:00,0.70459,0.70488,0.70416,0.70453,0,0
2015-05-01,02:00:00,0.70453,0.70508,0.70435,0.70439,0,0
2015-05-01,03:00:00,0.70439,0.70451,0.70342,0.70376,0,0
2015-05-01,04:00:00,0.70387,0.70473,0.70339,0.70352,0,0
2015-05-01,05:00:00,0.70352,0.70423,0.70268,0.7041,0,0
2015-05-01,06:00:00,0.7041,0.70436,0.70361,0.70418,0,0
2015-05-01,07:00:00,0.70418,0.70419,0.70374,0.70387,0,0
2015-05-01,08:00:00,0.70387,0.70451,0.70341,0.70421,0,0
2015-05-01,09:00:00,0.70423,0.705,0.7,0.70006,0,0
2015-05-01,10:00:00,0.70003,0.70096,0.69981,0.70058,0,0
2015-05-01,11:00:00,0.70055,0.70145,0.70042,0.70095,0,0
2015-05-01,12:00:00,0.70081,0.70149,0.70004,0.70076,0,0
2015-05-01,13:00:00,0.7008,0.70096,0.69879,0.70009,0,0
2015-05-01,14:00:00,0.70001,0.70029,0.69898,0.69934,0,0
2015-05-01,15:00:00,0.69934,0.69952,0.69695,0.69805,0,0
2015-05-01,16:00:00,0.69806,0.69926,0.69746,0.69765,0,0
2015-05-01,17:00:00,0.69761,0.69882,0.6966,0.69834,0,0
2015-05-01,18:00:00,0.69834,0.69877,0.69732,0.69793,0,0
2015-05-01,19:00:00,0.69793,0.69962,0.69769,0.69955,0,0
2015-05-01,20:00:00,0.69956,0.69995,0.69907,0.69917,0,0
2015-05-01,21:00:00,0.69914,0.69965,0.69897,0.69907,0,0
2015-05-01,22:00:00,0.69898,0.69944,0.69832,0.69927,0,0
2015-05-01,23:00:00,0.69922,0.69929,0.69907,0.69914,0,0
2015-05-04,01:00:00,0.6998,0.70122,0.69952,0.7,0,0
2015-05-04,02:00:00,0.7,0.7003,0.69954,0.69954,0,0
2015-05-04,03:00:00,0.69954,0.69969,0.6981,0.69827,0,0
2015-05-04,04:00:00,0.69828,0.70017,0.69703,0.69831,0,0
2015-05-04,05:00:00,0.69831,0.69973,0.69762,0.6992,0,0
2015-05-04,06:00:00,0.6992,0.70002,0.69896,0.70001,0,0
2015-05-04,07:00:00,0.70001,0.70016,0.69894,0.69899,0,0
2015-05-04,08:00:00,0.699,0.69939,0.69872,0.69925,0,0
2015-05-04,09:00:00,0.69929,0.69999,0.69862,0.69995,0,0
2015-05-04,10:00:00,0.69995,0.70211,0.69964,0.70132,0,0
2015-05-04,11:00:00,0.70135,0.70312,0.70135,0.7029,0,0
2015-05-04,12:00:00,0.70292,0.70377,0.70229,0.70377,0,0
2015-05-04,13:00:00,0.70377,0.70404,0.70302,0.70307,0,0
2015-05-04,14:00:00,0.7031,0.70359,0.7026,0.70331,0,0
2015-05-04,15:00:00,0.70331,0.70354,0.70116,0.70139,0,0
2015-05-04,16:00:00,0.70125,0.70208,0.70053,0.70208,0,0
2015-05-04,17:00:00,0.70208,0.70383,0.70182,0.70252,0,0
2015-05-04,18:00:00,0.7026,0.70332,0.70256,0.70331,0,0
2015-05-04,19:00:00,0.70331,0.70367,0.70286,0.7033,0,0
2015-05-04,20:00:00,0.70327,0.70374,0.70307,0.70332,0,0
2015-05-04,21:00:00,0.70332,0.70465,0.70325,0.70433,0,0
2015-05-04,22:00:00,0.70432,0.70437,0.70341,0.70342,0,0
2015-05-04,23:00:00,0.70346,0.70379,0.70277,0.70307,0,0
2015-05-04,23:59:00,0.70307,0.70337,0.70272,0.70286,0,0
2015-05-05,01:00:00,0.70288,0.7035,0.70274,0.70346,0,0
2015-05-05,02:00:00,0.70346,0.70367,0.70309,0.70309,0,0
2015-05-05,03:00:00,0.7031,0.70405,0.70305,0.70313,0,0
2015-05-05,04:00:00,0.70313,0.70389,0.70259,0.70383,0,0
2015-05-05,05:00:00,0.70384,0.70478,0.70361,0.7047,0,0
2015-05-05,06:00:00,0.70463,0.70537,0.70428,0.70524,0,0
2015-05-05,07:00:00,0.70523,0.7105,0.7004,0.71012,0,0
2015-05-05,08:00:00,0.71011,0.71103,0.70898,0.70919,0,0
2015-05-05,09:00:00,0.70916,0.70998,0.70816,0.70944,0,0
2015-05-05,10:00:00,0.70944,0.71073,0.70893,0.71029,0,0
2015-05-05,11:00:00,0.71031,0.71138,0.70946,0.70948,0,0
2015-05-05,12:00:00,0.70954,0.71019,0.70816,0.70823,0,0
2015-05-05,13:00:00,0.70828,0.70898,0.70733,0.70735,0,0
2015-05-05,14:00:00,0.70735,0.70839,0.70714,0.70839,0,0
2015-05-05,15:00:00,0.70839,0.70912,0.70753,0.7088,0,0
2015-05-05,16:00:00,0.70875,0.71016,0.70833,0.70861,0,0
2015-05-05,17:00:00,0.70848,0.71017,0.70788,0.70968,0,0
2015-05-05,18:00:00,0.70968,0.71109,0.70865,0.71049,0,0
2015-05-05,19:00:00,0.71055,0.71058,0.70943,0.70954,0,0
2015-05-05,20:00:00,0.70954,0.71015,0.70885,0.71002,0,0
2015-05-05,21:00:00,0.71001,0.71017,0.70921,0.70946,0,0
2015-05-05,22:00:00,0.70947,0.70991,0.7091,0.70968,0,0
2015-05-05,23:00:00,0.70966,0.71041,0.70923,0.71002,0,0
2015-05-05,23:59:00,0.71002,0.71032,0.70971,0.71001,0,0
2015-05-06,01:00:00,0.71004,0.7101,0.70861,0.7094,0,0
2015-05-06,02:00:00,0.70939,0.70939,0.70842,0.70923,0,0
2015-05-06,03:00:00,0.70926,0.71025,0.70917,0.70991,0,0
2015-05-06,04:00:00,0.70999,0.71074,0.70898,0.70984,0,0
2015-05-06,05:00:00,0.70984,0.71111,0.70972,0.71019,0,0
2015-05-06,06:00:00,0.71022,0.71063,0.70913,0.70975,0,0
2015-05-06,07:00:00,0.70977,0.70984,0.70902,0.70936,0,0
2015-05-06,08:00:00,0.70936,0.70952,0.7082,0.7084,0,0
2015-05-06,09:00:00,0.7084,0.70923,0.7079,0.70856,0,0
2015-05-06,10:00:00,0.70856,0.70993,0.7085,0.70968,0,0
2015-05-06,11:00:00,0.70968,0.71066,0.70912,0.71063,0,0
2015-05-06,12:00:00,0.71063,0.71201,0.71056,0.71077,0,0
2015-05-06,13:00:00,0.71075,0.71139,0.70996,0.7112,0,0
2015-05-06,14:00:00,0.71129,0.71291,0.7112,0.71245,0,0
2015-05-06,15:00:00,0.71246,0.71246,0.70989,0.7101,0,0
2015-05-06,16:00:00,0.71011,0.71039,0.70675,0.70696,0,0
2015-05-06,17:00:00,0.70694,0.70748,0.7057,0.70615,0,0
2015-05-06,18:00:00,0.70612,0.70695,0.70525,0.70547,0,0
2015-05-06,19:00:00,0.70552,0.70582,0.70414,0.70418,0,0
2015-05-06,20:00:00,0.70418,0.7043,0.7029,0.70335,0,0
2015-05-06,21:00:00,0.70335,0.70366,0.70122,0.70168,0,0
2015-05-06,22:00:00,0.70168,0.70279,0.70152,0.70277,0,0
2015-05-06,23:00:00,0.70276,0.70281,0.70188,0.7022,0,0
2015-05-06,23:59:00,0.70223,0.70302,0.70223,0.70264,0,0
2015-05-07,01:00:00,0.70269,0.70314,0.70252,0.70256,0,0
2015-05-07,02:00:00,0.70256,0.70257,0.70132,0.7014,0,0
2015-05-07,03:00:00,0.70142,0.70288,0.70103,0.70276,0,0
2015-05-07,04:00:00,0.70276,0.70343,0.69981,0.70313,0,0
2015-05-07,05:00:00,0.70313,0.70483,0.70239,0.70449,0,0
2015-05-07,06:00:00,0.7045,0.7055,0.70372,0.70372,0,0
2015-05-07,07:00:00,0.70371,0.7043,0.70324,0.70337,0,0
2015-05-07,08:00:00,0.70335,0.70384,0.70242,0.70285,0,0
2015-05-07,09:00:00,0.70285,0.70366,0.70188,0.7025,0,0
2015-05-07,10:00:00,0.70249,0.70274,0.69946,0.69974,0,0
2015-05-07,11:00:00,0.69974,0.70058,0.69895,0.69968,0,0
2015-05-07,12:00:00,0.6997,0.69998,0.69677,0.69896,0,0
2015-05-07,13:00:00,0.69896,0.70219,0.69896,0.70169,0,0
2015-05-07,14:00:00,0.70169,0.70393,0.7015,0.70382,0,0
2015-05-07,15:00:00,0.70383,0.70602,0.70342,0.70466,0,0
2015-05-07,16:00:00,0.70466,0.70585,0.70363,0.70379,0,0
2015-05-07,17:00:00,0.70388,0.70477,0.70226,0.70293,0,0
2015-05-07,18:00:00,0.7029,0.70301,0.70111,0.70127,0,0
2015-05-07,19:00:00,0.70129,0.70201,0.70097,0.70166,0,0
2015-05-07,20:00:00,0.70164,0.7023,0.70101,0.7012,0,0
2015-05-07,21:00:00,0.70118,0.70164,0.70064,0.70123,0,0
2015-05-07,22:00:00,0.70136,0.70157,0.70106,0.70121,0,0
2015-05-07,23:00:00,0.70133,0.70179,0.70116,0.70176,0,0
2015-05-07,23:59:00,0.70182,0.70365,0.70139,0.70312,0,0
2015-05-08,01:00:00,0.70302,0.70417,0.70262,0.70339,0,0
2015-05-08,02:00:00,0.7034,0.7038,0.70254,0.70257,0,0
2015-05-08,03:00:00,0.70257,0.70257,0.70111,0.70217,0,0
2015-05-08,04:00:00,0.70217,0.70464,0.69947,0.70212,0,0
2015-05-08,05:00:00,0.70213,0.70338,0.69974,0.70333,0,0
2015-05-08,06:00:00,0.70334,0.70385,0.70273,0.70368,0,0
2015-05-08,07:00:00,0.70368,0.70563,0.70294,0.70536,0,0
2015-05-08,08:00:00,0.70536,0.70589,0.70434,0.70515,0,0
2015-05-08,09:00:00,0.70515,0.70708,0.70478,0.70662,0,0
2015-05-08,10:00:00,0.70664,0.70749,0.70594,0.70609,0,0
2015-05-08,11:00:00,0.70609,0.70611,0.70318,0.70409,0,0
2015-05-08,12:00:00,0.70414,0.70514,0.70374,0.70482,0,0
2015-05-08,13:00:00,0.70493,0.70653,0.70481,0.70557,0,0
2015-05-08,14:00:00,0.70557,0.70568,0.70474,0.70512,0,0
2015-05-08,15:00:00,0.70512,0.70565,0.70209,0.70495,0,0
2015-05-08,16:00:00,0.70498,0.70779,0.70433,0.7066,0,0
2015-05-08,17:00:00,0.70663,0.70687,0.70414,0.70414,0,0
2015-05-08,18:00:00,0.70407,0.70501,0.70295,0.70387,0,0
2015-05-08,19:00:00,0.70389,0.70679,0.70375,0.70592,0,0
2015-05-08,20:00:00,0.70592,0.7062,0.70565,0.70601,0,0
2015-05-08,21:00:00,0.70593,0.70691,0.70582,0.70661,0,0
2015-05-08,22:00:00,0.70661,0.70776,0.70659,0.70752,0,0
2015-05-08,23:00:00,0.70752,0.70752,0.70748,0.70748,0,0
2015-05-11,01:00:00,0.70755,0.70807,0.70699,0.70753,0,0
2015-05-11,02:00:00,0.70753,0.70816,0.70701,0.70784,0,0
2015-05-11,03:00:00,0.70782,0.70882,0.70758,0.70819,0,0
2015-05-11,04:00:00,0.70869,0.70899,0.70761,0.70796,0,0
2015-05-11,05:00:00,0.70795,0.7083,0.70719,0.70756,0,0
2015-05-11,06:00:00,0.70756,0.70783,0.70683,0.70746,0,0
2015-05-11,07:00:00,0.70754,0.7083,0.7074,0.70779,0,0
2015-05-11,08:00:00,0.7078,0.70837,0.70742,0.70761,0,0
2015-05-11,09:00:00,0.70759,0.70849,0.70671,0.70705,0,0
2015-05-11,10:00:00,0.70705,0.70768,0.70642,0.70735,0,0
2015-05-11,11:00:00,0.70731,0.70764,0.70625,0.70753,0,0
2015-05-11,12:00:00,0.70755,0.708,0.70673,0.70691,0,0
2015-05-11,13:00:00,0.70692,0.70851,0.70648,0.70811,0,0
2015-05-11,14:00:00,0.70811,0.70922,0.70768,0.70904,0,0
2015-05-11,15:00:00,0.70901,0.71016,0.70821,0.70972,0,0
2015-05-11,16:00:00,0.70972,0.71,0.708,0.7091,0,0
2015-05-11,17:00:00,0.70917,0.71006,0.70808,0.71006,0,0
2015-05-11,18:00:00,0.71004,0.71024,0.70826,0.70883,0,0
2015-05-11,19:00:00,0.70887,0.70887,0.7081,0.70822,0,0
2015-05-11,20:00:00,0.70822,0.70927,0.70806,0.70865,0,0
2015-05-11,21:00:00,0.70868,0.70935,0.70843,0.70849,0,0
2015-05-11,22:00:00,0.70845,0.7086,0.70759,0.70784,0,0
2015-05-11,23:00:00,0.70785,0.70802,0.7073,0.70734,0,0
2015-05-11,23:59:00,0.70734,0.70801,0.70718,0.7079,0,0
2015-05-12,01:00:00,0.70781,0.70781,0.70731,0.70741,0,0
2015-05-12,02:00:00,0.70741,0.7091,0.70736,0.70856,0,0
2015-05-12,03:00:00,0.70856,0.70885,0.70809,0.70831,0,0
2015-05-12,04:00:00,0.70833,0.70961,0.70804,0.70955,0,0
2015-05-12,05:00:00,0.70957,0.71028,0.70898,0.70898,0,0
2015-05-12,06:00:00,0.70898,0.70923,0.70875,0.70923,0,0
2015-05-12,07:00:00,0.70923,0.71028,0.70905,0.70956,0,0
2015-05-12,08:00:00,0.70956,0.71011,0.70921,0.70934,0,0
2015-05-12,09:00:00,0.70937,0.70972,0.70846,0.70972,0,0
2015-05-12,10:00:00,0.70972,0.71003,0.70678,0.70685,0,0
2015-05-12,11:00:00,0.70687,0.70688,0.70565,0.70665,0,0
2015-05-12,12:00:00,0.70675,0.70751,0.70589,0.70751,0,0
2015-05-12,13:00:00,0.70751,0.70955,0.70739,0.70871,0,0
2015-05-12,14:00:00,0.7087,0.71051,0.7087,0.71051,0,0
2015-05-12,15:00:00,0.71051,0.71114,0.70882,0.70952,0,0
2015-05-12,16:00:00,0.70952,0.70952,0.70707,0.70791,0,0
2015-05-12,17:00:00,0.70785,0.70968,0.70746,0.70938,0,0
2015-05-12,18:00:00,0.70942,0.71091,0.70922,0.71071,0,0
2015-05-12,19:00:00,0.71071,0.7108,0.70916,0.71047,0,0
2015-05-12,20:00:00,0.71047,0.71176,0.71021,0.71148,0,0
2015-05-12,21:00:00,0.71148,0.71294,0.71141,0.71232,0,0
2015-05-12,22:00:00,0.71237,0.71254,0.71201,0.71249,0,0
2015-05-12,23:00:00,0.71192,0.71249,0.7109,0.71134,0,0
2015-05-12,23:59:00,0.71137,0.71305,0.70934,0.71175,0,0
2015-05-13,01:00:00,0.71176,0.71198,0.71124,0.71164,0,0
2015-05-13,02:00:00,0.71164,0.71243,0.71131,0.71212,0,0
2015-05-13,03:00:00,0.71213,0.71356,0.71165,0.7119,0,0
2015-05-13,04:00:00,0.71186,0.71261,0.71154,0.71168,0,0
2015-05-13,05:00:00,0.71168,0.71207,0.70949,0.71028,0,0
2015-05-13,06:00:00,0.71028,0.71083,0.70947,0.70975,0,0
2015-05-13,07:00:00,0.70976,0.71022,0.70862,0.70916,0,0
2015-05-13,08:00:00,0.70912,0.71001,0.70823,0.70894,0,0
2015-05-13,09:00:00,0.70903,0.70978,0.70788,0.70898,0,0
2015-05-13,10:00:00,0.709,0.71055,0.709,0.71055,0,0
2015-05-13,11:00:00,0.71037,0.71317,0.70999,0.71269,0,0
2015-05-13,12:00:00,0.71267,0.71521,0.71251,0.7144,0,0
2015-05-13,13:00:00,0.71439,0.71638,0.71425,0.71621,0,0
2015-05-13,14:00:00,0.71621,0.71673,0.71566,0.71637,0,0
2015-05-13,15:00:00,0.71643,0.71714,0.71468,0.71514,0,0
2015-05-13,16:00:00,0.71512,0.71555,0.71425,0.71496,0,0
2015-05-13,17:00:00,0.715,0.71569,0.71341,0.71349,0,0
2015-05-13,18:00:00,0.71347,0.71399,0.71273,0.71378,0,0
2015-05-13,19:00:00,0.71375,0.71442,0.7132,0.71346,0,0
2015-05-13,20:00:00,0.71346,0.71376,0.71303,0.71371,0,0
2015-05-13,21:00:00,0.71371,0.71404,0.71286,0.7132,0,0
2015-05-13,22:00:00,0.7132,0.71443,0.7132,0.71441,0,0
2015-05-13,23:00:00,0.71441,0.715,0.71393,0.7145,0,0
2015-05-13,23:59:00,0.71448,0.71456,0.71362,0.71404,0,0
2015-05-14,01:00:00,0.71399,0.71539,0.71376,0.71533,0,0
2015-05-14,02:00:00,0.71533,0.71593,0.71453,0.71482,0,0
2015-05-14,03:00:00,0.71482,0.71631,0.71466,0.71567,0,0
2015-05-14,04:00:00,0.71567,0.71865,0.71567,0.71777,0,0
2015-05-14,05:00:00,0.71777,0.71777,0.7153,0.71569,0,0
2015-05-14,06:00:00,0.71568,0.7157,0.71432,0.71449,0,0
2015-05-14,07:00:00,0.71451,0.71581,0.71445,0.71472,0,0
2015-05-14,08:00:00,0.71471,0.71551,0.71391,0.71397,0,0
2015-05-14,09:00:00,0.71398,0.71401,0.712,0.71232,0,0
2015-05-14,10:00:00,0.71232,0.71251,0.70796,0.70925,0,0
2015-05-14,11:00:00,0.70925,0.70951,0.70714,0.70816,0,0
2015-05-14,12:00:00,0.70811,0.70941,0.7073,0.70913,0,0
2015-05-14,13:00:00,0.70914,0.70967,0.70726,0.70796,0,0
2015-05-14,14:00:00,0.70804,0.70964,0.70804,0.70915,0,0
2015-05-14,15:00:00,0.70913,0.71152,0.70913,0.71116,0,0
2015-05-14,16:00:00,0.71116,0.71365,0.71116,0.71339,0,0
2015-05-14,17:00:00,0.71328,0.71355,0.70915,0.71021,0,0
2015-05-14,18:00:00,0.71027,0.71138,0.70977,0.71085,0,0
2015-05-14,19:00:00,0.71088,0.71128,0.71049,0.71119,0,0
2015-05-14,20:00:00,0.71112,0.71112,0.70987,0.71001,0,0
2015-05-14,21:00:00,0.71002,0.71031,0.70786,0.70823,0,0
2015-05-14,22:00:00,0.70816,0.70867,0.70777,0.70827,0,0
2015-05-14,23:00:00,0.70827,0.70839,0.70792,0.7082,0,0
2015-05-14,23:59:00,0.7082,0.70864,0.70792,0.70826,0,0
2015-05-15,01:00:00,0.70821,0.70882,0.70801,0.70852,0,0
2015-05-15,02:00:00,0.70851,0.7095,0.70843,0.70897,0,0
2015-05-15,03:00:00,0.70896,0.70921,0.70565,0.70615,0,0
2015-05-15,04:00:00,0.70622,0.70705,0.70607,0.70681,0,0
2015-05-15,05:00:00,0.70681,0.70699,0.70595,0.70634,0,0
2015-05-15,06:00:00,0.70634,0.70724,0.70628,0.70717,0,0
2015-05-15,07:00:00,0.70717,0.70718,0.70598,0.706,0,0
2015-05-15,08:00:00,0.706,0.70632,0.70537,0.70628,0,0
2015-05-15,09:00:00,0.70626,0.70843,0.70565,0.70573,0,0
2015-05-15,10:00:00,0.70573,0.7063,0.70478,0.70617,0,0
2015-05-15,11:00:00,0.70615,0.70661,0.70538,0.70576,0,0
2015-05-15,12:00:00,0.70575,0.70654,0.70548,0.70604,0,0
2015-05-15,13:00:00,0.70605,0.70625,0.70481,0.70509,0,0
2015-05-15,14:00:00,0.70505,0.70651,0.70496,0.70632,0,0
2015-05-15,15:00:00,0.70628,0.70671,0.70569,0.70592,0,0
2015-05-15,16:00:00,0.70592,0.70673,0.70506,0.70545,0,0
2015-05-15,17:00:00,0.70548,0.70582,0.7032,0.70413,0,0
2015-05-15,18:00:00,0.70412,0.70491,0.70374,0.70466,0,0
2015-05-15,19:00:00,0.70466,0.70468,0.7032,0.70324,0,0
2015-05-15,20:00:00,0.70321,0.70345,0.70251,0.7029,0,0
2015-05-15,21:00:00,0.70285,0.70285,0.70174,0.70188,0,0
2015-05-15,22:00:00,0.7019,0.70242,0.7014,0.70241,0,0
2015-05-15,23:00:00,0.70234,0.70234,0.70225,0.70234,0,0
2015-05-18,01:00:00,0.7026,0.70268,0.70207,0.70252,0,0
2015-05-18,02:00:00,0.70252,0.7036,0.70185,0.70293,0,0
2015-05-18,03:00:00,0.70285,0.70301,0.70043,0.70058,0,0
2015-05-18,04:00:00,0.70059,0.70148,0.70043,0.70109,0,0
2015-05-18,05:00:00,0.70108,0.70178,0.70071,0.70122,0,0
2015-05-18,06:00:00,0.70122,0.7019,0.70111,0.70145,0,0
2015-05-18,07:00:00,0.70145,0.70178,0.70111,0.70154,0,0
2015-05-18,08:00:00,0.70154,0.7017,0.70077,0.70077,0,0
2015-05-18,09:00:00,0.70083,0.70236,0.70082,0.70178,0,0
2015-05-18,10:00:00,0.70181,0.70272,0.70084,0.70201,0,0
2015-05-18,11:00:00,0.70193,0.70447,0.70187,0.70378,0,0
2015-05-18,12:00:00,0.7036,0.70401,0.70202,0.70202,0,0
2015-05-18,13:00:00,0.70204,0.70262,0.70045,0.70096,0,0
2015-05-18,14:00:00,0.70099,0.7022,0.70094,0.70196,0,0
2015-05-18,15:00:00,0.70189,0.70296,0.70184,0.70191,0,0
2015-05-18,16:00:00,0.70191,0.70448,0.70166,0.70439,0,0
2015-05-18,17:00:00,0.70444,0.70498,0.7039,0.70475,0,0
2015-05-18,18:00:00,0.70471,0.70538,0.70442,0.70469,0,0
2015-05-18,19:00:00,0.70468,0.70554,0.70436,0.70456,0,0
2015-05-18,20:00:00,0.70457,0.70581,0.70432,0.70559,0,0
2015-05-18,21:00:00,0.70559,0.70625,0.70554,0.706,0,0
2015-05-18,22:00:00,0.706,0.70638,0.70578,0.70612,0,0
2015-05-18,23:00:00,0.70612,0.70647,0.70553,0.70621,0,0
2015-05-18,23:59:00,0.70621,0.70652,0.7059,0.70643,0,0
2015-05-19,01:00:00,0.70643,0.70661,0.7059,0.70634,0,0
2015-05-19,02:00:00,0.70633,0.70668,0.70579,0.70593,0,0
2015-05-19,03:00:00,0.70589,0.70621,0.70535,0.70606,0,0
2015-05-19,04:00:00,0.70605,0.70689,0.70398,0.70529,0,0
2015-05-19,05:00:00,0.70528,0.70711,0.70528,0.70664,0,0
2015-05-19,06:00:00,0.70664,0.70806,0.70663,0.70729,0,0
2015-05-19,07:00:00,0.7073,0.70745,0.70686,0.70693,0,0
2015-05-19,08:00:00,0.70693,0.70775,0.70641,0.70703,0,0
2015-05-19,09:00:00,0.70697,0.70847,0.70697,0.70736,0,0
2015-05-19,10:00:00,0.70736,0.71418,0.70736,0.71328,0,0
2015-05-19,11:00:00,0.71328,0.71451,0.71219,0.71219,0,0
2015-05-19,12:00:00,0.71213,0.71273,0.71106,0.7116,0,0
2015-05-19,13:00:00,0.7116,0.71209,0.71069,0.71104,0,0
2015-05-19,14:00:00,0.71108,0.71328,0.71081,0.7128,0,0
2015-05-19,15:00:00,0.71275,0.71331,0.71149,0.71244,0,0
2015-05-19,16:00:00,0.71244,0.71266,0.71106,0.71177,0,0
2015-05-19,17:00:00,0.71183,0.71217,0.70998,0.71064,0,0
2015-05-19,18:00:00,0.71061,0.71129,0.7096,0.71005,0,0
2015-05-19,19:00:00,0.71009,0.71099,0.70959,0.70985,0,0
2015-05-19,20:00:00,0.70985,0.71083,0.70984,0.71028,0,0
2015-05-19,21:00:00,0.71028,0.71028,0.70948,0.70969,0,0
2015-05-19,22:00:00,0.70972,0.71003,0.70915,0.70987,0,0
2015-05-19,23:00:00,0.70998,0.71023,0.70975,0.70981,0,0
2015-05-19,23:59:00,0.70981,0.71062,0.70969,0.71057,0,0
2015-05-20,01:00:00,0.71057,0.71074,0.71015,0.71041,0,0
2015-05-20,02:00:00,0.7104,0.71087,0.71016,0.71083,0,0
2015-05-20,03:00:00,0.71101,0.71125,0.70992,0.71059,0,0
2015-05-20,04:00:00,0.71065,0.7117,0.71038,0.71132,0,0
2015-05-20,05:00:00,0.71131,0.71179,0.71099,0.71124,0,0
2015-05-20,06:00:00,0.71124,0.7118,0.71111,0.7113,0,0
2015-05-20,07:00:00,0.7113,0.71169,0.71101,0.71138,0,0
2015-05-20,08:00:00,0.71138,0.71246,0.71091,0.71246,0,0
2015-05-20,09:00:00,0.71263,0.71351,0.71162,0.71223,0,0
2015-05-20,10:00:00,0.71222,0.71312,0.71071,0.71095,0,0
2015-05-20,11:00:00,0.71083,0.71089,0.70967,0.71077,0,0
2015-05-20,12:00:00,0.71081,0.71088,0.70971,0.71053,0,0
2015-05-20,13:00:00,0.71053,0.7115,0.71023,0.7115,0,0
2015-05-20,14:00:00,0.71147,0.71158,0.71055,0.71092,0,0
2015-05-20,15:00:00,0.71095,0.71115,0.70948,0.7097,0,0
2015-05-20,16:00:00,0.7097,0.7107,0.70954,0.71012,0,0
2015-05-20,17:00:00,0.71012,0.71014,0.70852,0.70944,0,0
2015-05-20,18:00:00,0.70943,0.71104,0.7094,0.71093,0,0
2015-05-20,19:00:00,0.71094,0.71094,0.71019,0.71036,0,0
2015-05-20,20:00:00,0.71036,0.71056,0.70928,0.70968,0,0
2015-05-20,21:00:00,0.70968,0.71095,0.70877,0.71076,0,0
2015-05-20,22:00:00,0.71078,0.71104,0.70975,0.70984,0,0
2015-05-20,23:00:00,0.70994,0.71044,0.70958,0.70984,0,0
2015-05-20,23:59:00,0.70984,0.71016,0.70932,0.70986,0,0
2015-05-21,01:00:00,0.70979,0.70985,0.70911,0.70974,0,0
2015-05-21,02:00:00,0.70974,0.71027,0.7095,0.70963,0,0
2015-05-21,03:00:00,0.70963,0.71015,0.70924,0.70959,0,0
2015-05-21,04:00:00,0.70959,0.71016,0.70873,0.70886,0,0
2015-05-21,05:00:00,0.70887,0.71057,0.70887,0.71006,0,0
2015-05-21,06:00:00,0.71006,0.71028,0.70961,0.70963,0,0
2015-05-21,07:00:00,0.70964,0.71108,0.70964,0.71099,0,0
2015-05-21,08:00:00,0.71099,0.71118,0.71064,0.71102,0,0
2015-05-21,09:00:00,0.711,0.71209,0.71037,0.71149,0,0
2015-05-21,10:00:00,0.71149,0.71149,0.70778,0.70873,0,0
2015-05-21,11:00:00,0.70873,0.70927,0.7071,0.70906,0,0
2015-05-21,12:00:00,0.70909,0.7095,0.70772,0.70812,0,0
2015-05-21,13:00:00,0.70812,0.70826,0.70591,0.70716,0,0
2015-05-21,14:00:00,0.70712,0.70798,0.70689,0.70798,0,0
2015-05-21,15:00:00,0.70798,0.70877,0.70755,0.70798,0,0
2015-05-21,16:00:00,0.70793,0.7087,0.70775,0.70844,0,0
2015-05-21,17:00:00,0.70835,0.70879,0.70758,0.70832,0,0
2015-05-21,18:00:00,0.70826,0.70928,0.70769,0.70893,0,0
2015-05-21,19:00:00,0.70894,0.70926,0.70843,0.70847,0,0
2015-05-21,20:00:00,0.70847,0.70915,0.70837,0.70914,0,0
2015-05-21,21:00:00,0.70914,0.70949,0.7088,0.70922,0,0
2015-05-21,22:00:00,0.70918,0.70999,0.70901,0.70992,0,0
2015-05-21,23:00:00,0.70992,0.71055,0.70965,0.71045,0,0
2015-05-21,23:59:00,0.71045,0.7111,0.70984,0.71066,0,0
2015-05-22,01:00:00,0.71075,0.71086,0.71033,0.71082,0,0
2015-05-22,02:00:00,0.71083,0.71131,0.71065,0.7109,0,0
2015-05-22,03:00:00,0.71086,0.71143,0.71058,0.71143,0,0
2015-05-22,04:00:00,0.71143,0.71172,0.711,0.71108,0,0
2015-05-22,05:00:00,0.71108,0.7112,0.71038,0.71111,0,0
2015-05-22,06:00:00,0.71111,0.7113,0.71072,0.71086,0,0
2015-05-22,07:00:00,0.71088,0.71116,0.71063,0.71079,0,0
2015-05-22,08:00:00,0.71075,0.71112,0.7104,0.71046,0,0
2015-05-22,09:00:00,0.71046,0.71065,0.70974,0.71061,0,0
2015-05-22,10:00:00,0.71061,0.71089,0.70775,0.7085,0,0
2015-05-22,11:00:00,0.7085,0.70864,0.70727,0.70727,0,0
2015-05-22,12:00:00,0.70727,0.70773,0.70546,0.70573,0,0
2015-05-22,13:00:00,0.70568,0.70576,0.70437,0.7051,0,0
2015-05-22,14:00:00,0.7051,0.70672,0.70466,0.70653,0,0
2015-05-22,15:00:00,0.70653,0.70783,0.70532,0.70764,0,0
2015-05-22,16:00:00,0.70746,0.71072,0.70746,0.70972,0,0
2015-05-22,17:00:00,0.70964,0.71056,0.70958,0.70964,0,0
2015-05-22,18:00:00,0.70967,0.71006,0.70918,0.70942,0,0
2015-05-22,19:00:00,0.70942,0.70992,0.70911,0.70925,0,0
2015-05-22,20:00:00,0.70929,0.71061,0.70868,0.7097,0,0
2015-05-22,21:00:00,0.70969,0.71017,0.70959,0.71004,0,0
2015-05-22,22:00:00,0.71007,0.71051,0.70992,0.71017,0,0
2015-05-22,23:00:00,0.71017,0.71017,0.70992,0.71007,0,0
2015-05-25,01:00:00,0.71112,0.71176,0.71081,0.71122,0,0
2015-05-25,02:00:00,0.71122,0.71122,0.71037,0.7107,0,0
2015-05-25,03:00:00,0.7107,0.71152,0.7103,0.71124,0,0
2015-05-25,04:00:00,0.71124,0.71187,0.71104,0.71161,0,0
2015-05-25,05:00:00,0.71157,0.71237,0.71151,0.71217,0,0
2015-05-25,06:00:00,0.71217,0.71228,0.71175,0.71218,0,0
2015-05-25,07:00:00,0.71214,0.71291,0.71188,0.7126,0,0
2015-05-25,08:00:00,0.71261,0.71291,0.7113,0.71204,0,0
2015-05-25,09:00:00,0.71204,0.7123,0.71104,0.71174,0,0
2015-05-25,10:00:00,0.71176,0.7138,0.71151,0.7134,0,0
2015-05-25,11:00:00,0.7134,0.71395,0.71325,0.71344,0,0
2015-05-25,12:00:00,0.71341,0.714,0.7129,0.71366,0,0
2015-05-25,13:00:00,0.71365,0.71421,0.71341,0.71403,0,0
2015-05-25,14:00:00,0.71404,0.71416,0.71317,0.71326,0,0
2015-05-25,15:00:00,0.71328,0.71332,0.7124,0.71272,0,0
2015-05-25,16:00:00,0.71272,0.71339,0.71263,0.71317,0,0
2015-05-25,17:00:00,0.71317,0.71373,0.71294,0.71356,0,0
2015-05-25,18:00:00,0.71356,0.71384,0.7135,0.71357,0,0
2015-05-25,19:00:00,0.71357,0.71373,0.71262,0.71297,0,0
2015-05-25,20:00:00,0.71288,0.71322,0.71256,0.71309,0,0
2015-05-25,21:00:00,0.71309,0.71331,0.71259,0.71281,0,0
2015-05-25,22:00:00,0.71276,0.71306,0.71266,0.71272,0,0
2015-05-25,23:00:00,0.71272,0.7129,0.71247,0.71277,0,0
2015-05-25,23:59:00,0.71277,0.713,0.71237,0.71257,0,0
2015-05-26,01:00:00,0.71259,0.71335,0.71241,0.71302,0,0
2015-05-26,02:00:00,0.71302,0.71357,0.71281,0.71328,0,0
2015-05-26,03:00:00,0.7132,0.7147,0.71297,0.71438,0,0
2015-05-26,04:00:00,0.7144,0.71515,0.71436,0.71513,0,0
2015-05-26,05:00:00,0.71513,0.71537,0.71464,0.71515,0,0
2015-05-26,06:00:00,0.71518,0.71598,0.71514,0.71584,0,0
2015-05-26,07:00:00,0.71585,0.71622,0.71571,0.71605,0,0
2015-05-26,08:00:00,0.71607,0.71626,0.7157,0.71606,0,0
2015-05-26,09:00:00,0.71611,0.71684,0.71492,0.71586,0,0
2015-05-26,10:00:00,0.7159,0.71623,0.7133,0.7144,0,0
2015-05-26,11:00:00,0.71445,0.71474,0.7137,0.71471,0,0
2015-05-26,12:00:00,0.71471,0.71576,0.71388,0.71519,0,0
2015-05-26,13:00:00,0.71519,0.71621,0.71469,0.71541,0,0
2015-05-26,14:00:00,0.71544,0.71544,0.71372,0.71383,0,0
2015-05-26,15:00:00,0.71372,0.71447,0.71117,0.71139,0,0
2015-05-26,16:00:00,0.71122,0.71206,0.71018,0.71037,0,0
2015-05-26,17:00:00,0.71024,0.71169,0.70965,0.71041,0,0
2015-05-26,18:00:00,0.71042,0.71141,0.7103,0.71131,0,0
2015-05-26,19:00:00,0.71137,0.71172,0.71094,0.71101,0,0
2015-05-26,20:00:00,0.71098,0.71224,0.71093,0.71204,0,0
2015-05-26,21:00:00,0.71205,0.71205,0.71107,0.71107,0,0
2015-05-26,22:00:00,0.71107,0.71174,0.71103,0.71111,0,0
2015-05-26,23:00:00,0.71114,0.71146,0.71089,0.71145,0,0
2015-05-26,23:59:00,0.71148,0.71159,0.71056,0.71149,0,0
2015-05-27,01:00:00,0.71132,0.71148,0.71079,0.71121,0,0
2015-05-27,02:00:00,0.71121,0.71163,0.71104,0.71138,0,0
2015-05-27,03:00:00,0.71138,0.71224,0.71119,0.71197,0,0
2015-05-27,04:00:00,0.71197,0.71206,0.71101,0.71178,0,0
2015-05-27,05:00:00,0.71185,0.71277,0.71148,0.71213,0,0
2015-05-27,06:00:00,0.71213,0.71235,0.71168,0.71225,0,0
2015-05-27,07:00:00,0.7122,0.71253,0.71146,0.71166,0,0
2015-05-27,08:00:00,0.71168,0.71168,0.71091,0.71095,0,0
2015-05-27,09:00:00,0.71102,0.71163,0.71057,0.71108,0,0
2015-05-27,10:00:00,0.71108,0.71132,0.70913,0.70929,0,0
2015-05-27,11:00:00,0.70929,0.70974,0.70882,0.70916,0,0
2015-05-27,12:00:00,0.70915,0.70977,0.70859,0.70934,0,0
2015-05-27,13:00:00,0.70934,0.71009,0.70853,0.70922,0,0
2015-05-27,14:00:00,0.70929,0.7099,0.70856,0.70966,0,0
2015-05-27,15:00:00,0.70967,0.71113,0.70926,0.71049,0,0
2015-05-27,16:00:00,0.71048,0.71218,0.70993,0.71088,0,0
2015-05-27,17:00:00,0.71086,0.7111,0.70857,0.70923,0,0
2015-05-27,18:00:00,0.70921,0.70959,0.70767,0.7083,0,0
2015-05-27,19:00:00,0.70828,0.70875,0.70795,0.70857,0,0
2015-05-27,20:00:00,0.70857,0.70867,0.70808,0.70834,0,0
2015-05-27,21:00:00,0.70834,0.70937,0.70824,0.70897,0,0
2015-05-27,22:00:00,0.70884,0.7094,0.70821,0.70907,0,0
2015-05-27,23:00:00,0.70912,0.70928,0.70798,0.7089,0,0
2015-05-27,23:59:00,0.7089,0.70947,0.70823,0.70944,0,0
2015-05-28,01:00:00,0.7093,0.70939,0.70891,0.70911,0,0
2015-05-28,02:00:00,0.70912,0.70981,0.70897,0.70981,0,0
2015-05-28,03:00:00,0.70981,0.71009,0.70903,0.70982,0,0
2015-05-28,04:00:00,0.70985,0.71097,0.70447,0.70516,0,0
2015-05-28,05:00:00,0.70511,0.70524,0.70396,0.70524,0,0
2015-05-28,06:00:00,0.70526,0.7053,0.70363,0.70431,0,0
2015-05-28,07:00:00,0.70428,0.70429,0.70342,0.70415,0,0
2015-05-28,08:00:00,0.70418,0.70612,0.70392,0.70561,0,0
2015-05-28,09:00:00,0.70561,0.70599,0.70398,0.7041,0,0
2015-05-28,10:00:00,0.70392,0.7042,0.70183,0.70251,0,0
2015-05-28,11:00:00,0.70251,0.70261,0.70106,0.70159,0,0
2015-05-28,12:00:00,0.70159,0.70201,0.70015,0.70054,0,0
2015-05-28,13:00:00,0.70054,0.7009,0.69966,0.70024,0,0
2015-05-28,14:00:00,0.70026,0.70246,0.70025,0.70204,0,0
2015-05-28,15:00:00,0.70209,0.70234,0.70015,0.70088,0,0
2015-05-28,16:00:00,0.70084,0.70168,0.69996,0.70031,0,0
2015-05-28,17:00:00,0.70031,0.70084,0.69929,0.69969,0,0
2015-05-28,18:00:00,0.69965,0.69994,0.6984,0.69925,0,0
2015-05-28,19:00:00,0.69926,0.70032,0.69875,0.69938,0,0
2015-05-28,20:00:00,0.69936,0.69948,0.69853,0.69947,0,0
2015-05-28,21:00:00,0.6995,0.69965,0.69867,0.69875,0,0
2015-05-28,22:00:00,0.69871,0.69956,0.69853,0.69886,0,0
2015-05-28,23:00:00,0.69886,0.6991,0.69858,0.69871,0,0
2015-05-28,23:59:00,0.69871,0.69871,0.69742,0.69818,0,0
2015-05-29,01:00:00,0.69828,0.69869,0.69768,0.69813,0,0
2015-05-29,02:00:00,0.69811,0.6986,0.69789,0.69841,0,0
2015-05-29,03:00:00,0.69841,0.69911,0.69793,0.69841,0,0
2015-05-29,04:00:00,0.69839,0.69948,0.6978,0.6993,0,0
2015-05-29,05:00:00,0.6993,0.70007,0.69896,0.69941,0,0
2015-05-29,06:00:00,0.69941,0.69963,0.69867,0.69921,0,0
2015-05-29,07:00:00,0.69927,0.69981,0.69915,0.69972,0,0
2015-05-29,08:00:00,0.69975,0.69999,0.69935,0.69938,0,0
2015-05-29,09:00:00,0.69939,0.70034,0.69907,0.70008,0,0
2015-05-29,10:00:00,0.70037,0.70037,0.69824,0.69833,0,0
2015-05-29,11:00:00,0.69833,0.69868,0.69738,0.69836,0,0
2015-05-29,12:00:00,0.69836,0.69836,0.69704,0.69714,0,0
2015-05-29,13:00:00,0.69718,0.69832,0.69684,0.69781,0,0
2015-05-29,14:00:00,0.69785,0.69823,0.69685,0.69701,0,0
2015-05-29,15:00:00,0.69698,0.69762,0.69593,0.69637,0,0
2015-05-29,16:00:00,0.69634,0.69679,0.69551,0.69608,0,0
2015-05-29,17:00:00,0.69603,0.69831,0.69562,0.69831,0,0
2015-05-29,18:00:00,0.69841,0.69869,0.69635,0.69689,0,0
2015-05-29,19:00:00,0.69664,0.69751,0.69616,0.69751,0,0
2015-05-29,20:00:00,0.69749,0.69767,0.69679,0.6973,0,0
2015-05-29,21:00:00,0.6973,0.69739,0.69665,0.69713,0,0
2015-05-29,22:00:00,0.69714,0.69722,0.69576,0.69618,0,0
2015-05-29,23:00:00,0.69614,0.6963,0.69614,0.6963,0,0
2015-06-01,01:00:00,0.69628,0.6968,0.69557,0.69648,0,0
2015-06-01,02:00:00,0.69647,0.69775,0.6964,0.69748,0,0
2015-06-01,03:00:00,0.69741,0.69887,0.69723,0.69868,0,0
2015-06-01,04:00:00,0.69868,0.69984,0.69785,0.6993,0,0
2015-06-01,05:00:00,0.69926,0.69996,0.6982,0.6987,0,0
2015-06-01,06:00:00,0.69864,0.69922,0.6981,0.69843,0,0
2015-06-01,07:00:00,0.69843,0.69904,0.6982,0.69889,0,0
2015-06-01,08:00:00,0.69887,0.69892,0.69768,0.69841,0,0
2015-06-01,09:00:00,0.69841,0.70109,0.69824,0.70057,0,0
2015-06-01,10:00:00,0.7007,0.70218,0.69993,0.70147,0,0
2015-06-01,11:00:00,0.70146,0.70218,0.70033,0.70163,0,0
2015-06-01,12:00:00,0.70161,0.7017,0.69879,0.69932,0,0
2015-06-01,13:00:00,0.69932,0.69996,0.69818,0.69866,0,0
2015-06-01,14:00:00,0.69865,0.69983,0.69813,0.69849,0,0
2015-06-01,15:00:00,0.69852,0.69874,0.69726,0.69844,0,0
2015-06-01,16:00:00,0.69843,0.69843,0.6968,0.69745,0,0
2015-06-01,17:00:00,0.6974,0.69888,0.69707,0.69873,0,0
2015-06-01,18:00:00,0.69866,0.69891,0.69729,0.6974,0,0
2015-06-01,19:00:00,0.69742,0.69752,0.69606,0.69646,0,0
2015-06-01,20:00:00,0.69636,0.69641,0.69554,0.69594,0,0
2015-06-01,21:00:00,0.69594,0.6967,0.69552,0.69563,0,0
2015-06-01,22:00:00,0.69563,0.69635,0.69515,0.69615,0,0
2015-06-01,23:00:00,0.69618,0.6966,0.69587,0.69602,0,0
2015-06-01,23:59:00,0.69603,0.69689,0.69556,0.69686,0,0
2015-06-02,01:00:00,0.6967,0.69684,0.69636,0.69662,0,0
2015-06-02,02:00:00,0.69662,0.69744,0.69624,0.69715,0,0
2015-06-02,03:00:00,0.69715,0.69815,0.69693,0.69751,0,0
2015-06-02,04:00:00,0.69751,0.69893,0.69744,0.69822,0,0
2015-06-02,05:00:00,0.69822,0.69869,0.69807,0.69818,0,0
2015-06-02,06:00:00,0.69818,0.69888,0.69816,0.69856,0,0
2015-06-02,07:00:00,0.69858,0.70306,0.69769,0.70179,0,0
2015-06-02,08:00:00,0.70182,0.70319,0.70168,0.70309,0,0
2015-06-02,09:00:00,0.70308,0.70402,0.70246,0.70287,0,0
2015-06-02,10:00:00,0.70287,0.70299,0.70066,0.7021,0,0
2015-06-02,11:00:00,0.70205,0.70234,0.6998,0.69991,0,0
2015-06-02,12:00:00,0.69991,0.70015,0.69863,0.69924,0,0
2015-06-02,13:00:00,0.69924,0.6994,0.6956,0.69715,0,0
2015-06-02,14:00:00,0.69719,0.69798,0.69565,0.69774,0,0
2015-06-02,15:00:00,0.69773,0.69801,0.69452,0.69467,0,0
2015-06-02,16:00:00,0.69464,0.69621,0.69232,0.69621,0,0
2015-06-02,17:00:00,0.69614,0.69722,0.69545,0.69623,0,0
2015-06-02,18:00:00,0.69616,0.69668,0.69565,0.69622,0,0
2015-06-02,19:00:00,0.69623,0.69693,0.69588,0.69617,0,0
2015-06-02,20:00:00,0.69607,0.69663,0.69577,0.69648,0,0
2015-06-02,21:00:00,0.69648,0.69656,0.69593,0.69638,0,0
2015-06-02,22:00:00,0.69686,0.69764,0.69625,0.6973,0,0
2015-06-02,23:00:00,0.6973,0.69755,0.69673,0.69702,0,0
2015-06-02,23:59:00,0.69702,0.69744,0.69688,0.69695,0,0
2015-06-03,01:00:00,0.69703,0.69721,0.69641,0.69658,0,0
2015-06-03,02:00:00,0.69659,0.69672,0.69601,0.69604,0,0
2015-06-03,03:00:00,0.69607,0.69684,0.69603,0.69647,0,0
2015-06-03,04:00:00,0.69648,0.7001,0.69645,0.69951,0,0
2015-06-03,05:00:00,0.69962,0.69962,0.69815,0.69828,0,0
2015-06-03,06:00:00,0.69829,0.69877,0.69788,0.69877,0,0
2015-06-03,07:00:00,0.69841,0.69877,0.69761,0.69805,0,0
2015-06-03,08:00:00,0.69804,0.69823,0.69721,0.69804,0,0
2015-06-03,09:00:00,0.69805,0.69925,0.69748,0.69854,0,0
2015-06-03,10:00:00,0.69861,0.7003,0.69861,0.69943,0,0
2015-06-03,11:00:00,0.69941,0.69961,0.69821,0.69833,0,0
2015-06-03,12:00:00,0.69833,0.6999,0.69821,0.69897,0,0
2015-06-03,13:00:00,0.69896,0.69922,0.6982,0.69824,0,0
2015-06-03,14:00:00,0.69824,0.69923,0.69821,0.69894,0,0
2015-06-03,15:00:00,0.69895,0.6997,0.69714,0.6978,0,0
2015-06-03,16:00:00,0.6978,0.6978,0.69312,0.69464,0,0
2015-06-03,17:00:00,0.69492,0.69528,0.6923,0.69276,0,0
2015-06-03,18:00:00,0.69276,0.6929,0.69158,0.69159,0,0
2015-06-03,19:00:00,0.69158,0.69194,0.69113,0.69157,0,0
2015-06-03,20:00:00,0.69158,0.69162,0.69058,0.69154,0,0
2015-06-03,21:00:00,0.69152,0.69155,0.69056,0.69071,0,0
2015-06-03,22:00:00,0.69071,0.69114,0.6903,0.69059,0,0
2015-06-03,23:00:00,0.69059,0.69108,0.69041,0.69056,0,0
2015-06-03,23:59:00,0.69058,0.69094,0.69026,0.69043,0,0
2015-06-04,01:00:00,0.69045,0.69061,0.68965,0.68991,0,0
2015-06-04,02:00:00,0.68992,0.69053,0.6896,0.69007,0,0
2015-06-04,03:00:00,0.69007,0.69039,0.68954,0.69018,0,0
2015-06-04,04:00:00,0.69018,0.69064,0.68496,0.68585,0,0
2015-06-04,05:00:00,0.68586,0.68613,0.6853,0.68583,0,0
2015-06-04,06:00:00,0.68582,0.68613,0.68527,0.686,0,0
2015-06-04,07:00:00,0.68599,0.68646,0.68571,0.68604,0,0
2015-06-04,08:00:00,0.68605,0.68605,0.68469,0.68509,0,0
2015-06-04,09:00:00,0.68509,0.68712,0.68509,0.68684,0,0
2015-06-04,10:00:00,0.68684,0.68705,0.68467,0.68503,0,0
2015-06-04,11:00:00,0.68504,0.6858,0.68137,0.68351,0,0
2015-06-04,12:00:00,0.68356,0.68364,0.68209,0.68228,0,0
2015-06-04,13:00:00,0.68228,0.68282,0.68126,0.68263,0,0
2015-06-04,14:00:00,0.68265,0.68443,0.68208,0.68425,0,0
2015-06-04,15:00:00,0.68421,0.68443,0.68301,0.68382,0,0
2015-06-04,16:00:00,0.68382,0.68544,0.6825,0.68275,0,0
2015-06-04,17:00:00,0.68262,0.68269,0.68027,0.68034,0,0
2015-06-04,18:00:00,0.68034,0.68124,0.67969,0.68089,0,0
2015-06-04,19:00:00,0.68087,0.6812,0.67989,0.68073,0,0
2015-06-04,20:00:00,0.68073,0.6834,0.68049,0.68338,0,0
2015-06-04,21:00:00,0.68344,0.68396,0.68318,0.68358,0,0
2015-06-04,22:00:00,0.68338,0.68376,0.68325,0.68345,0,0
2015-06-04,23:00:00,0.68345,0.68414,0.68324,0.68414,0,0
2015-06-04,23:59:00,0.68416,0.68455,0.6837,0.68395,0,0
2015-06-05,01:00:00,0.68395,0.68531,0.68388,0.68529,0,0
2015-06-05,02:00:00,0.68529,0.68689,0.68526,0.68588,0,0
2015-06-05,03:00:00,0.68588,0.68614,0.68502,0.68614,0,0
2015-06-05,04:00:00,0.68613,0.68678,0.68587,0.6866,0,0
2015-06-05,05:00:00,0.68659,0.68667,0.6862,0.68643,0,0
2015-06-05,06:00:00,0.68643,0.68681,0.68624,0.68678,0,0
2015-06-05,07:00:00,0.68678,0.68685,0.68628,0.6866,0,0
2015-06-05,08:00:00,0.68657,0.6868,0.68616,0.68616,0,0
2015-06-05,09:00:00,0.68609,0.68609,0.6842,0.68441,0,0
2015-06-05,10:00:00,0.68433,0.68435,0.68118,0.68174,0,0
2015-06-05,11:00:00,0.68174,0.68357,0.68151,0.6833,0,0
2015-06-05,12:00:00,0.6833,0.68435,0.68301,0.68334,0,0
2015-06-05,13:00:00,0.68333,0.68648,0.68333,0.68614,0,0
2015-06-05,14:00:00,0.6862,0.688,0.68572,0.68725,0,0
2015-06-05,15:00:00,0.68725,0.68948,0.68624,0.68667,0,0
2015-06-05,16:00:00,0.68667,0.68826,0.68586,0.68755,0,0
2015-06-05,17:00:00,0.68755,0.68889,0.68646,0.68658,0,0
2015-06-05,18:00:00,0.68657,0.6867,0.68578,0.68624,0,0
2015-06-05,19:00:00,0.68615,0.68653,0.6853,0.68544,0,0
2015-06-05,20:00:00,0.68544,0.6859,0.68522,0.68546,0,0
2015-06-05,21:00:00,0.68546,0.68556,0.68422,0.68508,0,0
2015-06-05,22:00:00,0.68506,0.68632,0.68493,0.6863,0,0
2015-06-05,23:00:00,0.68629,0.68629,0.68601,0.68601,0,0
2015-06-08,01:00:00,0.68679,0.68679,0.68608,0.68627,0,0
2015-06-08,02:00:00,0.68627,0.68637,0.68596,0.68606,0,0
2015-06-08,03:00:00,0.68605,0.68701,0.68585,0.68644,0,0
2015-06-08,04:00:00,0.68647,0.68737,0.68647,0.68736,0,0
2015-06-08,05:00:00,0.68748,0.68851,0.68609,0.68615,0,0
2015-06-08,06:00:00,0.68615,0.68619,0.6855,0.68586,0,0
2015-06-08,07:00:00,0.68586,0.68594,0.68523,0.68529,0,0
2015-06-08,08:00:00,0.68529,0.686,0.68511,0.68572,0,0
2015-06-08,09:00:00,0.68564,0.68693,0.68521,0.68592,0,0
2015-06-08,10:00:00,0.68591,0.68591,0.68403,0.68434,0,0
2015-06-08,11:00:00,0.68434,0.6866,0.6837,0.68649,0,0
2015-06-08,12:00:00,0.68649,0.68709,0.68562,0.68698,0,0
2015-06-08,13:00:00,0.68699,0.68717,0.68561,0.68573,0,0
2015-06-08,14:00:00,0.68576,0.68604,0.68438,0.68471,0,0
2015-06-08,15:00:00,0.68471,0.68472,0.68216,0.68361,0,0
2015-06-08,16:00:00,0.68362,0.68365,0.68211,0.68236,0,0
2015-06-08,17:00:00,0.68239,0.68314,0.68096,0.68099,0,0
2015-06-08,18:00:00,0.68094,0.68214,0.68084,0.68107,0,0
2015-06-08,19:00:00,0.68107,0.68125,0.68033,0.681,0,0
2015-06-08,20:00:00,0.681,0.68271,0.68026,0.6821,0,0
2015-06-08,21:00:00,0.6821,0.68259,0.68156,0.68259,0,0
2015-06-08,22:00:00,0.68259,0.6832,0.68241,0.68265,0,0
2015-06-08,23:00:00,0.68268,0.6828,0.68184,0.68207,0,0
2015-06-08,23:59:00,0.68207,0.68256,0.68151,0.68206,0,0
2015-06-09,01:00:00,0.68207,0.68208,0.68108,0.68124,0,0
2015-06-09,02:00:00,0.68124,0.68189,0.68107,0.68152,0,0
2015-06-09,03:00:00,0.6815,0.68156,0.68064,0.68152,0,0
2015-06-09,04:00:00,0.68152,0.68291,0.68043,0.6805,0,0
2015-06-09,05:00:00,0.6805,0.6805,0.67944,0.68039,0,0
2015-06-09,06:00:00,0.6804,0.68067,0.67958,0.67977,0,0
2015-06-09,07:00:00,0.67976,0.68005,0.67929,0.67988,0,0
2015-06-09,08:00:00,0.67988,0.67988,0.67852,0.67854,0,0
2015-06-09,09:00:00,0.67854,0.67992,0.67848,0.67937,0,0
2015-06-09,10:00:00,0.67936,0.68026,0.67794,0.67805,0,0
2015-06-09,11:00:00,0.67805,0.67992,0.67782,0.67988,0,0
2015-06-09,12:00:00,0.67984,0.68116,0.67936,0.68064,0,0
2015-06-09,13:00:00,0.68057,0.68275,0.68055,0.6824,0,0
2015-06-09,14:00:00,0.68244,0.68525,0.68194,0.68512,0,0
2015-06-09,15:00:00,0.68508,0.6854,0.68421,0.68429,0,0
2015-06-09,16:00:00,0.68432,0.68529,0.68375,0.68375,0,0
2015-06-09,17:00:00,0.68385,0.68412,0.68253,0.68253,0,0
2015-06-09,18:00:00,0.6826,0.68268,0.68082,0.68118,0,0
2015-06-09,19:00:00,0.6812,0.68133,0.68044,0.6808,0,0
2015-06-09,20:00:00,0.68082,0.68137,0.68003,0.68017,0,0
2015-06-09,21:00:00,0.68017,0.68098,0.67994,0.68094,0,0
2015-06-09,22:00:00,0.68095,0.68177,0.68075,0.68157,0,0
2015-06-09,23:00:00,0.68156,0.68218,0.68118,0.6816,0,0
2015-06-09,23:59:00,0.6816,0.68226,0.68145,0.68189,0,0
2015-06-10,01:00:00,0.68189,0.68229,0.68178,0.68209,0,0
2015-06-10,02:00:00,0.68209,0.68209,0.68054,0.68066,0,0
2015-06-10,03:00:00,0.68066,0.68146,0.67924,0.67999,0,0
2015-06-10,04:00:00,0.67999,0.68047,0.6795,0.6802,0,0
2015-06-10,05:00:00,0.6802,0.68074,0.67731,0.67813,0,0
2015-06-10,06:00:00,0.67813,0.67843,0.67704,0.67843,0,0
2015-06-10,07:00:00,0.67843,0.68173,0.67776,0.6812,0,0
2015-06-10,08:00:00,0.68118,0.6847,0.68085,0.68396,0,0
2015-06-10,09:00:00,0.68396,0.68542,0.68312,0.68312,0,0
2015-06-10,10:00:00,0.68312,0.68514,0.68113,0.68441,0,0
2015-06-10,11:00:00,0.68441,0.6864,0.6832,0.68587,0,0
2015-06-10,12:00:00,0.68591,0.68714,0.68526,0.68654,0,0
2015-06-10,13:00:00,0.6865,0.68763,0.68514,0.68532,0,0
2015-06-10,14:00:00,0.6853,0.68651,0.68467,0.68633,0,0
2015-06-10,15:00:00,0.68632,0.68642,0.68499,0.68514,0,0
2015-06-10,16:00:00,0.68514,0.68593,0.68408,0.6859,0,0
2015-06-10,17:00:00,0.6858,0.68703,0.68573,0.68608,0,0
2015-06-10,18:00:00,0.68617,0.68634,0.68481,0.6853,0,0
2015-06-10,19:00:00,0.68525,0.6867,0.6851,0.68599,0,0
2015-06-10,20:00:00,0.68594,0.68619,0.68551,0.68582,0,0
2015-06-10,21:00:00,0.68587,0.68624,0.68553,0.68564,0,0
2015-06-10,22:00:00,0.68567,0.68574,0.68498,0.68505,0,0
2015-06-10,23:00:00,0.68504,0.68561,0.68492,0.68535,0,0
2015-06-10,23:59:00,0.6853,0.6856,0.68022,0.6839,0,0
2015-06-11,01:00:00,0.68372,0.68398,0.68323,0.68326,0,0
2015-06-11,02:00:00,0.68326,0.68408,0.68325,0.6833,0,0
2015-06-11,03:00:00,0.6833,0.68333,0.68242,0.68313,0,0
2015-06-11,04:00:00,0.68313,0.68951,0.6831,0.68776,0,0
2015-06-11,05:00:00,0.68794,0.68794,0.68695,0.68758,0,0
2015-06-11,06:00:00,0.6876,0.68806,0.68663,0.68722,0,0
2015-06-11,07:00:00,0.68722,0.6874,0.68649,0.68726,0,0
2015-06-11,08:00:00,0.68726,0.68732,0.68614,0.6865,0,0
2015-06-11,09:00:00,0.6865,0.68693,0.68498,0.68679,0,0
2015-06-11,10:00:00,0.68682,0.68774,0.68644,0.68741,0,0
2015-06-11,11:00:00,0.68746,0.68882,0.68727,0.68763,0,0
2015-06-11,12:00:00,0.68765,0.68788,0.68597,0.68648,0,0
2015-06-11,13:00:00,0.68648,0.68683,0.68568,0.68617,0,0
2015-06-11,14:00:00,0.6862,0.68783,0.68617,0.68706,0,0
2015-06-11,15:00:00,0.68719,0.68888,0.68685,0.68798,0,0
2015-06-11,16:00:00,0.68802,0.68885,0.68761,0.68794,0,0
2015-06-11,17:00:00,0.68787,0.68895,0.68707,0.68721,0,0
2015-06-11,18:00:00,0.6872,0.6879,0.68677,0.68741,0,0
2015-06-11,19:00:00,0.68748,0.68831,0.68742,0.68756,0,0
2015-06-11,20:00:00,0.68755,0.68841,0.68729,0.68825,0,0
2015-06-11,21:00:00,0.68825,0.68859,0.68798,0.68812,0,0
2015-06-11,22:00:00,0.68813,0.68927,0.68812,0.68889,0,0
2015-06-11,23:00:00,0.68889,0.68919,0.68866,0.68887,0,0
2015-06-11,23:59:00,0.68888,0.69004,0.68874,0.68994,0,0
2015-06-12,01:00:00,0.68982,0.68982,0.68921,0.68958,0,0
2015-06-12,02:00:00,0.68958,0.68977,0.68878,0.6888,0,0
2015-06-12,03:00:00,0.68879,0.6891,0.68823,0.68892,0,0
2015-06-12,04:00:00,0.68888,0.68924,0.68854,0.6887,0,0
2015-06-12,05:00:00,0.68871,0.68883,0.68835,0.68843,0,0
2015-06-12,06:00:00,0.68846,0.68864,0.68786,0.68812,0,0
2015-06-12,07:00:00,0.68812,0.68968,0.68777,0.6888,0,0
2015-06-12,08:00:00,0.68878,0.68912,0.68814,0.68855,0,0
2015-06-12,09:00:00,0.68846,0.68882,0.68803,0.68843,0,0
2015-06-12,10:00:00,0.68845,0.68845,0.68694,0.68725,0,0
2015-06-12,11:00:00,0.68727,0.68909,0.68509,0.68836,0,0
2015-06-12,12:00:00,0.68835,0.69003,0.68785,0.68951,0,0
2015-06-12,13:00:00,0.68953,0.68965,0.68833,0.68836,0,0
2015-06-12,14:00:00,0.68836,0.68876,0.68779,0.68806,0,0
2015-06-12,15:00:00,0.68801,0.68813,0.68601,0.68605,0,0
2015-06-12,16:00:00,0.68597,0.68721,0.68523,0.6868,0,0
2015-06-12,17:00:00,0.68694,0.6878,0.68626,0.68669,0,0
2015-06-12,18:00:00,0.68663,0.68747,0.68609,0.6863,0,0
2015-06-12,19:00:00,0.68634,0.68721,0.68592,0.68694,0,0
2015-06-12,20:00:00,0.68688,0.68745,0.68638,0.68661,0,0
2015-06-12,21:00:00,0.68661,0.68709,0.68629,0.68708,0,0
2015-06-12,22:00:00,0.6871,0.68733,0.68655,0.68717,0,0
2015-06-12,23:00:00,0.68717,0.68719,0.68712,0.68717,0,0
2015-06-15,01:00:00,0.69024,0.69024,0.68856,0.68867,0,0
2015-06-15,02:00:00,0.68867,0.68933,0.6886,0.6886,0,0
2015-06-15,03:00:00,0.6886,0.68875,0.68733,0.68755,0,0
2015-06-15,04:00:00,0.68754,0.68916,0.68737,0.68906,0,0
2015-06-15,05:00:00,0.68906,0.68925,0.68842,0.68852,0,0
2015-06-15,06:00:00,0.68852,0.68859,0.68803,0.68803,0,0
2015-06-15,07:00:00,0.68804,0.6884,0.68756,0.68764,0,0
2015-06-15,08:00:00,0.68763,0.68881,0.68762,0.68881,0,0
2015-06-15,09:00:00,0.68879,0.68962,0.68806,0.68814,0,0
2015-06-15,10:00:00,0.68814,0.68814,0.68696,0.68754,0,0
2015-06-15,11:00:00,0.68758,0.68764,0.68587,0.68661,0,0
2015-06-15,12:00:00,0.6866,0.68886,0.68654,0.68875,0,0
2015-06-15,13:00:00,0.68866,0.68941,0.68772,0.68923,0,0
2015-06-15,14:00:00,0.68927,0.69059,0.68927,0.69024,0,0
2015-06-15,15:00:00,0.69024,0.69194,0.69024,0.69173,0,0
2015-06-15,16:00:00,0.69174,0.6931,0.69104,0.69136,0,0
2015-06-15,17:00:00,0.69136,0.69169,0.69011,0.69028,0,0
2015-06-15,18:00:00,0.69027,0.69061,0.68944,0.68944,0,0
2015-06-15,19:00:00,0.68944,0.68966,0.68789,0.68854,0,0
2015-06-15,20:00:00,0.68863,0.68936,0.6884,0.68924,0,0
2015-06-15,21:00:00,0.68923,0.68923,0.68811,0.68811,0,0
2015-06-15,22:00:00,0.68811,0.68833,0.68758,0.68804,0,0
2015-06-15,23:00:00,0.68804,0.68846,0.68797,0.68822,0,0
2015-06-15,23:59:00,0.68816,0.68853,0.68777,0.68797,0,0
2015-06-16,01:00:00,0.68793,0.68847,0.68787,0.68846,0,0
2015-06-16,02:00:00,0.68846,0.68847,0.68782,0.688,0,0
2015-06-16,03:00:00,0.688,0.68816,0.68757,0.6878,0,0
2015-06-16,04:00:00,0.6878,0.6899,0.6869,0.68887,0,0
2015-06-16,05:00:00,0.68889,0.68901,0.68815,0.68893,0,0
2015-06-16,06:00:00,0.68893,0.68912,0.68795,0.68811,0,0
2015-06-16,07:00:00,0.6881,0.68853,0.68781,0.68781,0,0
2015-06-16,08:00:00,0.68784,0.68804,0.6872,0.68732,0,0
2015-06-16,09:00:00,0.68728,0.68775,0.68461,0.68471,0,0
2015-06-16,10:00:00,0.68471,0.68606,0.68366,0.68522,0,0
2015-06-16,11:00:00,0.68514,0.6863,0.68405,0.6863,0,0
2015-06-16,12:00:00,0.6863,0.68806,0.68621,0.6874,0,0
2015-06-16,13:00:00,0.6874,0.68826,0.68685,0.68776,0,0
2015-06-16,14:00:00,0.68776,0.68956,0.68705,0.68927,0,0
2015-06-16,15:00:00,0.68932,0.69098,0.68926,0.68997,0,0
2015-06-16,16:00:00,0.68997,0.6906,0.68979,0.69026,0,0
2015-06-16,17:00:00,0.69026,0.69208,0.69005,0.69005,0,0
2015-06-16,18:00:00,0.69007,0.69045,0.68982,0.68994,0,0
2015-06-16,19:00:00,0.68994,0.69046,0.68932,0.68936,0,0
2015-06-16,20:00:00,0.68935,0.68961,0.68883,0.68897,0,0
2015-06-16,21:00:00,0.68897,0.68927,0.6888,0.68891,0,0
2015-06-16,22:00:00,0.68893,0.68901,0.68841,0.68884,0,0
2015-06-16,23:00:00,0.68886,0.68927,0.68843,0.68917,0,0
2015-06-16,23:59:00,0.68915,0.68987,0.689,0.6892,0,0
2015-06-17,01:00:00,0.68917,0.68966,0.68904,0.68926,0,0
2015-06-17,02:00:00,0.68925,0.6895,0.68891,0.68891,0,0
2015-06-17,03:00:00,0.68893,0.68914,0.68833,0.68902,0,0
2015-06-17,04:00:00,0.68899,0.68907,0.68678,0.68706,0,0
2015-06-17,05:00:00,0.687,0.68733,0.68654,0.68655,0,0
2015-06-17,06:00:00,0.68652,0.68655,0.68559,0.68636,0,0
2015-06-17,07:00:00,0.68636,0.68636,0.68567,0.68597,0,0
2015-06-17,08:00:00,0.68594,0.68645,0.68574,0.68645,0,0
2015-06-17,09:00:00,0.68645,0.6869,0.68479,0.68535,0,0
2015-06-17,10:00:00,0.68536,0.6855,0.68295,0.68365,0,0
2015-06-17,11:00:00,0.68365,0.68374,0.68113,0.68217,0,0
2015-06-17,12:00:00,0.68216,0.68251,0.68146,0.68241,0,0
2015-06-17,13:00:00,0.68246,0.683,0.68099,0.68198,0,0
2015-06-17,14:00:00,0.68198,0.68258,0.68133,0.68147,0,0
2015-06-17,15:00:00,0.68147,0.68203,0.68022,0.68202,0,0
2015-06-17,16:00:00,0.68208,0.683,0.68149,0.68221,0,0
2015-06-17,17:00:00,0.6822,0.68296,0.6813,0.68232,0,0
2015-06-17,18:00:00,0.68238,0.68261,0.68124,0.68195,0,0
2015-06-17,19:00:00,0.68195,0.68195,0.68043,0.68063,0,0
2015-06-17,20:00:00,0.68063,0.68175,0.68042,0.68173,0,0
2015-06-17,21:00:00,0.68113,0.68405,0.68099,0.68405,0,0
2015-06-17,22:00:00,0.68384,0.68455,0.68224,0.68275,0,0
2015-06-17,23:00:00,0.68277,0.68399,0.68264,0.68357,0,0
2015-06-17,23:59:00,0.6836,0.68414,0.68322,0.68352,0,0
2015-06-18,01:00:00,0.68341,0.68355,0.68128,0.68211,0,0
2015-06-18,02:00:00,0.68209,0.68257,0.6792,0.67953,0,0
2015-06-18,03:00:00,0.67951,0.68079,0.67875,0.68041,0,0
2015-06-18,04:00:00,0.68041,0.68152,0.68015,0.68102,0,0
2015-06-18,05:00:00,0.681,0.68135,0.68026,0.68099,0,0
2015-06-18,06:00:00,0.68105,0.68108,0.67953,0.67969,0,0
2015-06-18,07:00:00,0.67971,0.67975,0.67856,0.6796,0,0
2015-06-18,08:00:00,0.67968,0.68112,0.67934,0.68109,0,0
2015-06-18,09:00:00,0.68109,0.68286,0.68088,0.682,0,0
2015-06-18,10:00:00,0.68197,0.68352,0.68166,0.68283,0,0
2015-06-18,11:00:00,0.68284,0.68418,0.68204,0.68413,0,0
2015-06-18,12:00:00,0.68413,0.68655,0.68356,0.68585,0,0
2015-06-18,13:00:00,0.68586,0.68722,0.68581,0.68616,0,0
2015-06-18,14:00:00,0.68612,0.68727,0.68612,0.68707,0,0
2015-06-18,15:00:00,0.68706,0.68747,0.68605,0.68747,0,0
2015-06-18,16:00:00,0.68747,0.68809,0.6867,0.68776,0,0
2015-06-18,17:00:00,0.68773,0.688,0.68593,0.68635,0,0
2015-06-18,18:00:00,0.68639,0.68715,0.68617,0.68666,0,0
2015-06-18,19:00:00,0.68664,0.68839,0.68448,0.68682,0,0
2015-06-18,20:00:00,0.68681,0.68701,0.6862,0.68662,0,0
2015-06-18,21:00:00,0.68662,0.68663,0.68547,0.68558,0,0
2015-06-18,22:00:00,0.68553,0.68643,0.68541,0.68578,0,0
2015-06-18,23:00:00,0.68567,0.68662,0.68556,0.68662,0,0
2015-06-18,23:59:00,0.68662,0.68662,0.68575,0.68622,0,0
2015-06-19,01:00:00,0.68618,0.68654,0.6848,0.68627,0,0
2015-06-19,02:00:00,0.68626,0.68626,0.68487,0.68501,0,0
2015-06-19,03:00:00,0.68504,0.68562,0.68419,0.68545,0,0
2015-06-19,04:00:00,0.68546,0.6858,0.68474,0.68508,0,0
2015-06-19,05:00:00,0.68508,0.68518,0.6843,0.68471,0,0
2015-06-19,06:00:00,0.68471,0.68474,0.6841,0.68419,0,0
2015-06-19,07:00:00,0.68419,0.68432,0.68302,0.68417,0,0
2015-06-19,08:00:00,0.68418,0.68446,0.68377,0.68434,0,0
2015-06-19,09:00:00,0.68434,0.68497,0.68403,0.68432,0,0
2015-06-19,10:00:00,0.68432,0.68645,0.6843,0.68599,0,0
2015-06-19,11:00:00,0.68599,0.68721,0.68536,0.68672,0,0
2015-06-19,12:00:00,0.68672,0.68708,0.68471,0.68548,0,0
2015-06-19,13:00:00,0.68542,0.68625,0.68516,0.68601,0,0
2015-06-19,14:00:00,0.68601,0.68651,0.68564,0.68596,0,0
2015-06-19,15:00:00,0.68596,0.68611,0.68429,0.68462,0,0
2015-06-19,16:00:00,0.68462,0.68547,0.68392,0.68459,0,0
2015-06-19,17:00:00,0.68458,0.685,0.68375,0.68467,0,0
2015-06-19,18:00:00,0.68467,0.68467,0.68363,0.68439,0,0
2015-06-19,19:00:00,0.68439,0.68441,0.68389,0.68418,0,0
2015-06-19,20:00:00,0.68411,0.6842,0.68342,0.68391,0,0
2015-06-19,21:00:00,0.68392,0.68428,0.68354,0.68413,0,0
2015-06-19,22:00:00,0.68413,0.68487,0.68393,0.68473,0,0
2015-06-19,23:00:00,0.6849,0.68492,0.68482,0.68482,0,0
2015-06-22,01:00:00,0.6831,0.68413,0.68307,0.68377,0,0
2015-06-22,02:00:00,0.68377,0.68392,0.68309,0.68344,0,0
2015-06-22,03:00:00,0.68351,0.68391,0.68314,0.68364,0,0
2015-06-22,04:00:00,0.68363,0.68442,0.68361,0.68386,0,0
2015-06-22,05:00:00,0.68386,0.68425,0.6833,0.68345,0,0
2015-06-22,06:00:00,0.68345,0.68369,0.68294,0.68369,0,0
2015-06-22,07:00:00,0.68369,0.68385,0.68265,0.68277,0,0
2015-06-22,08:00:00,0.68278,0.68379,0.68253,0.68366,0,0
2015-06-22,09:00:00,0.6836,0.68474,0.68325,0.68366,0,0
2015-06-22,10:00:00,0.68363,0.68618,0.68362,0.68587,0,0
2015-06-22,11:00:00,0.68587,0.68665,0.68538,0.68553,0,0
2015-06-22,12:00:00,0.68554,0.68575,0.68449,0.68452,0,0
2015-06-22,13:00:00,0.68454,0.68472,0.68336,0.68398,0,0
2015-06-22,14:00:00,0.68404,0.68415,0.68277,0.6841,0,0
2015-06-22,15:00:00,0.6841,0.68463,0.68371,0.68425,0,0
2015-06-22,16:00:00,0.68419,0.68482,0.68304,0.68321,0,0
2015-06-22,17:00:00,0.68322,0.68323,0.68047,0.68063,0,0
2015-06-22,18:00:00,0.68067,0.6809,0.67878,0.6806,0,0
2015-06-22,19:00:00,0.6806,0.68124,0.68031,0.68051,0,0
2015-06-22,20:00:00,0.68051,0.68158,0.68042,0.68151,0,0
2015-06-22,21:00:00,0.68151,0.68175,0.68115,0.68143,0,0
2015-06-22,22:00:00,0.68154,0.68208,0.68125,0.68158,0,0
2015-06-22,23:00:00,0.68159,0.68188,0.68126,0.68146,0,0
2015-06-22,23:59:00,0.68146,0.68203,0.68116,0.68176,0,0
2015-06-23,01:00:00,0.6817,0.68193,0.68109,0.68109,0,0
2015-06-23,02:00:00,0.68116,0.68138,0.68089,0.68118,0,0
2015-06-23,03:00:00,0.68119,0.68223,0.68108,0.68189,0,0
2015-06-23,04:00:00,0.68189,0.68233,0.6806,0.68108,0,0
2015-06-23,05:00:00,0.68105,0.68409,0.6809,0.68362,0,0
2015-06-23,06:00:00,0.68363,0.68391,0.6834,0.68357,0,0
2015-06-23,07:00:00,0.68357,0.68397,0.6831,0.68338,0,0
2015-06-23,08:00:00,0.68338,0.68408,0.68312,0.68399,0,0
2015-06-23,09:00:00,0.68403,0.68744,0.68403,0.6869,0,0
2015-06-23,10:00:00,0.68692,0.68718,0.68561,0.68575,0,0
2015-06-23,11:00:00,0.68577,0.68781,0.68551,0.68718,0,0
2015-06-23,12:00:00,0.68718,0.68774,0.68653,0.68743,0,0
2015-06-23,13:00:00,0.68743,0.68809,0.6867,0.68735,0,0
2015-06-23,14:00:00,0.68742,0.68862,0.68714,0.68811,0,0
2015-06-23,15:00:00,0.68811,0.68988,0.68779,0.68886,0,0
2015-06-23,16:00:00,0.68885,0.69046,0.68825,0.69028,0,0
2015-06-23,17:00:00,0.69008,0.69114,0.69008,0.69064,0,0
2015-06-23,18:00:00,0.6906,0.69219,0.6906,0.69155,0,0
2015-06-23,19:00:00,0.69161,0.69206,0.69129,0.69133,0,0
2015-06-23,20:00:00,0.69132,0.69249,0.6911,0.69212,0,0
2015-06-23,21:00:00,0.69223,0.69236,0.69171,0.69218,0,0
2015-06-23,22:00:00,0.69219,0.69304,0.69165,0.69283,0,0
2015-06-23,23:00:00,0.69273,0.69338,0.69199,0.69274,0,0
2015-06-23,23:59:00,0.69274,0.69339,0.69254,0.6927,0,0
2015-06-24,01:00:00,0.69279,0.69321,0.69258,0.69258,0,0
2015-06-24,02:00:00,0.69259,0.69314,0.69249,0.69286,0,0
2015-06-24,03:00:00,0.69287,0.69414,0.69287,0.69391,0,0
2015-06-24,04:00:00,0.69391,0.69421,0.69257,0.69265,0,0
2015-06-24,05:00:00,0.69266,0.6927,0.69152,0.69158,0,0
2015-06-24,06:00:00,0.69158,0.69221,0.69086,0.69107,0,0
2015-06-24,07:00:00,0.69107,0.69145,0.69012,0.69045,0,0
2015-06-24,08:00:00,0.69048,0.69076,0.68925,0.6898,0,0
2015-06-24,09:00:00,0.68978,0.6905,0.68952,0.69037,0,0
2015-06-24,10:00:00,0.69037,0.69082,0.68964,0.69004,0,0
2015-06-24,11:00:00,0.69001,0.69174,0.68995,0.69113,0,0
2015-06-24,12:00:00,0.69113,0.69269,0.68965,0.69109,0,0
2015-06-24,13:00:00,0.69109,0.69255,0.69052,0.69108,0,0
2015-06-24,14:00:00,0.69108,0.69136,0.69034,0.69048,0,0
2015-06-24,15:00:00,0.69046,0.69144,0.69005,0.69031,0,0
2015-06-24,16:00:00,0.69031,0.69045,0.68896,0.68898,0,0
2015-06-24,17:00:00,0.68892,0.68902,0.68711,0.68735,0,0
2015-06-24,18:00:00,0.68734,0.68801,0.68708,0.68787,0,0
2015-06-24,19:00:00,0.68787,0.68915,0.68762,0.68878,0,0
2015-06-24,20:00:00,0.68876,0.6893,0.68752,0.68798,0,0
2015-06-24,21:00:00,0.68798,0.68829,0.68759,0.68799,0,0
2015-06-24,22:00:00,0.68799,0.68833,0.68754,0.6881,0,0
2015-06-24,23:00:00,0.68814,0.68814,0.68728,0.68753,0,0
2015-06-24,23:59:00,0.68753,0.68798,0.6871,0.68752,0,0
2015-06-25,01:00:00,0.68758,0.68782,0.68735,0.68749,0,0
2015-06-25,02:00:00,0.68749,0.68812,0.68746,0.68775,0,0
2015-06-25,03:00:00,0.68774,0.68901,0.68764,0.68901,0,0
2015-06-25,04:00:00,0.68901,0.68983,0.68881,0.68924,0,0
2015-06-25,05:00:00,0.68927,0.68988,0.68905,0.68959,0,0
2015-06-25,06:00:00,0.68955,0.69091,0.68949,0.69066,0,0
2015-06-25,07:00:00,0.69066,0.69096,0.69017,0.69079,0,0
2015-06-25,08:00:00,0.69084,0.69135,0.69054,0.69093,0,0
2015-06-25,09:00:00,0.69084,0.69124,0.6903,0.69071,0,0
2015-06-25,10:00:00,0.69073,0.69085,0.68901,0.6899,0,0
2015-06-25,11:00:00,0.68988,0.69138,0.68908,0.69119,0,0
2015-06-25,12:00:00,0.69121,0.69407,0.6911,0.69313,0,0
2015-06-25,13:00:00,0.69309,0.69351,0.69,0.69098,0,0
2015-06-25,14:00:00,0.69098,0.69167,0.69008,0.69082,0,0
2015-06-25,15:00:00,0.69082,0.69109,0.69004,0.69053,0,0
2015-06-25,16:00:00,0.69054,0.69132,0.69007,0.69088,0,0
2015-06-25,17:00:00,0.69084,0.69182,0.69074,0.69165,0,0
2015-06-25,18:00:00,0.69161,0.6922,0.69138,0.69138,0,0
2015-06-25,19:00:00,0.69151,0.69156,0.69092,0.69103,0,0
2015-06-25,20:00:00,0.69105,0.69173,0.69101,0.69155,0,0
2015-06-25,21:00:00,0.69155,0.69162,0.6911,0.69115,0,0
2015-06-25,22:00:00,0.69114,0.6912,0.69067,0.69089,0,0
2015-06-25,23:00:00,0.69086,0.69103,0.69052,0.69067,0,0
2015-06-25,23:59:00,0.6907,0.69088,0.69023,0.69044,0,0
2015-06-26,01:00:00,0.69044,0.69088,0.69043,0.69075,0,0
2015-06-26,02:00:00,0.69076,0.69085,0.69007,0.69007,0,0
2015-06-26,03:00:00,0.69017,0.6911,0.68968,0.69075,0,0
2015-06-26,04:00:00,0.69075,0.69075,0.6894,0.68988,0,0
2015-06-26,05:00:00,0.68988,0.69102,0.68979,0.69029,0,0
2015-06-26,06:00:00,0.69026,0.69071,0.68955,0.6898,0,0
2015-06-26,07:00:00,0.68983,0.69047,0.68945,0.69004,0,0
2015-06-26,08:00:00,0.69003,0.69032,0.68947,0.68973,0,0
2015-06-26,09:00:00,0.68972,0.68992,0.68757,0.68776,0,0
2015-06-26,10:00:00,0.68776,0.68875,0.68743,0.68782,0,0
2015-06-26,11:00:00,0.68781,0.68794,0.68663,0.68788,0,0
2015-06-26,12:00:00,0.68787,0.68794,0.68629,0.68701,0,0
2015-06-26,13:00:00,0.68707,0.68741,0.68623,0.68655,0,0
2015-06-26,14:00:00,0.68657,0.6869,0.6839,0.6839,0,0
2015-06-26,15:00:00,0.6839,0.68456,0.68335,0.6839,0,0
2015-06-26,16:00:00,0.68386,0.68493,0.68386,0.68419,0,0
2015-06-26,17:00:00,0.6842,0.68607,0.68288,0.68603,0,0
2015-06-26,18:00:00,0.68609,0.68653,0.68546,0.68566,0,0
2015-06-26,19:00:00,0.68566,0.68649,0.68557,0.68581,0,0
2015-06-26,20:00:00,0.68577,0.68609,0.68544,0.68584,0,0
2015-06-26,21:00:00,0.68584,0.68588,0.68528,0.68579,0,0
2015-06-26,22:00:00,0.68579,0.68579,0.68505,0.6854,0,0
2015-06-26,23:00:00,0.6854,0.68544,0.68536,0.68536,0,0
2015-06-29,01:00:00,0.69391,0.6943,0.69216,0.69309,0,0
2015-06-29,02:00:00,0.69309,0.69576,0.69242,0.69437,0,0
2015-06-29,03:00:00,0.69432,0.69432,0.69106,0.69269,0,0
2015-06-29,04:00:00,0.69269,0.69454,0.69264,0.69438,0,0
2015-06-29,05:00:00,0.69438,0.69834,0.69397,0.69546,0,0
2015-06-29,06:00:00,0.69553,0.69598,0.6946,0.69509,0,0
2015-06-29,07:00:00,0.69509,0.69556,0.69481,0.69487,0,0
2015-06-29,08:00:00,0.69487,0.69551,0.69293,0.69426,0,0
2015-06-29,09:00:00,0.69423,0.69446,0.69006,0.69039,0,0
2015-06-29,10:00:00,0.6903,0.69133,0.68861,0.69072,0,0
2015-06-29,11:00:00,0.69072,0.69103,0.68807,0.68871,0,0
2015-06-29,12:00:00,0.6888,0.69082,0.68877,0.6897,0,0
2015-06-29,13:00:00,0.68973,0.69065,0.68783,0.68879,0,0
2015-06-29,14:00:00,0.68879,0.68987,0.68865,0.68901,0,0
2015-06-29,15:00:00,0.68901,0.68963,0.68808,0.68917,0,0
2015-06-29,16:00:00,0.68917,0.68944,0.68798,0.68851,0,0
2015-06-29,17:00:00,0.68853,0.68853,0.68539,0.68629,0,0
2015-06-29,18:00:00,0.68632,0.68689,0.68497,0.68651,0,0
2015-06-29,19:00:00,0.68651,0.68692,0.68498,0.68534,0,0
2015-06-29,20:00:00,0.68537,0.68617,0.68332,0.68503,0,0
2015-06-29,21:00:00,0.68503,0.68526,0.68381,0.68476,0,0
2015-06-29,22:00:00,0.68472,0.68493,0.68363,0.68381,0,0
2015-06-29,23:00:00,0.68376,0.68411,0.68287,0.68344,0,0
2015-06-29,23:59:00,0.68345,0.68385,0.68281,0.68367,0,0
2015-06-30,01:00:00,0.68371,0.68432,0.68354,0.68411,0,0
2015-06-30,02:00:00,0.68412,0.68481,0.68382,0.68389,0,0
2015-06-30,03:00:00,0.68388,0.68514,0.68371,0.68504,0,0
2015-06-30,04:00:00,0.68502,0.68608,0.68422,0.68589,0,0
2015-06-30,05:00:00,0.68589,0.68609,0.68459,0.68582,0,0
2015-06-30,06:00:00,0.68582,0.68598,0.68459,0.68534,0,0
2015-06-30,07:00:00,0.68582,0.68582,0.68513,0.68566,0,0
2015-06-30,08:00:00,0.68566,0.68683,0.68512,0.68655,0,0
2015-06-30,09:00:00,0.68657,0.6884,0.6861,0.68713,0,0
2015-06-30,10:00:00,0.68722,0.68838,0.68638,0.68783,0,0
2015-06-30,11:00:00,0.68783,0.68941,0.68664,0.68933,0,0
2015-06-30,12:00:00,0.68929,0.68947,0.68601,0.68624,0,0
2015-06-30,13:00:00,0.68625,0.68749,0.68496,0.68654,0,0
2015-06-30,14:00:00,0.68652,0.6883,0.68638,0.68827,0,0
2015-06-30,15:00:00,0.68831,0.68831,0.68667,0.68734,0,0
2015-06-30,16:00:00,0.68739,0.68949,0.68657,0.68886,0,0
2015-06-30,17:00:00,0.68887,0.68984,0.68839,0.6898,0,0
2015-06-30,18:00:00,0.6898,0.69116,0.68954,0.69066,0,0
2015-06-30,19:00:00,0.69074,0.692,0.69045,0.69118,0,0
2015-06-30,20:00:00,0.6912,0.69181,0.69098,0.69118,0,0
2015-06-30,21:00:00,0.69115,0.69242,0.69095,0.69232,0,0
2015-06-30,22:00:00,0.69231,0.69235,0.69164,0.69191,0,0
2015-06-30,23:00:00,0.69194,0.69259,0.69174,0.69176,0,0
2015-06-30,23:59:00,0.69191,0.69213,0.69102,0.69138,0,0
2015-07-01,01:00:00,0.69154,0.69161,0.69065,0.69119,0,0
2015-07-01,02:00:00,0.69118,0.69181,0.69073,0.69085,0,0
2015-07-01,03:00:00,0.69103,0.69268,0.69083,0.69221,0,0
2015-07-01,04:00:00,0.69221,0.69347,0.69139,0.69261,0,0
2015-07-01,05:00:00,0.69261,0.69455,0.69261,0.69364,0,0
2015-07-01,06:00:00,0.69364,0.69418,0.69337,0.69383,0,0
2015-07-01,07:00:00,0.69383,0.69387,0.69272,0.6928,0,0
2015-07-01,08:00:00,0.6928,0.6932,0.69239,0.6932,0,0
2015-07-01,09:00:00,0.6932,0.6937,0.69219,0.69354,0,0
2015-07-01,10:00:00,0.69358,0.69501,0.69294,0.69424,0,0
2015-07-01,11:00:00,0.69417,0.69473,0.69173,0.69173,0,0
2015-07-01,12:00:00,0.69192,0.69342,0.69113,0.69298,0,0
2015-07-01,13:00:00,0.69298,0.69411,0.69249,0.69328,0,0
2015-07-01,14:00:00,0.69339,0.69353,0.69187,0.69206,0,0
2015-07-01,15:00:00,0.69206,0.69223,0.69065,0.69185,0,0
2015-07-01,16:00:00,0.69185,0.69231,0.69075,0.69178,0,0
2015-07-01,17:00:00,0.69175,0.69233,0.6901,0.6901,0,0
2015-07-01,18:00:00,0.69005,0.69212,0.68996,0.69137,0,0
2015-07-01,19:00:00,0.69137,0.69191,0.69111,0.69169,0,0
2015-07-01,20:00:00,0.69169,0.69231,0.69153,0.69211,0,0
2015-07-01,21:00:00,0.69217,0.69241,0.69156,0.692,0,0
2015-07-01,22:00:00,0.69196,0.69258,0.69177,0.6922,0,0
2015-07-01,23:00:00,0.69217,0.69243,0.69166,0.69166,0,0
2015-07-01,23:59:00,0.69169,0.69221,0.69149,0.692,0,0
2015-07-02,01:00:00,0.69192,0.69209,0.69091,0.69152,0,0
2015-07-02,02:00:00,0.69152,0.6922,0.6913,0.69199,0,0
2015-07-02,03:00:00,0.69197,0.6927,0.69191,0.6927,0,0
2015-07-02,04:00:00,0.6927,0.69303,0.69035,0.69134,0,0
2015-07-02,05:00:00,0.69137,0.69149,0.68989,0.69037,0,0
2015-07-02,06:00:00,0.69037,0.69152,0.69017,0.69133,0,0
2015-07-02,07:00:00,0.69137,0.69146,0.69071,0.69092,0,0
2015-07-02,08:00:00,0.69102,0.69117,0.69062,0.69084,0,0
2015-07-02,09:00:00,0.69084,0.69137,0.68885,0.68947,0,0
2015-07-02,10:00:00,0.68947,0.68969,0.68814,0.68846,0,0
2015-07-02,11:00:00,0.68849,0.68861,0.68638,0.68659,0,0
2015-07-02,12:00:00,0.68659,0.68704,0.68618,0.68673,0,0
2015-07-02,13:00:00,0.68672,0.68709,0.68589,0.68676,0,0
2015-07-02,14:00:00,0.6868,0.6868,0.68523,0.6856,0,0
2015-07-02,15:00:00,0.68558,0.68749,0.68542,0.68702,0,0
2015-07-02,16:00:00,0.68702,0.68815,0.68681,0.68721,0,0
2015-07-02,17:00:00,0.68721,0.68807,0.68659,0.6874,0,0
2015-07-02,18:00:00,0.68736,0.68792,0.68678,0.68792,0,0
2015-07-02,19:00:00,0.68792,0.6884,0.68769,0.68808,0,0
2015-07-02,20:00:00,0.68808,0.6883,0.68762,0.68792,0,0
2015-07-02,21:00:00,0.68792,0.68818,0.68754,0.6876,0,0
2015-07-02,22:00:00,0.68759,0.68848,0.68759,0.68841,0,0
2015-07-02,23:00:00,0.68836,0.68913,0.68833,0.68854,0,0
2015-07-02,23:59:00,0.6885,0.68907,0.68838,0.6886,0,0
2015-07-03,01:00:00,0.68863,0.68898,0.68848,0.68859,0,0
2015-07-03,02:00:00,0.68859,0.68896,0.6885,0.68886,0,0
2015-07-03,03:00:00,0.68886,0.68959,0.68868,0.68935,0,0
2015-07-03,04:00:00,0.68936,0.68954,0.68486,0.68507,0,0
2015-07-03,05:00:00,0.68506,0.68522,0.68351,0.68367,0,0
2015-07-03,06:00:00,0.68375,0.68401,0.6824,0.68367,0,0
2015-07-03,07:00:00,0.68368,0.68463,0.68331,0.68395,0,0
2015-07-03,08:00:00,0.68395,0.68441,0.6835,0.684,0,0
2015-07-03,09:00:00,0.68396,0.68403,0.6832,0.68353,0,0
2015-07-03,10:00:00,0.68356,0.68363,0.68047,0.68077,0,0
2015-07-03,11:00:00,0.68077,0.68077,0.67855,0.67891,0,0
2015-07-03,12:00:00,0.67891,0.67947,0.6774,0.67825,0,0
2015-07-03,13:00:00,0.67829,0.67836,0.67598,0.67696,0,0
2015-07-03,14:00:00,0.67701,0.67905,0.67697,0.67803,0,0
2015-07-03,15:00:00,0.67803,0.67891,0.67748,0.67844,0,0
2015-07-03,16:00:00,0.67845,0.67845,0.67674,0.67711,0,0
2015-07-03,17:00:00,0.67705,0.67739,0.67649,0.67728,0,0
2015-07-03,18:00:00,0.67728,0.67736,0.67638,0.67725,0,0
2015-07-03,19:00:00,0.67724,0.67936,0.67675,0.67904,0,0
2015-07-03,20:00:00,0.67911,0.67911,0.67749,0.67797,0,0
2015-07-03,21:00:00,0.67797,0.67842,0.67753,0.67775,0,0
2015-07-03,22:00:00,0.67775,0.67839,0.67712,0.67778,0,0
2015-07-03,23:00:00,0.67779,0.67784,0.67767,0.67767,0,0
2015-07-06,01:00:00,0.67888,0.68046,0.6776,0.67949,0,0
2015-07-06,02:00:00,0.67948,0.68087,0.6793,0.68081,0,0
2015-07-06,03:00:00,0.68075,0.68177,0.68023,0.6816,0,0
2015-07-06,04:00:00,0.6816,0.68161,0.67909,0.67964,0,0
2015-07-06,05:00:00,0.67964,0.67968,0.67755,0.67889,0,0
2015-07-06,06:00:00,0.67889,0.67904,0.67778,0.67798,0,0
2015-07-06,07:00:00,0.678,0.67813,0.67682,0.67809,0,0
2015-07-06,08:00:00,0.67806,0.67829,0.67653,0.6766,0,0
2015-07-06,09:00:00,0.67662,0.67982,0.67645,0.67923,0,0
2015-07-06,10:00:00,0.67931,0.68048,0.67765,0.67774,0,0
2015-07-06,11:00:00,0.67768,0.6788,0.67691,0.67808,0,0
2015-07-06,12:00:00,0.67808,0.68004,0.67769,0.67993,0,0
2015-07-06,13:00:00,0.67993,0.68076,0.67815,0.6789,0,0
2015-07-06,14:00:00,0.67891,0.68025,0.67828,0.68024,0,0
2015-07-06,15:00:00,0.68018,0.68119,0.67997,0.68023,0,0
2015-07-06,16:00:00,0.68024,0.68115,0.68006,0.68038,0,0
2015-07-06,17:00:00,0.68046,0.68123,0.67889,0.67991,0,0
2015-07-06,18:00:00,0.67991,0.68005,0.67875,0.67893,0,0
2015-07-06,19:00:00,0.67893,0.67948,0.67839,0.67875,0,0
2015-07-06,20:00:00,0.67875,0.679,0.67827,0.67839,0,0
2015-07-06,21:00:00,0.67839,0.67901,0.67819,0.67855,0,0
2015-07-06,22:00:00,0.67854,0.67879,0.67781,0.6784,0,0
2015-07-06,23:00:00,0.67842,0.67842,0.67784,0.67826,0,0
2015-07-06,23:59:00,0.67825,0.67854,0.67796,0.67826,0,0
2015-07-07,01:00:00,0.67826,0.67847,0.67762,0.67768,0,0
2015-07-07,02:00:00,0.67768,0.67779,0.67657,0.67664,0,0
2015-07-07,03:00:00,0.67663,0.6777,0.67663,0.67693,0,0
2015-07-07,04:00:00,0.67693,0.6782,0.67669,0.67799,0,0
2015-07-07,05:00:00,0.67805,0.67845,0.67759,0.67791,0,0
2015-07-07,06:00:00,0.67792,0.67806,0.67683,0.67712,0,0
2015-07-07,07:00:00,0.67716,0.67874,0.67666,0.67839,0,0
2015-07-07,08:00:00,0.67836,0.67959,0.67836,0.67855,0,0
2015-07-07,09:00:00,0.67854,0.67987,0.67816,0.67869,0,0
2015-07-07,10:00:00,0.67869,0.679,0.67561,0.67595,0,0
2015-07-07,11:00:00,0.67593,0.67861,0.67518,0.67841,0,0
2015-07-07,12:00:00,0.67836,0.67859,0.67688,0.67715,0,0
2015-07-07,13:00:00,0.67715,0.67781,0.67615,0.67715,0,0
2015-07-07,14:00:00,0.67679,0.67835,0.67671,0.67775,0,0
2015-07-07,15:00:00,0.67776,0.67987,0.67765,0.67947,0,0
2015-07-07,16:00:00,0.67947,0.67965,0.67633,0.67646,0,0
2015-07-07,17:00:00,0.67648,0.6793,0.67643,0.67905,0,0
2015-07-07,18:00:00,0.67913,0.67942,0.67763,0.6791,0,0
2015-07-07,19:00:00,0.67903,0.67903,0.67776,0.67877,0,0
2015-07-07,20:00:00,0.67877,0.67898,0.6778,0.67798,0,0
2015-07-07,21:00:00,0.67798,0.6783,0.67744,0.6778,0,0
2015-07-07,22:00:00,0.67778,0.678,0.67574,0.67629,0,0
2015-07-07,23:00:00,0.67631,0.67697,0.67597,0.67676,0,0
2015-07-07,23:59:00,0.67676,0.67771,0.67639,0.67694,0,0
2015-07-08,01:00:00,0.67697,0.67739,0.67671,0.67685,0,0
2015-07-08,02:00:00,0.67685,0.67753,0.67648,0.67724,0,0
2015-07-08,03:00:00,0.67723,0.67762,0.67605,0.67625,0,0
2015-07-08,04:00:00,0.67627,0.67635,0.67337,0.67476,0,0
2015-07-08,05:00:00,0.67476,0.67564,0.6746,0.67511,0,0
2015-07-08,06:00:00,0.67514,0.67515,0.67359,0.67447,0,0
2015-07-08,07:00:00,0.67446,0.67501,0.67239,0.67302,0,0
2015-07-08,08:00:00,0.67302,0.67408,0.67291,0.67316,0,0
2015-07-08,09:00:00,0.67303,0.67311,0.66969,0.67052,0,0
2015-07-08,10:00:00,0.67047,0.67116,0.66906,0.66934,0,0
2015-07-08,11:00:00,0.66931,0.67073,0.669,0.66998,0,0
2015-07-08,12:00:00,0.67004,0.6724,0.66977,0.67186,0,0
2015-07-08,13:00:00,0.67183,0.67383,0.6712,0.67383,0,0
2015-07-08,14:00:00,0.67382,0.67526,0.67338,0.6735,0,0
2015-07-08,15:00:00,0.67351,0.67368,0.67115,0.6722,0,0
2015-07-08,16:00:00,0.67222,0.67311,0.67119,0.67255,0,0
2015-07-08,17:00:00,0.67261,0.67345,0.67129,0.67211,0,0
2015-07-08,18:00:00,0.67212,0.6728,0.67106,0.67232,0,0
2015-07-08,19:00:00,0.67238,0.67301,0.67191,0.67289,0,0
2015-07-08,20:00:00,0.67292,0.67309,0.67226,0.67266,0,0
2015-07-08,21:00:00,0.67266,0.67297,0.67077,0.67077,0,0
2015-07-08,22:00:00,0.67079,0.67145,0.67064,0.67064,0,0
2015-07-08,23:00:00,0.67068,0.67079,0.67015,0.6707,0,0
2015-07-08,23:59:00,0.6707,0.67108,0.6702,0.67066,0,0
2015-07-09,01:00:00,0.67071,0.67113,0.67045,0.67096,0,0
2015-07-09,02:00:00,0.67096,0.67104,0.67003,0.67029,0,0
2015-07-09,03:00:00,0.67029,0.67039,0.66804,0.66911,0,0
2015-07-09,04:00:00,0.66911,0.67304,0.66882,0.67197,0,0
2015-07-09,05:00:00,0.67197,0.67488,0.67177,0.67365,0,0
2015-07-09,06:00:00,0.67356,0.67473,0.6732,0.67352,0,0
2015-07-09,07:00:00,0.67352,0.67428,0.67269,0.67428,0,0
2015-07-09,08:00:00,0.67428,0.67489,0.67341,0.67428,0,0
2015-07-09,09:00:00,0.67421,0.67466,0.67339,0.67405,0,0
2015-07-09,10:00:00,0.67399,0.67631,0.67387,0.67582,0,0
2015-07-09,11:00:00,0.67581,0.67652,0.67491,0.67493,0,0
2015-07-09,12:00:00,0.67494,0.67555,0.67318,0.67344,0,0
2015-07-09,13:00:00,0.67353,0.67358,0.67172,0.67304,0,0
2015-07-09,14:00:00,0.67297,0.67397,0.67266,0.67374,0,0
2015-07-09,15:00:00,0.67374,0.67604,0.67374,0.67554,0,0
2015-07-09,16:00:00,0.67558,0.67584,0.67335,0.67337,0,0
2015-07-09,17:00:00,0.6734,0.67362,0.67234,0.67248,0,0
2015-07-09,18:00:00,0.67242,0.67506,0.6724,0.67458,0,0
2015-07-09,19:00:00,0.6746,0.67616,0.67451,0.67602,0,0
2015-07-09,20:00:00,0.67611,0.67611,0.67511,0.67585,0,0
2015-07-09,21:00:00,0.67585,0.67597,0.67504,0.67582,0,0
2015-07-09,22:00:00,0.67582,0.67583,0.67476,0.67543,0,0
2015-07-09,23:00:00,0.67548,0.67651,0.6746,0.67483,0,0
2015-07-09,23:59:00,0.67486,0.67538,0.67436,0.67458,0,0
2015-07-10,01:00:00,0.67451,0.67483,0.67347,0.67355,0,0
2015-07-10,02:00:00,0.67355,0.67469,0.67337,0.6744,0,0
2015-07-10,03:00:00,0.6744,0.67519,0.67387,0.67485,0,0
2015-07-10,04:00:00,0.67478,0.67571,0.67454,0.67477,0,0
2015-07-10,05:00:00,0.67475,0.67561,0.67452,0.67478,0,0
2015-07-10,06:00:00,0.67478,0.67495,0.67426,0.67471,0,0
2015-07-10,07:00:00,0.6747,0.67493,0.67416,0.6742,0,0
2015-07-10,08:00:00,0.67413,0.67419,0.67254,0.67331,0,0
2015-07-10,09:00:00,0.67333,0.67353,0.67216,0.67349,0,0
2015-07-10,10:00:00,0.67342,0.67402,0.6705,0.67119,0,0
2015-07-10,11:00:00,0.67121,0.67139,0.67011,0.67055,0,0
2015-07-10,12:00:00,0.67055,0.67064,0.66828,0.66918,0,0
2015-07-10,13:00:00,0.66923,0.66934,0.66801,0.66823,0,0
2015-07-10,14:00:00,0.66823,0.66888,0.6673,0.66773,0,0
2015-07-10,15:00:00,0.66774,0.66804,0.66618,0.66637,0,0
2015-07-10,16:00:00,0.66637,0.66681,0.66371,0.66423,0,0
2015-07-10,17:00:00,0.66423,0.66498,0.66356,0.66416,0,0
2015-07-10,18:00:00,0.66413,0.66626,0.66379,0.66591,0,0
2015-07-10,19:00:00,0.66591,0.66668,0.66504,0.66667,0,0
2015-07-10,20:00:00,0.66667,0.6668,0.66593,0.66615,0,0
2015-07-10,21:00:00,0.66614,0.66833,0.66614,0.66833,0,0
2015-07-10,22:00:00,0.66825,0.66893,0.66778,0.66796,0,0
2015-07-10,23:00:00,0.66796,0.66803,0.66773,0.6678,0,0
2015-07-13,01:00:00,0.66683,0.6683,0.66646,0.66785,0,0
2015-07-13,02:00:00,0.66785,0.66846,0.66682,0.66682,0,0
2015-07-13,03:00:00,0.66671,0.66751,0.66614,0.66751,0,0
2015-07-13,04:00:00,0.66751,0.66859,0.66702,0.66752,0,0
2015-07-13,05:00:00,0.66753,0.66892,0.66753,0.6689,0,0
2015-07-13,06:00:00,0.6689,0.67001,0.66805,0.66813,0,0
2015-07-13,07:00:00,0.6681,0.66873,0.66752,0.6684,0,0
2015-07-13,08:00:00,0.66829,0.6691,0.66791,0.66842,0,0
2015-07-13,09:00:00,0.66842,0.66948,0.66594,0.6668,0,0
2015-07-13,10:00:00,0.66678,0.66927,0.66641,0.66884,0,0
2015-07-13,11:00:00,0.66884,0.67099,0.66825,0.67094,0,0
2015-07-13,12:00:00,0.67094,0.6716,0.67037,0.67127,0,0
2015-07-13,13:00:00,0.67127,0.67214,0.6706,0.67127,0,0
2015-07-13,14:00:00,0.67127,0.67188,0.67062,0.67173,0,0
2015-07-13,15:00:00,0.67173,0.67244,0.67034,0.67058,0,0
2015-07-13,16:00:00,0.67061,0.67113,0.66975,0.6707,0,0
2015-07-13,17:00:00,0.67072,0.67121,0.66948,0.67101,0,0
2015-07-13,18:00:00,0.67084,0.67221,0.67058,0.67212,0,0
2015-07-13,19:00:00,0.67212,0.67286,0.67176,0.67276,0,0
2015-07-13,20:00:00,0.67276,0.6729,0.67207,0.67264,0,0
2015-07-13,21:00:00,0.67265,0.67336,0.67245,0.67336,0,0
2015-07-13,22:00:00,0.67341,0.67375,0.673,0.67358,0,0
2015-07-13,23:00:00,0.67358,0.67364,0.67273,0.67317,0,0
2015-07-13,23:59:00,0.67317,0.6737,0.67244,0.6727,0,0
2015-07-14,01:00:00,0.67258,0.67292,0.67204,0.6721,0,0
2015-07-14,02:00:00,0.6721,0.67329,0.67196,0.67296,0,0
2015-07-14,03:00:00,0.67298,0.67416,0.67272,0.67416,0,0
2015-07-14,04:00:00,0.67416,0.6754,0.67285,0.67467,0,0
2015-07-14,05:00:00,0.67467,0.67539,0.67445,0.67484,0,0
2015-07-14,06:00:00,0.67486,0.67556,0.67454,0.67459,0,0
2015-07-14,07:00:00,0.67456,0.67527,0.67456,0.67463,0,0
2015-07-14,08:00:00,0.67463,0.67537,0.67426,0.67537,0,0
2015-07-14,09:00:00,0.67537,0.67713,0.67499,0.67649,0,0
2015-07-14,10:00:00,0.67651,0.67704,0.67518,0.67551,0,0
2015-07-14,11:00:00,0.67554,0.67554,0.67242,0.67277,0,0
2015-07-14,12:00:00,0.67281,0.67453,0.67268,0.67334,0,0
2015-07-14,13:00:00,0.6733,0.67458,0.67304,0.67438,0,0
2015-07-14,14:00:00,0.6744,0.67449,0.67351,0.67404,0,0
2015-07-14,15:00:00,0.67412,0.67584,0.67366,0.67456,0,0
2015-07-14,16:00:00,0.6745,0.67567,0.67421,0.67486,0,0
2015-07-14,17:00:00,0.67486,0.67739,0.67474,0.67705,0,0
2015-07-14,18:00:00,0.6771,0.67725,0.67573,0.67617,0,0
2015-07-14,19:00:00,0.67617,0.67727,0.67617,0.67684,0,0
2015-07-14,20:00:00,0.67682,0.67725,0.67623,0.67688,0,0
2015-07-14,21:00:00,0.67688,0.67692,0.67638,0.67654,0,0
2015-07-14,22:00:00,0.67651,0.67711,0.67637,0.67693,0,0
2015-07-14,23:00:00,0.67693,0.67721,0.67668,0.67694,0,0
2015-07-14,23:59:00,0.67695,0.67726,0.67663,0.67693,0,0
2015-07-15,01:00:00,0.67679,0.67696,0.67652,0.67662,0,0
2015-07-15,02:00:00,0.6766,0.6768,0.67621,0.67658,0,0
2015-07-15,03:00:00,0.67658,0.67813,0.67632,0.6772,0,0
2015-07-15,04:00:00,0.6772,0.67919,0.67694,0.6778,0,0
2015-07-15,05:00:00,0.6778,0.68063,0.6778,0.67924,0,0
2015-07-15,06:00:00,0.67924,0.6795,0.67846,0.67871,0,0
2015-07-15,07:00:00,0.67871,0.67939,0.67843,0.67901,0,0
2015-07-15,08:00:00,0.67901,0.6793,0.67822,0.67863,0,0
2015-07-15,09:00:00,0.67866,0.67929,0.67826,0.67923,0,0
2015-07-15,10:00:00,0.67919,0.67939,0.67722,0.67735,0,0
2015-07-15,11:00:00,0.67735,0.67735,0.67531,0.6762,0,0
2015-07-15,12:00:00,0.67616,0.67694,0.67611,0.67647,0,0
2015-07-15,13:00:00,0.67648,0.67696,0.67599,0.67648,0,0
2015-07-15,14:00:00,0.67648,0.67809,0.67645,0.67785,0,0
2015-07-15,15:00:00,0.67785,0.67918,0.67759,0.67809,0,0
2015-07-15,16:00:00,0.67809,0.67891,0.67677,0.67713,0,0
2015-07-15,17:00:00,0.67713,0.67713,0.67477,0.67534,0,0
2015-07-15,18:00:00,0.67538,0.67588,0.67171,0.67196,0,0
2015-07-15,19:00:00,0.67187,0.67322,0.67079,0.67298,0,0
2015-07-15,20:00:00,0.67299,0.67391,0.67278,0.67314,0,0
2015-07-15,21:00:00,0.67314,0.67373,0.6731,0.67336,0,0
2015-07-15,22:00:00,0.6733,0.674,0.67319,0.67369,0,0
2015-07-15,23:00:00,0.67372,0.67413,0.67344,0.674,0,0
2015-07-15,23:59:00,0.67384,0.67433,0.67346,0.67432,0,0
2015-07-16,01:00:00,0.6743,0.67473,0.67342,0.67362,0,0
2015-07-16,02:00:00,0.67362,0.67419,0.67335,0.67382,0,0
2015-07-16,03:00:00,0.67381,0.6743,0.67328,0.67396,0,0
2015-07-16,04:00:00,0.67382,0.67447,0.67337,0.67444,0,0
2015-07-16,05:00:00,0.67441,0.6746,0.67377,0.67451,0,0
2015-07-16,06:00:00,0.67451,0.67485,0.6738,0.67404,0,0
2015-07-16,07:00:00,0.67403,0.67417,0.67296,0.67345,0,0
2015-07-16,08:00:00,0.67343,0.67426,0.67275,0.67363,0,0
2015-07-16,09:00:00,0.6736,0.67571,0.67343,0.67511,0,0
2015-07-16,10:00:00,0.6751,0.67667,0.67454,0.67654,0,0
2015-07-16,11:00:00,0.67653,0.67742,0.67619,0.67738,0,0
2015-07-16,12:00:00,0.67738,0.67863,0.67728,0.67806,0,0
2015-07-16,13:00:00,0.6781,0.68013,0.67797,0.67946,0,0
2015-07-16,14:00:00,0.67946,0.68,0.67881,0.67955,0,0
2015-07-16,15:00:00,0.67956,0.68124,0.67854,0.68124,0,0
2015-07-16,16:00:00,0.68129,0.68186,0.68026,0.68033,0,0
2015-07-16,17:00:00,0.68035,0.68123,0.68027,0.68047,0,0
2015-07-16,18:00:00,0.68047,0.682,0.68047,0.68171,0,0
2015-07-16,19:00:00,0.68171,0.68273,0.68158,0.68197,0,0
2015-07-16,20:00:00,0.68196,0.68221,0.68027,0.68046,0,0
2015-07-16,21:00:00,0.68041,0.68091,0.6804,0.68087,0,0
2015-07-16,22:00:00,0.6809,0.68126,0.68048,0.68048,0,0
2015-07-16,23:00:00,0.68058,0.68098,0.68041,0.68095,0,0
2015-07-16,23:59:00,0.68091,0.68128,0.68067,0.68093,0,0
2015-07-17,01:00:00,0.68094,0.68157,0.68091,0.68125,0,0
2015-07-17,02:00:00,0.68123,0.68138,0.68071,0.68116,0,0
2015-07-17,03:00:00,0.6812,0.68156,0.68092,0.68117,0,0
2015-07-17,04:00:00,0.68117,0.68147,0.68048,0.68054,0,0
2015-07-17,05:00:00,0.68054,0.68089,0.68035,0.68053,0,0
2015-07-17,06:00:00,0.68052,0.68066,0.67988,0.67991,0,0
2015-07-17,07:00:00,0.67994,0.68079,0.67958,0.68079,0,0
2015-07-17,08:00:00,0.68079,0.68125,0.68051,0.68125,0,0
2015-07-17,09:00:00,0.68118,0.68126,0.67992,0.68058,0,0
2015-07-17,10:00:00,0.68058,0.68067,0.67906,0.67995,0,0
2015-07-17,11:00:00,0.67995,0.68055,0.6789,0.67916,0,0
2015-07-17,12:00:00,0.67915,0.67957,0.67837,0.6793,0,0
2015-07-17,13:00:00,0.67932,0.68016,0.67896,0.67953,0,0
2015-07-17,14:00:00,0.67953,0.68015,0.67944,0.67957,0,0
2015-07-17,15:00:00,0.67957,0.68029,0.67898,0.67938,0,0
2015-07-17,16:00:00,0.67933,0.68005,0.67884,0.67905,0,0
2015-07-17,17:00:00,0.67905,0.68043,0.679,0.68016,0,0
2015-07-17,18:00:00,0.68022,0.68064,0.67927,0.67942,0,0
2015-07-17,19:00:00,0.67934,0.68032,0.67934,0.67978,0,0
2015-07-17,20:00:00,0.67976,0.68017,0.67966,0.67996,0,0
2015-07-17,21:00:00,0.67996,0.68018,0.67963,0.6801,0,0
2015-07-17,22:00:00,0.68014,0.68074,0.67992,0.6807,0,0
2015-07-17,23:00:00,0.68071,0.68072,0.68068,0.68069,0,0
2015-07-20,01:00:00,0.68078,0.68078,0.68015,0.68061,0,0
2015-07-20,02:00:00,0.68061,0.6808,0.68,0.68031,0,0
2015-07-20,03:00:00,0.68037,0.68085,0.68005,0.68055,0,0
2015-07-20,04:00:00,0.68054,0.68102,0.67917,0.67957,0,0
2015-07-20,05:00:00,0.67944,0.68018,0.67786,0.67817,0,0
2015-07-20,06:00:00,0.67804,0.67846,0.67728,0.67814,0,0
2015-07-20,07:00:00,0.67811,0.6796,0.67793,0.6795,0,0
2015-07-20,08:00:00,0.67946,0.68002,0.67888,0.67995,0,0
2015-07-20,09:00:00,0.67988,0.68173,0.67977,0.68161,0,0
2015-07-20,10:00:00,0.68216,0.68216,0.68017,0.68059,0,0
2015-07-20,11:00:00,0.68044,0.6806,0.67922,0.68005,0,0
2015-07-20,12:00:00,0.67992,0.6813,0.67952,0.68024,0,0
2015-07-20,13:00:00,0.68034,0.68142,0.68005,0.68043,0,0
2015-07-20,14:00:00,0.68052,0.68117,0.68018,0.68018,0,0
2015-07-20,15:00:00,0.68024,0.68079,0.67955,0.68033,0,0
2015-07-20,16:00:00,0.68024,0.68123,0.6782,0.67839,0,0
2015-07-20,17:00:00,0.67825,0.6796,0.67756,0.67886,0,0
2015-07-20,18:00:00,0.67885,0.68047,0.67881,0.68021,0,0
2015-07-20,19:00:00,0.68017,0.68054,0.67992,0.68038,0,0
2015-07-20,20:00:00,0.68046,0.6808,0.68028,0.68075,0,0
2015-07-20,21:00:00,0.68075,0.68128,0.68075,0.68098,0,0
2015-07-20,22:00:00,0.68101,0.68123,0.68059,0.68072,0,0
2015-07-20,23:00:00,0.68072,0.68176,0.68072,0.68099,0,0
2015-07-20,23:59:00,0.681,0.68144,0.68068,0.68095,0,0
