Date,Time,Open,High,Low,Close,Volume,OpenInt
2015-04-22,01:00:00,0.51688,0.51718,0.51672,0.51694,0,0
2015-04-22,02:00:00,0.51695,0.517,0.51648,0.51658,0,0
2015-04-22,03:00:00,0.51658,0.51721,0.51645,0.51716,0,0
2015-04-22,04:00:00,0.51716,0.52064,0.51694,0.52008,0,0
2015-04-22,05:00:00,0.52003,0.52035,0.51977,0.51986,0,0
2015-04-22,06:00:00,0.51987,0.52002,0.51951,0.51972,0,0
2015-04-22,07:00:00,0.51967,0.52025,0.51952,0.52008,0,0
2015-04-22,08:00:00,0.52011,0.52034,0.51981,0.51993,0,0
2015-04-22,09:00:00,0.51992,0.52077,0.5198,0.52035,0,0
2015-04-22,10:00:00,0.52034,0.5205,0.51984,0.52017,0,0
2015-04-22,11:00:00,0.52017,0.52071,0.51929,0.51996,0,0
2015-04-22,12:00:00,0.51999,0.52,0.51835,0.51888,0,0
2015-04-22,13:00:00,0.51888,0.51905,0.51821,0.51821,0,0
2015-04-22,14:00:00,0.51821,0.5183,0.51642,0.51654,0,0
2015-04-22,15:00:00,0.51654,0.51721,0.51625,0.51681,0,0
2015-04-22,16:00:00,0.51681,0.51699,0.51616,0.51677,0,0
2015-04-22,17:00:00,0.51673,0.51678,0.51589,0.51622,0,0
2015-04-22,18:00:00,0.51622,0.51719,0.51557,0.51719,0,0
2015-04-22,19:00:00,0.51719,0.51721,0.51675,0.51696,0,0
2015-04-22,20:00:00,0.51695,0.51714,0.51672,0.51687,0,0
2015-04-22,21:00:00,0.51689,0.51689,0.51624,0.51655,0,0
2015-04-22,22:00:00,0.51658,0.51667,0.51612,0.51625,0,0
2015-04-22,23:00:00,0.51625,0.5163,0.51533,0.51578,0,0
2015-04-22,23:59:00,0.51578,0.51597,0.51519,0.5154,0,0
2015-04-23,01:00:00,0.51539,0.5154,0.51499,0.51515,0,0
2015-04-23,02:00:00,0.51515,0.51574,0.5151,0.51524,0,0
2015-04-23,03:00:00,0.51518,0.51528,0.514,0.51473,0,0
2015-04-23,04:00:00,0.51463,0.51532,0.51408,0.51475,0,0
2015-04-23,05:00:00,0.51475,0.51528,0.51424,0.51457,0,0
2015-04-23,06:00:00,0.51457,0.51553,0.5145,0.5155,0,0
2015-04-23,07:00:00,0.5155,0.51628,0.51543,0.51621,0,0
2015-04-23,08:00:00,0.51621,0.51634,0.51543,0.51547,0,0
2015-04-23,09:00:00,0.51547,0.51577,0.51508,0.51531,0,0
2015-04-23,10:00:00,0.51533,0.51632,0.51525,0.51599,0,0
2015-04-23,11:00:00,0.51599,0.51731,0.5156,0.51574,0,0
2015-04-23,12:00:00,0.51574,0.5159,0.51451,0.51466,0,0
2015-04-23,13:00:00,0.5147,0.515,0.51403,0.5146,0,0
2015-04-23,14:00:00,0.51462,0.51515,0.51448,0.51452,0,0
2015-04-23,15:00:00,0.51452,0.51499,0.514,0.51497,0,0
2015-04-23,16:00:00,0.51499,0.51637,0.51491,0.51618,0,0
2015-04-23,17:00:00,0.51614,0.51655,0.51564,0.51604,0,0
2015-04-23,18:00:00,0.51604,0.51726,0.51598,0.51719,0,0
2015-04-23,19:00:00,0.51719,0.51747,0.51673,0.51686,0,0
2015-04-23,20:00:00,0.51686,0.51718,0.51662,0.51696,0,0
2015-04-23,21:00:00,0.51697,0.51697,0.51609,0.5167,0,0
2015-04-23,22:00:00,0.51665,0.51674,0.51637,0.51664,0,0
2015-04-23,23:00:00,0.51666,0.51703,0.51646,0.51662,0,0
2015-04-23,23:59:00,0.51662,0.51682,0.51644,0.5167,0,0
2015-04-24,01:00:00,0.51668,0.51686,0.51645,0.51662,0,0
2015-04-24,02:00:00,0.51662,0.51681,0.51644,0.5166,0,0
2015-04-24,03:00:00,0.51659,0.51762,0.51649,0.51744,0,0
2015-04-24,04:00:00,0.51745,0.51763,0.517,0.51706,0,0
2015-04-24,05:00:00,0.51707,0.51712,0.51652,0.51676,0,0
2015-04-24,06:00:00,0.51676,0.51725,0.51666,0.51701,0,0
2015-04-24,07:00:00,0.517,0.51707,0.51656,0.5168,0,0
2015-04-24,08:00:00,0.5168,0.51698,0.51658,0.51667,0,0
2015-04-24,09:00:00,0.51667,0.51753,0.5162,0.51669,0,0
2015-04-24,10:00:00,0.51669,0.51682,0.51545,0.51569,0,0
2015-04-24,11:00:00,0.5157,0.51663,0.51422,0.51426,0,0
2015-04-24,12:00:00,0.51436,0.51489,0.51421,0.51488,0,0
2015-04-24,13:00:00,0.51487,0.51505,0.51435,0.51464,0,0
2015-04-24,14:00:00,0.51464,0.51534,0.51398,0.5153,0,0
2015-04-24,15:00:00,0.5153,0.51596,0.5149,0.51495,0,0
2015-04-24,16:00:00,0.51497,0.51592,0.51466,0.5157,0,0
2015-04-24,17:00:00,0.51567,0.51607,0.5154,0.51581,0,0
2015-04-24,18:00:00,0.51581,0.5166,0.51556,0.51556,0,0
2015-04-24,19:00:00,0.51556,0.51589,0.51519,0.51534,0,0
2015-04-24,20:00:00,0.51531,0.51548,0.51501,0.51544,0,0
2015-04-24,21:00:00,0.51547,0.51589,0.51523,0.51572,0,0
2015-04-24,22:00:00,0.51572,0.51588,0.51514,0.51553,0,0
2015-04-24,23:00:00,0.51553,0.51576,0.51553,0.51576,0,0
2015-04-27,01:00:00,0.51555,0.51583,0.51522,0.51567,0,0
2015-04-27,02:00:00,0.51567,0.51631,0.51559,0.51602,0,0
2015-04-27,03:00:00,0.51613,0.51616,0.51559,0.5156,0,0
2015-04-27,04:00:00,0.51563,0.51598,0.51547,0.51583,0,0
2015-04-27,05:00:00,0.51583,0.51604,0.51525,0.51539,0,0
2015-04-27,06:00:00,0.51538,0.51538,0.5147,0.515,0,0
2015-04-27,07:00:00,0.51501,0.51525,0.51465,0.51499,0,0
2015-04-27,08:00:00,0.51499,0.51579,0.51492,0.51554,0,0
2015-04-27,09:00:00,0.51553,0.51578,0.51466,0.51506,0,0
2015-04-27,10:00:00,0.51504,0.51611,0.51454,0.51572,0,0
2015-04-27,11:00:00,0.51573,0.51618,0.51545,0.5158,0,0
2015-04-27,12:00:00,0.51579,0.51678,0.51558,0.5164,0,0
2015-04-27,13:00:00,0.51639,0.51671,0.51609,0.51653,0,0
2015-04-27,14:00:00,0.51654,0.51691,0.51638,0.51672,0,0
2015-04-27,15:00:00,0.51668,0.51685,0.51616,0.51616,0,0
2015-04-27,16:00:00,0.51621,0.51649,0.51576,0.51638,0,0
2015-04-27,17:00:00,0.51639,0.51817,0.51615,0.51706,0,0
2015-04-27,18:00:00,0.51704,0.5171,0.51566,0.51578,0,0
2015-04-27,19:00:00,0.51578,0.51643,0.51527,0.51542,0,0
2015-04-27,20:00:00,0.51543,0.51594,0.51503,0.51558,0,0
2015-04-27,21:00:00,0.51557,0.51614,0.51539,0.5157,0,0
2015-04-27,22:00:00,0.51576,0.51601,0.51554,0.51558,0,0
2015-04-27,23:00:00,0.51555,0.51577,0.51537,0.51577,0,0
2015-04-27,23:59:00,0.51577,0.51581,0.5153,0.51538,0,0
2015-04-28,01:00:00,0.51545,0.51623,0.51478,0.51585,0,0
2015-04-28,02:00:00,0.51585,0.51699,0.51578,0.51668,0,0
2015-04-28,03:00:00,0.51668,0.51699,0.51627,0.51628,0,0
2015-04-28,04:00:00,0.51631,0.51675,0.51624,0.51662,0,0
2015-04-28,05:00:00,0.51668,0.51692,0.51642,0.5169,0,0
2015-04-28,06:00:00,0.5169,0.51697,0.51628,0.51633,0,0
2015-04-28,07:00:00,0.51633,0.51665,0.51613,0.51648,0,0
2015-04-28,08:00:00,0.51648,0.51712,0.51644,0.51703,0,0
2015-04-28,09:00:00,0.51707,0.51727,0.51668,0.51686,0,0
2015-04-28,10:00:00,0.51687,0.51767,0.51665,0.5169,0,0
2015-04-28,11:00:00,0.51688,0.51996,0.51684,0.5192,0,0
2015-04-28,12:00:00,0.5192,0.51947,0.51859,0.51906,0,0
2015-04-28,13:00:00,0.51906,0.51959,0.51778,0.51948,0,0
2015-04-28,14:00:00,0.51948,0.52091,0.51936,0.51999,0,0
2015-04-28,15:00:00,0.52003,0.52068,0.51965,0.52059,0,0
2015-04-28,16:00:00,0.52059,0.52141,0.52025,0.52101,0,0
2015-04-28,17:00:00,0.52098,0.52252,0.5207,0.52221,0,0
2015-04-28,18:00:00,0.52217,0.52332,0.52215,0.523,0,0
2015-04-28,19:00:00,0.523,0.52314,0.52263,0.52291,0,0
2015-04-28,20:00:00,0.52288,0.52345,0.52263,0.52335,0,0
2015-04-28,21:00:00,0.5233,0.52333,0.52252,0.52258,0,0
2015-04-28,22:00:00,0.52259,0.52297,0.52251,0.52295,0,0
2015-04-28,23:00:00,0.52295,0.52328,0.52287,0.52297,0,0
2015-04-28,23:59:00,0.52297,0.52311,0.5227,0.52305,0,0
2015-04-29,01:00:00,0.52311,0.52324,0.52235,0.52276,0,0
2015-04-29,02:00:00,0.52276,0.52278,0.52143,0.52165,0,0
2015-04-29,03:00:00,0.52159,0.52237,0.52107,0.52224,0,0
2015-04-29,04:00:00,0.52224,0.52226,0.52101,0.52116,0,0
2015-04-29,05:00:00,0.52115,0.52125,0.5205,0.52062,0,0
2015-04-29,06:00:00,0.52062,0.5211,0.5203,0.52099,0,0
2015-04-29,07:00:00,0.52099,0.52108,0.52055,0.52069,0,0
2015-04-29,08:00:00,0.52074,0.52116,0.52054,0.5211,0,0
2015-04-29,09:00:00,0.52109,0.52121,0.52037,0.5206,0,0
2015-04-29,10:00:00,0.52064,0.52064,0.51931,0.51954,0,0
2015-04-29,11:00:00,0.51954,0.51976,0.51876,0.51897,0,0
2015-04-29,12:00:00,0.51898,0.51975,0.51883,0.51917,0,0
2015-04-29,13:00:00,0.51919,0.51991,0.51908,0.51957,0,0
2015-04-29,14:00:00,0.51957,0.52076,0.51949,0.52053,0,0
2015-04-29,15:00:00,0.52053,0.52165,0.52005,0.52084,0,0
2015-04-29,16:00:00,0.52084,0.52215,0.52053,0.52203,0,0
2015-04-29,17:00:00,0.52204,0.52281,0.52117,0.52156,0,0
2015-04-29,18:00:00,0.52153,0.52154,0.52041,0.5209,0,0
2015-04-29,19:00:00,0.5209,0.52139,0.52053,0.52121,0,0
2015-04-29,20:00:00,0.5212,0.52169,0.52066,0.52169,0,0
2015-04-29,21:00:00,0.52137,0.52162,0.51993,0.52077,0,0
2015-04-29,22:00:00,0.52075,0.52079,0.51967,0.51978,0,0
2015-04-29,23:00:00,0.51979,0.52018,0.51869,0.51869,0,0
2015-04-29,23:59:00,0.51869,0.51906,0.5171,0.51812,0,0
2015-04-30,01:00:00,0.51813,0.51859,0.51804,0.51835,0,0
2015-04-30,02:00:00,0.51834,0.51859,0.5182,0.51834,0,0
2015-04-30,03:00:00,0.51831,0.51928,0.51818,0.51927,0,0
2015-04-30,04:00:00,0.51928,0.51952,0.51779,0.51786,0,0
2015-04-30,05:00:00,0.51788,0.51861,0.51732,0.51841,0,0
2015-04-30,06:00:00,0.51843,0.51862,0.51815,0.51855,0,0
2015-04-30,07:00:00,0.51855,0.51896,0.51776,0.51848,0,0
2015-04-30,08:00:00,0.51847,0.51855,0.51754,0.51782,0,0
2015-04-30,09:00:00,0.51759,0.51782,0.51627,0.51659,0,0
2015-04-30,10:00:00,0.51657,0.51689,0.51428,0.51451,0,0
2015-04-30,11:00:00,0.51451,0.51517,0.51315,0.51379,0,0
2015-04-30,12:00:00,0.5138,0.51465,0.51314,0.51458,0,0
2015-04-30,13:00:00,0.51457,0.5148,0.51281,0.51326,0,0
2015-04-30,14:00:00,0.51326,0.51365,0.51281,0.51365,0,0
2015-04-30,15:00:00,0.51365,0.51421,0.51303,0.51394,0,0
2015-04-30,16:00:00,0.51386,0.51418,0.51285,0.51316,0,0
2015-04-30,17:00:00,0.51318,0.51443,0.51304,0.5132,0,0
2015-04-30,18:00:00,0.5132,0.51343,0.51263,0.51319,0,0
2015-04-30,19:00:00,0.51326,0.51514,0.51313,0.51494,0,0
2015-04-30,20:00:00,0.51494,0.51574,0.51473,0.51568,0,0
2015-04-30,21:00:00,0.51571,0.51588,0.51513,0.51529,0,0
2015-04-30,22:00:00,0.51536,0.51561,0.51485,0.51549,0,0
2015-04-30,23:00:00,0.5155,0.51552,0.51475,0.51494,0,0
2015-04-30,23:59:00,0.51494,0.51581,0.51476,0.51489,0,0
2015-05-01,01:00:00,0.51485,0.51488,0.51436,0.5146,0,0
2015-05-01,02:00:00,0.5146,0.51501,0.51435,0.51435,0,0
2015-05-01,03:00:00,0.51435,0.51448,0.51374,0.51388,0,0
2015-05-01,04:00:00,0.51393,0.51458,0.5137,0.51406,0,0
2015-05-01,05:00:00,0.51406,0.51442,0.51334,0.51432,0,0
2015-05-01,06:00:00,0.51432,0.51456,0.51402,0.5144,0,0
2015-05-01,07:00:00,0.5144,0.51442,0.51391,0.51398,0,0
2015-05-01,08:00:00,0.51398,0.51478,0.51371,0.51454,0,0
2015-05-01,09:00:00,0.51456,0.51506,0.51293,0.51293,0,0
2015-05-01,10:00:00,0.51293,0.51317,0.51215,0.51243,0,0
2015-05-01,11:00:00,0.51231,0.5161,0.51231,0.51599,0,0
2015-05-01,12:00:00,0.51596,0.51601,0.51498,0.51506,0,0
2015-05-01,13:00:00,0.51505,0.51636,0.51495,0.51636,0,0
2015-05-01,14:00:00,0.5164,0.5164,0.51536,0.51572,0,0
2015-05-01,15:00:00,0.51572,0.51661,0.51549,0.51572,0,0
2015-05-01,16:00:00,0.51572,0.51738,0.51554,0.51735,0,0
2015-05-01,17:00:00,0.51738,0.51752,0.51491,0.51629,0,0
2015-05-01,18:00:00,0.51629,0.51678,0.51578,0.51618,0,0
2015-05-01,19:00:00,0.51618,0.51731,0.51593,0.51723,0,0
2015-05-01,20:00:00,0.51726,0.5174,0.51672,0.51673,0,0
2015-05-01,21:00:00,0.51674,0.51741,0.51667,0.517,0,0
2015-05-01,22:00:00,0.51697,0.51756,0.51697,0.51747,0,0
2015-05-01,23:00:00,0.51745,0.51748,0.51743,0.51743,0,0
2015-05-04,01:00:00,0.5174,0.51763,0.51664,0.5167,0,0
2015-05-04,02:00:00,0.5167,0.51721,0.51641,0.51652,0,0
2015-05-04,03:00:00,0.51652,0.51659,0.51555,0.51571,0,0
2015-05-04,04:00:00,0.51572,0.51706,0.51486,0.51589,0,0
2015-05-04,05:00:00,0.51589,0.5166,0.51533,0.51622,0,0
2015-05-04,06:00:00,0.51622,0.51668,0.51602,0.51668,0,0
2015-05-04,07:00:00,0.51668,0.51679,0.51623,0.5163,0,0
2015-05-04,08:00:00,0.5163,0.51703,0.5162,0.51695,0,0
2015-05-04,09:00:00,0.51696,0.51724,0.51663,0.51718,0,0
2015-05-04,10:00:00,0.5172,0.51794,0.51657,0.51672,0,0
2015-05-04,11:00:00,0.5167,0.51752,0.51665,0.51691,0,0
2015-05-04,12:00:00,0.51692,0.51804,0.51692,0.51799,0,0
2015-05-04,13:00:00,0.51799,0.51838,0.51782,0.51826,0,0
2015-05-04,14:00:00,0.51827,0.51878,0.51759,0.51877,0,0
2015-05-04,15:00:00,0.51877,0.51901,0.51737,0.51786,0,0
2015-05-04,16:00:00,0.51775,0.51831,0.51759,0.51831,0,0
2015-05-04,17:00:00,0.51835,0.51903,0.51823,0.51873,0,0
2015-05-04,18:00:00,0.5188,0.51897,0.51833,0.51853,0,0
2015-05-04,19:00:00,0.51853,0.519,0.51842,0.51893,0,0
2015-05-04,20:00:00,0.51892,0.51911,0.51877,0.51888,0,0
2015-05-04,21:00:00,0.51888,0.51913,0.51876,0.51888,0,0
2015-05-04,22:00:00,0.51888,0.51905,0.51862,0.51869,0,0
2015-05-04,23:00:00,0.51869,0.51884,0.51802,0.51836,0,0
2015-05-04,23:59:00,0.51836,0.51853,0.51807,0.51813,0,0
2015-05-05,01:00:00,0.51808,0.51871,0.51808,0.51864,0,0
2015-05-05,02:00:00,0.51864,0.51879,0.5184,0.5184,0,0
2015-05-05,03:00:00,0.51841,0.51892,0.5182,0.51825,0,0
2015-05-05,04:00:00,0.51825,0.51868,0.51779,0.51854,0,0
2015-05-05,05:00:00,0.51855,0.5193,0.5184,0.51923,0,0
2015-05-05,06:00:00,0.51921,0.51969,0.5188,0.5195,0,0
2015-05-05,07:00:00,0.51951,0.5229,0.51577,0.52266,0,0
2015-05-05,08:00:00,0.52265,0.52343,0.52176,0.52192,0,0
2015-05-05,09:00:00,0.52189,0.52264,0.52038,0.52078,0,0
2015-05-05,10:00:00,0.52078,0.52135,0.52003,0.52025,0,0
2015-05-05,11:00:00,0.52028,0.52138,0.52017,0.52061,0,0
2015-05-05,12:00:00,0.52064,0.52101,0.52018,0.52085,0,0
2015-05-05,13:00:00,0.52087,0.52097,0.52011,0.52011,0,0
2015-05-05,14:00:00,0.52011,0.52127,0.52009,0.52106,0,0
2015-05-05,15:00:00,0.52106,0.5218,0.52027,0.52174,0,0
2015-05-05,16:00:00,0.52168,0.52204,0.52091,0.52094,0,0
2015-05-05,17:00:00,0.52085,0.52279,0.5201,0.52252,0,0
2015-05-05,18:00:00,0.52252,0.52371,0.52229,0.52324,0,0
2015-05-05,19:00:00,0.52321,0.52351,0.52263,0.52277,0,0
2015-05-05,20:00:00,0.52277,0.52326,0.52238,0.52318,0,0
2015-05-05,21:00:00,0.52317,0.52367,0.52315,0.52341,0,0
2015-05-05,22:00:00,0.52339,0.52363,0.52332,0.52354,0,0
2015-05-05,23:00:00,0.52354,0.52354,0.52274,0.52312,0,0
2015-05-05,23:59:00,0.52312,0.52342,0.52292,0.52314,0,0
2015-05-06,01:00:00,0.52319,0.52322,0.5221,0.5228,0,0
2015-05-06,02:00:00,0.52278,0.52295,0.52209,0.52275,0,0
2015-05-06,03:00:00,0.52272,0.52353,0.52272,0.52324,0,0
2015-05-06,04:00:00,0.52323,0.52406,0.52258,0.52342,0,0
2015-05-06,05:00:00,0.52342,0.52447,0.52324,0.52419,0,0
2015-05-06,06:00:00,0.5242,0.52446,0.52377,0.52417,0,0
2015-05-06,07:00:00,0.5242,0.52428,0.52347,0.52382,0,0
2015-05-06,08:00:00,0.52382,0.52389,0.52305,0.52321,0,0
2015-05-06,09:00:00,0.52322,0.52381,0.52305,0.5233,0,0
2015-05-06,10:00:00,0.5233,0.52562,0.52306,0.52551,0,0
2015-05-06,11:00:00,0.52551,0.52683,0.52524,0.5258,0,0
2015-05-06,12:00:00,0.5258,0.52612,0.52503,0.52511,0,0
2015-05-06,13:00:00,0.52509,0.52524,0.52449,0.5247,0,0
2015-05-06,14:00:00,0.52473,0.52598,0.5247,0.52551,0,0
2015-05-06,15:00:00,0.52551,0.5264,0.52502,0.52612,0,0
2015-05-06,16:00:00,0.52612,0.52681,0.52506,0.52508,0,0
2015-05-06,17:00:00,0.52515,0.52571,0.52469,0.52569,0,0
2015-05-06,18:00:00,0.52574,0.52597,0.52476,0.52509,0,0
2015-05-06,19:00:00,0.52507,0.52515,0.5235,0.5235,0,0
2015-05-06,20:00:00,0.5235,0.52374,0.52276,0.52311,0,0
2015-05-06,21:00:00,0.52311,0.52333,0.52218,0.52258,0,0
2015-05-06,22:00:00,0.52258,0.52289,0.52235,0.52289,0,0
2015-05-06,23:00:00,0.52289,0.5229,0.52224,0.5227,0,0
2015-05-06,23:59:00,0.52267,0.52335,0.52267,0.52281,0,0
2015-05-07,01:00:00,0.52282,0.52315,0.52269,0.5229,0,0
2015-05-07,02:00:00,0.5229,0.5229,0.52185,0.5219,0,0
2015-05-07,03:00:00,0.5219,0.52266,0.52168,0.52261,0,0
2015-05-07,04:00:00,0.52259,0.52327,0.52051,0.52299,0,0
2015-05-07,05:00:00,0.52299,0.52447,0.52262,0.52406,0,0
2015-05-07,06:00:00,0.52405,0.52498,0.52377,0.52379,0,0
2015-05-07,07:00:00,0.52376,0.52415,0.52341,0.52356,0,0
2015-05-07,08:00:00,0.52354,0.52416,0.52327,0.52346,0,0
2015-05-07,09:00:00,0.52346,0.52479,0.52344,0.52415,0,0
2015-05-07,10:00:00,0.52414,0.52423,0.52251,0.52275,0,0
2015-05-07,11:00:00,0.52275,0.52353,0.5223,0.52311,0,0
2015-05-07,12:00:00,0.52311,0.52314,0.52116,0.52193,0,0
2015-05-07,13:00:00,0.52193,0.52332,0.52143,0.52307,0,0
2015-05-07,14:00:00,0.52307,0.52352,0.52209,0.52291,0,0
2015-05-07,15:00:00,0.52291,0.52369,0.52161,0.52268,0,0
2015-05-07,16:00:00,0.52268,0.52327,0.52242,0.5225,0,0
2015-05-07,17:00:00,0.52251,0.52259,0.52015,0.52068,0,0
2015-05-07,18:00:00,0.52069,0.52078,0.51948,0.51967,0,0
2015-05-07,19:00:00,0.51972,0.51989,0.51951,0.5196,0,0
2015-05-07,20:00:00,0.51964,0.51967,0.51864,0.51879,0,0
2015-05-07,21:00:00,0.51877,0.51885,0.51759,0.51787,0,0
2015-05-07,22:00:00,0.51792,0.51797,0.51752,0.51782,0,0
2015-05-07,23:00:00,0.51782,0.51858,0.51776,0.51846,0,0
2015-05-07,23:59:00,0.51863,0.51871,0.51204,0.51325,0,0
2015-05-08,01:00:00,0.51309,0.5142,0.51273,0.51375,0,0
2015-05-08,02:00:00,0.51376,0.51437,0.51283,0.51313,0,0
2015-05-08,03:00:00,0.51313,0.51328,0.5124,0.51278,0,0
2015-05-08,04:00:00,0.51278,0.51433,0.51013,0.51124,0,0
2015-05-08,05:00:00,0.51124,0.51124,0.50889,0.50894,0,0
2015-05-08,06:00:00,0.50895,0.50992,0.5085,0.50984,0,0
2015-05-08,07:00:00,0.50984,0.51035,0.5085,0.50998,0,0
2015-05-08,08:00:00,0.50998,0.51126,0.50983,0.5109,0,0
2015-05-08,09:00:00,0.5109,0.51301,0.51073,0.51183,0,0
2015-05-08,10:00:00,0.51184,0.5126,0.51134,0.51182,0,0
2015-05-08,11:00:00,0.51182,0.51216,0.51066,0.51107,0,0
2015-05-08,12:00:00,0.51106,0.51331,0.51099,0.51319,0,0
2015-05-08,13:00:00,0.51321,0.51418,0.51282,0.51302,0,0
2015-05-08,14:00:00,0.51304,0.51318,0.51242,0.51307,0,0
2015-05-08,15:00:00,0.51307,0.51481,0.51189,0.51459,0,0
2015-05-08,16:00:00,0.5146,0.51636,0.51419,0.51468,0,0
2015-05-08,17:00:00,0.51466,0.51469,0.51242,0.51245,0,0
2015-05-08,18:00:00,0.5124,0.51257,0.51147,0.51203,0,0
2015-05-08,19:00:00,0.51202,0.51296,0.51177,0.51247,0,0
2015-05-08,20:00:00,0.51265,0.51278,0.51233,0.51249,0,0
2015-05-08,21:00:00,0.5125,0.51263,0.51219,0.51236,0,0
2015-05-08,22:00:00,0.51236,0.51329,0.51229,0.51302,0,0
2015-05-08,23:00:00,0.513,0.51301,0.513,0.51301,0,0
2015-05-11,01:00:00,0.51288,0.5133,0.51267,0.51314,0,0
2015-05-11,02:00:00,0.51314,0.51378,0.51273,0.51334,0,0
2015-05-11,03:00:00,0.51333,0.51368,0.51309,0.51366,0,0
2015-05-11,04:00:00,0.51309,0.51316,0.51181,0.51211,0,0
2015-05-11,05:00:00,0.51213,0.51261,0.51176,0.51187,0,0
2015-05-11,06:00:00,0.51187,0.51188,0.51126,0.51142,0,0
2015-05-11,07:00:00,0.51147,0.51202,0.51133,0.5119,0,0
2015-05-11,08:00:00,0.5119,0.51209,0.51136,0.51171,0,0
2015-05-11,09:00:00,0.5117,0.51283,0.51155,0.51269,0,0
2015-05-11,10:00:00,0.51272,0.51308,0.51144,0.51165,0,0
2015-05-11,11:00:00,0.51163,0.51288,0.51123,0.51288,0,0
2015-05-11,12:00:00,0.51289,0.51335,0.51073,0.51077,0,0
2015-05-11,13:00:00,0.51078,0.51108,0.50982,0.51012,0,0
2015-05-11,14:00:00,0.51012,0.51083,0.50994,0.51032,0,0
2015-05-11,15:00:00,0.51028,0.5107,0.50953,0.50971,0,0
2015-05-11,16:00:00,0.50971,0.51015,0.50848,0.5085,0,0
2015-05-11,17:00:00,0.50854,0.50885,0.50788,0.50863,0,0
2015-05-11,18:00:00,0.50863,0.50902,0.50641,0.50652,0,0
2015-05-11,19:00:00,0.50649,0.50701,0.50586,0.507,0,0
2015-05-11,20:00:00,0.507,0.50736,0.50667,0.50711,0,0
2015-05-11,21:00:00,0.50713,0.50789,0.50695,0.50698,0,0
2015-05-11,22:00:00,0.50695,0.5071,0.50622,0.50634,0,0
2015-05-11,23:00:00,0.50629,0.50675,0.50621,0.50625,0,0
2015-05-11,23:59:00,0.50625,0.50662,0.50615,0.50654,0,0
2015-05-12,01:00:00,0.50646,0.50664,0.50625,0.50636,0,0
2015-05-12,02:00:00,0.50636,0.50738,0.50635,0.50697,0,0
2015-05-12,03:00:00,0.50697,0.50741,0.50661,0.50687,0,0
2015-05-12,04:00:00,0.50688,0.5079,0.50665,0.5079,0,0
2015-05-12,05:00:00,0.50791,0.50859,0.5077,0.50811,0,0
2015-05-12,06:00:00,0.50811,0.50828,0.50786,0.50811,0,0
2015-05-12,07:00:00,0.50811,0.50914,0.50811,0.50887,0,0
2015-05-12,08:00:00,0.50887,0.5096,0.50885,0.50906,0,0
2015-05-12,09:00:00,0.50907,0.50978,0.50867,0.50943,0,0
2015-05-12,10:00:00,0.50943,0.51031,0.50921,0.51001,0,0
2015-05-12,11:00:00,0.51004,0.51022,0.50792,0.50884,0,0
2015-05-12,12:00:00,0.5089,0.50915,0.50737,0.50823,0,0
2015-05-12,13:00:00,0.50823,0.50925,0.50823,0.5089,0,0
2015-05-12,14:00:00,0.5089,0.50938,0.50851,0.50895,0,0
2015-05-12,15:00:00,0.50895,0.50972,0.5088,0.50903,0,0
2015-05-12,16:00:00,0.50903,0.50929,0.50771,0.50873,0,0
2015-05-12,17:00:00,0.50871,0.5097,0.50827,0.50939,0,0
2015-05-12,18:00:00,0.50942,0.50995,0.50895,0.50935,0,0
2015-05-12,19:00:00,0.50935,0.50942,0.50826,0.50837,0,0
2015-05-12,20:00:00,0.50837,0.50933,0.50835,0.50931,0,0
2015-05-12,21:00:00,0.50931,0.51014,0.50918,0.50974,0,0
2015-05-12,22:00:00,0.50976,0.50986,0.50951,0.50971,0,0
2015-05-12,23:00:00,0.50925,0.50971,0.5085,0.50901,0,0
2015-05-12,23:59:00,0.50898,0.51019,0.50758,0.50972,0,0
2015-05-13,01:00:00,0.5096,0.50977,0.50896,0.50942,0,0
2015-05-13,02:00:00,0.50942,0.51007,0.50915,0.50988,0,0
2015-05-13,03:00:00,0.50986,0.51085,0.50959,0.50996,0,0
2015-05-13,04:00:00,0.50993,0.51034,0.50948,0.50983,0,0
2015-05-13,05:00:00,0.50984,0.51015,0.50852,0.50914,0,0
2015-05-13,06:00:00,0.50914,0.50961,0.50871,0.50889,0,0
2015-05-13,07:00:00,0.50889,0.5092,0.50825,0.50854,0,0
2015-05-13,08:00:00,0.5085,0.50904,0.50803,0.50816,0,0
2015-05-13,09:00:00,0.50821,0.50929,0.50802,0.50924,0,0
2015-05-13,10:00:00,0.50924,0.50953,0.50866,0.50906,0,0
2015-05-13,11:00:00,0.50903,0.50987,0.50797,0.50887,0,0
2015-05-13,12:00:00,0.50888,0.51273,0.50861,0.51225,0,0
2015-05-13,13:00:00,0.51225,0.51312,0.51186,0.51262,0,0
2015-05-13,14:00:00,0.51259,0.51453,0.51259,0.51407,0,0
2015-05-13,15:00:00,0.51408,0.51563,0.51371,0.51517,0,0
2015-05-13,16:00:00,0.51512,0.51638,0.51498,0.51602,0,0
2015-05-13,17:00:00,0.51604,0.51648,0.51478,0.51478,0,0
2015-05-13,18:00:00,0.51482,0.5158,0.51475,0.51545,0,0
2015-05-13,19:00:00,0.51545,0.51582,0.51489,0.51531,0,0
2015-05-13,20:00:00,0.51531,0.51536,0.5149,0.515,0,0
2015-05-13,21:00:00,0.515,0.51513,0.51438,0.51447,0,0
2015-05-13,22:00:00,0.51447,0.51508,0.51436,0.51484,0,0
2015-05-13,23:00:00,0.51484,0.51563,0.51477,0.51525,0,0
2015-05-13,23:59:00,0.51528,0.51528,0.5147,0.5149,0,0
2015-05-14,01:00:00,0.51489,0.51617,0.51488,0.51591,0,0
2015-05-14,02:00:00,0.51591,0.51625,0.5154,0.51547,0,0
2015-05-14,03:00:00,0.51544,0.51647,0.51536,0.51617,0,0
2015-05-14,04:00:00,0.51617,0.5182,0.51617,0.51768,0,0
2015-05-14,05:00:00,0.51768,0.51774,0.51591,0.51602,0,0
2015-05-14,06:00:00,0.51602,0.51608,0.5156,0.5157,0,0
2015-05-14,07:00:00,0.5157,0.5165,0.51547,0.51572,0,0
2015-05-14,08:00:00,0.51573,0.51622,0.51543,0.5156,0,0
2015-05-14,09:00:00,0.5156,0.51619,0.51465,0.51567,0,0
2015-05-14,10:00:00,0.51567,0.51567,0.51209,0.51262,0,0
2015-05-14,11:00:00,0.51262,0.51306,0.51168,0.51228,0,0
2015-05-14,12:00:00,0.51225,0.51291,0.51176,0.51281,0,0
2015-05-14,13:00:00,0.5128,0.51321,0.51199,0.51252,0,0
2015-05-14,14:00:00,0.51253,0.51279,0.51182,0.51245,0,0
2015-05-14,15:00:00,0.51251,0.51404,0.51251,0.51387,0,0
2015-05-14,16:00:00,0.51387,0.51506,0.51387,0.51506,0,0
2015-05-14,17:00:00,0.51497,0.51538,0.51235,0.51292,0,0
2015-05-14,18:00:00,0.51297,0.51327,0.51192,0.51255,0,0
2015-05-14,19:00:00,0.51256,0.51352,0.51249,0.51352,0,0
2015-05-14,20:00:00,0.51348,0.51348,0.51259,0.5128,0,0
2015-05-14,21:00:00,0.5128,0.51297,0.51161,0.51193,0,0
2015-05-14,22:00:00,0.51186,0.51236,0.51162,0.51232,0,0
2015-05-14,23:00:00,0.51232,0.51237,0.51202,0.5122,0,0
2015-05-14,23:59:00,0.5122,0.51249,0.51204,0.51213,0,0
2015-05-15,01:00:00,0.51212,0.51245,0.51196,0.51222,0,0
2015-05-15,02:00:00,0.51221,0.51277,0.51212,0.51257,0,0
2015-05-15,03:00:00,0.51255,0.5128,0.51044,0.51072,0,0
2015-05-15,04:00:00,0.51078,0.51144,0.5105,0.5113,0,0
2015-05-15,05:00:00,0.51131,0.51141,0.51073,0.5108,0,0
2015-05-15,06:00:00,0.5108,0.51149,0.51077,0.51148,0,0
2015-05-15,07:00:00,0.51148,0.51148,0.51067,0.5108,0,0
2015-05-15,08:00:00,0.51082,0.51085,0.50985,0.50988,0,0
2015-05-15,09:00:00,0.50989,0.51112,0.50984,0.51052,0,0
2015-05-15,10:00:00,0.51052,0.51052,0.50954,0.51019,0,0
2015-05-15,11:00:00,0.51019,0.5104,0.50913,0.50918,0,0
2015-05-15,12:00:00,0.50919,0.50978,0.50911,0.50952,0,0
2015-05-15,13:00:00,0.50953,0.50987,0.5091,0.50932,0,0
2015-05-15,14:00:00,0.50938,0.51013,0.50929,0.50967,0,0
2015-05-15,15:00:00,0.50967,0.50982,0.50881,0.50889,0,0
2015-05-15,16:00:00,0.50889,0.50966,0.50845,0.50874,0,0
2015-05-15,17:00:00,0.50875,0.51011,0.50855,0.51011,0,0
2015-05-15,18:00:00,0.5101,0.51065,0.50975,0.51057,0,0
2015-05-15,19:00:00,0.51058,0.51079,0.5101,0.51015,0,0
2015-05-15,20:00:00,0.5101,0.51076,0.5101,0.51047,0,0
2015-05-15,21:00:00,0.51047,0.51115,0.51039,0.51086,0,0
2015-05-15,22:00:00,0.51085,0.51106,0.51063,0.51099,0,0
2015-05-15,23:00:00,0.51095,0.51101,0.51095,0.51101,0,0
2015-05-18,01:00:00,0.51116,0.51122,0.51036,0.51073,0,0
2015-05-18,02:00:00,0.51073,0.51152,0.51015,0.51112,0,0
2015-05-18,03:00:00,0.51108,0.51116,0.5093,0.50945,0,0
2015-05-18,04:00:00,0.50946,0.51002,0.50927,0.50977,0,0
2015-05-18,05:00:00,0.50974,0.51043,0.50955,0.51014,0,0
2015-05-18,06:00:00,0.51014,0.51046,0.50999,0.51012,0,0
2015-05-18,07:00:00,0.51012,0.51027,0.5098,0.51005,0,0
2015-05-18,08:00:00,0.51005,0.51005,0.50947,0.50974,0,0
2015-05-18,09:00:00,0.5098,0.51077,0.5097,0.51013,0,0
2015-05-18,10:00:00,0.51015,0.51083,0.50975,0.50982,0,0
2015-05-18,11:00:00,0.50982,0.51143,0.50975,0.51142,0,0
2015-05-18,12:00:00,0.51143,0.51189,0.5103,0.51032,0,0
2015-05-18,13:00:00,0.51034,0.51073,0.50974,0.51026,0,0
2015-05-18,14:00:00,0.51028,0.51073,0.51018,0.51073,0,0
2015-05-18,15:00:00,0.51069,0.5112,0.51008,0.51012,0,0
2015-05-18,16:00:00,0.51012,0.51019,0.50883,0.50987,0,0
2015-05-18,17:00:00,0.50993,0.51083,0.50983,0.51064,0,0
2015-05-18,18:00:00,0.51065,0.51094,0.51023,0.51036,0,0
2015-05-18,19:00:00,0.5103,0.51051,0.51008,0.51027,0,0
2015-05-18,20:00:00,0.51027,0.51087,0.51005,0.51019,0,0
2015-05-18,21:00:00,0.51019,0.51041,0.50957,0.5097,0,0
2015-05-18,22:00:00,0.5097,0.51045,0.50967,0.51017,0,0
2015-05-18,23:00:00,0.51017,0.5105,0.51002,0.5105,0,0
2015-05-18,23:59:00,0.5105,0.51068,0.51021,0.51059,0,0
2015-05-19,01:00:00,0.51057,0.51065,0.51015,0.51046,0,0
2015-05-19,02:00:00,0.51045,0.51088,0.51035,0.5104,0,0
2015-05-19,03:00:00,0.51037,0.51056,0.50993,0.51027,0,0
2015-05-19,04:00:00,0.51027,0.5108,0.50866,0.50953,0,0
2015-05-19,05:00:00,0.50953,0.5105,0.50939,0.51017,0,0
2015-05-19,06:00:00,0.51017,0.51129,0.51015,0.51076,0,0
2015-05-19,07:00:00,0.51076,0.51087,0.51039,0.5105,0,0
2015-05-19,08:00:00,0.5105,0.51135,0.51038,0.51079,0,0
2015-05-19,09:00:00,0.51076,0.51096,0.51013,0.51038,0,0
2015-05-19,10:00:00,0.51038,0.51153,0.51003,0.51143,0,0
2015-05-19,11:00:00,0.51143,0.51402,0.5114,0.51265,0,0
2015-05-19,12:00:00,0.51266,0.51355,0.51264,0.51298,0,0
2015-05-19,13:00:00,0.51298,0.51401,0.51292,0.51366,0,0
2015-05-19,14:00:00,0.51368,0.51487,0.51366,0.51468,0,0
2015-05-19,15:00:00,0.51468,0.51488,0.51265,0.51282,0,0
2015-05-19,16:00:00,0.51281,0.51292,0.51134,0.51176,0,0
2015-05-19,17:00:00,0.51173,0.51173,0.50994,0.51011,0,0
2015-05-19,18:00:00,0.51004,0.51069,0.50983,0.51003,0,0
2015-05-19,19:00:00,0.51004,0.5107,0.50991,0.51034,0,0
2015-05-19,20:00:00,0.51035,0.51081,0.51031,0.51053,0,0
2015-05-19,21:00:00,0.51053,0.51099,0.51043,0.51083,0,0
2015-05-19,22:00:00,0.51084,0.51089,0.51015,0.51049,0,0
2015-05-19,23:00:00,0.5105,0.51059,0.51018,0.51022,0,0
2015-05-19,23:59:00,0.51021,0.51079,0.51009,0.51055,0,0
2015-05-20,01:00:00,0.51053,0.51054,0.51023,0.5105,0,0
2015-05-20,02:00:00,0.5105,0.5107,0.51019,0.51063,0,0
2015-05-20,03:00:00,0.51074,0.51074,0.50965,0.5102,0,0
2015-05-20,04:00:00,0.51023,0.51099,0.50978,0.5108,0,0
2015-05-20,05:00:00,0.51081,0.51114,0.51051,0.51074,0,0
2015-05-20,06:00:00,0.51074,0.51114,0.51053,0.51077,0,0
2015-05-20,07:00:00,0.51077,0.51099,0.51046,0.51075,0,0
2015-05-20,08:00:00,0.51076,0.51114,0.51049,0.51051,0,0
2015-05-20,09:00:00,0.51055,0.51133,0.50932,0.50967,0,0
2015-05-20,10:00:00,0.50967,0.50997,0.50933,0.50935,0,0
2015-05-20,11:00:00,0.50934,0.51002,0.50796,0.50917,0,0
2015-05-20,12:00:00,0.50917,0.5094,0.50834,0.50869,0,0
2015-05-20,13:00:00,0.50869,0.50885,0.50792,0.50853,0,0
2015-05-20,14:00:00,0.5085,0.50884,0.50825,0.50878,0,0
2015-05-20,15:00:00,0.50881,0.50903,0.5077,0.50789,0,0
2015-05-20,16:00:00,0.50789,0.50809,0.50637,0.50654,0,0
2015-05-20,17:00:00,0.50654,0.50702,0.506,0.50645,0,0
2015-05-20,18:00:00,0.50643,0.50708,0.50638,0.50679,0,0
2015-05-20,19:00:00,0.50683,0.5073,0.50656,0.50709,0,0
2015-05-20,20:00:00,0.50709,0.50767,0.50694,0.5072,0,0
2015-05-20,21:00:00,0.50722,0.50865,0.50704,0.50822,0,0
2015-05-20,22:00:00,0.5082,0.50857,0.50727,0.50739,0,0
2015-05-20,23:00:00,0.50745,0.50751,0.50684,0.50684,0,0
2015-05-20,23:59:00,0.50684,0.5071,0.50646,0.507,0,0
2015-05-21,01:00:00,0.50692,0.50692,0.5063,0.50677,0,0
2015-05-21,02:00:00,0.50677,0.50717,0.50658,0.50688,0,0
2015-05-21,03:00:00,0.50688,0.50743,0.50669,0.50726,0,0
2015-05-21,04:00:00,0.50726,0.50759,0.50675,0.50684,0,0
2015-05-21,05:00:00,0.50685,0.50828,0.50685,0.50772,0,0
2015-05-21,06:00:00,0.50772,0.50788,0.50737,0.5074,0,0
2015-05-21,07:00:00,0.50741,0.50845,0.50741,0.50841,0,0
2015-05-21,08:00:00,0.50841,0.50866,0.50818,0.50865,0,0
2015-05-21,09:00:00,0.50863,0.50892,0.50765,0.50882,0,0
2015-05-21,10:00:00,0.50882,0.50882,0.50681,0.50717,0,0
2015-05-21,11:00:00,0.50717,0.50729,0.50476,0.50502,0,0
2015-05-21,12:00:00,0.505,0.50507,0.50366,0.50369,0,0
2015-05-21,13:00:00,0.50369,0.50373,0.50283,0.50335,0,0
2015-05-21,14:00:00,0.50327,0.50327,0.50263,0.50279,0,0
2015-05-21,15:00:00,0.50279,0.50312,0.50221,0.50255,0,0
2015-05-21,16:00:00,0.50254,0.50324,0.5023,0.50271,0,0
2015-05-21,17:00:00,0.50267,0.50352,0.50244,0.5027,0,0
2015-05-21,18:00:00,0.50271,0.50329,0.50231,0.50327,0,0
2015-05-21,19:00:00,0.50326,0.5036,0.50312,0.50319,0,0
2015-05-21,20:00:00,0.50319,0.50344,0.50304,0.50311,0,0
2015-05-21,21:00:00,0.50311,0.50371,0.50311,0.50368,0,0
2015-05-21,22:00:00,0.50373,0.50378,0.50349,0.50377,0,0
2015-05-21,23:00:00,0.50377,0.5042,0.5036,0.50409,0,0
2015-05-21,23:59:00,0.50409,0.50428,0.50374,0.50405,0,0
2015-05-22,01:00:00,0.50409,0.50422,0.50387,0.50421,0,0
2015-05-22,02:00:00,0.50422,0.50454,0.50409,0.50438,0,0
2015-05-22,03:00:00,0.50438,0.50491,0.50417,0.50482,0,0
2015-05-22,04:00:00,0.50482,0.50517,0.50457,0.5047,0,0
2015-05-22,05:00:00,0.5047,0.50539,0.5046,0.50534,0,0
2015-05-22,06:00:00,0.50534,0.50566,0.50499,0.50542,0,0
2015-05-22,07:00:00,0.50544,0.50564,0.50515,0.50527,0,0
2015-05-22,08:00:00,0.5053,0.50566,0.50511,0.50523,0,0
2015-05-22,09:00:00,0.50523,0.50565,0.50505,0.50554,0,0
2015-05-22,10:00:00,0.50554,0.50573,0.50406,0.50447,0,0
2015-05-22,11:00:00,0.50447,0.50535,0.50413,0.50449,0,0
2015-05-22,12:00:00,0.50449,0.5048,0.50363,0.50439,0,0
2015-05-22,13:00:00,0.50441,0.50505,0.50383,0.50418,0,0
2015-05-22,14:00:00,0.50417,0.50475,0.50408,0.5045,0,0
2015-05-22,15:00:00,0.5045,0.50481,0.50277,0.50466,0,0
2015-05-22,16:00:00,0.50453,0.50495,0.50405,0.50471,0,0
2015-05-22,17:00:00,0.50465,0.50512,0.50428,0.50485,0,0
2015-05-22,18:00:00,0.50486,0.50562,0.50461,0.50552,0,0
2015-05-22,19:00:00,0.50552,0.50613,0.50529,0.50561,0,0
2015-05-22,20:00:00,0.5056,0.5059,0.505,0.5051,0,0
2015-05-22,21:00:00,0.50508,0.50529,0.50485,0.50502,0,0
2015-05-22,22:00:00,0.50504,0.50522,0.5049,0.50514,0,0
2015-05-22,23:00:00,0.50514,0.50518,0.50504,0.50518,0,0
2015-05-25,01:00:00,0.50507,0.50574,0.50492,0.50529,0,0
2015-05-25,02:00:00,0.50529,0.50535,0.50471,0.50486,0,0
2015-05-25,03:00:00,0.50486,0.50488,0.50452,0.50471,0,0
2015-05-25,04:00:00,0.50471,0.50521,0.50461,0.50491,0,0
2015-05-25,05:00:00,0.50488,0.50572,0.50484,0.50552,0,0
2015-05-25,06:00:00,0.50552,0.50591,0.50543,0.50567,0,0
2015-05-25,07:00:00,0.50564,0.50597,0.50546,0.50587,0,0
2015-05-25,08:00:00,0.50587,0.50596,0.50503,0.50538,0,0
2015-05-25,09:00:00,0.50538,0.50565,0.5049,0.50535,0,0
2015-05-25,10:00:00,0.50536,0.50569,0.50491,0.50494,0,0
2015-05-25,11:00:00,0.50494,0.5057,0.50486,0.50562,0,0
2015-05-25,12:00:00,0.5056,0.50591,0.50528,0.50565,0,0
2015-05-25,13:00:00,0.50566,0.50603,0.50546,0.50596,0,0
2015-05-25,14:00:00,0.50595,0.50635,0.50585,0.5059,0,0
2015-05-25,15:00:00,0.50592,0.5065,0.50585,0.50623,0,0
2015-05-25,16:00:00,0.50624,0.50653,0.50604,0.50609,0,0
2015-05-25,17:00:00,0.50609,0.50635,0.50588,0.50627,0,0
2015-05-25,18:00:00,0.50627,0.50649,0.50624,0.50627,0,0
2015-05-25,19:00:00,0.50627,0.50627,0.50589,0.50611,0,0
2015-05-25,20:00:00,0.50613,0.50613,0.50581,0.50585,0,0
2015-05-25,21:00:00,0.50585,0.50607,0.50568,0.50583,0,0
2015-05-25,22:00:00,0.50581,0.50591,0.50572,0.50584,0,0
2015-05-25,23:00:00,0.50584,0.50587,0.50564,0.50577,0,0
2015-05-25,23:59:00,0.50577,0.50598,0.50557,0.50571,0,0
2015-05-26,01:00:00,0.50575,0.50607,0.50566,0.50587,0,0
2015-05-26,02:00:00,0.50588,0.5061,0.50565,0.50575,0,0
2015-05-26,03:00:00,0.50566,0.50594,0.50533,0.50586,0,0
2015-05-26,04:00:00,0.50586,0.5067,0.50583,0.5067,0,0
2015-05-26,05:00:00,0.5067,0.50699,0.50659,0.50684,0,0
2015-05-26,06:00:00,0.50686,0.50711,0.50671,0.50701,0,0
2015-05-26,07:00:00,0.50702,0.5073,0.50676,0.50682,0,0
2015-05-26,08:00:00,0.50684,0.50693,0.5064,0.50671,0,0
2015-05-26,09:00:00,0.50671,0.50718,0.50568,0.5059,0,0
2015-05-26,10:00:00,0.50591,0.50634,0.50471,0.50524,0,0
2015-05-26,11:00:00,0.50523,0.50563,0.50482,0.50529,0,0
2015-05-26,12:00:00,0.50529,0.50694,0.50513,0.50675,0,0
2015-05-26,13:00:00,0.50675,0.50675,0.5059,0.5062,0,0
2015-05-26,14:00:00,0.50622,0.50663,0.50609,0.50625,0,0
2015-05-26,15:00:00,0.50623,0.50643,0.50429,0.50443,0,0
2015-05-26,16:00:00,0.50428,0.50469,0.50383,0.50424,0,0
2015-05-26,17:00:00,0.50413,0.50439,0.50327,0.50329,0,0
2015-05-26,18:00:00,0.50328,0.50335,0.50248,0.50248,0,0
2015-05-26,19:00:00,0.50253,0.50303,0.50238,0.50297,0,0
2015-05-26,20:00:00,0.50296,0.50323,0.50272,0.50285,0,0
2015-05-26,21:00:00,0.50286,0.50293,0.50248,0.50248,0,0
2015-05-26,22:00:00,0.50248,0.50292,0.50226,0.50276,0,0
2015-05-26,23:00:00,0.50277,0.50297,0.50257,0.50277,0,0
2015-05-26,23:59:00,0.50278,0.50303,0.50229,0.50295,0,0
2015-05-27,01:00:00,0.50275,0.50311,0.50271,0.50298,0,0
2015-05-27,02:00:00,0.50298,0.50321,0.50271,0.50307,0,0
2015-05-27,03:00:00,0.50309,0.50351,0.50286,0.50332,0,0
2015-05-27,04:00:00,0.50332,0.50332,0.5024,0.50305,0,0
2015-05-27,05:00:00,0.50307,0.50386,0.50297,0.50336,0,0
2015-05-27,06:00:00,0.50336,0.50357,0.50329,0.50349,0,0
2015-05-27,07:00:00,0.50351,0.50375,0.50303,0.50305,0,0
2015-05-27,08:00:00,0.50305,0.50332,0.5028,0.5028,0,0
2015-05-27,09:00:00,0.50278,0.5038,0.5026,0.50379,0,0
2015-05-27,10:00:00,0.50379,0.50386,0.50214,0.50216,0,0
2015-05-27,11:00:00,0.50216,0.50293,0.50164,0.50275,0,0
2015-05-27,12:00:00,0.50276,0.50305,0.50209,0.50252,0,0
2015-05-27,13:00:00,0.50252,0.50261,0.50127,0.50162,0,0
2015-05-27,14:00:00,0.50162,0.50192,0.50099,0.50155,0,0
2015-05-27,15:00:00,0.50156,0.5022,0.50142,0.50172,0,0
2015-05-27,16:00:00,0.50169,0.50354,0.50146,0.50335,0,0
2015-05-27,17:00:00,0.50335,0.50352,0.50288,0.50326,0,0
2015-05-27,18:00:00,0.50331,0.50369,0.50295,0.50326,0,0
2015-05-27,19:00:00,0.50323,0.50326,0.50257,0.50312,0,0
2015-05-27,20:00:00,0.50313,0.50354,0.50289,0.50338,0,0
2015-05-27,21:00:00,0.50338,0.50358,0.50316,0.50335,0,0
2015-05-27,22:00:00,0.50329,0.50368,0.5032,0.50368,0,0
2015-05-27,23:00:00,0.50369,0.50376,0.50288,0.50343,0,0
2015-05-27,23:59:00,0.50343,0.50378,0.503,0.50369,0,0
2015-05-28,01:00:00,0.50352,0.50384,0.50334,0.50367,0,0
2015-05-28,02:00:00,0.50367,0.50399,0.50349,0.50399,0,0
2015-05-28,03:00:00,0.50398,0.50458,0.50378,0.50449,0,0
2015-05-28,04:00:00,0.5045,0.50536,0.50055,0.50088,0,0
2015-05-28,05:00:00,0.50088,0.50115,0.49985,0.5006,0,0
2015-05-28,06:00:00,0.50061,0.50089,0.50007,0.50055,0,0
2015-05-28,07:00:00,0.50053,0.50059,0.50004,0.50059,0,0
2015-05-28,08:00:00,0.50058,0.50186,0.50025,0.50141,0,0
2015-05-28,09:00:00,0.50141,0.50155,0.5006,0.50083,0,0
2015-05-28,10:00:00,0.50073,0.50083,0.49939,0.50012,0,0
2015-05-28,11:00:00,0.50012,0.50089,0.49879,0.50061,0,0
2015-05-28,12:00:00,0.50061,0.50076,0.5,0.50027,0,0
2015-05-28,13:00:00,0.50027,0.50102,0.49977,0.50054,0,0
2015-05-28,14:00:00,0.5005,0.50108,0.49976,0.50026,0,0
2015-05-28,15:00:00,0.50028,0.5005,0.49909,0.4997,0,0
2015-05-28,16:00:00,0.49974,0.50006,0.49871,0.499,0,0
2015-05-28,17:00:00,0.499,0.49995,0.49885,0.49965,0,0
2015-05-28,18:00:00,0.4996,0.49977,0.49858,0.49905,0,0
2015-05-28,19:00:00,0.49907,0.49966,0.49858,0.49958,0,0
2015-05-28,20:00:00,0.49956,0.49992,0.49917,0.49961,0,0
2015-05-28,21:00:00,0.49963,0.49997,0.49944,0.49955,0,0
2015-05-28,22:00:00,0.49953,0.4998,0.49947,0.49962,0,0
2015-05-28,23:00:00,0.49962,0.49977,0.4994,0.49953,0,0
2015-05-28,23:59:00,0.49953,0.49987,0.49875,0.49956,0,0
2015-05-29,01:00:00,0.49956,0.50017,0.49937,0.49982,0,0
2015-05-29,02:00:00,0.49981,0.49986,0.49933,0.49975,0,0
2015-05-29,03:00:00,0.49975,0.5001,0.49939,0.49955,0,0
2015-05-29,04:00:00,0.49953,0.50012,0.49918,0.4999,0,0
2015-05-29,05:00:00,0.4999,0.50034,0.49958,0.49971,0,0
2015-05-29,06:00:00,0.49971,0.49991,0.49927,0.49966,0,0
2015-05-29,07:00:00,0.49971,0.50023,0.49962,0.5,0,0
2015-05-29,08:00:00,0.5,0.50002,0.49951,0.49956,0,0
2015-05-29,09:00:00,0.49956,0.50052,0.49952,0.50035,0,0
2015-05-29,10:00:00,0.50041,0.50074,0.50008,0.50026,0,0
2015-05-29,11:00:00,0.50026,0.50085,0.49958,0.50085,0,0
2015-05-29,12:00:00,0.50085,0.5012,0.50005,0.50103,0,0
2015-05-29,13:00:00,0.50093,0.50163,0.50064,0.50163,0,0
2015-05-29,14:00:00,0.50146,0.50222,0.50145,0.50159,0,0
2015-05-29,15:00:00,0.50159,0.50202,0.50005,0.50025,0,0
2015-05-29,16:00:00,0.5002,0.50061,0.49967,0.50045,0,0
2015-05-29,17:00:00,0.50047,0.50178,0.50021,0.50178,0,0
2015-05-29,18:00:00,0.50179,0.5019,0.50042,0.50123,0,0
2015-05-29,19:00:00,0.50118,0.50156,0.50101,0.50123,0,0
2015-05-29,20:00:00,0.50121,0.50138,0.50067,0.50078,0,0
2015-05-29,21:00:00,0.50082,0.50092,0.50033,0.50069,0,0
2015-05-29,22:00:00,0.50066,0.50075,0.49999,0.50021,0,0
2015-05-29,23:00:00,0.50018,0.50018,0.50011,0.50015,0,0
2015-06-01,01:00:00,0.50013,0.50018,0.49961,0.49969,0,0
2015-06-01,02:00:00,0.49969,0.50022,0.49958,0.49998,0,0
2015-06-01,03:00:00,0.49994,0.50084,0.49979,0.50058,0,0
2015-06-01,04:00:00,0.50058,0.50107,0.49978,0.50069,0,0
2015-06-01,05:00:00,0.50064,0.50124,0.50005,0.50032,0,0
2015-06-01,06:00:00,0.50028,0.50081,0.50002,0.50022,0,0
2015-06-01,07:00:00,0.50022,0.50089,0.50016,0.50081,0,0
2015-06-01,08:00:00,0.50081,0.50082,0.49989,0.50016,0,0
2015-06-01,09:00:00,0.50016,0.50217,0.4999,0.50182,0,0
2015-06-01,10:00:00,0.50184,0.50195,0.50091,0.50148,0,0
2015-06-01,11:00:00,0.50151,0.50241,0.50107,0.50209,0,0
2015-06-01,12:00:00,0.50205,0.50234,0.5015,0.50168,0,0
2015-06-01,13:00:00,0.50168,0.50197,0.5012,0.5019,0,0
2015-06-01,14:00:00,0.50188,0.50252,0.50149,0.50179,0,0
2015-06-01,15:00:00,0.50181,0.50226,0.5011,0.5016,0,0
2015-06-01,16:00:00,0.50159,0.50175,0.50075,0.50122,0,0
2015-06-01,17:00:00,0.50119,0.50119,0.5002,0.50065,0,0
2015-06-01,18:00:00,0.50063,0.50152,0.50047,0.50114,0,0
2015-06-01,19:00:00,0.50116,0.5012,0.50038,0.50064,0,0
2015-06-01,20:00:00,0.50063,0.50067,0.50002,0.50014,0,0
2015-06-01,21:00:00,0.50016,0.50054,0.50011,0.50025,0,0
2015-06-01,22:00:00,0.50025,0.50065,0.50018,0.50038,0,0
2015-06-01,23:00:00,0.50038,0.50067,0.50032,0.50036,0,0
2015-06-01,23:59:00,0.50035,0.50076,0.50023,0.50074,0,0
2015-06-02,01:00:00,0.50071,0.5008,0.50056,0.50078,0,0
2015-06-02,02:00:00,0.50078,0.50117,0.50053,0.50102,0,0
2015-06-02,03:00:00,0.50102,0.5018,0.50093,0.50146,0,0
2015-06-02,04:00:00,0.50146,0.50231,0.50134,0.50188,0,0
2015-06-02,05:00:00,0.50187,0.50205,0.50164,0.50172,0,0
2015-06-02,06:00:00,0.5017,0.50222,0.5017,0.50206,0,0
2015-06-02,07:00:00,0.50206,0.50532,0.50161,0.50469,0,0
2015-06-02,08:00:00,0.50469,0.5056,0.50455,0.50531,0,0
2015-06-02,09:00:00,0.50531,0.50636,0.50482,0.50593,0,0
2015-06-02,10:00:00,0.50596,0.50687,0.5056,0.50626,0,0
2015-06-02,11:00:00,0.50628,0.50636,0.504,0.5043,0,0
2015-06-02,12:00:00,0.5043,0.50458,0.50311,0.50311,0,0
2015-06-02,13:00:00,0.50311,0.50422,0.50256,0.50411,0,0
2015-06-02,14:00:00,0.50417,0.50553,0.50408,0.50535,0,0
2015-06-02,15:00:00,0.50535,0.50553,0.50424,0.50447,0,0
2015-06-02,16:00:00,0.50448,0.50615,0.50421,0.50565,0,0
2015-06-02,17:00:00,0.50565,0.50649,0.50538,0.50546,0,0
2015-06-02,18:00:00,0.50541,0.50548,0.50489,0.50537,0,0
2015-06-02,19:00:00,0.5054,0.50675,0.50534,0.50674,0,0
2015-06-02,20:00:00,0.50673,0.50706,0.50641,0.50677,0,0
2015-06-02,21:00:00,0.50677,0.5068,0.50632,0.50663,0,0
2015-06-02,22:00:00,0.507,0.507,0.50639,0.50665,0,0
2015-06-02,23:00:00,0.50665,0.50685,0.50644,0.50654,0,0
2015-06-02,23:59:00,0.50654,0.50692,0.50647,0.50659,0,0
2015-06-03,01:00:00,0.50664,0.50686,0.50619,0.5063,0,0
2015-06-03,02:00:00,0.50631,0.50648,0.50594,0.50602,0,0
2015-06-03,03:00:00,0.50601,0.50636,0.50593,0.50613,0,0
2015-06-03,04:00:00,0.50614,0.50922,0.5061,0.50891,0,0
2015-06-03,05:00:00,0.50897,0.50897,0.50766,0.50782,0,0
2015-06-03,06:00:00,0.50781,0.50798,0.50722,0.50793,0,0
2015-06-03,07:00:00,0.50772,0.50793,0.50742,0.50764,0,0
2015-06-03,08:00:00,0.50763,0.5079,0.50736,0.50747,0,0
2015-06-03,09:00:00,0.50741,0.50826,0.50741,0.5082,0,0
2015-06-03,10:00:00,0.50821,0.50849,0.50734,0.50738,0,0
2015-06-03,11:00:00,0.50737,0.50995,0.50716,0.50903,0,0
2015-06-03,12:00:00,0.50903,0.50984,0.50868,0.50899,0,0
2015-06-03,13:00:00,0.50901,0.50903,0.50807,0.5081,0,0
2015-06-03,14:00:00,0.5081,0.50857,0.50797,0.50833,0,0
2015-06-03,15:00:00,0.50833,0.50874,0.50777,0.50823,0,0
2015-06-03,16:00:00,0.50823,0.50926,0.50797,0.50902,0,0
2015-06-03,17:00:00,0.50921,0.5097,0.50885,0.50905,0,0
2015-06-03,18:00:00,0.50905,0.50927,0.50784,0.50837,0,0
2015-06-03,19:00:00,0.50836,0.50843,0.50746,0.50775,0,0
2015-06-03,20:00:00,0.50776,0.50789,0.50733,0.50786,0,0
2015-06-03,21:00:00,0.50785,0.50793,0.50728,0.50739,0,0
2015-06-03,22:00:00,0.50739,0.50795,0.50737,0.50781,0,0
2015-06-03,23:00:00,0.50781,0.50786,0.50744,0.50757,0,0
2015-06-03,23:59:00,0.50759,0.50799,0.50732,0.50739,0,0
2015-06-04,01:00:00,0.50741,0.50743,0.50687,0.50711,0,0
2015-06-04,02:00:00,0.50712,0.50726,0.50676,0.50702,0,0
2015-06-04,03:00:00,0.50702,0.50716,0.50674,0.50705,0,0
2015-06-04,04:00:00,0.50705,0.50755,0.50335,0.50394,0,0
2015-06-04,05:00:00,0.50394,0.5042,0.50355,0.50405,0,0
2015-06-04,06:00:00,0.50405,0.50449,0.50379,0.5043,0,0
2015-06-04,07:00:00,0.50429,0.50466,0.50403,0.5044,0,0
2015-06-04,08:00:00,0.5044,0.5044,0.50318,0.5035,0,0
2015-06-04,09:00:00,0.5035,0.50487,0.5035,0.50402,0,0
2015-06-04,10:00:00,0.50405,0.50409,0.50291,0.50302,0,0
2015-06-04,11:00:00,0.50304,0.50388,0.50267,0.50334,0,0
2015-06-04,12:00:00,0.50329,0.50337,0.50171,0.50196,0,0
2015-06-04,13:00:00,0.50196,0.50281,0.50164,0.50243,0,0
2015-06-04,14:00:00,0.50247,0.50388,0.50221,0.50367,0,0
2015-06-04,15:00:00,0.50364,0.50365,0.50154,0.50175,0,0
2015-06-04,16:00:00,0.50175,0.50206,0.50045,0.5008,0,0
2015-06-04,17:00:00,0.50072,0.50072,0.4995,0.4996,0,0
2015-06-04,18:00:00,0.4996,0.49982,0.49899,0.49939,0,0
2015-06-04,19:00:00,0.49937,0.49993,0.49929,0.49958,0,0
2015-06-04,20:00:00,0.49958,0.49984,0.49903,0.49984,0,0
2015-06-04,21:00:00,0.49986,0.50025,0.49962,0.50016,0,0
2015-06-04,22:00:00,0.49999,0.5002,0.49988,0.49996,0,0
2015-06-04,23:00:00,0.49998,0.50037,0.49997,0.50033,0,0
2015-06-04,23:59:00,0.50037,0.50063,0.49978,0.49984,0,0
2015-06-05,01:00:00,0.49995,0.50022,0.49967,0.50002,0,0
2015-06-05,02:00:00,0.50002,0.50048,0.49988,0.50047,0,0
2015-06-05,03:00:00,0.50047,0.5007,0.49993,0.5007,0,0
2015-06-05,04:00:00,0.5007,0.50126,0.50059,0.50117,0,0
2015-06-05,05:00:00,0.50117,0.50133,0.50099,0.50117,0,0
2015-06-05,06:00:00,0.50115,0.50124,0.50082,0.50123,0,0
2015-06-05,07:00:00,0.50123,0.50153,0.50118,0.50132,0,0
2015-06-05,08:00:00,0.50131,0.5017,0.50124,0.50133,0,0
2015-06-05,09:00:00,0.50132,0.50199,0.50118,0.50191,0,0
2015-06-05,10:00:00,0.50191,0.50215,0.50116,0.50168,0,0
2015-06-05,11:00:00,0.50168,0.50279,0.50141,0.5027,0,0
2015-06-05,12:00:00,0.5027,0.5029,0.50226,0.50233,0,0
2015-06-05,13:00:00,0.50229,0.50341,0.50216,0.50336,0,0
2015-06-05,14:00:00,0.50329,0.50438,0.50293,0.50325,0,0
2015-06-05,15:00:00,0.50325,0.50382,0.50012,0.50012,0,0
2015-06-05,16:00:00,0.50012,0.50116,0.49978,0.50032,0,0
2015-06-05,17:00:00,0.50032,0.50205,0.50018,0.50038,0,0
2015-06-05,18:00:00,0.50039,0.50063,0.49924,0.49933,0,0
2015-06-05,19:00:00,0.49928,0.49949,0.49879,0.4992,0,0
2015-06-05,20:00:00,0.49918,0.49947,0.4989,0.49898,0,0
2015-06-05,21:00:00,0.49898,0.49907,0.49832,0.49871,0,0
2015-06-05,22:00:00,0.49868,0.49944,0.49859,0.49938,0,0
2015-06-05,23:00:00,0.49939,0.49939,0.49908,0.49908,0,0
2015-06-08,01:00:00,0.49937,0.49955,0.49911,0.49932,0,0
2015-06-08,02:00:00,0.49933,0.49941,0.49903,0.49903,0,0
2015-06-08,03:00:00,0.49902,0.49952,0.49884,0.49884,0,0
2015-06-08,04:00:00,0.49886,0.49976,0.49886,0.49976,0,0
2015-06-08,05:00:00,0.49982,0.50048,0.49885,0.49901,0,0
2015-06-08,06:00:00,0.49901,0.4991,0.49858,0.4989,0,0
2015-06-08,07:00:00,0.4989,0.49898,0.49835,0.49853,0,0
2015-06-08,08:00:00,0.49853,0.49919,0.49845,0.49916,0,0
2015-06-08,09:00:00,0.49914,0.5004,0.49833,0.49932,0,0
2015-06-08,10:00:00,0.49931,0.50054,0.49931,0.50031,0,0
2015-06-08,11:00:00,0.50029,0.50138,0.49928,0.50119,0,0
2015-06-08,12:00:00,0.50119,0.50197,0.50085,0.50196,0,0
2015-06-08,13:00:00,0.50195,0.50204,0.50092,0.50099,0,0
2015-06-08,14:00:00,0.50099,0.50133,0.50058,0.50075,0,0
2015-06-08,15:00:00,0.50075,0.50118,0.49989,0.50047,0,0
2015-06-08,16:00:00,0.50047,0.50081,0.50016,0.50017,0,0
2015-06-08,17:00:00,0.50018,0.5005,0.49958,0.49958,0,0
2015-06-08,18:00:00,0.49958,0.5011,0.49958,0.5006,0,0
2015-06-08,19:00:00,0.5006,0.5007,0.49971,0.49984,0,0
2015-06-08,20:00:00,0.49984,0.50155,0.49971,0.50118,0,0
2015-06-08,21:00:00,0.50118,0.50194,0.50088,0.50193,0,0
2015-06-08,22:00:00,0.50193,0.50237,0.50174,0.50217,0,0
2015-06-08,23:00:00,0.50218,0.50224,0.50158,0.50179,0,0
2015-06-08,23:59:00,0.50179,0.50189,0.50133,0.50143,0,0
2015-06-09,01:00:00,0.50144,0.50158,0.50088,0.5009,0,0
2015-06-09,02:00:00,0.5009,0.5014,0.50072,0.50105,0,0
2015-06-09,03:00:00,0.50108,0.50123,0.50076,0.50123,0,0
2015-06-09,04:00:00,0.50123,0.50263,0.50111,0.50174,0,0
2015-06-09,05:00:00,0.50174,0.50174,0.5011,0.50163,0,0
2015-06-09,06:00:00,0.50164,0.50179,0.50092,0.50107,0,0
2015-06-09,07:00:00,0.50106,0.50124,0.50064,0.50105,0,0
2015-06-09,08:00:00,0.50104,0.50121,0.50052,0.50052,0,0
2015-06-09,09:00:00,0.50052,0.50065,0.49959,0.50014,0,0
2015-06-09,10:00:00,0.50013,0.50102,0.49987,0.50091,0,0
2015-06-09,11:00:00,0.50091,0.5016,0.50029,0.5016,0,0
2015-06-09,12:00:00,0.50161,0.50232,0.50135,0.50172,0,0
2015-06-09,13:00:00,0.50168,0.50271,0.50168,0.50271,0,0
2015-06-09,14:00:00,0.50271,0.50368,0.50258,0.50326,0,0
2015-06-09,15:00:00,0.50323,0.50352,0.50215,0.5022,0,0
2015-06-09,16:00:00,0.50225,0.50324,0.50223,0.50237,0,0
2015-06-09,17:00:00,0.50243,0.50298,0.50101,0.50107,0,0
2015-06-09,18:00:00,0.5011,0.50134,0.4994,0.4996,0,0
2015-06-09,19:00:00,0.49962,0.49983,0.49893,0.49921,0,0
2015-06-09,20:00:00,0.49921,0.49943,0.4989,0.49907,0,0
2015-06-09,21:00:00,0.49907,0.49967,0.49887,0.49965,0,0
2015-06-09,22:00:00,0.49967,0.49981,0.49938,0.49955,0,0
2015-06-09,23:00:00,0.49954,0.50015,0.4995,0.49988,0,0
2015-06-09,23:59:00,0.49988,0.50015,0.49961,0.4999,0,0
2015-06-10,01:00:00,0.49988,0.50007,0.49977,0.50002,0,0
2015-06-10,02:00:00,0.49992,0.50006,0.49953,0.49953,0,0
2015-06-10,03:00:00,0.49953,0.50032,0.4988,0.49922,0,0
2015-06-10,04:00:00,0.49922,0.49944,0.49881,0.49903,0,0
2015-06-10,05:00:00,0.49903,0.4995,0.49694,0.4975,0,0
2015-06-10,06:00:00,0.49749,0.49773,0.4968,0.49773,0,0
2015-06-10,07:00:00,0.49773,0.49985,0.49726,0.49907,0,0
2015-06-10,08:00:00,0.49903,0.50214,0.49885,0.50119,0,0
2015-06-10,09:00:00,0.50119,0.50182,0.50063,0.50071,0,0
2015-06-10,10:00:00,0.5007,0.50373,0.50063,0.50322,0,0
2015-06-10,11:00:00,0.50322,0.50363,0.50227,0.50284,0,0
2015-06-10,12:00:00,0.50288,0.503,0.50169,0.50169,0,0
2015-06-10,13:00:00,0.5017,0.50217,0.5004,0.50054,0,0
2015-06-10,14:00:00,0.50053,0.50073,0.49992,0.50011,0,0
2015-06-10,15:00:00,0.50018,0.50018,0.49941,0.49969,0,0
2015-06-10,16:00:00,0.49969,0.50016,0.49936,0.49991,0,0
2015-06-10,17:00:00,0.49984,0.5002,0.49877,0.49898,0,0
2015-06-10,18:00:00,0.49905,0.49971,0.49881,0.49893,0,0
2015-06-10,19:00:00,0.49892,0.50042,0.49888,0.50003,0,0
2015-06-10,20:00:00,0.50005,0.50026,0.49961,0.50017,0,0
2015-06-10,21:00:00,0.50017,0.50052,0.49953,0.49973,0,0
2015-06-10,22:00:00,0.49971,0.49976,0.49934,0.49945,0,0
2015-06-10,23:00:00,0.49944,0.50004,0.49944,0.49973,0,0
2015-06-10,23:59:00,0.49971,0.50002,0.49611,0.49913,0,0
2015-06-11,01:00:00,0.49888,0.49923,0.49859,0.4989,0,0
2015-06-11,02:00:00,0.49891,0.49925,0.49858,0.49858,0,0
2015-06-11,03:00:00,0.49858,0.49858,0.4977,0.49812,0,0
2015-06-11,04:00:00,0.49812,0.50268,0.49804,0.50111,0,0
2015-06-11,05:00:00,0.50117,0.50144,0.50059,0.50138,0,0
2015-06-11,06:00:00,0.50139,0.50175,0.50068,0.50116,0,0
2015-06-11,07:00:00,0.50117,0.50156,0.50065,0.5013,0,0
2015-06-11,08:00:00,0.50131,0.50146,0.50062,0.5009,0,0
2015-06-11,09:00:00,0.5009,0.50202,0.50034,0.50183,0,0
2015-06-11,10:00:00,0.50183,0.5024,0.50111,0.50119,0,0
2015-06-11,11:00:00,0.50122,0.50146,0.50057,0.50092,0,0
2015-06-11,12:00:00,0.50096,0.50119,0.49949,0.50015,0,0
2015-06-11,13:00:00,0.50015,0.50029,0.49976,0.49983,0,0
2015-06-11,14:00:00,0.49983,0.50014,0.49949,0.49963,0,0
2015-06-11,15:00:00,0.49967,0.50012,0.49878,0.4997,0,0
2015-06-11,16:00:00,0.4997,0.49982,0.49864,0.49896,0,0
2015-06-11,17:00:00,0.49884,0.49916,0.49821,0.49828,0,0
2015-06-11,18:00:00,0.49828,0.49928,0.49779,0.49856,0,0
2015-06-11,19:00:00,0.49861,0.49902,0.49852,0.49878,0,0
2015-06-11,20:00:00,0.4988,0.49912,0.49853,0.4989,0,0
2015-06-11,21:00:00,0.4989,0.49972,0.49883,0.49944,0,0
2015-06-11,22:00:00,0.49945,0.50012,0.49945,0.49997,0,0
2015-06-11,23:00:00,0.49997,0.50026,0.49964,0.49978,0,0
2015-06-11,23:59:00,0.49977,0.50009,0.49951,0.49988,0,0
2015-06-12,01:00:00,0.49988,0.49988,0.49946,0.49974,0,0
2015-06-12,02:00:00,0.49974,0.49993,0.49926,0.49926,0,0
2015-06-12,03:00:00,0.49924,0.49959,0.49903,0.49952,0,0
2015-06-12,04:00:00,0.49947,0.49971,0.49899,0.49924,0,0
2015-06-12,05:00:00,0.49924,0.49953,0.4991,0.4993,0,0
2015-06-12,06:00:00,0.49931,0.4995,0.49912,0.49919,0,0
2015-06-12,07:00:00,0.4992,0.49938,0.49877,0.49887,0,0
2015-06-12,08:00:00,0.49886,0.4993,0.49829,0.4989,0,0
2015-06-12,09:00:00,0.4989,0.49902,0.49793,0.49802,0,0
2015-06-12,10:00:00,0.498,0.49829,0.49723,0.49744,0,0
2015-06-12,11:00:00,0.49745,0.49745,0.49611,0.49642,0,0
2015-06-12,12:00:00,0.4965,0.49771,0.49595,0.4977,0,0
2015-06-12,13:00:00,0.4977,0.49784,0.4965,0.49657,0,0
2015-06-12,14:00:00,0.49657,0.49783,0.49648,0.49782,0,0
2015-06-12,15:00:00,0.49779,0.49789,0.49702,0.49702,0,0
2015-06-12,16:00:00,0.49699,0.49788,0.49648,0.49763,0,0
2015-06-12,17:00:00,0.49771,0.4979,0.49645,0.49694,0,0
2015-06-12,18:00:00,0.49697,0.49727,0.49651,0.49658,0,0
2015-06-12,19:00:00,0.49662,0.49804,0.49662,0.49787,0,0
2015-06-12,20:00:00,0.49782,0.49796,0.49753,0.49757,0,0
2015-06-12,21:00:00,0.49757,0.49774,0.4971,0.49744,0,0
2015-06-12,22:00:00,0.49742,0.49742,0.49682,0.497,0,0
2015-06-12,23:00:00,0.497,0.497,0.49694,0.49699,0,0
2015-06-15,01:00:00,0.49757,0.4976,0.49663,0.49672,0,0
2015-06-15,02:00:00,0.49672,0.49704,0.49656,0.49656,0,0
2015-06-15,03:00:00,0.49656,0.49662,0.49582,0.49617,0,0
2015-06-15,04:00:00,0.49617,0.49686,0.49605,0.49666,0,0
2015-06-15,05:00:00,0.49666,0.49688,0.49649,0.49662,0,0
2015-06-15,06:00:00,0.49664,0.49677,0.49644,0.49655,0,0
2015-06-15,07:00:00,0.49656,0.49681,0.49629,0.4963,0,0
2015-06-15,08:00:00,0.49629,0.49668,0.49595,0.49642,0,0
2015-06-15,09:00:00,0.49643,0.49754,0.49635,0.49721,0,0
2015-06-15,10:00:00,0.49721,0.4976,0.49686,0.49738,0,0
2015-06-15,11:00:00,0.49739,0.49744,0.49682,0.49716,0,0
2015-06-15,12:00:00,0.49714,0.49833,0.49708,0.49812,0,0
2015-06-15,13:00:00,0.49813,0.49906,0.49777,0.49888,0,0
2015-06-15,14:00:00,0.49889,0.49955,0.49889,0.49927,0,0
2015-06-15,15:00:00,0.49927,0.50062,0.49927,0.49996,0,0
2015-06-15,16:00:00,0.49998,0.50062,0.49975,0.50025,0,0
2015-06-15,17:00:00,0.50021,0.50073,0.49961,0.49971,0,0
2015-06-15,18:00:00,0.49974,0.49974,0.49865,0.49869,0,0
2015-06-15,19:00:00,0.49869,0.49878,0.49829,0.49858,0,0
2015-06-15,20:00:00,0.49863,0.49865,0.49783,0.49815,0,0
2015-06-15,21:00:00,0.49818,0.49833,0.49747,0.4975,0,0
2015-06-15,22:00:00,0.4975,0.4977,0.49736,0.49754,0,0
2015-06-15,23:00:00,0.49753,0.49785,0.49753,0.49776,0,0
2015-06-15,23:59:00,0.49774,0.49785,0.49734,0.49763,0,0
2015-06-16,01:00:00,0.49756,0.49773,0.49733,0.49769,0,0
2015-06-16,02:00:00,0.49764,0.49764,0.49722,0.49732,0,0
2015-06-16,03:00:00,0.49732,0.49755,0.49707,0.49727,0,0
2015-06-16,04:00:00,0.49727,0.49865,0.4965,0.49763,0,0
2015-06-16,05:00:00,0.49763,0.49763,0.49691,0.49753,0,0
2015-06-16,06:00:00,0.49753,0.4976,0.49697,0.49711,0,0
2015-06-16,07:00:00,0.49707,0.49757,0.49702,0.49706,0,0
2015-06-16,08:00:00,0.49706,0.49714,0.4966,0.49666,0,0
2015-06-16,09:00:00,0.49667,0.49689,0.49593,0.49593,0,0
2015-06-16,10:00:00,0.49593,0.49654,0.49545,0.49611,0,0
2015-06-16,11:00:00,0.49611,0.49717,0.49511,0.49706,0,0
2015-06-16,12:00:00,0.49706,0.49737,0.49654,0.49671,0,0
2015-06-16,13:00:00,0.49671,0.49702,0.49617,0.49649,0,0
2015-06-16,14:00:00,0.49649,0.49649,0.49532,0.49551,0,0
2015-06-16,15:00:00,0.49557,0.49628,0.49522,0.49626,0,0
2015-06-16,16:00:00,0.49626,0.49677,0.49592,0.49641,0,0
2015-06-16,17:00:00,0.49641,0.49682,0.49615,0.49615,0,0
2015-06-16,18:00:00,0.49614,0.49662,0.4958,0.4958,0,0
2015-06-16,19:00:00,0.4958,0.49593,0.49547,0.49559,0,0
2015-06-16,20:00:00,0.49558,0.49563,0.49498,0.49504,0,0
2015-06-16,21:00:00,0.49504,0.4951,0.49473,0.49482,0,0
2015-06-16,22:00:00,0.49484,0.49503,0.49475,0.495,0,0
2015-06-16,23:00:00,0.49503,0.49545,0.49487,0.49536,0,0
2015-06-16,23:59:00,0.49533,0.49569,0.4951,0.49525,0,0
2015-06-17,01:00:00,0.49525,0.49572,0.49517,0.49547,0,0
2015-06-17,02:00:00,0.49546,0.49557,0.49518,0.4952,0,0
2015-06-17,03:00:00,0.49521,0.49537,0.49484,0.49537,0,0
2015-06-17,04:00:00,0.49537,0.49546,0.4942,0.49439,0,0
2015-06-17,05:00:00,0.49438,0.49449,0.49385,0.49394,0,0
2015-06-17,06:00:00,0.49394,0.49417,0.49338,0.49416,0,0
2015-06-17,07:00:00,0.49416,0.49416,0.49355,0.49378,0,0
2015-06-17,08:00:00,0.49374,0.49393,0.49346,0.49375,0,0
2015-06-17,09:00:00,0.49376,0.494,0.49309,0.49325,0,0
2015-06-17,10:00:00,0.49321,0.49366,0.49219,0.49283,0,0
2015-06-17,11:00:00,0.49283,0.49284,0.48825,0.48863,0,0
2015-06-17,12:00:00,0.48863,0.48895,0.48815,0.48841,0,0
2015-06-17,13:00:00,0.48843,0.48856,0.48729,0.48742,0,0
2015-06-17,14:00:00,0.48742,0.48859,0.48717,0.48816,0,0
2015-06-17,15:00:00,0.48817,0.48849,0.48774,0.48807,0,0
2015-06-17,16:00:00,0.48811,0.48927,0.48794,0.48856,0,0
2015-06-17,17:00:00,0.48854,0.48873,0.48783,0.48791,0,0
2015-06-17,18:00:00,0.48795,0.48854,0.48785,0.48821,0,0
2015-06-17,19:00:00,0.48821,0.48821,0.48745,0.48771,0,0
2015-06-17,20:00:00,0.48771,0.48814,0.48735,0.4879,0,0
2015-06-17,21:00:00,0.4875,0.48982,0.48695,0.48979,0,0
2015-06-17,22:00:00,0.48962,0.49035,0.48853,0.48903,0,0
2015-06-17,23:00:00,0.48905,0.48987,0.4889,0.48948,0,0
2015-06-17,23:59:00,0.48948,0.48989,0.48927,0.48961,0,0
2015-06-18,01:00:00,0.48951,0.48957,0.4878,0.48871,0,0
2015-06-18,02:00:00,0.48871,0.48892,0.48721,0.48724,0,0
2015-06-18,03:00:00,0.48722,0.4882,0.48666,0.48812,0,0
2015-06-18,04:00:00,0.48812,0.48855,0.48772,0.48819,0,0
2015-06-18,05:00:00,0.48819,0.48834,0.48753,0.48822,0,0
2015-06-18,06:00:00,0.48826,0.48829,0.48743,0.48754,0,0
2015-06-18,07:00:00,0.48755,0.48788,0.48711,0.48785,0,0
2015-06-18,08:00:00,0.48791,0.48892,0.4876,0.48886,0,0
2015-06-18,09:00:00,0.48886,0.48994,0.48874,0.4892,0,0
2015-06-18,10:00:00,0.4892,0.48948,0.48842,0.48899,0,0
2015-06-18,11:00:00,0.48899,0.49012,0.48895,0.49011,0,0
2015-06-18,12:00:00,0.49011,0.49196,0.48957,0.49195,0,0
2015-06-18,13:00:00,0.49196,0.49219,0.49136,0.49167,0,0
2015-06-18,14:00:00,0.49169,0.49244,0.49145,0.4923,0,0
2015-06-18,15:00:00,0.49231,0.49271,0.49173,0.49242,0,0
2015-06-18,16:00:00,0.49243,0.4936,0.49243,0.49328,0,0
2015-06-18,17:00:00,0.4933,0.49338,0.49234,0.49287,0,0
2015-06-18,18:00:00,0.49287,0.49335,0.49272,0.49304,0,0
2015-06-18,19:00:00,0.49304,0.49306,0.49224,0.4923,0,0
2015-06-18,20:00:00,0.4923,0.49251,0.49188,0.49199,0,0
2015-06-18,21:00:00,0.49199,0.49199,0.49109,0.49112,0,0
2015-06-18,22:00:00,0.49109,0.49124,0.49078,0.49102,0,0
2015-06-18,23:00:00,0.49099,0.49142,0.49083,0.49118,0,0
2015-06-18,23:59:00,0.49118,0.49133,0.49093,0.49129,0,0
2015-06-19,01:00:00,0.4912,0.49161,0.49109,0.49149,0,0
2015-06-19,02:00:00,0.49149,0.49149,0.4905,0.49057,0,0
2015-06-19,03:00:00,0.49059,0.49098,0.4899,0.49094,0,0
2015-06-19,04:00:00,0.49094,0.49122,0.49036,0.49063,0,0
2015-06-19,05:00:00,0.49063,0.49067,0.48993,0.49016,0,0
2015-06-19,06:00:00,0.49016,0.49023,0.48967,0.48976,0,0
2015-06-19,07:00:00,0.48976,0.48976,0.48885,0.48926,0,0
2015-06-19,08:00:00,0.48925,0.4895,0.48894,0.48936,0,0
2015-06-19,09:00:00,0.48936,0.48956,0.48905,0.4893,0,0
2015-06-19,10:00:00,0.4893,0.48996,0.48911,0.48965,0,0
2015-06-19,11:00:00,0.48965,0.49014,0.48932,0.49004,0,0
2015-06-19,12:00:00,0.49005,0.49045,0.48865,0.48921,0,0
2015-06-19,13:00:00,0.48918,0.48944,0.48868,0.48926,0,0
2015-06-19,14:00:00,0.48925,0.48996,0.48914,0.48949,0,0
2015-06-19,15:00:00,0.48949,0.4895,0.48815,0.48822,0,0
2015-06-19,16:00:00,0.4882,0.48911,0.48772,0.48879,0,0
2015-06-19,17:00:00,0.4888,0.48886,0.48825,0.48841,0,0
2015-06-19,18:00:00,0.4884,0.48871,0.48774,0.48856,0,0
2015-06-19,19:00:00,0.48856,0.48904,0.48837,0.48877,0,0
2015-06-19,20:00:00,0.48874,0.48919,0.48867,0.48917,0,0
2015-06-19,21:00:00,0.48918,0.48929,0.48889,0.48907,0,0
2015-06-19,22:00:00,0.48907,0.48952,0.48906,0.48948,0,0
2015-06-19,23:00:00,0.4896,0.4896,0.48942,0.48942,0,0
2015-06-22,01:00:00,0.48926,0.48959,0.48902,0.48938,0,0
2015-06-22,02:00:00,0.48938,0.48956,0.48906,0.48926,0,0
2015-06-22,03:00:00,0.48926,0.48969,0.48919,0.4895,0,0
2015-06-22,04:00:00,0.4895,0.49009,0.48945,0.48975,0,0
2015-06-22,05:00:00,0.48974,0.48997,0.48932,0.48932,0,0
2015-06-22,06:00:00,0.48932,0.48973,0.48912,0.48971,0,0
2015-06-22,07:00:00,0.48971,0.48987,0.48923,0.48934,0,0
2015-06-22,08:00:00,0.48935,0.49015,0.48903,0.49014,0,0
2015-06-22,09:00:00,0.49009,0.49044,0.48971,0.48971,0,0
2015-06-22,10:00:00,0.48971,0.49048,0.48959,0.48985,0,0
2015-06-22,11:00:00,0.48985,0.4901,0.48957,0.48988,0,0
2015-06-22,12:00:00,0.48984,0.49055,0.48977,0.49045,0,0
2015-06-22,13:00:00,0.49045,0.49059,0.48986,0.49048,0,0
2015-06-22,14:00:00,0.4905,0.49075,0.4902,0.49043,0,0
2015-06-22,15:00:00,0.49049,0.49149,0.49039,0.49112,0,0
2015-06-22,16:00:00,0.49108,0.49133,0.49042,0.4906,0,0
2015-06-22,17:00:00,0.4906,0.4906,0.48967,0.49045,0,0
2015-06-22,18:00:00,0.49044,0.49046,0.48919,0.48951,0,0
2015-06-22,19:00:00,0.48951,0.48951,0.48832,0.48841,0,0
2015-06-22,20:00:00,0.48841,0.48883,0.48828,0.48862,0,0
2015-06-22,21:00:00,0.48862,0.48894,0.488,0.48813,0,0
2015-06-22,22:00:00,0.48814,0.48859,0.48807,0.48846,0,0
2015-06-22,23:00:00,0.48846,0.48871,0.48824,0.48836,0,0
2015-06-22,23:59:00,0.48836,0.48881,0.48805,0.48856,0,0
2015-06-23,01:00:00,0.48853,0.4887,0.48815,0.48815,0,0
2015-06-23,02:00:00,0.48821,0.48847,0.48805,0.48834,0,0
2015-06-23,03:00:00,0.48834,0.48899,0.48828,0.48867,0,0
2015-06-23,04:00:00,0.48867,0.48902,0.48762,0.48834,0,0
2015-06-23,05:00:00,0.48836,0.48895,0.4881,0.48817,0,0
2015-06-23,06:00:00,0.48818,0.48864,0.48801,0.4883,0,0
2015-06-23,07:00:00,0.4883,0.48858,0.48807,0.48838,0,0
2015-06-23,08:00:00,0.48839,0.48887,0.48825,0.48887,0,0
2015-06-23,09:00:00,0.4889,0.48989,0.48869,0.48959,0,0
2015-06-23,10:00:00,0.48958,0.48985,0.48921,0.48931,0,0
2015-06-23,11:00:00,0.48932,0.48996,0.48909,0.48914,0,0
2015-06-23,12:00:00,0.48915,0.48948,0.48855,0.48883,0,0
2015-06-23,13:00:00,0.48884,0.48949,0.48855,0.48879,0,0
2015-06-23,14:00:00,0.48881,0.4889,0.48828,0.48871,0,0
2015-06-23,15:00:00,0.48871,0.48931,0.48842,0.48866,0,0
2015-06-23,16:00:00,0.48862,0.48929,0.48825,0.48921,0,0
2015-06-23,17:00:00,0.48907,0.49124,0.48907,0.49108,0,0
2015-06-23,18:00:00,0.49109,0.49196,0.49108,0.4913,0,0
2015-06-23,19:00:00,0.49136,0.4918,0.49112,0.49135,0,0
2015-06-23,20:00:00,0.49134,0.49185,0.49122,0.49175,0,0
2015-06-23,21:00:00,0.49178,0.49192,0.49148,0.49187,0,0
2015-06-23,22:00:00,0.49188,0.49192,0.4915,0.49167,0,0
2015-06-23,23:00:00,0.49164,0.49243,0.49163,0.49186,0,0
2015-06-23,23:59:00,0.49186,0.49196,0.49135,0.49186,0,0
2015-06-24,01:00:00,0.49177,0.49213,0.49171,0.49189,0,0
2015-06-24,02:00:00,0.49189,0.49208,0.49177,0.49195,0,0
2015-06-24,03:00:00,0.49196,0.49283,0.49196,0.49227,0,0
2015-06-24,04:00:00,0.49229,0.49247,0.49162,0.49165,0,0
2015-06-24,05:00:00,0.49164,0.49187,0.49132,0.49141,0,0
2015-06-24,06:00:00,0.49141,0.49174,0.49084,0.49103,0,0
2015-06-24,07:00:00,0.49104,0.49125,0.49008,0.49019,0,0
2015-06-24,08:00:00,0.49021,0.49064,0.48998,0.49033,0,0
2015-06-24,09:00:00,0.49035,0.49087,0.48916,0.48925,0,0
2015-06-24,10:00:00,0.48925,0.49073,0.48918,0.49056,0,0
2015-06-24,11:00:00,0.4906,0.49175,0.49026,0.49108,0,0
2015-06-24,12:00:00,0.49106,0.4916,0.49033,0.49119,0,0
2015-06-24,13:00:00,0.49119,0.49168,0.49085,0.49131,0,0
2015-06-24,14:00:00,0.4913,0.49149,0.49078,0.49141,0,0
2015-06-24,15:00:00,0.4914,0.49224,0.4905,0.49056,0,0
2015-06-24,16:00:00,0.49057,0.49066,0.48934,0.4895,0,0
2015-06-24,17:00:00,0.48946,0.48989,0.48893,0.48916,0,0
2015-06-24,18:00:00,0.48916,0.49057,0.489,0.49032,0,0
2015-06-24,19:00:00,0.49032,0.49168,0.4902,0.4912,0,0
2015-06-24,20:00:00,0.4912,0.49161,0.49092,0.49118,0,0
2015-06-24,21:00:00,0.49118,0.49134,0.49076,0.491,0,0
2015-06-24,22:00:00,0.49101,0.49123,0.49075,0.49082,0,0
2015-06-24,23:00:00,0.49085,0.49092,0.49046,0.49054,0,0
2015-06-24,23:59:00,0.49054,0.49077,0.49026,0.49046,0,0
2015-06-25,01:00:00,0.4905,0.49073,0.49016,0.49045,0,0
2015-06-25,02:00:00,0.49045,0.49086,0.49045,0.49074,0,0
2015-06-25,03:00:00,0.49073,0.49181,0.49071,0.49178,0,0
2015-06-25,04:00:00,0.49178,0.49246,0.49167,0.49204,0,0
2015-06-25,05:00:00,0.49204,0.49279,0.49195,0.49262,0,0
2015-06-25,06:00:00,0.49261,0.4936,0.49252,0.49338,0,0
2015-06-25,07:00:00,0.49338,0.49343,0.4929,0.49329,0,0
2015-06-25,08:00:00,0.49333,0.49357,0.49316,0.49341,0,0
2015-06-25,09:00:00,0.4934,0.49372,0.49218,0.4925,0,0
2015-06-25,10:00:00,0.49252,0.49262,0.49165,0.49209,0,0
2015-06-25,11:00:00,0.4921,0.49297,0.49169,0.49273,0,0
2015-06-25,12:00:00,0.49272,0.49387,0.49267,0.49343,0,0
2015-06-25,13:00:00,0.49343,0.49381,0.49224,0.49247,0,0
2015-06-25,14:00:00,0.49247,0.49301,0.49194,0.49205,0,0
2015-06-25,15:00:00,0.49204,0.49227,0.49134,0.49136,0,0
2015-06-25,16:00:00,0.49137,0.49171,0.49071,0.49121,0,0
2015-06-25,17:00:00,0.49119,0.49236,0.4911,0.49232,0,0
2015-06-25,18:00:00,0.49228,0.49261,0.49211,0.49221,0,0
2015-06-25,19:00:00,0.49224,0.49225,0.49198,0.49204,0,0
2015-06-25,20:00:00,0.49208,0.49228,0.49187,0.49216,0,0
2015-06-25,21:00:00,0.49216,0.4922,0.49188,0.49213,0,0
2015-06-25,22:00:00,0.49206,0.49214,0.49175,0.49188,0,0
2015-06-25,23:00:00,0.49183,0.49196,0.49139,0.49147,0,0
2015-06-25,23:59:00,0.49147,0.49155,0.49106,0.49127,0,0
2015-06-26,01:00:00,0.4911,0.49149,0.4911,0.4913,0,0
2015-06-26,02:00:00,0.4913,0.49147,0.49099,0.49099,0,0
2015-06-26,03:00:00,0.49106,0.49134,0.4907,0.49103,0,0
2015-06-26,04:00:00,0.49103,0.49103,0.48992,0.49041,0,0
2015-06-26,05:00:00,0.49041,0.49092,0.49024,0.49046,0,0
2015-06-26,06:00:00,0.49046,0.49067,0.48977,0.49,0,0
2015-06-26,07:00:00,0.49002,0.49077,0.48991,0.49053,0,0
2015-06-26,08:00:00,0.49052,0.49057,0.49006,0.49032,0,0
2015-06-26,09:00:00,0.49032,0.49041,0.48912,0.4893,0,0
2015-06-26,10:00:00,0.4893,0.49011,0.4891,0.48925,0,0
2015-06-26,11:00:00,0.48927,0.48939,0.48859,0.48931,0,0
2015-06-26,12:00:00,0.48929,0.48936,0.48833,0.48853,0,0
2015-06-26,13:00:00,0.48854,0.48925,0.48841,0.48862,0,0
2015-06-26,14:00:00,0.48861,0.48915,0.48696,0.48696,0,0
2015-06-26,15:00:00,0.48696,0.48726,0.48628,0.4863,0,0
2015-06-26,16:00:00,0.48627,0.48671,0.48573,0.4858,0,0
2015-06-26,17:00:00,0.48584,0.48648,0.48507,0.48584,0,0
2015-06-26,18:00:00,0.48584,0.48623,0.48544,0.48601,0,0
2015-06-26,19:00:00,0.48601,0.48636,0.48586,0.4862,0,0
2015-06-26,20:00:00,0.4862,0.48646,0.48599,0.48631,0,0
2015-06-26,21:00:00,0.48631,0.4866,0.48619,0.48643,0,0
2015-06-26,22:00:00,0.48643,0.48651,0.48619,0.48627,0,0
2015-06-26,23:00:00,0.48627,0.48638,0.48627,0.48633,0,0
2015-06-29,01:00:00,0.48611,0.48689,0.48359,0.48489,0,0
2015-06-29,02:00:00,0.48489,0.48647,0.48443,0.4857,0,0
2015-06-29,03:00:00,0.48566,0.48648,0.48475,0.48595,0,0
2015-06-29,04:00:00,0.48595,0.48678,0.48581,0.48658,0,0
2015-06-29,05:00:00,0.48659,0.4895,0.48637,0.48739,0,0
2015-06-29,06:00:00,0.48742,0.48784,0.48692,0.48714,0,0
2015-06-29,07:00:00,0.48713,0.48734,0.48692,0.48709,0,0
2015-06-29,08:00:00,0.48709,0.48724,0.48569,0.48655,0,0
2015-06-29,09:00:00,0.48656,0.48798,0.48603,0.48784,0,0
2015-06-29,10:00:00,0.48774,0.48792,0.48562,0.48711,0,0
2015-06-29,11:00:00,0.48711,0.48772,0.48639,0.48767,0,0
2015-06-29,12:00:00,0.4877,0.4878,0.48687,0.48752,0,0
2015-06-29,13:00:00,0.48752,0.48821,0.4873,0.48819,0,0
2015-06-29,14:00:00,0.48819,0.48857,0.48737,0.48754,0,0
2015-06-29,15:00:00,0.48753,0.48809,0.48692,0.48725,0,0
2015-06-29,16:00:00,0.48725,0.48725,0.48659,0.48693,0,0
2015-06-29,17:00:00,0.48694,0.4874,0.48589,0.486,0,0
2015-06-29,18:00:00,0.486,0.487,0.4857,0.48693,0,0
2015-06-29,19:00:00,0.48693,0.48873,0.48638,0.48834,0,0
2015-06-29,20:00:00,0.48824,0.48975,0.48812,0.48896,0,0
2015-06-29,21:00:00,0.48896,0.48986,0.48878,0.48963,0,0
2015-06-29,22:00:00,0.48962,0.48962,0.48856,0.48863,0,0
2015-06-29,23:00:00,0.48865,0.48885,0.48792,0.48793,0,0
2015-06-29,23:59:00,0.48793,0.48825,0.48761,0.48805,0,0
2015-06-30,01:00:00,0.48814,0.48825,0.48765,0.48785,0,0
2015-06-30,02:00:00,0.4878,0.48836,0.48777,0.48785,0,0
2015-06-30,03:00:00,0.48784,0.48819,0.48721,0.48772,0,0
2015-06-30,04:00:00,0.48771,0.48824,0.48714,0.48809,0,0
2015-06-30,05:00:00,0.48809,0.48809,0.48718,0.48776,0,0
2015-06-30,06:00:00,0.48776,0.48811,0.48717,0.48783,0,0
2015-06-30,07:00:00,0.48798,0.48804,0.48743,0.48795,0,0
2015-06-30,08:00:00,0.48794,0.48851,0.48771,0.48836,0,0
2015-06-30,09:00:00,0.48835,0.48946,0.4883,0.48858,0,0
2015-06-30,10:00:00,0.48865,0.48928,0.48824,0.48916,0,0
2015-06-30,11:00:00,0.48908,0.48908,0.48744,0.48854,0,0
2015-06-30,12:00:00,0.48853,0.48924,0.48786,0.48801,0,0
2015-06-30,13:00:00,0.48805,0.489,0.48763,0.48845,0,0
2015-06-30,14:00:00,0.48846,0.48961,0.48842,0.4893,0,0
2015-06-30,15:00:00,0.48932,0.48958,0.48848,0.48914,0,0
2015-06-30,16:00:00,0.48916,0.49013,0.48895,0.48978,0,0
2015-06-30,17:00:00,0.48979,0.48999,0.48853,0.48862,0,0
2015-06-30,18:00:00,0.48862,0.48986,0.48855,0.48983,0,0
2015-06-30,19:00:00,0.48988,0.49061,0.48963,0.49021,0,0
2015-06-30,20:00:00,0.49023,0.49043,0.48952,0.48975,0,0
2015-06-30,21:00:00,0.48973,0.49049,0.48943,0.49042,0,0
2015-06-30,22:00:00,0.49041,0.491,0.49033,0.491,0,0
2015-06-30,23:00:00,0.49099,0.49109,0.4904,0.49059,0,0
2015-06-30,23:59:00,0.49066,0.49075,0.49005,0.49031,0,0
2015-07-01,01:00:00,0.49047,0.49076,0.48983,0.49051,0,0
2015-07-01,02:00:00,0.49052,0.49096,0.49029,0.49038,0,0
2015-07-01,03:00:00,0.49049,0.49151,0.49024,0.49097,0,0
2015-07-01,04:00:00,0.49097,0.49202,0.49037,0.49162,0,0
2015-07-01,05:00:00,0.49162,0.49287,0.4916,0.49213,0,0
2015-07-01,06:00:00,0.49213,0.49263,0.49204,0.49237,0,0
2015-07-01,07:00:00,0.49237,0.49237,0.49144,0.49148,0,0
2015-07-01,08:00:00,0.49148,0.4917,0.49107,0.49148,0,0
2015-07-01,09:00:00,0.49148,0.49164,0.49056,0.49147,0,0
2015-07-01,10:00:00,0.49148,0.49153,0.49072,0.49094,0,0
2015-07-01,11:00:00,0.49102,0.49254,0.4899,0.49234,0,0
2015-07-01,12:00:00,0.49241,0.49283,0.49224,0.49227,0,0
2015-07-01,13:00:00,0.49227,0.4925,0.49186,0.49186,0,0
2015-07-01,14:00:00,0.49195,0.49195,0.49073,0.49083,0,0
2015-07-01,15:00:00,0.49083,0.49095,0.49,0.4906,0,0
2015-07-01,16:00:00,0.4906,0.49066,0.48929,0.48995,0,0
2015-07-01,17:00:00,0.48994,0.49089,0.48971,0.49038,0,0
2015-07-01,18:00:00,0.49035,0.49102,0.49009,0.49068,0,0
2015-07-01,19:00:00,0.49068,0.49089,0.4904,0.49049,0,0
2015-07-01,20:00:00,0.49049,0.49076,0.49025,0.49075,0,0
2015-07-01,21:00:00,0.49077,0.49085,0.48981,0.49004,0,0
2015-07-01,22:00:00,0.49,0.49028,0.4897,0.48984,0,0
2015-07-01,23:00:00,0.48981,0.49004,0.48952,0.48952,0,0
2015-07-01,23:59:00,0.48951,0.49002,0.4894,0.48982,0,0
2015-07-02,01:00:00,0.4898,0.48989,0.489,0.48932,0,0
2015-07-02,02:00:00,0.48932,0.48957,0.48907,0.48948,0,0
2015-07-02,03:00:00,0.48947,0.49025,0.48946,0.49025,0,0
2015-07-02,04:00:00,0.49025,0.49045,0.48896,0.48966,0,0
2015-07-02,05:00:00,0.4897,0.48974,0.48927,0.48959,0,0
2015-07-02,06:00:00,0.48959,0.49045,0.48952,0.49023,0,0
2015-07-02,07:00:00,0.49026,0.49033,0.48975,0.48993,0,0
2015-07-02,08:00:00,0.48997,0.49011,0.4896,0.48984,0,0
2015-07-02,09:00:00,0.48985,0.49008,0.48864,0.48939,0,0
2015-07-02,10:00:00,0.48939,0.48939,0.48819,0.48838,0,0
2015-07-02,11:00:00,0.48841,0.48851,0.48711,0.4874,0,0
2015-07-02,12:00:00,0.48738,0.48756,0.48696,0.48729,0,0
2015-07-02,13:00:00,0.48727,0.48774,0.48677,0.48758,0,0
2015-07-02,14:00:00,0.48758,0.48759,0.48685,0.48722,0,0
2015-07-02,15:00:00,0.48722,0.48885,0.48718,0.48818,0,0
2015-07-02,16:00:00,0.48818,0.48856,0.4879,0.48792,0,0
2015-07-02,17:00:00,0.48792,0.48908,0.48792,0.48907,0,0
2015-07-02,18:00:00,0.48906,0.48916,0.48841,0.48861,0,0
2015-07-02,19:00:00,0.48861,0.4891,0.48858,0.48909,0,0
2015-07-02,20:00:00,0.48909,0.48909,0.48862,0.48871,0,0
2015-07-02,21:00:00,0.48869,0.48876,0.48853,0.48859,0,0
2015-07-02,22:00:00,0.48859,0.48921,0.48857,0.48908,0,0
2015-07-02,23:00:00,0.48907,0.48934,0.48893,0.48894,0,0
2015-07-02,23:59:00,0.48893,0.4892,0.48888,0.48916,0,0
2015-07-03,01:00:00,0.48918,0.48942,0.48887,0.48923,0,0
2015-07-03,02:00:00,0.48923,0.48932,0.48902,0.48923,0,0
2015-07-03,03:00:00,0.48923,0.48975,0.48905,0.48952,0,0
2015-07-03,04:00:00,0.48953,0.48966,0.4865,0.48667,0,0
2015-07-03,05:00:00,0.48666,0.48685,0.48564,0.48576,0,0
2015-07-03,06:00:00,0.48582,0.48606,0.48491,0.48579,0,0
2015-07-03,07:00:00,0.48579,0.4866,0.48557,0.48607,0,0
2015-07-03,08:00:00,0.48615,0.4865,0.48566,0.48593,0,0
2015-07-03,09:00:00,0.48591,0.48609,0.48551,0.48579,0,0
2015-07-03,10:00:00,0.48582,0.48586,0.48393,0.48424,0,0
2015-07-03,11:00:00,0.48424,0.48431,0.48232,0.48247,0,0
2015-07-03,12:00:00,0.48247,0.48293,0.48167,0.48216,0,0
2015-07-03,13:00:00,0.48216,0.48219,0.48044,0.48101,0,0
2015-07-03,14:00:00,0.48099,0.4821,0.48097,0.48145,0,0
2015-07-03,15:00:00,0.48145,0.48192,0.48117,0.48176,0,0
2015-07-03,16:00:00,0.48177,0.48189,0.48093,0.48144,0,0
2015-07-03,17:00:00,0.48139,0.48185,0.4809,0.48183,0,0
2015-07-03,18:00:00,0.48183,0.48275,0.4816,0.48259,0,0
2015-07-03,19:00:00,0.48255,0.48297,0.48235,0.48263,0,0
2015-07-03,20:00:00,0.48261,0.48346,0.4825,0.48292,0,0
2015-07-03,21:00:00,0.48292,0.48324,0.48239,0.48245,0,0
2015-07-03,22:00:00,0.48245,0.48329,0.48227,0.48302,0,0
2015-07-03,23:00:00,0.48302,0.48304,0.48289,0.4829,0,0
2015-07-06,01:00:00,0.48028,0.48159,0.48002,0.48124,0,0
2015-07-06,02:00:00,0.48124,0.48237,0.48116,0.48137,0,0
2015-07-06,03:00:00,0.48132,0.48308,0.48132,0.48299,0,0
2015-07-06,04:00:00,0.48299,0.48311,0.48207,0.48233,0,0
2015-07-06,05:00:00,0.48232,0.48234,0.48086,0.48192,0,0
2015-07-06,06:00:00,0.48192,0.48199,0.48064,0.48099,0,0
2015-07-06,07:00:00,0.48099,0.48116,0.48006,0.48073,0,0
2015-07-06,08:00:00,0.48073,0.48097,0.47963,0.48037,0,0
2015-07-06,09:00:00,0.48041,0.48294,0.48029,0.48283,0,0
2015-07-06,10:00:00,0.48288,0.48364,0.48199,0.48234,0,0
2015-07-06,11:00:00,0.48235,0.48269,0.48185,0.48202,0,0
2015-07-06,12:00:00,0.48202,0.48266,0.48171,0.48265,0,0
2015-07-06,13:00:00,0.48265,0.4828,0.48113,0.48137,0,0
2015-07-06,14:00:00,0.48137,0.48183,0.48104,0.48159,0,0
2015-07-06,15:00:00,0.48157,0.48266,0.48153,0.48258,0,0
2015-07-06,16:00:00,0.48258,0.48319,0.48244,0.48286,0,0
2015-07-06,17:00:00,0.48274,0.48356,0.48217,0.48261,0,0
2015-07-06,18:00:00,0.48261,0.48261,0.48129,0.48142,0,0
2015-07-06,19:00:00,0.48142,0.48205,0.48095,0.4812,0,0
2015-07-06,20:00:00,0.4812,0.48149,0.48086,0.48092,0,0
2015-07-06,21:00:00,0.48095,0.48105,0.48025,0.48038,0,0
2015-07-06,22:00:00,0.48037,0.48067,0.48009,0.48055,0,0
2015-07-06,23:00:00,0.48056,0.48062,0.48021,0.48054,0,0
2015-07-06,23:59:00,0.48054,0.48077,0.48027,0.48057,0,0
2015-07-07,01:00:00,0.48058,0.48073,0.4801,0.48012,0,0
2015-07-07,02:00:00,0.48012,0.48019,0.4792,0.47923,0,0
2015-07-07,03:00:00,0.47922,0.48017,0.47919,0.47951,0,0
2015-07-07,04:00:00,0.47951,0.4801,0.47922,0.48,0,0
2015-07-07,05:00:00,0.48002,0.4803,0.47974,0.47976,0,0
2015-07-07,06:00:00,0.47976,0.47985,0.47904,0.47919,0,0
2015-07-07,07:00:00,0.47922,0.48029,0.47874,0.48004,0,0
2015-07-07,08:00:00,0.48002,0.48084,0.48002,0.48011,0,0
2015-07-07,09:00:00,0.48011,0.48139,0.47981,0.48075,0,0
2015-07-07,10:00:00,0.48075,0.48127,0.47837,0.4786,0,0
2015-07-07,11:00:00,0.4786,0.47991,0.47777,0.47972,0,0
2015-07-07,12:00:00,0.47966,0.48032,0.4793,0.48006,0,0
2015-07-07,13:00:00,0.48006,0.48119,0.47937,0.48097,0,0
2015-07-07,14:00:00,0.48095,0.48146,0.48067,0.4808,0,0
2015-07-07,15:00:00,0.48079,0.48143,0.48026,0.48117,0,0
2015-07-07,16:00:00,0.48118,0.48122,0.47968,0.47984,0,0
2015-07-07,17:00:00,0.47983,0.48164,0.47941,0.48151,0,0
2015-07-07,18:00:00,0.48157,0.48178,0.48086,0.48151,0,0
2015-07-07,19:00:00,0.48142,0.48184,0.48127,0.48133,0,0
2015-07-07,20:00:00,0.48133,0.48184,0.48121,0.48132,0,0
2015-07-07,21:00:00,0.48132,0.48175,0.48099,0.4817,0,0
2015-07-07,22:00:00,0.48172,0.48291,0.48159,0.48179,0,0
2015-07-07,23:00:00,0.4818,0.48214,0.48134,0.48194,0,0
2015-07-07,23:59:00,0.48194,0.48197,0.48147,0.48164,0,0
2015-07-08,01:00:00,0.48167,0.48189,0.48148,0.4818,0,0
2015-07-08,02:00:00,0.4818,0.48242,0.48167,0.48216,0,0
2015-07-08,03:00:00,0.48215,0.48231,0.48121,0.48127,0,0
2015-07-08,04:00:00,0.48127,0.48129,0.4791,0.48035,0,0
2015-07-08,05:00:00,0.48035,0.48112,0.48014,0.48046,0,0
2015-07-08,06:00:00,0.4805,0.48067,0.47983,0.48028,0,0
2015-07-08,07:00:00,0.48028,0.48084,0.47942,0.47991,0,0
2015-07-08,08:00:00,0.47991,0.48055,0.47923,0.47928,0,0
2015-07-08,09:00:00,0.47919,0.47947,0.47782,0.47864,0,0
2015-07-08,10:00:00,0.47865,0.47961,0.47828,0.47916,0,0
2015-07-08,11:00:00,0.47916,0.48028,0.47903,0.48021,0,0
2015-07-08,12:00:00,0.48024,0.482,0.48024,0.48152,0,0
2015-07-08,13:00:00,0.48152,0.48318,0.48122,0.48294,0,0
2015-07-08,14:00:00,0.48295,0.48411,0.48246,0.4829,0,0
2015-07-08,15:00:00,0.48291,0.48314,0.48197,0.48274,0,0
2015-07-08,16:00:00,0.48275,0.48413,0.48231,0.48324,0,0
2015-07-08,17:00:00,0.48328,0.48465,0.48298,0.4844,0,0
2015-07-08,18:00:00,0.48447,0.48508,0.48424,0.48488,0,0
2015-07-08,19:00:00,0.4849,0.48529,0.48456,0.48482,0,0
2015-07-08,20:00:00,0.48482,0.48505,0.48441,0.48451,0,0
2015-07-08,21:00:00,0.48452,0.4848,0.48317,0.48317,0,0
2015-07-08,22:00:00,0.48321,0.48372,0.48321,0.48331,0,0
2015-07-08,23:00:00,0.48332,0.48368,0.48312,0.48364,0,0
2015-07-08,23:59:00,0.48364,0.48376,0.4833,0.48336,0,0
2015-07-09,01:00:00,0.4834,0.48356,0.48297,0.48347,0,0
2015-07-09,02:00:00,0.48347,0.48355,0.48259,0.48292,0,0
2015-07-09,03:00:00,0.48292,0.48296,0.48126,0.48191,0,0
2015-07-09,04:00:00,0.48191,0.48488,0.48185,0.48429,0,0
2015-07-09,05:00:00,0.48429,0.48614,0.48416,0.48507,0,0
2015-07-09,06:00:00,0.485,0.48577,0.48472,0.48526,0,0
2015-07-09,07:00:00,0.48527,0.48557,0.48471,0.48553,0,0
2015-07-09,08:00:00,0.48553,0.48677,0.48544,0.48589,0,0
2015-07-09,09:00:00,0.48587,0.4861,0.48527,0.48577,0,0
2015-07-09,10:00:00,0.48577,0.48622,0.48455,0.48482,0,0
2015-07-09,11:00:00,0.48482,0.48549,0.48439,0.4845,0,0
2015-07-09,12:00:00,0.48447,0.4846,0.48248,0.48275,0,0
2015-07-09,13:00:00,0.48279,0.48307,0.48222,0.48289,0,0
2015-07-09,14:00:00,0.48287,0.484,0.48287,0.48384,0,0
2015-07-09,15:00:00,0.48384,0.48509,0.48373,0.48455,0,0
2015-07-09,16:00:00,0.48458,0.48467,0.48355,0.48358,0,0
2015-07-09,17:00:00,0.48357,0.48366,0.48238,0.48273,0,0
2015-07-09,18:00:00,0.48272,0.48386,0.48271,0.48373,0,0
2015-07-09,19:00:00,0.48374,0.48471,0.4837,0.4846,0,0
2015-07-09,20:00:00,0.48457,0.48467,0.48398,0.48439,0,0
2015-07-09,21:00:00,0.48437,0.48448,0.48404,0.48448,0,0
2015-07-09,22:00:00,0.48448,0.48451,0.48372,0.48425,0,0
2015-07-09,23:00:00,0.48428,0.48513,0.48398,0.48424,0,0
2015-07-09,23:59:00,0.48423,0.48482,0.48418,0.48452,0,0
2015-07-10,01:00:00,0.48453,0.48585,0.48426,0.485,0,0
2015-07-10,02:00:00,0.485,0.48541,0.48477,0.4853,0,0
2015-07-10,03:00:00,0.4853,0.48638,0.48499,0.48615,0,0
2015-07-10,04:00:00,0.4861,0.48677,0.48596,0.48613,0,0
2015-07-10,05:00:00,0.48613,0.48685,0.48596,0.48644,0,0
2015-07-10,06:00:00,0.48644,0.48654,0.48581,0.48629,0,0
2015-07-10,07:00:00,0.48629,0.48654,0.48576,0.48576,0,0
2015-07-10,08:00:00,0.48576,0.48604,0.48511,0.48574,0,0
2015-07-10,09:00:00,0.4857,0.48613,0.48471,0.48501,0,0
2015-07-10,10:00:00,0.48501,0.48511,0.48288,0.48293,0,0
2015-07-10,11:00:00,0.48295,0.483,0.482,0.48215,0,0
2015-07-10,12:00:00,0.48215,0.48262,0.48144,0.48229,0,0
2015-07-10,13:00:00,0.4823,0.48254,0.48147,0.48183,0,0
2015-07-10,14:00:00,0.48183,0.48229,0.48082,0.48119,0,0
2015-07-10,15:00:00,0.4813,0.48155,0.4806,0.48065,0,0
2015-07-10,16:00:00,0.48065,0.48107,0.47823,0.47862,0,0
2015-07-10,17:00:00,0.47862,0.4791,0.47823,0.47842,0,0
2015-07-10,18:00:00,0.47844,0.47936,0.47803,0.47902,0,0
2015-07-10,19:00:00,0.47902,0.47954,0.47878,0.47922,0,0
2015-07-10,20:00:00,0.47922,0.47934,0.47857,0.47871,0,0
2015-07-10,21:00:00,0.47872,0.47973,0.47872,0.47973,0,0
2015-07-10,22:00:00,0.47967,0.48014,0.47941,0.47989,0,0
2015-07-10,23:00:00,0.47989,0.47996,0.47979,0.47979,0,0
2015-07-13,01:00:00,0.47832,0.47977,0.47815,0.47909,0,0
2015-07-13,02:00:00,0.47909,0.47967,0.47833,0.47834,0,0
2015-07-13,03:00:00,0.47829,0.4793,0.47822,0.4793,0,0
2015-07-13,04:00:00,0.4793,0.4795,0.47884,0.47915,0,0
2015-07-13,05:00:00,0.47914,0.4801,0.47914,0.48002,0,0
2015-07-13,06:00:00,0.48,0.48116,0.47967,0.47991,0,0
2015-07-13,07:00:00,0.47988,0.48042,0.47971,0.48019,0,0
2015-07-13,08:00:00,0.48015,0.48073,0.47996,0.48005,0,0
2015-07-13,09:00:00,0.48001,0.48083,0.47914,0.47984,0,0
2015-07-13,10:00:00,0.47978,0.48019,0.47743,0.47849,0,0
2015-07-13,11:00:00,0.47849,0.47849,0.47734,0.47816,0,0
2015-07-13,12:00:00,0.47816,0.47882,0.47677,0.47752,0,0
2015-07-13,13:00:00,0.47757,0.47789,0.47692,0.47748,0,0
2015-07-13,14:00:00,0.47748,0.47845,0.47731,0.47845,0,0
2015-07-13,15:00:00,0.47845,0.47852,0.4774,0.47759,0,0
2015-07-13,16:00:00,0.47757,0.47757,0.47632,0.47691,0,0
2015-07-13,17:00:00,0.47689,0.4769,0.47535,0.47565,0,0
2015-07-13,18:00:00,0.47561,0.47738,0.47548,0.47732,0,0
2015-07-13,19:00:00,0.47732,0.47806,0.4772,0.47802,0,0
2015-07-13,20:00:00,0.47802,0.47817,0.4775,0.478,0,0
2015-07-13,21:00:00,0.478,0.47846,0.47786,0.47829,0,0
2015-07-13,22:00:00,0.47829,0.47878,0.47817,0.47827,0,0
2015-07-13,23:00:00,0.47827,0.47854,0.47806,0.47821,0,0
2015-07-13,23:59:00,0.47821,0.47866,0.47779,0.47795,0,0
2015-07-14,01:00:00,0.47793,0.47817,0.47757,0.47764,0,0
2015-07-14,02:00:00,0.47764,0.47795,0.47739,0.47749,0,0
2015-07-14,03:00:00,0.47751,0.47858,0.47736,0.47857,0,0
2015-07-14,04:00:00,0.47857,0.47974,0.47787,0.47929,0,0
2015-07-14,05:00:00,0.47929,0.47983,0.47927,0.47955,0,0
2015-07-14,06:00:00,0.47958,0.47997,0.47937,0.47953,0,0
2015-07-14,07:00:00,0.47953,0.4799,0.47943,0.47946,0,0
2015-07-14,08:00:00,0.47946,0.48,0.47907,0.47979,0,0
2015-07-14,09:00:00,0.47979,0.48076,0.4797,0.48031,0,0
2015-07-14,10:00:00,0.48033,0.48069,0.48006,0.48022,0,0
2015-07-14,11:00:00,0.48026,0.48064,0.47954,0.47977,0,0
2015-07-14,12:00:00,0.47977,0.48009,0.47646,0.47674,0,0
2015-07-14,13:00:00,0.47676,0.47761,0.4766,0.47722,0,0
2015-07-14,14:00:00,0.4772,0.47748,0.47666,0.47721,0,0
2015-07-14,15:00:00,0.47727,0.479,0.47727,0.47782,0,0
2015-07-14,16:00:00,0.47781,0.47849,0.47747,0.47794,0,0
2015-07-14,17:00:00,0.47802,0.47887,0.47786,0.47835,0,0
2015-07-14,18:00:00,0.47836,0.47858,0.47751,0.47796,0,0
2015-07-14,19:00:00,0.47796,0.47837,0.4779,0.47817,0,0
2015-07-14,20:00:00,0.47817,0.4783,0.47658,0.4766,0,0
2015-07-14,21:00:00,0.4766,0.47674,0.47627,0.47646,0,0
2015-07-14,22:00:00,0.47646,0.47677,0.47642,0.47644,0,0
2015-07-14,23:00:00,0.47644,0.47681,0.47636,0.47658,0,0
2015-07-14,23:59:00,0.47658,0.47682,0.47641,0.47668,0,0
2015-07-15,01:00:00,0.47657,0.47682,0.47649,0.47661,0,0
2015-07-15,02:00:00,0.4766,0.47666,0.47614,0.47629,0,0
2015-07-15,03:00:00,0.4763,0.47678,0.47583,0.47598,0,0
2015-07-15,04:00:00,0.47598,0.47757,0.47584,0.47661,0,0
2015-07-15,05:00:00,0.47661,0.47847,0.47661,0.47749,0,0
2015-07-15,06:00:00,0.47749,0.47783,0.47715,0.47744,0,0
2015-07-15,07:00:00,0.47744,0.4777,0.47722,0.47749,0,0
2015-07-15,08:00:00,0.4775,0.47766,0.47662,0.47694,0,0
2015-07-15,09:00:00,0.47696,0.47814,0.47681,0.47708,0,0
2015-07-15,10:00:00,0.47705,0.47719,0.4764,0.47659,0,0
2015-07-15,11:00:00,0.47659,0.47796,0.47612,0.4767,0,0
2015-07-15,12:00:00,0.47671,0.47786,0.4766,0.47737,0,0
2015-07-15,13:00:00,0.47738,0.47756,0.47677,0.47686,0,0
2015-07-15,14:00:00,0.47686,0.4776,0.47683,0.47749,0,0
2015-07-15,15:00:00,0.47749,0.47836,0.47646,0.47679,0,0
2015-07-15,16:00:00,0.47679,0.47695,0.47571,0.47605,0,0
2015-07-15,17:00:00,0.47605,0.47605,0.47393,0.474,0,0
2015-07-15,18:00:00,0.47398,0.47416,0.47152,0.47157,0,0
2015-07-15,19:00:00,0.47157,0.47171,0.47058,0.47147,0,0
2015-07-15,20:00:00,0.47144,0.47173,0.47093,0.47105,0,0
2015-07-15,21:00:00,0.47105,0.47176,0.47099,0.47163,0,0
2015-07-15,22:00:00,0.4716,0.47206,0.47144,0.4718,0,0
2015-07-15,23:00:00,0.47181,0.47204,0.47147,0.47175,0,0
2015-07-15,23:59:00,0.47179,0.47214,0.4715,0.47212,0,0
2015-07-16,01:00:00,0.47203,0.47251,0.47156,0.47208,0,0
2015-07-16,02:00:00,0.47208,0.47259,0.47141,0.47162,0,0
2015-07-16,03:00:00,0.47161,0.47187,0.47119,0.47152,0,0
2015-07-16,04:00:00,0.47143,0.47182,0.47098,0.47151,0,0
2015-07-16,05:00:00,0.47149,0.47183,0.47117,0.47183,0,0
2015-07-16,06:00:00,0.47183,0.4721,0.4714,0.47164,0,0
2015-07-16,07:00:00,0.47164,0.4718,0.47073,0.47115,0,0
2015-07-16,08:00:00,0.47114,0.47142,0.47075,0.47117,0,0
2015-07-16,09:00:00,0.47116,0.47291,0.47111,0.47226,0,0
2015-07-16,10:00:00,0.47226,0.47245,0.4711,0.47213,0,0
2015-07-16,11:00:00,0.47212,0.4731,0.47199,0.47304,0,0
2015-07-16,12:00:00,0.47304,0.47381,0.47272,0.4735,0,0
2015-07-16,13:00:00,0.47351,0.47406,0.47294,0.47378,0,0
2015-07-16,14:00:00,0.47378,0.47509,0.47361,0.47469,0,0
2015-07-16,15:00:00,0.47467,0.47494,0.47397,0.4745,0,0
2015-07-16,16:00:00,0.47453,0.47602,0.47443,0.47575,0,0
2015-07-16,17:00:00,0.47567,0.47636,0.47555,0.47602,0,0
2015-07-16,18:00:00,0.47602,0.47635,0.47539,0.47624,0,0
2015-07-16,19:00:00,0.47624,0.47631,0.47506,0.4752,0,0
2015-07-16,20:00:00,0.4752,0.47537,0.47428,0.47431,0,0
2015-07-16,21:00:00,0.47428,0.47457,0.47385,0.4744,0,0
2015-07-16,22:00:00,0.47442,0.47465,0.47418,0.47418,0,0
2015-07-16,23:00:00,0.47426,0.47454,0.47405,0.47436,0,0
2015-07-16,23:59:00,0.47436,0.47477,0.47434,0.47457,0,0
2015-07-17,01:00:00,0.47457,0.47496,0.47443,0.47487,0,0
2015-07-17,02:00:00,0.47485,0.47503,0.47462,0.47489,0,0
2015-07-17,03:00:00,0.47489,0.47511,0.47468,0.47489,0,0
2015-07-17,04:00:00,0.4749,0.47511,0.47457,0.47457,0,0
2015-07-17,05:00:00,0.47457,0.47472,0.4741,0.4743,0,0
2015-07-17,06:00:00,0.4743,0.4745,0.47415,0.47418,0,0
2015-07-17,07:00:00,0.47419,0.47452,0.47386,0.47446,0,0
2015-07-17,08:00:00,0.47445,0.47457,0.47398,0.47424,0,0
2015-07-17,09:00:00,0.47424,0.47434,0.47268,0.47296,0,0
2015-07-17,10:00:00,0.47296,0.47311,0.47244,0.47261,0,0
2015-07-17,11:00:00,0.47261,0.47333,0.47259,0.4727,0,0
2015-07-17,12:00:00,0.47268,0.47319,0.47244,0.47309,0,0
2015-07-17,13:00:00,0.47311,0.4739,0.47308,0.47386,0,0
2015-07-17,14:00:00,0.47386,0.47429,0.47375,0.47429,0,0
2015-07-17,15:00:00,0.47429,0.4754,0.47356,0.47371,0,0
2015-07-17,16:00:00,0.4737,0.47422,0.47333,0.47333,0,0
2015-07-17,17:00:00,0.47333,0.47363,0.4718,0.47225,0,0
2015-07-17,18:00:00,0.47231,0.4725,0.4716,0.47173,0,0
2015-07-17,19:00:00,0.47173,0.47231,0.47167,0.47217,0,0
2015-07-17,20:00:00,0.47224,0.47276,0.47214,0.47264,0,0
2015-07-17,21:00:00,0.47264,0.47278,0.47241,0.47255,0,0
2015-07-17,22:00:00,0.47255,0.47303,0.47248,0.47302,0,0
2015-07-17,23:00:00,0.47303,0.47303,0.473,0.47301,0,0
2015-07-20,01:00:00,0.4726,0.47288,0.47241,0.47271,0,0
2015-07-20,02:00:00,0.47271,0.47273,0.47215,0.47219,0,0
2015-07-20,03:00:00,0.47222,0.47247,0.47201,0.47236,0,0
2015-07-20,04:00:00,0.47236,0.47269,0.4715,0.47179,0,0
2015-07-20,05:00:00,0.47163,0.47224,0.47074,0.471,0,0
2015-07-20,06:00:00,0.4709,0.4712,0.47019,0.4707,0,0
2015-07-20,07:00:00,0.47067,0.47197,0.47057,0.47185,0,0
2015-07-20,08:00:00,0.47181,0.47219,0.47134,0.47213,0,0
2015-07-20,09:00:00,0.47212,0.47359,0.47193,0.47314,0,0
2015-07-20,10:00:00,0.47352,0.47379,0.47295,0.47379,0,0
2015-07-20,11:00:00,0.47369,0.47402,0.4729,0.47373,0,0
2015-07-20,12:00:00,0.47381,0.47505,0.47349,0.4739,0,0
2015-07-20,13:00:00,0.47397,0.47457,0.47366,0.47393,0,0
2015-07-20,14:00:00,0.47403,0.47469,0.47356,0.47432,0,0
2015-07-20,15:00:00,0.47461,0.47461,0.47394,0.47406,0,0
2015-07-20,16:00:00,0.47418,0.47439,0.47259,0.47259,0,0
2015-07-20,17:00:00,0.47247,0.47366,0.4722,0.47308,0,0
2015-07-20,18:00:00,0.47298,0.47382,0.47298,0.47345,0,0
2015-07-20,19:00:00,0.47348,0.47374,0.4733,0.47347,0,0
2015-07-20,20:00:00,0.47348,0.47389,0.47337,0.47366,0,0
2015-07-20,21:00:00,0.47366,0.47394,0.47357,0.47371,0,0
2015-07-20,22:00:00,0.47367,0.47426,0.47364,0.47375,0,0
2015-07-20,23:00:00,0.47375,0.47388,0.47351,0.47365,0,0
2015-07-20,23:59:00,0.47365,0.4738,0.47334,0.4736,0,0
