Date,Time,Open,High,Low,Close,Volume,OpenInt
2015-04-22,01:00:00,92.3419,92.3753,92.2715,92.3283,0,0
2015-04-22,02:00:00,92.3283,92.354,92.2771,92.2928,0,0
2015-04-22,03:00:00,92.2928,92.3711,92.2388,92.3562,0,0
2015-04-22,04:00:00,92.3609,92.9953,92.3265,92.8748,0,0
2015-04-22,05:00:00,92.8813,92.9917,92.8564,92.8965,0,0
2015-04-22,06:00:00,92.8965,92.923,92.7899,92.8321,0,0
2015-04-22,07:00:00,92.8249,92.9299,92.8152,92.9119,0,0
2015-04-22,08:00:00,92.9119,92.9238,92.8182,92.8703,0,0
2015-04-22,09:00:00,92.8636,92.9989,92.8108,92.9334,0,0
2015-04-22,10:00:00,92.9348,93.1297,92.931,93.0448,0,0
2015-04-22,11:00:00,93.0464,93.2043,92.89,93.122,0,0
2015-04-22,12:00:00,93.1281,93.1934,93.0743,93.1516,0,0
2015-04-22,13:00:00,93.1501,93.1932,93.0523,93.0675,0,0
2015-04-22,14:00:00,93.0729,93.1691,93.0114,93.0387,0,0
2015-04-22,15:00:00,93.035,93.1706,92.985,93.0568,0,0
2015-04-22,16:00:00,93.0581,93.0926,92.8849,93.0426,0,0
2015-04-22,17:00:00,93.0407,93.1083,92.8584,93.0164,0,0
2015-04-22,18:00:00,93.0132,93.1941,92.9712,93.1654,0,0
2015-04-22,19:00:00,93.1654,93.1854,93.0575,93.1343,0,0
2015-04-22,20:00:00,93.132,93.2057,93.1267,93.1512,0,0
2015-04-22,21:00:00,93.1528,93.1993,93.0965,93.1472,0,0
2015-04-22,22:00:00,93.1502,93.1884,93.0774,93.1045,0,0
2015-04-22,23:00:00,93.1068,93.1068,92.9143,92.9989,0,0
2015-04-22,23:59:00,92.9997,93.0514,92.8831,92.9279,0,0
2015-04-23,01:00:00,92.9272,92.9594,92.8648,92.9465,0,0
2015-04-23,02:00:00,92.9479,93.0262,92.9211,92.9211,0,0
2015-04-23,03:00:00,92.9065,92.9566,92.695,92.8353,0,0
2015-04-23,04:00:00,92.836,92.9282,92.6628,92.8195,0,0
2015-04-23,05:00:00,92.817,92.9089,92.6574,92.7143,0,0
2015-04-23,06:00:00,92.726,92.9076,92.6987,92.8947,0,0
2015-04-23,07:00:00,92.906,92.9956,92.855,92.8889,0,0
2015-04-23,08:00:00,92.8883,92.9351,92.8088,92.8451,0,0
2015-04-23,09:00:00,92.8472,92.8669,92.5846,92.597,0,0
2015-04-23,10:00:00,92.5983,92.7247,92.591,92.6977,0,0
2015-04-23,11:00:00,92.6984,92.8396,92.6747,92.8165,0,0
2015-04-23,12:00:00,92.8153,92.8732,92.6658,92.6901,0,0
2015-04-23,13:00:00,92.6916,92.7351,92.5562,92.628,0,0
2015-04-23,14:00:00,92.624,92.8648,92.617,92.7994,0,0
2015-04-23,15:00:00,92.8026,92.8361,92.6299,92.6899,0,0
2015-04-23,16:00:00,92.6876,92.8435,92.6855,92.8312,0,0
2015-04-23,17:00:00,92.8231,93.0865,92.7742,92.9553,0,0
2015-04-23,18:00:00,92.9621,93.1565,92.9474,93.1489,0,0
2015-04-23,19:00:00,93.148,93.1788,93.0412,93.1406,0,0
2015-04-23,20:00:00,93.145,93.1854,93.0283,93.0396,0,0
2015-04-23,21:00:00,93.0374,93.0644,92.9129,92.9367,0,0
2015-04-23,22:00:00,92.9412,92.9859,92.9127,92.9851,0,0
2015-04-23,23:00:00,92.9768,93.0777,92.9723,93.0187,0,0
2015-04-23,23:59:00,93.0195,93.0619,92.9759,93.0504,0,0
2015-04-24,01:00:00,93.0496,93.0683,92.9955,93.0284,0,0
2015-04-24,02:00:00,93.0292,93.035,92.9588,92.9739,0,0
2015-04-24,03:00:00,92.9709,93.1336,92.9222,93.1066,0,0
2015-04-24,04:00:00,93.1138,93.1497,92.9126,92.9262,0,0
2015-04-24,05:00:00,92.9312,92.9553,92.8401,92.8699,0,0
2015-04-24,06:00:00,92.8699,92.968,92.8554,92.9257,0,0
2015-04-24,07:00:00,92.9242,92.9713,92.9013,92.9372,0,0
2015-04-24,08:00:00,92.9316,93.0313,92.9144,92.9502,0,0
2015-04-24,09:00:00,92.9493,93.1286,92.9028,93.0778,0,0
2015-04-24,10:00:00,93.0784,93.1782,93.0011,93.1215,0,0
2015-04-24,11:00:00,93.1201,93.2523,93.0104,93.082,0,0
2015-04-24,12:00:00,93.0775,93.1165,93.0041,93.0931,0,0
2015-04-24,13:00:00,93.1153,93.1204,92.8997,92.9875,0,0
2015-04-24,14:00:00,92.9895,93.1159,92.9174,93.1115,0,0
2015-04-24,15:00:00,93.1108,93.2744,93.0872,93.1007,0,0
2015-04-24,16:00:00,93.1007,93.1301,92.9521,92.9696,0,0
2015-04-24,17:00:00,92.9701,93.0882,92.9044,93.0817,0,0
2015-04-24,18:00:00,93.0791,93.2406,93.0791,93.0915,0,0
2015-04-24,19:00:00,93.0915,93.1427,93.0047,93.0301,0,0
2015-04-24,20:00:00,93.0323,93.0874,92.9981,93.0334,0,0
2015-04-24,21:00:00,93.035,93.0743,92.9567,93.0413,0,0
2015-04-24,22:00:00,93.0479,93.0624,92.9353,93.0257,0,0
2015-04-24,23:00:00,93.021,93.0588,93.021,93.0588,0,0
2015-04-27,01:00:00,93.0516,93.0987,92.9937,93.0248,0,0
2015-04-27,02:00:00,93.024,93.1856,93.0226,93.1176,0,0
2015-04-27,03:00:00,93.1168,93.1653,93.0753,93.0881,0,0
2015-04-27,04:00:00,93.0788,93.1677,93.0503,93.0978,0,0
2015-04-27,05:00:00,93.1001,93.1715,93.0112,93.0338,0,0
2015-04-27,06:00:00,93.0294,93.0303,92.8833,92.941,0,0
2015-04-27,07:00:00,92.9352,93.0662,92.9125,93.0655,0,0
2015-04-27,08:00:00,93.0669,93.1645,93.0349,93.1011,0,0
2015-04-27,09:00:00,93.1003,93.1531,92.9429,92.9839,0,0
2015-04-27,10:00:00,92.991,93.2051,92.9397,93.1545,0,0
2015-04-27,11:00:00,93.1494,93.1706,93.0269,93.1098,0,0
2015-04-27,12:00:00,93.1105,93.2165,93.0793,93.1775,0,0
2015-04-27,13:00:00,93.1775,93.2707,93.1383,93.2625,0,0
2015-04-27,14:00:00,93.2698,93.2807,93.1557,93.2733,0,0
2015-04-27,15:00:00,93.2689,93.2737,93.1923,93.2543,0,0
2015-04-27,16:00:00,93.2582,93.4676,93.243,93.466,0,0
2015-04-27,17:00:00,93.467,93.7838,93.4562,93.6845,0,0
2015-04-27,18:00:00,93.6796,93.7519,93.5677,93.6081,0,0
2015-04-27,19:00:00,93.6088,93.7451,93.4496,93.4584,0,0
2015-04-27,20:00:00,93.4665,93.5931,93.4567,93.4765,0,0
2015-04-27,21:00:00,93.4794,93.6051,93.4209,93.4992,0,0
2015-04-27,22:00:00,93.513,93.5817,93.4695,93.5053,0,0
2015-04-27,23:00:00,93.5085,93.56,93.4689,93.5584,0,0
2015-04-27,23:59:00,93.5473,93.5473,93.4656,93.4798,0,0
2015-04-28,01:00:00,93.4898,93.6384,93.3499,93.557,0,0
2015-04-28,02:00:00,93.5492,93.7745,93.5386,93.7067,0,0
2015-04-28,03:00:00,93.7112,93.752,93.6338,93.6925,0,0
2015-04-28,04:00:00,93.6918,93.7261,93.6357,93.723,0,0
2015-04-28,05:00:00,93.7117,93.7371,93.6596,93.7166,0,0
2015-04-28,06:00:00,93.7166,93.7557,93.6346,93.6493,0,0
2015-04-28,07:00:00,93.6498,93.751,93.6142,93.712,0,0
2015-04-28,08:00:00,93.7128,93.8531,93.6954,93.8288,0,0
2015-04-28,09:00:00,93.8334,93.9246,93.7388,93.7528,0,0
2015-04-28,10:00:00,93.7535,93.8995,93.703,93.8377,0,0
2015-04-28,11:00:00,93.834,94.0597,93.81,94.0137,0,0
2015-04-28,12:00:00,94.0147,94.2078,93.9921,94.1894,0,0
2015-04-28,13:00:00,94.1887,94.425,94.1556,94.4135,0,0
2015-04-28,14:00:00,94.4141,94.7186,94.3352,94.5754,0,0
2015-04-28,15:00:00,94.5723,94.7266,94.5431,94.6965,0,0
2015-04-28,16:00:00,94.6842,94.9657,94.6776,94.8802,0,0
2015-04-28,17:00:00,94.881,95.1218,94.8304,95.0779,0,0
2015-04-28,18:00:00,95.0767,95.2761,95.0724,95.2301,0,0
2015-04-28,19:00:00,95.227,95.2633,95.1572,95.2471,0,0
2015-04-28,20:00:00,95.2455,95.4203,95.2085,95.3755,0,0
2015-04-28,21:00:00,95.3723,95.3747,95.2386,95.262,0,0
2015-04-28,22:00:00,95.2742,95.2869,95.2027,95.2715,0,0
2015-04-28,23:00:00,95.269,95.4266,95.2496,95.3586,0,0
2015-04-28,23:59:00,95.3788,95.3788,95.2825,95.3507,0,0
2015-04-29,01:00:00,95.3507,95.3859,95.2269,95.2909,0,0
2015-04-29,02:00:00,95.2902,95.2917,95.0012,95.0269,0,0
2015-04-29,03:00:00,95.0269,95.1963,94.9153,95.1794,0,0
2015-04-29,04:00:00,95.1811,95.1811,94.9539,95.0175,0,0
2015-04-29,05:00:00,95.0152,95.0163,94.8911,94.9036,0,0
2015-04-29,06:00:00,94.9037,95.0088,94.8579,94.9875,0,0
2015-04-29,07:00:00,94.9898,94.9921,94.8923,94.9239,0,0
2015-04-29,08:00:00,94.9307,95.0534,94.9129,95.0096,0,0
2015-04-29,09:00:00,95.0081,95.171,94.954,95.1403,0,0
2015-04-29,10:00:00,95.1412,95.1582,95.022,95.0807,0,0
2015-04-29,11:00:00,95.083,95.2421,95.0732,95.1858,0,0
2015-04-29,12:00:00,95.1947,95.2742,95.1895,95.21,0,0
2015-04-29,13:00:00,95.207,95.3153,95.1871,95.2716,0,0
2015-04-29,14:00:00,95.2747,95.402,95.2433,95.3265,0,0
2015-04-29,15:00:00,95.325,95.5833,95.3133,95.4913,0,0
2015-04-29,16:00:00,95.513,95.8222,95.4791,95.7607,0,0
2015-04-29,17:00:00,95.7607,95.942,95.7123,95.8382,0,0
2015-04-29,18:00:00,95.8334,95.9462,95.7113,95.8269,0,0
2015-04-29,19:00:00,95.8332,95.8871,95.6198,95.6447,0,0
2015-04-29,20:00:00,95.6422,95.7034,95.5097,95.5869,0,0
2015-04-29,21:00:00,95.6196,95.711,95.3442,95.5979,0,0
2015-04-29,22:00:00,95.6174,95.6176,95.4447,95.4617,0,0
2015-04-29,23:00:00,95.4609,95.5672,95.3083,95.3083,0,0
2015-04-29,23:59:00,95.3013,95.3661,95.0641,95.214,0,0
2015-04-30,01:00:00,95.2202,95.2813,95.1685,95.2048,0,0
2015-04-30,02:00:00,95.2017,95.2377,95.1162,95.13,0,0
2015-04-30,03:00:00,95.1241,95.3838,95.1054,95.3838,0,0
2015-04-30,04:00:00,95.3838,95.4224,95.0422,95.0545,0,0
2015-04-30,05:00:00,95.0414,95.0696,94.8717,95.0159,0,0
2015-04-30,06:00:00,95.0197,95.1475,94.99,95.1221,0,0
2015-04-30,07:00:00,95.1293,95.1327,94.6919,94.8664,0,0
2015-04-30,08:00:00,94.8664,94.8672,94.5933,94.6635,0,0
2015-04-30,09:00:00,94.5497,94.7533,94.5497,94.7056,0,0
2015-04-30,10:00:00,94.7231,94.8038,94.416,94.5857,0,0
2015-04-30,11:00:00,94.5694,94.6485,94.3909,94.4029,0,0
2015-04-30,12:00:00,94.3999,94.44,94.285,94.323,0,0
2015-04-30,13:00:00,94.311,94.3416,94.0214,94.1781,0,0
2015-04-30,14:00:00,94.1692,94.2101,94.0613,94.1743,0,0
2015-04-30,15:00:00,94.1722,94.3274,94.0178,94.2737,0,0
2015-04-30,16:00:00,94.2632,94.3429,94.0944,94.2008,0,0
2015-04-30,17:00:00,94.1977,94.4276,94.1216,94.3856,0,0
2015-04-30,18:00:00,94.3682,94.449,94.2592,94.2898,0,0
2015-04-30,19:00:00,94.2974,94.4877,94.2927,94.4727,0,0
2015-04-30,20:00:00,94.4885,94.5216,94.4099,94.4968,0,0
2015-04-30,21:00:00,94.4902,94.5893,94.4542,94.5233,0,0
2015-04-30,22:00:00,94.518,94.518,94.3373,94.4834,0,0
2015-04-30,23:00:00,94.4932,94.5177,94.3624,94.3691,0,0
2015-04-30,23:59:00,94.3698,94.5577,94.3563,94.3586,0,0
2015-05-01,01:00:00,94.3621,94.4321,94.3387,94.3705,0,0
2015-05-01,02:00:00,94.3728,94.4231,94.3465,94.3603,0,0
2015-05-01,03:00:00,94.3573,94.453,94.3505,94.4153,0,0
2015-05-01,04:00:00,94.4455,94.5288,94.3272,94.3691,0,0
2015-05-01,05:00:00,94.3698,94.4662,94.2552,94.4408,0,0
2015-05-01,06:00:00,94.4408,94.5084,94.3944,94.471,0,0
2015-05-01,07:00:00,94.4695,94.4836,94.3452,94.3877,0,0
2015-05-01,08:00:00,94.3861,94.6289,94.3468,94.5931,0,0
2015-05-01,09:00:00,94.5946,94.6814,94.3098,94.3266,0,0
2015-05-01,10:00:00,94.3221,94.5013,94.1972,94.4647,0,0
2015-05-01,11:00:00,94.4693,94.581,94.4018,94.5191,0,0
2015-05-01,12:00:00,94.5068,94.5919,94.3625,94.3625,0,0
2015-05-01,13:00:00,94.364,94.5304,94.3035,94.5304,0,0
2015-05-01,14:00:00,94.529,94.5578,94.3036,94.3036,0,0
2015-05-01,15:00:00,94.3059,94.4155,94.1014,94.2308,0,0
2015-05-01,16:00:00,94.2307,94.3936,94.204,94.2183,0,0
2015-05-01,17:00:00,94.2497,94.3311,93.9934,94.1049,0,0
2015-05-01,18:00:00,94.1087,94.1382,93.8643,93.9245,0,0
2015-05-01,19:00:00,93.9164,94.101,93.8452,94.0399,0,0
2015-05-01,20:00:00,94.0399,94.2248,94.0302,94.1339,0,0
2015-05-01,21:00:00,94.1361,94.1936,94.0608,94.0929,0,0
2015-05-01,22:00:00,94.1165,94.223,94.0701,94.1868,0,0
2015-05-01,23:00:00,94.1868,94.2011,94.1817,94.2011,0,0
2015-05-04,01:00:00,94.188,94.2973,94.1115,94.1211,0,0
2015-05-04,02:00:00,94.1255,94.1633,94.0322,94.0344,0,0
2015-05-04,03:00:00,94.0417,94.0417,93.8431,93.8716,0,0
2015-05-04,04:00:00,93.8716,94.1492,93.7536,93.9198,0,0
2015-05-04,05:00:00,93.9198,94.0003,93.8149,93.9376,0,0
2015-05-04,06:00:00,93.9369,94.0465,93.9027,94.0408,0,0
2015-05-04,07:00:00,94.04,94.0592,93.9397,93.947,0,0
2015-05-04,08:00:00,93.9485,94.0746,93.9229,94.038,0,0
2015-05-04,09:00:00,94.0449,94.1485,93.9165,94.0064,0,0
2015-05-04,10:00:00,93.9959,94.1695,93.8905,94.0011,0,0
2015-05-04,11:00:00,93.979,94.1247,93.979,94.0714,0,0
2015-05-04,12:00:00,94.0713,94.1597,94.055,94.1218,0,0
2015-05-04,13:00:00,94.1275,94.1678,94.0763,94.1161,0,0
2015-05-04,14:00:00,94.1168,94.1945,94.0897,94.1656,0,0
2015-05-04,15:00:00,94.1657,94.2772,94.1447,94.1829,0,0
2015-05-04,16:00:00,94.1785,94.2101,94.105,94.1922,0,0
2015-05-04,17:00:00,94.1952,94.2684,94.1399,94.2333,0,0
2015-05-04,18:00:00,94.2407,94.3114,94.2178,94.2603,0,0
2015-05-04,19:00:00,94.264,94.3266,94.2342,94.2926,0,0
2015-05-04,20:00:00,94.2879,94.3139,94.2595,94.2791,0,0
2015-05-04,21:00:00,94.2783,94.2878,94.14,94.2401,0,0
2015-05-04,22:00:00,94.2437,94.2789,94.2084,94.2167,0,0
2015-05-04,23:00:00,94.2167,94.2443,94.1089,94.1516,0,0
2015-05-04,23:59:00,94.1554,94.2038,94.1049,94.1419,0,0
2015-05-05,01:00:00,94.1383,94.201,94.1116,94.1871,0,0
2015-05-05,02:00:00,94.1856,94.2117,94.1368,94.1585,0,0
2015-05-05,03:00:00,94.1555,94.2675,94.1427,94.1577,0,0
2015-05-05,04:00:00,94.1577,94.2625,94.091,94.2445,0,0
2015-05-05,05:00:00,94.2467,94.3439,94.2101,94.3257,0,0
2015-05-05,06:00:00,94.3243,94.4103,94.2268,94.3295,0,0
2015-05-05,07:00:00,94.3295,94.9506,93.6791,94.8744,0,0
2015-05-05,08:00:00,94.8458,95.0551,94.7685,94.7712,0,0
2015-05-05,09:00:00,94.7767,94.981,94.4552,94.5241,0,0
2015-05-05,10:00:00,94.5177,94.7119,94.4892,94.5953,0,0
2015-05-05,11:00:00,94.5984,94.7777,94.5976,94.7138,0,0
2015-05-05,12:00:00,94.7169,94.8048,94.6208,94.7163,0,0
2015-05-05,13:00:00,94.7163,94.8394,94.6532,94.7716,0,0
2015-05-05,14:00:00,94.7716,94.9446,94.7573,94.9134,0,0
2015-05-05,15:00:00,94.9118,95.0759,94.8123,94.9804,0,0
2015-05-05,16:00:00,94.9804,95.1195,94.9258,95.1075,0,0
2015-05-05,17:00:00,95.1084,95.4036,95.0135,95.2753,0,0
2015-05-05,18:00:00,95.2736,95.3009,95.0912,95.1783,0,0
2015-05-05,19:00:00,95.1782,95.3397,95.16,95.2554,0,0
2015-05-05,20:00:00,95.2448,95.3602,95.1926,95.3077,0,0
2015-05-05,21:00:00,95.3069,95.3557,95.1794,95.184,0,0
2015-05-05,22:00:00,95.1921,95.2129,95.1261,95.1876,0,0
2015-05-05,23:00:00,95.1845,95.2491,95.0868,95.1943,0,0
2015-05-05,23:59:00,95.1878,95.2392,95.1392,95.1851,0,0
2015-05-06,01:00:00,95.1875,95.2124,95.0035,95.1107,0,0
2015-05-06,02:00:00,95.1115,95.165,94.9817,95.1061,0,0
2015-05-06,03:00:00,95.1061,95.2679,95.1032,95.2225,0,0
2015-05-06,04:00:00,95.2225,95.3932,95.1093,95.3029,0,0
2015-05-06,05:00:00,95.3067,95.5853,95.2522,95.5266,0,0
2015-05-06,06:00:00,95.5349,95.6185,95.4805,95.5846,0,0
2015-05-06,07:00:00,95.5915,95.6089,95.4624,95.5628,0,0
2015-05-06,08:00:00,95.5658,95.5719,95.3266,95.3578,0,0
2015-05-06,09:00:00,95.3547,95.524,95.3272,95.4547,0,0
2015-05-06,10:00:00,95.4586,95.5979,95.3113,95.5522,0,0
2015-05-06,11:00:00,95.5634,95.6562,95.4657,95.554,0,0
2015-05-06,12:00:00,95.5509,95.6275,95.481,95.5129,0,0
2015-05-06,13:00:00,95.5114,95.7014,95.5064,95.7007,0,0
2015-05-06,14:00:00,95.6998,95.8555,95.6867,95.8159,0,0
2015-05-06,15:00:00,95.8223,95.9401,95.7692,95.7933,0,0
2015-05-06,16:00:00,95.7969,95.8722,95.6389,95.6687,0,0
2015-05-06,17:00:00,95.6636,95.8182,95.646,95.699,0,0
2015-05-06,18:00:00,95.7099,95.7412,95.5814,95.6067,0,0
2015-05-06,19:00:00,95.5945,95.5994,95.3561,95.3599,0,0
2015-05-06,20:00:00,95.365,95.4203,95.1878,95.2207,0,0
2015-05-06,21:00:00,95.2215,95.2947,95.0142,95.0494,0,0
2015-05-06,22:00:00,95.0485,95.2746,95.0257,95.2746,0,0
2015-05-06,23:00:00,95.2746,95.2746,95.1211,95.1889,0,0
2015-05-06,23:59:00,95.1964,95.312,95.1938,95.2061,0,0
2015-05-07,01:00:00,95.2129,95.2872,95.1763,95.1832,0,0
2015-05-07,02:00:00,95.1824,95.1824,94.9601,94.9708,0,0
2015-05-07,03:00:00,94.9653,95.0873,94.9524,95.0735,0,0
2015-05-07,04:00:00,95.0766,95.2609,94.7156,95.2332,0,0
2015-05-07,05:00:00,95.2382,95.5639,95.1727,95.5107,0,0
2015-05-07,06:00:00,95.5145,95.6478,95.3493,95.3748,0,0
2015-05-07,07:00:00,95.3772,95.4305,95.2981,95.3265,0,0
2015-05-07,08:00:00,95.3209,95.5211,95.2697,95.3815,0,0
2015-05-07,09:00:00,95.3792,95.4739,95.1946,95.203,0,0
2015-05-07,10:00:00,95.1978,95.2906,94.8673,94.9899,0,0
2015-05-07,11:00:00,94.9757,94.9757,94.6516,94.8266,0,0
2015-05-07,12:00:00,94.8254,94.8961,94.6357,94.7988,0,0
2015-05-07,13:00:00,94.8106,94.8885,94.595,94.8019,0,0
2015-05-07,14:00:00,94.8011,94.8712,94.7025,94.7975,0,0
2015-05-07,15:00:00,94.7943,94.9949,94.7718,94.9599,0,0
2015-05-07,16:00:00,94.9665,95.0178,94.6452,94.6531,0,0
2015-05-07,17:00:00,94.6561,94.6585,94.5187,94.5738,0,0
2015-05-07,18:00:00,94.5929,94.7686,94.5135,94.7508,0,0
2015-05-07,19:00:00,94.7453,94.78,94.7064,94.7141,0,0
2015-05-07,20:00:00,94.7119,94.7278,94.6234,94.6323,0,0
2015-05-07,21:00:00,94.6323,94.7366,94.5634,94.6561,0,0
2015-05-07,22:00:00,94.6553,94.6952,94.611,94.6635,0,0
2015-05-07,23:00:00,94.6576,94.6986,94.6272,94.6792,0,0
2015-05-07,23:59:00,94.671,94.8053,94.5649,94.7123,0,0
2015-05-08,01:00:00,94.7063,94.7775,94.6645,94.668,0,0
2015-05-08,02:00:00,94.6673,94.7412,94.5661,94.5756,0,0
2015-05-08,03:00:00,94.5751,94.6555,94.4818,94.6317,0,0
2015-05-08,04:00:00,94.6208,94.9898,94.3807,94.6558,0,0
2015-05-08,05:00:00,94.6498,94.6498,94.3315,94.5834,0,0
2015-05-08,06:00:00,94.5834,94.5944,94.4462,94.548,0,0
2015-05-08,07:00:00,94.5472,94.8676,94.4575,94.8437,0,0
2015-05-08,08:00:00,94.8437,94.9035,94.6599,94.7874,0,0
2015-05-08,09:00:00,94.7553,94.9172,94.7043,94.8991,0,0
2015-05-08,10:00:00,94.8945,95.1294,94.8945,95.0467,0,0
2015-05-08,11:00:00,95.0429,95.1014,94.8859,94.9833,0,0
2015-05-08,12:00:00,94.9818,95.0927,94.9177,95.0822,0,0
2015-05-08,13:00:00,95.0715,95.194,94.991,95.0069,0,0
2015-05-08,14:00:00,95.0019,95.0765,94.9697,95.0054,0,0
2015-05-08,15:00:00,95.0053,95.2342,94.6571,95.0838,0,0
2015-05-08,16:00:00,95.0691,95.3227,94.9599,95.018,0,0
2015-05-08,17:00:00,95.0107,95.0107,94.5344,94.6401,0,0
2015-05-08,18:00:00,94.6381,94.8062,94.6381,94.7839,0,0
2015-05-08,19:00:00,94.7884,94.865,94.6459,94.8388,0,0
2015-05-08,20:00:00,94.8384,94.9441,94.8091,94.8869,0,0
2015-05-08,21:00:00,94.8885,94.8885,94.7982,94.8548,0,0
2015-05-08,22:00:00,94.8548,95.002,94.8548,94.9325,0,0
2015-05-08,23:00:00,94.9335,94.9335,94.9335,94.9335,0,0
2015-05-11,01:00:00,94.951,95.0073,94.8479,94.9288,0,0
2015-05-11,02:00:00,94.9296,94.9963,94.8558,94.9409,0,0
2015-05-11,03:00:00,94.9409,94.9943,94.7687,94.7687,0,0
2015-05-11,04:00:00,94.7776,94.8113,94.5958,94.6745,0,0
2015-05-11,05:00:00,94.6764,94.7346,94.5959,94.6297,0,0
2015-05-11,06:00:00,94.6297,94.6384,94.4674,94.4978,0,0
2015-05-11,07:00:00,94.5023,94.6278,94.4805,94.6182,0,0
2015-05-11,08:00:00,94.6174,94.685,94.5476,94.6012,0,0
2015-05-11,09:00:00,94.5982,94.869,94.5659,94.8675,0,0
2015-05-11,10:00:00,94.8625,94.8629,94.6202,94.6934,0,0
2015-05-11,11:00:00,94.6981,94.7968,94.6416,94.7806,0,0
2015-05-11,12:00:00,94.7747,94.7747,94.6157,94.6195,0,0
2015-05-11,13:00:00,94.6193,94.7347,94.577,94.6916,0,0
2015-05-11,14:00:00,94.6835,94.8118,94.6541,94.7281,0,0
2015-05-11,15:00:00,94.7304,94.8517,94.653,94.8175,0,0
2015-05-11,16:00:00,94.819,94.8857,94.7339,94.824,0,0
2015-05-11,17:00:00,94.832,94.9362,94.6959,94.9273,0,0
2015-05-11,18:00:00,94.9318,95.0257,94.7907,94.8169,0,0
2015-05-11,19:00:00,94.8206,94.8664,94.7602,94.8505,0,0
2015-05-11,20:00:00,94.8505,95.0231,94.8466,94.9427,0,0
2015-05-11,21:00:00,94.9396,95.0136,94.9103,94.9103,0,0
2015-05-11,22:00:00,94.9094,94.9383,94.7957,94.8102,0,0
2015-05-11,23:00:00,94.8078,94.8685,94.742,94.7473,0,0
2015-05-11,23:59:00,94.752,94.8508,94.7467,94.833,0,0
2015-05-12,01:00:00,94.8203,94.8241,94.7483,94.749,0,0
2015-05-12,02:00:00,94.749,94.9197,94.7472,94.8667,0,0
2015-05-12,03:00:00,94.8644,94.9077,94.7466,94.7896,0,0
2015-05-12,04:00:00,94.7904,95.0499,94.7465,95.0499,0,0
2015-05-12,05:00:00,95.0473,95.1784,95.0036,95.0952,0,0
2015-05-12,06:00:00,95.0952,95.1398,95.029,95.0852,0,0
2015-05-12,07:00:00,95.0912,95.3042,95.0867,95.2696,0,0
2015-05-12,08:00:00,95.2717,95.4885,95.2717,95.3018,0,0
2015-05-12,09:00:00,95.2963,95.389,95.2477,95.3206,0,0
2015-05-12,10:00:00,95.318,95.3566,95.2444,95.2482,0,0
2015-05-12,11:00:00,95.249,95.516,95.2121,95.5063,0,0
2015-05-12,12:00:00,95.5168,95.6167,95.4196,95.6167,0,0
2015-05-12,13:00:00,95.6136,95.8164,95.6053,95.6706,0,0
2015-05-12,14:00:00,95.6707,95.8269,95.6479,95.7865,0,0
2015-05-12,15:00:00,95.7926,95.924,95.6716,95.7033,0,0
2015-05-12,16:00:00,95.6987,95.7211,95.4931,95.6024,0,0
2015-05-12,17:00:00,95.5982,95.7221,95.5717,95.6577,0,0
2015-05-12,18:00:00,95.6587,95.7705,95.6037,95.7141,0,0
2015-05-12,19:00:00,95.7156,95.7263,95.5899,95.6578,0,0
2015-05-12,20:00:00,95.6601,95.7817,95.6136,95.7761,0,0
2015-05-12,21:00:00,95.7761,95.9298,95.769,95.8102,0,0
2015-05-12,22:00:00,95.8187,95.8187,95.7074,95.7722,0,0
2015-05-12,23:00:00,95.6865,95.7722,95.567,95.609,0,0
2015-05-12,23:59:00,95.6168,95.8198,95.3574,95.7181,0,0
2015-05-13,01:00:00,95.7293,95.7336,95.6277,95.68,0,0
2015-05-13,02:00:00,95.6815,95.7897,95.6356,95.7517,0,0
2015-05-13,03:00:00,95.7643,95.9405,95.6788,95.7388,0,0
2015-05-13,04:00:00,95.7303,95.8379,95.6491,95.6767,0,0
2015-05-13,05:00:00,95.6649,95.7447,95.4472,95.6127,0,0
2015-05-13,06:00:00,95.6135,95.7352,95.6043,95.6679,0,0
2015-05-13,07:00:00,95.6679,95.7554,95.6018,95.6173,0,0
2015-05-13,08:00:00,95.6188,95.6999,95.5121,95.552,0,0
2015-05-13,09:00:00,95.5445,95.6873,95.5087,95.5969,0,0
2015-05-13,10:00:00,95.5946,95.7754,95.5421,95.77,0,0
2015-05-13,11:00:00,95.7746,95.943,95.6901,95.8537,0,0
2015-05-13,12:00:00,95.8537,96.209,95.7539,96.0843,0,0
2015-05-13,13:00:00,96.0847,96.2922,96.0299,96.2788,0,0
2015-05-13,14:00:00,96.2826,96.3656,96.2693,96.3451,0,0
2015-05-13,15:00:00,96.3436,96.5948,96.2101,96.525,0,0
2015-05-13,16:00:00,96.5274,96.6754,96.4512,96.6072,0,0
2015-05-13,17:00:00,96.6104,96.779,96.452,96.452,0,0
2015-05-13,18:00:00,96.4489,96.7187,96.3679,96.6649,0,0
2015-05-13,19:00:00,96.6649,96.7386,96.5846,96.6119,0,0
2015-05-13,20:00:00,96.6073,96.6615,96.5466,96.5638,0,0
2015-05-13,21:00:00,96.5638,96.5994,96.4677,96.4918,0,0
2015-05-13,22:00:00,96.5004,96.5488,96.4639,96.5488,0,0
2015-05-13,23:00:00,96.5511,96.7309,96.5316,96.6665,0,0
2015-05-13,23:59:00,96.6609,96.6617,96.5495,96.5896,0,0
2015-05-14,01:00:00,96.581,96.7821,96.581,96.7498,0,0
2015-05-14,02:00:00,96.7412,96.8579,96.6734,96.6761,0,0
2015-05-14,03:00:00,96.6746,96.9395,96.6683,96.8715,0,0
2015-05-14,04:00:00,96.8762,97.2838,96.8762,97.1693,0,0
2015-05-14,05:00:00,97.1977,97.1993,96.8079,96.8118,0,0
2015-05-14,06:00:00,96.8118,96.8788,96.7847,96.795,0,0
2015-05-14,07:00:00,96.8037,96.9535,96.7912,96.8147,0,0
2015-05-14,08:00:00,96.8163,96.9073,96.7495,96.7769,0,0
2015-05-14,09:00:00,96.7715,96.8365,96.5341,96.6961,0,0
2015-05-14,10:00:00,96.6977,96.7583,96.1699,96.2733,0,0
2015-05-14,11:00:00,96.2601,96.3821,96.1371,96.2634,0,0
2015-05-14,12:00:00,96.2618,96.5657,96.2502,96.5422,0,0
2015-05-14,13:00:00,96.5594,96.6203,96.3661,96.5319,0,0
2015-05-14,14:00:00,96.5273,96.6112,96.4641,96.6064,0,0
2015-05-14,15:00:00,96.6074,96.7318,96.4167,96.6819,0,0
2015-05-14,16:00:00,96.6752,96.8264,96.5421,96.7608,0,0
2015-05-14,17:00:00,96.7696,96.7922,96.3238,96.3714,0,0
2015-05-14,18:00:00,96.3668,96.4249,96.1754,96.3341,0,0
2015-05-14,19:00:00,96.3342,96.4079,96.2851,96.3904,0,0
2015-05-14,20:00:00,96.3904,96.3904,96.2828,96.3108,0,0
2015-05-14,21:00:00,96.3157,96.3326,96.1671,96.2165,0,0
2015-05-14,22:00:00,96.2096,96.3216,96.2008,96.2935,0,0
2015-05-14,23:00:00,96.2903,96.3527,96.2564,96.3016,0,0
2015-05-14,23:59:00,96.3087,96.3609,96.262,96.2949,0,0
2015-05-15,01:00:00,96.2973,96.3702,96.2573,96.3146,0,0
2015-05-15,02:00:00,96.3146,96.4229,96.2769,96.3688,0,0
2015-05-15,03:00:00,96.3705,96.4423,95.9907,96.112,0,0
2015-05-15,04:00:00,96.1135,96.3076,96.0905,96.2842,0,0
2015-05-15,05:00:00,96.2849,96.3106,96.1475,96.179,0,0
2015-05-15,06:00:00,96.1659,96.2972,96.1659,96.2852,0,0
2015-05-15,07:00:00,96.282,96.282,96.1509,96.1773,0,0
2015-05-15,08:00:00,96.1773,96.1874,96.0457,96.0617,0,0
2015-05-15,09:00:00,96.0615,96.3361,96.0615,96.1772,0,0
2015-05-15,10:00:00,96.1827,96.1986,95.9381,96.0451,0,0
2015-05-15,11:00:00,96.0428,96.0865,95.8139,95.8374,0,0
2015-05-15,12:00:00,95.8313,95.9947,95.8297,95.9546,0,0
2015-05-15,13:00:00,95.9422,96.0961,95.9422,95.9731,0,0
2015-05-15,14:00:00,95.9779,96.1158,95.9465,95.976,0,0
2015-05-15,15:00:00,95.9825,96.011,95.8326,95.9008,0,0
2015-05-15,16:00:00,95.9007,95.9809,95.7946,95.8259,0,0
2015-05-15,17:00:00,95.7899,96.0797,95.7839,96.0781,0,0
2015-05-15,18:00:00,96.0887,96.1873,96.0253,96.1193,0,0
2015-05-15,19:00:00,96.1201,96.1392,95.9964,95.9993,0,0
2015-05-15,20:00:00,95.9977,96.0197,95.9325,95.9325,0,0
2015-05-15,21:00:00,95.9363,96.024,95.9022,95.9772,0,0
2015-05-15,22:00:00,95.9749,95.9797,95.8972,95.9469,0,0
2015-05-15,23:00:00,95.9476,95.9477,95.9406,95.9461,0,0
2015-05-18,01:00:00,95.9951,96.0102,95.9072,95.9774,0,0
2015-05-18,02:00:00,95.979,96.0923,95.8732,96.0031,0,0
2015-05-18,03:00:00,96.0039,96.0172,95.6519,95.8292,0,0
2015-05-18,04:00:00,95.8308,95.9339,95.7831,95.8697,0,0
2015-05-18,05:00:00,95.8665,95.9844,95.8367,95.9159,0,0
2015-05-18,06:00:00,95.923,96.0065,95.9027,95.9283,0,0
2015-05-18,07:00:00,95.9283,95.9826,95.8964,95.962,0,0
2015-05-18,08:00:00,95.962,95.971,95.8469,95.9405,0,0
2015-05-18,09:00:00,95.9297,96.0602,95.8536,95.8546,0,0
2015-05-18,10:00:00,95.8656,95.8678,95.6436,95.7521,0,0
2015-05-18,11:00:00,95.747,95.9122,95.7013,95.8851,0,0
2015-05-18,12:00:00,95.8851,95.9336,95.7483,95.8114,0,0
2015-05-18,13:00:00,95.8091,95.8473,95.6925,95.7853,0,0
2015-05-18,14:00:00,95.7845,95.8365,95.7402,95.8094,0,0
2015-05-18,15:00:00,95.8094,95.8453,95.7113,95.7113,0,0
2015-05-18,16:00:00,95.7153,95.7868,95.6469,95.7106,0,0
2015-05-18,17:00:00,95.7083,95.9726,95.6932,95.9726,0,0
2015-05-18,18:00:00,95.9811,96.0072,95.8698,95.8714,0,0
2015-05-18,19:00:00,95.8706,95.9035,95.7788,95.8636,0,0
2015-05-18,20:00:00,95.8621,95.9823,95.7558,95.8099,0,0
2015-05-18,21:00:00,95.8106,95.83,95.7179,95.7708,0,0
2015-05-18,22:00:00,95.7726,95.8632,95.7669,95.8197,0,0
2015-05-18,23:00:00,95.8105,95.8728,95.7945,95.8713,0,0
2015-05-18,23:59:00,95.8783,95.9205,95.8338,95.9053,0,0
2015-05-19,01:00:00,95.9061,95.9399,95.8498,95.9047,0,0
2015-05-19,02:00:00,95.9039,95.9338,95.8531,95.8553,0,0
2015-05-19,03:00:00,95.8592,95.9019,95.7523,95.7728,0,0
2015-05-19,04:00:00,95.7797,95.8384,95.4523,95.5622,0,0
2015-05-19,05:00:00,95.5584,95.8464,95.5584,95.7757,0,0
2015-05-19,06:00:00,95.7757,95.9701,95.7643,95.9169,0,0
2015-05-19,07:00:00,95.9091,95.9321,95.8244,95.8534,0,0
2015-05-19,08:00:00,95.8527,96.0599,95.852,95.9502,0,0
2015-05-19,09:00:00,95.9554,95.967,95.8174,95.911,0,0
2015-05-19,10:00:00,95.9278,95.9332,95.6229,95.6942,0,0
2015-05-19,11:00:00,95.6901,95.856,95.65,95.6758,0,0
2015-05-19,12:00:00,95.6806,95.7509,95.6085,95.7346,0,0
2015-05-19,13:00:00,95.7376,95.7639,95.6698,95.7134,0,0
2015-05-19,14:00:00,95.7157,95.8382,95.6929,95.806,0,0
2015-05-19,15:00:00,95.8179,95.8417,95.4576,95.5246,0,0
2015-05-19,16:00:00,95.5269,95.6483,95.4915,95.6365,0,0
2015-05-19,17:00:00,95.6328,95.6388,95.433,95.4558,0,0
2015-05-19,18:00:00,95.4528,95.5387,95.4257,95.4703,0,0
2015-05-19,19:00:00,95.4689,95.4742,95.3866,95.4264,0,0
2015-05-19,20:00:00,95.4226,95.5693,95.4121,95.5333,0,0
2015-05-19,21:00:00,95.5242,95.5888,95.5156,95.5714,0,0
2015-05-19,22:00:00,95.5691,95.5715,95.4778,95.5628,0,0
2015-05-19,23:00:00,95.5552,95.5637,95.4911,95.5152,0,0
2015-05-19,23:59:00,95.5176,95.5838,95.5103,95.5458,0,0
2015-05-20,01:00:00,95.5515,95.5815,95.5194,95.5678,0,0
2015-05-20,02:00:00,95.5678,95.5918,95.4818,95.5855,0,0
2015-05-20,03:00:00,95.5855,95.6435,95.4792,95.6343,0,0
2015-05-20,04:00:00,95.6343,95.8359,95.5969,95.7685,0,0
2015-05-20,05:00:00,95.7725,95.8713,95.7444,95.8182,0,0
2015-05-20,06:00:00,95.8206,95.8929,95.7557,95.7703,0,0
2015-05-20,07:00:00,95.7719,95.8453,95.7313,95.7951,0,0
2015-05-20,08:00:00,95.7973,95.8696,95.7284,95.7284,0,0
2015-05-20,09:00:00,95.7308,95.7627,95.4513,95.507,0,0
2015-05-20,10:00:00,95.4963,95.6061,95.4281,95.4549,0,0
2015-05-20,11:00:00,95.4572,95.5507,95.4042,95.4684,0,0
2015-05-20,12:00:00,95.4637,95.5155,95.3985,95.4808,0,0
2015-05-20,13:00:00,95.4801,95.5243,95.4303,95.4884,0,0
2015-05-20,14:00:00,95.4764,95.5143,95.4331,95.506,0,0
2015-05-20,15:00:00,95.5051,95.597,95.4514,95.5351,0,0
2015-05-20,16:00:00,95.5367,95.5429,95.3824,95.4066,0,0
2015-05-20,17:00:00,95.4052,95.478,95.2743,95.478,0,0
2015-05-20,18:00:00,95.4863,95.6241,95.4708,95.5474,0,0
2015-05-20,19:00:00,95.5316,95.6176,95.4598,95.5879,0,0
2015-05-20,20:00:00,95.5819,95.6223,95.4544,95.5174,0,0
2015-05-20,21:00:00,95.5142,95.7376,95.4578,95.7243,0,0
2015-05-20,22:00:00,95.7274,95.7553,95.5655,95.5927,0,0
2015-05-20,23:00:00,95.5913,95.6125,95.5218,95.5587,0,0
2015-05-20,23:59:00,95.5478,95.5786,95.4654,95.4987,0,0
2015-05-21,01:00:00,95.4987,95.5007,95.3855,95.4649,0,0
2015-05-21,02:00:00,95.4611,95.573,95.4232,95.4892,0,0
2015-05-21,03:00:00,95.4884,95.5874,95.4625,95.513,0,0
2015-05-21,04:00:00,95.5159,95.6333,95.4683,95.4981,0,0
2015-05-21,05:00:00,95.4988,95.7258,95.4966,95.6725,0,0
2015-05-21,06:00:00,95.6749,95.7206,95.6115,95.638,0,0
2015-05-21,07:00:00,95.6372,95.734,95.6372,95.7188,0,0
2015-05-21,08:00:00,95.7256,95.7626,95.6726,95.6848,0,0
2015-05-21,09:00:00,95.6773,95.6868,95.503,95.6424,0,0
2015-05-21,10:00:00,95.6431,95.6587,95.484,95.5166,0,0
2015-05-21,11:00:00,95.5151,95.6483,95.4778,95.6036,0,0
2015-05-21,12:00:00,95.6066,95.6196,95.4609,95.4822,0,0
2015-05-21,13:00:00,95.4747,95.5754,95.4529,95.5127,0,0
2015-05-21,14:00:00,95.5152,95.5222,95.45,95.4828,0,0
2015-05-21,15:00:00,95.4866,95.5297,95.3789,95.3966,0,0
2015-05-21,16:00:00,95.3938,95.4714,95.3369,95.3753,0,0
2015-05-21,17:00:00,95.3782,95.4939,95.3782,95.4158,0,0
2015-05-21,18:00:00,95.4121,95.5466,95.37,95.4879,0,0
2015-05-21,19:00:00,95.4886,95.5425,95.4673,95.4838,0,0
2015-05-21,20:00:00,95.4838,95.5115,95.4389,95.4781,0,0
2015-05-21,21:00:00,95.4766,95.5436,95.4611,95.4869,0,0
2015-05-21,22:00:00,95.4877,95.4893,95.4097,95.4755,0,0
2015-05-21,23:00:00,95.4691,95.5745,95.4452,95.5503,0,0
2015-05-21,23:59:00,95.5497,95.6006,95.5024,95.5785,0,0
2015-05-22,01:00:00,95.5785,95.597,95.5359,95.5893,0,0
2015-05-22,02:00:00,95.59,95.6507,95.5485,95.5957,0,0
2015-05-22,03:00:00,95.6111,95.7103,95.6049,95.6876,0,0
2015-05-22,04:00:00,95.6852,95.7192,95.6327,95.6529,0,0
2015-05-22,05:00:00,95.6544,95.7009,95.6276,95.6563,0,0
2015-05-22,06:00:00,95.648,95.7468,95.6012,95.7258,0,0
2015-05-22,07:00:00,95.7258,95.7558,95.6439,95.665,0,0
2015-05-22,08:00:00,95.6711,95.7083,95.6344,95.6766,0,0
2015-05-22,09:00:00,95.6932,95.7692,95.6574,95.6942,0,0
2015-05-22,10:00:00,95.6878,95.6878,95.399,95.4565,0,0
2015-05-22,11:00:00,95.4549,95.5051,95.421,95.4225,0,0
2015-05-22,12:00:00,95.4189,95.4829,95.3426,95.3761,0,0
2015-05-22,13:00:00,95.3703,95.4057,95.2831,95.3317,0,0
2015-05-22,14:00:00,95.3325,95.3974,95.295,95.3813,0,0
2015-05-22,15:00:00,95.3813,95.3813,95.134,95.2218,0,0
2015-05-22,16:00:00,95.233,95.2391,95.0142,95.071,0,0
2015-05-22,17:00:00,95.0592,95.1055,94.9971,95.0266,0,0
2015-05-22,18:00:00,95.0351,95.0934,94.9811,95.0658,0,0
2015-05-22,19:00:00,95.0666,95.1731,95.0012,95.1389,0,0
2015-05-22,20:00:00,95.0741,95.1509,94.9594,94.993,0,0
2015-05-22,21:00:00,95.0012,95.0301,94.9511,95.0264,0,0
2015-05-22,22:00:00,95.0286,95.0509,94.9755,95.0156,0,0
2015-05-22,23:00:00,95.0044,95.0339,95.0044,95.0339,0,0
2015-05-25,01:00:00,94.9402,95.172,94.9365,95.0732,0,0
2015-05-25,02:00:00,95.0732,95.0971,94.939,94.9607,0,0
2015-05-25,03:00:00,94.9607,95.1023,94.9526,95.0156,0,0
2015-05-25,04:00:00,95.0275,95.1275,95.0243,95.0966,0,0
2015-05-25,05:00:00,95.0937,95.2352,95.0831,95.1947,0,0
2015-05-25,06:00:00,95.1935,95.2448,95.1633,95.1879,0,0
2015-05-25,07:00:00,95.1862,95.2943,95.1534,95.2368,0,0
2015-05-25,08:00:00,95.2442,95.259,95.0749,95.1398,0,0
2015-05-25,09:00:00,95.1491,95.2265,95.1058,95.2227,0,0
2015-05-25,10:00:00,95.2196,95.2595,95.1526,95.2223,0,0
2015-05-25,11:00:00,95.2223,95.2545,95.1461,95.2097,0,0
2015-05-25,12:00:00,95.2135,95.2517,95.1912,95.2028,0,0
2015-05-25,13:00:00,95.2028,95.2238,95.1685,95.2112,0,0
2015-05-25,14:00:00,95.2062,95.2258,95.1515,95.1605,0,0
2015-05-25,15:00:00,95.1597,95.1694,95.0914,95.1104,0,0
2015-05-25,16:00:00,95.1111,95.1682,95.0508,95.069,0,0
2015-05-25,17:00:00,95.069,95.1287,95.0453,95.1075,0,0
2015-05-25,18:00:00,95.1052,95.1746,95.0945,95.1234,0,0
2015-05-25,19:00:00,95.118,95.1316,95.0624,95.1121,0,0
2015-05-25,20:00:00,95.1054,95.139,95.071,95.0875,0,0
2015-05-25,21:00:00,95.077,95.1219,95.0544,95.0902,0,0
2015-05-25,22:00:00,95.0902,95.1038,95.0742,95.0965,0,0
2015-05-25,23:00:00,95.0936,95.1241,95.0752,95.1152,0,0
2015-05-25,23:59:00,95.1152,95.1406,95.069,95.0968,0,0
2015-05-26,01:00:00,95.1005,95.1892,95.1005,95.1622,0,0
2015-05-26,02:00:00,95.1716,95.2034,95.1273,95.1671,0,0
2015-05-26,03:00:00,95.1611,95.1868,95.0995,95.1567,0,0
2015-05-26,04:00:00,95.1663,95.2566,95.1555,95.2495,0,0
2015-05-26,05:00:00,95.2441,95.3601,95.2257,95.3435,0,0
2015-05-26,06:00:00,95.3435,95.4386,95.3291,95.3908,0,0
2015-05-26,07:00:00,95.3908,95.4639,95.3812,95.4251,0,0
2015-05-26,08:00:00,95.4251,95.4498,95.3491,95.4337,0,0
2015-05-26,09:00:00,95.4345,95.7374,95.4146,95.5644,0,0
2015-05-26,10:00:00,95.5635,95.6622,95.307,95.4153,0,0
2015-05-26,11:00:00,95.4193,95.5798,95.3835,95.5718,0,0
2015-05-26,12:00:00,95.5652,95.7709,95.5652,95.6902,0,0
2015-05-26,13:00:00,95.6886,95.7082,95.5813,95.6659,0,0
2015-05-26,14:00:00,95.6646,95.711,95.5723,95.6275,0,0
2015-05-26,15:00:00,95.6281,95.7477,95.5123,95.563,0,0
2015-05-26,16:00:00,95.556,95.615,95.4279,95.4452,0,0
2015-05-26,17:00:00,95.459,95.4832,95.2777,95.2777,0,0
2015-05-26,18:00:00,95.2831,95.3407,95.1641,95.2232,0,0
2015-05-26,19:00:00,95.2225,95.2472,95.1656,95.181,0,0
2015-05-26,20:00:00,95.1826,95.254,95.1549,95.1962,0,0
2015-05-26,21:00:00,95.1954,95.2486,95.1205,95.1205,0,0
2015-05-26,22:00:00,95.1166,95.2045,95.0967,95.192,0,0
2015-05-26,23:00:00,95.1869,95.262,95.1715,95.2206,0,0
2015-05-26,23:59:00,95.2395,95.2502,95.129,95.1936,0,0
2015-05-27,01:00:00,95.1834,95.2833,95.1834,95.2516,0,0
2015-05-27,02:00:00,95.2486,95.3039,95.1838,95.2533,0,0
2015-05-27,03:00:00,95.2555,95.3252,95.2314,95.2988,0,0
2015-05-27,04:00:00,95.287,95.3327,95.2092,95.2962,0,0
2015-05-27,05:00:00,95.2801,95.4357,95.2644,95.3018,0,0
2015-05-27,06:00:00,95.3133,95.4099,95.3024,95.3743,0,0
2015-05-27,07:00:00,95.3758,95.4325,95.3559,95.3936,0,0
2015-05-27,08:00:00,95.3871,95.4305,95.2903,95.3299,0,0
2015-05-27,09:00:00,95.3299,95.4965,95.3244,95.4707,0,0
2015-05-27,10:00:00,95.4734,95.4774,95.2246,95.2516,0,0
2015-05-27,11:00:00,95.2479,95.3227,95.1436,95.2944,0,0
2015-05-27,12:00:00,95.3014,95.4522,95.2328,95.4425,0,0
2015-05-27,13:00:00,95.4479,95.6142,95.3457,95.3641,0,0
2015-05-27,14:00:00,95.3698,95.4039,95.2865,95.3619,0,0
2015-05-27,15:00:00,95.3633,95.4033,95.1955,95.2303,0,0
2015-05-27,16:00:00,95.2361,95.4848,95.1788,95.4119,0,0
2015-05-27,17:00:00,95.4126,95.5332,95.3854,95.4804,0,0
2015-05-27,18:00:00,95.4848,95.52,95.3493,95.4371,0,0
2015-05-27,19:00:00,95.4344,95.5152,95.4108,95.5083,0,0
2015-05-27,20:00:00,95.5052,95.6254,95.4459,95.6026,0,0
2015-05-27,21:00:00,95.6019,95.6838,95.5433,95.6231,0,0
2015-05-27,22:00:00,95.6171,95.6685,95.5973,95.6663,0,0
2015-05-27,23:00:00,95.686,95.686,95.4837,95.5993,0,0
2015-05-27,23:59:00,95.5953,95.6701,95.5104,95.6701,0,0
2015-05-28,01:00:00,95.6666,95.6928,95.5828,95.673,0,0
2015-05-28,02:00:00,95.6707,95.7425,95.63,95.7154,0,0
2015-05-28,03:00:00,95.71,95.7884,95.6517,95.7884,0,0
2015-05-28,04:00:00,95.7989,95.9971,95.0784,95.2143,0,0
2015-05-28,05:00:00,95.2281,95.397,95.1322,95.3701,0,0
2015-05-28,06:00:00,95.3708,95.4244,95.2462,95.3441,0,0
2015-05-28,07:00:00,95.3485,95.3618,95.2335,95.2931,0,0
2015-05-28,08:00:00,95.2939,95.4128,95.2117,95.3849,0,0
2015-05-28,09:00:00,95.3757,95.4096,95.1975,95.1975,0,0
2015-05-28,10:00:00,95.189,95.2045,94.9105,95.0304,0,0
2015-05-28,11:00:00,95.0449,95.1298,94.9746,95.0948,0,0
2015-05-28,12:00:00,95.0918,95.1106,94.9888,95.072,0,0
2015-05-28,13:00:00,95.0808,95.1392,94.9377,94.9591,0,0
2015-05-28,14:00:00,94.9638,95.0463,94.8726,94.9772,0,0
2015-05-28,15:00:00,94.9914,95.0248,94.7732,94.8306,0,0
2015-05-28,16:00:00,94.8278,94.9266,94.7508,94.8081,0,0
2015-05-28,17:00:00,94.7984,94.9123,94.7466,94.9102,0,0
2015-05-28,18:00:00,94.9084,94.9517,94.6901,94.7771,0,0
2015-05-28,19:00:00,94.7772,94.8194,94.624,94.6605,0,0
2015-05-28,20:00:00,94.6598,94.6946,94.5843,94.6558,0,0
2015-05-28,21:00:00,94.6558,94.8454,94.6318,94.8275,0,0
2015-05-28,22:00:00,94.8131,94.9225,94.8131,94.844,0,0
2015-05-28,23:00:00,94.8506,94.8724,94.7973,94.8228,0,0
2015-05-28,23:59:00,94.8117,94.8762,94.7129,94.8359,0,0
2015-05-29,01:00:00,94.8428,94.8989,94.7883,94.7912,0,0
2015-05-29,02:00:00,94.7912,94.8608,94.7405,94.7974,0,0
2015-05-29,03:00:00,94.7974,94.8173,94.6959,94.6975,0,0
2015-05-29,04:00:00,94.7251,94.8201,94.6322,94.7956,0,0
2015-05-29,05:00:00,94.7891,94.8834,94.7375,94.7775,0,0
2015-05-29,06:00:00,94.779,94.8308,94.6954,94.8021,0,0
2015-05-29,07:00:00,94.813,94.9022,94.7849,94.8732,0,0
2015-05-29,08:00:00,94.8725,94.9427,94.7972,94.8837,0,0
2015-05-29,09:00:00,94.8819,95.0159,94.8525,94.8625,0,0
2015-05-29,10:00:00,94.8559,94.8805,94.7108,94.7228,0,0
2015-05-29,11:00:00,94.7216,94.8018,94.6665,94.7639,0,0
2015-05-29,12:00:00,94.7626,94.853,94.6784,94.782,0,0
2015-05-29,13:00:00,94.7778,94.7826,94.6729,94.717,0,0
2015-05-29,14:00:00,94.7162,94.8593,94.7069,94.797,0,0
2015-05-29,15:00:00,94.8009,94.8851,94.7044,94.721,0,0
2015-05-29,16:00:00,94.7483,94.8345,94.7024,94.7676,0,0
2015-05-29,17:00:00,94.7655,94.9913,94.6671,94.9913,0,0
2015-05-29,18:00:00,94.9969,95.1247,94.8047,94.9632,0,0
2015-05-29,19:00:00,94.9532,95.0227,94.9377,94.9914,0,0
2015-05-29,20:00:00,94.9915,95.0667,94.9608,95.0271,0,0
2015-05-29,21:00:00,95.0302,95.0426,94.904,94.964,0,0
2015-05-29,22:00:00,94.9718,95.0025,94.8399,94.8927,0,0
2015-05-29,23:00:00,94.895,94.8972,94.8877,94.8898,0,0
2015-06-01,01:00:00,94.9339,94.9339,94.8135,94.8648,0,0
2015-06-01,02:00:00,94.8671,94.9574,94.8218,94.9442,0,0
2015-06-01,03:00:00,94.9497,95.0443,94.9116,94.9777,0,0
2015-06-01,04:00:00,94.9849,95.0901,94.8268,95.0094,0,0
2015-06-01,05:00:00,95.0147,95.0814,94.925,94.9826,0,0
2015-06-01,06:00:00,94.9695,95.0528,94.9132,94.9187,0,0
2015-06-01,07:00:00,94.9187,95.0134,94.9016,95.0098,0,0
2015-06-01,08:00:00,95.0128,95.019,94.8935,95.019,0,0
2015-06-01,09:00:00,95.0072,95.178,94.9692,95.0961,0,0
2015-06-01,10:00:00,95.0874,95.1359,94.9791,95.0022,0,0
2015-06-01,11:00:00,95.0001,95.052,94.8424,94.8713,0,0
2015-06-01,12:00:00,94.8811,94.8811,94.6496,94.7334,0,0
2015-06-01,13:00:00,94.7312,94.7335,94.6111,94.6727,0,0
2015-06-01,14:00:00,94.6718,94.8665,94.6684,94.7819,0,0
2015-06-01,15:00:00,94.7759,94.8497,94.6819,94.7518,0,0
2015-06-01,16:00:00,94.7665,94.9252,94.743,94.8798,0,0
2015-06-01,17:00:00,94.8894,94.9815,94.6499,94.8092,0,0
2015-06-01,18:00:00,94.8054,94.9083,94.7613,94.8718,0,0
2015-06-01,19:00:00,94.8726,94.9825,94.8206,94.9404,0,0
2015-06-01,20:00:00,94.9431,94.9624,94.8698,94.9237,0,0
2015-06-01,21:00:00,94.9259,94.9875,94.9161,94.9519,0,0
2015-06-01,22:00:00,94.9324,94.9755,94.8983,94.8991,0,0
2015-06-01,23:00:00,94.9074,94.9841,94.8996,94.908,0,0
2015-06-01,23:59:00,94.9023,94.974,94.8912,94.9689,0,0
2015-06-02,01:00:00,94.9304,95.0181,94.9304,95.0181,0,0
2015-06-02,02:00:00,95.0212,95.1033,94.9657,95.0707,0,0
2015-06-02,03:00:00,95.0803,95.2162,95.0563,95.1617,0,0
2015-06-02,04:00:00,95.1625,95.3149,95.1336,95.2554,0,0
2015-06-02,05:00:00,95.2569,95.3335,95.1771,95.1984,0,0
2015-06-02,06:00:00,95.1969,95.3063,95.1689,95.2265,0,0
2015-06-02,07:00:00,95.2265,95.771,95.1313,95.6688,0,0
2015-06-02,08:00:00,95.6596,95.8638,95.6293,95.8009,0,0
2015-06-02,09:00:00,95.8002,95.9778,95.7035,95.9032,0,0
2015-06-02,10:00:00,95.9049,95.9596,95.7783,95.797,0,0
2015-06-02,11:00:00,95.7903,95.8375,95.68,95.6996,0,0
2015-06-02,12:00:00,95.7072,95.7885,95.6098,95.7466,0,0
2015-06-02,13:00:00,95.7428,95.8822,95.7054,95.8651,0,0
2015-06-02,14:00:00,95.8668,96.0736,95.8208,95.9642,0,0
2015-06-02,15:00:00,95.9605,95.9896,95.778,95.845,0,0
2015-06-02,16:00:00,95.8324,96.2125,95.8292,96.1467,0,0
2015-06-02,17:00:00,96.1446,96.2435,96.0429,96.1475,0,0
2015-06-02,18:00:00,96.1362,96.2318,96.0721,96.226,0,0
2015-06-02,19:00:00,96.2244,96.4894,96.2059,96.4679,0,0
2015-06-02,20:00:00,96.4596,96.5408,96.3816,96.4731,0,0
2015-06-02,21:00:00,96.4768,96.5631,96.3577,96.5631,0,0
2015-06-02,22:00:00,96.5922,96.5922,96.4188,96.4514,0,0
2015-06-02,23:00:00,96.4454,96.5042,96.4216,96.4683,0,0
2015-06-02,23:59:00,96.4674,96.5286,96.419,96.4466,0,0
2015-06-03,01:00:00,96.4396,96.5033,96.3566,96.3692,0,0
2015-06-03,02:00:00,96.3692,96.3817,96.2573,96.2697,0,0
2015-06-03,03:00:00,96.2705,96.4101,96.2705,96.3646,0,0
2015-06-03,04:00:00,96.3646,96.8995,96.3327,96.8456,0,0
2015-06-03,05:00:00,96.8464,96.855,96.5466,96.6109,0,0
2015-06-03,06:00:00,96.6034,96.6943,96.577,96.6868,0,0
2015-06-03,07:00:00,96.6465,96.6868,96.5432,96.5724,0,0
2015-06-03,08:00:00,96.5719,96.6568,96.5521,96.6188,0,0
2015-06-03,09:00:00,96.6342,96.7883,96.5847,96.7245,0,0
2015-06-03,10:00:00,96.729,96.7844,96.6511,96.7431,0,0
2015-06-03,11:00:00,96.7415,96.7966,96.631,96.6403,0,0
2015-06-03,12:00:00,96.6623,96.762,96.6398,96.6911,0,0
2015-06-03,13:00:00,96.6943,96.7594,96.6536,96.6536,0,0
2015-06-03,14:00:00,96.6491,96.7005,96.63,96.6879,0,0
2015-06-03,15:00:00,96.6879,96.7744,96.6369,96.7084,0,0
2015-06-03,16:00:00,96.7024,96.9088,96.6727,96.8811,0,0
2015-06-03,17:00:00,96.8815,96.9894,96.78,96.8744,0,0
2015-06-03,18:00:00,96.8721,96.9388,96.7809,96.8139,0,0
2015-06-03,19:00:00,96.8109,96.8368,96.7477,96.8111,0,0
2015-06-03,20:00:00,96.8239,96.8284,96.7097,96.7778,0,0
2015-06-03,21:00:00,96.7801,96.803,96.6068,96.6275,0,0
2015-06-03,22:00:00,96.6341,96.7515,96.6341,96.7379,0,0
2015-06-03,23:00:00,96.723,96.7814,96.6768,96.7297,0,0
2015-06-03,23:59:00,96.7423,96.7446,96.6689,96.6828,0,0
2015-06-04,01:00:00,96.6843,96.6913,96.5725,96.6217,0,0
2015-06-04,02:00:00,96.6247,96.6622,96.5751,96.5979,0,0
2015-06-04,03:00:00,96.5994,96.6564,96.5642,96.6409,0,0
2015-06-04,04:00:00,96.6409,96.7209,95.9903,96.1819,0,0
2015-06-04,05:00:00,96.1851,96.2395,96.0988,96.1971,0,0
2015-06-04,06:00:00,96.1971,96.2745,96.161,96.2033,0,0
2015-06-04,07:00:00,96.2033,96.286,96.1587,96.228,0,0
2015-06-04,08:00:00,96.2184,96.2184,95.877,95.9605,0,0
2015-06-04,09:00:00,95.9678,96.0958,95.8044,95.9156,0,0
2015-06-04,10:00:00,95.9105,95.9766,95.7817,95.8621,0,0
2015-06-04,11:00:00,95.8598,96.1369,95.8055,96.1369,0,0
2015-06-04,12:00:00,96.142,96.1426,96.0199,96.1009,0,0
2015-06-04,13:00:00,96.1019,96.2164,96.0382,96.1968,0,0
2015-06-04,14:00:00,96.1976,96.3018,96.1197,96.1316,0,0
2015-06-04,15:00:00,96.1393,96.1764,95.9434,96.0143,0,0
2015-06-04,16:00:00,96.0188,96.047,95.697,95.7017,0,0
2015-06-04,17:00:00,95.6932,95.825,95.4309,95.5596,0,0
2015-06-04,18:00:00,95.5646,95.6176,95.4555,95.5866,0,0
2015-06-04,19:00:00,95.5866,95.8286,95.5324,95.695,0,0
2015-06-04,20:00:00,95.6942,95.7048,95.4284,95.5329,0,0
2015-06-04,21:00:00,95.5424,95.6383,95.4911,95.562,0,0
2015-06-04,22:00:00,95.5524,95.593,95.5029,95.5149,0,0
2015-06-04,23:00:00,95.5555,95.6228,95.5251,95.6228,0,0
2015-06-04,23:59:00,95.6177,95.6397,95.5215,95.5444,0,0
2015-06-05,01:00:00,95.5488,95.5917,95.4811,95.5509,0,0
2015-06-05,02:00:00,95.5495,95.6433,95.5335,95.6139,0,0
2015-06-05,03:00:00,95.6201,95.7473,95.6112,95.7435,0,0
2015-06-05,04:00:00,95.7428,95.8275,95.6928,95.804,0,0
2015-06-05,05:00:00,95.8108,95.8423,95.731,95.7592,0,0
2015-06-05,06:00:00,95.7577,95.8437,95.7353,95.8385,0,0
2015-06-05,07:00:00,95.8385,95.9194,95.8293,95.8384,0,0
2015-06-05,08:00:00,95.8446,95.9055,95.8058,95.8275,0,0
2015-06-05,09:00:00,95.8337,95.9419,95.754,95.8159,0,0
2015-06-05,10:00:00,95.8196,95.8838,95.7301,95.8578,0,0
2015-06-05,11:00:00,95.8547,96.0351,95.8319,95.9821,0,0
2015-06-05,12:00:00,96.0046,96.1009,95.9443,96.0426,0,0
2015-06-05,13:00:00,96.0455,96.167,96.0006,96.1122,0,0
2015-06-05,14:00:00,96.1076,96.3599,96.0841,96.2665,0,0
2015-06-05,15:00:00,96.265,96.3487,95.7382,95.7486,0,0
2015-06-05,16:00:00,95.7433,95.8298,95.6019,95.6659,0,0
2015-06-05,17:00:00,95.6518,96.1079,95.6518,95.8252,0,0
2015-06-05,18:00:00,95.8282,95.9071,95.6535,95.7228,0,0
2015-06-05,19:00:00,95.7206,95.7212,95.5822,95.702,0,0
2015-06-05,20:00:00,95.7087,95.7669,95.6805,95.7105,0,0
2015-06-05,21:00:00,95.7119,95.7435,95.6171,95.6794,0,0
2015-06-05,22:00:00,95.6655,95.8145,95.6516,95.8136,0,0
2015-06-05,23:00:00,95.7826,95.7888,95.7812,95.7872,0,0
2015-06-08,01:00:00,95.7259,95.825,95.7047,95.7888,0,0
2015-06-08,02:00:00,95.7965,95.7983,95.6808,95.6808,0,0
2015-06-08,03:00:00,95.6808,95.7746,95.5523,95.5667,0,0
2015-06-08,04:00:00,95.5682,95.6746,95.5682,95.6504,0,0
2015-06-08,05:00:00,95.6426,95.7834,95.4693,95.5381,0,0
2015-06-08,06:00:00,95.5541,95.569,95.4602,95.5309,0,0
2015-06-08,07:00:00,95.5415,95.5415,95.4354,95.4886,0,0
2015-06-08,08:00:00,95.4908,95.6678,95.4749,95.6423,0,0
2015-06-08,09:00:00,95.649,95.7807,95.481,95.5636,0,0
2015-06-08,10:00:00,95.5694,95.7638,95.5616,95.6951,0,0
2015-06-08,11:00:00,95.6879,95.7117,95.5771,95.7046,0,0
2015-06-08,12:00:00,95.7149,95.804,95.6633,95.772,0,0
2015-06-08,13:00:00,95.7736,95.7736,95.6465,95.665,0,0
2015-06-08,14:00:00,95.6636,95.8032,95.652,95.7121,0,0
2015-06-08,15:00:00,95.7121,95.7832,95.6184,95.6406,0,0
2015-06-08,16:00:00,95.6407,95.7565,95.6138,95.6691,0,0
2015-06-08,17:00:00,95.6645,95.7265,95.6349,95.6509,0,0
2015-06-08,18:00:00,95.6561,95.7738,95.642,95.674,0,0
2015-06-08,19:00:00,95.6843,95.7088,95.6318,95.6636,0,0
2015-06-08,20:00:00,95.6651,95.9535,95.6517,95.8667,0,0
2015-06-08,21:00:00,95.8597,95.9405,95.7775,95.9116,0,0
2015-06-08,22:00:00,95.9054,95.9587,95.8219,95.8622,0,0
2015-06-08,23:00:00,95.8668,95.9286,95.8307,95.881,0,0
2015-06-08,23:59:00,95.8957,95.9264,95.8121,95.8572,0,0
2015-06-09,01:00:00,95.8445,95.8752,95.7504,95.7687,0,0
2015-06-09,02:00:00,95.7584,95.8559,95.722,95.7741,0,0
2015-06-09,03:00:00,95.7778,95.8337,95.7474,95.8059,0,0
2015-06-09,04:00:00,95.7972,96.0651,95.7854,95.9009,0,0
2015-06-09,05:00:00,95.8127,95.9009,95.7689,95.8849,0,0
2015-06-09,06:00:00,95.8864,95.9042,95.7586,95.8123,0,0
2015-06-09,07:00:00,95.8079,95.8488,95.7112,95.7898,0,0
2015-06-09,08:00:00,95.7898,95.7939,95.601,95.6277,0,0
2015-06-09,09:00:00,95.6208,95.6208,95.3498,95.4869,0,0
2015-06-09,10:00:00,95.4816,95.5022,95.2824,95.3532,0,0
2015-06-09,11:00:00,95.3563,95.3567,95.2487,95.3128,0,0
2015-06-09,12:00:00,95.3104,95.3922,95.2064,95.2098,0,0
2015-06-09,13:00:00,95.2061,95.3649,95.18,95.3606,0,0
2015-06-09,14:00:00,95.3612,95.643,95.3571,95.5814,0,0
2015-06-09,15:00:00,95.5849,95.6337,95.4689,95.4837,0,0
2015-06-09,16:00:00,95.478,95.7617,95.4332,95.6428,0,0
2015-06-09,17:00:00,95.6327,95.6439,95.4364,95.4512,0,0
2015-06-09,18:00:00,95.4483,95.5572,95.3918,95.4296,0,0
2015-06-09,19:00:00,95.4238,95.4238,95.322,95.3694,0,0
2015-06-09,20:00:00,95.3686,95.4964,95.3686,95.4964,0,0
2015-06-09,21:00:00,95.4855,95.5523,95.462,95.5353,0,0
2015-06-09,22:00:00,95.53,95.5781,95.4845,95.56,0,0
2015-06-09,23:00:00,95.557,95.6587,95.5374,95.6297,0,0
2015-06-09,23:59:00,95.6308,95.6613,95.557,95.6049,0,0
2015-06-10,01:00:00,95.6049,95.6761,95.5958,95.6761,0,0
2015-06-10,02:00:00,95.6762,95.7023,95.5864,95.5864,0,0
2015-06-10,03:00:00,95.5878,95.747,95.485,95.5819,0,0
2015-06-10,04:00:00,95.5756,95.6117,95.4913,95.5253,0,0
2015-06-10,05:00:00,95.5253,95.6145,95.1459,95.2707,0,0
2015-06-10,06:00:00,95.2576,95.3312,95.1473,95.3304,0,0
2015-06-10,07:00:00,95.3304,95.3304,94.5386,94.6278,0,0
2015-06-10,08:00:00,94.638,94.9716,94.5346,94.9276,0,0
2015-06-10,09:00:00,94.9349,95.0538,94.8282,94.9395,0,0
2015-06-10,10:00:00,94.9445,95.4429,94.9018,95.4121,0,0
2015-06-10,11:00:00,95.4155,95.5252,95.1367,95.2188,0,0
2015-06-10,12:00:00,95.2326,95.3587,95.2292,95.2516,0,0
2015-06-10,13:00:00,95.2507,95.6441,95.2507,95.3447,0,0
2015-06-10,14:00:00,95.3362,95.3543,95.2161,95.2372,0,0
2015-06-10,15:00:00,95.2319,95.2473,95.0266,95.0614,0,0
2015-06-10,16:00:00,95.0577,95.2901,95.0577,95.2331,0,0
2015-06-10,17:00:00,95.2287,95.2662,95.0637,95.1265,0,0
2015-06-10,18:00:00,95.1056,95.3548,95.0188,95.0864,0,0
2015-06-10,19:00:00,95.0875,95.26,95.0701,95.1954,0,0
2015-06-10,20:00:00,95.1994,95.2201,95.1015,95.1895,0,0
2015-06-10,21:00:00,95.194,95.2639,95.1632,95.1955,0,0
2015-06-10,22:00:00,95.1992,95.2331,95.1473,95.1707,0,0
2015-06-10,23:00:00,95.1664,95.2518,95.1487,95.2141,0,0
2015-06-10,23:59:00,95.196,95.2487,94.5003,95.0279,0,0
2015-06-11,01:00:00,95.0287,95.0818,94.9539,94.9995,0,0
2015-06-11,02:00:00,95.0003,95.0643,94.9575,94.9627,0,0
2015-06-11,03:00:00,94.9658,95.0131,94.8953,94.9866,0,0
2015-06-11,04:00:00,94.9921,95.7567,94.8985,95.6184,0,0
2015-06-11,05:00:00,95.6021,95.6453,95.4618,95.6375,0,0
2015-06-11,06:00:00,95.6362,95.6795,95.5131,95.6027,0,0
2015-06-11,07:00:00,95.6072,95.7399,95.5298,95.7084,0,0
2015-06-11,08:00:00,95.7087,95.745,95.5274,95.5836,0,0
2015-06-11,09:00:00,95.5887,95.6828,95.5132,95.6375,0,0
2015-06-11,10:00:00,95.6316,95.693,95.5104,95.659,0,0
2015-06-11,11:00:00,95.6598,95.7661,95.5887,95.7307,0,0
2015-06-11,12:00:00,95.7352,95.7621,95.5661,95.6051,0,0
2015-06-11,13:00:00,95.6074,95.6639,95.5873,95.5961,0,0
2015-06-11,14:00:00,95.591,95.6521,95.5058,95.522,0,0
2015-06-11,15:00:00,95.531,95.6782,95.4032,95.6178,0,0
2015-06-11,16:00:00,95.6171,95.6303,95.4276,95.5272,0,0
2015-06-11,17:00:00,95.5295,95.6334,95.4352,95.4641,0,0
2015-06-11,18:00:00,95.4717,95.6212,95.4457,95.51,0,0
2015-06-11,19:00:00,95.5122,95.5616,95.4659,95.5553,0,0
2015-06-11,20:00:00,95.5553,95.6076,95.5374,95.5772,0,0
2015-06-11,21:00:00,95.5764,95.7006,95.5762,95.6502,0,0
2015-06-11,22:00:00,95.6474,95.8196,95.6474,95.8159,0,0
2015-06-11,23:00:00,95.8106,95.8279,95.6938,95.7107,0,0
2015-06-11,23:59:00,95.7108,95.8126,95.6867,95.7683,0,0
2015-06-12,01:00:00,95.7594,95.802,95.6883,95.752,0,0
2015-06-12,02:00:00,95.7513,95.8161,95.7183,95.7295,0,0
2015-06-12,03:00:00,95.753,95.7824,95.6416,95.7053,0,0
2015-06-12,04:00:00,95.7153,95.7981,95.6573,95.7296,0,0
2015-06-12,05:00:00,95.7452,95.7452,95.6612,95.6762,0,0
2015-06-12,06:00:00,95.6755,95.7356,95.6504,95.6682,0,0
2015-06-12,07:00:00,95.6713,95.6717,95.4565,95.5059,0,0
2015-06-12,08:00:00,95.5036,95.5993,95.4181,95.516,0,0
2015-06-12,09:00:00,95.5254,95.5428,95.4069,95.432,0,0
2015-06-12,10:00:00,95.4305,95.5782,95.3883,95.4068,0,0
2015-06-12,11:00:00,95.4013,95.4541,95.0109,95.115,0,0
2015-06-12,12:00:00,95.1048,95.3634,95.0481,95.3565,0,0
2015-06-12,13:00:00,95.3527,95.4778,95.2946,95.2976,0,0
2015-06-12,14:00:00,95.2976,95.3225,95.1912,95.2812,0,0
2015-06-12,15:00:00,95.2775,95.4012,95.2428,95.2464,0,0
2015-06-12,16:00:00,95.2531,95.3159,95.1471,95.2848,0,0
2015-06-12,17:00:00,95.2825,95.5048,95.2504,95.3926,0,0
2015-06-12,18:00:00,95.4017,95.5497,95.3776,95.3952,0,0
2015-06-12,19:00:00,95.4004,95.5882,95.3756,95.5325,0,0
2015-06-12,20:00:00,95.534,95.6003,95.5079,95.5613,0,0
2015-06-12,21:00:00,95.5624,95.6262,95.4728,95.4989,0,0
2015-06-12,22:00:00,95.5107,95.5107,95.372,95.4249,0,0
2015-06-12,23:00:00,95.4272,95.4375,95.426,95.4326,0,0
2015-06-15,01:00:00,95.4125,95.4786,95.2968,95.3218,0,0
2015-06-15,02:00:00,95.3211,95.3808,95.2847,95.2944,0,0
2015-06-15,03:00:00,95.2991,95.3278,95.168,95.2777,0,0
2015-06-15,04:00:00,95.2621,95.3668,95.2549,95.344,0,0
2015-06-15,05:00:00,95.3369,95.3556,95.2607,95.3003,0,0
2015-06-15,06:00:00,95.2908,95.3293,95.2377,95.2696,0,0
2015-06-15,07:00:00,95.2696,95.3039,95.1892,95.2092,0,0
2015-06-15,08:00:00,95.2104,95.2707,95.147,95.2187,0,0
2015-06-15,09:00:00,95.2459,95.4307,95.2054,95.3776,0,0
2015-06-15,10:00:00,95.3697,95.5032,95.3382,95.4259,0,0
2015-06-15,11:00:00,95.4133,95.4169,95.3018,95.3099,0,0
2015-06-15,12:00:00,95.3092,95.4631,95.3028,95.4326,0,0
2015-06-15,13:00:00,95.4334,95.5675,95.386,95.5675,0,0
2015-06-15,14:00:00,95.563,95.7032,95.563,95.6003,0,0
2015-06-15,15:00:00,95.6011,95.8849,95.6011,95.8158,0,0
2015-06-15,16:00:00,95.8158,95.9105,95.7447,95.7962,0,0
2015-06-15,17:00:00,95.7948,95.992,95.7948,95.9096,0,0
2015-06-15,18:00:00,95.9078,95.9258,95.7837,95.8204,0,0
2015-06-15,19:00:00,95.8279,95.9329,95.7662,95.9145,0,0
2015-06-15,20:00:00,95.9153,95.9348,95.7805,95.8059,0,0
2015-06-15,21:00:00,95.813,95.8933,95.7643,95.81,0,0
2015-06-15,22:00:00,95.7981,95.8539,95.7792,95.79,0,0
2015-06-15,23:00:00,95.8004,95.8461,95.785,95.8332,0,0
2015-06-15,23:59:00,95.8393,95.906,95.7704,95.7825,0,0
2015-06-16,01:00:00,95.7794,95.8252,95.7317,95.8193,0,0
2015-06-16,02:00:00,95.8177,95.8177,95.7204,95.7443,0,0
2015-06-16,03:00:00,95.7466,95.7864,95.6731,95.7086,0,0
2015-06-16,04:00:00,95.6983,96.0104,95.559,95.9439,0,0
2015-06-16,05:00:00,95.9611,95.9761,95.8298,95.9321,0,0
2015-06-16,06:00:00,95.9374,95.9538,95.8635,95.8882,0,0
2015-06-16,07:00:00,95.894,95.9932,95.868,95.8896,0,0
2015-06-16,08:00:00,95.8904,95.9046,95.7834,95.8037,0,0
2015-06-16,09:00:00,95.8007,95.8273,95.6163,95.7704,0,0
2015-06-16,10:00:00,95.7764,95.7839,95.496,95.5303,0,0
2015-06-16,11:00:00,95.5516,95.5857,95.4134,95.5011,0,0
2015-06-16,12:00:00,95.4936,95.5951,95.4773,95.5477,0,0
2015-06-16,13:00:00,95.5298,95.6604,95.5298,95.579,0,0
2015-06-16,14:00:00,95.5827,95.6794,95.5642,95.6125,0,0
2015-06-16,15:00:00,95.6142,95.6878,95.5147,95.6497,0,0
2015-06-16,16:00:00,95.6571,95.7993,95.621,95.7667,0,0
2015-06-16,17:00:00,95.7663,95.84,95.6929,95.709,0,0
2015-06-16,18:00:00,95.7007,95.7534,95.6211,95.6573,0,0
2015-06-16,19:00:00,95.6625,95.6729,95.6072,95.6212,0,0
2015-06-16,20:00:00,95.6204,95.6315,95.4994,95.5174,0,0
2015-06-16,21:00:00,95.52,95.5926,95.5054,95.5344,0,0
2015-06-16,22:00:00,95.5281,95.5711,95.5164,95.5325,0,0
2015-06-16,23:00:00,95.5392,95.6497,95.5363,95.6219,0,0
2015-06-16,23:59:00,95.6204,95.6955,95.6031,95.6197,0,0
2015-06-17,01:00:00,95.6182,95.7149,95.605,95.6488,0,0
2015-06-17,02:00:00,95.648,95.6775,95.5989,95.6164,0,0
2015-06-17,03:00:00,95.6171,95.6274,95.5262,95.6243,0,0
2015-06-17,04:00:00,95.6205,95.639,95.3918,95.4117,0,0
2015-06-17,05:00:00,95.411,95.4592,95.3496,95.3684,0,0
2015-06-17,06:00:00,95.3684,95.4225,95.2542,95.4193,0,0
2015-06-17,07:00:00,95.4179,95.4179,95.3061,95.3489,0,0
2015-06-17,08:00:00,95.3505,95.4675,95.3505,95.3869,0,0
2015-06-17,09:00:00,95.3854,95.4713,95.2707,95.3385,0,0
2015-06-17,10:00:00,95.34,95.4077,95.1839,95.282,0,0
2015-06-17,11:00:00,95.2754,95.2834,95.0751,95.1529,0,0
2015-06-17,12:00:00,95.1591,95.2978,95.1384,95.2742,0,0
2015-06-17,13:00:00,95.2812,95.3041,95.083,95.0888,0,0
2015-06-17,14:00:00,95.0983,95.2079,95.0688,95.1079,0,0
2015-06-17,15:00:00,95.1307,95.2817,95.0517,95.2694,0,0
2015-06-17,16:00:00,95.2717,95.4605,95.2309,95.3565,0,0
2015-06-17,17:00:00,95.3604,95.3642,95.2202,95.2296,0,0
2015-06-17,18:00:00,95.2454,95.3051,95.1871,95.259,0,0
2015-06-17,19:00:00,95.2612,95.2741,95.1859,95.2382,0,0
2015-06-17,20:00:00,95.2294,95.38,95.1981,95.3393,0,0
2015-06-17,21:00:00,95.3336,95.7016,95.1496,95.6198,0,0
2015-06-17,22:00:00,95.6174,95.7844,95.469,95.5603,0,0
2015-06-17,23:00:00,95.5664,95.7038,95.5449,95.6592,0,0
2015-06-17,23:59:00,95.6325,95.707,95.5994,95.6701,0,0
2015-06-18,01:00:00,95.6701,95.6746,95.3671,95.5248,0,0
2015-06-18,02:00:00,95.5249,95.5666,95.3896,95.4181,0,0
2015-06-18,03:00:00,95.4181,95.4906,95.2905,95.4035,0,0
2015-06-18,04:00:00,95.4057,95.4471,95.2707,95.3017,0,0
2015-06-18,05:00:00,95.3056,95.3251,95.1981,95.2231,0,0
2015-06-18,06:00:00,95.2174,95.2476,95.0861,95.1031,0,0
2015-06-18,07:00:00,95.1008,95.1148,94.9566,95.0847,0,0
2015-06-18,08:00:00,95.0873,95.1647,95.0179,95.0998,0,0
2015-06-18,09:00:00,95.0982,95.3232,95.0571,95.2449,0,0
2015-06-18,10:00:00,95.2321,95.4892,95.2267,95.4582,0,0
2015-06-18,11:00:00,95.4527,95.6546,95.4355,95.6471,0,0
2015-06-18,12:00:00,95.644,95.9939,95.5593,95.9841,0,0
2015-06-18,13:00:00,95.993,96.0175,95.9149,95.9398,0,0
2015-06-18,14:00:00,95.9516,96.1216,95.9206,96.114,0,0
2015-06-18,15:00:00,96.1124,96.182,95.9957,96.0989,0,0
2015-06-18,16:00:00,96.105,96.3029,96.0973,96.2753,0,0
2015-06-18,17:00:00,96.2804,96.312,96.2094,96.2526,0,0
2015-06-18,18:00:00,96.2572,96.299,96.2155,96.2155,0,0
2015-06-18,19:00:00,96.2018,96.3043,96.0886,96.1112,0,0
2015-06-18,20:00:00,96.1112,96.1572,95.9573,96.0147,0,0
2015-06-18,21:00:00,96.0162,96.0263,95.8921,95.8944,0,0
2015-06-18,22:00:00,95.9119,95.9228,95.8312,95.868,0,0
2015-06-18,23:00:00,95.8714,95.9411,95.8438,95.9059,0,0
2015-06-18,23:59:00,95.8944,95.9355,95.8514,95.9123,0,0
2015-06-19,01:00:00,95.9131,95.9828,95.88,95.9447,0,0
2015-06-19,02:00:00,95.9447,95.9447,95.8025,95.8191,0,0
2015-06-19,03:00:00,95.8289,95.8892,95.7276,95.8868,0,0
2015-06-19,04:00:00,95.8938,95.9164,95.774,95.81,0,0
2015-06-19,05:00:00,95.8116,95.8182,95.6803,95.7523,0,0
2015-06-19,06:00:00,95.7545,95.7792,95.6802,95.7026,0,0
2015-06-19,07:00:00,95.7003,95.7063,95.5411,95.5871,0,0
2015-06-19,08:00:00,95.5871,95.6431,95.5508,95.6288,0,0
2015-06-19,09:00:00,95.6189,95.6341,95.5412,95.5651,0,0
2015-06-19,10:00:00,95.5659,95.5978,95.4156,95.5764,0,0
2015-06-19,11:00:00,95.579,95.679,95.5535,95.5688,0,0
2015-06-19,12:00:00,95.5638,95.6003,95.3914,95.443,0,0
2015-06-19,13:00:00,95.443,95.5208,95.3892,95.462,0,0
2015-06-19,14:00:00,95.456,95.5894,95.4381,95.5155,0,0
2015-06-19,15:00:00,95.5111,95.5111,95.2899,95.2992,0,0
2015-06-19,16:00:00,95.2956,95.3171,95.2031,95.2232,0,0
2015-06-19,17:00:00,95.2302,95.2596,95.1496,95.2269,0,0
2015-06-19,18:00:00,95.2231,95.2231,95.091,95.1899,0,0
2015-06-19,19:00:00,95.189,95.2004,95.1392,95.1489,0,0
2015-06-19,20:00:00,95.1203,95.2895,95.1203,95.2442,0,0
2015-06-19,21:00:00,95.2388,95.28,95.2322,95.28,0,0
2015-06-19,22:00:00,95.2785,95.3757,95.2577,95.3757,0,0
2015-06-19,23:00:00,95.3773,95.3773,95.3318,95.3363,0,0
2015-06-22,01:00:00,95.4648,95.4721,95.3192,95.3847,0,0
2015-06-22,02:00:00,95.3971,95.4277,95.309,95.3444,0,0
2015-06-22,03:00:00,95.346,95.4182,95.3329,95.369,0,0
2015-06-22,04:00:00,95.3643,95.4819,95.3586,95.4675,0,0
2015-06-22,05:00:00,95.4675,95.502,95.4405,95.4687,0,0
2015-06-22,06:00:00,95.4765,95.5173,95.414,95.4948,0,0
2015-06-22,07:00:00,95.4963,95.542,95.4577,95.5102,0,0
2015-06-22,08:00:00,95.5085,95.6292,95.4268,95.6235,0,0
2015-06-22,09:00:00,95.6315,95.7665,95.5624,95.6735,0,0
2015-06-22,10:00:00,95.6698,95.8358,95.6311,95.6311,0,0
2015-06-22,11:00:00,95.6162,95.6829,95.5684,95.6491,0,0
2015-06-22,12:00:00,95.6529,95.7681,95.6248,95.7562,0,0
2015-06-22,13:00:00,95.7533,95.7712,95.5942,95.6092,0,0
2015-06-22,14:00:00,95.6063,95.705,95.5834,95.6835,0,0
2015-06-22,15:00:00,95.6773,95.7202,95.6278,95.6549,0,0
2015-06-22,16:00:00,95.6588,95.773,95.6089,95.6289,0,0
2015-06-22,17:00:00,95.5876,95.6634,95.5494,95.5894,0,0
2015-06-22,18:00:00,95.5879,95.591,95.3992,95.4814,0,0
2015-06-22,19:00:00,95.4814,95.4986,95.2826,95.3475,0,0
2015-06-22,20:00:00,95.3437,95.3879,95.3148,95.3782,0,0
2015-06-22,21:00:00,95.3775,95.4665,95.3326,95.3333,0,0
2015-06-22,22:00:00,95.3311,95.3644,95.283,95.3156,0,0
2015-06-22,23:00:00,95.3118,95.4027,95.3104,95.3329,0,0
2015-06-22,23:59:00,95.34,95.3953,95.2723,95.3707,0,0
2015-06-23,01:00:00,95.3677,95.3914,95.3041,95.3079,0,0
2015-06-23,02:00:00,95.3131,95.4048,95.3025,95.382,0,0
2015-06-23,03:00:00,95.3905,95.5036,95.3541,95.4328,0,0
2015-06-23,04:00:00,95.4248,95.5067,95.2655,95.3235,0,0
2015-06-23,05:00:00,95.3191,95.3722,95.2061,95.2478,0,0
2015-06-23,06:00:00,95.239,95.3169,95.199,95.2544,0,0
2015-06-23,07:00:00,95.2479,95.3348,95.2372,95.331,0,0
2015-06-23,08:00:00,95.3376,95.4075,95.2849,95.3892,0,0
2015-06-23,09:00:00,95.3875,95.7249,95.3875,95.6676,0,0
2015-06-23,10:00:00,95.6653,95.707,95.502,95.5213,0,0
2015-06-23,11:00:00,95.5231,95.6008,95.4295,95.5079,0,0
2015-06-23,12:00:00,95.5079,95.5443,95.4278,95.4708,0,0
2015-06-23,13:00:00,95.4708,95.522,95.3642,95.3987,0,0
2015-06-23,14:00:00,95.3987,95.5179,95.338,95.4519,0,0
2015-06-23,15:00:00,95.4423,95.576,95.3717,95.4699,0,0
2015-06-23,16:00:00,95.4707,95.563,95.359,95.5443,0,0
2015-06-23,17:00:00,95.5537,95.7508,95.5346,95.6981,0,0
2015-06-23,18:00:00,95.7033,95.8522,95.6959,95.7361,0,0
2015-06-23,19:00:00,95.7345,95.7383,95.6445,95.6677,0,0
2015-06-23,20:00:00,95.6631,95.7355,95.6463,95.7183,0,0
2015-06-23,21:00:00,95.7197,95.8137,95.6834,95.8042,0,0
2015-06-23,22:00:00,95.8044,95.8437,95.7713,95.8283,0,0
2015-06-23,23:00:00,95.8286,95.9562,95.8175,95.8836,0,0
2015-06-23,23:59:00,95.8828,95.9028,95.7688,95.854,0,0
2015-06-24,01:00:00,95.8429,95.9181,95.8348,95.8806,0,0
2015-06-24,02:00:00,95.8806,95.9079,95.8468,95.905,0,0
2015-06-24,03:00:00,95.9238,96.0448,95.9226,95.9786,0,0
2015-06-24,04:00:00,95.9728,96.0329,95.8053,95.816,0,0
2015-06-24,05:00:00,95.8276,95.8982,95.7892,95.8403,0,0
2015-06-24,06:00:00,95.8403,95.8924,95.7552,95.7916,0,0
2015-06-24,07:00:00,95.7916,95.8309,95.6839,95.7126,0,0
2015-06-24,08:00:00,95.7103,95.8375,95.7103,95.7916,0,0
2015-06-24,09:00:00,95.7792,95.8388,95.6626,95.793,0,0
2015-06-24,10:00:00,95.7923,96.0001,95.7737,95.9749,0,0
2015-06-24,11:00:00,95.9756,96.1816,95.9316,96.0584,0,0
2015-06-24,12:00:00,96.0546,96.1161,95.7409,95.8615,0,0
2015-06-24,13:00:00,95.8514,95.9857,95.8031,95.9285,0,0
2015-06-24,14:00:00,95.9304,95.9675,95.8612,95.9432,0,0
2015-06-24,15:00:00,95.9409,95.9946,95.7867,95.8212,0,0
2015-06-24,16:00:00,95.8212,95.8726,95.6289,95.6473,0,0
2015-06-24,17:00:00,95.6482,95.7124,95.5345,95.6077,0,0
2015-06-24,18:00:00,95.6053,95.6665,95.5155,95.5224,0,0
2015-06-24,19:00:00,95.5208,95.6449,95.4937,95.5606,0,0
2015-06-24,20:00:00,95.5659,95.5934,95.4413,95.4847,0,0
2015-06-24,21:00:00,95.4884,95.505,95.4006,95.4645,0,0
2015-06-24,22:00:00,95.4695,95.514,95.421,95.4334,0,0
2015-06-24,23:00:00,95.4334,95.4646,95.4056,95.4161,0,0
2015-06-24,23:59:00,95.4207,95.4724,95.37,95.443,0,0
2015-06-25,01:00:00,95.4415,95.4703,95.3835,95.4255,0,0
2015-06-25,02:00:00,95.4247,95.4849,95.4247,95.4538,0,0
2015-06-25,03:00:00,95.4555,95.6164,95.4555,95.6125,0,0
2015-06-25,04:00:00,95.614,95.7429,95.6071,95.6627,0,0
2015-06-25,05:00:00,95.6627,95.7256,95.6378,95.682,0,0
2015-06-25,06:00:00,95.6948,95.783,95.6506,95.7605,0,0
2015-06-25,07:00:00,95.7597,95.7654,95.6047,95.7255,0,0
2015-06-25,08:00:00,95.7263,95.7345,95.6418,95.6682,0,0
2015-06-25,09:00:00,95.6742,95.7998,95.609,95.679,0,0
2015-06-25,10:00:00,95.6775,95.7157,95.6295,95.6648,0,0
2015-06-25,11:00:00,95.667,95.7891,95.5911,95.6653,0,0
2015-06-25,12:00:00,95.6646,95.7124,95.4417,95.5553,0,0
2015-06-25,13:00:00,95.5589,95.746,95.5304,95.6874,0,0
2015-06-25,14:00:00,95.6917,95.7404,95.622,95.6441,0,0
2015-06-25,15:00:00,95.6478,95.7092,95.6089,95.6389,0,0
2015-06-25,16:00:00,95.6389,95.6855,95.5156,95.6359,0,0
2015-06-25,17:00:00,95.6284,95.7719,95.6023,95.7419,0,0
2015-06-25,18:00:00,95.7493,95.8133,95.7044,95.7044,0,0
2015-06-25,19:00:00,95.702,95.7216,95.6698,95.7072,0,0
2015-06-25,20:00:00,95.7065,95.7538,95.6785,95.7516,0,0
2015-06-25,21:00:00,95.7516,95.7516,95.6431,95.6989,0,0
2015-06-25,22:00:00,95.7039,95.7202,95.6656,95.6819,0,0
2015-06-25,23:00:00,95.6822,95.6995,95.6496,95.6714,0,0
2015-06-25,23:59:00,95.6677,95.7068,95.6036,95.6283,0,0
2015-06-26,01:00:00,95.6279,95.6816,95.6144,95.6167,0,0
2015-06-26,02:00:00,95.6187,95.6412,95.5484,95.563,0,0
2015-06-26,03:00:00,95.5679,95.5883,95.4299,95.4586,0,0
2015-06-26,04:00:00,95.4675,95.4675,95.1769,95.2312,0,0
2015-06-26,05:00:00,95.232,95.3046,95.1519,95.1974,0,0
2015-06-26,06:00:00,95.2011,95.3186,95.1479,95.2038,0,0
2015-06-26,07:00:00,95.2093,95.3433,95.1797,95.2622,0,0
2015-06-26,08:00:00,95.2533,95.2629,95.1461,95.2136,0,0
2015-06-26,09:00:00,95.215,95.2631,95.0543,95.0611,0,0
2015-06-26,10:00:00,95.0627,95.1666,94.9843,95.077,0,0
2015-06-26,11:00:00,95.074,95.116,95.0239,95.1114,0,0
2015-06-26,12:00:00,95.1121,95.1128,94.918,94.954,0,0
2015-06-26,13:00:00,94.9511,95.0023,94.8541,94.9128,0,0
2015-06-26,14:00:00,94.9177,94.9849,94.6741,94.6762,0,0
2015-06-26,15:00:00,94.6641,94.81,94.6432,94.6587,0,0
2015-06-26,16:00:00,94.6609,94.8263,94.5667,94.7597,0,0
2015-06-26,17:00:00,94.7612,94.8097,94.6541,94.7177,0,0
2015-06-26,18:00:00,94.7041,94.8189,94.6728,94.7866,0,0
2015-06-26,19:00:00,94.783,94.8448,94.7325,94.7559,0,0
2015-06-26,20:00:00,94.7527,94.7872,94.7015,94.761,0,0
2015-06-26,21:00:00,94.7618,94.8209,94.7279,94.7699,0,0
2015-06-26,22:00:00,94.7685,94.8082,94.7047,94.7765,0,0
2015-06-26,23:00:00,94.7823,94.7823,94.7706,94.7771,0,0
2015-06-29,01:00:00,93.4967,93.5712,92.6918,93.3637,0,0
2015-06-29,02:00:00,93.4008,93.655,93.2574,93.4172,0,0
2015-06-29,03:00:00,93.4066,93.9403,93.3134,93.8381,0,0
2015-06-29,04:00:00,93.8381,94.145,93.8381,94.1328,0,0
2015-06-29,05:00:00,94.1423,94.7172,94.0955,94.2994,0,0
2015-06-29,06:00:00,94.3008,94.3498,94.0254,94.0893,0,0
2015-06-29,07:00:00,94.0893,94.112,93.7871,93.8276,0,0
2015-06-29,08:00:00,93.8229,93.8484,93.46,93.6533,0,0
2015-06-29,09:00:00,93.6555,94.1584,93.4955,94.0956,0,0
2015-06-29,10:00:00,94.1064,94.1092,93.8485,93.9994,0,0
2015-06-29,11:00:00,93.998,94.1993,93.828,94.1697,0,0
2015-06-29,12:00:00,94.1697,94.1806,94.0066,94.0711,0,0
2015-06-29,13:00:00,94.0702,94.1152,94.0392,94.1124,0,0
2015-06-29,14:00:00,94.1141,94.2051,94.0903,94.105,0,0
2015-06-29,15:00:00,94.1001,94.2099,94.0688,94.1715,0,0
2015-06-29,16:00:00,94.1728,94.1744,94.0014,94.0667,0,0
2015-06-29,17:00:00,94.0621,94.1581,93.8422,93.8461,0,0
2015-06-29,18:00:00,93.8404,94.0599,93.8194,94.0338,0,0
2015-06-29,19:00:00,94.047,94.1181,93.9666,94.1128,0,0
2015-06-29,20:00:00,94.1212,94.4442,94.0926,94.3027,0,0
2015-06-29,21:00:00,94.3072,94.4162,94.2632,94.3395,0,0
2015-06-29,22:00:00,94.3333,94.3493,94.1192,94.1701,0,0
2015-06-29,23:00:00,94.159,94.2247,94.1017,94.1017,0,0
2015-06-29,23:59:00,94.0994,94.1602,94.0204,94.1083,0,0
2015-06-30,01:00:00,94.0976,94.1307,94.0126,94.0322,0,0
2015-06-30,02:00:00,94.0321,94.1913,94.0321,94.119,0,0
2015-06-30,03:00:00,94.1197,94.1673,93.8682,93.9452,0,0
2015-06-30,04:00:00,93.9427,94.0742,93.8246,94.0341,0,0
2015-06-30,05:00:00,94.0016,94.0179,93.6766,93.7525,0,0
2015-06-30,06:00:00,93.7562,93.9606,93.6956,93.9134,0,0
2015-06-30,07:00:00,93.8579,93.9134,93.7751,93.8637,0,0
2015-06-30,08:00:00,93.8528,93.9468,93.8002,93.9017,0,0
2015-06-30,09:00:00,93.8961,94.1423,93.8782,93.8905,0,0
2015-06-30,10:00:00,93.8992,93.9493,93.807,93.9024,0,0
2015-06-30,11:00:00,93.9049,93.9084,93.6229,93.7273,0,0
2015-06-30,12:00:00,93.7258,94.1074,93.7079,93.9593,0,0
2015-06-30,13:00:00,93.9528,94.0996,93.9191,93.9885,0,0
2015-06-30,14:00:00,93.99,94.237,93.9515,94.1533,0,0
2015-06-30,15:00:00,94.153,94.3808,94.125,94.351,0,0
2015-06-30,16:00:00,94.3531,94.4514,94.3109,94.3537,0,0
2015-06-30,17:00:00,94.3668,94.4062,94.0262,94.0289,0,0
2015-06-30,18:00:00,94.0289,94.163,94.0263,94.063,0,0
2015-06-30,19:00:00,94.063,94.1572,93.9771,94.1353,0,0
2015-06-30,20:00:00,94.1341,94.2913,94.0977,94.2665,0,0
2015-06-30,21:00:00,94.2665,94.3849,94.2318,94.3821,0,0
2015-06-30,22:00:00,94.3821,94.4534,94.3049,94.4331,0,0
2015-06-30,23:00:00,94.4336,94.4638,94.3119,94.4096,0,0
2015-06-30,23:59:00,94.4082,94.4329,94.2501,94.3041,0,0
2015-07-01,01:00:00,94.2988,94.3389,94.172,94.1767,0,0
2015-07-01,02:00:00,94.1767,94.2666,94.1289,94.1736,0,0
2015-07-01,03:00:00,94.1664,94.4925,94.1664,94.4429,0,0
2015-07-01,04:00:00,94.5266,94.6407,94.3226,94.5469,0,0
2015-07-01,05:00:00,94.5469,94.8017,94.5292,94.5774,0,0
2015-07-01,06:00:00,94.5849,94.7312,94.5797,94.6845,0,0
2015-07-01,07:00:00,94.6837,94.6885,94.5024,94.5347,0,0
2015-07-01,08:00:00,94.5347,94.6454,94.5333,94.6373,0,0
2015-07-01,09:00:00,94.6292,94.7383,94.5196,94.6643,0,0
2015-07-01,10:00:00,94.6547,94.7044,94.5171,94.599,0,0
2015-07-01,11:00:00,94.5857,94.7228,94.4783,94.7228,0,0
2015-07-01,12:00:00,94.7284,94.9818,94.6763,94.7043,0,0
2015-07-01,13:00:00,94.7043,94.7499,94.5842,94.6879,0,0
2015-07-01,14:00:00,94.6903,94.722,94.4633,94.4726,0,0
2015-07-01,15:00:00,94.4691,94.5146,94.3547,94.4319,0,0
2015-07-01,16:00:00,94.4344,94.465,94.219,94.2874,0,0
2015-07-01,17:00:00,94.289,94.3822,94.2402,94.2402,0,0
2015-07-01,18:00:00,94.2402,94.3986,94.1896,94.2707,0,0
2015-07-01,19:00:00,94.2685,94.3048,94.2302,94.2553,0,0
2015-07-01,20:00:00,94.2623,94.3248,94.1981,94.2605,0,0
2015-07-01,21:00:00,94.2589,94.2788,94.0995,94.1618,0,0
2015-07-01,22:00:00,94.1447,94.2425,94.1372,94.2206,0,0
2015-07-01,23:00:00,94.2046,94.2528,94.1662,94.1676,0,0
2015-07-01,23:59:00,94.1627,94.2476,94.1408,94.2204,0,0
2015-07-02,01:00:00,94.2183,94.2347,94.0649,94.1206,0,0
2015-07-02,02:00:00,94.122,94.2072,94.082,94.1982,0,0
2015-07-02,03:00:00,94.194,94.3932,94.1792,94.3932,0,0
2015-07-02,04:00:00,94.4047,94.4387,94.1604,94.3132,0,0
2015-07-02,05:00:00,94.3091,94.3236,94.2323,94.2851,0,0
2015-07-02,06:00:00,94.2851,94.4407,94.2844,94.3888,0,0
2015-07-02,07:00:00,94.3938,94.4064,94.3118,94.3766,0,0
2015-07-02,08:00:00,94.3735,94.4019,94.3152,94.3756,0,0
2015-07-02,09:00:00,94.379,94.3926,94.0963,94.2262,0,0
2015-07-02,10:00:00,94.2247,94.2347,93.998,94.0383,0,0
2015-07-02,11:00:00,94.0354,94.1042,93.9366,93.9423,0,0
2015-07-02,12:00:00,93.9299,93.9574,93.8675,93.9352,0,0
2015-07-02,13:00:00,93.9367,93.947,93.8282,93.8977,0,0
2015-07-02,14:00:00,93.8783,93.9406,93.7789,93.7933,0,0
2015-07-02,15:00:00,93.7931,94.03,93.6505,93.8438,0,0
2015-07-02,16:00:00,93.8309,93.8683,93.7282,93.7481,0,0
2015-07-02,17:00:00,93.7428,93.9689,93.7374,93.9459,0,0
2015-07-02,18:00:00,93.9437,93.9819,93.862,93.9435,0,0
2015-07-02,19:00:00,93.9442,94.0151,93.9363,94.0069,0,0
2015-07-02,20:00:00,94.0011,94.0011,93.8571,93.8692,0,0
2015-07-02,21:00:00,93.8681,93.8745,93.8035,93.8087,0,0
2015-07-02,22:00:00,93.8137,93.9412,93.8137,93.9104,0,0
2015-07-02,23:00:00,93.8995,93.9863,93.8953,93.9256,0,0
2015-07-02,23:59:00,93.9328,93.996,93.9035,93.9441,0,0
2015-07-03,01:00:00,93.9536,94.015,93.9181,93.9734,0,0
2015-07-03,02:00:00,93.9734,94.0026,93.9427,93.977,0,0
2015-07-03,03:00:00,93.9778,94.0115,93.8893,93.9873,0,0
2015-07-03,04:00:00,93.9844,93.9981,93.3851,93.4168,0,0
2015-07-03,05:00:00,93.4181,93.4439,93.2563,93.3503,0,0
2015-07-03,06:00:00,93.3503,93.3831,93.1886,93.3252,0,0
2015-07-03,07:00:00,93.3238,93.4644,93.281,93.4105,0,0
2015-07-03,08:00:00,93.4198,93.5004,93.3521,93.395,0,0
2015-07-03,09:00:00,93.388,93.4288,93.3257,93.3542,0,0
2015-07-03,10:00:00,93.3454,93.3485,93.0226,93.0804,0,0
2015-07-03,11:00:00,93.0756,93.109,92.754,92.7743,0,0
2015-07-03,12:00:00,92.7541,92.8504,92.5753,92.6734,0,0
2015-07-03,13:00:00,92.6719,92.6765,92.3377,92.4767,0,0
2015-07-03,14:00:00,92.4751,92.6273,92.459,92.4854,0,0
2015-07-03,15:00:00,92.4832,92.5174,92.3378,92.3974,0,0
2015-07-03,16:00:00,92.4009,92.4009,92.1482,92.1559,0,0
2015-07-03,17:00:00,92.1608,92.2658,92.0906,92.2456,0,0
2015-07-03,18:00:00,92.2399,92.2865,92.1424,92.1794,0,0
2015-07-03,19:00:00,92.1807,92.3546,92.1807,92.3357,0,0
2015-07-03,20:00:00,92.3344,92.4189,92.2417,92.3672,0,0
2015-07-03,21:00:00,92.3672,92.4214,92.3542,92.3758,0,0
2015-07-03,22:00:00,92.3758,92.4669,92.2211,92.3973,0,0
2015-07-03,23:00:00,92.3973,92.4159,92.3897,92.4032,0,0
2015-07-06,01:00:00,91.1006,91.7197,90.975,91.6529,0,0
2015-07-06,02:00:00,91.6529,91.8432,91.5779,91.6284,0,0
2015-07-06,03:00:00,91.6407,92.1132,91.6377,92.0129,0,0
2015-07-06,04:00:00,92.0123,92.1483,91.8923,92.0654,0,0
2015-07-06,05:00:00,92.0816,92.0816,91.7684,91.88,0,0
2015-07-06,06:00:00,91.8905,91.9016,91.6245,91.6597,0,0
2015-07-06,07:00:00,91.6675,91.681,91.3596,91.4906,0,0
2015-07-06,08:00:00,91.4891,91.857,91.2244,91.6855,0,0
2015-07-06,09:00:00,91.6723,92.1285,91.6723,92.1059,0,0
2015-07-06,10:00:00,92.1131,92.2399,91.8927,92.1137,0,0
2015-07-06,11:00:00,92.1066,92.1127,91.9277,91.9425,0,0
2015-07-06,12:00:00,91.9466,92.1594,91.8939,92.1543,0,0
2015-07-06,13:00:00,92.1543,92.1564,91.8587,91.9501,0,0
2015-07-06,14:00:00,91.9478,92.0532,91.8932,91.9385,0,0
2015-07-06,15:00:00,91.9324,92.0772,91.932,92.0529,0,0
2015-07-06,16:00:00,92.0529,92.1786,92.0132,92.149,0,0
2015-07-06,17:00:00,92.1868,92.4207,92.1511,92.3658,0,0
2015-07-06,18:00:00,92.3471,92.3577,92.1101,92.1379,0,0
2015-07-06,19:00:00,92.1379,92.2889,92.0793,92.1079,0,0
2015-07-06,20:00:00,92.119,92.1408,91.91,91.9189,0,0
2015-07-06,21:00:00,91.9204,91.9213,91.7289,91.7706,0,0
2015-07-06,22:00:00,91.7689,91.8739,91.7478,91.8605,0,0
2015-07-06,23:00:00,91.8514,91.933,91.8185,91.9154,0,0
2015-07-06,23:59:00,91.9215,91.9448,91.8676,91.9129,0,0
2015-07-07,01:00:00,91.9118,91.9472,91.8438,91.8483,0,0
2015-07-07,02:00:00,91.8498,91.8624,91.6774,91.6966,0,0
2015-07-07,03:00:00,91.696,91.9044,91.6852,91.8372,0,0
2015-07-07,04:00:00,91.8357,91.8746,91.7496,91.8423,0,0
2015-07-07,05:00:00,91.8191,91.8615,91.741,91.7658,0,0
2015-07-07,06:00:00,91.7658,91.7809,91.6101,91.6394,0,0
2015-07-07,07:00:00,91.6416,91.8424,91.5542,91.8049,0,0
2015-07-07,08:00:00,91.8021,92.0171,91.7736,91.87,0,0
2015-07-07,09:00:00,91.873,91.9781,91.8059,91.8487,0,0
2015-07-07,10:00:00,91.8547,91.8727,91.2801,91.3021,0,0
2015-07-07,11:00:00,91.295,91.3939,91.1383,91.2424,0,0
2015-07-07,12:00:00,91.2457,91.2548,91.1116,91.2039,0,0
2015-07-07,13:00:00,91.207,91.219,90.919,91.0976,0,0
2015-07-07,14:00:00,91.0914,91.1013,90.8409,90.8952,0,0
2015-07-07,15:00:00,90.9002,91.0221,90.7487,90.9472,0,0
2015-07-07,16:00:00,90.9483,90.951,90.6441,90.6641,0,0
2015-07-07,17:00:00,90.6986,90.7532,90.4424,90.7532,0,0
2015-07-07,18:00:00,90.7478,90.8518,90.606,90.8424,0,0
2015-07-07,19:00:00,90.8323,90.8506,90.721,90.8015,0,0
2015-07-07,20:00:00,90.8023,91.0503,90.759,90.991,0,0
2015-07-07,21:00:00,90.991,91.0996,90.9093,91.0861,0,0
2015-07-07,22:00:00,91.0877,91.6307,91.0877,91.3577,0,0
2015-07-07,23:00:00,91.356,91.3763,91.1759,91.3139,0,0
2015-07-07,23:59:00,91.3141,91.3302,91.1367,91.1737,0,0
2015-07-08,01:00:00,91.1685,91.254,91.1448,91.2329,0,0
2015-07-08,02:00:00,91.2441,91.4083,91.22,91.3481,0,0
2015-07-08,03:00:00,91.348,91.3722,90.9417,90.9538,0,0
2015-07-08,04:00:00,90.9583,90.9583,90.2451,90.6277,0,0
2015-07-08,05:00:00,90.6068,90.8396,90.549,90.6384,0,0
2015-07-08,06:00:00,90.6383,90.6383,90.3471,90.4861,0,0
2015-07-08,07:00:00,90.4847,90.6648,90.316,90.3525,0,0
2015-07-08,08:00:00,90.3616,90.5659,90.3587,90.3587,0,0
2015-07-08,09:00:00,90.3613,90.3712,89.8671,89.9114,0,0
2015-07-08,10:00:00,89.8931,89.9991,89.6292,89.9462,0,0
2015-07-08,11:00:00,89.9451,90.1381,89.7081,90.0047,0,0
2015-07-08,12:00:00,90.0044,90.2838,89.9987,90.1458,0,0
2015-07-08,13:00:00,90.1473,90.1766,89.9447,90.1721,0,0
2015-07-08,14:00:00,90.181,90.4945,90.1387,90.1738,0,0
2015-07-08,15:00:00,90.166,90.1676,89.9656,90.0835,0,0
2015-07-08,16:00:00,90.0783,90.133,89.9054,89.9318,0,0
2015-07-08,17:00:00,89.9228,90.097,89.7949,90.0363,0,0
2015-07-08,18:00:00,90.0342,90.0507,89.6948,89.7339,0,0
2015-07-08,19:00:00,89.7322,89.9705,89.6931,89.7752,0,0
2015-07-08,20:00:00,89.7617,89.8521,89.7121,89.7793,0,0
2015-07-08,21:00:00,89.779,89.8399,89.491,89.491,0,0
2015-07-08,22:00:00,89.4841,89.7126,89.4723,89.5659,0,0
2015-07-08,23:00:00,89.5788,89.708,89.5536,89.6775,0,0
2015-07-08,23:59:00,89.6827,89.714,89.5793,89.5891,0,0
2015-07-09,01:00:00,89.574,89.6885,89.4629,89.6764,0,0
2015-07-09,02:00:00,89.6766,89.7292,89.5959,89.7072,0,0
2015-07-09,03:00:00,89.7179,89.7197,89.1697,89.3705,0,0
2015-07-09,04:00:00,89.3677,90.0173,89.3677,89.9699,0,0
2015-07-09,05:00:00,89.9826,90.6457,89.9702,90.2959,0,0
2015-07-09,06:00:00,90.2945,90.5497,90.2826,90.4138,0,0
2015-07-09,07:00:00,90.413,90.6211,90.3049,90.6211,0,0
2015-07-09,08:00:00,90.6235,91.0059,90.6153,90.922,0,0
2015-07-09,09:00:00,90.9254,91.0191,90.6532,90.825,0,0
2015-07-09,10:00:00,90.8122,90.8468,90.4293,90.4874,0,0
2015-07-09,11:00:00,90.4766,90.6907,90.4045,90.4994,0,0
2015-07-09,12:00:00,90.4965,90.5121,90.2063,90.2409,0,0
2015-07-09,13:00:00,90.2424,90.247,90.0071,90.2322,0,0
2015-07-09,14:00:00,90.2314,90.5349,90.2301,90.5221,0,0
2015-07-09,15:00:00,90.5312,90.6887,90.4932,90.5893,0,0
2015-07-09,16:00:00,90.5893,90.6058,90.2557,90.274,0,0
2015-07-09,17:00:00,90.276,90.3655,90.0997,90.1091,0,0
2015-07-09,18:00:00,90.1049,90.2913,90.1049,90.1546,0,0
2015-07-09,19:00:00,90.1525,90.345,90.1442,90.2545,0,0
2015-07-09,20:00:00,90.2496,90.2973,90.0926,90.2285,0,0
2015-07-09,21:00:00,90.2277,90.3056,90.1356,90.3009,0,0
2015-07-09,22:00:00,90.3047,90.3923,90.2549,90.3414,0,0
2015-07-09,23:00:00,90.3442,90.5312,90.304,90.366,0,0
2015-07-09,23:59:00,90.3659,90.5909,90.3292,90.5536,0,0
2015-07-10,01:00:00,90.5208,90.9716,90.4868,90.8156,0,0
2015-07-10,02:00:00,90.8156,90.8333,90.6671,90.7891,0,0
2015-07-10,03:00:00,90.7899,91.0219,90.6431,90.946,0,0
2015-07-10,04:00:00,90.9438,91.2767,90.9438,91.1721,0,0
2015-07-10,05:00:00,91.1576,91.4549,91.1006,91.3634,0,0
2015-07-10,06:00:00,91.3575,91.3904,91.1944,91.3036,0,0
2015-07-10,07:00:00,91.3058,91.3422,91.0982,91.0992,0,0
2015-07-10,08:00:00,91.1007,91.3362,90.9807,91.2565,0,0
2015-07-10,09:00:00,91.2393,91.3794,91.0571,91.0714,0,0
2015-07-10,10:00:00,91.0783,91.1954,90.9725,91.1599,0,0
2015-07-10,11:00:00,91.1517,91.1608,90.9763,91.02,0,0
2015-07-10,12:00:00,90.9973,91.493,90.9406,91.349,0,0
2015-07-10,13:00:00,91.3459,91.5888,91.2803,91.5087,0,0
2015-07-10,14:00:00,91.5059,91.789,91.2922,91.3568,0,0
2015-07-10,15:00:00,91.3537,91.4156,91.314,91.361,0,0
2015-07-10,16:00:00,91.361,91.4261,90.9402,91.0659,0,0
2015-07-10,17:00:00,91.059,91.2016,90.9794,91.0323,0,0
2015-07-10,18:00:00,91.0251,91.1721,90.9775,91.1479,0,0
2015-07-10,19:00:00,91.1414,91.2284,91.0559,91.1316,0,0
2015-07-10,20:00:00,91.1321,91.1534,91.0298,91.1141,0,0
2015-07-10,21:00:00,91.1134,91.3701,91.0957,91.3587,0,0
2015-07-10,22:00:00,91.3557,91.4954,91.3155,91.4443,0,0
2015-07-10,23:00:00,91.4495,91.4495,91.393,91.3988,0,0
2015-07-13,01:00:00,91.0443,91.2942,90.9564,90.9704,0,0
2015-07-13,02:00:00,90.9704,91.1668,90.9034,90.9034,0,0
2015-07-13,03:00:00,90.9019,91.0591,90.8416,91.052,0,0
2015-07-13,04:00:00,91.0527,91.0872,90.8854,91.0015,0,0
2015-07-13,05:00:00,90.982,91.2727,90.982,91.2699,0,0
2015-07-13,06:00:00,91.2841,91.6389,91.176,91.2412,0,0
2015-07-13,07:00:00,91.2415,91.3265,91.1494,91.2236,0,0
2015-07-13,08:00:00,91.2353,91.3671,91.2075,91.3116,0,0
2015-07-13,09:00:00,91.3198,91.7993,91.2258,91.76,0,0
2015-07-13,10:00:00,91.7423,91.887,91.4456,91.5575,0,0
2015-07-13,11:00:00,91.5443,91.6997,91.4071,91.6537,0,0
2015-07-13,12:00:00,91.6544,91.8318,91.6519,91.8033,0,0
2015-07-13,13:00:00,91.7981,91.8307,91.6281,91.6717,0,0
2015-07-13,14:00:00,91.673,91.7549,91.5645,91.7141,0,0
2015-07-13,15:00:00,91.7045,91.7057,91.5137,91.5424,0,0
2015-07-13,16:00:00,91.5394,91.5394,91.3399,91.4515,0,0
2015-07-13,17:00:00,91.4602,91.4653,91.1686,91.1727,0,0
2015-07-13,18:00:00,91.1801,91.3773,91.1516,91.3655,0,0
2015-07-13,19:00:00,91.3648,91.4749,91.3297,91.462,0,0
2015-07-13,20:00:00,91.4748,91.4748,91.3013,91.3585,0,0
2015-07-13,21:00:00,91.359,91.4695,91.3503,91.4298,0,0
2015-07-13,22:00:00,91.4435,91.5136,91.3979,91.4366,0,0
2015-07-13,23:00:00,91.4399,91.4836,91.3882,91.4152,0,0
2015-07-13,23:59:00,91.4233,91.4873,91.3492,91.3929,0,0
2015-07-14,01:00:00,91.3914,91.4403,91.3433,91.4228,0,0
2015-07-14,02:00:00,91.4241,91.4719,91.3467,91.3649,0,0
2015-07-14,03:00:00,91.3736,91.6056,91.3311,91.602,0,0
2015-07-14,04:00:00,91.5851,91.7635,91.442,91.6696,0,0
2015-07-14,05:00:00,91.6744,91.8019,91.6512,91.718,0,0
2015-07-14,06:00:00,91.7172,91.7744,91.6592,91.6896,0,0
2015-07-14,07:00:00,91.6896,91.765,91.6704,91.6886,0,0
2015-07-14,08:00:00,91.6872,91.7045,91.4992,91.555,0,0
2015-07-14,09:00:00,91.5556,91.7227,91.5272,91.6938,0,0
2015-07-14,10:00:00,91.6958,91.7654,91.6199,91.6751,0,0
2015-07-14,11:00:00,91.6826,91.7139,91.521,91.5915,0,0
2015-07-14,12:00:00,91.5964,91.8067,91.5964,91.6957,0,0
2015-07-14,13:00:00,91.6971,91.814,91.6376,91.7158,0,0
2015-07-14,14:00:00,91.716,91.7396,91.6068,91.6816,0,0
2015-07-14,15:00:00,91.7021,92.0052,91.6836,91.7777,0,0
2015-07-14,16:00:00,91.7729,91.9446,91.7305,91.8374,0,0
2015-07-14,17:00:00,91.8426,91.948,91.7817,91.9264,0,0
2015-07-14,18:00:00,91.9215,91.9745,91.8258,91.9088,0,0
2015-07-14,19:00:00,91.9136,91.9542,91.8902,91.928,0,0
2015-07-14,20:00:00,91.9302,91.9458,91.8029,91.8711,0,0
2015-07-14,21:00:00,91.8733,91.8896,91.8357,91.8747,0,0
2015-07-14,22:00:00,91.8842,91.9074,91.8536,91.9067,0,0
2015-07-14,23:00:00,91.902,91.9611,91.8781,91.9475,0,0
2015-07-14,23:59:00,91.9548,91.9995,91.9017,91.9394,0,0
2015-07-15,01:00:00,91.9394,91.9931,91.9023,91.9092,0,0
2015-07-15,02:00:00,91.912,91.9267,91.8059,91.8458,0,0
2015-07-15,03:00:00,91.8426,91.972,91.7148,91.8413,0,0
2015-07-15,04:00:00,91.8398,92.2113,91.8043,92.0415,0,0
2015-07-15,05:00:00,92.0914,92.4311,92.0914,92.2219,0,0
2015-07-15,06:00:00,92.2233,92.2657,92.1291,92.2089,0,0
2015-07-15,07:00:00,92.2127,92.2413,92.1547,92.1954,0,0
2015-07-15,08:00:00,92.1946,92.2341,92.047,92.1351,0,0
2015-07-15,09:00:00,92.1355,92.39,92.0891,92.2785,0,0
2015-07-15,10:00:00,92.2799,92.3258,92.1069,92.1653,0,0
2015-07-15,11:00:00,92.1616,92.2287,92.041,92.1384,0,0
2015-07-15,12:00:00,92.1399,92.2584,92.0863,92.1357,0,0
2015-07-15,13:00:00,92.1342,92.206,92.0907,92.1053,0,0
2015-07-15,14:00:00,92.1039,92.1767,92.0789,92.1471,0,0
2015-07-15,15:00:00,92.1477,92.2653,92.0749,92.0749,0,0
2015-07-15,16:00:00,92.0774,92.1037,91.8936,91.9129,0,0
2015-07-15,17:00:00,91.9152,91.9152,91.6123,91.7163,0,0
2015-07-15,18:00:00,91.7228,91.7724,91.2105,91.2558,0,0
2015-07-15,19:00:00,91.2659,91.3482,91.1166,91.2758,0,0
2015-07-15,20:00:00,91.2663,91.334,91.177,91.2276,0,0
2015-07-15,21:00:00,91.231,91.3102,91.1693,91.1882,0,0
2015-07-15,22:00:00,91.1819,91.3542,91.1679,91.3476,0,0
2015-07-15,23:00:00,91.3381,91.3739,91.2862,91.3293,0,0
2015-07-15,23:59:00,91.3237,91.3678,91.2849,91.3594,0,0
2015-07-16,01:00:00,91.3518,91.5648,91.2848,91.5033,0,0
2015-07-16,02:00:00,91.5046,91.5894,91.2797,91.3196,0,0
2015-07-16,03:00:00,91.3401,91.3843,91.2258,91.2826,0,0
2015-07-16,04:00:00,91.2891,91.3522,91.0683,91.2608,0,0
2015-07-16,05:00:00,91.2638,91.321,91.1707,91.321,0,0
2015-07-16,06:00:00,91.3218,91.3627,91.2048,91.2453,0,0
2015-07-16,07:00:00,91.2426,91.2687,91.0764,91.1397,0,0
2015-07-16,08:00:00,91.1389,91.2157,91.0344,91.1615,0,0
2015-07-16,09:00:00,91.1629,91.5325,91.1383,91.4124,0,0
2015-07-16,10:00:00,91.4094,91.4751,91.317,91.394,0,0
2015-07-16,11:00:00,91.3967,91.5593,91.3721,91.5472,0,0
2015-07-16,12:00:00,91.5377,91.7342,91.5025,91.6571,0,0
2015-07-16,13:00:00,91.6593,91.8515,91.6032,91.7664,0,0
2015-07-16,14:00:00,91.7646,91.8563,91.6375,91.6941,0,0
2015-07-16,15:00:00,91.6869,91.8561,91.6353,91.8184,0,0
2015-07-16,16:00:00,91.816,92.0852,91.8087,92.0277,0,0
2015-07-16,17:00:00,92.0386,92.1339,91.9776,92.0612,0,0
2015-07-16,18:00:00,92.0602,92.2206,92.0124,92.1535,0,0
2015-07-16,19:00:00,92.15,92.1672,92.0131,92.0252,0,0
2015-07-16,20:00:00,92.0306,92.0785,91.8529,91.874,0,0
2015-07-16,21:00:00,91.8815,91.9506,91.8598,91.9043,0,0
2015-07-16,22:00:00,91.9058,91.9661,91.8709,91.8838,0,0
2015-07-16,23:00:00,91.8822,91.9288,91.8644,91.9281,0,0
2015-07-16,23:59:00,91.9268,91.995,91.916,91.933,0,0
2015-07-17,01:00:00,91.9351,92.0376,91.9272,92.0221,0,0
2015-07-17,02:00:00,92.0221,92.0693,91.9655,92.0577,0,0
2015-07-17,03:00:00,92.0528,92.1078,92.0084,92.0418,0,0
2015-07-17,04:00:00,92.0397,92.1098,92.0128,92.0128,0,0
2015-07-17,05:00:00,92.0128,92.0479,91.9866,91.9957,0,0
2015-07-17,06:00:00,91.998,92.0296,91.9578,91.9608,0,0
2015-07-17,07:00:00,91.9656,92.0463,91.8847,92.0279,0,0
2015-07-17,08:00:00,92.0196,92.0226,91.89,91.9674,0,0
2015-07-17,09:00:00,91.9667,91.992,91.801,91.8876,0,0
2015-07-17,10:00:00,91.8843,91.8843,91.7477,91.8025,0,0
2015-07-17,11:00:00,91.7993,91.8837,91.7432,91.757,0,0
2015-07-17,12:00:00,91.757,91.8043,91.7015,91.7553,0,0
2015-07-17,13:00:00,91.7563,91.8044,91.6669,91.7344,0,0
2015-07-17,14:00:00,91.7278,91.8536,91.723,91.8148,0,0
2015-07-17,15:00:00,91.8175,91.8435,91.545,91.5892,0,0
2015-07-17,16:00:00,91.5913,91.6608,91.4573,91.4602,0,0
2015-07-17,17:00:00,91.4748,91.5468,91.3915,91.5344,0,0
2015-07-17,18:00:00,91.5323,91.5703,91.3819,91.392,0,0
2015-07-17,19:00:00,91.3949,91.5461,91.392,91.5417,0,0
2015-07-17,20:00:00,91.562,91.5731,91.4765,91.4995,0,0
2015-07-17,21:00:00,91.4995,91.5669,91.4742,91.5566,0,0
2015-07-17,22:00:00,91.5539,91.5992,91.5051,91.588,0,0
2015-07-17,23:00:00,91.5901,91.5901,91.5869,91.5877,0,0
2015-07-20,01:00:00,91.5483,91.567,91.4776,91.5472,0,0
2015-07-20,02:00:00,91.548,91.5742,91.4252,91.4687,0,0
2015-07-20,03:00:00,91.4693,91.516,91.43,91.4988,0,0
2015-07-20,04:00:00,91.4974,91.5488,91.2632,91.3174,0,0
2015-07-20,05:00:00,91.2936,91.4311,91.1144,91.1595,0,0
2015-07-20,06:00:00,91.1395,91.1876,91.0249,91.1322,0,0
2015-07-20,07:00:00,91.1356,91.3607,91.112,91.3534,0,0
2015-07-20,08:00:00,91.346,91.4259,91.2624,91.4169,0,0
2015-07-20,09:00:00,91.4086,91.772,91.3706,91.7313,0,0
2015-07-20,10:00:00,91.8059,91.8059,91.6476,91.7794,0,0
2015-07-20,11:00:00,91.7591,91.7621,91.612,91.6925,0,0
2015-07-20,12:00:00,91.6851,91.7626,91.5648,91.6249,0,0
2015-07-20,13:00:00,91.6384,91.7331,91.5672,91.6366,0,0
2015-07-20,14:00:00,91.6568,91.6962,91.6022,91.6556,0,0
2015-07-20,15:00:00,91.663,91.7879,91.6408,91.7202,0,0
2015-07-20,16:00:00,91.6925,91.7921,91.4009,91.4009,0,0
2015-07-20,17:00:00,91.4002,91.6574,91.3539,91.634,0,0
2015-07-20,18:00:00,91.629,91.8156,91.6198,91.6893,0,0
2015-07-20,19:00:00,91.6841,91.7566,91.6731,91.6731,0,0
2015-07-20,20:00:00,91.6838,91.7233,91.6418,91.6687,0,0
2015-07-20,21:00:00,91.6714,91.7398,91.642,91.6487,0,0
2015-07-20,22:00:00,91.6509,91.7202,91.6509,91.6737,0,0
2015-07-20,23:00:00,91.6716,91.6767,91.5989,91.6079,0,0
2015-07-20,23:59:00,91.6256,91.6657,91.5725,91.606,0,0
