Date,Time,Open,High,Low,Close,Volume,OpenInt
2015-04-22,01:00:00,2.86489,2.86689,2.86408,2.86499,0,0
2015-04-22,02:00:00,2.86499,2.86641,2.86314,2.86553,0,0
2015-04-22,03:00:00,2.86551,2.87197,2.86506,2.87148,0,0
2015-04-22,04:00:00,2.87159,2.89097,2.87031,2.88784,0,0
2015-04-22,05:00:00,2.88807,2.88916,2.88632,2.88683,0,0
2015-04-22,06:00:00,2.88678,2.88836,2.88482,2.88589,0,0
2015-04-22,07:00:00,2.88567,2.88816,2.88406,2.88759,0,0
2015-04-22,08:00:00,2.88759,2.88879,2.88518,2.88562,0,0
2015-04-22,09:00:00,2.88551,2.88774,2.87879,2.88183,0,0
2015-04-22,10:00:00,2.88187,2.89332,2.88081,2.89095,0,0
2015-04-22,11:00:00,2.89093,2.89498,2.88917,2.89491,0,0
2015-04-22,12:00:00,2.89519,2.89812,2.89124,2.8942,0,0
2015-04-22,13:00:00,2.89417,2.89729,2.89122,2.89298,0,0
2015-04-22,14:00:00,2.89392,2.89932,2.89256,2.89687,0,0
2015-04-22,15:00:00,2.89667,2.90267,2.89576,2.89888,0,0
2015-04-22,16:00:00,2.89873,2.90099,2.89315,2.89315,0,0
2015-04-22,17:00:00,2.89275,2.89499,2.88821,2.89067,0,0
2015-04-22,18:00:00,2.89062,2.89381,2.88757,2.89134,0,0
2015-04-22,19:00:00,2.89126,2.89197,2.8878,2.8878,0,0
2015-04-22,20:00:00,2.88786,2.89164,2.88703,2.88934,0,0
2015-04-22,21:00:00,2.88935,2.89025,2.88557,2.88667,0,0
2015-04-22,22:00:00,2.88703,2.88713,2.88413,2.88649,0,0
2015-04-22,23:00:00,2.88653,2.88709,2.88187,2.88391,0,0
2015-04-22,23:59:00,2.88401,2.88583,2.88093,2.88223,0,0
2015-04-23,01:00:00,2.88221,2.88293,2.88078,2.88252,0,0
2015-04-23,02:00:00,2.8829,2.88587,2.88223,2.8831,0,0
2015-04-23,03:00:00,2.88271,2.88543,2.87914,2.88342,0,0
2015-04-23,04:00:00,2.88346,2.88779,2.88114,2.88454,0,0
2015-04-23,05:00:00,2.88461,2.88711,2.88062,2.88165,0,0
2015-04-23,06:00:00,2.88225,2.88764,2.88141,2.88739,0,0
2015-04-23,07:00:00,2.88772,2.89233,2.88629,2.8918,0,0
2015-04-23,08:00:00,2.89173,2.89205,2.88495,2.88581,0,0
2015-04-23,09:00:00,2.88551,2.89207,2.88453,2.88855,0,0
2015-04-23,10:00:00,2.88886,2.89868,2.88788,2.896,0,0
2015-04-23,11:00:00,2.89589,2.90114,2.88893,2.89005,0,0
2015-04-23,12:00:00,2.88971,2.89023,2.88148,2.88177,0,0
2015-04-23,13:00:00,2.88212,2.88581,2.88035,2.88459,0,0
2015-04-23,14:00:00,2.88483,2.88916,2.88204,2.8827,0,0
2015-04-23,15:00:00,2.88217,2.88631,2.88049,2.88179,0,0
2015-04-23,16:00:00,2.88183,2.88703,2.87802,2.88295,0,0
2015-04-23,17:00:00,2.88355,2.88701,2.87573,2.87908,0,0
2015-04-23,18:00:00,2.87921,2.88593,2.87726,2.88497,0,0
2015-04-23,19:00:00,2.88503,2.88503,2.87508,2.87851,0,0
2015-04-23,20:00:00,2.87862,2.88009,2.87343,2.8749,0,0
2015-04-23,21:00:00,2.87473,2.87508,2.87008,2.87351,0,0
2015-04-23,22:00:00,2.87313,2.87563,2.8718,2.875,0,0
2015-04-23,23:00:00,2.87468,2.87662,2.87373,2.87446,0,0
2015-04-23,23:59:00,2.87376,2.87654,2.87348,2.87595,0,0
2015-04-24,01:00:00,2.87595,2.87604,2.87437,2.87562,0,0
2015-04-24,02:00:00,2.87588,2.87665,2.87389,2.876,0,0
2015-04-24,03:00:00,2.87596,2.88108,2.87523,2.87879,0,0
2015-04-24,04:00:00,2.87902,2.87953,2.87581,2.87592,0,0
2015-04-24,05:00:00,2.87609,2.87839,2.87416,2.87772,0,0
2015-04-24,06:00:00,2.87779,2.88165,2.87716,2.88047,0,0
2015-04-24,07:00:00,2.88034,2.88099,2.87736,2.87794,0,0
2015-04-24,08:00:00,2.87767,2.87943,2.8757,2.8774,0,0
2015-04-24,09:00:00,2.87717,2.87992,2.87447,2.87881,0,0
2015-04-24,10:00:00,2.87885,2.88057,2.87224,2.87615,0,0
2015-04-24,11:00:00,2.8763,2.87995,2.86928,2.87423,0,0
2015-04-24,12:00:00,2.87399,2.87668,2.86894,2.87668,0,0
2015-04-24,13:00:00,2.87741,2.88454,2.87562,2.88351,0,0
2015-04-24,14:00:00,2.88365,2.8903,2.87766,2.88746,0,0
2015-04-24,15:00:00,2.88741,2.89154,2.88339,2.88747,0,0
2015-04-24,16:00:00,2.88748,2.90006,2.88355,2.89777,0,0
2015-04-24,17:00:00,2.89761,2.90529,2.89413,2.89867,0,0
2015-04-24,18:00:00,2.8985,2.90925,2.89628,2.90109,0,0
2015-04-24,19:00:00,2.9014,2.90964,2.90029,2.90871,0,0
2015-04-24,20:00:00,2.90904,2.91345,2.90706,2.90985,0,0
2015-04-24,21:00:00,2.911,2.91505,2.90818,2.91228,0,0
2015-04-24,22:00:00,2.91246,2.9131,2.90618,2.90767,0,0
2015-04-24,23:00:00,2.90741,2.90894,2.90741,2.90894,0,0
2015-04-27,01:00:00,2.90582,2.90588,2.90244,2.9046,0,0
2015-04-27,02:00:00,2.90458,2.90981,2.90431,2.90664,0,0
2015-04-27,03:00:00,2.90683,2.91046,2.90416,2.90469,0,0
2015-04-27,04:00:00,2.90421,2.90751,2.90379,2.90562,0,0
2015-04-27,05:00:00,2.90562,2.90921,2.9044,2.90539,0,0
2015-04-27,06:00:00,2.90524,2.90987,2.90176,2.90763,0,0
2015-04-27,07:00:00,2.90744,2.90891,2.90337,2.90533,0,0
2015-04-27,08:00:00,2.90537,2.90922,2.9036,2.90688,0,0
2015-04-27,09:00:00,2.90688,2.90711,2.90075,2.90202,0,0
2015-04-27,10:00:00,2.90189,2.90684,2.89889,2.90462,0,0
2015-04-27,11:00:00,2.90426,2.9055,2.89827,2.89863,0,0
2015-04-27,12:00:00,2.89865,2.90112,2.89431,2.89955,0,0
2015-04-27,13:00:00,2.89949,2.89949,2.89093,2.89162,0,0
2015-04-27,14:00:00,2.89205,2.89463,2.89042,2.89275,0,0
2015-04-27,15:00:00,2.89281,2.89323,2.88138,2.88158,0,0
2015-04-27,16:00:00,2.88132,2.88538,2.87953,2.88229,0,0
2015-04-27,17:00:00,2.8824,2.88618,2.87616,2.88008,0,0
2015-04-27,18:00:00,2.88009,2.88056,2.87478,2.87732,0,0
2015-04-27,19:00:00,2.87731,2.88024,2.87226,2.87461,0,0
2015-04-27,20:00:00,2.87458,2.88071,2.87424,2.87981,0,0
2015-04-27,21:00:00,2.87978,2.88094,2.8769,2.87919,0,0
2015-04-27,22:00:00,2.87948,2.88028,2.87629,2.87632,0,0
2015-04-27,23:00:00,2.87633,2.87906,2.87604,2.87847,0,0
2015-04-27,23:59:00,2.877,2.88004,2.87493,2.87611,0,0
2015-04-28,01:00:00,2.87626,2.88246,2.87468,2.88013,0,0
2015-04-28,02:00:00,2.88007,2.88581,2.87942,2.88433,0,0
2015-04-28,03:00:00,2.88444,2.88677,2.88308,2.88367,0,0
2015-04-28,04:00:00,2.88365,2.88571,2.8828,2.88493,0,0
2015-04-28,05:00:00,2.8847,2.88604,2.88357,2.88604,0,0
2015-04-28,06:00:00,2.88597,2.88672,2.88272,2.88322,0,0
2015-04-28,07:00:00,2.88275,2.88674,2.8819,2.8859,0,0
2015-04-28,08:00:00,2.88592,2.88777,2.88475,2.88699,0,0
2015-04-28,09:00:00,2.88706,2.89202,2.88468,2.89145,0,0
2015-04-28,10:00:00,2.89144,2.90047,2.88806,2.89996,0,0
2015-04-28,11:00:00,2.90038,2.90769,2.89995,2.9023,0,0
2015-04-28,12:00:00,2.90222,2.90469,2.89669,2.90356,0,0
2015-04-28,13:00:00,2.90362,2.90838,2.89997,2.90758,0,0
2015-04-28,14:00:00,2.90796,2.9168,2.90523,2.90907,0,0
2015-04-28,15:00:00,2.9091,2.91413,2.90634,2.913,0,0
2015-04-28,16:00:00,2.91284,2.91842,2.91056,2.91337,0,0
2015-04-28,17:00:00,2.91232,2.92134,2.90899,2.91706,0,0
2015-04-28,18:00:00,2.91685,2.92172,2.91512,2.91989,0,0
2015-04-28,19:00:00,2.91979,2.92013,2.9154,2.91655,0,0
2015-04-28,20:00:00,2.91631,2.91981,2.9138,2.91773,0,0
2015-04-28,21:00:00,2.91773,2.91964,2.91429,2.9193,0,0
2015-04-28,22:00:00,2.91925,2.92104,2.9178,2.91784,0,0
2015-04-28,23:00:00,2.91786,2.9207,2.91705,2.91922,0,0
2015-04-28,23:59:00,2.91937,2.92128,2.91627,2.91991,0,0
2015-04-29,01:00:00,2.91998,2.92165,2.91795,2.92002,0,0
2015-04-29,02:00:00,2.91995,2.92029,2.91357,2.91448,0,0
2015-04-29,03:00:00,2.91446,2.91791,2.91086,2.91719,0,0
2015-04-29,04:00:00,2.91719,2.9175,2.91204,2.91289,0,0
2015-04-29,05:00:00,2.91282,2.9136,2.90942,2.9105,0,0
2015-04-29,06:00:00,2.91048,2.9132,2.90895,2.91258,0,0
2015-04-29,07:00:00,2.91266,2.91306,2.90979,2.91125,0,0
2015-04-29,08:00:00,2.91119,2.91452,2.91089,2.9136,0,0
2015-04-29,09:00:00,2.91355,2.91688,2.91144,2.91604,0,0
2015-04-29,10:00:00,2.91629,2.91738,2.90691,2.90954,0,0
2015-04-29,11:00:00,2.90948,2.91196,2.90552,2.90701,0,0
2015-04-29,12:00:00,2.90695,2.9125,2.9055,2.90885,0,0
2015-04-29,13:00:00,2.90882,2.91401,2.90839,2.91401,0,0
2015-04-29,14:00:00,2.91377,2.91785,2.91318,2.91552,0,0
2015-04-29,15:00:00,2.91572,2.92576,2.9129,2.91855,0,0
2015-04-29,16:00:00,2.91872,2.92136,2.91352,2.91393,0,0
2015-04-29,17:00:00,2.91409,2.91889,2.90246,2.90279,0,0
2015-04-29,18:00:00,2.90238,2.90582,2.89206,2.89858,0,0
2015-04-29,19:00:00,2.89755,2.907,2.8949,2.90635,0,0
2015-04-29,20:00:00,2.90596,2.90657,2.89316,2.8962,0,0
2015-04-29,21:00:00,2.89707,2.90212,2.89303,2.90052,0,0
2015-04-29,22:00:00,2.90081,2.90117,2.89308,2.89309,0,0
2015-04-29,23:00:00,2.89284,2.89704,2.88611,2.88611,0,0
2015-04-29,23:59:00,2.88675,2.88887,2.87756,2.8853,0,0
2015-04-30,01:00:00,2.88505,2.88732,2.88466,2.88536,0,0
2015-04-30,02:00:00,2.88521,2.88663,2.88502,2.88608,0,0
2015-04-30,03:00:00,2.88583,2.89287,2.88518,2.89261,0,0
2015-04-30,04:00:00,2.89261,2.89409,2.88185,2.88249,0,0
2015-04-30,05:00:00,2.88205,2.88726,2.88019,2.88433,0,0
2015-04-30,06:00:00,2.88634,2.8895,2.88404,2.88721,0,0
2015-04-30,07:00:00,2.88721,2.88971,2.87955,2.88448,0,0
2015-04-30,08:00:00,2.88448,2.89016,2.88259,2.89005,0,0
2015-04-30,09:00:00,2.8897,2.89005,2.88001,2.88295,0,0
2015-04-30,10:00:00,2.88282,2.8847,2.86182,2.86233,0,0
2015-04-30,11:00:00,2.86167,2.86301,2.85377,2.85761,0,0
2015-04-30,12:00:00,2.85699,2.86078,2.85171,2.85827,0,0
2015-04-30,13:00:00,2.85808,2.86,2.84773,2.84864,0,0
2015-04-30,14:00:00,2.84892,2.85039,2.83979,2.84451,0,0
2015-04-30,15:00:00,2.84425,2.85137,2.83984,2.84791,0,0
2015-04-30,16:00:00,2.84796,2.85478,2.84717,2.85117,0,0
2015-04-30,17:00:00,2.85086,2.85527,2.84483,2.8469,0,0
2015-04-30,18:00:00,2.8468,2.85171,2.84246,2.85171,0,0
2015-04-30,19:00:00,2.85184,2.8543,2.84308,2.84442,0,0
2015-04-30,20:00:00,2.84508,2.85441,2.84454,2.85341,0,0
2015-04-30,21:00:00,2.85312,2.85452,2.84112,2.8451,0,0
2015-04-30,22:00:00,2.84509,2.85006,2.84343,2.8487,0,0
2015-04-30,23:00:00,2.84854,2.85199,2.84681,2.84702,0,0
2015-04-30,23:59:00,2.84746,2.85275,2.84583,2.8475,0,0
2015-05-01,01:00:00,2.84795,2.84795,2.84451,2.84624,0,0
2015-05-01,02:00:00,2.84645,2.8482,2.84424,2.84538,0,0
2015-05-01,03:00:00,2.8455,2.84611,2.83862,2.84137,0,0
2015-05-01,04:00:00,2.84249,2.84514,2.83838,2.83996,0,0
2015-05-01,05:00:00,2.83996,2.8428,2.83454,2.84061,0,0
2015-05-01,06:00:00,2.84018,2.84582,2.83767,2.84076,0,0
2015-05-01,07:00:00,2.84072,2.84386,2.83565,2.83898,0,0
2015-05-01,08:00:00,2.8389,2.84257,2.83678,2.84151,0,0
2015-05-01,09:00:00,2.84126,2.84581,2.82766,2.82836,0,0
2015-05-01,10:00:00,2.828,2.83409,2.82554,2.83092,0,0
2015-05-01,11:00:00,2.83064,2.83665,2.83028,2.83254,0,0
2015-05-01,12:00:00,2.83282,2.83926,2.82975,2.83609,0,0
2015-05-01,13:00:00,2.83609,2.83795,2.82973,2.83397,0,0
2015-05-01,14:00:00,2.83409,2.8353,2.82932,2.83138,0,0
2015-05-01,15:00:00,2.8315,2.83578,2.82755,2.83276,0,0
2015-05-01,16:00:00,2.83281,2.84802,2.83165,2.83893,0,0
2015-05-01,17:00:00,2.8387,2.84675,2.83561,2.84474,0,0
2015-05-01,18:00:00,2.84472,2.8475,2.84123,2.84416,0,0
2015-05-01,19:00:00,2.84391,2.85051,2.84302,2.8503,0,0
2015-05-01,20:00:00,2.85023,2.8503,2.84427,2.845,0,0
2015-05-01,21:00:00,2.84507,2.84891,2.84349,2.84685,0,0
2015-05-01,22:00:00,2.84754,2.84879,2.84414,2.84798,0,0
2015-05-01,23:00:00,2.84799,2.84827,2.84738,2.84766,0,0
2015-05-04,01:00:00,2.84726,2.85211,2.84357,2.8464,0,0
2015-05-04,02:00:00,2.84657,2.84858,2.84454,2.84533,0,0
2015-05-04,03:00:00,2.84555,2.84559,2.8391,2.83997,0,0
2015-05-04,04:00:00,2.83995,2.84755,2.83477,2.84011,0,0
2015-05-04,05:00:00,2.84011,2.84624,2.83685,2.84394,0,0
2015-05-04,06:00:00,2.84392,2.84829,2.84277,2.84708,0,0
2015-05-04,07:00:00,2.84708,2.84768,2.84231,2.84268,0,0
2015-05-04,08:00:00,2.84268,2.84447,2.84079,2.8417,0,0
2015-05-04,09:00:00,2.84215,2.84394,2.83525,2.83976,0,0
2015-05-04,10:00:00,2.83953,2.84409,2.83511,2.83653,0,0
2015-05-04,11:00:00,2.83713,2.84727,2.83672,2.8446,0,0
2015-05-04,12:00:00,2.8446,2.84695,2.83886,2.84695,0,0
2015-05-04,13:00:00,2.84706,2.84783,2.84097,2.84134,0,0
2015-05-04,14:00:00,2.84149,2.84369,2.83818,2.84293,0,0
2015-05-04,15:00:00,2.84312,2.84522,2.83462,2.83497,0,0
2015-05-04,16:00:00,2.83486,2.8355,2.82269,2.82758,0,0
2015-05-04,17:00:00,2.82793,2.83455,2.82677,2.82868,0,0
2015-05-04,18:00:00,2.82883,2.83775,2.82839,2.83743,0,0
2015-05-04,19:00:00,2.83751,2.83796,2.83118,2.83342,0,0
2015-05-04,20:00:00,2.83339,2.8385,2.83281,2.83715,0,0
2015-05-04,21:00:00,2.83724,2.84139,2.83669,2.83998,0,0
2015-05-04,22:00:00,2.84015,2.84015,2.83527,2.83527,0,0
2015-05-04,23:00:00,2.83538,2.83663,2.83221,2.83354,0,0
2015-05-04,23:59:00,2.83316,2.83481,2.83063,2.83147,0,0
2015-05-05,01:00:00,2.83132,2.83409,2.83122,2.83383,0,0
2015-05-05,02:00:00,2.83378,2.83479,2.83263,2.83268,0,0
2015-05-05,03:00:00,2.83259,2.83648,2.83236,2.83275,0,0
2015-05-05,04:00:00,2.83275,2.83593,2.83048,2.83569,0,0
2015-05-05,05:00:00,2.83576,2.84097,2.83468,2.84026,0,0
2015-05-05,06:00:00,2.84021,2.84358,2.83887,2.84307,0,0
2015-05-05,07:00:00,2.84307,2.86422,2.82338,2.86238,0,0
2015-05-05,08:00:00,2.86153,2.86617,2.85664,2.85752,0,0
2015-05-05,09:00:00,2.85729,2.86274,2.85502,2.8596,0,0
2015-05-05,10:00:00,2.85978,2.86429,2.8537,2.86036,0,0
2015-05-05,11:00:00,2.86045,2.86484,2.84969,2.85116,0,0
2015-05-05,12:00:00,2.85126,2.85289,2.84304,2.84441,0,0
2015-05-05,13:00:00,2.84461,2.84721,2.84138,2.84242,0,0
2015-05-05,14:00:00,2.84249,2.84682,2.84236,2.8452,0,0
2015-05-05,15:00:00,2.84523,2.85059,2.84379,2.85032,0,0
2015-05-05,16:00:00,2.85027,2.85729,2.84768,2.85309,0,0
2015-05-05,17:00:00,2.85334,2.865,2.85334,2.86327,0,0
2015-05-05,18:00:00,2.86342,2.86798,2.86,2.86472,0,0
2015-05-05,19:00:00,2.86492,2.86546,2.86027,2.86091,0,0
2015-05-05,20:00:00,2.86062,2.86311,2.85842,2.86249,0,0
2015-05-05,21:00:00,2.86249,2.86315,2.85933,2.86024,0,0
2015-05-05,22:00:00,2.86061,2.86161,2.85804,2.85985,0,0
2015-05-05,23:00:00,2.85986,2.86283,2.85794,2.86109,0,0
2015-05-05,23:59:00,2.86133,2.86255,2.85954,2.86076,0,0
2015-05-06,01:00:00,2.86048,2.86101,2.85486,2.85817,0,0
2015-05-06,02:00:00,2.8582,2.86069,2.85443,2.86031,0,0
2015-05-06,03:00:00,2.86031,2.86425,2.85929,2.86255,0,0
2015-05-06,04:00:00,2.86255,2.86637,2.85882,2.8622,0,0
2015-05-06,05:00:00,2.86227,2.86558,2.86066,2.86192,0,0
2015-05-06,06:00:00,2.86218,2.86377,2.85815,2.86073,0,0
2015-05-06,07:00:00,2.86069,2.86096,2.85758,2.85898,0,0
2015-05-06,08:00:00,2.85898,2.8599,2.85453,2.85679,0,0
2015-05-06,09:00:00,2.85642,2.86779,2.8559,2.86522,0,0
2015-05-06,10:00:00,2.8653,2.88259,2.86516,2.88195,0,0
2015-05-06,11:00:00,2.88198,2.88329,2.87737,2.88149,0,0
2015-05-06,12:00:00,2.88112,2.88545,2.87791,2.88171,0,0
2015-05-06,13:00:00,2.88167,2.88608,2.87858,2.88128,0,0
2015-05-06,14:00:00,2.88163,2.88506,2.88087,2.883,0,0
2015-05-06,15:00:00,2.88295,2.89094,2.87517,2.87842,0,0
2015-05-06,16:00:00,2.87855,2.88007,2.86714,2.86865,0,0
2015-05-06,17:00:00,2.86837,2.87108,2.8514,2.85419,0,0
2015-05-06,18:00:00,2.8551,2.8616,2.8488,2.84997,0,0
2015-05-06,19:00:00,2.84981,2.85322,2.84647,2.84683,0,0
2015-05-06,20:00:00,2.84679,2.84679,2.84065,2.84261,0,0
2015-05-06,21:00:00,2.84285,2.8438,2.83678,2.83926,0,0
2015-05-06,22:00:00,2.8389,2.84349,2.83843,2.84344,0,0
2015-05-06,23:00:00,2.8433,2.84366,2.83976,2.84087,0,0
2015-05-06,23:59:00,2.8414,2.84447,2.8414,2.84261,0,0
2015-05-07,01:00:00,2.843,2.84468,2.84202,2.84218,0,0
2015-05-07,02:00:00,2.84223,2.84223,2.83711,2.83738,0,0
2015-05-07,03:00:00,2.83733,2.843,2.83483,2.84257,0,0
2015-05-07,04:00:00,2.84264,2.84573,2.83056,2.84475,0,0
2015-05-07,05:00:00,2.84498,2.85156,2.84166,2.84995,0,0
2015-05-07,06:00:00,2.85011,2.85443,2.84724,2.84724,0,0
2015-05-07,07:00:00,2.8472,2.84953,2.84493,2.84542,0,0
2015-05-07,08:00:00,2.84542,2.85233,2.84437,2.84778,0,0
2015-05-07,09:00:00,2.84771,2.85331,2.8446,2.84997,0,0
2015-05-07,10:00:00,2.84989,2.85121,2.84083,2.84824,0,0
2015-05-07,11:00:00,2.84817,2.85183,2.84543,2.84692,0,0
2015-05-07,12:00:00,2.84712,2.85476,2.84121,2.85062,0,0
2015-05-07,13:00:00,2.8505,2.85353,2.84808,2.8509,0,0
2015-05-07,14:00:00,2.85083,2.85534,2.84917,2.85044,0,0
2015-05-07,15:00:00,2.8496,2.85509,2.84873,2.85429,0,0
2015-05-07,16:00:00,2.85391,2.8576,2.84224,2.84301,0,0
2015-05-07,17:00:00,2.843,2.84926,2.84213,2.84503,0,0
2015-05-07,18:00:00,2.84474,2.84825,2.83994,2.84165,0,0
2015-05-07,19:00:00,2.84169,2.84291,2.83882,2.83972,0,0
2015-05-07,20:00:00,2.83964,2.84098,2.83601,2.83714,0,0
2015-05-07,21:00:00,2.83714,2.84022,2.83505,2.8386,0,0
2015-05-07,22:00:00,2.8387,2.83983,2.83594,2.83773,0,0
2015-05-07,23:00:00,2.83755,2.8392,2.83706,2.8392,0,0
2015-05-07,23:59:00,2.83969,2.84625,2.83736,2.84451,0,0
2015-05-08,01:00:00,2.84402,2.84754,2.84155,2.84472,0,0
2015-05-08,02:00:00,2.8447,2.84649,2.84177,2.84215,0,0
2015-05-08,03:00:00,2.84202,2.84202,2.83562,2.84006,0,0
2015-05-08,04:00:00,2.8399,2.85006,2.82964,2.83949,0,0
2015-05-08,05:00:00,2.83895,2.84469,2.8299,2.84432,0,0
2015-05-08,06:00:00,2.84432,2.84644,2.84207,2.84592,0,0
2015-05-08,07:00:00,2.84582,2.85389,2.8428,2.85274,0,0
2015-05-08,08:00:00,2.85274,2.85407,2.84708,2.85008,0,0
2015-05-08,09:00:00,2.85072,2.85975,2.84929,2.85651,0,0
2015-05-08,10:00:00,2.85747,2.863,2.85298,2.85587,0,0
2015-05-08,11:00:00,2.85545,2.85705,2.85057,2.85569,0,0
2015-05-08,12:00:00,2.85572,2.86922,2.85493,2.86718,0,0
2015-05-08,13:00:00,2.86721,2.87187,2.86681,2.87054,0,0
2015-05-08,14:00:00,2.87049,2.87154,2.86731,2.86906,0,0
2015-05-08,15:00:00,2.86933,2.87247,2.85588,2.86679,0,0
2015-05-08,16:00:00,2.8664,2.86828,2.8554,2.86362,0,0
2015-05-08,17:00:00,2.86323,2.86481,2.85,2.85,0,0
2015-05-08,18:00:00,2.84989,2.85594,2.84454,2.85032,0,0
2015-05-08,19:00:00,2.8504,2.86037,2.84947,2.85682,0,0
2015-05-08,20:00:00,2.85682,2.85877,2.85544,2.8562,0,0
2015-05-08,21:00:00,2.8563,2.86048,2.85556,2.8591,0,0
2015-05-08,22:00:00,2.85895,2.86349,2.85862,2.86243,0,0
2015-05-08,23:00:00,2.86231,2.86231,2.86231,2.86231,0,0
2015-05-11,01:00:00,2.87795,2.87879,2.86995,2.87318,0,0
2015-05-11,02:00:00,2.87318,2.87624,2.87098,2.87419,0,0
2015-05-11,03:00:00,2.87416,2.879,2.8731,2.879,0,0
2015-05-11,04:00:00,2.87933,2.87998,2.8728,2.87449,0,0
2015-05-11,05:00:00,2.87464,2.8753,2.87083,2.87195,0,0
2015-05-11,06:00:00,2.87197,2.87584,2.87016,2.87471,0,0
2015-05-11,07:00:00,2.8748,2.8778,2.87353,2.8759,0,0
2015-05-11,08:00:00,2.87582,2.88228,2.87323,2.87351,0,0
2015-05-11,09:00:00,2.87265,2.87796,2.8692,2.87092,0,0
2015-05-11,10:00:00,2.87079,2.88218,2.86753,2.88095,0,0
2015-05-11,11:00:00,2.88088,2.88494,2.87338,2.88477,0,0
2015-05-11,12:00:00,2.88494,2.88494,2.87804,2.87888,0,0
2015-05-11,13:00:00,2.87867,2.88134,2.8769,2.8786,0,0
2015-05-11,14:00:00,2.87868,2.88425,2.87765,2.8807,0,0
2015-05-11,15:00:00,2.88063,2.88949,2.87987,2.88772,0,0
2015-05-11,16:00:00,2.88751,2.88751,2.87941,2.88208,0,0
2015-05-11,17:00:00,2.88183,2.88734,2.8783,2.88607,0,0
2015-05-11,18:00:00,2.88581,2.88945,2.88349,2.88557,0,0
2015-05-11,19:00:00,2.88538,2.88935,2.88423,2.88692,0,0
2015-05-11,20:00:00,2.88628,2.89162,2.88622,2.88906,0,0
2015-05-11,21:00:00,2.88902,2.89209,2.88822,2.88863,0,0
2015-05-11,22:00:00,2.88866,2.89454,2.88685,2.88886,0,0
2015-05-11,23:00:00,2.88884,2.8902,2.8856,2.88671,0,0
2015-05-11,23:59:00,2.88654,2.8897,2.88536,2.88944,0,0
2015-05-12,01:00:00,2.88912,2.88921,2.88361,2.88668,0,0
2015-05-12,02:00:00,2.88653,2.89383,2.88652,2.89147,0,0
2015-05-12,03:00:00,2.89141,2.89272,2.88952,2.89063,0,0
2015-05-12,04:00:00,2.89065,2.89575,2.88944,2.8956,0,0
2015-05-12,05:00:00,2.89559,2.8985,2.89322,2.89338,0,0
2015-05-12,06:00:00,2.89313,2.89504,2.89183,2.89504,0,0
2015-05-12,07:00:00,2.89524,2.89934,2.89425,2.89659,0,0
2015-05-12,08:00:00,2.89665,2.89896,2.893,2.89627,0,0
2015-05-12,09:00:00,2.89686,2.90789,2.8931,2.90786,0,0
2015-05-12,10:00:00,2.90766,2.90931,2.89443,2.89489,0,0
2015-05-12,11:00:00,2.89549,2.90015,2.89003,2.8989,0,0
2015-05-12,12:00:00,2.89893,2.90291,2.89627,2.90101,0,0
2015-05-12,13:00:00,2.90098,2.90581,2.89716,2.89757,0,0
2015-05-12,14:00:00,2.89812,2.91408,2.89812,2.91407,0,0
2015-05-12,15:00:00,2.91419,2.91771,2.90521,2.90885,0,0
2015-05-12,16:00:00,2.90915,2.91084,2.90445,2.90472,0,0
2015-05-12,17:00:00,2.90555,2.90998,2.90348,2.90728,0,0
2015-05-12,18:00:00,2.90707,2.91319,2.90651,2.91081,0,0
2015-05-12,19:00:00,2.9114,2.91277,2.90437,2.9124,0,0
2015-05-12,20:00:00,2.91228,2.91744,2.91048,2.91599,0,0
2015-05-12,21:00:00,2.91601,2.92254,2.91573,2.91996,0,0
2015-05-12,22:00:00,2.92015,2.92102,2.91825,2.92087,0,0
2015-05-12,23:00:00,2.91961,2.92087,2.9144,2.91642,0,0
2015-05-12,23:59:00,2.91654,2.92377,2.90842,2.91793,0,0
2015-05-13,01:00:00,2.918,2.9183,2.9132,2.9154,0,0
2015-05-13,02:00:00,2.91544,2.91809,2.91408,2.91534,0,0
2015-05-13,03:00:00,2.91568,2.92356,2.91463,2.91913,0,0
2015-05-13,04:00:00,2.91892,2.9221,2.91781,2.91819,0,0
2015-05-13,05:00:00,2.91806,2.92012,2.90917,2.91204,0,0
2015-05-13,06:00:00,2.912,2.91413,2.90839,2.90976,0,0
2015-05-13,07:00:00,2.90976,2.91179,2.90494,2.90722,0,0
2015-05-13,08:00:00,2.90727,2.91147,2.9034,2.90626,0,0
2015-05-13,09:00:00,2.90718,2.90906,2.89762,2.90285,0,0
2015-05-13,10:00:00,2.90319,2.90631,2.89087,2.89297,0,0
2015-05-13,11:00:00,2.89341,2.90585,2.89224,2.9045,0,0
2015-05-13,12:00:00,2.90465,2.91589,2.90421,2.91245,0,0
2015-05-13,13:00:00,2.91245,2.92448,2.91165,2.92387,0,0
2015-05-13,14:00:00,2.92389,2.92746,2.92367,2.927,0,0
2015-05-13,15:00:00,2.92689,2.93696,2.90919,2.91445,0,0
2015-05-13,16:00:00,2.91486,2.91946,2.91087,2.91946,0,0
2015-05-13,17:00:00,2.91917,2.92343,2.91453,2.919,0,0
2015-05-13,18:00:00,2.91885,2.92309,2.91654,2.92228,0,0
2015-05-13,19:00:00,2.92225,2.92683,2.9204,2.92383,0,0
2015-05-13,20:00:00,2.92378,2.92395,2.91871,2.92315,0,0
2015-05-13,21:00:00,2.92332,2.92443,2.91988,2.92266,0,0
2015-05-13,22:00:00,2.92289,2.92788,2.92226,2.92779,0,0
2015-05-13,23:00:00,2.92784,2.93075,2.92577,2.92869,0,0
2015-05-13,23:59:00,2.92842,2.92922,2.92542,2.92746,0,0
2015-05-14,01:00:00,2.92715,2.93219,2.92543,2.93096,0,0
2015-05-14,02:00:00,2.93071,2.93358,2.92628,2.92729,0,0
2015-05-14,03:00:00,2.92715,2.93659,2.92681,2.93464,0,0
2015-05-14,04:00:00,2.93479,2.94587,2.93318,2.94046,0,0
2015-05-14,05:00:00,2.94019,2.94045,2.92938,2.93136,0,0
2015-05-14,06:00:00,2.93136,2.93138,2.92571,2.92666,0,0
2015-05-14,07:00:00,2.92685,2.93188,2.92628,2.92704,0,0
2015-05-14,08:00:00,2.92707,2.93074,2.92441,2.92582,0,0
2015-05-14,09:00:00,2.92589,2.92589,2.91922,2.92422,0,0
2015-05-14,10:00:00,2.92379,2.92497,2.90169,2.90548,0,0
2015-05-14,11:00:00,2.90494,2.90604,2.89784,2.89977,0,0
2015-05-14,12:00:00,2.89993,2.9064,2.89624,2.90436,0,0
2015-05-14,13:00:00,2.90475,2.90598,2.89412,2.89749,0,0
2015-05-14,14:00:00,2.89783,2.90012,2.8953,2.89598,0,0
2015-05-14,15:00:00,2.89628,2.89998,2.89152,2.89719,0,0
2015-05-14,16:00:00,2.89731,2.90622,2.89483,2.90384,0,0
2015-05-14,17:00:00,2.9038,2.90568,2.88803,2.88873,0,0
2015-05-14,18:00:00,2.88841,2.8934,2.8868,2.89267,0,0
2015-05-14,19:00:00,2.8928,2.89478,2.89155,2.89348,0,0
2015-05-14,20:00:00,2.89337,2.89391,2.88879,2.88951,0,0
2015-05-14,21:00:00,2.88996,2.89076,2.87963,2.88049,0,0
2015-05-14,22:00:00,2.88024,2.88292,2.87836,2.88157,0,0
2015-05-14,23:00:00,2.8816,2.88187,2.87981,2.88005,0,0
2015-05-14,23:59:00,2.8801,2.88276,2.87903,2.88184,0,0
2015-05-15,01:00:00,2.88164,2.88475,2.88084,2.88234,0,0
2015-05-15,02:00:00,2.88281,2.88765,2.8819,2.88486,0,0
2015-05-15,03:00:00,2.88479,2.886,2.87135,2.87367,0,0
2015-05-15,04:00:00,2.8738,2.87722,2.87314,2.8755,0,0
2015-05-15,05:00:00,2.87552,2.87552,2.87092,2.87308,0,0
2015-05-15,06:00:00,2.87268,2.87843,2.87268,2.87812,0,0
2015-05-15,07:00:00,2.87808,2.87812,2.87167,2.87211,0,0
2015-05-15,08:00:00,2.87182,2.87491,2.86944,2.8742,0,0
2015-05-15,09:00:00,2.87413,2.88024,2.86688,2.86818,0,0
2015-05-15,10:00:00,2.86795,2.86817,2.85913,2.86092,0,0
2015-05-15,11:00:00,2.86093,2.8661,2.85661,2.86345,0,0
2015-05-15,12:00:00,2.86388,2.86463,2.85622,2.86004,0,0
2015-05-15,13:00:00,2.86044,2.86113,2.8548,2.85743,0,0
2015-05-15,14:00:00,2.85765,2.86148,2.85641,2.8568,0,0
2015-05-15,15:00:00,2.85676,2.8589,2.85216,2.858,0,0
2015-05-15,16:00:00,2.85797,2.8653,2.85738,2.85982,0,0
2015-05-15,17:00:00,2.85879,2.86181,2.85141,2.85396,0,0
2015-05-15,18:00:00,2.85391,2.85581,2.85106,2.85535,0,0
2015-05-15,19:00:00,2.85535,2.85582,2.84704,2.8471,0,0
2015-05-15,20:00:00,2.84714,2.84778,2.84374,2.84528,0,0
2015-05-15,21:00:00,2.84551,2.8456,2.83939,2.83954,0,0
2015-05-15,22:00:00,2.83944,2.83967,2.83487,2.83788,0,0
2015-05-15,23:00:00,2.83789,2.83789,2.83738,2.83757,0,0
2015-05-18,01:00:00,2.84349,2.84349,2.84049,2.84288,0,0
2015-05-18,02:00:00,2.84293,2.84755,2.8403,2.84454,0,0
2015-05-18,03:00:00,2.84454,2.84525,2.83231,2.83374,0,0
2015-05-18,04:00:00,2.83374,2.83983,2.83199,2.83301,0,0
2015-05-18,05:00:00,2.83301,2.84075,2.83153,2.83763,0,0
2015-05-18,06:00:00,2.8377,2.84167,2.8359,2.84004,0,0
2015-05-18,07:00:00,2.84004,2.84171,2.83772,2.84097,0,0
2015-05-18,08:00:00,2.84097,2.84155,2.83682,2.83721,0,0
2015-05-18,09:00:00,2.83691,2.84293,2.83622,2.84162,0,0
2015-05-18,10:00:00,2.84216,2.84319,2.8348,2.83666,0,0
2015-05-18,11:00:00,2.83638,2.84863,2.83638,2.84609,0,0
2015-05-18,12:00:00,2.84609,2.85187,2.84572,2.84599,0,0
2015-05-18,13:00:00,2.84573,2.85092,2.84245,2.84505,0,0
2015-05-18,14:00:00,2.84504,2.85123,2.84475,2.85003,0,0
2015-05-18,15:00:00,2.85003,2.85518,2.85003,2.851,0,0
2015-05-18,16:00:00,2.85125,2.862,2.84995,2.86184,0,0
2015-05-18,17:00:00,2.86191,2.86729,2.85896,2.86673,0,0
2015-05-18,18:00:00,2.86689,2.87548,2.86572,2.87288,0,0
2015-05-18,19:00:00,2.87289,2.8739,2.86771,2.86833,0,0
2015-05-18,20:00:00,2.8684,2.87496,2.86751,2.87399,0,0
2015-05-18,21:00:00,2.8741,2.87654,2.87391,2.87609,0,0
2015-05-18,22:00:00,2.8762,2.8786,2.87568,2.87654,0,0
2015-05-18,23:00:00,2.87629,2.87807,2.87431,2.87737,0,0
2015-05-18,23:59:00,2.87681,2.87876,2.87588,2.87854,0,0
2015-05-19,01:00:00,2.87856,2.88106,2.87617,2.87812,0,0
2015-05-19,02:00:00,2.87812,2.87979,2.87598,2.87663,0,0
2015-05-19,03:00:00,2.87668,2.8779,2.87414,2.87713,0,0
2015-05-19,04:00:00,2.87734,2.88051,2.86833,2.87384,0,0
2015-05-19,05:00:00,2.87379,2.88128,2.87379,2.87989,0,0
2015-05-19,06:00:00,2.87986,2.88584,2.87978,2.88259,0,0
2015-05-19,07:00:00,2.88245,2.88323,2.88041,2.8809,0,0
2015-05-19,08:00:00,2.88079,2.88439,2.87891,2.88162,0,0
2015-05-19,09:00:00,2.88208,2.88786,2.87536,2.87574,0,0
2015-05-19,10:00:00,2.8762,2.88553,2.8762,2.88262,0,0
2015-05-19,11:00:00,2.88246,2.89053,2.88128,2.88128,0,0
2015-05-19,12:00:00,2.8827,2.88563,2.87656,2.88349,0,0
2015-05-19,13:00:00,2.88375,2.88662,2.88117,2.88338,0,0
2015-05-19,14:00:00,2.88281,2.89449,2.88237,2.88812,0,0
2015-05-19,15:00:00,2.88825,2.89254,2.88324,2.88985,0,0
2015-05-19,16:00:00,2.88953,2.8944,2.88629,2.89282,0,0
2015-05-19,17:00:00,2.89329,2.89477,2.88422,2.88605,0,0
2015-05-19,18:00:00,2.8861,2.88915,2.87813,2.87909,0,0
2015-05-19,19:00:00,2.87918,2.88291,2.87428,2.87431,0,0
2015-05-19,20:00:00,2.87421,2.87918,2.87421,2.8753,0,0
2015-05-19,21:00:00,2.87526,2.87536,2.8726,2.87344,0,0
2015-05-19,22:00:00,2.87362,2.87478,2.8709,2.8744,0,0
2015-05-19,23:00:00,2.87462,2.8776,2.87405,2.8752,0,0
2015-05-19,23:59:00,2.87528,2.8793,2.87516,2.87907,0,0
2015-05-20,01:00:00,2.87903,2.87986,2.87733,2.87878,0,0
2015-05-20,02:00:00,2.87859,2.88081,2.87721,2.88081,0,0
2015-05-20,03:00:00,2.88081,2.88187,2.87642,2.87945,0,0
2015-05-20,04:00:00,2.87945,2.88298,2.87838,2.88145,0,0
2015-05-20,05:00:00,2.8814,2.88362,2.88032,2.8815,0,0
2015-05-20,06:00:00,2.88143,2.88366,2.88082,2.88166,0,0
2015-05-20,07:00:00,2.88166,2.88395,2.88001,2.88149,0,0
2015-05-20,08:00:00,2.88153,2.88701,2.87962,2.88701,0,0
2015-05-20,09:00:00,2.88798,2.89308,2.87982,2.88471,0,0
2015-05-20,10:00:00,2.88447,2.88779,2.88196,2.88236,0,0
2015-05-20,11:00:00,2.88244,2.88685,2.87906,2.88622,0,0
2015-05-20,12:00:00,2.88612,2.88639,2.8797,2.88071,0,0
2015-05-20,13:00:00,2.88081,2.88689,2.87688,2.88647,0,0
2015-05-20,14:00:00,2.88618,2.88721,2.88036,2.88345,0,0
2015-05-20,15:00:00,2.88349,2.89245,2.88333,2.89145,0,0
2015-05-20,16:00:00,2.89155,2.89897,2.89118,2.89709,0,0
2015-05-20,17:00:00,2.89703,2.8998,2.89217,2.89573,0,0
2015-05-20,18:00:00,2.89604,2.90389,2.89577,2.90349,0,0
2015-05-20,19:00:00,2.90396,2.90514,2.89809,2.89974,0,0
2015-05-20,20:00:00,2.89977,2.90092,2.89502,2.89521,0,0
2015-05-20,21:00:00,2.89521,2.89926,2.88974,2.89774,0,0
2015-05-20,22:00:00,2.89781,2.90025,2.89458,2.89575,0,0
2015-05-20,23:00:00,2.89571,2.89611,2.89158,2.89328,0,0
2015-05-20,23:59:00,2.89352,2.89808,2.88965,2.89716,0,0
2015-05-21,01:00:00,2.89716,2.89888,2.89529,2.89697,0,0
2015-05-21,02:00:00,2.89734,2.89961,2.89576,2.89712,0,0
2015-05-21,03:00:00,2.89714,2.90052,2.89566,2.89804,0,0
2015-05-21,04:00:00,2.89848,2.9007,2.8935,2.89472,0,0
2015-05-21,05:00:00,2.89465,2.90156,2.89465,2.90111,0,0
2015-05-21,06:00:00,2.90111,2.90202,2.89928,2.89946,0,0
2015-05-21,07:00:00,2.89946,2.90536,2.89946,2.90507,0,0
2015-05-21,08:00:00,2.90486,2.90606,2.90356,2.90517,0,0
2015-05-21,09:00:00,2.90512,2.908,2.90248,2.90399,0,0
2015-05-21,10:00:00,2.90565,2.90565,2.89267,2.89651,0,0
2015-05-21,11:00:00,2.89695,2.89703,2.88706,2.89634,0,0
2015-05-21,12:00:00,2.89659,2.89805,2.89273,2.89469,0,0
2015-05-21,13:00:00,2.89502,2.89831,2.89249,2.89527,0,0
2015-05-21,14:00:00,2.89524,2.90119,2.89452,2.90119,0,0
2015-05-21,15:00:00,2.90133,2.90645,2.89783,2.90371,0,0
2015-05-21,16:00:00,2.90424,2.90722,2.89992,2.90595,0,0
2015-05-21,17:00:00,2.90684,2.91113,2.89892,2.8995,0,0
2015-05-21,18:00:00,2.89914,2.90527,2.89641,2.90348,0,0
2015-05-21,19:00:00,2.90332,2.90501,2.89931,2.89947,0,0
2015-05-21,20:00:00,2.89939,2.90558,2.89896,2.90555,0,0
2015-05-21,21:00:00,2.90559,2.90731,2.90452,2.90604,0,0
2015-05-21,22:00:00,2.90565,2.90916,2.90483,2.90881,0,0
2015-05-21,23:00:00,2.90881,2.91113,2.90756,2.91087,0,0
2015-05-21,23:59:00,2.91058,2.91153,2.90684,2.90802,0,0
2015-05-22,01:00:00,2.90818,2.90964,2.90707,2.90886,0,0
2015-05-22,02:00:00,2.90976,2.91145,2.90821,2.90914,0,0
2015-05-22,03:00:00,2.90957,2.9134,2.90739,2.9134,0,0
2015-05-22,04:00:00,2.91343,2.91479,2.91108,2.91256,0,0
2015-05-22,05:00:00,2.91256,2.91436,2.90873,2.91407,0,0
2015-05-22,06:00:00,2.91382,2.9153,2.91089,2.91227,0,0
2015-05-22,07:00:00,2.91235,2.91373,2.91149,2.912,0,0
2015-05-22,08:00:00,2.91207,2.91389,2.9107,2.91103,0,0
2015-05-22,09:00:00,2.91023,2.9115,2.90713,2.91057,0,0
2015-05-22,10:00:00,2.91062,2.9111,2.89825,2.90065,0,0
2015-05-22,11:00:00,2.90066,2.90281,2.8952,2.89851,0,0
2015-05-22,12:00:00,2.89864,2.89939,2.89099,2.8936,0,0
2015-05-22,13:00:00,2.89359,2.89514,2.88776,2.8889,0,0
2015-05-22,14:00:00,2.88889,2.89662,2.88654,2.89575,0,0
2015-05-22,15:00:00,2.89572,2.90294,2.89109,2.90092,0,0
2015-05-22,16:00:00,2.90137,2.91128,2.90067,2.90791,0,0
2015-05-22,17:00:00,2.90787,2.91698,2.90787,2.91118,0,0
2015-05-22,18:00:00,2.91164,2.91483,2.90838,2.91133,0,0
2015-05-22,19:00:00,2.91146,2.91395,2.90945,2.91174,0,0
2015-05-22,20:00:00,2.91016,2.91895,2.90935,2.91581,0,0
2015-05-22,21:00:00,2.91603,2.91769,2.91535,2.91738,0,0
2015-05-22,22:00:00,2.91745,2.91896,2.91648,2.91753,0,0
2015-05-22,23:00:00,2.91705,2.91705,2.91646,2.91672,0,0
2015-05-25,01:00:00,2.93704,2.9401,2.93371,2.93821,0,0
2015-05-25,02:00:00,2.93806,2.93806,2.9346,2.93563,0,0
2015-05-25,03:00:00,2.93563,2.93905,2.93404,2.93787,0,0
2015-05-25,04:00:00,2.93799,2.94116,2.93716,2.93865,0,0
2015-05-25,05:00:00,2.93821,2.94282,2.93813,2.94187,0,0
2015-05-25,06:00:00,2.94165,2.94283,2.93978,2.94206,0,0
2015-05-25,07:00:00,2.9421,2.94428,2.94097,2.94313,0,0
2015-05-25,08:00:00,2.94348,2.94449,2.93864,2.94166,0,0
2015-05-25,09:00:00,2.94166,2.94293,2.9357,2.93707,0,0
2015-05-25,10:00:00,2.93677,2.9386,2.92699,2.93707,0,0
2015-05-25,11:00:00,2.93707,2.93892,2.93462,2.9354,0,0
2015-05-25,12:00:00,2.93555,2.93642,2.93244,2.93529,0,0
2015-05-25,13:00:00,2.93535,2.93596,2.9318,2.93312,0,0
2015-05-25,14:00:00,2.93311,2.93397,2.92976,2.93011,0,0
2015-05-25,15:00:00,2.93011,2.93024,2.92417,2.92556,0,0
2015-05-25,16:00:00,2.92553,2.9275,2.92424,2.92543,0,0
2015-05-25,17:00:00,2.92543,2.92978,2.92485,2.92861,0,0
2015-05-25,18:00:00,2.92857,2.92938,2.92631,2.92867,0,0
2015-05-25,19:00:00,2.92877,2.92917,2.92444,2.92556,0,0
2015-05-25,20:00:00,2.92431,2.92697,2.92384,2.92627,0,0
2015-05-25,21:00:00,2.92602,2.92715,2.92417,2.92487,0,0
2015-05-25,22:00:00,2.92487,2.92639,2.92438,2.92552,0,0
2015-05-25,23:00:00,2.92543,2.92645,2.92445,2.92569,0,0
2015-05-25,23:59:00,2.92514,2.92621,2.92352,2.92438,0,0
2015-05-26,01:00:00,2.9245,2.92755,2.92437,2.92607,0,0
2015-05-26,02:00:00,2.92599,2.92853,2.92507,2.92692,0,0
2015-05-26,03:00:00,2.92676,2.93217,2.92606,2.93086,0,0
2015-05-26,04:00:00,2.93116,2.93421,2.93059,2.93407,0,0
2015-05-26,05:00:00,2.93404,2.9352,2.93154,2.93365,0,0
2015-05-26,06:00:00,2.93365,2.93785,2.93343,2.93644,0,0
2015-05-26,07:00:00,2.93638,2.93958,2.93597,2.93878,0,0
2015-05-26,08:00:00,2.93878,2.93962,2.93713,2.93907,0,0
2015-05-26,09:00:00,2.93932,2.94525,2.93751,2.9445,0,0
2015-05-26,10:00:00,2.94493,2.947,2.93261,2.94362,0,0
2015-05-26,11:00:00,2.94367,2.95039,2.94227,2.95034,0,0
2015-05-26,12:00:00,2.94989,2.96041,2.94752,2.9571,0,0
2015-05-26,13:00:00,2.9569,2.96162,2.95546,2.95955,0,0
2015-05-26,14:00:00,2.95897,2.95904,2.95329,2.95329,0,0
2015-05-26,15:00:00,2.95303,2.96293,2.9465,2.9465,0,0
2015-05-26,16:00:00,2.94695,2.94892,2.94101,2.94387,0,0
2015-05-26,17:00:00,2.94425,2.95391,2.9406,2.94462,0,0
2015-05-26,18:00:00,2.94482,2.95214,2.94286,2.95176,0,0
2015-05-26,19:00:00,2.95171,2.95454,2.9494,2.95273,0,0
2015-05-26,20:00:00,2.95277,2.95827,2.95195,2.95701,0,0
2015-05-26,21:00:00,2.95651,2.95651,2.95294,2.95294,0,0
2015-05-26,22:00:00,2.95273,2.95601,2.95023,2.95102,0,0
2015-05-26,23:00:00,2.95109,2.95252,2.94927,2.95245,0,0
2015-05-26,23:59:00,2.95333,2.95367,2.9471,2.95092,0,0
2015-05-27,01:00:00,2.9505,2.95146,2.94828,2.94981,0,0
2015-05-27,02:00:00,2.94982,2.95151,2.94914,2.95047,0,0
2015-05-27,03:00:00,2.95053,2.95811,2.94959,2.95327,0,0
2015-05-27,04:00:00,2.95333,2.95608,2.9493,2.95477,0,0
2015-05-27,05:00:00,2.95428,2.9587,2.95257,2.95502,0,0
2015-05-27,06:00:00,2.95519,2.95621,2.95334,2.95549,0,0
2015-05-27,07:00:00,2.95549,2.95698,2.95348,2.95463,0,0
2015-05-27,08:00:00,2.95431,2.95431,2.94832,2.94869,0,0
2015-05-27,09:00:00,2.94923,2.95136,2.94158,2.94367,0,0
2015-05-27,10:00:00,2.94369,2.94427,2.92727,2.92769,0,0
2015-05-27,11:00:00,2.9276,2.93705,2.92339,2.93568,0,0
2015-05-27,12:00:00,2.93591,2.93902,2.93025,2.93514,0,0
2015-05-27,13:00:00,2.93549,2.93796,2.93083,2.93422,0,0
2015-05-27,14:00:00,2.93334,2.93428,2.92945,2.93338,0,0
2015-05-27,15:00:00,2.93355,2.94211,2.93129,2.94032,0,0
2015-05-27,16:00:00,2.94048,2.94437,2.92755,2.93497,0,0
2015-05-27,17:00:00,2.93494,2.93608,2.92612,2.92885,0,0
2015-05-27,18:00:00,2.92878,2.93075,2.91877,2.92462,0,0
2015-05-27,19:00:00,2.92475,2.92553,2.92201,2.92447,0,0
2015-05-27,20:00:00,2.92412,2.92501,2.9216,2.92397,0,0
2015-05-27,21:00:00,2.92395,2.92777,2.92314,2.92551,0,0
2015-05-27,22:00:00,2.92543,2.92875,2.92373,2.92709,0,0
2015-05-27,23:00:00,2.9277,2.92832,2.92231,2.92685,0,0
2015-05-27,23:59:00,2.92707,2.92933,2.9239,2.92931,0,0
2015-05-28,01:00:00,2.92902,2.92902,2.92632,2.92736,0,0
2015-05-28,02:00:00,2.92729,2.93049,2.92679,2.9304,0,0
2015-05-28,03:00:00,2.93044,2.93172,2.92715,2.93055,0,0
2015-05-28,04:00:00,2.93073,2.93522,2.90815,2.91122,0,0
2015-05-28,05:00:00,2.91096,2.91154,2.90636,2.91128,0,0
2015-05-28,06:00:00,2.91129,2.91177,2.90477,2.90762,0,0
2015-05-28,07:00:00,2.9077,2.9077,2.90442,2.90716,0,0
2015-05-28,08:00:00,2.90716,2.91448,2.90574,2.91248,0,0
2015-05-28,09:00:00,2.91253,2.91411,2.90346,2.90383,0,0
2015-05-28,10:00:00,2.90403,2.90757,2.89932,2.90217,0,0
2015-05-28,11:00:00,2.90251,2.90796,2.89786,2.90476,0,0
2015-05-28,12:00:00,2.90382,2.90567,2.8992,2.90077,0,0
2015-05-28,13:00:00,2.90099,2.90249,2.89356,2.89386,0,0
2015-05-28,14:00:00,2.89452,2.90049,2.89315,2.89913,0,0
2015-05-28,15:00:00,2.89947,2.90013,2.88888,2.89248,0,0
2015-05-28,16:00:00,2.89239,2.8996,2.89203,2.8987,0,0
2015-05-28,17:00:00,2.899,2.90144,2.89277,2.89826,0,0
2015-05-28,18:00:00,2.89853,2.89929,2.8924,2.89633,0,0
2015-05-28,19:00:00,2.89625,2.90026,2.89396,2.89673,0,0
2015-05-28,20:00:00,2.89651,2.89708,2.89284,2.897,0,0
2015-05-28,21:00:00,2.89719,2.89799,2.89265,2.89323,0,0
2015-05-28,22:00:00,2.8931,2.89753,2.89264,2.89466,0,0
2015-05-28,23:00:00,2.89492,2.89588,2.89354,2.89376,0,0
2015-05-28,23:59:00,2.89289,2.89399,2.88803,2.89135,0,0
2015-05-29,01:00:00,2.8914,2.89468,2.8907,2.89242,0,0
2015-05-29,02:00:00,2.89242,2.89446,2.89068,2.89244,0,0
2015-05-29,03:00:00,2.8922,2.89543,2.8903,2.89274,0,0
2015-05-29,04:00:00,2.89354,2.89718,2.89022,2.89646,0,0
2015-05-29,05:00:00,2.89628,2.89933,2.89503,2.89747,0,0
2015-05-29,06:00:00,2.89755,2.89842,2.8887,2.88974,0,0
2015-05-29,07:00:00,2.88997,2.8917,2.88241,2.88715,0,0
2015-05-29,08:00:00,2.88746,2.88841,2.8855,2.88553,0,0
2015-05-29,09:00:00,2.88617,2.89623,2.88486,2.89623,0,0
2015-05-29,10:00:00,2.89537,2.89573,2.88746,2.88798,0,0
2015-05-29,11:00:00,2.8885,2.88983,2.88253,2.88422,0,0
2015-05-29,12:00:00,2.88481,2.8855,2.87348,2.87603,0,0
2015-05-29,13:00:00,2.87586,2.88034,2.87462,2.87876,0,0
2015-05-29,14:00:00,2.8784,2.8818,2.87558,2.87657,0,0
2015-05-29,15:00:00,2.87677,2.88393,2.87016,2.87215,0,0
2015-05-29,16:00:00,2.87286,2.87427,2.86781,2.87004,0,0
2015-05-29,17:00:00,2.8698,2.87652,2.86858,2.87543,0,0
2015-05-29,18:00:00,2.87528,2.87583,2.86114,2.86229,0,0
2015-05-29,19:00:00,2.86237,2.86728,2.85946,2.86709,0,0
2015-05-29,20:00:00,2.86713,2.86796,2.86478,2.86685,0,0
2015-05-29,21:00:00,2.86686,2.86759,2.86421,2.86625,0,0
2015-05-29,22:00:00,2.86591,2.86668,2.86032,2.86166,0,0
2015-05-29,23:00:00,2.86166,2.86233,2.86166,2.86224,0,0
2015-06-01,01:00:00,2.86135,2.86382,2.85863,2.86233,0,0
2015-06-01,02:00:00,2.86233,2.86789,2.86215,2.86631,0,0
2015-06-01,03:00:00,2.8662,2.87265,2.86526,2.87166,0,0
2015-06-01,04:00:00,2.87194,2.87685,2.86801,2.87434,0,0
2015-06-01,05:00:00,2.87392,2.8773,2.86988,2.8716,0,0
2015-06-01,06:00:00,2.87121,2.87414,2.86886,2.87077,0,0
2015-06-01,07:00:00,2.87077,2.87333,2.86983,2.8727,0,0
2015-06-01,08:00:00,2.87279,2.87299,2.86776,2.87064,0,0
2015-06-01,09:00:00,2.87029,2.88303,2.86989,2.88078,0,0
2015-06-01,10:00:00,2.8807,2.88994,2.87811,2.887,0,0
2015-06-01,11:00:00,2.88698,2.89874,2.8866,2.89467,0,0
2015-06-01,12:00:00,2.89467,2.89572,2.88409,2.88726,0,0
2015-06-01,13:00:00,2.88718,2.89106,2.87964,2.8853,0,0
2015-06-01,14:00:00,2.88538,2.88891,2.87999,2.88236,0,0
2015-06-01,15:00:00,2.88248,2.8843,2.877,2.87765,0,0
2015-06-01,16:00:00,2.87743,2.88291,2.87557,2.8788,0,0
2015-06-01,17:00:00,2.87928,2.88147,2.87676,2.87814,0,0
2015-06-01,18:00:00,2.87829,2.88051,2.87531,2.87719,0,0
2015-06-01,19:00:00,2.87719,2.8782,2.86899,2.87056,0,0
2015-06-01,20:00:00,2.87015,2.8703,2.86293,2.86397,0,0
2015-06-01,21:00:00,2.86401,2.86765,2.86223,2.86279,0,0
2015-06-01,22:00:00,2.8621,2.86578,2.86097,2.86486,0,0
2015-06-01,23:00:00,2.86501,2.86705,2.86339,2.86477,0,0
2015-06-01,23:59:00,2.8662,2.86875,2.86286,2.86875,0,0
2015-06-02,01:00:00,2.86753,2.86843,2.86632,2.8672,0,0
2015-06-02,02:00:00,2.8672,2.87148,2.86569,2.87042,0,0
2015-06-02,03:00:00,2.87059,2.87484,2.86957,2.87228,0,0
2015-06-02,04:00:00,2.87228,2.87817,2.87166,2.87509,0,0
2015-06-02,05:00:00,2.87509,2.87695,2.87437,2.87478,0,0
2015-06-02,06:00:00,2.87478,2.87788,2.8747,2.87649,0,0
2015-06-02,07:00:00,2.87649,2.89494,2.87309,2.88989,0,0
2015-06-02,08:00:00,2.88989,2.89558,2.8894,2.8952,0,0
2015-06-02,09:00:00,2.89513,2.8989,2.89331,2.89488,0,0
2015-06-02,10:00:00,2.89483,2.89843,2.89144,2.89823,0,0
2015-06-02,11:00:00,2.89837,2.8996,2.89403,2.89523,0,0
2015-06-02,12:00:00,2.89494,2.8958,2.89005,2.8908,0,0
2015-06-02,13:00:00,2.89072,2.89148,2.87613,2.88279,0,0
2015-06-02,14:00:00,2.88301,2.88601,2.8777,2.88307,0,0
2015-06-02,15:00:00,2.88296,2.88444,2.86853,2.86864,0,0
2015-06-02,16:00:00,2.86823,2.87461,2.85899,2.87436,0,0
2015-06-02,17:00:00,2.87424,2.87788,2.86577,2.86782,0,0
2015-06-02,18:00:00,2.86728,2.8718,2.86534,2.87108,0,0
2015-06-02,19:00:00,2.87108,2.87522,2.86851,2.87142,0,0
2015-06-02,20:00:00,2.87095,2.87359,2.8691,2.87119,0,0
2015-06-02,21:00:00,2.87108,2.87186,2.86808,2.87186,0,0
2015-06-02,22:00:00,2.8716,2.87441,2.8691,2.87304,0,0
2015-06-02,23:00:00,2.8728,2.87375,2.87029,2.87148,0,0
2015-06-02,23:59:00,2.87201,2.87375,2.87086,2.8711,0,0
2015-06-03,01:00:00,2.87117,2.87207,2.86796,2.86954,0,0
2015-06-03,02:00:00,2.86954,2.87028,2.86704,2.86729,0,0
2015-06-03,03:00:00,2.86756,2.87075,2.86718,2.86909,0,0
2015-06-03,04:00:00,2.86918,2.88451,2.86887,2.88169,0,0
2015-06-03,05:00:00,2.88168,2.88168,2.87582,2.87642,0,0
2015-06-03,06:00:00,2.87619,2.87854,2.87472,2.87854,0,0
2015-06-03,07:00:00,2.8773,2.87854,2.87337,2.87531,0,0
2015-06-03,08:00:00,2.87525,2.87619,2.87188,2.87565,0,0
2015-06-03,09:00:00,2.87617,2.88345,2.87476,2.88236,0,0
2015-06-03,10:00:00,2.88251,2.89279,2.88251,2.88496,0,0
2015-06-03,11:00:00,2.88475,2.88597,2.88122,2.88441,0,0
2015-06-03,12:00:00,2.88496,2.88908,2.88316,2.88556,0,0
2015-06-03,13:00:00,2.88585,2.88673,2.88272,2.88329,0,0
2015-06-03,14:00:00,2.88305,2.88733,2.88106,2.88432,0,0
2015-06-03,15:00:00,2.88494,2.88613,2.87551,2.88012,0,0
2015-06-03,16:00:00,2.88051,2.88253,2.86981,2.87935,0,0
2015-06-03,17:00:00,2.87915,2.88612,2.87386,2.87784,0,0
2015-06-03,18:00:00,2.8779,2.87941,2.87325,2.87419,0,0
2015-06-03,19:00:00,2.87425,2.87612,2.87266,2.87448,0,0
2015-06-03,20:00:00,2.87475,2.8749,2.87019,2.87465,0,0
2015-06-03,21:00:00,2.87471,2.87786,2.87204,2.87519,0,0
2015-06-03,22:00:00,2.87518,2.87748,2.87351,2.87514,0,0
2015-06-03,23:00:00,2.87503,2.87704,2.87411,2.8751,0,0
2015-06-03,23:59:00,2.87525,2.87754,2.87376,2.87496,0,0
2015-06-04,01:00:00,2.87502,2.87555,2.87163,2.87256,0,0
2015-06-04,02:00:00,2.87292,2.87398,2.86969,2.87144,0,0
2015-06-04,03:00:00,2.87144,2.87321,2.86928,2.87186,0,0
2015-06-04,04:00:00,2.87186,2.87371,2.84952,2.85332,0,0
2015-06-04,05:00:00,2.85358,2.85458,2.85102,2.85317,0,0
2015-06-04,06:00:00,2.85375,2.85475,2.85076,2.85405,0,0
2015-06-04,07:00:00,2.854,2.85741,2.85276,2.85412,0,0
2015-06-04,08:00:00,2.85379,2.85462,2.84974,2.85151,0,0
2015-06-04,09:00:00,2.85208,2.85803,2.84926,2.85673,0,0
2015-06-04,10:00:00,2.85655,2.85927,2.85152,2.85778,0,0
2015-06-04,11:00:00,2.85778,2.86216,2.85095,2.85989,0,0
2015-06-04,12:00:00,2.85978,2.86266,2.85287,2.85405,0,0
2015-06-04,13:00:00,2.8541,2.85708,2.85068,2.85605,0,0
2015-06-04,14:00:00,2.85604,2.86207,2.85116,2.8538,0,0
2015-06-04,15:00:00,2.85357,2.85625,2.84777,2.85157,0,0
2015-06-04,16:00:00,2.85175,2.85531,2.84205,2.84223,0,0
2015-06-04,17:00:00,2.8417,2.84258,2.83073,2.83088,0,0
2015-06-04,18:00:00,2.83108,2.83367,2.82876,2.83194,0,0
2015-06-04,19:00:00,2.83176,2.8343,2.82871,2.83264,0,0
2015-06-04,20:00:00,2.83281,2.84889,2.83168,2.84889,0,0
2015-06-04,21:00:00,2.849,2.85193,2.84849,2.84994,0,0
2015-06-04,22:00:00,2.84951,2.85467,2.84951,2.85178,0,0
2015-06-04,23:00:00,2.85235,2.8545,2.85096,2.85432,0,0
2015-06-04,23:59:00,2.85428,2.85878,2.85221,2.8526,0,0
2015-06-05,01:00:00,2.85268,2.85728,2.85058,2.85512,0,0
2015-06-05,02:00:00,2.85504,2.86259,2.85504,2.85701,0,0
2015-06-05,03:00:00,2.85701,2.85811,2.854,2.85811,0,0
2015-06-05,04:00:00,2.858,2.86405,2.85696,2.86202,0,0
2015-06-05,05:00:00,2.86188,2.86368,2.85999,2.86128,0,0
2015-06-05,06:00:00,2.86121,2.86418,2.85845,2.86053,0,0
2015-06-05,07:00:00,2.86053,2.86422,2.8596,2.86259,0,0
2015-06-05,08:00:00,2.86259,2.86316,2.8602,2.8602,0,0
2015-06-05,09:00:00,2.86006,2.86006,2.84821,2.84821,0,0
2015-06-05,10:00:00,2.84888,2.84974,2.83461,2.84005,0,0
2015-06-05,11:00:00,2.83981,2.84602,2.83812,2.84232,0,0
2015-06-05,12:00:00,2.84329,2.84496,2.83474,2.83862,0,0
2015-06-05,13:00:00,2.83863,2.84804,2.8385,2.84735,0,0
2015-06-05,14:00:00,2.84728,2.85301,2.84538,2.84919,0,0
2015-06-05,15:00:00,2.84924,2.87031,2.82754,2.85807,0,0
2015-06-05,16:00:00,2.85811,2.8652,2.85357,2.85842,0,0
2015-06-05,17:00:00,2.85817,2.86552,2.85442,2.85563,0,0
2015-06-05,18:00:00,2.85401,2.85754,2.84749,2.85312,0,0
2015-06-05,19:00:00,2.8524,2.85715,2.84865,2.8522,0,0
2015-06-05,20:00:00,2.85224,2.85247,2.84753,2.84808,0,0
2015-06-05,21:00:00,2.84824,2.84924,2.84069,2.84534,0,0
2015-06-05,22:00:00,2.84495,2.85483,2.84446,2.85483,0,0
2015-06-05,23:00:00,2.85415,2.85457,2.85415,2.8543,0,0
2015-06-08,01:00:00,2.8538,2.85586,2.85218,2.854,0,0
2015-06-08,02:00:00,2.854,2.85429,2.84932,2.85211,0,0
2015-06-08,03:00:00,2.85208,2.85889,2.84926,2.85782,0,0
2015-06-08,04:00:00,2.85797,2.86081,2.85707,2.86081,0,0
2015-06-08,05:00:00,2.86044,2.86533,2.85465,2.85527,0,0
2015-06-08,06:00:00,2.85527,2.85555,2.85267,2.85423,0,0
2015-06-08,07:00:00,2.85432,2.85466,2.85213,2.85261,0,0
2015-06-08,08:00:00,2.85214,2.85534,2.85104,2.85401,0,0
2015-06-08,09:00:00,2.85173,2.85898,2.84694,2.85207,0,0
2015-06-08,10:00:00,2.85255,2.85257,2.84473,2.84507,0,0
2015-06-08,11:00:00,2.84497,2.85358,2.84238,2.85306,0,0
2015-06-08,12:00:00,2.85345,2.85783,2.85098,2.85628,0,0
2015-06-08,13:00:00,2.85653,2.8567,2.85108,2.85161,0,0
2015-06-08,14:00:00,2.85131,2.85292,2.84161,2.84351,0,0
2015-06-08,15:00:00,2.84336,2.84414,2.83443,2.8425,0,0
2015-06-08,16:00:00,2.84255,2.84676,2.84049,2.84515,0,0
2015-06-08,17:00:00,2.84557,2.84807,2.83948,2.84241,0,0
2015-06-08,18:00:00,2.84258,2.84415,2.8395,2.83989,0,0
2015-06-08,19:00:00,2.84011,2.84284,2.83854,2.84218,0,0
2015-06-08,20:00:00,2.84227,2.84951,2.8393,2.84685,0,0
2015-06-08,21:00:00,2.84701,2.84838,2.8436,2.84822,0,0
2015-06-08,22:00:00,2.84807,2.85073,2.84716,2.84858,0,0
2015-06-08,23:00:00,2.84862,2.84918,2.84656,2.84844,0,0
2015-06-08,23:59:00,2.84939,2.85049,2.84602,2.84799,0,0
2015-06-09,01:00:00,2.84807,2.84828,2.84365,2.84398,0,0
2015-06-09,02:00:00,2.84367,2.84727,2.84367,2.84588,0,0
2015-06-09,03:00:00,2.84596,2.84605,2.84209,2.84605,0,0
2015-06-09,04:00:00,2.84597,2.8518,2.84132,2.84171,0,0
2015-06-09,05:00:00,2.83922,2.84179,2.83756,2.84161,0,0
2015-06-09,06:00:00,2.84161,2.84269,2.83813,2.8404,0,0
2015-06-09,07:00:00,2.84009,2.84148,2.83871,2.8413,0,0
2015-06-09,08:00:00,2.84127,2.84128,2.83473,2.83483,0,0
2015-06-09,09:00:00,2.83456,2.8387,2.83,2.83298,0,0
2015-06-09,10:00:00,2.83241,2.83352,2.82698,2.82874,0,0
2015-06-09,11:00:00,2.82874,2.83562,2.8278,2.83532,0,0
2015-06-09,12:00:00,2.83474,2.83979,2.83392,2.8377,0,0
2015-06-09,13:00:00,2.83783,2.84524,2.83753,2.84412,0,0
2015-06-09,14:00:00,2.84349,2.85579,2.84249,2.85528,0,0
2015-06-09,15:00:00,2.85535,2.85623,2.85028,2.85307,0,0
2015-06-09,16:00:00,2.8526,2.85727,2.84976,2.85021,0,0
2015-06-09,17:00:00,2.84933,2.85254,2.84644,2.84784,0,0
2015-06-09,18:00:00,2.84765,2.84856,2.84021,2.84146,0,0
2015-06-09,19:00:00,2.84138,2.84305,2.83848,2.83957,0,0
2015-06-09,20:00:00,2.83957,2.84192,2.83822,2.83981,0,0
2015-06-09,21:00:00,2.83961,2.84383,2.83878,2.84356,0,0
2015-06-09,22:00:00,2.84357,2.84619,2.84236,2.84537,0,0
2015-06-09,23:00:00,2.84522,2.84892,2.84419,2.84664,0,0
2015-06-09,23:59:00,2.84696,2.84947,2.84562,2.84781,0,0
2015-06-10,01:00:00,2.84726,2.84889,2.84682,2.84798,0,0
2015-06-10,02:00:00,2.84796,2.84803,2.84175,2.84228,0,0
2015-06-10,03:00:00,2.84238,2.84543,2.83639,2.83932,0,0
2015-06-10,04:00:00,2.83936,2.84121,2.83721,2.84015,0,0
2015-06-10,05:00:00,2.84019,2.84245,2.82804,2.83147,0,0
2015-06-10,06:00:00,2.8311,2.83263,2.82705,2.83257,0,0
2015-06-10,07:00:00,2.83257,2.84653,2.8298,2.84386,0,0
2015-06-10,08:00:00,2.84373,2.85871,2.84249,2.85429,0,0
2015-06-10,09:00:00,2.8536,2.86006,2.84775,2.84775,0,0
2015-06-10,10:00:00,2.84661,2.85803,2.84143,2.8541,0,0
2015-06-10,11:00:00,2.8541,2.85764,2.84867,2.85341,0,0
2015-06-10,12:00:00,2.85377,2.85856,2.84808,2.84946,0,0
2015-06-10,13:00:00,2.84938,2.85498,2.84554,2.84638,0,0
2015-06-10,14:00:00,2.84629,2.84829,2.84284,2.84765,0,0
2015-06-10,15:00:00,2.84759,2.8486,2.84109,2.84148,0,0
2015-06-10,16:00:00,2.84141,2.84192,2.8346,2.84127,0,0
2015-06-10,17:00:00,2.8414,2.84492,2.83701,2.84023,0,0
2015-06-10,18:00:00,2.84041,2.84229,2.8329,2.83418,0,0
2015-06-10,19:00:00,2.83415,2.8415,2.83356,2.83882,0,0
2015-06-10,20:00:00,2.8389,2.8398,2.83607,2.83815,0,0
2015-06-10,21:00:00,2.83824,2.84055,2.83781,2.84007,0,0
2015-06-10,22:00:00,2.84012,2.8407,2.83638,2.83756,0,0
2015-06-10,23:00:00,2.83776,2.83994,2.83702,2.83874,0,0
2015-06-10,23:59:00,2.83841,2.83947,2.81729,2.83278,0,0
2015-06-11,01:00:00,2.83278,2.83321,2.82905,2.82947,0,0
2015-06-11,02:00:00,2.82947,2.83345,2.82934,2.83173,0,0
2015-06-11,03:00:00,2.83169,2.83169,2.82324,2.82641,0,0
2015-06-11,04:00:00,2.82678,2.85108,2.82419,2.84451,0,0
2015-06-11,05:00:00,2.84417,2.84448,2.84048,2.84324,0,0
2015-06-11,06:00:00,2.84343,2.84544,2.83935,2.84155,0,0
2015-06-11,07:00:00,2.84166,2.84269,2.83844,2.84188,0,0
2015-06-11,08:00:00,2.8417,2.84239,2.83734,2.83888,0,0
2015-06-11,09:00:00,2.83883,2.84856,2.83606,2.84849,0,0
2015-06-11,10:00:00,2.84885,2.85408,2.84634,2.85207,0,0
2015-06-11,11:00:00,2.85266,2.85713,2.85008,2.85231,0,0
2015-06-11,12:00:00,2.85229,2.85229,2.84311,2.84555,0,0
2015-06-11,13:00:00,2.84553,2.84714,2.84293,2.84362,0,0
2015-06-11,14:00:00,2.84359,2.85171,2.84355,2.84739,0,0
2015-06-11,15:00:00,2.84732,2.8489,2.83527,2.84192,0,0
2015-06-11,16:00:00,2.84192,2.84559,2.83832,2.84095,0,0
2015-06-11,17:00:00,2.84111,2.84725,2.83867,2.84331,0,0
2015-06-11,18:00:00,2.84339,2.84592,2.84211,2.84463,0,0
2015-06-11,19:00:00,2.84498,2.84821,2.8444,2.845,0,0
2015-06-11,20:00:00,2.84503,2.84747,2.84334,2.84692,0,0
2015-06-11,21:00:00,2.84614,2.8477,2.84428,2.84574,0,0
2015-06-11,22:00:00,2.84552,2.85107,2.84552,2.84892,0,0
2015-06-11,23:00:00,2.84881,2.84972,2.84586,2.84692,0,0
2015-06-11,23:59:00,2.84705,2.85154,2.84579,2.85154,0,0
2015-06-12,01:00:00,2.85092,2.85092,2.84722,2.84877,0,0
2015-06-12,02:00:00,2.84875,2.84952,2.84548,2.84559,0,0
2015-06-12,03:00:00,2.84604,2.84806,2.84334,2.84652,0,0
2015-06-12,04:00:00,2.84685,2.84934,2.84511,2.84669,0,0
2015-06-12,05:00:00,2.84663,2.84942,2.8451,2.84735,0,0
2015-06-12,06:00:00,2.84745,2.84842,2.84435,2.84492,0,0
2015-06-12,07:00:00,2.84487,2.85,2.84352,2.84615,0,0
2015-06-12,08:00:00,2.84615,2.84852,2.84377,2.84497,0,0
2015-06-12,09:00:00,2.84521,2.85121,2.84447,2.84958,0,0
2015-06-12,10:00:00,2.84955,2.84955,2.83943,2.84107,0,0
2015-06-12,11:00:00,2.84092,2.85365,2.83541,2.85128,0,0
2015-06-12,12:00:00,2.85053,2.85572,2.84806,2.85279,0,0
2015-06-12,13:00:00,2.85253,2.85451,2.85029,2.85114,0,0
2015-06-12,14:00:00,2.85101,2.85713,2.84842,2.85233,0,0
2015-06-12,15:00:00,2.85224,2.85348,2.84495,2.84495,0,0
2015-06-12,16:00:00,2.84494,2.85342,2.84049,2.85247,0,0
2015-06-12,17:00:00,2.85255,2.85713,2.84854,2.8524,0,0
2015-06-12,18:00:00,2.85259,2.85441,2.84426,2.84564,0,0
2015-06-12,19:00:00,2.84596,2.84918,2.8437,2.84471,0,0
2015-06-12,20:00:00,2.84492,2.84584,2.8416,2.84326,0,0
2015-06-12,21:00:00,2.84303,2.84394,2.84111,2.84391,0,0
2015-06-12,22:00:00,2.84405,2.84468,2.84114,2.84468,0,0
2015-06-12,23:00:00,2.84472,2.84472,2.84329,2.84359,0,0
2015-06-15,01:00:00,2.86373,2.86395,2.85429,2.85496,0,0
2015-06-15,02:00:00,2.85485,2.85766,2.85446,2.85461,0,0
2015-06-15,03:00:00,2.85461,2.85539,2.84902,2.85038,0,0
2015-06-15,04:00:00,2.8501,2.85549,2.84972,2.85462,0,0
2015-06-15,05:00:00,2.85449,2.85624,2.85242,2.85465,0,0
2015-06-15,06:00:00,2.85439,2.85617,2.85099,2.85226,0,0
2015-06-15,07:00:00,2.85226,2.85623,2.8512,2.85265,0,0
2015-06-15,08:00:00,2.8529,2.85671,2.85218,2.85664,0,0
2015-06-15,09:00:00,2.85734,2.86517,2.85578,2.85824,0,0
2015-06-15,10:00:00,2.85825,2.85846,2.84956,2.8516,0,0
2015-06-15,11:00:00,2.85152,2.85291,2.84523,2.84877,0,0
2015-06-15,12:00:00,2.84891,2.85701,2.84722,2.85645,0,0
2015-06-15,13:00:00,2.85643,2.86229,2.85264,2.86229,0,0
2015-06-15,14:00:00,2.86178,2.8681,2.86178,2.86628,0,0
2015-06-15,15:00:00,2.86627,2.8786,2.86627,2.87616,0,0
2015-06-15,16:00:00,2.87615,2.88247,2.87202,2.87471,0,0
2015-06-15,17:00:00,2.8747,2.87556,2.86441,2.86552,0,0
2015-06-15,18:00:00,2.86487,2.86941,2.86323,2.86397,0,0
2015-06-15,19:00:00,2.86311,2.86682,2.85967,2.8629,0,0
2015-06-15,20:00:00,2.86315,2.86483,2.86136,2.86433,0,0
2015-06-15,21:00:00,2.86479,2.86479,2.8597,2.85976,0,0
2015-06-15,22:00:00,2.85969,2.86052,2.85723,2.85737,0,0
2015-06-15,23:00:00,2.85772,2.85917,2.85584,2.85863,0,0
2015-06-15,23:59:00,2.85863,2.8607,2.85582,2.85582,0,0
2015-06-16,01:00:00,2.85582,2.85864,2.85546,2.8581,0,0
2015-06-16,02:00:00,2.85812,2.85812,2.85465,2.85532,0,0
2015-06-16,03:00:00,2.85534,2.85695,2.85413,2.85483,0,0
2015-06-16,04:00:00,2.8545,2.86433,2.85196,2.86007,0,0
2015-06-16,05:00:00,2.86025,2.86037,2.8562,2.85946,0,0
2015-06-16,06:00:00,2.85955,2.86018,2.85566,2.8569,0,0
2015-06-16,07:00:00,2.85717,2.85871,2.85574,2.85574,0,0
2015-06-16,08:00:00,2.85572,2.85648,2.85198,2.85261,0,0
2015-06-16,09:00:00,2.85254,2.85798,2.84938,2.84995,0,0
2015-06-16,10:00:00,2.84999,2.85483,2.84648,2.85053,0,0
2015-06-16,11:00:00,2.85127,2.85475,2.84608,2.85475,0,0
2015-06-16,12:00:00,2.85481,2.85777,2.85019,2.85485,0,0
2015-06-16,13:00:00,2.85423,2.85873,2.85197,2.85569,0,0
2015-06-16,14:00:00,2.85541,2.85798,2.85088,2.85517,0,0
2015-06-16,15:00:00,2.85597,2.86369,2.85553,2.85751,0,0
2015-06-16,16:00:00,2.8579,2.8608,2.85541,2.85941,0,0
2015-06-16,17:00:00,2.85975,2.86748,2.8593,2.86089,0,0
2015-06-16,18:00:00,2.8607,2.86276,2.8558,2.8568,0,0
2015-06-16,19:00:00,2.85737,2.85941,2.85512,2.85519,0,0
2015-06-16,20:00:00,2.85491,2.85549,2.85121,2.8516,0,0
2015-06-16,21:00:00,2.85195,2.85393,2.85066,2.85247,0,0
2015-06-16,22:00:00,2.85249,2.85661,2.85249,2.85494,0,0
2015-06-16,23:00:00,2.8551,2.85746,2.85078,2.85574,0,0
2015-06-16,23:59:00,2.85591,2.85814,2.85405,2.85488,0,0
2015-06-17,01:00:00,2.85481,2.85672,2.8542,2.8547,0,0
2015-06-17,02:00:00,2.85461,2.85673,2.85386,2.85405,0,0
2015-06-17,03:00:00,2.85412,2.85521,2.8517,2.85481,0,0
2015-06-17,04:00:00,2.85611,2.85666,2.84698,2.84812,0,0
2015-06-17,05:00:00,2.84808,2.84959,2.84576,2.84576,0,0
2015-06-17,06:00:00,2.84576,2.84596,2.84189,2.84536,0,0
2015-06-17,07:00:00,2.84527,2.84608,2.844,2.84543,0,0
2015-06-17,08:00:00,2.84513,2.84763,2.84455,2.84763,0,0
2015-06-17,09:00:00,2.84725,2.85024,2.84005,2.84323,0,0
2015-06-17,10:00:00,2.84294,2.84468,2.8349,2.8379,0,0
2015-06-17,11:00:00,2.83789,2.83829,2.8292,2.83292,0,0
2015-06-17,12:00:00,2.83211,2.83503,2.82918,2.83445,0,0
2015-06-17,13:00:00,2.83464,2.83696,2.82876,2.83412,0,0
2015-06-17,14:00:00,2.83431,2.83792,2.83064,2.83366,0,0
2015-06-17,15:00:00,2.83353,2.83353,2.82708,2.83176,0,0
2015-06-17,16:00:00,2.83145,2.83635,2.82967,2.83389,0,0
2015-06-17,17:00:00,2.83381,2.84309,2.83238,2.84045,0,0
2015-06-17,18:00:00,2.84077,2.84428,2.83634,2.84428,0,0
2015-06-17,19:00:00,2.84433,2.84565,2.83517,2.83599,0,0
2015-06-17,20:00:00,2.83581,2.83802,2.83195,2.83633,0,0
2015-06-17,21:00:00,2.83546,2.85213,2.83123,2.84522,0,0
2015-06-17,22:00:00,2.84485,2.84726,2.8364,2.83887,0,0
2015-06-17,23:00:00,2.83872,2.84152,2.83724,2.83939,0,0
2015-06-17,23:59:00,2.83771,2.84161,2.83619,2.83743,0,0
2015-06-18,01:00:00,2.83739,2.83752,2.82821,2.83194,0,0
2015-06-18,02:00:00,2.83177,2.83392,2.82013,2.8221,0,0
2015-06-18,03:00:00,2.82208,2.82829,2.81893,2.82666,0,0
2015-06-18,04:00:00,2.82665,2.83047,2.82494,2.82824,0,0
2015-06-18,05:00:00,2.82835,2.82998,2.82601,2.82864,0,0
2015-06-18,06:00:00,2.82808,2.82871,2.82236,2.82311,0,0
2015-06-18,07:00:00,2.82311,2.82413,2.81839,2.82413,0,0
2015-06-18,08:00:00,2.82388,2.83263,2.82264,2.83242,0,0
2015-06-18,09:00:00,2.83219,2.84255,2.83066,2.83645,0,0
2015-06-18,10:00:00,2.83621,2.84282,2.83499,2.83674,0,0
2015-06-18,11:00:00,2.83626,2.84699,2.83626,2.84678,0,0
2015-06-18,12:00:00,2.84678,2.86119,2.84428,2.85879,0,0
2015-06-18,13:00:00,2.85898,2.86198,2.85394,2.85807,0,0
2015-06-18,14:00:00,2.85824,2.86164,2.85657,2.85876,0,0
2015-06-18,15:00:00,2.8586,2.86844,2.856,2.86375,0,0
2015-06-18,16:00:00,2.86359,2.86647,2.86156,2.86467,0,0
2015-06-18,17:00:00,2.86461,2.86563,2.8585,2.8624,0,0
2015-06-18,18:00:00,2.86253,2.86974,2.86182,2.86693,0,0
2015-06-18,19:00:00,2.86717,2.87172,2.85851,2.86263,0,0
2015-06-18,20:00:00,2.86284,2.86627,2.86165,2.86353,0,0
2015-06-18,21:00:00,2.8636,2.86438,2.8589,2.86,0,0
2015-06-18,22:00:00,2.86052,2.86436,2.85919,2.86107,0,0
2015-06-18,23:00:00,2.86101,2.86574,2.86101,2.86477,0,0
2015-06-18,23:59:00,2.86637,2.86646,2.86268,2.86473,0,0
2015-06-19,01:00:00,2.86472,2.86475,2.8583,2.86236,0,0
2015-06-19,02:00:00,2.86236,2.86283,2.85726,2.85797,0,0
2015-06-19,03:00:00,2.85824,2.85995,2.85378,2.85928,0,0
2015-06-19,04:00:00,2.85909,2.86051,2.85616,2.85746,0,0
2015-06-19,05:00:00,2.85803,2.8584,2.85442,2.85613,0,0
2015-06-19,06:00:00,2.85622,2.85644,2.85366,2.8541,0,0
2015-06-19,07:00:00,2.8541,2.85467,2.84934,2.8534,0,0
2015-06-19,08:00:00,2.8534,2.85463,2.85134,2.85378,0,0
2015-06-19,09:00:00,2.85369,2.86023,2.85369,2.85694,0,0
2015-06-19,10:00:00,2.85678,2.86177,2.85516,2.85978,0,0
2015-06-19,11:00:00,2.85982,2.86698,2.85798,2.86418,0,0
2015-06-19,12:00:00,2.86423,2.86548,2.85591,2.85904,0,0
2015-06-19,13:00:00,2.85902,2.8654,2.85843,2.86535,0,0
2015-06-19,14:00:00,2.86518,2.86634,2.86218,2.86267,0,0
2015-06-19,15:00:00,2.86201,2.86273,2.85611,2.85815,0,0
2015-06-19,16:00:00,2.85798,2.86739,2.85707,2.86069,0,0
2015-06-19,17:00:00,2.86067,2.86084,2.85607,2.8594,0,0
2015-06-19,18:00:00,2.85934,2.86269,2.85647,2.86143,0,0
2015-06-19,19:00:00,2.86147,2.86271,2.85939,2.8602,0,0
2015-06-19,20:00:00,2.85905,2.86195,2.85688,2.86054,0,0
2015-06-19,21:00:00,2.86054,2.86339,2.85938,2.86238,0,0
2015-06-19,22:00:00,2.86235,2.86597,2.86161,2.86597,0,0
2015-06-19,23:00:00,2.86571,2.86587,2.86537,2.86544,0,0
2015-06-22,01:00:00,2.85445,2.85989,2.85395,2.85681,0,0
2015-06-22,02:00:00,2.8569,2.85738,2.85338,2.85489,0,0
2015-06-22,03:00:00,2.85489,2.85705,2.85334,2.8564,0,0
2015-06-22,04:00:00,2.85596,2.85925,2.85596,2.85733,0,0
2015-06-22,05:00:00,2.85733,2.85896,2.8549,2.85566,0,0
2015-06-22,06:00:00,2.85559,2.85697,2.85345,2.85696,0,0
2015-06-22,07:00:00,2.85696,2.85771,2.85382,2.85447,0,0
2015-06-22,08:00:00,2.85443,2.85732,2.85324,2.85653,0,0
2015-06-22,09:00:00,2.85675,2.85955,2.84695,2.84713,0,0
2015-06-22,10:00:00,2.84701,2.86201,2.84687,2.85514,0,0
2015-06-22,11:00:00,2.85491,2.86204,2.85359,2.86038,0,0
2015-06-22,12:00:00,2.86033,2.86424,2.85257,2.85283,0,0
2015-06-22,13:00:00,2.85256,2.85461,2.8445,2.8477,0,0
2015-06-22,14:00:00,2.84759,2.84987,2.84377,2.84619,0,0
2015-06-22,15:00:00,2.84623,2.85983,2.84545,2.85485,0,0
2015-06-22,16:00:00,2.85498,2.85616,2.85007,2.8511,0,0
2015-06-22,17:00:00,2.84961,2.851,2.83654,2.84014,0,0
2015-06-22,18:00:00,2.84019,2.84148,2.83293,2.83995,0,0
2015-06-22,19:00:00,2.8397,2.84262,2.83526,2.83571,0,0
2015-06-22,20:00:00,2.83547,2.84219,2.83522,2.84184,0,0
2015-06-22,21:00:00,2.84184,2.84213,2.83925,2.84095,0,0
2015-06-22,22:00:00,2.84101,2.84175,2.83953,2.83977,0,0
2015-06-22,23:00:00,2.83973,2.84085,2.83837,2.83879,0,0
2015-06-22,23:59:00,2.83797,2.84309,2.83628,2.84134,0,0
2015-06-23,01:00:00,2.84125,2.84438,2.84044,2.84212,0,0
2015-06-23,02:00:00,2.84227,2.84345,2.83953,2.8431,0,0
2015-06-23,03:00:00,2.8432,2.84695,2.8426,2.84542,0,0
2015-06-23,04:00:00,2.84509,2.84756,2.83999,2.84158,0,0
2015-06-23,05:00:00,2.84145,2.85319,2.84102,2.85033,0,0
2015-06-23,06:00:00,2.85024,2.85275,2.84774,2.84943,0,0
2015-06-23,07:00:00,2.84917,2.85086,2.84527,2.84629,0,0
2015-06-23,08:00:00,2.84649,2.84932,2.84512,2.84873,0,0
2015-06-23,09:00:00,2.84835,2.86336,2.84835,2.86026,0,0
2015-06-23,10:00:00,2.8604,2.86152,2.85187,2.85412,0,0
2015-06-23,11:00:00,2.8543,2.86313,2.854,2.86084,0,0
2015-06-23,12:00:00,2.86127,2.86486,2.85926,2.86371,0,0
2015-06-23,13:00:00,2.86389,2.87167,2.86259,2.86696,0,0
2015-06-23,14:00:00,2.86674,2.87067,2.86397,2.86871,0,0
2015-06-23,15:00:00,2.86868,2.87748,2.86772,2.87345,0,0
2015-06-23,16:00:00,2.87358,2.88093,2.87088,2.8775,0,0
2015-06-23,17:00:00,2.87739,2.87993,2.87078,2.87587,0,0
2015-06-23,18:00:00,2.87477,2.88378,2.87461,2.87921,0,0
2015-06-23,19:00:00,2.87933,2.88186,2.87836,2.87847,0,0
2015-06-23,20:00:00,2.87844,2.87999,2.87644,2.87872,0,0
2015-06-23,21:00:00,2.87876,2.88008,2.87667,2.88008,0,0
2015-06-23,22:00:00,2.87994,2.88353,2.87578,2.8825,0,0
2015-06-23,23:00:00,2.88229,2.8848,2.87828,2.88299,0,0
2015-06-23,23:59:00,2.88318,2.886,2.882,2.88318,0,0
2015-06-24,01:00:00,2.88253,2.88551,2.88253,2.88272,0,0
2015-06-24,02:00:00,2.88272,2.88556,2.88229,2.88425,0,0
2015-06-24,03:00:00,2.88474,2.8911,2.88438,2.88945,0,0
2015-06-24,04:00:00,2.88934,2.89106,2.88427,2.88498,0,0
2015-06-24,05:00:00,2.88498,2.88568,2.88135,2.88179,0,0
2015-06-24,06:00:00,2.88179,2.88445,2.87877,2.87973,0,0
2015-06-24,07:00:00,2.87973,2.88135,2.87551,2.87739,0,0
2015-06-24,08:00:00,2.87732,2.87836,2.87242,2.87497,0,0
2015-06-24,09:00:00,2.87493,2.8774,2.87168,2.87553,0,0
2015-06-24,10:00:00,2.87532,2.87725,2.86796,2.87025,0,0
2015-06-24,11:00:00,2.87073,2.8786,2.87023,2.87753,0,0
2015-06-24,12:00:00,2.87768,2.88678,2.87196,2.8804,0,0
2015-06-24,13:00:00,2.88061,2.88168,2.87587,2.87618,0,0
2015-06-24,14:00:00,2.8759,2.88039,2.87587,2.8769,0,0
2015-06-24,15:00:00,2.87683,2.8826,2.87513,2.87839,0,0
2015-06-24,16:00:00,2.87855,2.87909,2.87115,2.87115,0,0
2015-06-24,17:00:00,2.87123,2.87157,2.86444,2.8667,0,0
2015-06-24,18:00:00,2.86674,2.87089,2.86612,2.87025,0,0
2015-06-24,19:00:00,2.87014,2.87577,2.86406,2.86899,0,0
2015-06-24,20:00:00,2.86899,2.87137,2.86483,2.86689,0,0
2015-06-24,21:00:00,2.86703,2.86881,2.86518,2.86742,0,0
2015-06-24,22:00:00,2.86739,2.86849,2.86546,2.868,0,0
2015-06-24,23:00:00,2.86823,2.86823,2.86525,2.86666,0,0
2015-06-24,23:59:00,2.86663,2.87159,2.86588,2.86858,0,0
2015-06-25,01:00:00,2.86854,2.8697,2.86742,2.86806,0,0
2015-06-25,02:00:00,2.86804,2.87113,2.8679,2.86915,0,0
2015-06-25,03:00:00,2.86904,2.87488,2.86851,2.87449,0,0
2015-06-25,04:00:00,2.87443,2.87785,2.87331,2.87523,0,0
2015-06-25,05:00:00,2.87534,2.87803,2.87445,2.87643,0,0
2015-06-25,06:00:00,2.8769,2.88217,2.87621,2.88101,0,0
2015-06-25,07:00:00,2.88144,2.882,2.87877,2.88136,0,0
2015-06-25,08:00:00,2.88182,2.88401,2.88027,2.88182,0,0
2015-06-25,09:00:00,2.88201,2.88351,2.87705,2.87878,0,0
2015-06-25,10:00:00,2.87895,2.87965,2.87327,2.87888,0,0
2015-06-25,11:00:00,2.87936,2.88566,2.87518,2.88484,0,0
2015-06-25,12:00:00,2.88478,2.89798,2.88348,2.89305,0,0
2015-06-25,13:00:00,2.89276,2.89416,2.87481,2.88373,0,0
2015-06-25,14:00:00,2.88383,2.88744,2.87944,2.88084,0,0
2015-06-25,15:00:00,2.8808,2.88254,2.87748,2.87843,0,0
2015-06-25,16:00:00,2.87866,2.8829,2.87691,2.88079,0,0
2015-06-25,17:00:00,2.88081,2.8852,2.87935,2.88484,0,0
2015-06-25,18:00:00,2.88488,2.8866,2.88316,2.88416,0,0
2015-06-25,19:00:00,2.88405,2.88454,2.88192,2.88236,0,0
2015-06-25,20:00:00,2.88236,2.88523,2.8821,2.88458,0,0
2015-06-25,21:00:00,2.88458,2.88493,2.88269,2.88289,0,0
2015-06-25,22:00:00,2.88307,2.88319,2.8809,2.88186,0,0
2015-06-25,23:00:00,2.88178,2.8825,2.88056,2.88129,0,0
2015-06-25,23:59:00,2.88114,2.88208,2.87897,2.87982,0,0
2015-06-26,01:00:00,2.8798,2.88153,2.87972,2.88116,0,0
2015-06-26,02:00:00,2.88118,2.88133,2.87826,2.87875,0,0
2015-06-26,03:00:00,2.87888,2.88208,2.87663,2.88046,0,0
2015-06-26,04:00:00,2.88067,2.88067,2.8751,2.87726,0,0
2015-06-26,05:00:00,2.87726,2.88195,2.87684,2.87885,0,0
2015-06-26,06:00:00,2.87894,2.88063,2.87562,2.87687,0,0
2015-06-26,07:00:00,2.87674,2.88037,2.87531,2.87798,0,0
2015-06-26,08:00:00,2.87764,2.87896,2.87485,2.87655,0,0
2015-06-26,09:00:00,2.87666,2.87759,2.86811,2.86822,0,0
2015-06-26,10:00:00,2.86808,2.87241,2.86711,2.87128,0,0
2015-06-26,11:00:00,2.87119,2.87296,2.86664,2.87233,0,0
2015-06-26,12:00:00,2.87219,2.87262,2.86318,2.86669,0,0
2015-06-26,13:00:00,2.86641,2.86835,2.86399,2.86596,0,0
2015-06-26,14:00:00,2.86571,2.86683,2.8542,2.85429,0,0
2015-06-26,15:00:00,2.85387,2.85883,2.85337,2.85587,0,0
2015-06-26,16:00:00,2.8566,2.86031,2.85436,2.85475,0,0
2015-06-26,17:00:00,2.85494,2.86451,2.85,2.86451,0,0
2015-06-26,18:00:00,2.86408,2.86623,2.86008,2.86198,0,0
2015-06-26,19:00:00,2.86183,2.86653,2.86172,2.86357,0,0
2015-06-26,20:00:00,2.86367,2.86515,2.86201,2.86378,0,0
2015-06-26,21:00:00,2.86373,2.86454,2.86108,2.86387,0,0
2015-06-26,22:00:00,2.86358,2.86358,2.86098,2.86244,0,0
2015-06-26,23:00:00,2.86263,2.86268,2.86233,2.86238,0,0
2015-06-29,01:00:00,2.90661,2.91195,2.8991,2.90233,0,0
2015-06-29,02:00:00,2.90351,2.91339,2.89938,2.90702,0,0
2015-06-29,03:00:00,2.90664,2.90729,2.89352,2.90034,0,0
2015-06-29,04:00:00,2.90032,2.90809,2.90016,2.90743,0,0
2015-06-29,05:00:00,2.90755,2.92415,2.90594,2.91282,0,0
2015-06-29,06:00:00,2.91288,2.91475,2.90958,2.91184,0,0
2015-06-29,07:00:00,2.91184,2.9138,2.9107,2.91114,0,0
2015-06-29,08:00:00,2.91101,2.91669,2.90413,2.9116,0,0
2015-06-29,09:00:00,2.91207,2.91401,2.89537,2.89858,0,0
2015-06-29,10:00:00,2.89906,2.90386,2.88932,2.8966,0,0
2015-06-29,11:00:00,2.89689,2.89852,2.88129,2.88529,0,0
2015-06-29,12:00:00,2.88528,2.89697,2.88514,2.89187,0,0
2015-06-29,13:00:00,2.89187,2.898,2.88395,2.88724,0,0
2015-06-29,14:00:00,2.887,2.89125,2.88635,2.88805,0,0
2015-06-29,15:00:00,2.88805,2.89141,2.88312,2.8886,0,0
2015-06-29,16:00:00,2.88849,2.88982,2.88338,2.88624,0,0
2015-06-29,17:00:00,2.88535,2.88625,2.87644,2.87764,0,0
2015-06-29,18:00:00,2.87689,2.88155,2.87483,2.8803,0,0
2015-06-29,19:00:00,2.88069,2.88226,2.87361,2.87572,0,0
2015-06-29,20:00:00,2.87555,2.87882,2.86693,2.87406,0,0
2015-06-29,21:00:00,2.87386,2.87485,2.86886,2.87297,0,0
2015-06-29,22:00:00,2.87306,2.87356,2.8682,2.86875,0,0
2015-06-29,23:00:00,2.8684,2.8699,2.86508,2.86744,0,0
2015-06-29,23:59:00,2.86778,2.86927,2.86343,2.86855,0,0
2015-06-30,01:00:00,2.8687,2.87018,2.86695,2.86887,0,0
2015-06-30,02:00:00,2.86885,2.8719,2.86784,2.86817,0,0
2015-06-30,03:00:00,2.86817,2.87023,2.86225,2.86711,0,0
2015-06-30,04:00:00,2.86718,2.87478,2.86363,2.87398,0,0
2015-06-30,05:00:00,2.87286,2.87617,2.86823,2.87447,0,0
2015-06-30,06:00:00,2.87452,2.87583,2.86986,2.87324,0,0
2015-06-30,07:00:00,2.87513,2.87529,2.87217,2.87529,0,0
2015-06-30,08:00:00,2.87522,2.88005,2.87292,2.87893,0,0
2015-06-30,09:00:00,2.8788,2.88451,2.8769,2.88021,0,0
2015-06-30,10:00:00,2.88038,2.88522,2.8771,2.88244,0,0
2015-06-30,11:00:00,2.88255,2.89142,2.87749,2.8909,0,0
2015-06-30,12:00:00,2.89048,2.89157,2.87569,2.87569,0,0
2015-06-30,13:00:00,2.87547,2.88203,2.87078,2.87704,0,0
2015-06-30,14:00:00,2.87693,2.8846,2.87636,2.8846,0,0
2015-06-30,15:00:00,2.88455,2.88455,2.87729,2.88217,0,0
2015-06-30,16:00:00,2.88221,2.88813,2.87849,2.88565,0,0
2015-06-30,17:00:00,2.88567,2.89073,2.88389,2.89017,0,0
2015-06-30,18:00:00,2.88978,2.89613,2.88736,2.89387,0,0
2015-06-30,19:00:00,2.89271,2.90033,2.89112,2.89655,0,0
2015-06-30,20:00:00,2.89655,2.90036,2.89567,2.89779,0,0
2015-06-30,21:00:00,2.89779,2.90361,2.89666,2.9029,0,0
2015-06-30,22:00:00,2.90273,2.90273,2.8992,2.9005,0,0
2015-06-30,23:00:00,2.90079,2.90318,2.89918,2.89999,0,0
2015-06-30,23:59:00,2.89818,2.90101,2.89652,2.89802,0,0
2015-07-01,01:00:00,2.89788,2.89917,2.89483,2.89717,0,0
2015-07-01,02:00:00,2.89717,2.89976,2.89524,2.89657,0,0
2015-07-01,03:00:00,2.89597,2.90322,2.89571,2.90117,0,0
2015-07-01,04:00:00,2.90376,2.90666,2.89778,2.90313,0,0
2015-07-01,05:00:00,2.90313,2.91111,2.90313,2.90723,0,0
2015-07-01,06:00:00,2.90712,2.90978,2.90616,2.90838,0,0
2015-07-01,07:00:00,2.90831,2.90845,2.90266,2.90384,0,0
2015-07-01,08:00:00,2.90397,2.9058,2.90235,2.90558,0,0
2015-07-01,09:00:00,2.90531,2.90935,2.90201,2.90867,0,0
2015-07-01,10:00:00,2.90887,2.91205,2.90561,2.9078,0,0
2015-07-01,11:00:00,2.9077,2.91152,2.89882,2.90089,0,0
2015-07-01,12:00:00,2.90048,2.90363,2.89253,2.90141,0,0
2015-07-01,13:00:00,2.9016,2.90504,2.89777,2.90205,0,0
2015-07-01,14:00:00,2.90206,2.90505,2.8984,2.89905,0,0
2015-07-01,15:00:00,2.8989,2.90075,2.89355,2.89767,0,0
2015-07-01,16:00:00,2.89758,2.899,2.89233,2.89536,0,0
2015-07-01,17:00:00,2.89528,2.9005,2.891,2.891,0,0
2015-07-01,18:00:00,2.89081,2.8991,2.89037,2.89688,0,0
2015-07-01,19:00:00,2.89686,2.89882,2.89383,2.89674,0,0
2015-07-01,20:00:00,2.89706,2.89989,2.89612,2.89885,0,0
2015-07-01,21:00:00,2.89877,2.90022,2.8962,2.89784,0,0
2015-07-01,22:00:00,2.89722,2.90065,2.8971,2.89886,0,0
2015-07-01,23:00:00,2.89843,2.90055,2.89663,2.89731,0,0
2015-07-01,23:59:00,2.89734,2.89898,2.89611,2.89812,0,0
2015-07-02,01:00:00,2.89806,2.8986,2.89351,2.89604,0,0
2015-07-02,02:00:00,2.89608,2.89897,2.89508,2.89813,0,0
2015-07-02,03:00:00,2.89801,2.9012,2.89758,2.9012,0,0
2015-07-02,04:00:00,2.90142,2.9024,2.89103,2.89555,0,0
2015-07-02,05:00:00,2.89529,2.89597,2.88936,2.89079,0,0
2015-07-02,06:00:00,2.89079,2.89586,2.89002,2.89541,0,0
2015-07-02,07:00:00,2.89556,2.89573,2.89217,2.89338,0,0
2015-07-02,08:00:00,2.89345,2.89496,2.89178,2.8942,0,0
2015-07-02,09:00:00,2.89436,2.89671,2.88674,2.88985,0,0
2015-07-02,10:00:00,2.88947,2.89079,2.88383,2.88496,0,0
2015-07-02,11:00:00,2.88513,2.88552,2.87776,2.87858,0,0
2015-07-02,12:00:00,2.87869,2.8809,2.87655,2.87858,0,0
2015-07-02,13:00:00,2.87883,2.88041,2.87619,2.88022,0,0
2015-07-02,14:00:00,2.87995,2.88002,2.87272,2.87401,0,0
2015-07-02,15:00:00,2.87391,2.88321,2.87318,2.87902,0,0
2015-07-02,16:00:00,2.87884,2.88644,2.87863,2.87995,0,0
2015-07-02,17:00:00,2.88013,2.88297,2.87707,2.87951,0,0
2015-07-02,18:00:00,2.87999,2.88427,2.87677,2.88427,0,0
2015-07-02,19:00:00,2.88428,2.88575,2.88261,2.88425,0,0
2015-07-02,20:00:00,2.88405,2.88512,2.88227,2.88377,0,0
2015-07-02,21:00:00,2.88399,2.88492,2.88226,2.88226,0,0
2015-07-02,22:00:00,2.88264,2.88618,2.88264,2.88559,0,0
2015-07-02,23:00:00,2.88601,2.88871,2.88532,2.88629,0,0
2015-07-02,23:59:00,2.88665,2.88855,2.8854,2.88635,0,0
2015-07-03,01:00:00,2.88661,2.88766,2.88539,2.88591,0,0
2015-07-03,02:00:00,2.88591,2.88743,2.88542,2.8865,0,0
2015-07-03,03:00:00,2.88651,2.89041,2.88593,2.8896,0,0
2015-07-03,04:00:00,2.88951,2.89026,2.87069,2.87163,0,0
2015-07-03,05:00:00,2.87171,2.87219,2.86501,2.86609,0,0
2015-07-03,06:00:00,2.86609,2.8672,2.86033,2.8658,0,0
2015-07-03,07:00:00,2.86575,2.86977,2.86431,2.86697,0,0
2015-07-03,08:00:00,2.86721,2.86887,2.86505,2.86685,0,0
2015-07-03,09:00:00,2.86623,2.86694,2.86357,2.86473,0,0
2015-07-03,10:00:00,2.86453,2.86482,2.85239,2.8535,0,0
2015-07-03,11:00:00,2.8535,2.8535,2.84322,2.84425,0,0
2015-07-03,12:00:00,2.84323,2.84641,2.8392,2.84245,0,0
2015-07-03,13:00:00,2.84215,2.84342,2.83351,2.83822,0,0
2015-07-03,14:00:00,2.83818,2.84805,2.83807,2.84422,0,0
2015-07-03,15:00:00,2.84416,2.84724,2.84166,2.84518,0,0
2015-07-03,16:00:00,2.8452,2.8452,2.83788,2.83948,0,0
2015-07-03,17:00:00,2.83936,2.84034,2.83517,2.83727,0,0
2015-07-03,18:00:00,2.83676,2.84157,2.8345,2.84111,0,0
2015-07-03,19:00:00,2.84153,2.84811,2.83574,2.847,0,0
2015-07-03,20:00:00,2.84689,2.84689,2.84054,2.84245,0,0
2015-07-03,21:00:00,2.84245,2.84407,2.84039,2.84112,0,0
2015-07-03,22:00:00,2.84112,2.84403,2.83844,2.84091,0,0
2015-07-03,23:00:00,2.84137,2.84269,2.84041,2.8408,0,0
2015-07-06,01:00:00,2.86307,2.86627,2.8555,2.85864,0,0
2015-07-06,02:00:00,2.85867,2.86171,2.85513,2.86096,0,0
2015-07-06,03:00:00,2.86136,2.86543,2.85854,2.86439,0,0
2015-07-06,04:00:00,2.86445,2.86447,2.85385,2.85612,0,0
2015-07-06,05:00:00,2.85624,2.85636,2.84732,2.85309,0,0
2015-07-06,06:00:00,2.85309,2.85352,2.84816,2.84948,0,0
2015-07-06,07:00:00,2.84963,2.85525,2.84431,2.85395,0,0
2015-07-06,08:00:00,2.8541,2.85545,2.84189,2.84395,0,0
2015-07-06,09:00:00,2.84306,2.85482,2.8429,2.85309,0,0
2015-07-06,10:00:00,2.85334,2.85555,2.84339,2.84339,0,0
2015-07-06,11:00:00,2.84369,2.84897,2.84056,2.84743,0,0
2015-07-06,12:00:00,2.84752,2.853,2.84581,2.85241,0,0
2015-07-06,13:00:00,2.85241,2.85588,2.84741,2.84832,0,0
2015-07-06,14:00:00,2.84806,2.85788,2.84612,2.85747,0,0
2015-07-06,15:00:00,2.85699,2.86186,2.85608,2.85896,0,0
2015-07-06,16:00:00,2.85899,2.86317,2.85853,2.86038,0,0
2015-07-06,17:00:00,2.86161,2.86329,2.85461,2.85862,0,0
2015-07-06,18:00:00,2.85821,2.85932,2.85165,2.85244,0,0
2015-07-06,19:00:00,2.85256,2.85673,2.84801,2.851,0,0
2015-07-06,20:00:00,2.85111,2.85202,2.84899,2.84946,0,0
2015-07-06,21:00:00,2.84965,2.85587,2.84875,2.85419,0,0
2015-07-06,22:00:00,2.854,2.85489,2.85065,2.85206,0,0
2015-07-06,23:00:00,2.85164,2.8522,2.84953,2.85123,0,0
2015-07-06,23:59:00,2.85029,2.85271,2.84948,2.85145,0,0
2015-07-07,01:00:00,2.85152,2.85243,2.84882,2.84882,0,0
2015-07-07,02:00:00,2.84882,2.84947,2.84407,2.84428,0,0
2015-07-07,03:00:00,2.84424,2.84875,2.84424,2.84559,0,0
2015-07-07,04:00:00,2.84559,2.85148,2.8446,2.85084,0,0
2015-07-07,05:00:00,2.85007,2.85257,2.84905,2.84987,0,0
2015-07-07,06:00:00,2.8498,2.85016,2.84518,2.84643,0,0
2015-07-07,07:00:00,2.84645,2.85269,2.84374,2.85107,0,0
2015-07-07,08:00:00,2.85101,2.85451,2.84961,2.85,0,0
2015-07-07,09:00:00,2.84962,2.85714,2.84863,2.85248,0,0
2015-07-07,10:00:00,2.85268,2.85647,2.84275,2.84282,0,0
2015-07-07,11:00:00,2.8422,2.85183,2.83994,2.8512,0,0
2015-07-07,12:00:00,2.85133,2.8521,2.8452,2.8466,0,0
2015-07-07,13:00:00,2.84676,2.84953,2.84214,2.84494,0,0
2015-07-07,14:00:00,2.84541,2.85135,2.84463,2.84901,0,0
2015-07-07,15:00:00,2.84912,2.85519,2.84856,2.85484,0,0
2015-07-07,16:00:00,2.85468,2.85579,2.84541,2.84608,0,0
2015-07-07,17:00:00,2.84716,2.86024,2.84712,2.85974,0,0
2015-07-07,18:00:00,2.85913,2.86262,2.85658,2.86063,0,0
2015-07-07,19:00:00,2.86028,2.86154,2.85486,2.85986,0,0
2015-07-07,20:00:00,2.85991,2.86131,2.85485,2.85725,0,0
2015-07-07,21:00:00,2.8568,2.85777,2.85459,2.8558,0,0
2015-07-07,22:00:00,2.85582,2.8565,2.84365,2.84736,0,0
2015-07-07,23:00:00,2.84711,2.85076,2.84544,2.84779,0,0
2015-07-07,23:59:00,2.84756,2.85572,2.84743,2.85113,0,0
2015-07-08,01:00:00,2.85124,2.85281,2.84986,2.85057,0,0
2015-07-08,02:00:00,2.85057,2.85326,2.84883,2.85201,0,0
2015-07-08,03:00:00,2.85205,2.85387,2.84707,2.84801,0,0
2015-07-08,04:00:00,2.84805,2.84863,2.83617,2.84192,0,0
2015-07-08,05:00:00,2.84158,2.84537,2.84117,2.84421,0,0
2015-07-08,06:00:00,2.84426,2.84429,2.83799,2.84193,0,0
2015-07-08,07:00:00,2.84193,2.8442,2.83388,2.83646,0,0
2015-07-08,08:00:00,2.83642,2.84147,2.83609,2.83747,0,0
2015-07-08,09:00:00,2.83728,2.83962,2.82734,2.83047,0,0
2015-07-08,10:00:00,2.8302,2.83381,2.82635,2.8284,0,0
2015-07-08,11:00:00,2.8273,2.83207,2.82323,2.82832,0,0
2015-07-08,12:00:00,2.82839,2.84052,2.8269,2.83749,0,0
2015-07-08,13:00:00,2.83753,2.84741,2.83618,2.84741,0,0
2015-07-08,14:00:00,2.84719,2.85417,2.84503,2.84579,0,0
2015-07-08,15:00:00,2.84592,2.84656,2.83713,2.84206,0,0
2015-07-08,16:00:00,2.84207,2.84803,2.83788,2.84605,0,0
2015-07-08,17:00:00,2.84607,2.85234,2.84388,2.84611,0,0
2015-07-08,18:00:00,2.84649,2.85071,2.84121,2.84892,0,0
2015-07-08,19:00:00,2.84903,2.85221,2.8472,2.85175,0,0
2015-07-08,20:00:00,2.85107,2.85231,2.84924,2.85071,0,0
2015-07-08,21:00:00,2.85076,2.85212,2.84278,2.84312,0,0
2015-07-08,22:00:00,2.84294,2.84594,2.8426,2.84273,0,0
2015-07-08,23:00:00,2.84275,2.8441,2.84065,2.84304,0,0
2015-07-08,23:59:00,2.84314,2.84393,2.83735,2.83903,0,0
2015-07-09,01:00:00,2.83919,2.84141,2.83868,2.84087,0,0
2015-07-09,02:00:00,2.84122,2.84143,2.83624,2.83768,0,0
2015-07-09,03:00:00,2.83786,2.83797,2.82784,2.83237,0,0
2015-07-09,04:00:00,2.83224,2.85005,2.83073,2.84416,0,0
2015-07-09,05:00:00,2.84408,2.85634,2.84316,2.85045,0,0
2015-07-09,06:00:00,2.85037,2.85539,2.84896,2.85028,0,0
2015-07-09,07:00:00,2.85028,2.85348,2.84674,2.85348,0,0
2015-07-09,08:00:00,2.85342,2.85698,2.85229,2.85536,0,0
2015-07-09,09:00:00,2.85549,2.85789,2.85187,2.85192,0,0
2015-07-09,10:00:00,2.85199,2.86479,2.85111,2.85863,0,0
2015-07-09,11:00:00,2.85872,2.86082,2.85238,2.85345,0,0
2015-07-09,12:00:00,2.8534,2.85422,2.84114,2.84347,0,0
2015-07-09,13:00:00,2.84368,2.84561,2.83688,2.84367,0,0
2015-07-09,14:00:00,2.84334,2.84652,2.83764,2.83764,0,0
2015-07-09,15:00:00,2.83807,2.8486,2.83807,2.84694,0,0
2015-07-09,16:00:00,2.84697,2.84856,2.84097,2.84107,0,0
2015-07-09,17:00:00,2.84115,2.84172,2.83534,2.83717,0,0
2015-07-09,18:00:00,2.83793,2.84923,2.83793,2.84772,0,0
2015-07-09,19:00:00,2.84751,2.85145,2.84611,2.85086,0,0
2015-07-09,20:00:00,2.85092,2.85106,2.84688,2.84984,0,0
2015-07-09,21:00:00,2.85006,2.85039,2.846,2.849,0,0
2015-07-09,22:00:00,2.849,2.849,2.84367,2.84749,0,0
2015-07-09,23:00:00,2.848,2.85198,2.84463,2.84574,0,0
2015-07-09,23:59:00,2.84581,2.84805,2.84332,2.84396,0,0
2015-07-10,01:00:00,2.84345,2.8469,2.83911,2.84032,0,0
2015-07-10,02:00:00,2.84047,2.84473,2.83814,2.84334,0,0
2015-07-10,03:00:00,2.84334,2.84679,2.84102,2.84504,0,0
2015-07-10,04:00:00,2.84504,2.84882,2.84323,2.84429,0,0
2015-07-10,05:00:00,2.84398,2.84914,2.84301,2.84558,0,0
2015-07-10,06:00:00,2.84554,2.84641,2.84248,2.84512,0,0
2015-07-10,07:00:00,2.84515,2.84593,2.84259,2.84259,0,0
2015-07-10,08:00:00,2.84259,2.84293,2.83592,2.83749,0,0
2015-07-10,09:00:00,2.83758,2.83758,2.82077,2.82423,0,0
2015-07-10,10:00:00,2.82379,2.82802,2.81281,2.81766,0,0
2015-07-10,11:00:00,2.81746,2.81893,2.80915,2.8093,0,0
2015-07-10,12:00:00,2.80874,2.8094,2.7985,2.80252,0,0
2015-07-10,13:00:00,2.80233,2.80314,2.79427,2.79427,0,0
2015-07-10,14:00:00,2.79451,2.7952,2.78773,2.78973,0,0
2015-07-10,15:00:00,2.78967,2.7902,2.77781,2.77846,0,0
2015-07-10,16:00:00,2.77827,2.78082,2.76782,2.771,0,0
2015-07-10,17:00:00,2.77048,2.77406,2.76831,2.7709,0,0
2015-07-10,18:00:00,2.77082,2.78047,2.76946,2.77962,0,0
2015-07-10,19:00:00,2.77987,2.78505,2.77885,2.78498,0,0
2015-07-10,20:00:00,2.78454,2.78495,2.78088,2.78219,0,0
2015-07-10,21:00:00,2.78234,2.79025,2.78108,2.78985,0,0
2015-07-10,22:00:00,2.78998,2.79288,2.78734,2.78848,0,0
2015-07-10,23:00:00,2.7888,2.78907,2.78769,2.78804,0,0
2015-07-13,01:00:00,2.78711,2.79409,2.78546,2.79091,0,0
2015-07-13,02:00:00,2.79102,2.79397,2.7865,2.7865,0,0
2015-07-13,03:00:00,2.78618,2.79002,2.78337,2.79001,0,0
2015-07-13,04:00:00,2.79001,2.79466,2.78769,2.78979,0,0
2015-07-13,05:00:00,2.78929,2.79588,2.78929,2.79585,0,0
2015-07-13,06:00:00,2.79585,2.80045,2.79208,2.79262,0,0
2015-07-13,07:00:00,2.79251,2.79505,2.7901,2.79369,0,0
2015-07-13,08:00:00,2.79379,2.7947,2.78846,2.78969,0,0
2015-07-13,09:00:00,2.78998,2.79744,2.76863,2.77634,0,0
2015-07-13,10:00:00,2.77534,2.78575,2.77038,2.77759,0,0
2015-07-13,11:00:00,2.77741,2.7882,2.77548,2.7879,0,0
2015-07-13,12:00:00,2.78869,2.78963,2.78251,2.78796,0,0
2015-07-13,13:00:00,2.7877,2.79473,2.78582,2.78627,0,0
2015-07-13,14:00:00,2.78666,2.78838,2.7799,2.78372,0,0
2015-07-13,15:00:00,2.78336,2.78849,2.77707,2.77805,0,0
2015-07-13,16:00:00,2.7781,2.78216,2.77431,2.77997,0,0
2015-07-13,17:00:00,2.77914,2.77914,2.76807,2.77549,0,0
2015-07-13,18:00:00,2.77532,2.78259,2.77253,2.7822,0,0
2015-07-13,19:00:00,2.7822,2.78565,2.78111,2.78499,0,0
2015-07-13,20:00:00,2.78522,2.78551,2.78179,2.78466,0,0
2015-07-13,21:00:00,2.78476,2.78717,2.78332,2.78717,0,0
2015-07-13,22:00:00,2.78789,2.78817,2.78554,2.78753,0,0
2015-07-13,23:00:00,2.78765,2.78781,2.78354,2.78497,0,0
2015-07-13,23:59:00,2.78474,2.78709,2.78151,2.78278,0,0
2015-07-14,01:00:00,2.78267,2.78405,2.78032,2.78053,0,0
2015-07-14,02:00:00,2.78057,2.78549,2.78001,2.78452,0,0
2015-07-14,03:00:00,2.78438,2.78937,2.78319,2.78919,0,0
2015-07-14,04:00:00,2.78891,2.79547,2.78423,2.79276,0,0
2015-07-14,05:00:00,2.7929,2.79509,2.79098,2.79315,0,0
2015-07-14,06:00:00,2.7932,2.79613,2.79077,2.79104,0,0
2015-07-14,07:00:00,2.79104,2.79425,2.79104,2.7918,0,0
2015-07-14,08:00:00,2.79176,2.79498,2.78956,2.79498,0,0
2015-07-14,09:00:00,2.79494,2.80639,2.79282,2.80488,0,0
2015-07-14,10:00:00,2.8049,2.80631,2.79983,2.8025,0,0
2015-07-14,11:00:00,2.80251,2.80379,2.79157,2.79518,0,0
2015-07-14,12:00:00,2.79517,2.7985,2.79215,2.79287,0,0
2015-07-14,13:00:00,2.79291,2.8021,2.79265,2.80052,0,0
2015-07-14,14:00:00,2.80029,2.80168,2.79685,2.79903,0,0
2015-07-14,15:00:00,2.79938,2.80426,2.7953,2.79913,0,0
2015-07-14,16:00:00,2.79898,2.80358,2.7969,2.79971,0,0
2015-07-14,17:00:00,2.79959,2.80442,2.79735,2.80036,0,0
2015-07-14,18:00:00,2.80066,2.80159,2.79314,2.79419,0,0
2015-07-14,19:00:00,2.79447,2.79916,2.7942,2.79725,0,0
2015-07-14,20:00:00,2.79725,2.79761,2.79331,2.79575,0,0
2015-07-14,21:00:00,2.79592,2.79636,2.79377,2.79478,0,0
2015-07-14,22:00:00,2.7951,2.79715,2.79412,2.79643,0,0
2015-07-14,23:00:00,2.79621,2.79745,2.79463,2.79558,0,0
2015-07-14,23:59:00,2.79544,2.79724,2.79435,2.79598,0,0
2015-07-15,01:00:00,2.79572,2.79607,2.79427,2.7945,0,0
2015-07-15,02:00:00,2.79453,2.79573,2.79307,2.79452,0,0
2015-07-15,03:00:00,2.79437,2.80123,2.79358,2.79709,0,0
2015-07-15,04:00:00,2.79772,2.80564,2.79623,2.79988,0,0
2015-07-15,05:00:00,2.80156,2.81154,2.80156,2.80606,0,0
2015-07-15,06:00:00,2.8061,2.80691,2.80243,2.80349,0,0
2015-07-15,07:00:00,2.80354,2.80636,2.80221,2.80468,0,0
2015-07-15,08:00:00,2.80468,2.80597,2.80025,2.80453,0,0
2015-07-15,09:00:00,2.80467,2.80669,2.80194,2.80384,0,0
2015-07-15,10:00:00,2.80402,2.80633,2.8011,2.80183,0,0
2015-07-15,11:00:00,2.80173,2.80173,2.79157,2.79376,0,0
2015-07-15,12:00:00,2.79348,2.79803,2.79342,2.79394,0,0
2015-07-15,13:00:00,2.79396,2.79696,2.79216,2.79509,0,0
2015-07-15,14:00:00,2.79509,2.80051,2.79377,2.79944,0,0
2015-07-15,15:00:00,2.79946,2.80407,2.79795,2.80246,0,0
2015-07-15,16:00:00,2.80229,2.80373,2.79572,2.79939,0,0
2015-07-15,17:00:00,2.79945,2.79945,2.78902,2.79265,0,0
2015-07-15,18:00:00,2.79272,2.79493,2.77502,2.7756,0,0
2015-07-15,19:00:00,2.77587,2.78075,2.77077,2.77973,0,0
2015-07-15,20:00:00,2.7795,2.78372,2.77884,2.78079,0,0
2015-07-15,21:00:00,2.78087,2.78293,2.78052,2.78143,0,0
2015-07-15,22:00:00,2.78133,2.78436,2.78095,2.78267,0,0
2015-07-15,23:00:00,2.78265,2.78467,2.78167,2.78312,0,0
2015-07-15,23:59:00,2.78283,2.78552,2.78182,2.78536,0,0
2015-07-16,01:00:00,2.78455,2.78701,2.78097,2.78242,0,0
2015-07-16,02:00:00,2.78232,2.78474,2.78124,2.78305,0,0
2015-07-16,03:00:00,2.78343,2.78606,2.78122,2.78374,0,0
2015-07-16,04:00:00,2.78389,2.78603,2.78169,2.78573,0,0
2015-07-16,05:00:00,2.78569,2.78688,2.78308,2.78609,0,0
2015-07-16,06:00:00,2.78606,2.78789,2.78317,2.78465,0,0
2015-07-16,07:00:00,2.78458,2.78508,2.77958,2.78117,0,0
2015-07-16,08:00:00,2.78101,2.78376,2.77754,2.77974,0,0
2015-07-16,09:00:00,2.77949,2.78853,2.77879,2.78599,0,0
2015-07-16,10:00:00,2.78645,2.78677,2.77649,2.78325,0,0
2015-07-16,11:00:00,2.78336,2.78866,2.78049,2.78487,0,0
2015-07-16,12:00:00,2.78496,2.78964,2.78329,2.78918,0,0
2015-07-16,13:00:00,2.78927,2.7969,2.78754,2.79416,0,0
2015-07-16,14:00:00,2.79415,2.79624,2.78994,2.79249,0,0
2015-07-16,15:00:00,2.79252,2.79936,2.78885,2.79936,0,0
2015-07-16,16:00:00,2.79922,2.80433,2.79565,2.79694,0,0
2015-07-16,17:00:00,2.79745,2.80121,2.79657,2.79786,0,0
2015-07-16,18:00:00,2.79765,2.80448,2.79765,2.80361,0,0
2015-07-16,19:00:00,2.8036,2.80877,2.80304,2.80558,0,0
2015-07-16,20:00:00,2.80583,2.80666,2.79895,2.79957,0,0
2015-07-16,21:00:00,2.79976,2.80169,2.79834,2.79921,0,0
2015-07-16,22:00:00,2.79936,2.80102,2.79779,2.79846,0,0
2015-07-16,23:00:00,2.7988,2.80086,2.79799,2.80069,0,0
2015-07-16,23:59:00,2.80065,2.80272,2.79867,2.79999,0,0
2015-07-17,01:00:00,2.80004,2.80292,2.79993,2.80149,0,0
2015-07-17,02:00:00,2.80149,2.80221,2.79945,2.80156,0,0
2015-07-17,03:00:00,2.80152,2.8036,2.80004,2.80127,0,0
2015-07-17,04:00:00,2.80123,2.80339,2.79994,2.8005,0,0
2015-07-17,05:00:00,2.80049,2.80218,2.80017,2.80146,0,0
2015-07-17,06:00:00,2.80141,2.80204,2.79688,2.79742,0,0
2015-07-17,07:00:00,2.79756,2.8013,2.7957,2.80108,0,0
2015-07-17,08:00:00,2.80112,2.80191,2.79925,2.80132,0,0
2015-07-17,09:00:00,2.80109,2.8018,2.79537,2.79674,0,0
2015-07-17,10:00:00,2.79665,2.79943,2.78955,2.79067,0,0
2015-07-17,11:00:00,2.79064,2.79315,2.78509,2.78668,0,0
2015-07-17,12:00:00,2.78658,2.7874,2.78226,2.78565,0,0
2015-07-17,13:00:00,2.78564,2.78922,2.78413,2.78613,0,0
2015-07-17,14:00:00,2.78632,2.79099,2.78556,2.78975,0,0
2015-07-17,15:00:00,2.78983,2.79338,2.78749,2.78973,0,0
2015-07-17,16:00:00,2.78973,2.79247,2.78744,2.79216,0,0
2015-07-17,17:00:00,2.79295,2.79411,2.78967,2.79333,0,0
2015-07-17,18:00:00,2.79337,2.79565,2.79031,2.79098,0,0
2015-07-17,19:00:00,2.79118,2.79464,2.79086,2.79258,0,0
2015-07-17,20:00:00,2.79339,2.79515,2.7922,2.79413,0,0
2015-07-17,21:00:00,2.79413,2.79542,2.79319,2.79479,0,0
2015-07-17,22:00:00,2.79474,2.79739,2.79394,2.79726,0,0
2015-07-17,23:00:00,2.79745,2.79745,2.79723,2.79727,0,0
2015-07-20,01:00:00,2.79578,2.79617,2.79283,2.79437,0,0
2015-07-20,02:00:00,2.79508,2.79607,2.79194,2.79401,0,0
2015-07-20,03:00:00,2.79412,2.79736,2.79172,2.79599,0,0
2015-07-20,04:00:00,2.79587,2.79753,2.79018,2.79199,0,0
2015-07-20,05:00:00,2.79141,2.79449,2.78472,2.78627,0,0
2015-07-20,06:00:00,2.78553,2.78816,2.78318,2.78657,0,0
2015-07-20,07:00:00,2.78643,2.79284,2.78571,2.79223,0,0
2015-07-20,08:00:00,2.79225,2.79447,2.78976,2.79401,0,0
2015-07-20,09:00:00,2.79357,2.80077,2.79304,2.80041,0,0
2015-07-20,10:00:00,2.80277,2.80321,2.79376,2.79582,0,0
2015-07-20,11:00:00,2.79505,2.79527,2.79083,2.79386,0,0
2015-07-20,12:00:00,2.79335,2.80285,2.79268,2.79556,0,0
2015-07-20,13:00:00,2.79605,2.80226,2.79605,2.79999,0,0
2015-07-20,14:00:00,2.80046,2.80444,2.79981,2.80072,0,0
2015-07-20,15:00:00,2.80058,2.80506,2.79821,2.80363,0,0
2015-07-20,16:00:00,2.80308,2.80831,2.79568,2.79649,0,0
2015-07-20,17:00:00,2.79618,2.80329,2.79419,2.80022,0,0
2015-07-20,18:00:00,2.80021,2.80696,2.79992,2.80593,0,0
2015-07-20,19:00:00,2.80545,2.80658,2.80404,2.80587,0,0
2015-07-20,20:00:00,2.80624,2.80713,2.80479,2.80647,0,0
2015-07-20,21:00:00,2.80651,2.80895,2.80651,2.8077,0,0
2015-07-20,22:00:00,2.8078,2.80922,2.8063,2.80692,0,0
2015-07-20,23:00:00,2.80689,2.81192,2.80689,2.80857,0,0
2015-07-20,23:59:00,2.80813,2.81019,2.80718,2.80821,0,0
