Date,Time,Open,High,Low,Close,Volume,OpenInt
2015-04-22,01:00:00,0.77152,0.77204,0.7712,0.77164,0,0
2015-04-22,02:00:00,0.77164,0.77172,0.77107,0.77126,0,0
2015-04-22,03:00:00,0.77126,0.77168,0.77064,0.77155,0,0
2015-04-22,04:00:00,0.77155,0.77726,0.77116,0.77608,0,0
2015-04-22,05:00:00,0.77614,0.77706,0.77576,0.77625,0,0
2015-04-22,06:00:00,0.77625,0.77658,0.77536,0.77591,0,0
2015-04-22,07:00:00,0.77585,0.77744,0.77575,0.7772,0,0
2015-04-22,08:00:00,0.7772,0.77778,0.77667,0.77674,0,0
2015-04-22,09:00:00,0.77671,0.77842,0.77619,0.77766,0,0
2015-04-22,10:00:00,0.77768,0.77878,0.77755,0.77807,0,0
2015-04-22,11:00:00,0.77807,0.78034,0.77706,0.77955,0,0
2015-04-22,12:00:00,0.77957,0.78068,0.77947,0.78026,0,0
2015-04-22,13:00:00,0.78026,0.7806,0.77915,0.77928,0,0
2015-04-22,14:00:00,0.77929,0.77975,0.77773,0.77797,0,0
2015-04-22,15:00:00,0.77795,0.77935,0.77711,0.77769,0,0
2015-04-22,16:00:00,0.77772,0.77772,0.77591,0.7771,0,0
2015-04-22,17:00:00,0.77705,0.77708,0.77466,0.77621,0,0
2015-04-22,18:00:00,0.77614,0.77716,0.77535,0.77701,0,0
2015-04-22,19:00:00,0.77701,0.77723,0.7763,0.77684,0,0
2015-04-22,20:00:00,0.77683,0.77774,0.77682,0.77712,0,0
2015-04-22,21:00:00,0.77712,0.77752,0.77682,0.77723,0,0
2015-04-22,22:00:00,0.77724,0.77737,0.77613,0.77643,0,0
2015-04-22,23:00:00,0.77644,0.77644,0.77507,0.77558,0,0
2015-04-22,23:59:00,0.77557,0.77589,0.7745,0.77486,0,0
2015-04-23,01:00:00,0.77485,0.77492,0.77421,0.7746,0,0
2015-04-23,02:00:00,0.77461,0.77547,0.77456,0.77467,0,0
2015-04-23,03:00:00,0.77457,0.77487,0.77195,0.77339,0,0
2015-04-23,04:00:00,0.7734,0.77449,0.77201,0.77318,0,0
2015-04-23,05:00:00,0.7732,0.77422,0.77206,0.77277,0,0
2015-04-23,06:00:00,0.77293,0.77479,0.77271,0.77468,0,0
2015-04-23,07:00:00,0.77479,0.77596,0.77456,0.77573,0,0
2015-04-23,08:00:00,0.77571,0.77638,0.77461,0.77468,0,0
2015-04-23,09:00:00,0.7747,0.77501,0.77266,0.77284,0,0
2015-04-23,10:00:00,0.77278,0.7735,0.77229,0.7733,0,0
2015-04-23,11:00:00,0.77331,0.77437,0.77307,0.77367,0,0
2015-04-23,12:00:00,0.77363,0.7739,0.77212,0.77239,0,0
2015-04-23,13:00:00,0.77239,0.77314,0.77112,0.77234,0,0
2015-04-23,14:00:00,0.77228,0.7739,0.77169,0.77318,0,0
2015-04-23,15:00:00,0.77325,0.77348,0.77174,0.77257,0,0
2015-04-23,16:00:00,0.77257,0.77392,0.77223,0.77383,0,0
2015-04-23,17:00:00,0.77379,0.7774,0.77375,0.77679,0,0
2015-04-23,18:00:00,0.7769,0.77842,0.77654,0.77818,0,0
2015-04-23,19:00:00,0.7782,0.77894,0.77788,0.77806,0,0
2015-04-23,20:00:00,0.77809,0.77903,0.77794,0.77831,0,0
2015-04-23,21:00:00,0.77829,0.77844,0.77753,0.77781,0,0
2015-04-23,22:00:00,0.77783,0.77813,0.77752,0.77805,0,0
2015-04-23,23:00:00,0.77802,0.77884,0.77778,0.77786,0,0
2015-04-23,23:59:00,0.77786,0.77832,0.7777,0.77806,0,0
2015-04-24,01:00:00,0.77806,0.77818,0.77744,0.77764,0,0
2015-04-24,02:00:00,0.77764,0.7779,0.77712,0.77756,0,0
2015-04-24,03:00:00,0.77755,0.77967,0.77713,0.77927,0,0
2015-04-24,04:00:00,0.77933,0.77958,0.77751,0.77751,0,0
2015-04-24,05:00:00,0.77748,0.77784,0.77668,0.77687,0,0
2015-04-24,06:00:00,0.77687,0.77773,0.77646,0.77731,0,0
2015-04-24,07:00:00,0.7773,0.77777,0.777,0.77767,0,0
2015-04-24,08:00:00,0.7776,0.77814,0.77735,0.77778,0,0
2015-04-24,09:00:00,0.77779,0.78138,0.77711,0.78093,0,0
2015-04-24,10:00:00,0.78095,0.78122,0.77963,0.78058,0,0
2015-04-24,11:00:00,0.78057,0.78168,0.77839,0.77896,0,0
2015-04-24,12:00:00,0.77895,0.77895,0.77805,0.77859,0,0
2015-04-24,13:00:00,0.77872,0.77896,0.77737,0.77796,0,0
2015-04-24,14:00:00,0.77799,0.77923,0.77711,0.77915,0,0
2015-04-24,15:00:00,0.77915,0.7818,0.77909,0.78038,0,0
2015-04-24,16:00:00,0.78038,0.78189,0.77963,0.77986,0,0
2015-04-24,17:00:00,0.77989,0.78227,0.77937,0.78217,0,0
2015-04-24,18:00:00,0.7822,0.78407,0.7822,0.78239,0,0
2015-04-24,19:00:00,0.78239,0.78306,0.78125,0.78147,0,0
2015-04-24,20:00:00,0.78149,0.78238,0.78134,0.78215,0,0
2015-04-24,21:00:00,0.78214,0.78281,0.78181,0.78267,0,0
2015-04-24,22:00:00,0.78272,0.78285,0.78166,0.78257,0,0
2015-04-24,23:00:00,0.78257,0.78281,0.78257,0.78281,0,0
2015-04-27,01:00:00,0.78265,0.78271,0.78192,0.7825,0,0
2015-04-27,02:00:00,0.7825,0.78364,0.7824,0.78298,0,0
2015-04-27,03:00:00,0.78298,0.78372,0.78237,0.7826,0,0
2015-04-27,04:00:00,0.7825,0.78335,0.78227,0.78274,0,0
2015-04-27,05:00:00,0.78274,0.78354,0.78242,0.78254,0,0
2015-04-27,06:00:00,0.78251,0.78251,0.781,0.78138,0,0
2015-04-27,07:00:00,0.78133,0.78193,0.78116,0.78171,0,0
2015-04-27,08:00:00,0.78172,0.78331,0.78146,0.78272,0,0
2015-04-27,09:00:00,0.78272,0.78295,0.77966,0.77991,0,0
2015-04-27,10:00:00,0.77991,0.7822,0.77919,0.78145,0,0
2015-04-27,11:00:00,0.7814,0.78175,0.7802,0.7812,0,0
2015-04-27,12:00:00,0.78121,0.78244,0.78039,0.78159,0,0
2015-04-27,13:00:00,0.78159,0.78173,0.78088,0.7817,0,0
2015-04-27,14:00:00,0.78176,0.78182,0.78069,0.78126,0,0
2015-04-27,15:00:00,0.78124,0.78155,0.78041,0.78121,0,0
2015-04-27,16:00:00,0.78121,0.7828,0.78096,0.7828,0,0
2015-04-27,17:00:00,0.78277,0.78666,0.78277,0.78639,0,0
2015-04-27,18:00:00,0.78632,0.78696,0.78541,0.78573,0,0
2015-04-27,19:00:00,0.78574,0.78721,0.78573,0.78578,0,0
2015-04-27,20:00:00,0.78585,0.78668,0.7852,0.78521,0,0
2015-04-27,21:00:00,0.78524,0.78639,0.78471,0.78521,0,0
2015-04-27,22:00:00,0.78535,0.78583,0.78477,0.78514,0,0
2015-04-27,23:00:00,0.78514,0.78594,0.78484,0.78594,0,0
2015-04-27,23:59:00,0.78586,0.78586,0.78484,0.7849,0,0
2015-04-28,01:00:00,0.78493,0.78635,0.78347,0.78545,0,0
2015-04-28,02:00:00,0.78544,0.78696,0.78536,0.78656,0,0
2015-04-28,03:00:00,0.78659,0.7869,0.78621,0.78637,0,0
2015-04-28,04:00:00,0.78636,0.78717,0.78594,0.78688,0,0
2015-04-28,05:00:00,0.78682,0.78711,0.78635,0.7871,0,0
2015-04-28,06:00:00,0.7871,0.78744,0.78624,0.78636,0,0
2015-04-28,07:00:00,0.7864,0.78713,0.7859,0.78678,0,0
2015-04-28,08:00:00,0.78679,0.78817,0.78669,0.78794,0,0
2015-04-28,09:00:00,0.78796,0.78881,0.78732,0.7874,0,0
2015-04-28,10:00:00,0.7874,0.7892,0.78663,0.78832,0,0
2015-04-28,11:00:00,0.78829,0.79008,0.78773,0.78985,0,0
2015-04-28,12:00:00,0.78982,0.79196,0.78967,0.79174,0,0
2015-04-28,13:00:00,0.79173,0.79427,0.79107,0.79422,0,0
2015-04-28,14:00:00,0.79424,0.79708,0.79365,0.79505,0,0
2015-04-28,15:00:00,0.79504,0.79598,0.79439,0.79549,0,0
2015-04-28,16:00:00,0.79542,0.79803,0.79521,0.79735,0,0
2015-04-28,17:00:00,0.79735,0.80075,0.79735,0.80021,0,0
2015-04-28,18:00:00,0.80015,0.80179,0.80006,0.80153,0,0
2015-04-28,19:00:00,0.80151,0.80155,0.80032,0.80083,0,0
2015-04-28,20:00:00,0.80082,0.80248,0.80053,0.80202,0,0
2015-04-28,21:00:00,0.80202,0.80214,0.80122,0.80142,0,0
2015-04-28,22:00:00,0.80152,0.80155,0.80084,0.80144,0,0
2015-04-28,23:00:00,0.80146,0.80277,0.80133,0.80218,0,0
2015-04-28,23:59:00,0.80243,0.80243,0.80173,0.80229,0,0
2015-04-29,01:00:00,0.80229,0.8026,0.80125,0.80182,0,0
2015-04-29,02:00:00,0.80181,0.80182,0.79942,0.79966,0,0
2015-04-29,03:00:00,0.79966,0.80155,0.79884,0.80129,0,0
2015-04-29,04:00:00,0.80129,0.80129,0.79916,0.79938,0,0
2015-04-29,05:00:00,0.79936,0.79959,0.79827,0.79856,0,0
2015-04-29,06:00:00,0.79855,0.79948,0.79795,0.79906,0,0
2015-04-29,07:00:00,0.79908,0.79909,0.79833,0.79863,0,0
2015-04-29,08:00:00,0.79869,0.79977,0.79848,0.79948,0,0
2015-04-29,09:00:00,0.79947,0.80058,0.79892,0.80035,0,0
2015-04-29,10:00:00,0.80033,0.80033,0.79889,0.7995,0,0
2015-04-29,11:00:00,0.79952,0.79956,0.79867,0.79878,0,0
2015-04-29,12:00:00,0.79875,0.79929,0.79772,0.79794,0,0
2015-04-29,13:00:00,0.7979,0.79889,0.79769,0.79845,0,0
2015-04-29,14:00:00,0.79847,0.80008,0.79837,0.79916,0,0
2015-04-29,15:00:00,0.79915,0.80377,0.79902,0.80098,0,0
2015-04-29,16:00:00,0.80125,0.80498,0.80086,0.80489,0,0
2015-04-29,17:00:00,0.80488,0.80747,0.80455,0.80576,0,0
2015-04-29,18:00:00,0.80576,0.80706,0.80457,0.8064,0,0
2015-04-29,19:00:00,0.80642,0.80728,0.80557,0.80563,0,0
2015-04-29,20:00:00,0.80566,0.80669,0.80442,0.80561,0,0
2015-04-29,21:00:00,0.80582,0.8059,0.80079,0.80346,0,0
2015-04-29,22:00:00,0.8037,0.8037,0.80183,0.80196,0,0
2015-04-29,23:00:00,0.80196,0.80277,0.80076,0.80076,0,0
2015-04-29,23:59:00,0.80073,0.80117,0.79804,0.79939,0,0
2015-04-30,01:00:00,0.79944,0.80035,0.79939,0.79974,0,0
2015-04-30,02:00:00,0.79972,0.80005,0.79924,0.79953,0,0
2015-04-30,03:00:00,0.79946,0.80166,0.79939,0.80157,0,0
2015-04-30,04:00:00,0.80157,0.80224,0.79913,0.79946,0,0
2015-04-30,05:00:00,0.79938,0.80012,0.79843,0.79976,0,0
2015-04-30,06:00:00,0.79979,0.80001,0.79902,0.79978,0,0
2015-04-30,07:00:00,0.79978,0.80074,0.79833,0.79963,0,0
2015-04-30,08:00:00,0.79963,0.79973,0.7975,0.79816,0,0
2015-04-30,09:00:00,0.79816,0.79816,0.79614,0.79711,0,0
2015-04-30,10:00:00,0.79711,0.79766,0.79314,0.79537,0,0
2015-04-30,11:00:00,0.79535,0.79654,0.79392,0.79408,0,0
2015-04-30,12:00:00,0.794,0.79409,0.79243,0.79349,0,0
2015-04-30,13:00:00,0.79344,0.79385,0.79041,0.79178,0,0
2015-04-30,14:00:00,0.79169,0.79222,0.79084,0.79196,0,0
2015-04-30,15:00:00,0.79193,0.79254,0.78918,0.79016,0,0
2015-04-30,16:00:00,0.79008,0.79031,0.78689,0.78815,0,0
2015-04-30,17:00:00,0.78814,0.78934,0.78743,0.78865,0,0
2015-04-30,18:00:00,0.78866,0.78919,0.78633,0.78664,0,0
2015-04-30,19:00:00,0.78667,0.78973,0.78656,0.78961,0,0
2015-04-30,20:00:00,0.78972,0.79014,0.78912,0.7899,0,0
2015-04-30,21:00:00,0.78982,0.79156,0.78972,0.79154,0,0
2015-04-30,22:00:00,0.79163,0.79197,0.79005,0.79147,0,0
2015-04-30,23:00:00,0.79143,0.79165,0.79041,0.79052,0,0
2015-04-30,23:59:00,0.79053,0.79186,0.7901,0.79011,0,0
2015-05-01,01:00:00,0.79017,0.79056,0.78947,0.78988,0,0
2015-05-01,02:00:00,0.78989,0.79073,0.78976,0.78976,0,0
2015-05-01,03:00:00,0.78974,0.78989,0.78852,0.78891,0,0
2015-05-01,04:00:00,0.78922,0.78996,0.78852,0.78854,0,0
2015-05-01,05:00:00,0.78854,0.78933,0.78739,0.7891,0,0
2015-05-01,06:00:00,0.7891,0.78963,0.78868,0.78929,0,0
2015-05-01,07:00:00,0.78928,0.78932,0.78857,0.78891,0,0
2015-05-01,08:00:00,0.78891,0.79033,0.78833,0.79002,0,0
2015-05-01,09:00:00,0.79003,0.79049,0.7874,0.78754,0,0
2015-05-01,10:00:00,0.78751,0.7888,0.78638,0.78862,0,0
2015-05-01,11:00:00,0.78864,0.7896,0.78791,0.78908,0,0
2015-05-01,12:00:00,0.78891,0.79,0.78736,0.78736,0,0
2015-05-01,13:00:00,0.78737,0.78892,0.78687,0.78892,0,0
2015-05-01,14:00:00,0.7889,0.78921,0.78752,0.78755,0,0
2015-05-01,15:00:00,0.78757,0.78821,0.78498,0.78578,0,0
2015-05-01,16:00:00,0.7858,0.7868,0.78547,0.78641,0,0
2015-05-01,17:00:00,0.78632,0.78735,0.78202,0.7835,0,0
2015-05-01,18:00:00,0.78352,0.78369,0.78088,0.78132,0,0
2015-05-01,19:00:00,0.78125,0.7826,0.78038,0.78186,0,0
2015-05-01,20:00:00,0.78186,0.7835,0.7818,0.78288,0,0
2015-05-01,21:00:00,0.7829,0.78353,0.78206,0.78229,0,0
2015-05-01,22:00:00,0.78248,0.78418,0.78242,0.78376,0,0
2015-05-01,23:00:00,0.78376,0.7839,0.78371,0.78384,0,0
2015-05-04,01:00:00,0.7834,0.7845,0.78293,0.78301,0,0
2015-05-04,02:00:00,0.78306,0.78349,0.78267,0.78269,0,0
2015-05-04,03:00:00,0.78275,0.78275,0.78094,0.78118,0,0
2015-05-04,04:00:00,0.78118,0.78376,0.78031,0.78181,0,0
2015-05-04,05:00:00,0.78181,0.78293,0.78085,0.78245,0,0
2015-05-04,06:00:00,0.78244,0.78329,0.78221,0.78328,0,0
2015-05-04,07:00:00,0.78328,0.78345,0.78225,0.78235,0,0
2015-05-04,08:00:00,0.78235,0.78365,0.78213,0.78344,0,0
2015-05-04,09:00:00,0.78346,0.78438,0.78214,0.78286,0,0
2015-05-04,10:00:00,0.7828,0.78378,0.78176,0.78243,0,0
2015-05-04,11:00:00,0.78225,0.78389,0.78225,0.78317,0,0
2015-05-04,12:00:00,0.78318,0.78375,0.78254,0.78313,0,0
2015-05-04,13:00:00,0.78321,0.78358,0.78255,0.78285,0,0
2015-05-04,14:00:00,0.78286,0.78339,0.78231,0.78314,0,0
2015-05-04,15:00:00,0.78313,0.78444,0.78294,0.78419,0,0
2015-05-04,16:00:00,0.78415,0.78443,0.78307,0.78377,0,0
2015-05-04,17:00:00,0.78379,0.78518,0.78333,0.78427,0,0
2015-05-04,18:00:00,0.78432,0.78459,0.78357,0.78379,0,0
2015-05-04,19:00:00,0.78382,0.78495,0.78354,0.78474,0,0
2015-05-04,20:00:00,0.78473,0.78486,0.78443,0.78465,0,0
2015-05-04,21:00:00,0.78465,0.78475,0.78386,0.78462,0,0
2015-05-04,22:00:00,0.78467,0.78479,0.78423,0.7846,0,0
2015-05-04,23:00:00,0.7846,0.7846,0.78339,0.78376,0,0
2015-05-04,23:59:00,0.78378,0.78412,0.78348,0.78358,0,0
2015-05-05,01:00:00,0.78354,0.78418,0.78348,0.78405,0,0
2015-05-05,02:00:00,0.78404,0.78437,0.78381,0.78389,0,0
2015-05-05,03:00:00,0.78386,0.78465,0.78358,0.78368,0,0
2015-05-05,04:00:00,0.78368,0.78443,0.78307,0.78413,0,0
2015-05-05,05:00:00,0.78415,0.78515,0.78394,0.78493,0,0
2015-05-05,06:00:00,0.78492,0.78574,0.7842,0.78528,0,0
2015-05-05,07:00:00,0.78528,0.79078,0.77959,0.79014,0,0
2015-05-05,08:00:00,0.78991,0.79182,0.78925,0.78937,0,0
2015-05-05,09:00:00,0.78938,0.79102,0.78612,0.78688,0,0
2015-05-05,10:00:00,0.78679,0.78869,0.78656,0.7874,0,0
2015-05-05,11:00:00,0.7874,0.7888,0.78674,0.78746,0,0
2015-05-05,12:00:00,0.78747,0.78805,0.78661,0.78744,0,0
2015-05-05,13:00:00,0.78744,0.78769,0.78636,0.78705,0,0
2015-05-05,14:00:00,0.78705,0.78879,0.78684,0.78776,0,0
2015-05-05,15:00:00,0.78776,0.79157,0.78695,0.79086,0,0
2015-05-05,16:00:00,0.79073,0.79131,0.78923,0.79115,0,0
2015-05-05,17:00:00,0.79113,0.79473,0.78911,0.79393,0,0
2015-05-05,18:00:00,0.79396,0.79508,0.79347,0.79396,0,0
2015-05-05,19:00:00,0.79397,0.79534,0.79395,0.79474,0,0
2015-05-05,20:00:00,0.79466,0.79559,0.79422,0.79477,0,0
2015-05-05,21:00:00,0.79477,0.79512,0.79414,0.7942,0,0
2015-05-05,22:00:00,0.7943,0.79441,0.79378,0.79425,0,0
2015-05-05,23:00:00,0.79425,0.79459,0.79332,0.7942,0,0
2015-05-05,23:59:00,0.79422,0.7946,0.79386,0.79415,0,0
2015-05-06,01:00:00,0.79415,0.79435,0.79221,0.79307,0,0
2015-05-06,02:00:00,0.79308,0.79354,0.79191,0.79292,0,0
2015-05-06,03:00:00,0.79292,0.79438,0.79292,0.79373,0,0
2015-05-06,04:00:00,0.79373,0.79534,0.79265,0.79464,0,0
2015-05-06,05:00:00,0.79467,0.79705,0.79422,0.79655,0,0
2015-05-06,06:00:00,0.79662,0.79741,0.79623,0.79701,0,0
2015-05-06,07:00:00,0.79706,0.79722,0.7958,0.79691,0,0
2015-05-06,08:00:00,0.79694,0.79707,0.79533,0.79557,0,0
2015-05-06,09:00:00,0.79557,0.79807,0.79537,0.79756,0,0
2015-05-06,10:00:00,0.79758,0.79868,0.7964,0.79795,0,0
2015-05-06,11:00:00,0.79809,0.79866,0.79686,0.79792,0,0
2015-05-06,12:00:00,0.7979,0.79845,0.79666,0.79714,0,0
2015-05-06,13:00:00,0.79713,0.79895,0.79701,0.79884,0,0
2015-05-06,14:00:00,0.79885,0.80018,0.79876,0.79955,0,0
2015-05-06,15:00:00,0.79955,0.8019,0.79944,0.80113,0,0
2015-05-06,16:00:00,0.80119,0.80231,0.80043,0.80136,0,0
2015-05-06,17:00:00,0.80126,0.80306,0.80126,0.80168,0,0
2015-05-06,18:00:00,0.80173,0.80204,0.80001,0.80053,0,0
2015-05-06,19:00:00,0.80042,0.80046,0.79723,0.79727,0,0
2015-05-06,20:00:00,0.79735,0.79814,0.79659,0.79748,0,0
2015-05-06,21:00:00,0.79748,0.79815,0.79633,0.79655,0,0
2015-05-06,22:00:00,0.79658,0.79754,0.79638,0.79753,0,0
2015-05-06,23:00:00,0.79753,0.79753,0.79637,0.7968,0,0
2015-05-06,23:59:00,0.79688,0.79783,0.79688,0.797,0,0
2015-05-07,01:00:00,0.79706,0.79745,0.7968,0.79695,0,0
2015-05-07,02:00:00,0.79696,0.79696,0.79531,0.79538,0,0
2015-05-07,03:00:00,0.79537,0.79635,0.79502,0.79626,0,0
2015-05-07,04:00:00,0.79628,0.79769,0.7927,0.79659,0,0
2015-05-07,05:00:00,0.79656,0.79929,0.79619,0.79866,0,0
2015-05-07,06:00:00,0.7987,0.80048,0.79818,0.79827,0,0
2015-05-07,07:00:00,0.79827,0.79886,0.79761,0.79793,0,0
2015-05-07,08:00:00,0.79793,0.79924,0.7975,0.79835,0,0
2015-05-07,09:00:00,0.79833,0.79903,0.79653,0.79672,0,0
2015-05-07,10:00:00,0.79665,0.79762,0.79441,0.7955,0,0
2015-05-07,11:00:00,0.79549,0.79549,0.79339,0.79469,0,0
2015-05-07,12:00:00,0.79462,0.79563,0.79365,0.79529,0,0
2015-05-07,13:00:00,0.79532,0.79642,0.79402,0.79603,0,0
2015-05-07,14:00:00,0.79603,0.79641,0.79459,0.79513,0,0
2015-05-07,15:00:00,0.79513,0.79726,0.79417,0.79573,0,0
2015-05-07,16:00:00,0.79581,0.79652,0.79307,0.79319,0,0
2015-05-07,17:00:00,0.79322,0.79342,0.79129,0.79145,0,0
2015-05-07,18:00:00,0.79156,0.79201,0.79078,0.79126,0,0
2015-05-07,19:00:00,0.79126,0.79153,0.79058,0.79059,0,0
2015-05-07,20:00:00,0.79057,0.79062,0.78975,0.78983,0,0
2015-05-07,21:00:00,0.78983,0.79078,0.78906,0.79029,0,0
2015-05-07,22:00:00,0.79028,0.79051,0.7898,0.79035,0,0
2015-05-07,23:00:00,0.7903,0.79073,0.79022,0.79073,0,0
2015-05-07,23:59:00,0.79066,0.79199,0.7901,0.79122,0,0
2015-05-08,01:00:00,0.79117,0.79135,0.79044,0.79074,0,0
2015-05-08,02:00:00,0.79073,0.79139,0.78993,0.79004,0,0
2015-05-08,03:00:00,0.79,0.79026,0.78886,0.78969,0,0
2015-05-08,04:00:00,0.78966,0.79276,0.787,0.78927,0,0
2015-05-08,05:00:00,0.78923,0.78923,0.78643,0.78856,0,0
2015-05-08,06:00:00,0.78856,0.78859,0.78764,0.78843,0,0
2015-05-08,07:00:00,0.78844,0.79147,0.78784,0.7912,0,0
2015-05-08,08:00:00,0.7912,0.79172,0.78926,0.79015,0,0
2015-05-08,09:00:00,0.78986,0.79122,0.7894,0.79108,0,0
2015-05-08,10:00:00,0.79106,0.79269,0.79106,0.79203,0,0
2015-05-08,11:00:00,0.79199,0.79244,0.7904,0.79103,0,0
2015-05-08,12:00:00,0.79102,0.7924,0.79063,0.79229,0,0
2015-05-08,13:00:00,0.79224,0.79347,0.79108,0.7913,0,0
2015-05-08,14:00:00,0.79121,0.79159,0.79049,0.79053,0,0
2015-05-08,15:00:00,0.79055,0.79482,0.78769,0.79409,0,0
2015-05-08,16:00:00,0.79389,0.79681,0.79268,0.79332,0,0
2015-05-08,17:00:00,0.79321,0.79323,0.78846,0.7902,0,0
2015-05-08,18:00:00,0.79014,0.79153,0.79014,0.7912,0,0
2015-05-08,19:00:00,0.79126,0.79251,0.79017,0.79204,0,0
2015-05-08,20:00:00,0.79204,0.79336,0.7919,0.7927,0,0
2015-05-08,21:00:00,0.7927,0.7927,0.79125,0.79175,0,0
2015-05-08,22:00:00,0.79181,0.7934,0.79181,0.79294,0,0
2015-05-08,23:00:00,0.79294,0.79294,0.79294,0.79294,0,0
2015-05-11,01:00:00,0.79287,0.79316,0.79165,0.79225,0,0
2015-05-11,02:00:00,0.79225,0.79285,0.79154,0.79247,0,0
2015-05-11,03:00:00,0.79246,0.79329,0.79135,0.79136,0,0
2015-05-11,04:00:00,0.79146,0.79149,0.78942,0.79007,0,0
2015-05-11,05:00:00,0.79008,0.79067,0.78914,0.78946,0,0
2015-05-11,06:00:00,0.78946,0.78946,0.78768,0.78848,0,0
2015-05-11,07:00:00,0.78851,0.78935,0.78822,0.78916,0,0
2015-05-11,08:00:00,0.78916,0.78952,0.78828,0.78864,0,0
2015-05-11,09:00:00,0.78864,0.79128,0.78837,0.79126,0,0
2015-05-11,10:00:00,0.79118,0.79118,0.78865,0.78927,0,0
2015-05-11,11:00:00,0.78926,0.79051,0.78875,0.79028,0,0
2015-05-11,12:00:00,0.79021,0.79044,0.78891,0.78893,0,0
2015-05-11,13:00:00,0.78896,0.79035,0.78884,0.78993,0,0
2015-05-11,14:00:00,0.78986,0.79066,0.7893,0.78992,0,0
2015-05-11,15:00:00,0.78993,0.79098,0.78922,0.79074,0,0
2015-05-11,16:00:00,0.79076,0.79156,0.79022,0.79083,0,0
2015-05-11,17:00:00,0.79093,0.79164,0.79001,0.79149,0,0
2015-05-11,18:00:00,0.79153,0.79224,0.78964,0.78975,0,0
2015-05-11,19:00:00,0.78978,0.79016,0.78902,0.79004,0,0
2015-05-11,20:00:00,0.79004,0.79174,0.79002,0.79095,0,0
2015-05-11,21:00:00,0.79094,0.79148,0.79033,0.79033,0,0
2015-05-11,22:00:00,0.79034,0.79052,0.78922,0.78933,0,0
2015-05-11,23:00:00,0.78932,0.78975,0.78901,0.78904,0,0
2015-05-11,23:59:00,0.78906,0.78964,0.7889,0.78945,0,0
2015-05-12,01:00:00,0.78935,0.78943,0.78867,0.78867,0,0
2015-05-12,02:00:00,0.78867,0.79022,0.78867,0.78974,0,0
2015-05-12,03:00:00,0.78972,0.79036,0.78866,0.78909,0,0
2015-05-12,04:00:00,0.7891,0.79101,0.78882,0.79101,0,0
2015-05-12,05:00:00,0.79092,0.79207,0.79063,0.79136,0,0
2015-05-12,06:00:00,0.79136,0.79169,0.79077,0.79117,0,0
2015-05-12,07:00:00,0.79123,0.79307,0.79123,0.79263,0,0
2015-05-12,08:00:00,0.79267,0.79399,0.79256,0.79281,0,0
2015-05-12,09:00:00,0.7928,0.79432,0.79231,0.79378,0,0
2015-05-12,10:00:00,0.79369,0.79471,0.79302,0.79355,0,0
2015-05-12,11:00:00,0.79355,0.79565,0.7931,0.79563,0,0
2015-05-12,12:00:00,0.79575,0.79712,0.79508,0.79712,0,0
2015-05-12,13:00:00,0.7971,0.79901,0.79701,0.7976,0,0
2015-05-12,14:00:00,0.79759,0.79868,0.79732,0.79832,0,0
2015-05-12,15:00:00,0.79837,0.79932,0.79639,0.79671,0,0
2015-05-12,16:00:00,0.79669,0.79703,0.79507,0.79652,0,0
2015-05-12,17:00:00,0.79641,0.79792,0.79615,0.79792,0,0
2015-05-12,18:00:00,0.79789,0.79913,0.7974,0.79887,0,0
2015-05-12,19:00:00,0.79888,0.79898,0.79777,0.79834,0,0
2015-05-12,20:00:00,0.79836,0.79862,0.79777,0.79846,0,0
2015-05-12,21:00:00,0.79847,0.79997,0.7983,0.79927,0,0
2015-05-12,22:00:00,0.79932,0.79932,0.7986,0.79921,0,0
2015-05-12,23:00:00,0.79845,0.79921,0.79695,0.79764,0,0
2015-05-12,23:59:00,0.79764,0.79931,0.79505,0.79868,0,0
2015-05-13,01:00:00,0.79868,0.79872,0.79781,0.79816,0,0
2015-05-13,02:00:00,0.79815,0.79929,0.7978,0.79901,0,0
2015-05-13,03:00:00,0.79901,0.80099,0.7985,0.79923,0,0
2015-05-13,04:00:00,0.7992,0.79962,0.79798,0.7985,0,0
2015-05-13,05:00:00,0.79844,0.79941,0.79654,0.79806,0,0
2015-05-13,06:00:00,0.79806,0.79917,0.79736,0.79774,0,0
2015-05-13,07:00:00,0.79773,0.79858,0.79724,0.79766,0,0
2015-05-13,08:00:00,0.79767,0.79847,0.79648,0.79675,0,0
2015-05-13,09:00:00,0.79676,0.79815,0.79645,0.79774,0,0
2015-05-13,10:00:00,0.79771,0.79928,0.79721,0.79927,0,0
2015-05-13,11:00:00,0.79927,0.80106,0.79855,0.80015,0,0
2015-05-13,12:00:00,0.80015,0.80326,0.79925,0.80215,0,0
2015-05-13,13:00:00,0.80214,0.80394,0.80164,0.80388,0,0
2015-05-13,14:00:00,0.80394,0.80496,0.80388,0.80469,0,0
2015-05-13,15:00:00,0.80466,0.80966,0.80387,0.80871,0,0
2015-05-13,16:00:00,0.80871,0.81067,0.80835,0.81013,0,0
2015-05-13,17:00:00,0.81014,0.81176,0.80964,0.80987,0,0
2015-05-13,18:00:00,0.80983,0.81241,0.80946,0.81166,0,0
2015-05-13,19:00:00,0.81166,0.8119,0.81066,0.81133,0,0
2015-05-13,20:00:00,0.81126,0.81186,0.81059,0.81062,0,0
2015-05-13,21:00:00,0.81061,0.81107,0.80994,0.8102,0,0
2015-05-13,22:00:00,0.81028,0.81034,0.80991,0.81034,0,0
2015-05-13,23:00:00,0.81035,0.8116,0.81004,0.81128,0,0
2015-05-13,23:59:00,0.81124,0.81124,0.81016,0.81045,0,0
2015-05-14,01:00:00,0.81038,0.81241,0.81038,0.81215,0,0
2015-05-14,02:00:00,0.81207,0.81278,0.81096,0.81111,0,0
2015-05-14,03:00:00,0.81107,0.81287,0.81102,0.81217,0,0
2015-05-14,04:00:00,0.81221,0.81617,0.81221,0.81507,0,0
2015-05-14,05:00:00,0.81534,0.81534,0.81203,0.81207,0,0
2015-05-14,06:00:00,0.81207,0.81286,0.81202,0.81243,0,0
2015-05-14,07:00:00,0.81248,0.81393,0.81227,0.81236,0,0
2015-05-14,08:00:00,0.81237,0.81302,0.81202,0.81247,0,0
2015-05-14,09:00:00,0.81241,0.81374,0.81035,0.81278,0,0
2015-05-14,10:00:00,0.81277,0.81367,0.80685,0.80787,0,0
2015-05-14,11:00:00,0.80775,0.8087,0.80631,0.80756,0,0
2015-05-14,12:00:00,0.80756,0.80998,0.80744,0.80979,0,0
2015-05-14,13:00:00,0.80993,0.81047,0.80844,0.80974,0,0
2015-05-14,14:00:00,0.80967,0.81036,0.80894,0.81033,0,0
2015-05-14,15:00:00,0.81028,0.81237,0.80903,0.81186,0,0
2015-05-14,16:00:00,0.81172,0.81354,0.81111,0.81325,0,0
2015-05-14,17:00:00,0.81329,0.81355,0.80804,0.80834,0,0
2015-05-14,18:00:00,0.80827,0.80866,0.80653,0.80818,0,0
2015-05-14,19:00:00,0.80816,0.80916,0.80782,0.80914,0,0
2015-05-14,20:00:00,0.80914,0.80914,0.80775,0.80814,0,0
2015-05-14,21:00:00,0.80814,0.80834,0.80652,0.80705,0,0
2015-05-14,22:00:00,0.80698,0.8083,0.80694,0.80804,0,0
2015-05-14,23:00:00,0.80805,0.80841,0.80769,0.80804,0,0
2015-05-14,23:59:00,0.80809,0.80851,0.80778,0.80792,0,0
2015-05-15,01:00:00,0.80792,0.80844,0.80764,0.80802,0,0
2015-05-15,02:00:00,0.80802,0.80874,0.80779,0.80837,0,0
2015-05-15,03:00:00,0.80835,0.80893,0.80459,0.80531,0,0
2015-05-15,04:00:00,0.80532,0.80673,0.80462,0.80621,0,0
2015-05-15,05:00:00,0.80622,0.8066,0.80529,0.8056,0,0
2015-05-15,06:00:00,0.80549,0.80673,0.80549,0.80669,0,0
2015-05-15,07:00:00,0.80668,0.80669,0.80541,0.80563,0,0
2015-05-15,08:00:00,0.80563,0.80571,0.80382,0.80389,0,0
2015-05-15,09:00:00,0.80395,0.80649,0.80389,0.80548,0,0
2015-05-15,10:00:00,0.80551,0.80554,0.80298,0.804,0,0
2015-05-15,11:00:00,0.80399,0.80417,0.8017,0.80189,0,0
2015-05-15,12:00:00,0.80182,0.80232,0.80142,0.80186,0,0
2015-05-15,13:00:00,0.80177,0.80203,0.80072,0.8009,0,0
2015-05-15,14:00:00,0.8009,0.80187,0.80045,0.80048,0,0
2015-05-15,15:00:00,0.80047,0.8013,0.79967,0.80016,0,0
2015-05-15,16:00:00,0.80018,0.8019,0.79988,0.80101,0,0
2015-05-15,17:00:00,0.80101,0.80543,0.80101,0.80533,0,0
2015-05-15,18:00:00,0.80546,0.80624,0.80437,0.80529,0,0
2015-05-15,19:00:00,0.80529,0.80543,0.80392,0.80401,0,0
2015-05-15,20:00:00,0.80399,0.80492,0.80367,0.80386,0,0
2015-05-15,21:00:00,0.80389,0.80488,0.80362,0.80472,0,0
2015-05-15,22:00:00,0.8047,0.8047,0.80345,0.80403,0,0
2015-05-15,23:00:00,0.80404,0.80404,0.80401,0.80403,0,0
2015-05-18,01:00:00,0.80404,0.80407,0.80314,0.80371,0,0
2015-05-18,02:00:00,0.80372,0.80521,0.80288,0.80436,0,0
2015-05-18,03:00:00,0.80436,0.80446,0.80057,0.801,0,0
2015-05-18,04:00:00,0.801,0.80187,0.80052,0.80076,0,0
2015-05-18,05:00:00,0.80076,0.80238,0.80052,0.80175,0,0
2015-05-18,06:00:00,0.80177,0.8024,0.80145,0.80183,0,0
2015-05-18,07:00:00,0.80183,0.80237,0.80165,0.80215,0,0
2015-05-18,08:00:00,0.80215,0.80215,0.80088,0.80164,0,0
2015-05-18,09:00:00,0.80156,0.80291,0.80136,0.80136,0,0
2015-05-18,10:00:00,0.8014,0.80143,0.79932,0.79953,0,0
2015-05-18,11:00:00,0.79958,0.80169,0.79957,0.80119,0,0
2015-05-18,12:00:00,0.80119,0.80163,0.79995,0.80057,0,0
2015-05-18,13:00:00,0.80056,0.80109,0.79946,0.80036,0,0
2015-05-18,14:00:00,0.80036,0.80098,0.79997,0.8005,0,0
2015-05-18,15:00:00,0.8005,0.80067,0.79928,0.79953,0,0
2015-05-18,16:00:00,0.79953,0.80005,0.7982,0.79878,0,0
2015-05-18,17:00:00,0.79876,0.80084,0.79875,0.80084,0,0
2015-05-18,18:00:00,0.8009,0.80099,0.80012,0.80012,0,0
2015-05-18,19:00:00,0.80012,0.80012,0.79917,0.79977,0,0
2015-05-18,20:00:00,0.79976,0.80068,0.79808,0.79857,0,0
2015-05-18,21:00:00,0.79858,0.7987,0.79771,0.79811,0,0
2015-05-18,22:00:00,0.79807,0.799,0.79795,0.79853,0,0
2015-05-18,23:00:00,0.79846,0.79909,0.79831,0.79905,0,0
2015-05-18,23:59:00,0.79909,0.79939,0.79858,0.79927,0,0
2015-05-19,01:00:00,0.79928,0.79954,0.79867,0.79923,0,0
2015-05-19,02:00:00,0.79923,0.79997,0.79913,0.79937,0,0
2015-05-19,03:00:00,0.79938,0.79951,0.79836,0.79879,0,0
2015-05-19,04:00:00,0.79885,0.79953,0.79574,0.79659,0,0
2015-05-19,05:00:00,0.79655,0.79877,0.79655,0.79825,0,0
2015-05-19,06:00:00,0.79825,0.80006,0.7982,0.79967,0,0
2015-05-19,07:00:00,0.79963,0.79983,0.79884,0.79911,0,0
2015-05-19,08:00:00,0.79909,0.80099,0.79902,0.80004,0,0
2015-05-19,09:00:00,0.80011,0.80014,0.79868,0.79957,0,0
2015-05-19,10:00:00,0.79972,0.79977,0.7967,0.79766,0,0
2015-05-19,11:00:00,0.79754,0.79857,0.79702,0.79723,0,0
2015-05-19,12:00:00,0.79723,0.79766,0.79635,0.79727,0,0
2015-05-19,13:00:00,0.7973,0.79748,0.79663,0.79721,0,0
2015-05-19,14:00:00,0.79723,0.79776,0.79671,0.7975,0,0
2015-05-19,15:00:00,0.79766,0.79767,0.79247,0.79309,0,0
2015-05-19,16:00:00,0.7931,0.79443,0.79284,0.79408,0,0
2015-05-19,17:00:00,0.79404,0.79405,0.79068,0.79098,0,0
2015-05-19,18:00:00,0.79096,0.79199,0.79068,0.79176,0,0
2015-05-19,19:00:00,0.79174,0.79209,0.79089,0.79128,0,0
2015-05-19,20:00:00,0.79126,0.79181,0.79096,0.79155,0,0
2015-05-19,21:00:00,0.79147,0.79196,0.7914,0.79168,0,0
2015-05-19,22:00:00,0.79165,0.79166,0.79087,0.7915,0,0
2015-05-19,23:00:00,0.79145,0.79173,0.7913,0.79139,0,0
2015-05-19,23:59:00,0.79139,0.79206,0.79139,0.792,0,0
2015-05-20,01:00:00,0.79198,0.79199,0.79142,0.7919,0,0
2015-05-20,02:00:00,0.7919,0.79237,0.79142,0.79226,0,0
2015-05-20,03:00:00,0.79226,0.79226,0.78982,0.79118,0,0
2015-05-20,04:00:00,0.79118,0.79285,0.79067,0.79241,0,0
2015-05-20,05:00:00,0.7924,0.79348,0.79232,0.79261,0,0
2015-05-20,06:00:00,0.79261,0.79334,0.79212,0.79238,0,0
2015-05-20,07:00:00,0.79238,0.79303,0.79167,0.79189,0,0
2015-05-20,08:00:00,0.79191,0.79294,0.79111,0.79119,0,0
2015-05-20,09:00:00,0.79118,0.79186,0.78844,0.78936,0,0
2015-05-20,10:00:00,0.7893,0.79007,0.7888,0.78908,0,0
2015-05-20,11:00:00,0.7891,0.79038,0.78877,0.78961,0,0
2015-05-20,12:00:00,0.78961,0.79008,0.78887,0.78979,0,0
2015-05-20,13:00:00,0.78978,0.79032,0.78894,0.78916,0,0
2015-05-20,14:00:00,0.78905,0.79002,0.78886,0.78994,0,0
2015-05-20,15:00:00,0.78996,0.7912,0.78956,0.79067,0,0
2015-05-20,16:00:00,0.79066,0.79066,0.78825,0.78843,0,0
2015-05-20,17:00:00,0.7884,0.7886,0.78691,0.78781,0,0
2015-05-20,18:00:00,0.78787,0.78857,0.78696,0.78779,0,0
2015-05-20,19:00:00,0.78767,0.78856,0.78734,0.78843,0,0
2015-05-20,20:00:00,0.78838,0.78846,0.78733,0.78781,0,0
2015-05-20,21:00:00,0.78781,0.79149,0.78614,0.79003,0,0
2015-05-20,22:00:00,0.79005,0.79108,0.78827,0.78856,0,0
2015-05-20,23:00:00,0.78854,0.78869,0.78743,0.78747,0,0
2015-05-20,23:59:00,0.78744,0.78766,0.78692,0.78736,0,0
2015-05-21,01:00:00,0.78736,0.78761,0.78665,0.78749,0,0
2015-05-21,02:00:00,0.78746,0.78828,0.78707,0.78778,0,0
2015-05-21,03:00:00,0.78778,0.7893,0.78767,0.78886,0,0
2015-05-21,04:00:00,0.78889,0.78923,0.78776,0.78787,0,0
2015-05-21,05:00:00,0.78789,0.79058,0.78789,0.78983,0,0
2015-05-21,06:00:00,0.78983,0.79001,0.78899,0.78921,0,0
2015-05-21,07:00:00,0.78921,0.7909,0.78921,0.79076,0,0
2015-05-21,08:00:00,0.79082,0.7913,0.79018,0.79047,0,0
2015-05-21,09:00:00,0.79041,0.79041,0.78835,0.79,0,0
2015-05-21,10:00:00,0.79001,0.79033,0.78908,0.78933,0,0
2015-05-21,11:00:00,0.78932,0.79107,0.78906,0.79101,0,0
2015-05-21,12:00:00,0.79103,0.79106,0.78886,0.789,0,0
2015-05-21,13:00:00,0.78893,0.78954,0.78865,0.78945,0,0
2015-05-21,14:00:00,0.78944,0.78944,0.78817,0.78849,0,0
2015-05-21,15:00:00,0.7885,0.78912,0.78674,0.7869,0,0
2015-05-21,16:00:00,0.78685,0.78827,0.78667,0.78746,0,0
2015-05-21,17:00:00,0.78749,0.78888,0.78698,0.78752,0,0
2015-05-21,18:00:00,0.78748,0.78928,0.7872,0.7887,0,0
2015-05-21,19:00:00,0.7887,0.78923,0.78852,0.78872,0,0
2015-05-21,20:00:00,0.78872,0.7894,0.78855,0.78861,0,0
2015-05-21,21:00:00,0.7886,0.78956,0.78851,0.78942,0,0
2015-05-21,22:00:00,0.78942,0.78942,0.78871,0.78907,0,0
2015-05-21,23:00:00,0.78907,0.78957,0.78872,0.78951,0,0
2015-05-21,23:59:00,0.78947,0.78985,0.78905,0.78941,0,0
2015-05-22,01:00:00,0.78941,0.78963,0.78906,0.7896,0,0
2015-05-22,02:00:00,0.78961,0.79036,0.78942,0.78973,0,0
2015-05-22,03:00:00,0.7898,0.79098,0.78962,0.79098,0,0
2015-05-22,04:00:00,0.79099,0.79172,0.79072,0.79111,0,0
2015-05-22,05:00:00,0.79111,0.79183,0.79058,0.79177,0,0
2015-05-22,06:00:00,0.7917,0.79248,0.79097,0.79239,0,0
2015-05-22,07:00:00,0.79239,0.79278,0.79169,0.79177,0,0
2015-05-22,08:00:00,0.79182,0.79242,0.79173,0.79198,0,0
2015-05-22,09:00:00,0.79198,0.79315,0.79196,0.79267,0,0
2015-05-22,10:00:00,0.79268,0.79268,0.79,0.79058,0,0
2015-05-22,11:00:00,0.79058,0.79069,0.78993,0.79003,0,0
2015-05-22,12:00:00,0.78999,0.79045,0.78925,0.78988,0,0
2015-05-22,13:00:00,0.78979,0.79009,0.78833,0.7887,0,0
2015-05-22,14:00:00,0.7887,0.78893,0.788,0.78872,0,0
2015-05-22,15:00:00,0.78872,0.789,0.7833,0.78382,0,0
2015-05-22,16:00:00,0.78392,0.78392,0.78183,0.78276,0,0
2015-05-22,17:00:00,0.78276,0.78354,0.78208,0.78259,0,0
2015-05-22,18:00:00,0.78261,0.78299,0.78204,0.78271,0,0
2015-05-22,19:00:00,0.78271,0.7836,0.78222,0.78304,0,0
2015-05-22,20:00:00,0.78239,0.78341,0.78136,0.78161,0,0
2015-05-22,21:00:00,0.78168,0.78193,0.78108,0.78189,0,0
2015-05-22,22:00:00,0.78191,0.7821,0.7814,0.78174,0,0
2015-05-22,23:00:00,0.78166,0.78181,0.78164,0.78181,0,0
2015-05-25,01:00:00,0.78096,0.78313,0.78083,0.78241,0,0
2015-05-25,02:00:00,0.78241,0.78259,0.78098,0.78116,0,0
2015-05-25,03:00:00,0.78116,0.78167,0.78038,0.78076,0,0
2015-05-25,04:00:00,0.78086,0.78177,0.78076,0.78129,0,0
2015-05-25,05:00:00,0.78126,0.78279,0.78125,0.78249,0,0
2015-05-25,06:00:00,0.78243,0.78298,0.78213,0.78246,0,0
2015-05-25,07:00:00,0.78247,0.78298,0.78221,0.78278,0,0
2015-05-25,08:00:00,0.78285,0.78285,0.78164,0.78227,0,0
2015-05-25,09:00:00,0.78228,0.78327,0.78194,0.78316,0,0
2015-05-25,10:00:00,0.78316,0.78327,0.78234,0.78285,0,0
2015-05-25,11:00:00,0.78285,0.78322,0.78213,0.78286,0,0
2015-05-25,12:00:00,0.78288,0.78347,0.78279,0.78335,0,0
2015-05-25,13:00:00,0.78335,0.78395,0.78305,0.78376,0,0
2015-05-25,14:00:00,0.78368,0.78394,0.78294,0.78297,0,0
2015-05-25,15:00:00,0.78297,0.78318,0.78274,0.78297,0,0
2015-05-25,16:00:00,0.78297,0.78349,0.78236,0.78245,0,0
2015-05-25,17:00:00,0.78245,0.78298,0.78233,0.78293,0,0
2015-05-25,18:00:00,0.78292,0.78348,0.78286,0.78288,0,0
2015-05-25,19:00:00,0.78287,0.78301,0.78244,0.78281,0,0
2015-05-25,20:00:00,0.78276,0.78302,0.78251,0.78262,0,0
2015-05-25,21:00:00,0.78255,0.7829,0.78241,0.78256,0,0
2015-05-25,22:00:00,0.78256,0.78264,0.78237,0.78256,0,0
2015-05-25,23:00:00,0.78253,0.78257,0.78226,0.78245,0,0
2015-05-25,23:59:00,0.78245,0.78276,0.7822,0.78238,0,0
2015-05-26,01:00:00,0.78241,0.78313,0.78233,0.78281,0,0
2015-05-26,02:00:00,0.78281,0.78317,0.78227,0.78227,0,0
2015-05-26,03:00:00,0.78223,0.78238,0.78127,0.78181,0,0
2015-05-26,04:00:00,0.78189,0.78239,0.78136,0.78223,0,0
2015-05-26,05:00:00,0.78222,0.78329,0.78203,0.78313,0,0
2015-05-26,06:00:00,0.78313,0.78361,0.78279,0.78334,0,0
2015-05-26,07:00:00,0.78334,0.78398,0.78306,0.78311,0,0
2015-05-26,08:00:00,0.78311,0.78328,0.78244,0.78297,0,0
2015-05-26,09:00:00,0.78296,0.78323,0.77943,0.77967,0,0
2015-05-26,10:00:00,0.77971,0.78017,0.77725,0.77879,0,0
2015-05-26,11:00:00,0.77877,0.77892,0.77737,0.77838,0,0
2015-05-26,12:00:00,0.77831,0.78057,0.77827,0.78034,0,0
2015-05-26,13:00:00,0.78035,0.78058,0.77952,0.78022,0,0
2015-05-26,14:00:00,0.78018,0.78073,0.77999,0.78025,0,0
2015-05-26,15:00:00,0.78028,0.78033,0.77544,0.7757,0,0
2015-05-26,16:00:00,0.77556,0.77654,0.77511,0.77515,0,0
2015-05-26,17:00:00,0.77518,0.77518,0.77363,0.77428,0,0
2015-05-26,18:00:00,0.77428,0.77473,0.77357,0.77369,0,0
2015-05-26,19:00:00,0.77368,0.77457,0.77348,0.77438,0,0
2015-05-26,20:00:00,0.77437,0.77491,0.77416,0.77418,0,0
2015-05-26,21:00:00,0.77419,0.77438,0.77305,0.77305,0,0
2015-05-26,22:00:00,0.77293,0.77386,0.77278,0.77336,0,0
2015-05-26,23:00:00,0.77331,0.77381,0.77293,0.77349,0,0
2015-05-26,23:59:00,0.77357,0.77387,0.77276,0.7736,0,0
2015-05-27,01:00:00,0.7735,0.77444,0.77348,0.77424,0,0
2015-05-27,02:00:00,0.77423,0.77468,0.77375,0.77446,0,0
2015-05-27,03:00:00,0.77448,0.77498,0.77375,0.77462,0,0
2015-05-27,04:00:00,0.77453,0.77455,0.77262,0.77365,0,0
2015-05-27,05:00:00,0.7735,0.77537,0.7735,0.77452,0,0
2015-05-27,06:00:00,0.77453,0.77537,0.77437,0.77496,0,0
2015-05-27,07:00:00,0.77496,0.77536,0.77441,0.77497,0,0
2015-05-27,08:00:00,0.77488,0.77635,0.77481,0.77563,0,0
2015-05-27,09:00:00,0.77564,0.77687,0.77503,0.77649,0,0
2015-05-27,10:00:00,0.77643,0.77643,0.77438,0.77449,0,0
2015-05-27,11:00:00,0.77447,0.77473,0.77331,0.77445,0,0
2015-05-27,12:00:00,0.77445,0.77475,0.77291,0.77337,0,0
2015-05-27,13:00:00,0.77337,0.77392,0.7715,0.77163,0,0
2015-05-27,14:00:00,0.7717,0.77225,0.77052,0.77084,0,0
2015-05-27,15:00:00,0.77085,0.77169,0.76922,0.76956,0,0
2015-05-27,16:00:00,0.76961,0.77226,0.76917,0.77163,0,0
2015-05-27,17:00:00,0.77164,0.77335,0.77106,0.77152,0,0
2015-05-27,18:00:00,0.77156,0.77195,0.77054,0.77102,0,0
2015-05-27,19:00:00,0.77108,0.77131,0.77033,0.77097,0,0
2015-05-27,20:00:00,0.77098,0.77215,0.77034,0.77215,0,0
2015-05-27,21:00:00,0.77214,0.77257,0.77158,0.77193,0,0
2015-05-27,22:00:00,0.7719,0.77304,0.77183,0.77304,0,0
2015-05-27,23:00:00,0.77312,0.77344,0.77176,0.773,0,0
2015-05-27,23:59:00,0.77302,0.7734,0.77234,0.77334,0,0
2015-05-28,01:00:00,0.77327,0.77353,0.77251,0.77324,0,0
2015-05-28,02:00:00,0.77322,0.77355,0.77275,0.77354,0,0
2015-05-28,03:00:00,0.77354,0.77464,0.77297,0.77447,0,0
2015-05-28,04:00:00,0.77454,0.77604,0.76859,0.76941,0,0
2015-05-28,05:00:00,0.76941,0.76992,0.76719,0.76819,0,0
2015-05-28,06:00:00,0.7682,0.76896,0.76723,0.76817,0,0
2015-05-28,07:00:00,0.7682,0.76886,0.76733,0.76885,0,0
2015-05-28,08:00:00,0.76885,0.77128,0.76835,0.77047,0,0
2015-05-28,09:00:00,0.77045,0.77119,0.76873,0.76963,0,0
2015-05-28,10:00:00,0.76964,0.76965,0.76742,0.76858,0,0
2015-05-28,11:00:00,0.76871,0.76881,0.76649,0.76764,0,0
2015-05-28,12:00:00,0.76762,0.76762,0.76542,0.76593,0,0
2015-05-28,13:00:00,0.76599,0.76651,0.76516,0.76539,0,0
2015-05-28,14:00:00,0.76538,0.76565,0.76348,0.76427,0,0
2015-05-28,15:00:00,0.76432,0.76499,0.76269,0.76391,0,0
2015-05-28,16:00:00,0.76387,0.76449,0.76193,0.76251,0,0
2015-05-28,17:00:00,0.76247,0.76475,0.76179,0.76401,0,0
2015-05-28,18:00:00,0.76393,0.76432,0.76209,0.76313,0,0
2015-05-28,19:00:00,0.76312,0.76473,0.76229,0.76442,0,0
2015-05-28,20:00:00,0.76441,0.7653,0.76422,0.76499,0,0
2015-05-28,21:00:00,0.76499,0.76559,0.7641,0.76539,0,0
2015-05-28,22:00:00,0.76536,0.76564,0.76464,0.76476,0,0
2015-05-28,23:00:00,0.7648,0.76514,0.76469,0.76496,0,0
2015-05-28,23:59:00,0.7649,0.76562,0.76403,0.76517,0,0
2015-05-29,01:00:00,0.76517,0.76628,0.76486,0.76578,0,0
2015-05-29,02:00:00,0.76578,0.76614,0.76537,0.76565,0,0
2015-05-29,03:00:00,0.76565,0.7661,0.76504,0.76504,0,0
2015-05-29,04:00:00,0.76525,0.7667,0.76427,0.76648,0,0
2015-05-29,05:00:00,0.76642,0.76745,0.76589,0.7661,0,0
2015-05-29,06:00:00,0.7661,0.76638,0.76548,0.7662,0,0
2015-05-29,07:00:00,0.76629,0.76728,0.7661,0.76657,0,0
2015-05-29,08:00:00,0.76656,0.76661,0.76556,0.76592,0,0
2015-05-29,09:00:00,0.76595,0.76699,0.76525,0.76531,0,0
2015-05-29,10:00:00,0.76526,0.76631,0.76477,0.76537,0,0
2015-05-29,11:00:00,0.76543,0.76593,0.76466,0.76528,0,0
2015-05-29,12:00:00,0.76525,0.76647,0.76448,0.766,0,0
2015-05-29,13:00:00,0.76595,0.76618,0.76466,0.76466,0,0
2015-05-29,14:00:00,0.76466,0.76576,0.76466,0.76537,0,0
2015-05-29,15:00:00,0.76537,0.76584,0.76364,0.76364,0,0
2015-05-29,16:00:00,0.76388,0.76577,0.76298,0.76542,0,0
2015-05-29,17:00:00,0.76528,0.76578,0.76436,0.76574,0,0
2015-05-29,18:00:00,0.76571,0.76619,0.76402,0.76594,0,0
2015-05-29,19:00:00,0.76583,0.76585,0.7652,0.76537,0,0
2015-05-29,20:00:00,0.76536,0.76632,0.76528,0.76612,0,0
2015-05-29,21:00:00,0.76612,0.76621,0.76527,0.76558,0,0
2015-05-29,22:00:00,0.76557,0.76583,0.76431,0.76456,0,0
2015-05-29,23:00:00,0.76456,0.76461,0.76452,0.76454,0,0
2015-06-01,01:00:00,0.76457,0.76463,0.76369,0.76394,0,0
2015-06-01,02:00:00,0.76394,0.76455,0.76371,0.76418,0,0
2015-06-01,03:00:00,0.76415,0.76505,0.76384,0.76455,0,0
2015-06-01,04:00:00,0.76461,0.76586,0.76301,0.76519,0,0
2015-06-01,05:00:00,0.76508,0.76613,0.76442,0.76509,0,0
2015-06-01,06:00:00,0.76498,0.76583,0.76448,0.76479,0,0
2015-06-01,07:00:00,0.76479,0.76635,0.7647,0.76595,0,0
2015-06-01,08:00:00,0.76597,0.76598,0.76468,0.76502,0,0
2015-06-01,09:00:00,0.76495,0.76685,0.76449,0.76648,0,0
2015-06-01,10:00:00,0.7664,0.76685,0.76479,0.76512,0,0
2015-06-01,11:00:00,0.7651,0.76595,0.76462,0.76467,0,0
2015-06-01,12:00:00,0.76458,0.76458,0.76313,0.76372,0,0
2015-06-01,13:00:00,0.76371,0.76371,0.76248,0.76312,0,0
2015-06-01,14:00:00,0.76314,0.76425,0.76304,0.76367,0,0
2015-06-01,15:00:00,0.76364,0.76506,0.76293,0.76427,0,0
2015-06-01,16:00:00,0.76446,0.76601,0.76414,0.76512,0,0
2015-06-01,17:00:00,0.76518,0.76518,0.76125,0.76133,0,0
2015-06-01,18:00:00,0.76134,0.76152,0.76024,0.76108,0,0
2015-06-01,19:00:00,0.76108,0.76115,0.75991,0.76027,0,0
2015-06-01,20:00:00,0.76032,0.76085,0.76,0.76015,0,0
2015-06-01,21:00:00,0.76016,0.76095,0.76001,0.7606,0,0
2015-06-01,22:00:00,0.76044,0.76095,0.76029,0.7603,0,0
2015-06-01,23:00:00,0.76031,0.76106,0.76031,0.76057,0,0
2015-06-01,23:59:00,0.76062,0.76117,0.76036,0.76113,0,0
2015-06-02,01:00:00,0.76086,0.76129,0.76085,0.76129,0,0
2015-06-02,02:00:00,0.76129,0.76166,0.76081,0.7614,0,0
2015-06-02,03:00:00,0.76145,0.76298,0.76129,0.76241,0,0
2015-06-02,04:00:00,0.76241,0.76368,0.76216,0.76293,0,0
2015-06-02,05:00:00,0.76293,0.76336,0.76236,0.76288,0,0
2015-06-02,06:00:00,0.76288,0.76373,0.76288,0.76339,0,0
2015-06-02,07:00:00,0.76339,0.76835,0.76265,0.76753,0,0
2015-06-02,08:00:00,0.76753,0.76927,0.76711,0.76864,0,0
2015-06-02,09:00:00,0.76864,0.77083,0.76784,0.77008,0,0
2015-06-02,10:00:00,0.77005,0.77063,0.76868,0.76879,0,0
2015-06-02,11:00:00,0.76861,0.76946,0.76808,0.76862,0,0
2015-06-02,12:00:00,0.76862,0.76892,0.76673,0.7679,0,0
2015-06-02,13:00:00,0.76789,0.76854,0.76698,0.76828,0,0
2015-06-02,14:00:00,0.76825,0.77022,0.768,0.7696,0,0
2015-06-02,15:00:00,0.76957,0.76977,0.76771,0.7686,0,0
2015-06-02,16:00:00,0.7685,0.77473,0.7685,0.77453,0,0
2015-06-02,17:00:00,0.7745,0.7769,0.7745,0.77468,0,0
2015-06-02,18:00:00,0.77462,0.77488,0.7736,0.77479,0,0
2015-06-02,19:00:00,0.77479,0.77809,0.77471,0.77783,0,0
2015-06-02,20:00:00,0.77776,0.77901,0.77748,0.77857,0,0
2015-06-02,21:00:00,0.77861,0.77861,0.77724,0.77828,0,0
2015-06-02,22:00:00,0.77856,0.77856,0.777,0.77717,0,0
2015-06-02,23:00:00,0.77712,0.77763,0.77687,0.77723,0,0
2015-06-02,23:59:00,0.77725,0.77776,0.77712,0.77721,0,0
2015-06-03,01:00:00,0.7772,0.7774,0.77646,0.7768,0,0
2015-06-03,02:00:00,0.7768,0.77713,0.77601,0.77602,0,0
2015-06-03,03:00:00,0.77602,0.77658,0.77566,0.77613,0,0
2015-06-03,04:00:00,0.77613,0.7819,0.77605,0.78176,0,0
2015-06-03,05:00:00,0.78175,0.78175,0.77903,0.77927,0,0
2015-06-03,06:00:00,0.77921,0.77974,0.77832,0.77957,0,0
2015-06-03,07:00:00,0.77927,0.77993,0.77896,0.77924,0,0
2015-06-03,08:00:00,0.77924,0.78058,0.77911,0.78006,0,0
2015-06-03,09:00:00,0.78017,0.78125,0.77963,0.78033,0,0
2015-06-03,10:00:00,0.78033,0.78033,0.77881,0.77917,0,0
2015-06-03,11:00:00,0.77917,0.77982,0.77721,0.77736,0,0
2015-06-03,12:00:00,0.77749,0.77806,0.77696,0.77735,0,0
2015-06-03,13:00:00,0.77735,0.7776,0.77657,0.77658,0,0
2015-06-03,14:00:00,0.77658,0.77741,0.77646,0.77702,0,0
2015-06-03,15:00:00,0.77703,0.77764,0.77519,0.77603,0,0
2015-06-03,16:00:00,0.77603,0.7796,0.77583,0.77934,0,0
2015-06-03,17:00:00,0.78001,0.7813,0.77966,0.78042,0,0
2015-06-03,18:00:00,0.78042,0.78063,0.77933,0.78033,0,0
2015-06-03,19:00:00,0.7803,0.7803,0.77806,0.77835,0,0
2015-06-03,20:00:00,0.77845,0.77856,0.7773,0.77793,0,0
2015-06-03,21:00:00,0.77795,0.77805,0.77684,0.77708,0,0
2015-06-03,22:00:00,0.77717,0.77864,0.77714,0.77855,0,0
2015-06-03,23:00:00,0.77856,0.77894,0.77825,0.77865,0,0
2015-06-03,23:59:00,0.77861,0.77866,0.77792,0.77796,0,0
2015-06-04,01:00:00,0.77797,0.77799,0.77682,0.77733,0,0
2015-06-04,02:00:00,0.77736,0.77751,0.7766,0.7771,0,0
2015-06-04,03:00:00,0.7771,0.77747,0.77652,0.7772,0,0
2015-06-04,04:00:00,0.7772,0.77798,0.77094,0.77226,0,0
2015-06-04,05:00:00,0.77225,0.77297,0.77179,0.77264,0,0
2015-06-04,06:00:00,0.77264,0.77345,0.77228,0.7731,0,0
2015-06-04,07:00:00,0.77309,0.77358,0.77243,0.77296,0,0
2015-06-04,08:00:00,0.77286,0.77329,0.77137,0.77192,0,0
2015-06-04,09:00:00,0.77201,0.77317,0.7716,0.77195,0,0
2015-06-04,10:00:00,0.7719,0.77237,0.77089,0.77128,0,0
2015-06-04,11:00:00,0.77128,0.77628,0.77125,0.77494,0,0
2015-06-04,12:00:00,0.77502,0.77521,0.77419,0.77487,0,0
2015-06-04,13:00:00,0.77481,0.77549,0.77398,0.77536,0,0
2015-06-04,14:00:00,0.77536,0.77617,0.77488,0.77507,0,0
2015-06-04,15:00:00,0.77508,0.77517,0.77222,0.77227,0,0
2015-06-04,16:00:00,0.7723,0.77238,0.76874,0.76948,0,0
2015-06-04,17:00:00,0.76934,0.77029,0.76701,0.76758,0,0
2015-06-04,18:00:00,0.76763,0.76777,0.76647,0.76728,0,0
2015-06-04,19:00:00,0.76729,0.76963,0.76697,0.76848,0,0
2015-06-04,20:00:00,0.76848,0.76864,0.76708,0.76821,0,0
2015-06-04,21:00:00,0.76829,0.7693,0.76787,0.76835,0,0
2015-06-04,22:00:00,0.76828,0.76883,0.76806,0.76812,0,0
2015-06-04,23:00:00,0.76828,0.76888,0.76815,0.76888,0,0
2015-06-04,23:59:00,0.76883,0.769,0.76753,0.76768,0,0
2015-06-05,01:00:00,0.76771,0.76806,0.76722,0.76774,0,0
2015-06-05,02:00:00,0.76773,0.76878,0.76769,0.76868,0,0
2015-06-05,03:00:00,0.76868,0.76917,0.76794,0.76915,0,0
2015-06-05,04:00:00,0.76914,0.76985,0.76855,0.76962,0,0
2015-06-05,05:00:00,0.76965,0.76997,0.76932,0.76966,0,0
2015-06-05,06:00:00,0.76964,0.76997,0.76932,0.76993,0,0
2015-06-05,07:00:00,0.76993,0.77067,0.76993,0.77024,0,0
2015-06-05,08:00:00,0.77021,0.77065,0.7697,0.76984,0,0
2015-06-05,09:00:00,0.76982,0.77063,0.76907,0.76971,0,0
2015-06-05,10:00:00,0.76973,0.76973,0.76784,0.76864,0,0
2015-06-05,11:00:00,0.76865,0.76974,0.76845,0.76941,0,0
2015-06-05,12:00:00,0.76954,0.77033,0.76914,0.76963,0,0
2015-06-05,13:00:00,0.76965,0.77045,0.76944,0.77001,0,0
2015-06-05,14:00:00,0.77001,0.77267,0.76988,0.7717,0,0
2015-06-05,15:00:00,0.7717,0.77227,0.76202,0.76203,0,0
2015-06-05,16:00:00,0.76204,0.76298,0.75997,0.76116,0,0
2015-06-05,17:00:00,0.76097,0.76604,0.76097,0.76266,0,0
2015-06-05,18:00:00,0.76266,0.76377,0.76186,0.76216,0,0
2015-06-05,19:00:00,0.76214,0.76258,0.76103,0.76247,0,0
2015-06-05,20:00:00,0.7625,0.76317,0.76204,0.76204,0,0
2015-06-05,21:00:00,0.76205,0.76245,0.76119,0.76174,0,0
2015-06-05,22:00:00,0.76164,0.76266,0.76141,0.76255,0,0
2015-06-05,23:00:00,0.76236,0.76236,0.76234,0.76235,0,0
2015-06-08,01:00:00,0.76229,0.76261,0.76197,0.76234,0,0
2015-06-08,02:00:00,0.76233,0.76244,0.76164,0.76164,0,0
2015-06-08,03:00:00,0.76163,0.76296,0.76095,0.76095,0,0
2015-06-08,04:00:00,0.76096,0.76295,0.76096,0.76295,0,0
2015-06-08,05:00:00,0.76285,0.76415,0.76134,0.76167,0,0
2015-06-08,06:00:00,0.76167,0.76193,0.76097,0.7616,0,0
2015-06-08,07:00:00,0.76162,0.76162,0.76063,0.76104,0,0
2015-06-08,08:00:00,0.76104,0.76232,0.76091,0.76223,0,0
2015-06-08,09:00:00,0.76226,0.7652,0.76039,0.76344,0,0
2015-06-08,10:00:00,0.7635,0.76507,0.7635,0.76423,0,0
2015-06-08,11:00:00,0.76415,0.76417,0.76181,0.76335,0,0
2015-06-08,12:00:00,0.76343,0.76487,0.76321,0.76455,0,0
2015-06-08,13:00:00,0.76455,0.76455,0.76312,0.76334,0,0
2015-06-08,14:00:00,0.76331,0.76461,0.76321,0.76392,0,0
2015-06-08,15:00:00,0.76392,0.76486,0.76355,0.7644,0,0
2015-06-08,16:00:00,0.76439,0.76587,0.76415,0.76464,0,0
2015-06-08,17:00:00,0.76464,0.76496,0.76312,0.76313,0,0
2015-06-08,18:00:00,0.76316,0.76588,0.76316,0.76485,0,0
2015-06-08,19:00:00,0.76493,0.76543,0.76425,0.76493,0,0
2015-06-08,20:00:00,0.76494,0.76944,0.76483,0.76842,0,0
2015-06-08,21:00:00,0.76842,0.77024,0.76822,0.76965,0,0
2015-06-08,22:00:00,0.76966,0.77099,0.76956,0.77054,0,0
2015-06-08,23:00:00,0.77055,0.77125,0.77007,0.7702,0,0
2015-06-08,23:59:00,0.77032,0.77034,0.76931,0.76933,0,0
2015-06-09,01:00:00,0.76939,0.7695,0.76846,0.76849,0,0
2015-06-09,02:00:00,0.76841,0.76923,0.76818,0.76876,0,0
2015-06-09,03:00:00,0.76879,0.76888,0.76783,0.76885,0,0
2015-06-09,04:00:00,0.76876,0.7718,0.76875,0.7705,0,0
2015-06-09,05:00:00,0.7705,0.7705,0.76923,0.77033,0,0
2015-06-09,06:00:00,0.77033,0.77076,0.76905,0.76937,0,0
2015-06-09,07:00:00,0.76919,0.76959,0.76838,0.76899,0,0
2015-06-09,08:00:00,0.76898,0.77011,0.76864,0.76937,0,0
2015-06-09,09:00:00,0.76936,0.76943,0.7671,0.7674,0,0
2015-06-09,10:00:00,0.76739,0.76768,0.76473,0.76567,0,0
2015-06-09,11:00:00,0.76566,0.7669,0.76468,0.76689,0,0
2015-06-09,12:00:00,0.7669,0.7685,0.76644,0.76704,0,0
2015-06-09,13:00:00,0.76703,0.76898,0.76703,0.76863,0,0
2015-06-09,14:00:00,0.76865,0.77158,0.7684,0.77006,0,0
2015-06-09,15:00:00,0.77012,0.77063,0.76807,0.7682,0,0
2015-06-09,16:00:00,0.76814,0.77098,0.76814,0.76927,0,0
2015-06-09,17:00:00,0.76929,0.77008,0.76727,0.76747,0,0
2015-06-09,18:00:00,0.76745,0.76857,0.76683,0.76852,0,0
2015-06-09,19:00:00,0.76847,0.76855,0.76692,0.76729,0,0
2015-06-09,20:00:00,0.76729,0.76822,0.76713,0.76761,0,0
2015-06-09,21:00:00,0.76751,0.76837,0.7672,0.76818,0,0
2015-06-09,22:00:00,0.76818,0.76876,0.76779,0.76844,0,0
2015-06-09,23:00:00,0.76842,0.76946,0.76834,0.76901,0,0
2015-06-09,23:59:00,0.76909,0.76943,0.76868,0.76891,0,0
2015-06-10,01:00:00,0.76891,0.76915,0.76875,0.76896,0,0
2015-06-10,02:00:00,0.76895,0.7695,0.76865,0.76866,0,0
2015-06-10,03:00:00,0.76867,0.77035,0.76747,0.76824,0,0
2015-06-10,04:00:00,0.76825,0.76868,0.76764,0.76793,0,0
2015-06-10,05:00:00,0.76793,0.76858,0.76424,0.76526,0,0
2015-06-10,06:00:00,0.76516,0.76538,0.76361,0.76538,0,0
2015-06-10,07:00:00,0.76538,0.77002,0.76442,0.76944,0,0
2015-06-10,08:00:00,0.7694,0.77472,0.76865,0.77347,0,0
2015-06-10,09:00:00,0.7733,0.77369,0.77169,0.77178,0,0
2015-06-10,10:00:00,0.77184,0.77853,0.77123,0.77761,0,0
2015-06-10,11:00:00,0.77757,0.77838,0.77564,0.77629,0,0
2015-06-10,12:00:00,0.77645,0.77705,0.77572,0.77576,0,0
2015-06-10,13:00:00,0.77577,0.77764,0.7732,0.77395,0,0
2015-06-10,14:00:00,0.77395,0.77478,0.77286,0.77456,0,0
2015-06-10,15:00:00,0.77454,0.77537,0.77365,0.77468,0,0
2015-06-10,16:00:00,0.77466,0.77673,0.77454,0.77636,0,0
2015-06-10,17:00:00,0.77632,0.77698,0.77433,0.77555,0,0
2015-06-10,18:00:00,0.77553,0.77707,0.77424,0.77477,0,0
2015-06-10,19:00:00,0.77484,0.77581,0.77436,0.77543,0,0
2015-06-10,20:00:00,0.77542,0.77625,0.77523,0.77602,0,0
2015-06-10,21:00:00,0.77604,0.77679,0.77574,0.77593,0,0
2015-06-10,22:00:00,0.77595,0.77625,0.77557,0.77605,0,0
2015-06-10,23:00:00,0.77611,0.77653,0.77578,0.77605,0,0
2015-06-10,23:59:00,0.77596,0.77635,0.77027,0.7741,0,0
2015-06-11,01:00:00,0.7741,0.77465,0.77354,0.77371,0,0
2015-06-11,02:00:00,0.77371,0.77392,0.77279,0.77283,0,0
2015-06-11,03:00:00,0.77283,0.77283,0.77122,0.77201,0,0
2015-06-11,04:00:00,0.77211,0.7793,0.77155,0.77647,0,0
2015-06-11,05:00:00,0.77633,0.77723,0.77543,0.77708,0,0
2015-06-11,06:00:00,0.77717,0.77764,0.77599,0.77664,0,0
2015-06-11,07:00:00,0.77667,0.77751,0.77618,0.77676,0,0
2015-06-11,08:00:00,0.77671,0.77698,0.77531,0.7759,0,0
2015-06-11,09:00:00,0.77596,0.77669,0.77458,0.77611,0,0
2015-06-11,10:00:00,0.77606,0.77606,0.77376,0.77435,0,0
2015-06-11,11:00:00,0.77435,0.77486,0.77385,0.77469,0,0
2015-06-11,12:00:00,0.77472,0.77472,0.77205,0.77335,0,0
2015-06-11,13:00:00,0.77334,0.77395,0.77293,0.77315,0,0
2015-06-11,14:00:00,0.7731,0.77383,0.77181,0.77193,0,0
2015-06-11,15:00:00,0.77198,0.77547,0.76941,0.77437,0,0
2015-06-11,16:00:00,0.77423,0.77437,0.77154,0.77237,0,0
2015-06-11,17:00:00,0.77238,0.77363,0.77148,0.77193,0,0
2015-06-11,18:00:00,0.77196,0.77356,0.77183,0.77254,0,0
2015-06-11,19:00:00,0.77255,0.77286,0.77232,0.77286,0,0
2015-06-11,20:00:00,0.77285,0.77343,0.77266,0.77322,0,0
2015-06-11,21:00:00,0.77323,0.7754,0.77323,0.77509,0,0
2015-06-11,22:00:00,0.77503,0.77647,0.77503,0.77642,0,0
2015-06-11,23:00:00,0.77639,0.77685,0.77533,0.7755,0,0
2015-06-11,23:59:00,0.77549,0.77587,0.77493,0.77546,0,0
2015-06-12,01:00:00,0.77539,0.77543,0.77488,0.77504,0,0
2015-06-12,02:00:00,0.77503,0.77562,0.77461,0.77462,0,0
2015-06-12,03:00:00,0.77472,0.77534,0.77394,0.77521,0,0
2015-06-12,04:00:00,0.77523,0.7758,0.77438,0.77502,0,0
2015-06-12,05:00:00,0.775,0.77535,0.77459,0.77487,0,0
2015-06-12,06:00:00,0.77486,0.7754,0.77462,0.77465,0,0
2015-06-12,07:00:00,0.77465,0.77486,0.77362,0.77364,0,0
2015-06-12,08:00:00,0.77364,0.77464,0.77266,0.77378,0,0
2015-06-12,09:00:00,0.77389,0.77409,0.77209,0.7724,0,0
2015-06-12,10:00:00,0.77239,0.77329,0.77116,0.77119,0,0
2015-06-12,11:00:00,0.77108,0.77127,0.76784,0.76868,0,0
2015-06-12,12:00:00,0.7686,0.77096,0.76798,0.77083,0,0
2015-06-12,13:00:00,0.77082,0.77193,0.76987,0.76987,0,0
2015-06-12,14:00:00,0.76987,0.77108,0.76928,0.77092,0,0
2015-06-12,15:00:00,0.77089,0.77202,0.76994,0.76994,0,0
2015-06-12,16:00:00,0.76998,0.7718,0.76898,0.77147,0,0
2015-06-12,17:00:00,0.77146,0.77477,0.77093,0.77384,0,0
2015-06-12,18:00:00,0.77386,0.77537,0.77345,0.77404,0,0
2015-06-12,19:00:00,0.77409,0.77501,0.77357,0.7744,0,0
2015-06-12,20:00:00,0.77441,0.7747,0.77396,0.77438,0,0
2015-06-12,21:00:00,0.77431,0.77489,0.77325,0.77366,0,0
2015-06-12,22:00:00,0.77375,0.77375,0.7725,0.77335,0,0
2015-06-12,23:00:00,0.77334,0.77337,0.77329,0.77335,0,0
2015-06-15,01:00:00,0.77426,0.77432,0.77298,0.77312,0,0
2015-06-15,02:00:00,0.77312,0.77347,0.77262,0.77292,0,0
2015-06-15,03:00:00,0.77292,0.77292,0.77127,0.77162,0,0
2015-06-15,04:00:00,0.77152,0.77222,0.77108,0.77214,0,0
2015-06-15,05:00:00,0.77204,0.77233,0.7715,0.77171,0,0
2015-06-15,06:00:00,0.77162,0.77216,0.77123,0.77181,0,0
2015-06-15,07:00:00,0.77181,0.77234,0.77109,0.77122,0,0
2015-06-15,08:00:00,0.77115,0.77164,0.7704,0.77093,0,0
2015-06-15,09:00:00,0.77114,0.77327,0.77098,0.77272,0,0
2015-06-15,10:00:00,0.77261,0.77324,0.77154,0.77253,0,0
2015-06-15,11:00:00,0.77243,0.77244,0.77162,0.77165,0,0
2015-06-15,12:00:00,0.77164,0.77273,0.7715,0.77243,0,0
2015-06-15,13:00:00,0.77243,0.77316,0.77173,0.77316,0,0
2015-06-15,14:00:00,0.77314,0.77433,0.77314,0.77391,0,0
2015-06-15,15:00:00,0.77391,0.77706,0.77388,0.77644,0,0
2015-06-15,16:00:00,0.77644,0.77766,0.77549,0.77662,0,0
2015-06-15,17:00:00,0.77658,0.77766,0.77654,0.77675,0,0
2015-06-15,18:00:00,0.77666,0.77695,0.77554,0.77659,0,0
2015-06-15,19:00:00,0.77663,0.7772,0.77584,0.77701,0,0
2015-06-15,20:00:00,0.777,0.77702,0.77536,0.77596,0,0
2015-06-15,21:00:00,0.77595,0.77705,0.77562,0.77636,0,0
2015-06-15,22:00:00,0.77641,0.7769,0.77632,0.77632,0,0
2015-06-15,23:00:00,0.77641,0.77675,0.77632,0.77652,0,0
2015-06-15,23:59:00,0.77654,0.77657,0.77591,0.77614,0,0
2015-06-16,01:00:00,0.77614,0.77643,0.77572,0.77636,0,0
2015-06-16,02:00:00,0.77637,0.77637,0.77557,0.77574,0,0
2015-06-16,03:00:00,0.77575,0.77599,0.77484,0.77546,0,0
2015-06-16,04:00:00,0.77537,0.77806,0.77436,0.77659,0,0
2015-06-16,05:00:00,0.77672,0.77676,0.77553,0.77661,0,0
2015-06-16,06:00:00,0.77663,0.77677,0.77576,0.77611,0,0
2015-06-16,07:00:00,0.77618,0.77683,0.77596,0.77598,0,0
2015-06-16,08:00:00,0.77599,0.7761,0.77508,0.77522,0,0
2015-06-16,09:00:00,0.7752,0.77546,0.77342,0.77479,0,0
2015-06-16,10:00:00,0.77482,0.77487,0.77348,0.77357,0,0
2015-06-16,11:00:00,0.77377,0.77403,0.77227,0.77275,0,0
2015-06-16,12:00:00,0.77271,0.77372,0.77258,0.77337,0,0
2015-06-16,13:00:00,0.77326,0.77444,0.77326,0.77371,0,0
2015-06-16,14:00:00,0.77374,0.77473,0.77358,0.77435,0,0
2015-06-16,15:00:00,0.77433,0.7753,0.77405,0.77503,0,0
2015-06-16,16:00:00,0.7751,0.77622,0.77476,0.77618,0,0
2015-06-16,17:00:00,0.77626,0.77699,0.77536,0.77539,0,0
2015-06-16,18:00:00,0.77535,0.77568,0.77484,0.77521,0,0
2015-06-16,19:00:00,0.77525,0.77547,0.77477,0.77487,0,0
2015-06-16,20:00:00,0.77488,0.77501,0.77396,0.77406,0,0
2015-06-16,21:00:00,0.77415,0.77486,0.77411,0.77434,0,0
2015-06-16,22:00:00,0.77435,0.77455,0.77422,0.77427,0,0
2015-06-16,23:00:00,0.77431,0.77537,0.77428,0.77516,0,0
2015-06-16,23:59:00,0.77515,0.77572,0.77483,0.77501,0,0
2015-06-17,01:00:00,0.77499,0.77573,0.77485,0.7752,0,0
2015-06-17,02:00:00,0.77518,0.77535,0.77444,0.77448,0,0
2015-06-17,03:00:00,0.7745,0.77474,0.77401,0.77474,0,0
2015-06-17,04:00:00,0.77472,0.77488,0.77293,0.77336,0,0
2015-06-17,05:00:00,0.77335,0.77367,0.77254,0.77258,0,0
2015-06-17,06:00:00,0.77258,0.77299,0.77155,0.77298,0,0
2015-06-17,07:00:00,0.77296,0.77296,0.77202,0.77223,0,0
2015-06-17,08:00:00,0.77222,0.77268,0.77185,0.77207,0,0
2015-06-17,09:00:00,0.77206,0.77284,0.77088,0.77164,0,0
2015-06-17,10:00:00,0.77166,0.77217,0.76955,0.77054,0,0
2015-06-17,11:00:00,0.77048,0.77056,0.76815,0.76828,0,0
2015-06-17,12:00:00,0.76827,0.76905,0.76815,0.7688,0,0
2015-06-17,13:00:00,0.76891,0.76905,0.76723,0.76738,0,0
2015-06-17,14:00:00,0.76745,0.76846,0.76714,0.76787,0,0
2015-06-17,15:00:00,0.76803,0.76845,0.76706,0.76845,0,0
2015-06-17,16:00:00,0.76846,0.76993,0.76798,0.76866,0,0
2015-06-17,17:00:00,0.76866,0.76867,0.76623,0.76657,0,0
2015-06-17,18:00:00,0.76662,0.76736,0.76608,0.76666,0,0
2015-06-17,19:00:00,0.76668,0.76707,0.76607,0.76668,0,0
2015-06-17,20:00:00,0.76661,0.76792,0.76634,0.76732,0,0
2015-06-17,21:00:00,0.76712,0.77521,0.76487,0.77498,0,0
2015-06-17,22:00:00,0.77499,0.77698,0.77349,0.77442,0,0
2015-06-17,23:00:00,0.77443,0.77523,0.77413,0.77501,0,0
2015-06-17,23:59:00,0.77479,0.77565,0.77462,0.77513,0,0
2015-06-18,01:00:00,0.77513,0.77517,0.77208,0.77359,0,0
2015-06-18,02:00:00,0.77357,0.77403,0.77187,0.77215,0,0
2015-06-18,03:00:00,0.77214,0.7736,0.77116,0.77305,0,0
2015-06-18,04:00:00,0.77306,0.77409,0.77237,0.77326,0,0
2015-06-18,05:00:00,0.77325,0.77379,0.77227,0.77372,0,0
2015-06-18,06:00:00,0.77364,0.77373,0.77209,0.77226,0,0
2015-06-18,07:00:00,0.77226,0.77238,0.77152,0.77236,0,0
2015-06-18,08:00:00,0.77244,0.77394,0.77192,0.77327,0,0
2015-06-18,09:00:00,0.77328,0.77497,0.77293,0.77381,0,0
2015-06-18,10:00:00,0.77376,0.77759,0.77362,0.77704,0,0
2015-06-18,11:00:00,0.77692,0.77946,0.77683,0.77884,0,0
2015-06-18,12:00:00,0.77883,0.78315,0.7782,0.78313,0,0
2015-06-18,13:00:00,0.78322,0.78334,0.78185,0.782,0,0
2015-06-18,14:00:00,0.78199,0.78412,0.78194,0.78347,0,0
2015-06-18,15:00:00,0.78347,0.78488,0.78228,0.78319,0,0
2015-06-18,16:00:00,0.78324,0.78484,0.78304,0.78447,0,0
2015-06-18,17:00:00,0.7844,0.78447,0.78176,0.78266,0,0
2015-06-18,18:00:00,0.78269,0.78387,0.78252,0.78288,0,0
2015-06-18,19:00:00,0.78296,0.78297,0.78062,0.78121,0,0
2015-06-18,20:00:00,0.78121,0.78179,0.77999,0.78036,0,0
2015-06-18,21:00:00,0.78038,0.78069,0.77946,0.77949,0,0
2015-06-18,22:00:00,0.77957,0.78058,0.77937,0.78006,0,0
2015-06-18,23:00:00,0.78001,0.78045,0.7797,0.77998,0,0
2015-06-18,23:59:00,0.7798,0.78028,0.77965,0.7801,0,0
2015-06-19,01:00:00,0.7801,0.78067,0.77987,0.78046,0,0
2015-06-19,02:00:00,0.78046,0.78046,0.77875,0.779,0,0
2015-06-19,03:00:00,0.77907,0.78035,0.77809,0.78035,0,0
2015-06-19,04:00:00,0.78035,0.78081,0.77888,0.77924,0,0
2015-06-19,05:00:00,0.77924,0.77934,0.77819,0.77883,0,0
2015-06-19,06:00:00,0.77885,0.77893,0.77792,0.77809,0,0
2015-06-19,07:00:00,0.77809,0.77813,0.77637,0.77679,0,0
2015-06-19,08:00:00,0.77679,0.77702,0.77573,0.77654,0,0
2015-06-19,09:00:00,0.77652,0.7769,0.77579,0.77628,0,0
2015-06-19,10:00:00,0.77628,0.77735,0.77541,0.77634,0,0
2015-06-19,11:00:00,0.7763,0.77714,0.776,0.77686,0,0
2015-06-19,12:00:00,0.77692,0.77733,0.77468,0.77553,0,0
2015-06-19,13:00:00,0.77553,0.77603,0.77467,0.7752,0,0
2015-06-19,14:00:00,0.77516,0.77656,0.77492,0.77559,0,0
2015-06-19,15:00:00,0.77555,0.77555,0.77369,0.77469,0,0
2015-06-19,16:00:00,0.77465,0.77714,0.77429,0.77634,0,0
2015-06-19,17:00:00,0.77634,0.77656,0.77553,0.77574,0,0
2015-06-19,18:00:00,0.77573,0.77577,0.77452,0.7757,0,0
2015-06-19,19:00:00,0.77572,0.77611,0.77528,0.77592,0,0
2015-06-19,20:00:00,0.77566,0.77699,0.77566,0.77671,0,0
2015-06-19,21:00:00,0.77671,0.77714,0.77657,0.7767,0,0
2015-06-19,22:00:00,0.77669,0.77706,0.77658,0.77706,0,0
2015-06-19,23:00:00,0.77705,0.77705,0.77684,0.7769,0,0
2015-06-22,01:00:00,0.77657,0.77737,0.77614,0.77686,0,0
2015-06-22,02:00:00,0.77686,0.77746,0.77636,0.77657,0,0
2015-06-22,03:00:00,0.77657,0.7776,0.77647,0.77728,0,0
2015-06-22,04:00:00,0.77727,0.77886,0.7772,0.77785,0,0
2015-06-22,05:00:00,0.77785,0.7783,0.7775,0.77751,0,0
2015-06-22,06:00:00,0.77751,0.77827,0.77727,0.77824,0,0
2015-06-22,07:00:00,0.77824,0.77871,0.77797,0.77813,0,0
2015-06-22,08:00:00,0.77815,0.7795,0.77763,0.77943,0,0
2015-06-22,09:00:00,0.77953,0.77964,0.77867,0.77898,0,0
2015-06-22,10:00:00,0.77895,0.77932,0.7767,0.7767,0,0
2015-06-22,11:00:00,0.77658,0.77752,0.77643,0.77751,0,0
2015-06-22,12:00:00,0.77752,0.77795,0.77709,0.77767,0,0
2015-06-22,13:00:00,0.77764,0.77776,0.77539,0.77589,0,0
2015-06-22,14:00:00,0.77586,0.77641,0.77532,0.77593,0,0
2015-06-22,15:00:00,0.77593,0.77763,0.77572,0.7773,0,0
2015-06-22,16:00:00,0.7773,0.7781,0.7765,0.7768,0,0
2015-06-22,17:00:00,0.77642,0.77662,0.7753,0.77584,0,0
2015-06-22,18:00:00,0.77582,0.77583,0.77369,0.77452,0,0
2015-06-22,19:00:00,0.77446,0.77452,0.77232,0.77322,0,0
2015-06-22,20:00:00,0.77322,0.77345,0.77263,0.773,0,0
2015-06-22,21:00:00,0.773,0.77368,0.77249,0.77263,0,0
2015-06-22,22:00:00,0.77262,0.77311,0.77214,0.77262,0,0
2015-06-22,23:00:00,0.77261,0.77331,0.7725,0.77283,0,0
2015-06-22,23:59:00,0.77281,0.77327,0.77225,0.7731,0,0
2015-06-23,01:00:00,0.77308,0.7733,0.77248,0.77248,0,0
2015-06-23,02:00:00,0.77252,0.77312,0.77248,0.77289,0,0
2015-06-23,03:00:00,0.77289,0.77391,0.77267,0.77306,0,0
2015-06-23,04:00:00,0.77297,0.77351,0.771,0.77107,0,0
2015-06-23,05:00:00,0.77102,0.77168,0.76952,0.76983,0,0
2015-06-23,06:00:00,0.76976,0.77101,0.76948,0.77001,0,0
2015-06-23,07:00:00,0.76994,0.77042,0.76968,0.77034,0,0
2015-06-23,08:00:00,0.77039,0.77169,0.77018,0.77169,0,0
2015-06-23,09:00:00,0.7717,0.77434,0.77103,0.77377,0,0
2015-06-23,10:00:00,0.77377,0.7743,0.77205,0.77219,0,0
2015-06-23,11:00:00,0.77227,0.77332,0.77152,0.77237,0,0
2015-06-23,12:00:00,0.77237,0.77316,0.77187,0.77237,0,0
2015-06-23,13:00:00,0.77237,0.77247,0.77095,0.77126,0,0
2015-06-23,14:00:00,0.77126,0.77159,0.77071,0.77087,0,0
2015-06-23,15:00:00,0.77079,0.77234,0.76868,0.76937,0,0
2015-06-23,16:00:00,0.76938,0.77035,0.76803,0.77021,0,0
2015-06-23,17:00:00,0.77019,0.77317,0.76956,0.77248,0,0
2015-06-23,18:00:00,0.77251,0.77477,0.77242,0.77385,0,0
2015-06-23,19:00:00,0.77385,0.77386,0.77205,0.77238,0,0
2015-06-23,20:00:00,0.77238,0.77337,0.7722,0.77274,0,0
2015-06-23,21:00:00,0.77275,0.773,0.77215,0.773,0,0
2015-06-23,22:00:00,0.77295,0.77347,0.77256,0.77339,0,0
2015-06-23,23:00:00,0.77334,0.77437,0.77325,0.77361,0,0
2015-06-23,23:59:00,0.77362,0.77378,0.77267,0.77351,0,0
2015-06-24,01:00:00,0.77342,0.77403,0.77335,0.77374,0,0
2015-06-24,02:00:00,0.77374,0.77434,0.77369,0.77425,0,0
2015-06-24,03:00:00,0.77435,0.77584,0.77435,0.77468,0,0
2015-06-24,04:00:00,0.77461,0.77513,0.77349,0.77353,0,0
2015-06-24,05:00:00,0.77353,0.77421,0.77319,0.77361,0,0
2015-06-24,06:00:00,0.77361,0.77417,0.77263,0.77303,0,0
2015-06-24,07:00:00,0.77303,0.77338,0.77128,0.77154,0,0
2015-06-24,08:00:00,0.77152,0.77313,0.77151,0.77233,0,0
2015-06-24,09:00:00,0.77234,0.77359,0.7719,0.77306,0,0
2015-06-24,10:00:00,0.77304,0.77454,0.77222,0.77436,0,0
2015-06-24,11:00:00,0.77438,0.77704,0.77391,0.77545,0,0
2015-06-24,12:00:00,0.77543,0.7757,0.7735,0.77471,0,0
2015-06-24,13:00:00,0.77471,0.77482,0.7737,0.77404,0,0
2015-06-24,14:00:00,0.77414,0.77479,0.77351,0.77434,0,0
2015-06-24,15:00:00,0.77434,0.77487,0.77254,0.7727,0,0
2015-06-24,16:00:00,0.77271,0.77292,0.77062,0.77066,0,0
2015-06-24,17:00:00,0.77065,0.77093,0.76869,0.76882,0,0
2015-06-24,18:00:00,0.76884,0.76988,0.76835,0.76882,0,0
2015-06-24,19:00:00,0.76882,0.77084,0.76862,0.77047,0,0
2015-06-24,20:00:00,0.77047,0.77162,0.77025,0.77118,0,0
2015-06-24,21:00:00,0.77122,0.77134,0.77044,0.77095,0,0
2015-06-24,22:00:00,0.77102,0.77132,0.77036,0.77047,0,0
2015-06-24,23:00:00,0.77047,0.77081,0.77018,0.77041,0,0
2015-06-24,23:59:00,0.77041,0.77066,0.77,0.77029,0,0
2015-06-25,01:00:00,0.77028,0.77065,0.76967,0.77038,0,0
2015-06-25,02:00:00,0.77038,0.77097,0.77035,0.77068,0,0
2015-06-25,03:00:00,0.77065,0.77196,0.77061,0.7719,0,0
2015-06-25,04:00:00,0.7719,0.77305,0.77143,0.7721,0,0
2015-06-25,05:00:00,0.77211,0.77366,0.77196,0.77347,0,0
2015-06-25,06:00:00,0.77347,0.77483,0.77324,0.77456,0,0
2015-06-25,07:00:00,0.77456,0.77469,0.77345,0.77429,0,0
2015-06-25,08:00:00,0.77429,0.77448,0.77328,0.77382,0,0
2015-06-25,09:00:00,0.77392,0.77488,0.77242,0.77312,0,0
2015-06-25,10:00:00,0.77312,0.77366,0.77266,0.77296,0,0
2015-06-25,11:00:00,0.77298,0.77427,0.77238,0.7733,0,0
2015-06-25,12:00:00,0.7733,0.77464,0.77327,0.7741,0,0
2015-06-25,13:00:00,0.77411,0.77474,0.77329,0.77383,0,0
2015-06-25,14:00:00,0.77383,0.77436,0.77338,0.77409,0,0
2015-06-25,15:00:00,0.77408,0.77429,0.77276,0.77373,0,0
2015-06-25,16:00:00,0.77373,0.77413,0.77345,0.77351,0,0
2015-06-25,17:00:00,0.77348,0.77463,0.77339,0.77398,0,0
2015-06-25,18:00:00,0.77406,0.77517,0.77398,0.77407,0,0
2015-06-25,19:00:00,0.77406,0.77439,0.77387,0.77438,0,0
2015-06-25,20:00:00,0.77438,0.77524,0.77415,0.77477,0,0
2015-06-25,21:00:00,0.77477,0.77483,0.77407,0.77427,0,0
2015-06-25,22:00:00,0.77428,0.77436,0.77397,0.77408,0,0
2015-06-25,23:00:00,0.77408,0.77412,0.77371,0.77382,0,0
2015-06-25,23:59:00,0.77383,0.7741,0.77314,0.77337,0,0
2015-06-26,01:00:00,0.77334,0.77398,0.77334,0.77374,0,0
2015-06-26,02:00:00,0.77373,0.774,0.77307,0.77322,0,0
2015-06-26,03:00:00,0.77322,0.77344,0.77247,0.77274,0,0
2015-06-26,04:00:00,0.77273,0.77273,0.77096,0.77165,0,0
2015-06-26,05:00:00,0.77165,0.77277,0.77145,0.77225,0,0
2015-06-26,06:00:00,0.77227,0.77286,0.77128,0.77171,0,0
2015-06-26,07:00:00,0.7717,0.77276,0.77142,0.77201,0,0
2015-06-26,08:00:00,0.77195,0.77217,0.77142,0.77175,0,0
2015-06-26,09:00:00,0.77177,0.77189,0.76991,0.77013,0,0
2015-06-26,10:00:00,0.77014,0.77134,0.76964,0.77066,0,0
2015-06-26,11:00:00,0.77065,0.77097,0.77019,0.77071,0,0
2015-06-26,12:00:00,0.77072,0.77075,0.76883,0.76908,0,0
2015-06-26,13:00:00,0.76906,0.76983,0.7685,0.76905,0,0
2015-06-26,14:00:00,0.76911,0.76954,0.76588,0.7659,0,0
2015-06-26,15:00:00,0.76578,0.76645,0.76458,0.76458,0,0
2015-06-26,16:00:00,0.76459,0.76535,0.7631,0.7649,0,0
2015-06-26,17:00:00,0.7649,0.76582,0.76402,0.76423,0,0
2015-06-26,18:00:00,0.76408,0.765,0.76365,0.76488,0,0
2015-06-26,19:00:00,0.76484,0.76543,0.76434,0.76511,0,0
2015-06-26,20:00:00,0.76503,0.7654,0.7644,0.76504,0,0
2015-06-26,21:00:00,0.76503,0.76557,0.76468,0.76519,0,0
2015-06-26,22:00:00,0.76518,0.76557,0.76499,0.76557,0,0
2015-06-26,23:00:00,0.76562,0.76563,0.76554,0.7656,0,0
2015-06-29,01:00:00,0.76187,0.76464,0.75879,0.76174,0,0
2015-06-29,02:00:00,0.76203,0.76354,0.76059,0.76199,0,0
2015-06-29,03:00:00,0.76189,0.76393,0.76134,0.76317,0,0
2015-06-29,04:00:00,0.76317,0.76456,0.76317,0.76426,0,0
2015-06-29,05:00:00,0.76421,0.7693,0.76398,0.7659,0,0
2015-06-29,06:00:00,0.76592,0.76667,0.76508,0.76564,0,0
2015-06-29,07:00:00,0.76564,0.76588,0.76502,0.76505,0,0
2015-06-29,08:00:00,0.76506,0.76528,0.76326,0.76494,0,0
2015-06-29,09:00:00,0.76495,0.76695,0.76369,0.76581,0,0
2015-06-29,10:00:00,0.766,0.76601,0.76359,0.7647,0,0
2015-06-29,11:00:00,0.76469,0.7659,0.76356,0.76583,0,0
2015-06-29,12:00:00,0.76583,0.76642,0.76468,0.76522,0,0
2015-06-29,13:00:00,0.76524,0.76615,0.76513,0.76612,0,0
2015-06-29,14:00:00,0.76609,0.76673,0.76539,0.76539,0,0
2015-06-29,15:00:00,0.76542,0.76736,0.76542,0.76671,0,0
2015-06-29,16:00:00,0.76674,0.76692,0.76506,0.76529,0,0
2015-06-29,17:00:00,0.76519,0.76628,0.76427,0.76512,0,0
2015-06-29,18:00:00,0.76507,0.76785,0.76473,0.76755,0,0
2015-06-29,19:00:00,0.76763,0.76849,0.76722,0.76847,0,0
2015-06-29,20:00:00,0.76857,0.77122,0.76834,0.77012,0,0
2015-06-29,21:00:00,0.77013,0.77071,0.76941,0.77055,0,0
2015-06-29,22:00:00,0.77045,0.77045,0.76843,0.76871,0,0
2015-06-29,23:00:00,0.76875,0.76917,0.76791,0.76791,0,0
2015-06-29,23:59:00,0.76791,0.76829,0.7673,0.76784,0,0
2015-06-30,01:00:00,0.76784,0.76804,0.76712,0.76727,0,0
2015-06-30,02:00:00,0.76728,0.76815,0.76713,0.76726,0,0
2015-06-30,03:00:00,0.76726,0.76818,0.76643,0.76721,0,0
2015-06-30,04:00:00,0.76723,0.76812,0.76602,0.76781,0,0
2015-06-30,05:00:00,0.76745,0.7678,0.76619,0.76713,0,0
2015-06-30,06:00:00,0.76714,0.76756,0.76599,0.76716,0,0
2015-06-30,07:00:00,0.76737,0.76766,0.76648,0.76755,0,0
2015-06-30,08:00:00,0.76754,0.7683,0.76684,0.76775,0,0
2015-06-30,09:00:00,0.76774,0.7695,0.76709,0.76719,0,0
2015-06-30,10:00:00,0.7672,0.76916,0.76691,0.76818,0,0
2015-06-30,11:00:00,0.76818,0.76874,0.76701,0.76801,0,0
2015-06-30,12:00:00,0.76801,0.7694,0.7671,0.76761,0,0
2015-06-30,13:00:00,0.76755,0.76833,0.76659,0.7678,0,0
2015-06-30,14:00:00,0.76781,0.76941,0.76763,0.76854,0,0
2015-06-30,15:00:00,0.76853,0.77134,0.76813,0.77079,0,0
2015-06-30,16:00:00,0.77085,0.77242,0.77052,0.77157,0,0
2015-06-30,17:00:00,0.77157,0.77192,0.76843,0.76843,0,0
2015-06-30,18:00:00,0.76864,0.77031,0.76817,0.77029,0,0
2015-06-30,19:00:00,0.7703,0.77106,0.76989,0.77086,0,0
2015-06-30,20:00:00,0.77085,0.77119,0.77018,0.77069,0,0
2015-06-30,21:00:00,0.77064,0.77176,0.77047,0.77159,0,0
2015-06-30,22:00:00,0.77158,0.77164,0.77097,0.77152,0,0
2015-06-30,23:00:00,0.77156,0.7716,0.77045,0.77073,0,0
2015-06-30,23:59:00,0.77075,0.77075,0.77004,0.77044,0,0
2015-07-01,01:00:00,0.77043,0.77085,0.76923,0.76926,0,0
2015-07-01,02:00:00,0.76926,0.77,0.76907,0.76936,0,0
2015-07-01,03:00:00,0.7692,0.77146,0.76918,0.77075,0,0
2015-07-01,04:00:00,0.77144,0.77234,0.76971,0.77163,0,0
2015-07-01,05:00:00,0.77163,0.77379,0.77162,0.77234,0,0
2015-07-01,06:00:00,0.77237,0.77346,0.7722,0.77294,0,0
2015-07-01,07:00:00,0.77294,0.77294,0.77135,0.77172,0,0
2015-07-01,08:00:00,0.77172,0.77203,0.771,0.7715,0,0
2015-07-01,09:00:00,0.77144,0.77197,0.77026,0.77173,0,0
2015-07-01,10:00:00,0.77166,0.77196,0.77059,0.77146,0,0
2015-07-01,11:00:00,0.77138,0.7714,0.77011,0.77129,0,0
2015-07-01,12:00:00,0.77127,0.77215,0.77074,0.77096,0,0
2015-07-01,13:00:00,0.77096,0.77111,0.76946,0.77032,0,0
2015-07-01,14:00:00,0.7703,0.77056,0.76823,0.76844,0,0
2015-07-01,15:00:00,0.76839,0.76856,0.76659,0.7677,0,0
2015-07-01,16:00:00,0.76767,0.76771,0.76519,0.76566,0,0
2015-07-01,17:00:00,0.76565,0.76761,0.76518,0.76655,0,0
2015-07-01,18:00:00,0.76655,0.76751,0.76596,0.76626,0,0
2015-07-01,19:00:00,0.76625,0.76646,0.76584,0.76606,0,0
2015-07-01,20:00:00,0.76615,0.76615,0.76503,0.76547,0,0
2015-07-01,21:00:00,0.76538,0.76576,0.76391,0.76446,0,0
2015-07-01,22:00:00,0.7643,0.76522,0.76428,0.76508,0,0
2015-07-01,23:00:00,0.76497,0.76528,0.76449,0.7645,0,0
2015-07-01,23:59:00,0.76445,0.76526,0.76431,0.7649,0,0
2015-07-02,01:00:00,0.76488,0.76495,0.76336,0.76376,0,0
2015-07-02,02:00:00,0.76377,0.76419,0.7634,0.76379,0,0
2015-07-02,03:00:00,0.76375,0.76512,0.76375,0.76512,0,0
2015-07-02,04:00:00,0.76522,0.7655,0.76295,0.76395,0,0
2015-07-02,05:00:00,0.76388,0.76452,0.76328,0.76433,0,0
2015-07-02,06:00:00,0.76433,0.76576,0.76432,0.76541,0,0
2015-07-02,07:00:00,0.76545,0.76554,0.76465,0.76508,0,0
2015-07-02,08:00:00,0.76509,0.7653,0.7643,0.76492,0,0
2015-07-02,09:00:00,0.76497,0.76513,0.76258,0.76352,0,0
2015-07-02,10:00:00,0.76352,0.76362,0.7612,0.76149,0,0
2015-07-02,11:00:00,0.76147,0.76163,0.76036,0.76045,0,0
2015-07-02,12:00:00,0.76048,0.76118,0.75992,0.76095,0,0
2015-07-02,13:00:00,0.76096,0.76103,0.75991,0.76041,0,0
2015-07-02,14:00:00,0.76027,0.76066,0.75913,0.75923,0,0
2015-07-02,15:00:00,0.75925,0.76423,0.75898,0.76229,0,0
2015-07-02,16:00:00,0.76218,0.76294,0.76137,0.76168,0,0
2015-07-02,17:00:00,0.76168,0.76367,0.76168,0.76335,0,0
2015-07-02,18:00:00,0.76334,0.76353,0.76249,0.76288,0,0
2015-07-02,19:00:00,0.76289,0.76351,0.76288,0.76345,0,0
2015-07-02,20:00:00,0.76341,0.76341,0.76238,0.76254,0,0
2015-07-02,21:00:00,0.76268,0.76278,0.76211,0.76219,0,0
2015-07-02,22:00:00,0.76223,0.76345,0.76209,0.7632,0,0
2015-07-02,23:00:00,0.76313,0.7637,0.76305,0.76321,0,0
2015-07-02,23:59:00,0.76327,0.76367,0.76302,0.76338,0,0
2015-07-03,01:00:00,0.76344,0.76398,0.7631,0.76363,0,0
2015-07-03,02:00:00,0.76363,0.76377,0.76327,0.76366,0,0
2015-07-03,03:00:00,0.76366,0.76488,0.76331,0.76429,0,0
2015-07-03,04:00:00,0.76427,0.76447,0.75937,0.75966,0,0
2015-07-03,05:00:00,0.75968,0.75989,0.75798,0.75845,0,0
2015-07-03,06:00:00,0.75845,0.75887,0.75686,0.75845,0,0
2015-07-03,07:00:00,0.75845,0.75964,0.75803,0.75888,0,0
2015-07-03,08:00:00,0.75896,0.75947,0.75812,0.75872,0,0
2015-07-03,09:00:00,0.75865,0.75895,0.75801,0.75836,0,0
2015-07-03,10:00:00,0.75836,0.75854,0.75539,0.75583,0,0
2015-07-03,11:00:00,0.75578,0.75624,0.75377,0.75394,0,0
2015-07-03,12:00:00,0.75384,0.75482,0.75286,0.75384,0,0
2015-07-03,13:00:00,0.75384,0.75384,0.75112,0.75196,0,0
2015-07-03,14:00:00,0.75196,0.75349,0.75186,0.75244,0,0
2015-07-03,15:00:00,0.75243,0.75299,0.75191,0.75251,0,0
2015-07-03,16:00:00,0.75253,0.75253,0.75096,0.75142,0,0
2015-07-03,17:00:00,0.75146,0.75199,0.75096,0.75176,0,0
2015-07-03,18:00:00,0.75173,0.75196,0.75107,0.75148,0,0
2015-07-03,19:00:00,0.75149,0.75193,0.75143,0.75184,0,0
2015-07-03,20:00:00,0.75183,0.75257,0.75133,0.75237,0,0
2015-07-03,21:00:00,0.75237,0.75275,0.75193,0.75197,0,0
2015-07-03,22:00:00,0.75197,0.75316,0.75153,0.75282,0,0
2015-07-03,23:00:00,0.75282,0.75287,0.75266,0.75268,0,0
2015-07-06,01:00:00,0.74672,0.74938,0.74636,0.74895,0,0
2015-07-06,02:00:00,0.74895,0.75115,0.74822,0.74847,0,0
2015-07-06,03:00:00,0.74857,0.75148,0.74857,0.75116,0,0
2015-07-06,04:00:00,0.75115,0.75182,0.75016,0.75046,0,0
2015-07-06,05:00:00,0.75049,0.75052,0.74849,0.7497,0,0
2015-07-06,06:00:00,0.7497,0.74981,0.74795,0.74828,0,0
2015-07-06,07:00:00,0.74832,0.74838,0.74684,0.74788,0,0
2015-07-06,08:00:00,0.74788,0.74999,0.74642,0.74885,0,0
2015-07-06,09:00:00,0.74876,0.7514,0.74875,0.75103,0,0
2015-07-06,10:00:00,0.75106,0.75202,0.7499,0.75107,0,0
2015-07-06,11:00:00,0.75104,0.75158,0.75,0.75009,0,0
2015-07-06,12:00:00,0.75013,0.75123,0.7492,0.75122,0,0
2015-07-06,13:00:00,0.75122,0.75127,0.74841,0.74896,0,0
2015-07-06,14:00:00,0.7489,0.74951,0.74839,0.749,0,0
2015-07-06,15:00:00,0.74894,0.75081,0.74894,0.75051,0,0
2015-07-06,16:00:00,0.75051,0.75162,0.75023,0.75129,0,0
2015-07-06,17:00:00,0.75163,0.75311,0.75052,0.75303,0,0
2015-07-06,18:00:00,0.75294,0.75294,0.75135,0.75192,0,0
2015-07-06,19:00:00,0.75192,0.75326,0.75135,0.75163,0,0
2015-07-06,20:00:00,0.75172,0.75218,0.75073,0.75075,0,0
2015-07-06,21:00:00,0.75075,0.75098,0.74953,0.74956,0,0
2015-07-06,22:00:00,0.74951,0.75001,0.74917,0.74984,0,0
2015-07-06,23:00:00,0.74978,0.75005,0.74943,0.74989,0,0
2015-07-06,23:59:00,0.74995,0.75022,0.74953,0.74988,0,0
2015-07-07,01:00:00,0.74983,0.75014,0.74914,0.74917,0,0
2015-07-07,02:00:00,0.74917,0.74928,0.74749,0.74751,0,0
2015-07-07,03:00:00,0.7475,0.74889,0.74745,0.74785,0,0
2015-07-07,04:00:00,0.74785,0.74871,0.74739,0.74848,0,0
2015-07-07,05:00:00,0.74828,0.74879,0.74793,0.74795,0,0
2015-07-07,06:00:00,0.74795,0.74811,0.7468,0.74708,0,0
2015-07-07,07:00:00,0.74709,0.74902,0.74649,0.74841,0,0
2015-07-07,08:00:00,0.74839,0.74987,0.74832,0.74917,0,0
2015-07-07,09:00:00,0.74917,0.74953,0.74844,0.74844,0,0
2015-07-07,10:00:00,0.74844,0.74866,0.74349,0.74392,0,0
2015-07-07,11:00:00,0.74389,0.74445,0.74256,0.74387,0,0
2015-07-07,12:00:00,0.74391,0.74437,0.74324,0.74417,0,0
2015-07-07,13:00:00,0.74422,0.7444,0.74178,0.7436,0,0
2015-07-07,14:00:00,0.7435,0.74373,0.74245,0.74246,0,0
2015-07-07,15:00:00,0.74248,0.74316,0.74134,0.74258,0,0
2015-07-07,16:00:00,0.74255,0.7426,0.74052,0.74083,0,0
2015-07-07,17:00:00,0.74103,0.74256,0.73983,0.74254,0,0
2015-07-07,18:00:00,0.74255,0.74375,0.74192,0.74361,0,0
2015-07-07,19:00:00,0.74353,0.74397,0.74247,0.74265,0,0
2015-07-07,20:00:00,0.74259,0.74378,0.74244,0.74338,0,0
2015-07-07,21:00:00,0.74338,0.74401,0.74304,0.74394,0,0
2015-07-07,22:00:00,0.74393,0.7476,0.74393,0.74522,0,0
2015-07-07,23:00:00,0.74511,0.74544,0.74407,0.7452,0,0
2015-07-07,23:59:00,0.74519,0.74519,0.74419,0.74446,0,0
2015-07-08,01:00:00,0.74446,0.745,0.74407,0.74487,0,0
2015-07-08,02:00:00,0.74487,0.74594,0.74464,0.74547,0,0
2015-07-08,03:00:00,0.74548,0.74561,0.74343,0.7435,0,0
2015-07-08,04:00:00,0.7435,0.74371,0.73929,0.74166,0,0
2015-07-08,05:00:00,0.74155,0.74312,0.74121,0.74163,0,0
2015-07-08,06:00:00,0.74164,0.74197,0.74037,0.7413,0,0
2015-07-08,07:00:00,0.7413,0.74241,0.74002,0.74092,0,0
2015-07-08,08:00:00,0.7409,0.74221,0.74067,0.74067,0,0
2015-07-08,09:00:00,0.74075,0.74102,0.73784,0.7386,0,0
2015-07-08,10:00:00,0.73843,0.73993,0.73724,0.73936,0,0
2015-07-08,11:00:00,0.73928,0.74055,0.73797,0.73995,0,0
2015-07-08,12:00:00,0.73998,0.74284,0.73994,0.74192,0,0
2015-07-08,13:00:00,0.74192,0.74247,0.74082,0.74195,0,0
2015-07-08,14:00:00,0.74195,0.7439,0.74185,0.74272,0,0
2015-07-08,15:00:00,0.74264,0.74266,0.74062,0.74186,0,0
2015-07-08,16:00:00,0.74186,0.74399,0.74144,0.74255,0,0
2015-07-08,17:00:00,0.74255,0.74419,0.74137,0.74378,0,0
2015-07-08,18:00:00,0.74377,0.74485,0.7432,0.74446,0,0
2015-07-08,19:00:00,0.74437,0.74499,0.7432,0.74346,0,0
2015-07-08,20:00:00,0.74336,0.74383,0.74273,0.74327,0,0
2015-07-08,21:00:00,0.74329,0.74435,0.74186,0.74195,0,0
2015-07-08,22:00:00,0.74186,0.74346,0.74186,0.74238,0,0
2015-07-08,23:00:00,0.74246,0.743,0.74214,0.74295,0,0
2015-07-08,23:59:00,0.74295,0.7431,0.74236,0.74268,0,0
2015-07-09,01:00:00,0.74275,0.74328,0.7424,0.74313,0,0
2015-07-09,02:00:00,0.74312,0.74321,0.74165,0.74209,0,0
2015-07-09,03:00:00,0.74212,0.74217,0.73925,0.74037,0,0
2015-07-09,04:00:00,0.74036,0.74515,0.74035,0.74396,0,0
2015-07-09,05:00:00,0.74385,0.74746,0.74361,0.74584,0,0
2015-07-09,06:00:00,0.74583,0.74721,0.7455,0.74607,0,0
2015-07-09,07:00:00,0.74607,0.74693,0.74531,0.74685,0,0
2015-07-09,08:00:00,0.74683,0.74907,0.74677,0.74833,0,0
2015-07-09,09:00:00,0.74836,0.74915,0.74733,0.74813,0,0
2015-07-09,10:00:00,0.74801,0.74859,0.74564,0.74594,0,0
2015-07-09,11:00:00,0.74585,0.74695,0.74513,0.74544,0,0
2015-07-09,12:00:00,0.74543,0.74562,0.74271,0.74315,0,0
2015-07-09,13:00:00,0.74315,0.74317,0.74131,0.74297,0,0
2015-07-09,14:00:00,0.74297,0.74506,0.74285,0.74506,0,0
2015-07-09,15:00:00,0.74516,0.74677,0.74499,0.74558,0,0
2015-07-09,16:00:00,0.74558,0.746,0.74452,0.7446,0,0
2015-07-09,17:00:00,0.74462,0.74513,0.74236,0.74278,0,0
2015-07-09,18:00:00,0.74271,0.74443,0.74269,0.74372,0,0
2015-07-09,19:00:00,0.74366,0.74481,0.74344,0.74393,0,0
2015-07-09,20:00:00,0.74391,0.74445,0.74272,0.74347,0,0
2015-07-09,21:00:00,0.74348,0.74441,0.74316,0.74431,0,0
2015-07-09,22:00:00,0.7443,0.74501,0.7439,0.7448,0,0
2015-07-09,23:00:00,0.74482,0.74632,0.74445,0.74474,0,0
2015-07-09,23:59:00,0.74475,0.74563,0.74469,0.74516,0,0
2015-07-10,01:00:00,0.7451,0.7471,0.74473,0.74567,0,0
2015-07-10,02:00:00,0.74567,0.74629,0.74531,0.74594,0,0
2015-07-10,03:00:00,0.74594,0.74768,0.74567,0.74721,0,0
2015-07-10,04:00:00,0.74721,0.74883,0.74721,0.74787,0,0
2015-07-10,05:00:00,0.74777,0.74957,0.74747,0.74873,0,0
2015-07-10,06:00:00,0.74872,0.74899,0.74786,0.74879,0,0
2015-07-10,07:00:00,0.74879,0.74914,0.74809,0.74809,0,0
2015-07-10,08:00:00,0.74809,0.74891,0.74682,0.74846,0,0
2015-07-10,09:00:00,0.74846,0.74903,0.74692,0.7471,0,0
2015-07-10,10:00:00,0.74709,0.74718,0.74561,0.746,0,0
2015-07-10,11:00:00,0.74594,0.7462,0.74469,0.74523,0,0
2015-07-10,12:00:00,0.74507,0.74793,0.74489,0.74694,0,0
2015-07-10,13:00:00,0.74695,0.7484,0.74621,0.74794,0,0
2015-07-10,14:00:00,0.74792,0.74966,0.74661,0.74684,0,0
2015-07-10,15:00:00,0.74685,0.74741,0.74598,0.74609,0,0
2015-07-10,16:00:00,0.74609,0.7466,0.74151,0.74265,0,0
2015-07-10,17:00:00,0.74261,0.7438,0.74189,0.74205,0,0
2015-07-10,18:00:00,0.74204,0.74271,0.74156,0.74256,0,0
2015-07-10,19:00:00,0.74249,0.74341,0.74126,0.74188,0,0
2015-07-10,20:00:00,0.7419,0.74198,0.74098,0.74198,0,0
2015-07-10,21:00:00,0.74197,0.74386,0.74176,0.74366,0,0
2015-07-10,22:00:00,0.74366,0.74478,0.74341,0.74449,0,0
2015-07-10,23:00:00,0.74449,0.74453,0.74429,0.7443,0,0
2015-07-13,01:00:00,0.74284,0.74377,0.74234,0.74269,0,0
2015-07-13,02:00:00,0.74269,0.74378,0.74203,0.74203,0,0
2015-07-13,03:00:00,0.74203,0.74325,0.74163,0.74325,0,0
2015-07-13,04:00:00,0.74325,0.74344,0.74223,0.74251,0,0
2015-07-13,05:00:00,0.74234,0.74446,0.74234,0.74444,0,0
2015-07-13,06:00:00,0.74444,0.74686,0.74356,0.74385,0,0
2015-07-13,07:00:00,0.74382,0.74454,0.7435,0.74414,0,0
2015-07-13,08:00:00,0.74416,0.74516,0.74406,0.74476,0,0
2015-07-13,09:00:00,0.74483,0.74612,0.74416,0.7459,0,0
2015-07-13,10:00:00,0.74582,0.74661,0.74162,0.74239,0,0
2015-07-13,11:00:00,0.74225,0.74295,0.74115,0.74235,0,0
2015-07-13,12:00:00,0.74236,0.74393,0.74228,0.74374,0,0
2015-07-13,13:00:00,0.74374,0.74442,0.74251,0.74293,0,0
2015-07-13,14:00:00,0.74302,0.74354,0.7423,0.74326,0,0
2015-07-13,15:00:00,0.74319,0.74332,0.74142,0.7417,0,0
2015-07-13,16:00:00,0.7417,0.7417,0.73968,0.74103,0,0
2015-07-13,17:00:00,0.74111,0.74113,0.7385,0.7385,0,0
2015-07-13,18:00:00,0.73856,0.74075,0.73835,0.74065,0,0
2015-07-13,19:00:00,0.74065,0.74161,0.74037,0.74134,0,0
2015-07-13,20:00:00,0.74145,0.74145,0.73988,0.7403,0,0
2015-07-13,21:00:00,0.74032,0.74103,0.74018,0.74054,0,0
2015-07-13,22:00:00,0.74063,0.74162,0.74053,0.74078,0,0
2015-07-13,23:00:00,0.74081,0.74127,0.74048,0.74058,0,0
2015-07-13,23:59:00,0.74071,0.7412,0.73995,0.74027,0,0
2015-07-14,01:00:00,0.7402,0.74046,0.73974,0.7398,0,0
2015-07-14,02:00:00,0.73981,0.74022,0.73901,0.73912,0,0
2015-07-14,03:00:00,0.73919,0.74071,0.73879,0.74069,0,0
2015-07-14,04:00:00,0.74055,0.7429,0.7397,0.74219,0,0
2015-07-14,05:00:00,0.74223,0.7432,0.74216,0.74271,0,0
2015-07-14,06:00:00,0.74272,0.74312,0.74229,0.74273,0,0
2015-07-14,07:00:00,0.74273,0.74323,0.74222,0.74229,0,0
2015-07-14,08:00:00,0.74228,0.74301,0.74137,0.74268,0,0
2015-07-14,09:00:00,0.74269,0.7437,0.74193,0.74275,0,0
2015-07-14,10:00:00,0.74277,0.7432,0.74225,0.74256,0,0
2015-07-14,11:00:00,0.74262,0.74313,0.74158,0.74195,0,0
2015-07-14,12:00:00,0.74198,0.74403,0.74196,0.74298,0,0
2015-07-14,13:00:00,0.74299,0.74398,0.74266,0.74324,0,0
2015-07-14,14:00:00,0.74323,0.74358,0.7427,0.74331,0,0
2015-07-14,15:00:00,0.74347,0.74785,0.7434,0.74565,0,0
2015-07-14,16:00:00,0.74561,0.74643,0.74478,0.74483,0,0
2015-07-14,17:00:00,0.74483,0.74581,0.74412,0.7448,0,0
2015-07-14,18:00:00,0.74477,0.74527,0.74439,0.74484,0,0
2015-07-14,19:00:00,0.74488,0.74562,0.74482,0.7452,0,0
2015-07-14,20:00:00,0.7453,0.74569,0.74465,0.74502,0,0
2015-07-14,21:00:00,0.74502,0.74509,0.74451,0.74483,0,0
2015-07-14,22:00:00,0.74491,0.745,0.74451,0.74497,0,0
2015-07-14,23:00:00,0.74492,0.74542,0.74479,0.74519,0,0
2015-07-14,23:59:00,0.7452,0.74555,0.74488,0.74518,0,0
2015-07-15,01:00:00,0.74518,0.74566,0.74488,0.74515,0,0
2015-07-15,02:00:00,0.74517,0.74519,0.74431,0.74468,0,0
2015-07-15,03:00:00,0.74463,0.74575,0.74371,0.74468,0,0
2015-07-15,04:00:00,0.74468,0.74736,0.74439,0.74574,0,0
2015-07-15,05:00:00,0.74617,0.74888,0.74617,0.74696,0,0
2015-07-15,06:00:00,0.74697,0.74736,0.74634,0.74699,0,0
2015-07-15,07:00:00,0.74698,0.74739,0.74639,0.747,0,0
2015-07-15,08:00:00,0.747,0.74724,0.74557,0.74634,0,0
2015-07-15,09:00:00,0.74637,0.74838,0.74582,0.74726,0,0
2015-07-15,10:00:00,0.74727,0.74749,0.74583,0.74609,0,0
2015-07-15,11:00:00,0.74609,0.74662,0.7446,0.7456,0,0
2015-07-15,12:00:00,0.7456,0.74647,0.74519,0.7455,0,0
2015-07-15,13:00:00,0.7455,0.74621,0.74539,0.74549,0,0
2015-07-15,14:00:00,0.74548,0.74618,0.74538,0.74598,0,0
2015-07-15,15:00:00,0.74599,0.7476,0.7439,0.74407,0,0
2015-07-15,16:00:00,0.74405,0.74405,0.74184,0.742,0,0
2015-07-15,17:00:00,0.742,0.742,0.73916,0.74008,0,0
2015-07-15,18:00:00,0.74016,0.7405,0.73608,0.7366,0,0
2015-07-15,19:00:00,0.73668,0.73753,0.73544,0.73684,0,0
2015-07-15,20:00:00,0.73671,0.73734,0.73617,0.73699,0,0
2015-07-15,21:00:00,0.73701,0.73767,0.73698,0.73708,0,0
2015-07-15,22:00:00,0.73699,0.73807,0.73699,0.73795,0,0
2015-07-15,23:00:00,0.73787,0.73804,0.73739,0.73787,0,0
2015-07-15,23:59:00,0.73791,0.73817,0.73749,0.73814,0,0
2015-07-16,01:00:00,0.73803,0.73882,0.73702,0.7382,0,0
2015-07-16,02:00:00,0.73822,0.73896,0.73676,0.73694,0,0
2015-07-16,03:00:00,0.73707,0.73784,0.73645,0.73683,0,0
2015-07-16,04:00:00,0.73684,0.73743,0.73542,0.73668,0,0
2015-07-16,05:00:00,0.73667,0.73738,0.73603,0.73738,0,0
2015-07-16,06:00:00,0.73738,0.73779,0.7366,0.73699,0,0
2015-07-16,07:00:00,0.73697,0.73719,0.73558,0.73603,0,0
2015-07-16,08:00:00,0.73603,0.73625,0.735,0.73581,0,0
2015-07-16,09:00:00,0.73581,0.73934,0.73577,0.73815,0,0
2015-07-16,10:00:00,0.73815,0.7386,0.73688,0.73738,0,0
2015-07-16,11:00:00,0.73741,0.73885,0.73733,0.73875,0,0
2015-07-16,12:00:00,0.73868,0.74027,0.73845,0.73942,0,0
2015-07-16,13:00:00,0.73942,0.74044,0.7387,0.7397,0,0
2015-07-16,14:00:00,0.73973,0.74061,0.73872,0.73922,0,0
2015-07-16,15:00:00,0.73914,0.73995,0.73815,0.73961,0,0
2015-07-16,16:00:00,0.73963,0.74269,0.73956,0.74216,0,0
2015-07-16,17:00:00,0.7426,0.74371,0.74141,0.74222,0,0
2015-07-16,18:00:00,0.74224,0.74333,0.74131,0.7429,0,0
2015-07-16,19:00:00,0.74288,0.74302,0.74164,0.74171,0,0
2015-07-16,20:00:00,0.74175,0.74234,0.74031,0.74048,0,0
2015-07-16,21:00:00,0.74054,0.74075,0.74032,0.74041,0,0
2015-07-16,22:00:00,0.74041,0.74093,0.74021,0.74033,0,0
2015-07-16,23:00:00,0.74034,0.74066,0.74012,0.74048,0,0
2015-07-16,23:59:00,0.74046,0.74103,0.74035,0.74057,0,0
2015-07-17,01:00:00,0.74058,0.74138,0.74053,0.74117,0,0
2015-07-17,02:00:00,0.74117,0.74146,0.74073,0.74137,0,0
2015-07-17,03:00:00,0.74134,0.74182,0.74076,0.74106,0,0
2015-07-17,04:00:00,0.74104,0.74167,0.74099,0.7412,0,0
2015-07-17,05:00:00,0.7412,0.74166,0.74115,0.74141,0,0
2015-07-17,06:00:00,0.74141,0.74185,0.74108,0.74114,0,0
2015-07-17,07:00:00,0.74118,0.74188,0.74051,0.74173,0,0
2015-07-17,08:00:00,0.74174,0.74185,0.74071,0.74142,0,0
2015-07-17,09:00:00,0.74135,0.74155,0.74005,0.74086,0,0
2015-07-17,10:00:00,0.74082,0.74089,0.74008,0.74032,0,0
2015-07-17,11:00:00,0.74027,0.74102,0.73955,0.73955,0,0
2015-07-17,12:00:00,0.73955,0.73984,0.73896,0.73957,0,0
2015-07-17,13:00:00,0.73954,0.73995,0.73855,0.73945,0,0
2015-07-17,14:00:00,0.73945,0.74051,0.7394,0.74034,0,0
2015-07-17,15:00:00,0.74036,0.7405,0.73766,0.73811,0,0
2015-07-17,16:00:00,0.73812,0.73869,0.73727,0.73727,0,0
2015-07-17,17:00:00,0.73735,0.73841,0.73678,0.73839,0,0
2015-07-17,18:00:00,0.73838,0.73865,0.73695,0.73699,0,0
2015-07-17,19:00:00,0.73699,0.73808,0.73699,0.73801,0,0
2015-07-17,20:00:00,0.73817,0.73829,0.73738,0.73757,0,0
2015-07-17,21:00:00,0.73757,0.73793,0.7374,0.7378,0,0
2015-07-17,22:00:00,0.73778,0.73822,0.7376,0.73822,0,0
2015-07-17,23:00:00,0.73823,0.73823,0.73818,0.73818,0,0
2015-07-20,01:00:00,0.73743,0.73789,0.7372,0.73772,0,0
2015-07-20,02:00:00,0.73772,0.73787,0.7366,0.73679,0,0
2015-07-20,03:00:00,0.7368,0.73742,0.73657,0.73725,0,0
2015-07-20,04:00:00,0.73724,0.73755,0.73506,0.7355,0,0
2015-07-20,05:00:00,0.73527,0.73641,0.73368,0.73408,0,0
2015-07-20,06:00:00,0.73391,0.73437,0.73296,0.73385,0,0
2015-07-20,07:00:00,0.73381,0.73597,0.73363,0.73588,0,0
2015-07-20,08:00:00,0.73582,0.73635,0.73505,0.7363,0,0
2015-07-20,09:00:00,0.7362,0.73926,0.73592,0.73893,0,0
2015-07-20,10:00:00,0.73954,0.73964,0.73844,0.73926,0,0
2015-07-20,11:00:00,0.7391,0.7391,0.73725,0.73779,0,0
2015-07-20,12:00:00,0.7379,0.73812,0.73649,0.73725,0,0
2015-07-20,13:00:00,0.73735,0.73817,0.73714,0.73752,0,0
2015-07-20,14:00:00,0.73768,0.73812,0.7373,0.73779,0,0
2015-07-20,15:00:00,0.73812,0.73861,0.73752,0.73795,0,0
2015-07-20,16:00:00,0.73779,0.73812,0.73497,0.73497,0,0
2015-07-20,17:00:00,0.73502,0.73782,0.73459,0.73748,0,0
2015-07-20,18:00:00,0.73747,0.73906,0.73743,0.73801,0,0
2015-07-20,19:00:00,0.73795,0.73851,0.73761,0.73761,0,0
2015-07-20,20:00:00,0.73771,0.738,0.73751,0.73761,0,0
2015-07-20,21:00:00,0.73763,0.73831,0.73742,0.73742,0,0
2015-07-20,22:00:00,0.73742,0.73786,0.73737,0.73756,0,0
2015-07-20,23:00:00,0.73755,0.73758,0.7369,0.73718,0,0
2015-07-20,23:59:00,0.73718,0.73742,0.73674,0.7369,0,0
