Date,Time,Open,High,Low,Close,Volume,OpenInt
2015-04-22,01:00:00,1.05555,1.05624,1.05534,1.05595,0,0
2015-04-22,02:00:00,1.05593,1.0568,1.05575,1.05665,0,0
2015-04-22,03:00:00,1.05666,1.05689,1.05512,1.05526,0,0
2015-04-22,04:00:00,1.05526,1.05563,1.04859,1.04973,0,0
2015-04-22,05:00:00,1.04984,1.05038,1.04932,1.05012,0,0
2015-04-22,06:00:00,1.05012,1.05083,1.04981,1.05023,0,0
2015-04-22,07:00:00,1.05032,1.05064,1.04951,1.04983,0,0
2015-04-22,08:00:00,1.04983,1.05063,1.04923,1.0506,0,0
2015-04-22,09:00:00,1.05053,1.05077,1.04883,1.04984,0,0
2015-04-22,10:00:00,1.04974,1.05084,1.04961,1.05063,0,0
2015-04-22,11:00:00,1.05063,1.05123,1.04842,1.04885,0,0
2015-04-22,12:00:00,1.04887,1.04979,1.04826,1.0491,0,0
2015-04-22,13:00:00,1.04911,1.04973,1.04821,1.04873,0,0
2015-04-22,14:00:00,1.04872,1.05015,1.04844,1.04984,0,0
2015-04-22,15:00:00,1.04984,1.05083,1.04773,1.05017,0,0
2015-04-22,16:00:00,1.05023,1.05232,1.05023,1.05194,0,0
2015-04-22,17:00:00,1.05206,1.05296,1.0511,1.05158,0,0
2015-04-22,18:00:00,1.05158,1.05184,1.04964,1.0506,0,0
2015-04-22,19:00:00,1.05061,1.0522,1.0502,1.05214,0,0
2015-04-22,20:00:00,1.05214,1.05214,1.05079,1.0515,0,0
2015-04-22,21:00:00,1.05151,1.05212,1.05107,1.05169,0,0
2015-04-22,22:00:00,1.0517,1.05361,1.0516,1.05331,0,0
2015-04-22,23:00:00,1.05336,1.05439,1.05303,1.05356,0,0
2015-04-22,23:59:00,1.05356,1.05448,1.05299,1.05382,0,0
2015-04-23,01:00:00,1.05383,1.05479,1.05383,1.05424,0,0
2015-04-23,02:00:00,1.05426,1.05457,1.05336,1.05407,0,0
2015-04-23,03:00:00,1.05419,1.05624,1.05399,1.05427,0,0
2015-04-23,04:00:00,1.05443,1.05593,1.05345,1.05477,0,0
2015-04-23,05:00:00,1.05476,1.05581,1.05346,1.05523,0,0
2015-04-23,06:00:00,1.05522,1.05542,1.05392,1.05406,0,0
2015-04-23,07:00:00,1.05406,1.05411,1.0526,1.05287,0,0
2015-04-23,08:00:00,1.05287,1.05427,1.05262,1.05424,0,0
2015-04-23,09:00:00,1.05424,1.05547,1.05373,1.055,0,0
2015-04-23,10:00:00,1.05501,1.05628,1.05443,1.05601,0,0
2015-04-23,11:00:00,1.056,1.05605,1.05477,1.05541,0,0
2015-04-23,12:00:00,1.05544,1.05803,1.05517,1.05758,0,0
2015-04-23,13:00:00,1.05764,1.05887,1.05713,1.0579,0,0
2015-04-23,14:00:00,1.05788,1.0586,1.05711,1.05764,0,0
2015-04-23,15:00:00,1.05763,1.0591,1.05741,1.05838,0,0
2015-04-23,16:00:00,1.05832,1.05863,1.05739,1.05801,0,0
2015-04-23,17:00:00,1.05808,1.05953,1.05764,1.05862,0,0
2015-04-23,18:00:00,1.05858,1.05929,1.05757,1.0579,0,0
2015-04-23,19:00:00,1.0579,1.05959,1.05746,1.05924,0,0
2015-04-23,20:00:00,1.05924,1.05947,1.0575,1.05825,0,0
2015-04-23,21:00:00,1.05826,1.05933,1.05809,1.05878,0,0
2015-04-23,22:00:00,1.05884,1.05908,1.05799,1.05816,0,0
2015-04-23,23:00:00,1.05813,1.0589,1.05757,1.05856,0,0
2015-04-23,23:59:00,1.0585,1.05903,1.05776,1.0578,0,0
2015-04-24,01:00:00,1.058,1.05876,1.058,1.05827,0,0
2015-04-24,02:00:00,1.05827,1.05897,1.05809,1.05876,0,0
2015-04-24,03:00:00,1.05871,1.05886,1.05673,1.05717,0,0
2015-04-24,04:00:00,1.05716,1.0585,1.05676,1.0585,0,0
2015-04-24,05:00:00,1.05854,1.05956,1.05842,1.05904,0,0
2015-04-24,06:00:00,1.05904,1.05946,1.05824,1.05871,0,0
2015-04-24,07:00:00,1.05881,1.05907,1.05829,1.0587,0,0
2015-04-24,08:00:00,1.05871,1.05888,1.05758,1.05829,0,0
2015-04-24,09:00:00,1.05831,1.05861,1.05503,1.05563,0,0
2015-04-24,10:00:00,1.05563,1.05682,1.05532,1.0559,0,0
2015-04-24,11:00:00,1.05588,1.05894,1.05553,1.0589,0,0
2015-04-24,12:00:00,1.05881,1.0594,1.05804,1.05851,0,0
2015-04-24,13:00:00,1.05849,1.05978,1.05822,1.05919,0,0
2015-04-24,14:00:00,1.05919,1.06042,1.05856,1.05927,0,0
2015-04-24,15:00:00,1.05927,1.05929,1.05657,1.05764,0,0
2015-04-24,16:00:00,1.05762,1.05798,1.05274,1.0542,0,0
2015-04-24,17:00:00,1.05427,1.05442,1.0503,1.05041,0,0
2015-04-24,18:00:00,1.05041,1.0509,1.04884,1.05045,0,0
2015-04-24,19:00:00,1.05045,1.05137,1.05003,1.05087,0,0
2015-04-24,20:00:00,1.05072,1.05127,1.05029,1.05049,0,0
2015-04-24,21:00:00,1.05051,1.05134,1.04989,1.04989,0,0
2015-04-24,22:00:00,1.04989,1.0512,1.0495,1.05005,0,0
2015-04-24,23:00:00,1.05009,1.05017,1.04983,1.04983,0,0
2015-04-27,01:00:00,1.04881,1.04942,1.04839,1.0491,0,0
2015-04-27,02:00:00,1.04908,1.04932,1.04814,1.04924,0,0
2015-04-27,03:00:00,1.04924,1.05079,1.04874,1.0506,0,0
2015-04-27,04:00:00,1.05055,1.05112,1.04996,1.05111,0,0
2015-04-27,05:00:00,1.05109,1.05161,1.05029,1.05142,0,0
2015-04-27,06:00:00,1.05142,1.05251,1.05142,1.05207,0,0
2015-04-27,07:00:00,1.05198,1.05234,1.05155,1.05181,0,0
2015-04-27,08:00:00,1.05175,1.05203,1.05018,1.0508,0,0
2015-04-27,09:00:00,1.05087,1.05267,1.05035,1.05227,0,0
2015-04-27,10:00:00,1.05229,1.05324,1.04996,1.05035,0,0
2015-04-27,11:00:00,1.05034,1.05178,1.05007,1.05158,0,0
2015-04-27,12:00:00,1.05157,1.0523,1.0506,1.05174,0,0
2015-04-27,13:00:00,1.05174,1.05289,1.0516,1.05249,0,0
2015-04-27,14:00:00,1.05246,1.05307,1.05196,1.05303,0,0
2015-04-27,15:00:00,1.05307,1.05397,1.05193,1.05215,0,0
2015-04-27,16:00:00,1.05216,1.05531,1.05215,1.05384,0,0
2015-04-27,17:00:00,1.05388,1.05441,1.05076,1.05135,0,0
2015-04-27,18:00:00,1.05125,1.05188,1.05072,1.05131,0,0
2015-04-27,19:00:00,1.05131,1.0519,1.05041,1.05153,0,0
2015-04-27,20:00:00,1.05152,1.05169,1.0509,1.05153,0,0
2015-04-27,21:00:00,1.05151,1.05367,1.05131,1.05367,0,0
2015-04-27,22:00:00,1.05358,1.05358,1.0525,1.05251,0,0
2015-04-27,23:00:00,1.05256,1.05392,1.05255,1.05282,0,0
2015-04-27,23:59:00,1.05282,1.05385,1.05263,1.05375,0,0
2015-04-28,01:00:00,1.05371,1.05508,1.05205,1.0527,0,0
2015-04-28,02:00:00,1.05282,1.05299,1.05068,1.05123,0,0
2015-04-28,03:00:00,1.05123,1.05152,1.05058,1.05139,0,0
2015-04-28,04:00:00,1.05134,1.0517,1.05043,1.05057,0,0
2015-04-28,05:00:00,1.05043,1.0508,1.05003,1.05006,0,0
2015-04-28,06:00:00,1.05006,1.05087,1.04974,1.05065,0,0
2015-04-28,07:00:00,1.05064,1.05113,1.04949,1.0497,0,0
2015-04-28,08:00:00,1.04971,1.0498,1.0485,1.04882,0,0
2015-04-28,09:00:00,1.04881,1.04941,1.04796,1.0488,0,0
2015-04-28,10:00:00,1.04875,1.04936,1.04746,1.04766,0,0
2015-04-28,11:00:00,1.04765,1.04795,1.0463,1.04662,0,0
2015-04-28,12:00:00,1.04662,1.04716,1.04578,1.04641,0,0
2015-04-28,13:00:00,1.04641,1.04696,1.04402,1.04409,0,0
2015-04-28,14:00:00,1.04409,1.04452,1.04104,1.0431,0,0
2015-04-28,15:00:00,1.04302,1.0432,1.04123,1.042,0,0
2015-04-28,16:00:00,1.042,1.04223,1.03776,1.03902,0,0
2015-04-28,17:00:00,1.0391,1.04071,1.03767,1.0387,0,0
2015-04-28,18:00:00,1.03862,1.03934,1.03691,1.03788,0,0
2015-04-28,19:00:00,1.03788,1.03881,1.03747,1.03831,0,0
2015-04-28,20:00:00,1.03838,1.03877,1.03589,1.03634,0,0
2015-04-28,21:00:00,1.0364,1.03762,1.03638,1.03717,0,0
2015-04-28,22:00:00,1.03716,1.03874,1.0369,1.03713,0,0
2015-04-28,23:00:00,1.03714,1.03744,1.0356,1.03598,0,0
2015-04-28,23:59:00,1.03598,1.03745,1.03571,1.03659,0,0
2015-04-29,01:00:00,1.03633,1.03723,1.03586,1.0366,0,0
2015-04-29,02:00:00,1.03664,1.0391,1.03664,1.03864,0,0
2015-04-29,03:00:00,1.03875,1.03978,1.03659,1.03696,0,0
2015-04-29,04:00:00,1.03696,1.03934,1.03689,1.03905,0,0
2015-04-29,05:00:00,1.03908,1.04026,1.0388,1.03989,0,0
2015-04-29,06:00:00,1.03989,1.04056,1.03931,1.03958,0,0
2015-04-29,07:00:00,1.03958,1.04047,1.03941,1.04025,0,0
2015-04-29,08:00:00,1.04012,1.04048,1.03955,1.03969,0,0
2015-04-29,09:00:00,1.03969,1.04058,1.03897,1.03967,0,0
2015-04-29,10:00:00,1.03955,1.04118,1.03939,1.04083,0,0
2015-04-29,11:00:00,1.04082,1.04154,1.03984,1.04138,0,0
2015-04-29,12:00:00,1.04138,1.04143,1.03901,1.03904,0,0
2015-04-29,13:00:00,1.03907,1.03924,1.03792,1.03846,0,0
2015-04-29,14:00:00,1.03846,1.03856,1.0367,1.03765,0,0
2015-04-29,15:00:00,1.03765,1.03916,1.03583,1.03847,0,0
2015-04-29,16:00:00,1.03847,1.03899,1.03718,1.03802,0,0
2015-04-29,17:00:00,1.03796,1.03801,1.03515,1.03726,0,0
2015-04-29,18:00:00,1.03729,1.03853,1.03611,1.03714,0,0
2015-04-29,19:00:00,1.03714,1.03787,1.0363,1.03647,0,0
2015-04-29,20:00:00,1.03651,1.03677,1.03344,1.03344,0,0
2015-04-29,21:00:00,1.03409,1.03755,1.03395,1.03593,0,0
2015-04-29,22:00:00,1.03592,1.03762,1.03587,1.03723,0,0
2015-04-29,23:00:00,1.0371,1.03922,1.03646,1.03907,0,0
2015-04-29,23:59:00,1.03907,1.0428,1.0388,1.0408,0,0
2015-04-30,01:00:00,1.04077,1.04105,1.03986,1.04056,0,0
2015-04-30,02:00:00,1.04059,1.04072,1.03998,1.04043,0,0
2015-04-30,03:00:00,1.04043,1.04067,1.03834,1.03838,0,0
2015-04-30,04:00:00,1.03837,1.0404,1.0378,1.04029,0,0
2015-04-30,05:00:00,1.04018,1.04103,1.03914,1.03949,0,0
2015-04-30,06:00:00,1.03948,1.03997,1.03904,1.03951,0,0
2015-04-30,07:00:00,1.03947,1.04134,1.03881,1.03985,0,0
2015-04-30,08:00:00,1.03987,1.04208,1.0398,1.04124,0,0
2015-04-30,09:00:00,1.04224,1.04347,1.04124,1.04259,0,0
2015-04-30,10:00:00,1.0426,1.04693,1.042,1.04693,0,0
2015-04-30,11:00:00,1.04693,1.04844,1.04534,1.04695,0,0
2015-04-30,12:00:00,1.04711,1.04782,1.04628,1.04641,0,0
2015-04-30,13:00:00,1.0464,1.04983,1.04595,1.04891,0,0
2015-04-30,14:00:00,1.0489,1.05023,1.04864,1.04929,0,0
2015-04-30,15:00:00,1.04929,1.05324,1.04887,1.05119,0,0
2015-04-30,16:00:00,1.05121,1.05331,1.04977,1.05154,0,0
2015-04-30,17:00:00,1.05149,1.0518,1.04642,1.04686,0,0
2015-04-30,18:00:00,1.04686,1.04926,1.04524,1.04909,0,0
2015-04-30,19:00:00,1.04908,1.04935,1.04665,1.0474,0,0
2015-04-30,20:00:00,1.04741,1.04801,1.04611,1.04677,0,0
2015-04-30,21:00:00,1.04678,1.04706,1.04512,1.04523,0,0
2015-04-30,22:00:00,1.04512,1.04807,1.04413,1.04769,0,0
2015-04-30,23:00:00,1.04749,1.04861,1.04689,1.04757,0,0
2015-04-30,23:59:00,1.04757,1.04871,1.04639,1.04852,0,0
2015-05-01,01:00:00,1.04852,1.04913,1.04763,1.04804,0,0
2015-05-01,02:00:00,1.04803,1.04827,1.04742,1.04827,0,0
2015-05-01,03:00:00,1.04827,1.0489,1.04786,1.04885,0,0
2015-05-01,04:00:00,1.04866,1.04905,1.04732,1.04843,0,0
2015-05-01,05:00:00,1.04843,1.04956,1.04787,1.04806,0,0
2015-05-01,06:00:00,1.04806,1.04861,1.04737,1.04783,0,0
2015-05-01,07:00:00,1.04783,1.04884,1.04779,1.0487,0,0
2015-05-01,08:00:00,1.0487,1.0491,1.04685,1.04727,0,0
2015-05-01,09:00:00,1.04725,1.05091,1.04698,1.05085,0,0
2015-05-01,10:00:00,1.05085,1.05168,1.04935,1.0494,0,0
2015-05-01,11:00:00,1.04937,1.04937,1.04731,1.04762,0,0
2015-05-01,12:00:00,1.04774,1.05019,1.04765,1.05013,0,0
2015-05-01,13:00:00,1.05017,1.0505,1.04782,1.04785,0,0
2015-05-01,14:00:00,1.04781,1.04943,1.04742,1.04874,0,0
2015-05-01,15:00:00,1.04874,1.05103,1.04784,1.0493,0,0
2015-05-01,16:00:00,1.04932,1.04995,1.04621,1.04751,0,0
2015-05-01,17:00:00,1.04746,1.05138,1.04608,1.04934,0,0
2015-05-01,18:00:00,1.04934,1.05169,1.04927,1.04983,0,0
2015-05-01,19:00:00,1.04983,1.0514,1.04952,1.05007,0,0
2015-05-01,20:00:00,1.05003,1.05045,1.04869,1.05008,0,0
2015-05-01,21:00:00,1.05012,1.05066,1.04951,1.05014,0,0
2015-05-01,22:00:00,1.05029,1.05029,1.0482,1.04946,0,0
2015-05-01,23:00:00,1.04942,1.04948,1.04915,1.0492,0,0
2015-05-04,01:00:00,1.04948,1.05007,1.04842,1.04987,0,0
2015-05-04,02:00:00,1.04988,1.05041,1.04927,1.05041,0,0
2015-05-04,03:00:00,1.05041,1.05196,1.0502,1.05178,0,0
2015-05-04,04:00:00,1.05176,1.05245,1.04853,1.05067,0,0
2015-05-04,05:00:00,1.05067,1.0516,1.04894,1.04967,0,0
2015-05-04,06:00:00,1.04967,1.05007,1.04874,1.04881,0,0
2015-05-04,07:00:00,1.04882,1.05042,1.04859,1.05031,0,0
2015-05-04,08:00:00,1.0503,1.05063,1.0491,1.04938,0,0
2015-05-04,09:00:00,1.04937,1.05119,1.049,1.04989,0,0
2015-05-04,10:00:00,1.0499,1.05131,1.04949,1.05101,0,0
2015-05-04,11:00:00,1.05101,1.05143,1.04976,1.05142,0,0
2015-05-04,12:00:00,1.05142,1.0535,1.05088,1.05236,0,0
2015-05-04,13:00:00,1.05236,1.05361,1.05214,1.05361,0,0
2015-05-04,14:00:00,1.05355,1.05512,1.0527,1.05272,0,0
2015-05-04,15:00:00,1.05272,1.05505,1.05178,1.05435,0,0
2015-05-04,16:00:00,1.05454,1.05457,1.05311,1.05318,0,0
2015-05-04,17:00:00,1.05308,1.05378,1.05191,1.05235,0,0
2015-05-04,18:00:00,1.05245,1.05397,1.05194,1.05367,0,0
2015-05-04,19:00:00,1.05367,1.0538,1.05215,1.05221,0,0
2015-05-04,20:00:00,1.05221,1.05261,1.05181,1.05257,0,0
2015-05-04,21:00:00,1.05257,1.05361,1.05203,1.05329,0,0
2015-05-04,22:00:00,1.05332,1.05455,1.05302,1.05402,0,0
2015-05-04,23:00:00,1.05398,1.05592,1.05379,1.055,0,0
2015-05-04,23:59:00,1.05486,1.05567,1.05455,1.05552,0,0
2015-05-05,01:00:00,1.05555,1.0556,1.05425,1.05457,0,0
2015-05-05,02:00:00,1.0546,1.05491,1.05413,1.05491,0,0
2015-05-05,03:00:00,1.05489,1.05497,1.05329,1.05411,0,0
2015-05-05,04:00:00,1.0541,1.05497,1.05294,1.05328,0,0
2015-05-05,05:00:00,1.05326,1.05326,1.05163,1.05172,0,0
2015-05-05,06:00:00,1.05182,1.05241,1.05078,1.05114,0,0
2015-05-05,07:00:00,1.05113,1.05835,1.04414,1.04454,0,0
2015-05-05,08:00:00,1.04454,1.04571,1.04279,1.04535,0,0
2015-05-05,09:00:00,1.04541,1.0487,1.04389,1.04805,0,0
2015-05-05,10:00:00,1.04805,1.04898,1.04638,1.04842,0,0
2015-05-05,11:00:00,1.04837,1.04875,1.04683,1.0482,0,0
2015-05-05,12:00:00,1.04821,1.05002,1.04813,1.04987,0,0
2015-05-05,13:00:00,1.04988,1.05129,1.04965,1.05052,0,0
2015-05-05,14:00:00,1.05052,1.05078,1.04858,1.05019,0,0
2015-05-05,15:00:00,1.05019,1.05178,1.0464,1.049,0,0
2015-05-05,16:00:00,1.04905,1.05143,1.04878,1.05006,0,0
2015-05-05,17:00:00,1.05007,1.05167,1.04765,1.04918,0,0
2015-05-05,18:00:00,1.04918,1.04961,1.04487,1.04607,0,0
2015-05-05,19:00:00,1.04616,1.04643,1.04473,1.04527,0,0
2015-05-05,20:00:00,1.04527,1.04537,1.0436,1.04425,0,0
2015-05-05,21:00:00,1.04424,1.04452,1.04275,1.04316,0,0
2015-05-05,22:00:00,1.0432,1.0435,1.04291,1.04311,0,0
2015-05-05,23:00:00,1.04311,1.04379,1.04262,1.04332,0,0
2015-05-05,23:59:00,1.04332,1.04413,1.04264,1.04323,0,0
2015-05-06,01:00:00,1.04312,1.04489,1.04309,1.04377,0,0
2015-05-06,02:00:00,1.0438,1.04507,1.04379,1.04434,0,0
2015-05-06,03:00:00,1.04439,1.04439,1.04215,1.04256,0,0
2015-05-06,04:00:00,1.04256,1.04387,1.04151,1.04306,0,0
2015-05-06,05:00:00,1.04305,1.04343,1.04152,1.04215,0,0
2015-05-06,06:00:00,1.04215,1.04316,1.04161,1.0426,0,0
2015-05-06,07:00:00,1.04255,1.04354,1.04239,1.04273,0,0
2015-05-06,08:00:00,1.04273,1.04397,1.04245,1.0437,0,0
2015-05-06,09:00:00,1.04368,1.04391,1.04149,1.04181,0,0
2015-05-06,10:00:00,1.04181,1.04253,1.04039,1.04128,0,0
2015-05-06,11:00:00,1.04128,1.04247,1.04053,1.04206,0,0
2015-05-06,12:00:00,1.04206,1.04394,1.04136,1.04221,0,0
2015-05-06,13:00:00,1.04224,1.04284,1.04005,1.04072,0,0
2015-05-06,14:00:00,1.0407,1.04093,1.03906,1.04052,0,0
2015-05-06,15:00:00,1.04051,1.04104,1.03902,1.03965,0,0
2015-05-06,16:00:00,1.03968,1.04093,1.03913,1.0407,0,0
2015-05-06,17:00:00,1.04068,1.0432,1.04068,1.04226,0,0
2015-05-06,18:00:00,1.04227,1.04255,1.04028,1.04042,0,0
2015-05-06,19:00:00,1.04031,1.04219,1.03898,1.04219,0,0
2015-05-06,20:00:00,1.04219,1.04325,1.04088,1.04142,0,0
2015-05-06,21:00:00,1.04142,1.0422,1.0408,1.0422,0,0
2015-05-06,22:00:00,1.0422,1.04255,1.04135,1.04135,0,0
2015-05-06,23:00:00,1.04138,1.04302,1.04128,1.04181,0,0
2015-05-06,23:59:00,1.04175,1.0422,1.04084,1.04182,0,0
2015-05-07,01:00:00,1.04183,1.04242,1.04126,1.04225,0,0
2015-05-07,02:00:00,1.04225,1.04416,1.04225,1.04405,0,0
2015-05-07,03:00:00,1.04405,1.04457,1.04221,1.04223,0,0
2015-05-07,04:00:00,1.04226,1.04645,1.041,1.04156,0,0
2015-05-07,05:00:00,1.04156,1.04212,1.03866,1.03939,0,0
2015-05-07,06:00:00,1.03939,1.04013,1.03754,1.04013,0,0
2015-05-07,07:00:00,1.04014,1.04084,1.03946,1.04061,0,0
2015-05-07,08:00:00,1.04064,1.04113,1.03919,1.04002,0,0
2015-05-07,09:00:00,1.04002,1.0414,1.03894,1.04102,0,0
2015-05-07,10:00:00,1.04104,1.04314,1.03976,1.04184,0,0
2015-05-07,11:00:00,1.04184,1.0436,1.04172,1.04234,0,0
2015-05-07,12:00:00,1.04246,1.04282,1.04081,1.04214,0,0
2015-05-07,13:00:00,1.04214,1.04307,1.04067,1.04081,0,0
2015-05-07,14:00:00,1.04081,1.04184,1.03948,1.0407,0,0
2015-05-07,15:00:00,1.0407,1.0415,1.03928,1.04045,0,0
2015-05-07,16:00:00,1.04045,1.04057,1.03832,1.03978,0,0
2015-05-07,17:00:00,1.03973,1.04025,1.03877,1.03981,0,0
2015-05-07,18:00:00,1.03987,1.04111,1.03954,1.04096,0,0
2015-05-07,19:00:00,1.041,1.04147,1.04014,1.04093,0,0
2015-05-07,20:00:00,1.04092,1.04215,1.04029,1.04149,0,0
2015-05-07,21:00:00,1.04163,1.04289,1.04131,1.04266,0,0
2015-05-07,22:00:00,1.04265,1.04414,1.04265,1.04387,0,0
2015-05-07,23:00:00,1.04388,1.04441,1.04249,1.04265,0,0
2015-05-07,23:59:00,1.04253,1.04506,1.04159,1.04349,0,0
2015-05-08,01:00:00,1.04344,1.04484,1.04344,1.04439,0,0
2015-05-08,02:00:00,1.04438,1.04555,1.04409,1.04555,0,0
2015-05-08,03:00:00,1.04555,1.04681,1.0454,1.04591,0,0
2015-05-08,04:00:00,1.04591,1.04929,1.04227,1.04684,0,0
2015-05-08,05:00:00,1.0468,1.05001,1.0468,1.04756,0,0
2015-05-08,06:00:00,1.04753,1.04844,1.04705,1.04705,0,0
2015-05-08,07:00:00,1.04705,1.04751,1.04395,1.04408,0,0
2015-05-08,08:00:00,1.04408,1.04581,1.04363,1.04438,0,0
2015-05-08,09:00:00,1.04438,1.04533,1.04372,1.04422,0,0
2015-05-08,10:00:00,1.04423,1.04423,1.04237,1.04312,0,0
2015-05-08,11:00:00,1.04312,1.0453,1.0426,1.04516,0,0
2015-05-08,12:00:00,1.04517,1.04522,1.04336,1.04345,0,0
2015-05-08,13:00:00,1.04339,1.04413,1.04185,1.04373,0,0
2015-05-08,14:00:00,1.04382,1.04473,1.04373,1.04385,0,0
2015-05-08,15:00:00,1.04385,1.04723,1.04155,1.0418,0,0
2015-05-08,16:00:00,1.04174,1.04285,1.03916,1.0407,0,0
2015-05-08,17:00:00,1.0408,1.04462,1.04027,1.04283,0,0
2015-05-08,18:00:00,1.043,1.04648,1.0423,1.04563,0,0
2015-05-08,19:00:00,1.04568,1.04653,1.04375,1.04378,0,0
2015-05-08,20:00:00,1.04378,1.04528,1.04359,1.04454,0,0
2015-05-08,21:00:00,1.04466,1.04533,1.04377,1.04423,0,0
2015-05-08,22:00:00,1.04424,1.0446,1.04261,1.04312,0,0
2015-05-08,23:00:00,1.04312,1.04332,1.04312,1.04332,0,0
2015-05-11,01:00:00,1.04379,1.04483,1.04304,1.04374,0,0
2015-05-11,02:00:00,1.04374,1.04503,1.04315,1.04369,0,0
2015-05-11,03:00:00,1.0437,1.04421,1.04306,1.04309,0,0
2015-05-11,04:00:00,1.04448,1.04673,1.04433,1.04613,0,0
2015-05-11,05:00:00,1.04606,1.04628,1.04465,1.04548,0,0
2015-05-11,06:00:00,1.04548,1.04665,1.04545,1.04605,0,0
2015-05-11,07:00:00,1.04593,1.04598,1.04488,1.04513,0,0
2015-05-11,08:00:00,1.04513,1.04574,1.04486,1.04534,0,0
2015-05-11,09:00:00,1.04536,1.04542,1.04321,1.04328,0,0
2015-05-11,10:00:00,1.0433,1.04499,1.04279,1.04463,0,0
2015-05-11,11:00:00,1.04474,1.04526,1.04281,1.04287,0,0
2015-05-11,12:00:00,1.04283,1.04434,1.04203,1.04386,0,0
2015-05-11,13:00:00,1.04387,1.0442,1.04297,1.04391,0,0
2015-05-11,14:00:00,1.04391,1.04516,1.04383,1.04494,0,0
2015-05-11,15:00:00,1.04495,1.04666,1.04485,1.04536,0,0
2015-05-11,16:00:00,1.04536,1.04748,1.0445,1.04724,0,0
2015-05-11,17:00:00,1.04714,1.0478,1.04557,1.04557,0,0
2015-05-11,18:00:00,1.04545,1.0462,1.04496,1.04582,0,0
2015-05-11,19:00:00,1.04587,1.04767,1.04575,1.04578,0,0
2015-05-11,20:00:00,1.04578,1.04647,1.04497,1.04593,0,0
2015-05-11,21:00:00,1.04592,1.04641,1.04551,1.04608,0,0
2015-05-11,22:00:00,1.04609,1.04657,1.04569,1.04621,0,0
2015-05-11,23:00:00,1.04622,1.04775,1.04607,1.04736,0,0
2015-05-11,23:59:00,1.04736,1.04775,1.04677,1.04703,0,0
2015-05-12,01:00:00,1.04713,1.04799,1.04711,1.04797,0,0
2015-05-12,02:00:00,1.04797,1.04797,1.04613,1.04686,0,0
2015-05-12,03:00:00,1.04686,1.04738,1.04592,1.04695,0,0
2015-05-12,04:00:00,1.04692,1.04732,1.04481,1.04492,0,0
2015-05-12,05:00:00,1.04491,1.04529,1.04402,1.04512,0,0
2015-05-12,06:00:00,1.04512,1.04571,1.04465,1.0452,0,0
2015-05-12,07:00:00,1.0452,1.04522,1.0432,1.04358,0,0
2015-05-12,08:00:00,1.04358,1.04358,1.04229,1.04318,0,0
2015-05-12,09:00:00,1.04315,1.04355,1.0414,1.04217,0,0
2015-05-12,10:00:00,1.04217,1.04353,1.04174,1.04347,0,0
2015-05-12,11:00:00,1.04346,1.04379,1.04198,1.04225,0,0
2015-05-12,12:00:00,1.04227,1.04321,1.04052,1.04134,0,0
2015-05-12,13:00:00,1.04134,1.04154,1.03985,1.04154,0,0
2015-05-12,14:00:00,1.04164,1.04235,1.03961,1.04004,0,0
2015-05-12,15:00:00,1.04004,1.04345,1.03953,1.04345,0,0
2015-05-12,16:00:00,1.04345,1.04364,1.04228,1.04328,0,0
2015-05-12,17:00:00,1.04326,1.04512,1.04281,1.04498,0,0
2015-05-12,18:00:00,1.04496,1.04508,1.04329,1.04414,0,0
2015-05-12,19:00:00,1.04414,1.04559,1.04402,1.04559,0,0
2015-05-12,20:00:00,1.04559,1.04581,1.04367,1.04407,0,0
2015-05-12,21:00:00,1.04405,1.04406,1.04226,1.04298,0,0
2015-05-12,22:00:00,1.043,1.04331,1.0419,1.04231,0,0
2015-05-12,23:00:00,1.0422,1.04403,1.0422,1.04318,0,0
2015-05-12,23:59:00,1.04312,1.04644,1.04123,1.04307,0,0
2015-05-13,01:00:00,1.04308,1.04399,1.04301,1.04328,0,0
2015-05-13,02:00:00,1.0433,1.0438,1.04206,1.04251,0,0
2015-05-13,03:00:00,1.04248,1.04288,1.04049,1.04192,0,0
2015-05-13,04:00:00,1.04198,1.04323,1.04124,1.04223,0,0
2015-05-13,05:00:00,1.04224,1.04452,1.04158,1.04287,0,0
2015-05-13,06:00:00,1.04287,1.04341,1.04201,1.04299,0,0
2015-05-13,07:00:00,1.04299,1.04362,1.04233,1.04288,0,0
2015-05-13,08:00:00,1.04294,1.04421,1.04204,1.04392,0,0
2015-05-13,09:00:00,1.04384,1.04431,1.04235,1.04321,0,0
2015-05-13,10:00:00,1.04323,1.04373,1.04222,1.04268,0,0
2015-05-13,11:00:00,1.04272,1.04409,1.04237,1.04292,0,0
2015-05-13,12:00:00,1.04293,1.04352,1.04019,1.04119,0,0
2015-05-13,13:00:00,1.04119,1.04126,1.0384,1.03855,0,0
2015-05-13,14:00:00,1.03843,1.03882,1.03751,1.03769,0,0
2015-05-13,15:00:00,1.03769,1.03859,1.0346,1.03472,0,0
2015-05-13,16:00:00,1.03479,1.03479,1.03142,1.03233,0,0
2015-05-13,17:00:00,1.03228,1.03364,1.03084,1.03091,0,0
2015-05-13,18:00:00,1.03092,1.0324,1.03019,1.03091,0,0
2015-05-13,19:00:00,1.03091,1.03295,1.03059,1.03254,0,0
2015-05-13,20:00:00,1.03254,1.03301,1.03197,1.03245,0,0
2015-05-13,21:00:00,1.03245,1.03285,1.03084,1.03084,0,0
2015-05-13,22:00:00,1.03084,1.03157,1.03084,1.03125,0,0
2015-05-13,23:00:00,1.03125,1.03164,1.03017,1.03078,0,0
2015-05-13,23:59:00,1.03078,1.03198,1.03078,1.0318,0,0
2015-05-14,01:00:00,1.03154,1.03179,1.02979,1.03018,0,0
2015-05-14,02:00:00,1.03018,1.03116,1.02924,1.03111,0,0
2015-05-14,03:00:00,1.03112,1.03128,1.02903,1.0296,0,0
2015-05-14,04:00:00,1.0296,1.0296,1.02603,1.02721,0,0
2015-05-14,05:00:00,1.02721,1.03056,1.02709,1.03023,0,0
2015-05-14,06:00:00,1.03022,1.03131,1.02999,1.03124,0,0
2015-05-14,07:00:00,1.03123,1.03168,1.03007,1.03148,0,0
2015-05-14,08:00:00,1.03146,1.03212,1.0307,1.03209,0,0
2015-05-14,09:00:00,1.03207,1.03392,1.03067,1.03122,0,0
2015-05-14,10:00:00,1.03122,1.03675,1.0308,1.03539,0,0
2015-05-14,11:00:00,1.03539,1.03664,1.03473,1.03564,0,0
2015-05-14,12:00:00,1.03567,1.03611,1.03408,1.03426,0,0
2015-05-14,13:00:00,1.03425,1.03499,1.03321,1.03375,0,0
2015-05-14,14:00:00,1.03372,1.03414,1.03302,1.03308,0,0
2015-05-14,15:00:00,1.03302,1.0331,1.03073,1.03213,0,0
2015-05-14,16:00:00,1.03213,1.03247,1.03048,1.03048,0,0
2015-05-14,17:00:00,1.03067,1.03488,1.0304,1.03423,0,0
2015-05-14,18:00:00,1.03415,1.0351,1.03166,1.03182,0,0
2015-05-14,19:00:00,1.03178,1.03226,1.02977,1.02977,0,0
2015-05-14,20:00:00,1.02981,1.03204,1.02976,1.03168,0,0
2015-05-14,21:00:00,1.03168,1.03415,1.03165,1.03285,0,0
2015-05-14,22:00:00,1.03296,1.03335,1.0311,1.0315,0,0
2015-05-14,23:00:00,1.0315,1.03283,1.0315,1.03272,0,0
2015-05-14,23:59:00,1.03272,1.03315,1.03139,1.03221,0,0
2015-05-15,01:00:00,1.03231,1.03285,1.03198,1.03277,0,0
2015-05-15,02:00:00,1.03278,1.033,1.03167,1.03213,0,0
2015-05-15,03:00:00,1.03215,1.03621,1.03167,1.03574,0,0
2015-05-15,04:00:00,1.03564,1.03588,1.0337,1.03371,0,0
2015-05-15,05:00:00,1.03369,1.03467,1.0331,1.03435,0,0
2015-05-15,06:00:00,1.03435,1.03446,1.0333,1.03371,0,0
2015-05-15,07:00:00,1.03371,1.03512,1.0337,1.03482,0,0
2015-05-15,08:00:00,1.03482,1.03638,1.03475,1.03625,0,0
2015-05-15,09:00:00,1.03618,1.03632,1.03444,1.03566,0,0
2015-05-15,10:00:00,1.03566,1.03836,1.03557,1.03666,0,0
2015-05-15,11:00:00,1.03668,1.03821,1.03565,1.03818,0,0
2015-05-15,12:00:00,1.03827,1.03877,1.03769,1.03812,0,0
2015-05-15,13:00:00,1.03811,1.03881,1.0377,1.03821,0,0
2015-05-15,14:00:00,1.03819,1.03863,1.03721,1.03824,0,0
2015-05-15,15:00:00,1.03821,1.03863,1.03697,1.03749,0,0
2015-05-15,16:00:00,1.03749,1.03749,1.03472,1.03604,0,0
2015-05-15,17:00:00,1.0359,1.03608,1.03395,1.03395,0,0
2015-05-15,18:00:00,1.03394,1.03426,1.0325,1.03401,0,0
2015-05-15,19:00:00,1.03402,1.03488,1.03382,1.03401,0,0
2015-05-15,20:00:00,1.03396,1.03428,1.03278,1.03415,0,0
2015-05-15,21:00:00,1.03413,1.0348,1.03364,1.03471,0,0
2015-05-15,22:00:00,1.03471,1.03574,1.03437,1.03453,0,0
2015-05-15,23:00:00,1.03465,1.03465,1.03448,1.03449,0,0
2015-05-18,01:00:00,1.03492,1.03556,1.03437,1.03506,0,0
2015-05-18,02:00:00,1.03506,1.03598,1.03381,1.0346,0,0
2015-05-18,03:00:00,1.03471,1.03805,1.03449,1.03759,0,0
2015-05-18,04:00:00,1.03757,1.03764,1.03616,1.03666,0,0
2015-05-18,05:00:00,1.03666,1.03697,1.03504,1.03567,0,0
2015-05-18,06:00:00,1.03567,1.03613,1.03527,1.03592,0,0
2015-05-18,07:00:00,1.03588,1.03639,1.03558,1.0361,0,0
2015-05-18,08:00:00,1.0361,1.03788,1.03609,1.03761,0,0
2015-05-18,09:00:00,1.03753,1.03753,1.03588,1.03732,0,0
2015-05-18,10:00:00,1.03734,1.03903,1.03719,1.03823,0,0
2015-05-18,11:00:00,1.0383,1.03831,1.03606,1.03631,0,0
2015-05-18,12:00:00,1.03637,1.03756,1.036,1.03716,0,0
2015-05-18,13:00:00,1.03715,1.03769,1.0363,1.03668,0,0
2015-05-18,14:00:00,1.03666,1.03683,1.03607,1.03628,0,0
2015-05-18,15:00:00,1.03627,1.03654,1.035,1.0353,0,0
2015-05-18,16:00:00,1.0353,1.0353,1.03165,1.03261,0,0
2015-05-18,17:00:00,1.03243,1.03243,1.02923,1.02924,0,0
2015-05-18,18:00:00,1.02937,1.02954,1.02748,1.02875,0,0
2015-05-18,19:00:00,1.02866,1.02969,1.02854,1.02969,0,0
2015-05-18,20:00:00,1.02969,1.03092,1.02867,1.03058,0,0
2015-05-18,21:00:00,1.03061,1.03109,1.02987,1.0301,0,0
2015-05-18,22:00:00,1.0301,1.03018,1.02905,1.02949,0,0
2015-05-18,23:00:00,1.02949,1.02982,1.02905,1.02923,0,0
2015-05-18,23:59:00,1.02923,1.02978,1.02874,1.0292,0,0
2015-05-19,01:00:00,1.02907,1.02987,1.02907,1.0295,0,0
2015-05-19,02:00:00,1.02954,1.02997,1.02892,1.02989,0,0
2015-05-19,03:00:00,1.02995,1.03025,1.02902,1.02931,0,0
2015-05-19,04:00:00,1.02932,1.03262,1.0287,1.03174,0,0
2015-05-19,05:00:00,1.03175,1.0325,1.03091,1.03127,0,0
2015-05-19,06:00:00,1.03127,1.03135,1.02942,1.03016,0,0
2015-05-19,07:00:00,1.03015,1.03153,1.03015,1.03114,0,0
2015-05-19,08:00:00,1.03114,1.03129,1.02915,1.03011,0,0
2015-05-19,09:00:00,1.0302,1.03057,1.02889,1.02965,0,0
2015-05-19,10:00:00,1.02965,1.03176,1.02947,1.03002,0,0
2015-05-19,11:00:00,1.03002,1.0307,1.02853,1.02977,0,0
2015-05-19,12:00:00,1.02979,1.02985,1.02841,1.02954,0,0
2015-05-19,13:00:00,1.02954,1.0306,1.02877,1.0304,0,0
2015-05-19,14:00:00,1.03033,1.03108,1.02968,1.03002,0,0
2015-05-19,15:00:00,1.03,1.03415,1.02948,1.03207,0,0
2015-05-19,16:00:00,1.03206,1.03249,1.02938,1.0294,0,0
2015-05-19,17:00:00,1.02944,1.0329,1.02877,1.03248,0,0
2015-05-19,18:00:00,1.03254,1.03449,1.03184,1.03411,0,0
2015-05-19,19:00:00,1.03419,1.03469,1.03331,1.03392,0,0
2015-05-19,20:00:00,1.0339,1.0339,1.03231,1.03315,0,0
2015-05-19,21:00:00,1.03315,1.03389,1.03269,1.03366,0,0
2015-05-19,22:00:00,1.03363,1.03403,1.03271,1.03292,0,0
2015-05-19,23:00:00,1.03286,1.03341,1.03268,1.03294,0,0
2015-05-19,23:59:00,1.03298,1.03314,1.03238,1.03246,0,0
2015-05-20,01:00:00,1.03244,1.03314,1.03241,1.03254,0,0
2015-05-20,02:00:00,1.03254,1.03297,1.03205,1.03233,0,0
2015-05-20,03:00:00,1.03215,1.03399,1.03183,1.03293,0,0
2015-05-20,04:00:00,1.03288,1.03343,1.03156,1.03215,0,0
2015-05-20,05:00:00,1.03215,1.03243,1.03132,1.03213,0,0
2015-05-20,06:00:00,1.03213,1.03273,1.03171,1.03252,0,0
2015-05-20,07:00:00,1.03252,1.03323,1.03198,1.03269,0,0
2015-05-20,08:00:00,1.03269,1.03305,1.03162,1.03293,0,0
2015-05-20,09:00:00,1.03281,1.03543,1.03223,1.03496,0,0
2015-05-20,10:00:00,1.03503,1.03614,1.03449,1.03596,0,0
2015-05-20,11:00:00,1.03597,1.03643,1.03481,1.03585,0,0
2015-05-20,12:00:00,1.03576,1.0358,1.03431,1.0347,0,0
2015-05-20,13:00:00,1.0347,1.03642,1.03429,1.03572,0,0
2015-05-20,14:00:00,1.03571,1.03722,1.03571,1.03675,0,0
2015-05-20,15:00:00,1.03676,1.03699,1.03512,1.03638,0,0
2015-05-20,16:00:00,1.03638,1.03752,1.03636,1.03707,0,0
2015-05-20,17:00:00,1.03707,1.03904,1.03672,1.03843,0,0
2015-05-20,18:00:00,1.03842,1.03971,1.03792,1.03968,0,0
2015-05-20,19:00:00,1.03971,1.03971,1.03844,1.03918,0,0
2015-05-20,20:00:00,1.03918,1.04142,1.0389,1.0413,0,0
2015-05-20,21:00:00,1.04122,1.04128,1.0377,1.03828,0,0
2015-05-20,22:00:00,1.03829,1.04005,1.03765,1.03991,0,0
2015-05-20,23:00:00,1.03982,1.04088,1.03965,1.04017,0,0
2015-05-20,23:59:00,1.04017,1.04137,1.04003,1.04044,0,0
2015-05-21,01:00:00,1.04049,1.04134,1.04037,1.04066,0,0
2015-05-21,02:00:00,1.04066,1.04111,1.03952,1.03983,0,0
2015-05-21,03:00:00,1.03983,1.04041,1.03905,1.03947,0,0
2015-05-21,04:00:00,1.03947,1.04054,1.03873,1.04038,0,0
2015-05-21,05:00:00,1.04036,1.04036,1.03787,1.03858,0,0
2015-05-21,06:00:00,1.03858,1.03929,1.03819,1.03906,0,0
2015-05-21,07:00:00,1.03904,1.03904,1.03741,1.0375,0,0
2015-05-21,08:00:00,1.0375,1.03809,1.03705,1.03761,0,0
2015-05-21,09:00:00,1.03761,1.04004,1.03761,1.03876,0,0
2015-05-21,10:00:00,1.03876,1.03956,1.03855,1.03934,0,0
2015-05-21,11:00:00,1.03934,1.0395,1.03809,1.03864,0,0
2015-05-21,12:00:00,1.03866,1.03945,1.03826,1.0393,0,0
2015-05-21,13:00:00,1.0393,1.03959,1.03828,1.0384,0,0
2015-05-21,14:00:00,1.03841,1.03898,1.03798,1.03819,0,0
2015-05-21,15:00:00,1.03819,1.03883,1.03692,1.03856,0,0
2015-05-21,16:00:00,1.03863,1.0393,1.03728,1.03795,0,0
2015-05-21,17:00:00,1.03777,1.03971,1.03642,1.03926,0,0
2015-05-21,18:00:00,1.03934,1.03999,1.03881,1.0391,0,0
2015-05-21,19:00:00,1.03904,1.0397,1.03854,1.03947,0,0
2015-05-21,20:00:00,1.03947,1.0396,1.0385,1.03883,0,0
2015-05-21,21:00:00,1.03883,1.03922,1.03803,1.03813,0,0
2015-05-21,22:00:00,1.03806,1.03865,1.03773,1.03807,0,0
2015-05-21,23:00:00,1.03807,1.03892,1.03803,1.03834,0,0
2015-05-21,23:59:00,1.03834,1.03895,1.0379,1.03824,0,0
2015-05-22,01:00:00,1.03817,1.03872,1.03784,1.03789,0,0
2015-05-22,02:00:00,1.03788,1.03835,1.03726,1.03793,0,0
2015-05-22,03:00:00,1.03803,1.03809,1.03689,1.03689,0,0
2015-05-22,04:00:00,1.03689,1.03742,1.03661,1.03736,0,0
2015-05-22,05:00:00,1.03736,1.03809,1.03686,1.03689,0,0
2015-05-22,06:00:00,1.03689,1.03752,1.03617,1.03649,0,0
2015-05-22,07:00:00,1.03646,1.0366,1.03567,1.03659,0,0
2015-05-22,08:00:00,1.0365,1.03652,1.03595,1.03637,0,0
2015-05-22,09:00:00,1.03637,1.03664,1.03509,1.03549,0,0
2015-05-22,10:00:00,1.03549,1.03817,1.03543,1.03767,0,0
2015-05-22,11:00:00,1.03767,1.03789,1.03702,1.03741,0,0
2015-05-22,12:00:00,1.03741,1.03851,1.0373,1.03831,0,0
2015-05-22,13:00:00,1.03823,1.03939,1.03792,1.03872,0,0
2015-05-22,14:00:00,1.03872,1.0396,1.03851,1.03921,0,0
2015-05-22,15:00:00,1.0392,1.0417,1.03883,1.04073,0,0
2015-05-22,16:00:00,1.04085,1.04147,1.03934,1.04099,0,0
2015-05-22,17:00:00,1.04112,1.04119,1.03941,1.04035,0,0
2015-05-22,18:00:00,1.04036,1.04113,1.0397,1.0397,0,0
2015-05-22,19:00:00,1.0397,1.04002,1.03793,1.03831,0,0
2015-05-22,20:00:00,1.03839,1.04014,1.03765,1.03935,0,0
2015-05-22,21:00:00,1.03938,1.04008,1.03899,1.03968,0,0
2015-05-22,22:00:00,1.03971,1.04028,1.03941,1.03982,0,0
2015-05-22,23:00:00,1.03982,1.04006,1.0398,1.0398,0,0
2015-05-25,01:00:00,1.04055,1.04078,1.03946,1.04019,0,0
2015-05-25,02:00:00,1.04019,1.04124,1.03999,1.04111,0,0
2015-05-25,03:00:00,1.04111,1.04174,1.04094,1.04135,0,0
2015-05-25,04:00:00,1.04135,1.0415,1.04047,1.04087,0,0
2015-05-25,05:00:00,1.04093,1.04099,1.03955,1.03991,0,0
2015-05-25,06:00:00,1.03991,1.04005,1.03917,1.03968,0,0
2015-05-25,07:00:00,1.03974,1.04006,1.03907,1.03948,0,0
2015-05-25,08:00:00,1.03947,1.04096,1.03922,1.04027,0,0
2015-05-25,09:00:00,1.04027,1.0406,1.03958,1.04002,0,0
2015-05-25,10:00:00,1.04,1.04028,1.03881,1.03915,0,0
2015-05-25,11:00:00,1.03915,1.03955,1.03807,1.03892,0,0
2015-05-25,12:00:00,1.03896,1.03952,1.03868,1.03884,0,0
2015-05-25,13:00:00,1.03883,1.03962,1.03851,1.03867,0,0
2015-05-25,14:00:00,1.03869,1.03931,1.0384,1.03924,0,0
2015-05-25,15:00:00,1.03922,1.03923,1.03802,1.03837,0,0
2015-05-25,16:00:00,1.03836,1.03935,1.03794,1.03876,0,0
2015-05-25,17:00:00,1.03876,1.03881,1.03762,1.03781,0,0
2015-05-25,18:00:00,1.03781,1.03873,1.03768,1.03818,0,0
2015-05-25,19:00:00,1.03816,1.03818,1.03699,1.03756,0,0
2015-05-25,20:00:00,1.03754,1.03795,1.03713,1.03762,0,0
2015-05-25,21:00:00,1.03762,1.03809,1.03725,1.03787,0,0
2015-05-25,22:00:00,1.03792,1.03832,1.03775,1.03799,0,0
2015-05-25,23:00:00,1.03799,1.03837,1.03769,1.03791,0,0
2015-05-25,23:59:00,1.03792,1.03836,1.03754,1.03822,0,0
2015-05-26,01:00:00,1.03799,1.03825,1.0372,1.03777,0,0
2015-05-26,02:00:00,1.03777,1.03785,1.03719,1.03757,0,0
2015-05-26,03:00:00,1.03766,1.03852,1.03754,1.03802,0,0
2015-05-26,04:00:00,1.03802,1.03838,1.0372,1.03725,0,0
2015-05-26,05:00:00,1.03725,1.03762,1.03692,1.03702,0,0
2015-05-26,06:00:00,1.03702,1.03745,1.03678,1.03716,0,0
2015-05-26,07:00:00,1.03714,1.0373,1.03644,1.03726,0,0
2015-05-26,08:00:00,1.03726,1.03823,1.03713,1.03762,0,0
2015-05-26,09:00:00,1.03762,1.03959,1.03725,1.03935,0,0
2015-05-26,10:00:00,1.03934,1.04215,1.03923,1.04062,0,0
2015-05-26,11:00:00,1.04055,1.04164,1.0392,1.03955,0,0
2015-05-26,12:00:00,1.03955,1.03964,1.03678,1.03726,0,0
2015-05-26,13:00:00,1.03726,1.03769,1.03601,1.03617,0,0
2015-05-26,14:00:00,1.03616,1.03722,1.03582,1.03641,0,0
2015-05-26,15:00:00,1.03649,1.03948,1.03629,1.03918,0,0
2015-05-26,16:00:00,1.03933,1.0394,1.03685,1.03828,0,0
2015-05-26,17:00:00,1.03843,1.03987,1.03772,1.03987,0,0
2015-05-26,18:00:00,1.03984,1.04063,1.03925,1.03989,0,0
2015-05-26,19:00:00,1.03987,1.04057,1.03853,1.03882,0,0
2015-05-26,20:00:00,1.03884,1.03975,1.0383,1.03961,0,0
2015-05-26,21:00:00,1.03961,1.04078,1.03948,1.04057,0,0
2015-05-26,22:00:00,1.04057,1.04107,1.03981,1.04059,0,0
2015-05-26,23:00:00,1.04057,1.04087,1.03957,1.03988,0,0
2015-05-26,23:59:00,1.0398,1.04117,1.03901,1.03974,0,0
2015-05-27,01:00:00,1.03984,1.03987,1.03921,1.03975,0,0
2015-05-27,02:00:00,1.03975,1.03998,1.03895,1.03923,0,0
2015-05-27,03:00:00,1.03923,1.0396,1.03854,1.03885,0,0
2015-05-27,04:00:00,1.03885,1.04037,1.03885,1.03955,0,0
2015-05-27,05:00:00,1.03952,1.03972,1.0376,1.03848,0,0
2015-05-27,06:00:00,1.03848,1.03875,1.03799,1.03806,0,0
2015-05-27,07:00:00,1.03813,1.03879,1.0377,1.03849,0,0
2015-05-27,08:00:00,1.03849,1.03869,1.03773,1.03848,0,0
2015-05-27,09:00:00,1.03854,1.03883,1.03742,1.03879,0,0
2015-05-27,10:00:00,1.03879,1.04012,1.03859,1.03994,0,0
2015-05-27,11:00:00,1.03994,1.041,1.03931,1.03935,0,0
2015-05-27,12:00:00,1.03936,1.03993,1.03824,1.03896,0,0
2015-05-27,13:00:00,1.03896,1.04162,1.03801,1.0409,0,0
2015-05-27,14:00:00,1.04094,1.04277,1.04051,1.04086,0,0
2015-05-27,15:00:00,1.04087,1.04177,1.0399,1.04168,0,0
2015-05-27,16:00:00,1.04169,1.04248,1.04025,1.04214,0,0
2015-05-27,17:00:00,1.04214,1.04277,1.03832,1.03849,0,0
2015-05-27,18:00:00,1.03854,1.03983,1.03793,1.03881,0,0
2015-05-27,19:00:00,1.03884,1.03969,1.03846,1.03862,0,0
2015-05-27,20:00:00,1.03861,1.03936,1.0379,1.0381,0,0
2015-05-27,21:00:00,1.0381,1.03878,1.03776,1.03871,0,0
2015-05-27,22:00:00,1.03881,1.03937,1.03826,1.03829,0,0
2015-05-27,23:00:00,1.03827,1.03951,1.03766,1.03894,0,0
2015-05-27,23:59:00,1.03894,1.03954,1.03816,1.03828,0,0
2015-05-28,01:00:00,1.0383,1.03911,1.03811,1.03845,0,0
2015-05-28,02:00:00,1.03843,1.03893,1.0378,1.0378,0,0
2015-05-28,03:00:00,1.03782,1.03822,1.03689,1.03704,0,0
2015-05-28,04:00:00,1.03702,1.04495,1.03523,1.044,0,0
2015-05-28,05:00:00,1.04409,1.04522,1.04345,1.04396,0,0
2015-05-28,06:00:00,1.04401,1.04509,1.04364,1.04376,0,0
2015-05-28,07:00:00,1.0438,1.04477,1.04313,1.04313,0,0
2015-05-28,08:00:00,1.04314,1.04385,1.0411,1.0424,0,0
2015-05-28,09:00:00,1.0424,1.04391,1.0418,1.04391,0,0
2015-05-28,10:00:00,1.04405,1.04613,1.04376,1.04507,0,0
2015-05-28,11:00:00,1.04507,1.04612,1.04417,1.04442,0,0
2015-05-28,12:00:00,1.04442,1.04585,1.04404,1.04567,0,0
2015-05-28,13:00:00,1.04567,1.04627,1.04441,1.0461,0,0
2015-05-28,14:00:00,1.04615,1.04868,1.04569,1.04828,0,0
2015-05-28,15:00:00,1.0482,1.04955,1.04729,1.04767,0,0
2015-05-28,16:00:00,1.04764,1.04787,1.04657,1.0467,0,0
2015-05-28,17:00:00,1.0467,1.04792,1.04574,1.04675,0,0
2015-05-28,18:00:00,1.04676,1.05052,1.04676,1.05052,0,0
2015-05-28,19:00:00,1.0505,1.05117,1.04976,1.04984,0,0
2015-05-28,20:00:00,1.04973,1.05157,1.04938,1.05132,0,0
2015-05-28,21:00:00,1.05124,1.05177,1.05091,1.05139,0,0
2015-05-28,22:00:00,1.05152,1.05186,1.05115,1.05162,0,0
2015-05-28,23:00:00,1.05162,1.05198,1.05102,1.05131,0,0
2015-05-28,23:59:00,1.05131,1.0525,1.05084,1.05175,0,0
2015-05-29,01:00:00,1.05169,1.05206,1.05033,1.05103,0,0
2015-05-29,02:00:00,1.05104,1.05168,1.05077,1.05116,0,0
2015-05-29,03:00:00,1.05116,1.05215,1.05097,1.05206,0,0
2015-05-29,04:00:00,1.05208,1.05294,1.05033,1.05048,0,0
2015-05-29,05:00:00,1.05048,1.05093,1.04943,1.05071,0,0
2015-05-29,06:00:00,1.05071,1.05165,1.05041,1.05084,0,0
2015-05-29,07:00:00,1.05074,1.05105,1.04994,1.05052,0,0
2015-05-29,08:00:00,1.05052,1.05144,1.05052,1.05104,0,0
2015-05-29,09:00:00,1.051,1.05103,1.04969,1.05007,0,0
2015-05-29,10:00:00,1.05,1.05061,1.04895,1.0502,0,0
2015-05-29,11:00:00,1.0502,1.0505,1.0496,1.05005,0,0
2015-05-29,12:00:00,1.05004,1.051,1.04973,1.05024,0,0
2015-05-29,13:00:00,1.05025,1.05184,1.05006,1.05088,0,0
2015-05-29,14:00:00,1.051,1.0514,1.04948,1.05079,0,0
2015-05-29,15:00:00,1.0507,1.05087,1.04465,1.0466,0,0
2015-05-29,16:00:00,1.04654,1.04784,1.04477,1.04684,0,0
2015-05-29,17:00:00,1.04685,1.04849,1.04528,1.04658,0,0
2015-05-29,18:00:00,1.04668,1.04791,1.04585,1.0475,0,0
2015-05-29,19:00:00,1.04757,1.04841,1.0473,1.04818,0,0
2015-05-29,20:00:00,1.04823,1.04841,1.04698,1.04817,0,0
2015-05-29,21:00:00,1.04817,1.05074,1.04817,1.04954,0,0
2015-05-29,22:00:00,1.04954,1.05197,1.0494,1.05178,0,0
2015-05-29,23:00:00,1.05187,1.05187,1.05142,1.05143,0,0
2015-06-01,01:00:00,1.05095,1.05147,1.05041,1.05071,0,0
2015-06-01,02:00:00,1.05072,1.05092,1.04995,1.05041,0,0
2015-06-01,03:00:00,1.05049,1.05059,1.04895,1.04933,0,0
2015-06-01,04:00:00,1.04933,1.0509,1.04783,1.04856,0,0
2015-06-01,05:00:00,1.04861,1.04977,1.04751,1.04903,0,0
2015-06-01,06:00:00,1.04911,1.04965,1.04821,1.04954,0,0
2015-06-01,07:00:00,1.04954,1.04965,1.04787,1.0479,0,0
2015-06-01,08:00:00,1.04792,1.0493,1.04789,1.0491,0,0
2015-06-01,09:00:00,1.0491,1.04949,1.04658,1.04711,0,0
2015-06-01,10:00:00,1.04709,1.04803,1.04618,1.04726,0,0
2015-06-01,11:00:00,1.04714,1.04743,1.04633,1.04734,0,0
2015-06-01,12:00:00,1.04736,1.04925,1.04736,1.04879,0,0
2015-06-01,13:00:00,1.04879,1.05043,1.04879,1.04958,0,0
2015-06-01,14:00:00,1.04964,1.0498,1.04855,1.04936,0,0
2015-06-01,15:00:00,1.04931,1.04931,1.04684,1.0469,0,0
2015-06-01,16:00:00,1.04695,1.04831,1.0462,1.0472,0,0
2015-06-01,17:00:00,1.04723,1.04843,1.04663,1.04712,0,0
2015-06-01,18:00:00,1.04713,1.04746,1.04646,1.04709,0,0
2015-06-01,19:00:00,1.0471,1.0483,1.04691,1.04799,0,0
2015-06-01,20:00:00,1.04794,1.04884,1.04773,1.04872,0,0
2015-06-01,21:00:00,1.04874,1.05054,1.04848,1.04969,0,0
2015-06-01,22:00:00,1.04969,1.04987,1.04851,1.04932,0,0
2015-06-01,23:00:00,1.04931,1.04999,1.04865,1.04999,0,0
2015-06-01,23:59:00,1.05002,1.05019,1.04896,1.049,0,0
2015-06-02,01:00:00,1.0491,1.04924,1.04866,1.0487,0,0
2015-06-02,02:00:00,1.0487,1.0493,1.04817,1.04853,0,0
2015-06-02,03:00:00,1.04853,1.04868,1.04637,1.04703,0,0
2015-06-02,04:00:00,1.04703,1.04741,1.04544,1.04615,0,0
2015-06-02,05:00:00,1.04616,1.04689,1.0459,1.04661,0,0
2015-06-02,06:00:00,1.04664,1.04664,1.04578,1.04636,0,0
2015-06-02,07:00:00,1.04634,1.04761,1.03984,1.04137,0,0
2015-06-02,08:00:00,1.04134,1.04159,1.03956,1.04046,0,0
2015-06-02,09:00:00,1.04046,1.04083,1.03787,1.03867,0,0
2015-06-02,10:00:00,1.03862,1.04017,1.03822,1.03986,0,0
2015-06-02,11:00:00,1.03987,1.04118,1.03973,1.03982,0,0
2015-06-02,12:00:00,1.03982,1.04137,1.03964,1.03988,0,0
2015-06-02,13:00:00,1.03988,1.04085,1.03868,1.03936,0,0
2015-06-02,14:00:00,1.03937,1.03975,1.03828,1.0392,0,0
2015-06-02,15:00:00,1.03917,1.04123,1.03898,1.04065,0,0
2015-06-02,16:00:00,1.04063,1.04106,1.03659,1.03706,0,0
2015-06-02,17:00:00,1.0371,1.03754,1.03523,1.03743,0,0
2015-06-02,18:00:00,1.03747,1.03894,1.03739,1.03891,0,0
2015-06-02,19:00:00,1.0389,1.03927,1.03766,1.03787,0,0
2015-06-02,20:00:00,1.03795,1.03809,1.03668,1.03703,0,0
2015-06-02,21:00:00,1.03702,1.03732,1.0361,1.03677,0,0
2015-06-02,22:00:00,1.03621,1.03726,1.03596,1.03702,0,0
2015-06-02,23:00:00,1.03702,1.03752,1.03625,1.03752,0,0
2015-06-02,23:59:00,1.03748,1.03748,1.03649,1.03728,0,0
2015-06-03,01:00:00,1.03701,1.0377,1.03634,1.03735,0,0
2015-06-03,02:00:00,1.03729,1.03791,1.03699,1.03784,0,0
2015-06-03,03:00:00,1.03785,1.03807,1.03724,1.03769,0,0
2015-06-03,04:00:00,1.03768,1.03778,1.03222,1.03288,0,0
2015-06-03,05:00:00,1.03273,1.03549,1.03273,1.03518,0,0
2015-06-03,06:00:00,1.03516,1.03605,1.03433,1.03458,0,0
2015-06-03,07:00:00,1.03498,1.03544,1.03457,1.03492,0,0
2015-06-03,08:00:00,1.03492,1.03511,1.03407,1.03446,0,0
2015-06-03,09:00:00,1.03445,1.03465,1.0331,1.03399,0,0
2015-06-03,10:00:00,1.03399,1.03471,1.03315,1.03387,0,0
2015-06-03,11:00:00,1.03387,1.03478,1.03302,1.03452,0,0
2015-06-03,12:00:00,1.03452,1.03455,1.03242,1.03255,0,0
2015-06-03,13:00:00,1.03257,1.0345,1.03243,1.03408,0,0
2015-06-03,14:00:00,1.03408,1.03504,1.03349,1.03462,0,0
2015-06-03,15:00:00,1.03461,1.03466,1.03055,1.03107,0,0
2015-06-03,16:00:00,1.03107,1.0318,1.02919,1.02983,0,0
2015-06-03,17:00:00,1.02992,1.03158,1.02947,1.02949,0,0
2015-06-03,18:00:00,1.02949,1.03141,1.02936,1.03058,0,0
2015-06-03,19:00:00,1.03038,1.03181,1.03035,1.03177,0,0
2015-06-03,20:00:00,1.03172,1.03204,1.03086,1.03136,0,0
2015-06-03,21:00:00,1.03139,1.03302,1.03135,1.03302,0,0
2015-06-03,22:00:00,1.03302,1.03302,1.03122,1.03141,0,0
2015-06-03,23:00:00,1.03141,1.03193,1.03081,1.03142,0,0
2015-06-03,23:59:00,1.0314,1.0325,1.03134,1.03224,0,0
2015-06-04,01:00:00,1.03227,1.0332,1.03205,1.03281,0,0
2015-06-04,02:00:00,1.0328,1.03352,1.03254,1.03312,0,0
2015-06-04,03:00:00,1.03312,1.03375,1.03276,1.03314,0,0
2015-06-04,04:00:00,1.03311,1.04034,1.03223,1.03916,0,0
2015-06-04,05:00:00,1.03919,1.04005,1.03888,1.03931,0,0
2015-06-04,06:00:00,1.03932,1.03961,1.03839,1.0386,0,0
2015-06-04,07:00:00,1.03861,1.03915,1.038,1.03841,0,0
2015-06-04,08:00:00,1.03841,1.04023,1.03841,1.03954,0,0
2015-06-04,09:00:00,1.03954,1.03954,1.03799,1.03873,0,0
2015-06-04,10:00:00,1.03872,1.0397,1.038,1.03861,0,0
2015-06-04,11:00:00,1.03859,1.0387,1.03506,1.03594,0,0
2015-06-04,12:00:00,1.03598,1.03776,1.0358,1.03713,0,0
2015-06-04,13:00:00,1.03713,1.03802,1.03629,1.03654,0,0
2015-06-04,14:00:00,1.03655,1.03709,1.0355,1.03675,0,0
2015-06-04,15:00:00,1.03675,1.03897,1.03671,1.0388,0,0
2015-06-04,16:00:00,1.0388,1.04103,1.03758,1.04027,0,0
2015-06-04,17:00:00,1.0406,1.0454,1.0406,1.0453,0,0
2015-06-04,18:00:00,1.0453,1.04555,1.04409,1.0446,0,0
2015-06-04,19:00:00,1.0446,1.04493,1.04252,1.04291,0,0
2015-06-04,20:00:00,1.04291,1.04373,1.04208,1.04227,0,0
2015-06-04,21:00:00,1.04215,1.04255,1.04102,1.04136,0,0
2015-06-04,22:00:00,1.0415,1.04185,1.04101,1.04128,0,0
2015-06-04,23:00:00,1.04124,1.04162,1.04044,1.04045,0,0
2015-06-04,23:59:00,1.04036,1.04193,1.04023,1.04165,0,0
2015-06-05,01:00:00,1.04149,1.04222,1.04116,1.04151,0,0
2015-06-05,02:00:00,1.04151,1.04192,1.04088,1.04103,0,0
2015-06-05,03:00:00,1.04103,1.0417,1.04038,1.04038,0,0
2015-06-05,04:00:00,1.04037,1.04079,1.03943,1.03974,0,0
2015-06-05,05:00:00,1.03975,1.04004,1.03936,1.03968,0,0
2015-06-05,06:00:00,1.03967,1.04036,1.03951,1.03956,0,0
2015-06-05,07:00:00,1.03956,1.03973,1.03895,1.03948,0,0
2015-06-05,08:00:00,1.03948,1.04005,1.03887,1.03996,0,0
2015-06-05,09:00:00,1.03997,1.04039,1.039,1.03956,0,0
2015-06-05,10:00:00,1.03958,1.04068,1.03893,1.03925,0,0
2015-06-05,11:00:00,1.03925,1.03925,1.03714,1.0378,0,0
2015-06-05,12:00:00,1.0378,1.03831,1.03706,1.03732,0,0
2015-06-05,13:00:00,1.03741,1.03814,1.03656,1.03679,0,0
2015-06-05,14:00:00,1.03682,1.03758,1.03576,1.0369,0,0
2015-06-05,15:00:00,1.0369,1.04977,1.0358,1.04868,0,0
2015-06-05,16:00:00,1.04868,1.04878,1.04655,1.04869,0,0
2015-06-05,17:00:00,1.04869,1.05121,1.04671,1.05121,0,0
2015-06-05,18:00:00,1.05124,1.05173,1.05051,1.05072,0,0
2015-06-05,19:00:00,1.05078,1.05172,1.05059,1.05071,0,0
2015-06-05,20:00:00,1.05075,1.05305,1.05047,1.0528,0,0
2015-06-05,21:00:00,1.0528,1.05507,1.05265,1.05486,0,0
2015-06-05,22:00:00,1.05503,1.05522,1.05378,1.05424,0,0
2015-06-05,23:00:00,1.05425,1.05464,1.05425,1.05461,0,0
2015-06-08,01:00:00,1.0545,1.05459,1.05374,1.05381,0,0
2015-06-08,02:00:00,1.05383,1.05414,1.05289,1.05361,0,0
2015-06-08,03:00:00,1.05366,1.05386,1.05245,1.05378,0,0
2015-06-08,04:00:00,1.05381,1.05381,1.05174,1.05175,0,0
2015-06-08,05:00:00,1.05161,1.05358,1.0504,1.05329,0,0
2015-06-08,06:00:00,1.05329,1.05428,1.05316,1.05356,0,0
2015-06-08,07:00:00,1.05356,1.05471,1.05349,1.05458,0,0
2015-06-08,08:00:00,1.05458,1.05475,1.05314,1.05325,0,0
2015-06-08,09:00:00,1.05332,1.05474,1.05072,1.05298,0,0
2015-06-08,10:00:00,1.05297,1.05297,1.05115,1.05188,0,0
2015-06-08,11:00:00,1.05189,1.05464,1.05189,1.05249,0,0
2015-06-08,12:00:00,1.05246,1.05302,1.05157,1.0518,0,0
2015-06-08,13:00:00,1.05181,1.05305,1.05174,1.05273,0,0
2015-06-08,14:00:00,1.05265,1.05279,1.05155,1.05273,0,0
2015-06-08,15:00:00,1.05273,1.05558,1.05232,1.05428,0,0
2015-06-08,16:00:00,1.05429,1.05441,1.05245,1.05378,0,0
2015-06-08,17:00:00,1.05376,1.05376,1.05175,1.05244,0,0
2015-06-08,18:00:00,1.05245,1.05328,1.05103,1.05148,0,0
2015-06-08,19:00:00,1.05148,1.05155,1.05064,1.05116,0,0
2015-06-08,20:00:00,1.05116,1.05116,1.04682,1.04788,0,0
2015-06-08,21:00:00,1.04788,1.04853,1.04687,1.04715,0,0
2015-06-08,22:00:00,1.04718,1.0476,1.04622,1.04678,0,0
2015-06-08,23:00:00,1.04675,1.04719,1.0462,1.0462,0,0
2015-06-08,23:59:00,1.04618,1.04776,1.04613,1.04749,0,0
2015-06-09,01:00:00,1.04733,1.04818,1.04696,1.04797,0,0
2015-06-09,02:00:00,1.04797,1.04862,1.04734,1.04797,0,0
2015-06-09,03:00:00,1.04799,1.04885,1.04765,1.04767,0,0
2015-06-09,04:00:00,1.04767,1.0477,1.04471,1.0468,0,0
2015-06-09,05:00:00,1.0468,1.048,1.0468,1.04716,0,0
2015-06-09,06:00:00,1.04714,1.04887,1.04707,1.04883,0,0
2015-06-09,07:00:00,1.04884,1.04969,1.04846,1.04897,0,0
2015-06-09,08:00:00,1.04897,1.04975,1.04843,1.04971,0,0
2015-06-09,09:00:00,1.04971,1.05113,1.04928,1.05039,0,0
2015-06-09,10:00:00,1.05041,1.05153,1.05009,1.0503,0,0
2015-06-09,11:00:00,1.0503,1.05202,1.0503,1.05111,0,0
2015-06-09,12:00:00,1.05111,1.05173,1.05002,1.05155,0,0
2015-06-09,13:00:00,1.05171,1.05171,1.04973,1.05083,0,0
2015-06-09,14:00:00,1.05078,1.05142,1.04935,1.05032,0,0
2015-06-09,15:00:00,1.05033,1.05425,1.05033,1.05378,0,0
2015-06-09,16:00:00,1.05384,1.05417,1.05217,1.05378,0,0
2015-06-09,17:00:00,1.05359,1.05696,1.05277,1.05696,0,0
2015-06-09,18:00:00,1.05678,1.05785,1.0562,1.05642,0,0
2015-06-09,19:00:00,1.0565,1.05819,1.05645,1.05694,0,0
2015-06-09,20:00:00,1.05687,1.05711,1.05615,1.05629,0,0
2015-06-09,21:00:00,1.05629,1.05663,1.05465,1.05517,0,0
2015-06-09,22:00:00,1.05517,1.05521,1.05408,1.05409,0,0
2015-06-09,23:00:00,1.0541,1.05566,1.05406,1.05412,0,0
2015-06-09,23:59:00,1.05412,1.05523,1.05371,1.05392,0,0
2015-06-10,01:00:00,1.05401,1.05448,1.05368,1.0538,0,0
2015-06-10,02:00:00,1.0538,1.05413,1.05338,1.05411,0,0
2015-06-10,03:00:00,1.05411,1.05557,1.05229,1.05444,0,0
2015-06-10,04:00:00,1.05444,1.05539,1.05421,1.05493,0,0
2015-06-10,05:00:00,1.05493,1.05945,1.0542,1.05823,0,0
2015-06-10,06:00:00,1.05822,1.05997,1.05822,1.05846,0,0
2015-06-10,07:00:00,1.05846,1.05946,1.05396,1.05534,0,0
2015-06-10,08:00:00,1.05535,1.05618,1.04882,1.05061,0,0
2015-06-10,09:00:00,1.05061,1.05295,1.05023,1.05266,0,0
2015-06-10,10:00:00,1.05272,1.0538,1.04855,1.04916,0,0
2015-06-10,11:00:00,1.04916,1.05315,1.04849,1.05249,0,0
2015-06-10,12:00:00,1.05235,1.05364,1.05146,1.05268,0,0
2015-06-10,13:00:00,1.05265,1.05578,1.05216,1.05455,0,0
2015-06-10,14:00:00,1.05465,1.05533,1.05343,1.05401,0,0
2015-06-10,15:00:00,1.05401,1.0562,1.05367,1.0557,0,0
2015-06-10,16:00:00,1.0557,1.05607,1.05389,1.05395,0,0
2015-06-10,17:00:00,1.05395,1.05435,1.05167,1.05177,0,0
2015-06-10,18:00:00,1.05167,1.05285,1.04997,1.05208,0,0
2015-06-10,19:00:00,1.05208,1.05219,1.04993,1.05017,0,0
2015-06-10,20:00:00,1.05021,1.05021,1.04879,1.04905,0,0
2015-06-10,21:00:00,1.04907,1.05112,1.04867,1.051,0,0
2015-06-10,22:00:00,1.05099,1.05113,1.0505,1.05092,0,0
2015-06-10,23:00:00,1.05092,1.05163,1.0499,1.05139,0,0
2015-06-10,23:59:00,1.05152,1.05929,1.051,1.05264,0,0
2015-06-11,01:00:00,1.05263,1.05365,1.05255,1.05341,0,0
2015-06-11,02:00:00,1.05341,1.05392,1.05295,1.05389,0,0
2015-06-11,03:00:00,1.05389,1.0558,1.05389,1.05516,0,0
2015-06-11,04:00:00,1.05515,1.05537,1.04613,1.04884,0,0
2015-06-11,05:00:00,1.0487,1.05004,1.04851,1.04871,0,0
2015-06-11,06:00:00,1.04868,1.04986,1.04809,1.04909,0,0
2015-06-11,07:00:00,1.04909,1.04983,1.04827,1.04873,0,0
2015-06-11,08:00:00,1.04873,1.05027,1.04834,1.04979,0,0
2015-06-11,09:00:00,1.04979,1.05093,1.04835,1.04912,0,0
2015-06-11,10:00:00,1.04907,1.05049,1.04895,1.05009,0,0
2015-06-11,11:00:00,1.04994,1.05019,1.04861,1.04899,0,0
2015-06-11,12:00:00,1.04896,1.05119,1.04896,1.05064,0,0
2015-06-11,13:00:00,1.05064,1.05182,1.04997,1.05114,0,0
2015-06-11,14:00:00,1.05116,1.05137,1.05019,1.05109,0,0
2015-06-11,15:00:00,1.05096,1.0531,1.04935,1.05024,0,0
2015-06-11,16:00:00,1.05026,1.05292,1.05012,1.05203,0,0
2015-06-11,17:00:00,1.05209,1.05286,1.05051,1.05286,0,0
2015-06-11,18:00:00,1.05287,1.05294,1.05044,1.05121,0,0
2015-06-11,19:00:00,1.05122,1.05154,1.04995,1.05012,0,0
2015-06-11,20:00:00,1.0501,1.05074,1.04909,1.05054,0,0
2015-06-11,21:00:00,1.05054,1.05096,1.04968,1.05057,0,0
2015-06-11,22:00:00,1.05055,1.05055,1.04902,1.04908,0,0
2015-06-11,23:00:00,1.04908,1.04952,1.04858,1.04898,0,0
2015-06-11,23:59:00,1.04895,1.04943,1.04829,1.04866,0,0
2015-06-12,01:00:00,1.04865,1.04937,1.04865,1.04916,0,0
2015-06-12,02:00:00,1.04916,1.05013,1.0488,1.05013,0,0
2015-06-12,03:00:00,1.05016,1.05079,1.04945,1.0495,0,0
2015-06-12,04:00:00,1.04961,1.05043,1.04925,1.05012,0,0
2015-06-12,05:00:00,1.05012,1.05069,1.04998,1.0505,0,0
2015-06-12,06:00:00,1.05048,1.05089,1.05021,1.05089,0,0
2015-06-12,07:00:00,1.05086,1.05189,1.05071,1.05179,0,0
2015-06-12,08:00:00,1.05182,1.05284,1.05103,1.05194,0,0
2015-06-12,09:00:00,1.05193,1.05345,1.05176,1.05278,0,0
2015-06-12,10:00:00,1.05281,1.05364,1.05205,1.05364,0,0
2015-06-12,11:00:00,1.05362,1.05672,1.05341,1.05563,0,0
2015-06-12,12:00:00,1.05553,1.05635,1.05333,1.05339,0,0
2015-06-12,13:00:00,1.05337,1.05628,1.05327,1.05626,0,0
2015-06-12,14:00:00,1.05626,1.05643,1.05498,1.05507,0,0
2015-06-12,15:00:00,1.05507,1.05513,1.05319,1.05412,0,0
2015-06-12,16:00:00,1.05407,1.05463,1.05129,1.05159,0,0
2015-06-12,17:00:00,1.05146,1.05169,1.04883,1.05057,0,0
2015-06-12,18:00:00,1.05047,1.05079,1.04861,1.04984,0,0
2015-06-12,19:00:00,1.04981,1.05013,1.04816,1.04897,0,0
2015-06-12,20:00:00,1.04906,1.04941,1.04777,1.04936,0,0
2015-06-12,21:00:00,1.04921,1.04939,1.04828,1.04882,0,0
2015-06-12,22:00:00,1.04886,1.05067,1.04886,1.05034,0,0
2015-06-12,23:00:00,1.05033,1.05066,1.05033,1.05052,0,0
2015-06-15,01:00:00,1.04871,1.05062,1.04858,1.05059,0,0
2015-06-15,02:00:00,1.05059,1.05084,1.04992,1.05077,0,0
2015-06-15,03:00:00,1.05077,1.05245,1.05076,1.05188,0,0
2015-06-15,04:00:00,1.05186,1.05207,1.05043,1.05044,0,0
2015-06-15,05:00:00,1.05043,1.05116,1.05012,1.05085,0,0
2015-06-15,06:00:00,1.05085,1.05142,1.05032,1.05066,0,0
2015-06-15,07:00:00,1.05065,1.05141,1.05037,1.05138,0,0
2015-06-15,08:00:00,1.0514,1.05212,1.05083,1.05167,0,0
2015-06-15,09:00:00,1.0517,1.0517,1.04985,1.05058,0,0
2015-06-15,10:00:00,1.05058,1.05115,1.04986,1.05025,0,0
2015-06-15,11:00:00,1.05019,1.05083,1.04978,1.05015,0,0
2015-06-15,12:00:00,1.05014,1.05039,1.04817,1.04854,0,0
2015-06-15,13:00:00,1.04849,1.04875,1.04689,1.04698,0,0
2015-06-15,14:00:00,1.04695,1.04695,1.04549,1.04562,0,0
2015-06-15,15:00:00,1.04562,1.04566,1.04253,1.04307,0,0
2015-06-15,16:00:00,1.04308,1.04442,1.04233,1.04402,0,0
2015-06-15,17:00:00,1.04408,1.04412,1.04287,1.04384,0,0
2015-06-15,18:00:00,1.04382,1.04537,1.04339,1.04508,0,0
2015-06-15,19:00:00,1.04508,1.04658,1.04508,1.04572,0,0
2015-06-15,20:00:00,1.04563,1.04721,1.04563,1.04662,0,0
2015-06-15,21:00:00,1.04664,1.0468,1.04504,1.04538,0,0
2015-06-15,22:00:00,1.04538,1.04591,1.04491,1.04583,0,0
2015-06-15,23:00:00,1.04585,1.04639,1.04487,1.04495,0,0
2015-06-15,23:59:00,1.045,1.04586,1.04476,1.04577,0,0
2015-06-16,01:00:00,1.04576,1.04672,1.04536,1.046,0,0
2015-06-16,02:00:00,1.04606,1.04691,1.04606,1.04669,0,0
2015-06-16,03:00:00,1.04667,1.04723,1.04622,1.04652,0,0
2015-06-16,04:00:00,1.04652,1.04764,1.04342,1.0454,0,0
2015-06-16,05:00:00,1.04539,1.04655,1.04537,1.04549,0,0
2015-06-16,06:00:00,1.04549,1.04648,1.04529,1.04613,0,0
2015-06-16,07:00:00,1.04613,1.04662,1.04542,1.04661,0,0
2015-06-16,08:00:00,1.04661,1.04754,1.04645,1.04738,0,0
2015-06-16,09:00:00,1.04735,1.04867,1.04698,1.04794,0,0
2015-06-16,10:00:00,1.04794,1.04834,1.04702,1.04804,0,0
2015-06-16,11:00:00,1.048,1.04965,1.04744,1.04903,0,0
2015-06-16,12:00:00,1.04903,1.04912,1.04728,1.04769,0,0
2015-06-16,13:00:00,1.04769,1.04771,1.04622,1.04726,0,0
2015-06-16,14:00:00,1.04726,1.0475,1.0461,1.04683,0,0
2015-06-16,15:00:00,1.04675,1.047,1.04552,1.04607,0,0
2015-06-16,16:00:00,1.04607,1.04689,1.04505,1.04661,0,0
2015-06-16,17:00:00,1.04661,1.04697,1.04509,1.04565,0,0
2015-06-16,18:00:00,1.04568,1.04656,1.04547,1.04627,0,0
2015-06-16,19:00:00,1.04627,1.04632,1.04497,1.046,0,0
2015-06-16,20:00:00,1.04602,1.04871,1.04587,1.04854,0,0
2015-06-16,21:00:00,1.04854,1.04889,1.04768,1.04857,0,0
2015-06-16,22:00:00,1.04854,1.04904,1.04819,1.04904,0,0
2015-06-16,23:00:00,1.04889,1.0501,1.04853,1.04915,0,0
2015-06-16,23:59:00,1.04931,1.05025,1.04874,1.0496,0,0
2015-06-17,01:00:00,1.04962,1.04973,1.049,1.04947,0,0
2015-06-17,02:00:00,1.04947,1.05022,1.04923,1.05017,0,0
2015-06-17,03:00:00,1.05017,1.05067,1.04993,1.04993,0,0
2015-06-17,04:00:00,1.04993,1.05232,1.04983,1.05204,0,0
2015-06-17,05:00:00,1.05204,1.05268,1.05173,1.05268,0,0
2015-06-17,06:00:00,1.05269,1.0537,1.05229,1.05229,0,0
2015-06-17,07:00:00,1.05229,1.05337,1.05229,1.05311,0,0
2015-06-17,08:00:00,1.05315,1.05351,1.05273,1.05301,0,0
2015-06-17,09:00:00,1.05302,1.05355,1.05216,1.0525,0,0
2015-06-17,10:00:00,1.05251,1.05424,1.05177,1.05285,0,0
2015-06-17,11:00:00,1.05285,1.05602,1.05262,1.05572,0,0
2015-06-17,12:00:00,1.05573,1.05655,1.05543,1.05617,0,0
2015-06-17,13:00:00,1.05616,1.05831,1.05593,1.0583,0,0
2015-06-17,14:00:00,1.0583,1.05862,1.05742,1.05837,0,0
2015-06-17,15:00:00,1.05837,1.05867,1.05652,1.05657,0,0
2015-06-17,16:00:00,1.05652,1.05728,1.05494,1.05698,0,0
2015-06-17,17:00:00,1.05702,1.0594,1.05675,1.05901,0,0
2015-06-17,18:00:00,1.05896,1.06029,1.05865,1.05986,0,0
2015-06-17,19:00:00,1.05986,1.05986,1.05879,1.05908,0,0
2015-06-17,20:00:00,1.05908,1.05954,1.05766,1.05785,0,0
2015-06-17,21:00:00,1.05849,1.05949,1.05368,1.05478,0,0
2015-06-17,22:00:00,1.05517,1.05608,1.05303,1.05551,0,0
2015-06-17,23:00:00,1.05544,1.0557,1.05429,1.05527,0,0
2015-06-17,23:59:00,1.05527,1.05574,1.05388,1.05485,0,0
2015-06-18,01:00:00,1.05491,1.0585,1.05481,1.05665,0,0
2015-06-18,02:00:00,1.05662,1.05902,1.05615,1.05875,0,0
2015-06-18,03:00:00,1.05878,1.06007,1.05699,1.05743,0,0
2015-06-18,04:00:00,1.05743,1.05813,1.05631,1.05717,0,0
2015-06-18,05:00:00,1.05719,1.05834,1.05693,1.05726,0,0
2015-06-18,06:00:00,1.05716,1.0589,1.05716,1.0586,0,0
2015-06-18,07:00:00,1.05859,1.05987,1.05851,1.05894,0,0
2015-06-18,08:00:00,1.05882,1.0593,1.05709,1.05742,0,0
2015-06-18,09:00:00,1.05742,1.05772,1.05563,1.05742,0,0
2015-06-18,10:00:00,1.05739,1.05755,1.05405,1.05484,0,0
2015-06-18,11:00:00,1.05483,1.05572,1.05349,1.05446,0,0
2015-06-18,12:00:00,1.05446,1.05533,1.05022,1.05064,0,0
2015-06-18,13:00:00,1.05063,1.05138,1.05007,1.05122,0,0
2015-06-18,14:00:00,1.05117,1.0512,1.04918,1.05016,0,0
2015-06-18,15:00:00,1.05016,1.05237,1.04937,1.05137,0,0
2015-06-18,16:00:00,1.05136,1.0521,1.04848,1.0493,0,0
2015-06-18,17:00:00,1.04948,1.04991,1.04757,1.0476,0,0
2015-06-18,18:00:00,1.0475,1.04784,1.04612,1.04612,0,0
2015-06-18,19:00:00,1.04615,1.0476,1.04582,1.04685,0,0
2015-06-18,20:00:00,1.04687,1.04766,1.04631,1.04753,0,0
2015-06-18,21:00:00,1.04753,1.0488,1.04733,1.04863,0,0
2015-06-18,22:00:00,1.04867,1.0488,1.04751,1.0483,0,0
2015-06-18,23:00:00,1.04833,1.04892,1.04789,1.04892,0,0
2015-06-18,23:59:00,1.04892,1.0492,1.04806,1.04846,0,0
2015-06-19,01:00:00,1.04864,1.04904,1.04812,1.04855,0,0
2015-06-19,02:00:00,1.04855,1.05018,1.04855,1.04997,0,0
2015-06-19,03:00:00,1.04993,1.05084,1.04885,1.04887,0,0
2015-06-19,04:00:00,1.04889,1.05016,1.04829,1.04975,0,0
2015-06-19,05:00:00,1.04978,1.05087,1.04961,1.05054,0,0
2015-06-19,06:00:00,1.05054,1.05144,1.05041,1.05111,0,0
2015-06-19,07:00:00,1.05111,1.05305,1.05109,1.05243,0,0
2015-06-19,08:00:00,1.05242,1.05393,1.0521,1.05322,0,0
2015-06-19,09:00:00,1.05322,1.05348,1.05258,1.05297,0,0
2015-06-19,10:00:00,1.05297,1.05394,1.05234,1.05355,0,0
2015-06-19,11:00:00,1.05355,1.05431,1.05274,1.05337,0,0
2015-06-19,12:00:00,1.05334,1.05513,1.0527,1.05449,0,0
2015-06-19,13:00:00,1.05449,1.05494,1.05345,1.05352,0,0
2015-06-19,14:00:00,1.05352,1.05369,1.05085,1.05178,0,0
2015-06-19,15:00:00,1.05178,1.05419,1.04991,1.05063,0,0
2015-06-19,16:00:00,1.05062,1.05138,1.04966,1.05057,0,0
2015-06-19,17:00:00,1.05058,1.05087,1.04842,1.04959,0,0
2015-06-19,18:00:00,1.04961,1.05083,1.0493,1.04992,0,0
2015-06-19,19:00:00,1.04992,1.05033,1.04923,1.04957,0,0
2015-06-19,20:00:00,1.04961,1.05025,1.04922,1.04971,0,0
2015-06-19,21:00:00,1.04968,1.05047,1.04953,1.05009,0,0
2015-06-19,22:00:00,1.05009,1.05009,1.04879,1.0493,0,0
2015-06-19,23:00:00,1.04913,1.04947,1.04913,1.04938,0,0
2015-06-22,01:00:00,1.04977,1.05,1.04858,1.04918,0,0
2015-06-22,02:00:00,1.04918,1.04986,1.0486,1.04893,0,0
2015-06-22,03:00:00,1.04894,1.04927,1.0481,1.0484,0,0
2015-06-22,04:00:00,1.04839,1.04849,1.04727,1.04825,0,0
2015-06-22,05:00:00,1.04829,1.04915,1.04774,1.04906,0,0
2015-06-22,06:00:00,1.04906,1.04945,1.04853,1.04854,0,0
2015-06-22,07:00:00,1.04854,1.04903,1.04812,1.04866,0,0
2015-06-22,08:00:00,1.04865,1.04988,1.04774,1.04774,0,0
2015-06-22,09:00:00,1.04783,1.04847,1.04747,1.048,0,0
2015-06-22,10:00:00,1.04803,1.04968,1.04765,1.04968,0,0
2015-06-22,11:00:00,1.04968,1.04984,1.04892,1.049,0,0
2015-06-22,12:00:00,1.04902,1.0498,1.04871,1.04966,0,0
2015-06-22,13:00:00,1.04966,1.0534,1.04953,1.05307,0,0
2015-06-22,14:00:00,1.05308,1.05396,1.05293,1.05348,0,0
2015-06-22,15:00:00,1.05348,1.05374,1.05027,1.05075,0,0
2015-06-22,16:00:00,1.05085,1.05142,1.04821,1.04917,0,0
2015-06-22,17:00:00,1.04915,1.05026,1.04903,1.04979,0,0
2015-06-22,18:00:00,1.04982,1.05179,1.0494,1.05069,0,0
2015-06-22,19:00:00,1.05072,1.05105,1.04961,1.05026,0,0
2015-06-22,20:00:00,1.05026,1.05084,1.04982,1.0499,0,0
2015-06-22,21:00:00,1.0499,1.05084,1.04963,1.05067,0,0
2015-06-22,22:00:00,1.05072,1.0509,1.04973,1.05001,0,0
2015-06-22,23:00:00,1.05001,1.05124,1.04972,1.05124,0,0
2015-06-22,23:59:00,1.05118,1.05173,1.04998,1.05047,0,0
2015-06-23,01:00:00,1.05045,1.05117,1.05025,1.05116,0,0
2015-06-23,02:00:00,1.05114,1.05135,1.05041,1.05069,0,0
2015-06-23,03:00:00,1.05069,1.05078,1.04894,1.0497,0,0
2015-06-23,04:00:00,1.0497,1.05215,1.04921,1.05193,0,0
2015-06-23,05:00:00,1.05195,1.05277,1.05076,1.05237,0,0
2015-06-23,06:00:00,1.0524,1.05279,1.05104,1.05225,0,0
2015-06-23,07:00:00,1.05226,1.05272,1.05174,1.05196,0,0
2015-06-23,08:00:00,1.05196,1.05233,1.05097,1.05097,0,0
2015-06-23,09:00:00,1.0509,1.05119,1.04774,1.04821,0,0
2015-06-23,10:00:00,1.04818,1.04929,1.04742,1.04919,0,0
2015-06-23,11:00:00,1.04921,1.04987,1.04852,1.04961,0,0
2015-06-23,12:00:00,1.04961,1.04999,1.04898,1.04987,0,0
2015-06-23,13:00:00,1.04987,1.05067,1.04934,1.05047,0,0
2015-06-23,14:00:00,1.05044,1.05109,1.05022,1.05084,0,0
2015-06-23,15:00:00,1.05084,1.05407,1.0505,1.05281,0,0
2015-06-23,16:00:00,1.0528,1.05395,1.05005,1.05038,0,0
2015-06-23,17:00:00,1.05049,1.05143,1.04934,1.04942,0,0
2015-06-23,18:00:00,1.04947,1.04977,1.04771,1.04841,0,0
2015-06-23,19:00:00,1.04828,1.05024,1.04825,1.04975,0,0
2015-06-23,20:00:00,1.04972,1.04981,1.04802,1.04859,0,0
2015-06-23,21:00:00,1.04861,1.04928,1.04819,1.04856,0,0
2015-06-23,22:00:00,1.04859,1.04917,1.04824,1.04834,0,0
2015-06-23,23:00:00,1.04851,1.04861,1.04738,1.04861,0,0
2015-06-23,23:59:00,1.04861,1.04925,1.04791,1.04835,0,0
2015-06-24,01:00:00,1.04849,1.04859,1.04789,1.04844,0,0
2015-06-24,02:00:00,1.04844,1.04853,1.04784,1.04807,0,0
2015-06-24,03:00:00,1.04805,1.04805,1.04635,1.04724,0,0
2015-06-24,04:00:00,1.04725,1.04889,1.04678,1.0488,0,0
2015-06-24,05:00:00,1.0488,1.04932,1.04849,1.0492,0,0
2015-06-24,06:00:00,1.04921,1.05001,1.04845,1.04966,0,0
2015-06-24,07:00:00,1.04962,1.05087,1.04905,1.05055,0,0
2015-06-24,08:00:00,1.0505,1.05054,1.0495,1.05003,0,0
2015-06-24,09:00:00,1.04997,1.05049,1.04898,1.04924,0,0
2015-06-24,10:00:00,1.04924,1.04995,1.04845,1.04889,0,0
2015-06-24,11:00:00,1.04883,1.05014,1.04819,1.0494,0,0
2015-06-24,12:00:00,1.04941,1.05125,1.04911,1.05024,0,0
2015-06-24,13:00:00,1.05024,1.05055,1.04956,1.05005,0,0
2015-06-24,14:00:00,1.05006,1.05012,1.04899,1.04913,0,0
2015-06-24,15:00:00,1.04914,1.05008,1.04841,1.0492,0,0
2015-06-24,16:00:00,1.04915,1.0495,1.0479,1.04935,0,0
2015-06-24,17:00:00,1.04945,1.04945,1.0474,1.04921,0,0
2015-06-24,18:00:00,1.04922,1.04922,1.04695,1.04779,0,0
2015-06-24,19:00:00,1.04779,1.04795,1.04659,1.0475,0,0
2015-06-24,20:00:00,1.04748,1.04793,1.04663,1.04681,0,0
2015-06-24,21:00:00,1.04681,1.04715,1.04636,1.04675,0,0
2015-06-24,22:00:00,1.0467,1.04727,1.04645,1.04689,0,0
2015-06-24,23:00:00,1.04684,1.04823,1.04669,1.04823,0,0
2015-06-24,23:59:00,1.04823,1.04871,1.04766,1.04806,0,0
2015-06-25,01:00:00,1.04793,1.0487,1.04739,1.04785,0,0
2015-06-25,02:00:00,1.04785,1.04791,1.04725,1.0476,0,0
2015-06-25,03:00:00,1.04762,1.04766,1.04569,1.04581,0,0
2015-06-25,04:00:00,1.04581,1.04611,1.0446,1.04522,0,0
2015-06-25,05:00:00,1.04522,1.04545,1.04389,1.04431,0,0
2015-06-25,06:00:00,1.04436,1.04451,1.04261,1.04338,0,0
2015-06-25,07:00:00,1.04338,1.0446,1.04327,1.04366,0,0
2015-06-25,08:00:00,1.04358,1.04375,1.04295,1.04316,0,0
2015-06-25,09:00:00,1.04317,1.04425,1.04205,1.04335,0,0
2015-06-25,10:00:00,1.04337,1.04409,1.04302,1.04383,0,0
2015-06-25,11:00:00,1.04383,1.04498,1.04352,1.04425,0,0
2015-06-25,12:00:00,1.04427,1.04448,1.04292,1.04332,0,0
2015-06-25,13:00:00,1.04331,1.0442,1.0427,1.04339,0,0
2015-06-25,14:00:00,1.04339,1.04403,1.04311,1.04372,0,0
2015-06-25,15:00:00,1.04372,1.04452,1.04295,1.04412,0,0
2015-06-25,16:00:00,1.04409,1.04782,1.04409,1.04777,0,0
2015-06-25,17:00:00,1.04775,1.04807,1.04574,1.04613,0,0
2015-06-25,18:00:00,1.0462,1.04627,1.04486,1.04622,0,0
2015-06-25,19:00:00,1.04621,1.04659,1.04538,1.04602,0,0
2015-06-25,20:00:00,1.04593,1.04632,1.04538,1.0463,0,0
2015-06-25,21:00:00,1.0463,1.04836,1.04622,1.04835,0,0
2015-06-25,22:00:00,1.0485,1.04893,1.04784,1.04841,0,0
2015-06-25,23:00:00,1.0484,1.04923,1.04799,1.04834,0,0
2015-06-25,23:59:00,1.04835,1.04908,1.04787,1.04874,0,0
2015-06-26,01:00:00,1.04873,1.04873,1.04766,1.04805,0,0
2015-06-26,02:00:00,1.04805,1.04888,1.04786,1.04887,0,0
2015-06-26,03:00:00,1.04877,1.04952,1.0485,1.04892,0,0
2015-06-26,04:00:00,1.04892,1.05071,1.04891,1.04986,0,0
2015-06-26,05:00:00,1.04985,1.05009,1.04844,1.04954,0,0
2015-06-26,06:00:00,1.04955,1.05048,1.04869,1.05007,0,0
2015-06-26,07:00:00,1.05001,1.05029,1.04886,1.0496,0,0
2015-06-26,08:00:00,1.04961,1.05043,1.04953,1.04991,0,0
2015-06-26,09:00:00,1.04996,1.05127,1.04956,1.05098,0,0
2015-06-26,10:00:00,1.05098,1.05149,1.04992,1.05026,0,0
2015-06-26,11:00:00,1.05027,1.05085,1.04984,1.05042,0,0
2015-06-26,12:00:00,1.05043,1.05213,1.05043,1.05177,0,0
2015-06-26,13:00:00,1.05178,1.05405,1.05178,1.05339,0,0
2015-06-26,14:00:00,1.05339,1.05668,1.05275,1.05668,0,0
2015-06-26,15:00:00,1.05668,1.05759,1.05557,1.05759,0,0
2015-06-26,16:00:00,1.05756,1.05778,1.0555,1.05774,0,0
2015-06-26,17:00:00,1.05785,1.05875,1.05677,1.05677,0,0
2015-06-26,18:00:00,1.05669,1.05841,1.05612,1.0579,0,0
2015-06-26,19:00:00,1.0579,1.05937,1.05764,1.05918,0,0
2015-06-26,20:00:00,1.05918,1.06121,1.05882,1.06035,0,0
2015-06-26,21:00:00,1.06035,1.06107,1.06,1.06056,0,0
2015-06-26,22:00:00,1.06056,1.06123,1.06011,1.06056,0,0
2015-06-26,23:00:00,1.06056,1.06062,1.06048,1.0605,0,0
2015-06-29,01:00:00,1.06236,1.06712,1.05959,1.06292,0,0
2015-06-29,02:00:00,1.06292,1.06448,1.06065,1.0623,0,0
2015-06-29,03:00:00,1.06236,1.06379,1.06091,1.06167,0,0
2015-06-29,04:00:00,1.06167,1.06167,1.05952,1.05982,0,0
2015-06-29,05:00:00,1.05983,1.06019,1.05321,1.05798,0,0
2015-06-29,06:00:00,1.05794,1.05945,1.05712,1.05921,0,0
2015-06-29,07:00:00,1.05917,1.05992,1.05888,1.05973,0,0
2015-06-29,08:00:00,1.05973,1.06207,1.05948,1.06044,0,0
2015-06-29,09:00:00,1.06043,1.06171,1.05817,1.06034,0,0
2015-06-29,10:00:00,1.06035,1.06245,1.06013,1.06097,0,0
2015-06-29,11:00:00,1.06097,1.06205,1.05909,1.05911,0,0
2015-06-29,12:00:00,1.05911,1.05943,1.05733,1.05738,0,0
2015-06-29,13:00:00,1.05739,1.05766,1.0557,1.0562,0,0
2015-06-29,14:00:00,1.0562,1.05746,1.05463,1.05738,0,0
2015-06-29,15:00:00,1.05738,1.05746,1.05457,1.0554,0,0
2015-06-29,16:00:00,1.0554,1.0563,1.05374,1.0555,0,0
2015-06-29,17:00:00,1.05548,1.05589,1.05354,1.05559,0,0
2015-06-29,18:00:00,1.05562,1.05645,1.05205,1.05233,0,0
2015-06-29,19:00:00,1.05233,1.0525,1.04971,1.04971,0,0
2015-06-29,20:00:00,1.04992,1.05046,1.04749,1.04869,0,0
2015-06-29,21:00:00,1.04869,1.05037,1.04862,1.0492,0,0
2015-06-29,22:00:00,1.04921,1.05034,1.049,1.04988,0,0
2015-06-29,23:00:00,1.04987,1.05012,1.04858,1.04995,0,0
2015-06-29,23:59:00,1.04983,1.05091,1.04965,1.05016,0,0
2015-06-30,01:00:00,1.05016,1.05083,1.04993,1.05072,0,0
2015-06-30,02:00:00,1.05072,1.05072,1.04934,1.04991,0,0
2015-06-30,03:00:00,1.04993,1.05071,1.04925,1.04966,0,0
2015-06-30,04:00:00,1.04965,1.05115,1.04873,1.04898,0,0
2015-06-30,05:00:00,1.04898,1.05071,1.04898,1.04964,0,0
2015-06-30,06:00:00,1.04964,1.0513,1.0493,1.05001,0,0
2015-06-30,07:00:00,1.05054,1.05204,1.05001,1.05095,0,0
2015-06-30,08:00:00,1.05095,1.05151,1.05019,1.05074,0,0
2015-06-30,09:00:00,1.05078,1.0513,1.04893,1.05128,0,0
2015-06-30,10:00:00,1.0511,1.05126,1.04878,1.04993,0,0
2015-06-30,11:00:00,1.04994,1.05104,1.04863,1.05003,0,0
2015-06-30,12:00:00,1.05017,1.05157,1.04886,1.05119,0,0
2015-06-30,13:00:00,1.0512,1.05344,1.05089,1.05196,0,0
2015-06-30,14:00:00,1.05197,1.05216,1.04977,1.05079,0,0
2015-06-30,15:00:00,1.05076,1.05168,1.0437,1.04443,0,0
2015-06-30,16:00:00,1.04436,1.04436,1.04158,1.04244,0,0
2015-06-30,17:00:00,1.04242,1.04306,1.04099,1.04256,0,0
2015-06-30,18:00:00,1.04256,1.04258,1.04066,1.04081,0,0
2015-06-30,19:00:00,1.04077,1.04087,1.03799,1.03925,0,0
2015-06-30,20:00:00,1.03923,1.03975,1.03838,1.03913,0,0
2015-06-30,21:00:00,1.03917,1.03979,1.03745,1.03765,0,0
2015-06-30,22:00:00,1.03766,1.03887,1.03749,1.03788,0,0
2015-06-30,23:00:00,1.03781,1.03881,1.03745,1.03863,0,0
2015-06-30,23:59:00,1.03847,1.0398,1.03847,1.03927,0,0
2015-07-01,01:00:00,1.03895,1.04135,1.03882,1.04131,0,0
2015-07-01,02:00:00,1.04131,1.04202,1.04036,1.04184,0,0
2015-07-01,03:00:00,1.04164,1.04192,1.03874,1.03874,0,0
2015-07-01,04:00:00,1.03874,1.04025,1.03657,1.03739,0,0
2015-07-01,05:00:00,1.03739,1.0374,1.0348,1.03667,0,0
2015-07-01,06:00:00,1.03667,1.03686,1.03521,1.03565,0,0
2015-07-01,07:00:00,1.03564,1.03691,1.03562,1.0366,0,0
2015-07-01,08:00:00,1.0366,1.03723,1.03609,1.03671,0,0
2015-07-01,09:00:00,1.03671,1.03821,1.03566,1.0365,0,0
2015-07-01,10:00:00,1.03652,1.03739,1.03594,1.03717,0,0
2015-07-01,11:00:00,1.0371,1.03904,1.03702,1.0374,0,0
2015-07-01,12:00:00,1.03734,1.03775,1.03638,1.03704,0,0
2015-07-01,13:00:00,1.03704,1.03796,1.03618,1.03706,0,0
2015-07-01,14:00:00,1.03697,1.03991,1.03682,1.03962,0,0
2015-07-01,15:00:00,1.03962,1.04112,1.03863,1.0388,0,0
2015-07-01,16:00:00,1.0388,1.04172,1.03843,1.04079,0,0
2015-07-01,17:00:00,1.04064,1.04087,1.03875,1.04014,0,0
2015-07-01,18:00:00,1.04011,1.04041,1.03804,1.03897,0,0
2015-07-01,19:00:00,1.03899,1.03957,1.03816,1.0387,0,0
2015-07-01,20:00:00,1.0387,1.03908,1.03746,1.03774,0,0
2015-07-01,21:00:00,1.03776,1.03917,1.03751,1.03881,0,0
2015-07-01,22:00:00,1.03894,1.03935,1.03831,1.03859,0,0
2015-07-01,23:00:00,1.0387,1.03903,1.03793,1.03901,0,0
2015-07-01,23:59:00,1.03899,1.03981,1.03801,1.0388,0,0
2015-07-02,01:00:00,1.03868,1.0405,1.03834,1.0399,0,0
2015-07-02,02:00:00,1.0399,1.04039,1.0394,1.0399,0,0
2015-07-02,03:00:00,1.03992,1.03998,1.038,1.038,0,0
2015-07-02,04:00:00,1.038,1.04097,1.03753,1.03991,0,0
2015-07-02,05:00:00,1.03983,1.04074,1.03943,1.03958,0,0
2015-07-02,06:00:00,1.03958,1.03962,1.03789,1.0384,0,0
2015-07-02,07:00:00,1.03835,1.03918,1.0382,1.03866,0,0
2015-07-02,08:00:00,1.03857,1.0393,1.03828,1.03843,0,0
2015-07-02,09:00:00,1.03843,1.04147,1.03816,1.04043,0,0
2015-07-02,10:00:00,1.04043,1.04256,1.0404,1.04227,0,0
2015-07-02,11:00:00,1.04234,1.04328,1.0415,1.04189,0,0
2015-07-02,12:00:00,1.04189,1.04242,1.04089,1.04168,0,0
2015-07-02,13:00:00,1.04171,1.04324,1.0416,1.04185,0,0
2015-07-02,14:00:00,1.04184,1.04459,1.04184,1.04349,0,0
2015-07-02,15:00:00,1.04349,1.0447,1.04058,1.0433,0,0
2015-07-02,16:00:00,1.0433,1.04434,1.0425,1.04369,0,0
2015-07-02,17:00:00,1.04369,1.04369,1.04156,1.04282,0,0
2015-07-02,18:00:00,1.04281,1.0437,1.04242,1.04308,0,0
2015-07-02,19:00:00,1.04308,1.04444,1.04269,1.04391,0,0
2015-07-02,20:00:00,1.04391,1.04451,1.04353,1.04426,0,0
2015-07-02,21:00:00,1.04426,1.04468,1.04389,1.04456,0,0
2015-07-02,22:00:00,1.04454,1.04509,1.04413,1.04442,0,0
2015-07-02,23:00:00,1.04444,1.04477,1.04361,1.04467,0,0
2015-07-02,23:59:00,1.04484,1.04492,1.04389,1.04443,0,0
2015-07-03,01:00:00,1.04429,1.04457,1.0435,1.04416,0,0
2015-07-03,02:00:00,1.04416,1.04428,1.04359,1.04373,0,0
2015-07-03,03:00:00,1.04382,1.04393,1.0424,1.04307,0,0
2015-07-03,04:00:00,1.04306,1.04825,1.04271,1.04799,0,0
2015-07-03,05:00:00,1.04801,1.05035,1.0477,1.05009,0,0
2015-07-03,06:00:00,1.04997,1.05172,1.04932,1.04994,0,0
2015-07-03,07:00:00,1.04992,1.05049,1.04866,1.04962,0,0
2015-07-03,08:00:00,1.04962,1.05068,1.0489,1.05004,0,0
2015-07-03,09:00:00,1.05008,1.05077,1.04936,1.05024,0,0
2015-07-03,10:00:00,1.0502,1.05392,1.0502,1.05358,0,0
2015-07-03,11:00:00,1.05358,1.05606,1.05295,1.05606,0,0
2015-07-03,12:00:00,1.05606,1.05747,1.05518,1.05678,0,0
2015-07-03,13:00:00,1.05676,1.05996,1.05664,1.05907,0,0
2015-07-03,14:00:00,1.05906,1.05924,1.05674,1.05727,0,0
2015-07-03,15:00:00,1.05727,1.05747,1.05533,1.05606,0,0
2015-07-03,16:00:00,1.05601,1.0571,1.05574,1.05699,0,0
2015-07-03,17:00:00,1.05702,1.05817,1.05642,1.05817,0,0
2015-07-03,18:00:00,1.05816,1.05866,1.05746,1.05851,0,0
2015-07-03,19:00:00,1.05849,1.05913,1.05693,1.05741,0,0
2015-07-03,20:00:00,1.05741,1.05874,1.05686,1.05782,0,0
2015-07-03,21:00:00,1.05782,1.05906,1.05761,1.05879,0,0
2015-07-03,22:00:00,1.05879,1.05963,1.0572,1.05759,0,0
2015-07-03,23:00:00,1.05759,1.0579,1.0575,1.05765,0,0
2015-07-06,01:00:00,1.06231,1.06279,1.0595,1.05991,0,0
2015-07-06,02:00:00,1.05991,1.06004,1.0573,1.05914,0,0
2015-07-06,03:00:00,1.05923,1.05923,1.05609,1.0564,0,0
2015-07-06,04:00:00,1.0564,1.05746,1.0558,1.05673,0,0
2015-07-06,05:00:00,1.05673,1.05939,1.05653,1.0577,0,0
2015-07-06,06:00:00,1.0577,1.05995,1.05755,1.05952,0,0
2015-07-06,07:00:00,1.05952,1.0617,1.05937,1.06023,0,0
2015-07-06,08:00:00,1.06023,1.06217,1.05876,1.05961,0,0
2015-07-06,09:00:00,1.05951,1.05955,1.0572,1.0577,0,0
2015-07-06,10:00:00,1.05763,1.06004,1.05661,1.05909,0,0
2015-07-06,11:00:00,1.05906,1.05982,1.05781,1.05873,0,0
2015-07-06,12:00:00,1.05873,1.05919,1.05617,1.05618,0,0
2015-07-06,13:00:00,1.05618,1.05796,1.05591,1.05719,0,0
2015-07-06,14:00:00,1.05719,1.05795,1.05667,1.05667,0,0
2015-07-06,15:00:00,1.05657,1.05687,1.05399,1.05417,0,0
2015-07-06,16:00:00,1.05416,1.05416,1.05162,1.0526,0,0
2015-07-06,17:00:00,1.05248,1.05407,1.0514,1.05215,0,0
2015-07-06,18:00:00,1.05215,1.05382,1.05215,1.05328,0,0
2015-07-06,19:00:00,1.05332,1.05401,1.05253,1.05346,0,0
2015-07-06,20:00:00,1.05346,1.05368,1.05157,1.05306,0,0
2015-07-06,21:00:00,1.05306,1.05424,1.05214,1.05424,0,0
2015-07-06,22:00:00,1.05426,1.05481,1.05349,1.05407,0,0
2015-07-06,23:00:00,1.05403,1.05438,1.05379,1.05404,0,0
2015-07-06,23:59:00,1.05407,1.05468,1.0537,1.05448,0,0
2015-07-07,01:00:00,1.05439,1.05535,1.05407,1.05534,0,0
2015-07-07,02:00:00,1.05534,1.05661,1.0552,1.05657,0,0
2015-07-07,03:00:00,1.05658,1.05667,1.05503,1.05616,0,0
2015-07-07,04:00:00,1.05616,1.05667,1.05534,1.05581,0,0
2015-07-07,05:00:00,1.05577,1.05609,1.05511,1.05602,0,0
2015-07-07,06:00:00,1.05599,1.05748,1.05576,1.05715,0,0
2015-07-07,07:00:00,1.05709,1.05834,1.05501,1.05566,0,0
2015-07-07,08:00:00,1.05573,1.05573,1.05374,1.05441,0,0
2015-07-07,09:00:00,1.05439,1.05534,1.05328,1.0547,0,0
2015-07-07,10:00:00,1.0547,1.05942,1.05348,1.0591,0,0
2015-07-07,11:00:00,1.05899,1.06056,1.05805,1.05886,0,0
2015-07-07,12:00:00,1.05894,1.05939,1.05788,1.0591,0,0
2015-07-07,13:00:00,1.0591,1.06031,1.05779,1.05817,0,0
2015-07-07,14:00:00,1.05817,1.05864,1.05701,1.058,0,0
2015-07-07,15:00:00,1.058,1.05882,1.0559,1.05792,0,0
2015-07-07,16:00:00,1.0579,1.05876,1.05619,1.05703,0,0
2015-07-07,17:00:00,1.05707,1.05813,1.0548,1.05486,0,0
2015-07-07,18:00:00,1.05485,1.05658,1.05473,1.0556,0,0
2015-07-07,19:00:00,1.05552,1.05621,1.0548,1.05593,0,0
2015-07-07,20:00:00,1.05593,1.05659,1.05526,1.05585,0,0
2015-07-07,21:00:00,1.05585,1.05658,1.055,1.05639,0,0
2015-07-07,22:00:00,1.05639,1.05683,1.05476,1.05574,0,0
2015-07-07,23:00:00,1.05557,1.05693,1.05557,1.05635,0,0
2015-07-07,23:59:00,1.05635,1.05682,1.05583,1.05646,0,0
2015-07-08,01:00:00,1.05637,1.05657,1.0555,1.0557,0,0
2015-07-08,02:00:00,1.0557,1.05619,1.0541,1.05446,0,0
2015-07-08,03:00:00,1.05448,1.05694,1.0543,1.05687,0,0
2015-07-08,04:00:00,1.05687,1.06083,1.05625,1.05868,0,0
2015-07-08,05:00:00,1.05868,1.05944,1.05738,1.059,0,0
2015-07-08,06:00:00,1.05895,1.06064,1.05886,1.05962,0,0
2015-07-08,07:00:00,1.0596,1.06198,1.05867,1.06075,0,0
2015-07-08,08:00:00,1.06075,1.06078,1.05918,1.06033,0,0
2015-07-08,09:00:00,1.06049,1.0629,1.0598,1.06156,0,0
2015-07-08,10:00:00,1.06155,1.0632,1.061,1.06199,0,0
2015-07-08,11:00:00,1.06195,1.06291,1.06053,1.06186,0,0
2015-07-08,12:00:00,1.06184,1.06234,1.06028,1.06181,0,0
2015-07-08,13:00:00,1.06183,1.06196,1.05892,1.05926,0,0
2015-07-08,14:00:00,1.05924,1.0599,1.05773,1.05777,0,0
2015-07-08,15:00:00,1.05778,1.05882,1.0556,1.05664,0,0
2015-07-08,16:00:00,1.05665,1.05824,1.05516,1.05767,0,0
2015-07-08,17:00:00,1.05764,1.05921,1.0562,1.05656,0,0
2015-07-08,18:00:00,1.05651,1.05714,1.05507,1.0558,0,0
2015-07-08,19:00:00,1.05562,1.05606,1.05461,1.05487,0,0
2015-07-08,20:00:00,1.05487,1.05675,1.05446,1.0554,0,0
2015-07-08,21:00:00,1.0554,1.05777,1.0549,1.05777,0,0
2015-07-08,22:00:00,1.05762,1.05805,1.05641,1.05734,0,0
2015-07-08,23:00:00,1.05729,1.05764,1.0559,1.0559,0,0
2015-07-08,23:59:00,1.0559,1.05737,1.0559,1.05672,0,0
2015-07-09,01:00:00,1.05658,1.05712,1.0561,1.05631,0,0
2015-07-09,02:00:00,1.05631,1.05879,1.056,1.05848,0,0
2015-07-09,03:00:00,1.05848,1.06181,1.05798,1.06059,0,0
2015-07-09,04:00:00,1.06059,1.06067,1.05458,1.05636,0,0
2015-07-09,05:00:00,1.05636,1.05673,1.05218,1.05374,0,0
2015-07-09,06:00:00,1.05388,1.05451,1.05222,1.05383,0,0
2015-07-09,07:00:00,1.05382,1.05465,1.05295,1.05311,0,0
2015-07-09,08:00:00,1.05311,1.05324,1.05133,1.05231,0,0
2015-07-09,09:00:00,1.05235,1.05327,1.05089,1.05159,0,0
2015-07-09,10:00:00,1.05173,1.05341,1.05108,1.05277,0,0
2015-07-09,11:00:00,1.05266,1.05447,1.05249,1.05421,0,0
2015-07-09,12:00:00,1.05422,1.05786,1.05416,1.05756,0,0
2015-07-09,13:00:00,1.05748,1.05989,1.05747,1.05792,0,0
2015-07-09,14:00:00,1.05795,1.05897,1.05733,1.05813,0,0
2015-07-09,15:00:00,1.05813,1.05886,1.05548,1.05726,0,0
2015-07-09,16:00:00,1.0572,1.05741,1.05637,1.0574,0,0
2015-07-09,17:00:00,1.05742,1.05826,1.05596,1.05693,0,0
2015-07-09,18:00:00,1.05697,1.05727,1.05565,1.05639,0,0
2015-07-09,19:00:00,1.05636,1.05749,1.05575,1.0567,0,0
2015-07-09,20:00:00,1.05672,1.05744,1.05605,1.05639,0,0
2015-07-09,21:00:00,1.05639,1.05723,1.05613,1.05632,0,0
2015-07-09,22:00:00,1.05632,1.05746,1.0562,1.05666,0,0
2015-07-09,23:00:00,1.05666,1.05719,1.0555,1.05659,0,0
2015-07-09,23:59:00,1.05661,1.05706,1.05564,1.05629,0,0
2015-07-10,01:00:00,1.05639,1.0569,1.05379,1.05543,0,0
2015-07-10,02:00:00,1.0554,1.05562,1.05436,1.05479,0,0
2015-07-10,03:00:00,1.05479,1.0554,1.05259,1.053,0,0
2015-07-10,04:00:00,1.05309,1.05309,1.05134,1.05272,0,0
2015-07-10,05:00:00,1.05271,1.05318,1.05114,1.05233,0,0
2015-07-10,06:00:00,1.05233,1.05365,1.05211,1.05284,0,0
2015-07-10,07:00:00,1.05286,1.05391,1.05248,1.05391,0,0
2015-07-10,08:00:00,1.05391,1.0554,1.05341,1.05387,0,0
2015-07-10,09:00:00,1.05396,1.05497,1.05323,1.05426,0,0
2015-07-10,10:00:00,1.05423,1.05593,1.0541,1.05448,0,0
2015-07-10,11:00:00,1.05443,1.05538,1.05366,1.05524,0,0
2015-07-10,12:00:00,1.05524,1.05565,1.05318,1.0539,0,0
2015-07-10,13:00:00,1.05389,1.05457,1.05239,1.05305,0,0
2015-07-10,14:00:00,1.05305,1.0539,1.05185,1.05383,0,0
2015-07-10,15:00:00,1.05382,1.05768,1.05298,1.05605,0,0
2015-07-10,16:00:00,1.05605,1.05885,1.05544,1.0575,0,0
2015-07-10,17:00:00,1.0575,1.05899,1.05652,1.05889,0,0
2015-07-10,18:00:00,1.05889,1.05946,1.05782,1.05931,0,0
2015-07-10,19:00:00,1.05931,1.06063,1.05848,1.05966,0,0
2015-07-10,20:00:00,1.05966,1.06034,1.05933,1.05949,0,0
2015-07-10,21:00:00,1.05954,1.06016,1.05862,1.05926,0,0
2015-07-10,22:00:00,1.05939,1.06005,1.05812,1.05933,0,0
2015-07-10,23:00:00,1.05933,1.05967,1.0593,1.05966,0,0
2015-07-13,01:00:00,1.06066,1.06104,1.05906,1.06033,0,0
2015-07-13,02:00:00,1.06032,1.06118,1.05928,1.06114,0,0
2015-07-13,03:00:00,1.06132,1.06196,1.05971,1.05971,0,0
2015-07-13,04:00:00,1.05971,1.06026,1.05865,1.05946,0,0
2015-07-13,05:00:00,1.05946,1.05946,1.05741,1.05763,0,0
2015-07-13,06:00:00,1.05764,1.05911,1.05576,1.05867,0,0
2015-07-13,07:00:00,1.05872,1.05893,1.05747,1.05788,0,0
2015-07-13,08:00:00,1.05788,1.05821,1.05693,1.0575,0,0
2015-07-13,09:00:00,1.05761,1.05822,1.05602,1.05639,0,0
2015-07-13,10:00:00,1.05634,1.05918,1.05598,1.05781,0,0
2015-07-13,11:00:00,1.05781,1.05913,1.05741,1.05775,0,0
2015-07-13,12:00:00,1.05775,1.05867,1.05702,1.05786,0,0
2015-07-13,13:00:00,1.05783,1.05856,1.05726,1.0584,0,0
2015-07-13,14:00:00,1.0584,1.05969,1.05772,1.05809,0,0
2015-07-13,15:00:00,1.05809,1.0593,1.0578,1.0589,0,0
2015-07-13,16:00:00,1.05891,1.05979,1.05652,1.05679,0,0
2015-07-13,17:00:00,1.05678,1.06051,1.05654,1.06036,0,0
2015-07-13,18:00:00,1.06041,1.06066,1.05766,1.05789,0,0
2015-07-13,19:00:00,1.05789,1.05967,1.05709,1.05849,0,0
2015-07-13,20:00:00,1.05849,1.05955,1.05833,1.05922,0,0
2015-07-13,21:00:00,1.05922,1.05955,1.05778,1.05872,0,0
2015-07-13,22:00:00,1.05872,1.05978,1.05859,1.05948,0,0
2015-07-13,23:00:00,1.05948,1.0603,1.05931,1.05969,0,0
2015-07-13,23:59:00,1.05974,1.0608,1.059,1.06055,0,0
2015-07-14,01:00:00,1.06049,1.06108,1.06014,1.06095,0,0
2015-07-14,02:00:00,1.06095,1.06111,1.05983,1.06096,0,0
2015-07-14,03:00:00,1.06091,1.06111,1.05863,1.05865,0,0
2015-07-14,04:00:00,1.05865,1.05958,1.05589,1.05674,0,0
2015-07-14,05:00:00,1.05674,1.05749,1.05624,1.0571,0,0
2015-07-14,06:00:00,1.05707,1.05746,1.05648,1.05692,0,0
2015-07-14,07:00:00,1.05692,1.05695,1.05596,1.05679,0,0
2015-07-14,08:00:00,1.05679,1.05747,1.05597,1.05643,0,0
2015-07-14,09:00:00,1.05643,1.05685,1.05231,1.05343,0,0
2015-07-14,10:00:00,1.05338,1.05406,1.05176,1.05209,0,0
2015-07-14,11:00:00,1.05222,1.05371,1.05185,1.05339,0,0
2015-07-14,12:00:00,1.05329,1.05346,1.05122,1.05272,0,0
2015-07-14,13:00:00,1.05265,1.05275,1.051,1.0515,0,0
2015-07-14,14:00:00,1.05153,1.05387,1.05129,1.0531,0,0
2015-07-14,15:00:00,1.05305,1.05422,1.05053,1.05174,0,0
2015-07-14,16:00:00,1.05173,1.05357,1.05043,1.05319,0,0
2015-07-14,17:00:00,1.05314,1.05506,1.05213,1.05488,0,0
2015-07-14,18:00:00,1.05467,1.05471,1.05234,1.05316,0,0
2015-07-14,19:00:00,1.05316,1.05359,1.0523,1.05298,0,0
2015-07-14,20:00:00,1.05299,1.05389,1.05263,1.05307,0,0
2015-07-14,21:00:00,1.05307,1.0536,1.05282,1.05333,0,0
2015-07-14,22:00:00,1.0533,1.05423,1.05289,1.05364,0,0
2015-07-14,23:00:00,1.05364,1.05435,1.05306,1.05428,0,0
2015-07-14,23:59:00,1.0543,1.05456,1.05366,1.05404,0,0
2015-07-15,01:00:00,1.05414,1.05427,1.05345,1.05415,0,0
2015-07-15,02:00:00,1.05417,1.05497,1.05392,1.05439,0,0
2015-07-15,03:00:00,1.05436,1.05509,1.053,1.05419,0,0
2015-07-15,04:00:00,1.05419,1.05459,1.05144,1.05363,0,0
2015-07-15,05:00:00,1.05363,1.05363,1.04953,1.05129,0,0
2015-07-15,06:00:00,1.05129,1.05214,1.05102,1.05178,0,0
2015-07-15,07:00:00,1.05177,1.05214,1.05082,1.05129,0,0
2015-07-15,08:00:00,1.05129,1.05237,1.0508,1.05168,0,0
2015-07-15,09:00:00,1.05166,1.05233,1.04946,1.04972,0,0
2015-07-15,10:00:00,1.04969,1.05097,1.04953,1.05079,0,0
2015-07-15,11:00:00,1.0508,1.05236,1.05034,1.0513,0,0
2015-07-15,12:00:00,1.05131,1.05169,1.05062,1.05102,0,0
2015-07-15,13:00:00,1.05102,1.05148,1.05029,1.05134,0,0
2015-07-15,14:00:00,1.05134,1.05238,1.05092,1.05219,0,0
2015-07-15,15:00:00,1.05219,1.05275,1.04988,1.05107,0,0
2015-07-15,16:00:00,1.05107,1.05423,1.05074,1.05352,0,0
2015-07-15,17:00:00,1.05352,1.05352,1.04426,1.04773,0,0
2015-07-15,18:00:00,1.04778,1.0522,1.04732,1.04933,0,0
2015-07-15,19:00:00,1.04936,1.05064,1.04829,1.04862,0,0
2015-07-15,20:00:00,1.04862,1.04915,1.04785,1.04866,0,0
2015-07-15,21:00:00,1.04866,1.04935,1.04803,1.04915,0,0
2015-07-15,22:00:00,1.0493,1.04938,1.04816,1.04893,0,0
2015-07-15,23:00:00,1.0489,1.04983,1.04876,1.04938,0,0
2015-07-15,23:59:00,1.04937,1.05002,1.04848,1.04884,0,0
2015-07-16,01:00:00,1.04885,1.0499,1.04794,1.04896,0,0
2015-07-16,02:00:00,1.04896,1.0498,1.04792,1.04948,0,0
2015-07-16,03:00:00,1.04952,1.04999,1.04829,1.04889,0,0
2015-07-16,04:00:00,1.04904,1.0508,1.04872,1.04928,0,0
2015-07-16,05:00:00,1.0493,1.05013,1.04864,1.04864,0,0
2015-07-16,06:00:00,1.04864,1.0496,1.0483,1.04924,0,0
2015-07-16,07:00:00,1.04925,1.05128,1.04899,1.05061,0,0
2015-07-16,08:00:00,1.05063,1.05171,1.05036,1.05098,0,0
2015-07-16,09:00:00,1.05098,1.05116,1.04742,1.04848,0,0
2015-07-16,10:00:00,1.04845,1.04879,1.04715,1.04783,0,0
2015-07-16,11:00:00,1.04789,1.04792,1.04671,1.0472,0,0
2015-07-16,12:00:00,1.0472,1.04755,1.04543,1.04558,0,0
2015-07-16,13:00:00,1.04558,1.04594,1.04343,1.0444,0,0
2015-07-16,14:00:00,1.0444,1.04564,1.0435,1.04539,0,0
2015-07-16,15:00:00,1.04543,1.04678,1.04514,1.04551,0,0
2015-07-16,16:00:00,1.04547,1.04551,1.04218,1.0434,0,0
2015-07-16,17:00:00,1.04347,1.04366,1.04165,1.04205,0,0
2015-07-16,18:00:00,1.04205,1.04215,1.03992,1.04038,0,0
2015-07-16,19:00:00,1.04038,1.04152,1.03949,1.04113,0,0
2015-07-16,20:00:00,1.04107,1.04266,1.04049,1.04239,0,0
2015-07-16,21:00:00,1.04246,1.04273,1.04142,1.04163,0,0
2015-07-16,22:00:00,1.04159,1.04208,1.04123,1.04172,0,0
2015-07-16,23:00:00,1.04157,1.04217,1.04137,1.04217,0,0
2015-07-16,23:59:00,1.04217,1.04238,1.04134,1.04202,0,0
2015-07-17,01:00:00,1.042,1.04201,1.04033,1.04054,0,0
2015-07-17,02:00:00,1.04058,1.04123,1.03998,1.04012,0,0
2015-07-17,03:00:00,1.04011,1.04058,1.03952,1.04018,0,0
2015-07-17,04:00:00,1.04017,1.04055,1.03964,1.04042,0,0
2015-07-17,05:00:00,1.04042,1.04092,1.0401,1.04051,0,0
2015-07-17,06:00:00,1.0405,1.04145,1.04022,1.04143,0,0
2015-07-17,07:00:00,1.0414,1.04212,1.04045,1.04064,0,0
2015-07-17,08:00:00,1.04064,1.04147,1.04033,1.04073,0,0
2015-07-17,09:00:00,1.0407,1.04247,1.0406,1.04225,0,0
2015-07-17,10:00:00,1.04225,1.04275,1.04157,1.04209,0,0
2015-07-17,11:00:00,1.04207,1.04229,1.0407,1.04152,0,0
2015-07-17,12:00:00,1.04154,1.04312,1.04154,1.04248,0,0
2015-07-17,13:00:00,1.04245,1.04326,1.0418,1.04186,0,0
2015-07-17,14:00:00,1.04186,1.04201,1.04063,1.04085,0,0
2015-07-17,15:00:00,1.04085,1.04386,1.04024,1.04313,0,0
2015-07-17,16:00:00,1.04314,1.04475,1.04307,1.0441,0,0
2015-07-17,17:00:00,1.0441,1.04438,1.04281,1.04381,0,0
2015-07-17,18:00:00,1.04365,1.04398,1.04278,1.04395,0,0
2015-07-17,19:00:00,1.04394,1.04398,1.04283,1.04306,0,0
2015-07-17,20:00:00,1.0431,1.04396,1.04283,1.0434,0,0
2015-07-17,21:00:00,1.0434,1.0441,1.04329,1.0435,0,0
2015-07-17,22:00:00,1.04351,1.04381,1.0431,1.0431,0,0
2015-07-17,23:00:00,1.04307,1.04309,1.04305,1.04309,0,0
2015-07-20,01:00:00,1.04447,1.04483,1.04416,1.04427,0,0
2015-07-20,02:00:00,1.04427,1.04535,1.04421,1.045,0,0
2015-07-20,03:00:00,1.04495,1.04511,1.04422,1.04463,0,0
2015-07-20,04:00:00,1.04465,1.04678,1.04421,1.04676,0,0
2015-07-20,05:00:00,1.04705,1.04866,1.04539,1.04827,0,0
2015-07-20,06:00:00,1.0485,1.04965,1.04789,1.04863,0,0
2015-07-20,07:00:00,1.04868,1.04893,1.04626,1.04666,0,0
2015-07-20,08:00:00,1.04664,1.04741,1.04608,1.04626,0,0
2015-07-20,09:00:00,1.04635,1.04651,1.04319,1.04373,0,0
2015-07-20,10:00:00,1.04288,1.0447,1.04273,1.04391,0,0
2015-07-20,11:00:00,1.04406,1.04516,1.0429,1.0443,0,0
2015-07-20,12:00:00,1.04446,1.04496,1.04247,1.04419,0,0
2015-07-20,13:00:00,1.04395,1.04466,1.04231,1.04396,0,0
2015-07-20,14:00:00,1.04381,1.04398,1.04264,1.04358,0,0
2015-07-20,15:00:00,1.04366,1.04453,1.04264,1.04311,0,0
2015-07-20,16:00:00,1.04334,1.04541,1.04247,1.04541,0,0
2015-07-20,17:00:00,1.04533,1.04595,1.04302,1.04539,0,0
2015-07-20,18:00:00,1.04542,1.04542,1.04343,1.04387,0,0
2015-07-20,19:00:00,1.04378,1.04417,1.04318,1.04362,0,0
2015-07-20,20:00:00,1.04348,1.04352,1.04288,1.04313,0,0
2015-07-20,21:00:00,1.04313,1.04362,1.04256,1.0429,0,0
2015-07-20,22:00:00,1.04297,1.04335,1.04271,1.04313,0,0
2015-07-20,23:00:00,1.04313,1.04408,1.04298,1.04395,0,0
2015-07-20,23:59:00,1.04392,1.04421,1.04311,1.04392,0,0
