Date,Time,Open,High,Low,Close,Volume,OpenInt
2015-04-22,01:00:00,0.77816,0.77856,0.77811,0.77849,0,0
2015-04-22,02:00:00,0.77849,0.77854,0.77793,0.7783,0,0
2015-04-22,03:00:00,0.77828,0.77867,0.77801,0.77832,0,0
2015-04-22,04:00:00,0.77832,0.77864,0.77795,0.77861,0,0
2015-04-22,05:00:00,0.77861,0.7791,0.77826,0.7789,0,0
2015-04-22,06:00:00,0.7789,0.7789,0.77846,0.77862,0,0
2015-04-22,07:00:00,0.77861,0.77895,0.7783,0.77866,0,0
2015-04-22,08:00:00,0.77866,0.779,0.77823,0.77898,0,0
2015-04-22,09:00:00,0.77899,0.77912,0.77773,0.77778,0,0
2015-04-22,10:00:00,0.77777,0.78057,0.7776,0.7801,0,0
2015-04-22,11:00:00,0.78012,0.78026,0.77729,0.77831,0,0
2015-04-22,12:00:00,0.77838,0.77874,0.77758,0.77868,0,0
2015-04-22,13:00:00,0.77868,0.78018,0.77842,0.77996,0,0
2015-04-22,14:00:00,0.78006,0.78163,0.77978,0.78162,0,0
2015-04-22,15:00:00,0.78163,0.78825,0.78155,0.78715,0,0
2015-04-22,16:00:00,0.78718,0.78837,0.7869,0.78701,0,0
2015-04-22,17:00:00,0.7868,0.78834,0.78589,0.7882,0,0
2015-04-22,18:00:00,0.78823,0.79015,0.7877,0.78896,0,0
2015-04-22,19:00:00,0.78891,0.79061,0.78861,0.79045,0,0
2015-04-22,20:00:00,0.79046,0.79155,0.79018,0.79155,0,0
2015-04-22,21:00:00,0.79157,0.7927,0.79094,0.7927,0,0
2015-04-22,22:00:00,0.79267,0.79385,0.79218,0.79334,0,0
2015-04-22,23:00:00,0.79332,0.79416,0.79321,0.79391,0,0
2015-04-22,23:59:00,0.79398,0.79398,0.79233,0.79278,0,0
2015-04-23,01:00:00,0.79277,0.79304,0.79149,0.79216,0,0
2015-04-23,02:00:00,0.79206,0.79237,0.79139,0.79194,0,0
2015-04-23,03:00:00,0.79193,0.7928,0.79148,0.79221,0,0
2015-04-23,04:00:00,0.79222,0.79245,0.79163,0.79199,0,0
2015-04-23,05:00:00,0.79196,0.79208,0.7914,0.79163,0,0
2015-04-23,06:00:00,0.79164,0.7924,0.79164,0.79183,0,0
2015-04-23,07:00:00,0.79181,0.7927,0.79168,0.79261,0,0
2015-04-23,08:00:00,0.79265,0.79265,0.79162,0.7919,0,0
2015-04-23,09:00:00,0.79193,0.79229,0.78966,0.78996,0,0
2015-04-23,10:00:00,0.79007,0.79221,0.78904,0.79204,0,0
2015-04-23,11:00:00,0.79208,0.79219,0.78889,0.78916,0,0
2015-04-23,12:00:00,0.78921,0.78976,0.78687,0.78692,0,0
2015-04-23,13:00:00,0.78696,0.7887,0.78624,0.78838,0,0
2015-04-23,14:00:00,0.78847,0.79035,0.78826,0.78857,0,0
2015-04-23,15:00:00,0.78865,0.78899,0.78785,0.78792,0,0
2015-04-23,16:00:00,0.78793,0.78955,0.78718,0.78903,0,0
2015-04-23,17:00:00,0.78901,0.79031,0.78519,0.78549,0,0
2015-04-23,18:00:00,0.78566,0.78675,0.78528,0.78641,0,0
2015-04-23,19:00:00,0.78638,0.78757,0.78608,0.78635,0,0
2015-04-23,20:00:00,0.78639,0.7868,0.78547,0.78589,0,0
2015-04-23,21:00:00,0.78593,0.78642,0.785,0.78629,0,0
2015-04-23,22:00:00,0.78638,0.78638,0.78549,0.78549,0,0
2015-04-23,23:00:00,0.78543,0.7866,0.78525,0.78602,0,0
2015-04-23,23:59:00,0.78597,0.78619,0.78528,0.78551,0,0
2015-04-24,01:00:00,0.78547,0.78663,0.78547,0.7865,0,0
2015-04-24,02:00:00,0.78651,0.78683,0.78609,0.78679,0,0
2015-04-24,03:00:00,0.78684,0.78699,0.78606,0.78618,0,0
2015-04-24,04:00:00,0.78616,0.78671,0.78602,0.78666,0,0
2015-04-24,05:00:00,0.78675,0.78739,0.78665,0.78713,0,0
2015-04-24,06:00:00,0.78714,0.78779,0.7868,0.78743,0,0
2015-04-24,07:00:00,0.78748,0.78762,0.78709,0.78744,0,0
2015-04-24,08:00:00,0.78737,0.78762,0.78675,0.78733,0,0
2015-04-24,09:00:00,0.78735,0.7875,0.78518,0.78612,0,0
2015-04-24,10:00:00,0.78617,0.78673,0.7851,0.78561,0,0
2015-04-24,11:00:00,0.7855,0.78673,0.78467,0.78572,0,0
2015-04-24,12:00:00,0.78571,0.78644,0.78427,0.78626,0,0
2015-04-24,13:00:00,0.78633,0.78728,0.78567,0.787,0,0
2015-04-24,14:00:00,0.78699,0.78768,0.78637,0.78763,0,0
2015-04-24,15:00:00,0.78761,0.78865,0.78655,0.78757,0,0
2015-04-24,16:00:00,0.78762,0.78785,0.78345,0.78517,0,0
2015-04-24,17:00:00,0.7852,0.78581,0.78275,0.7831,0,0
2015-04-24,18:00:00,0.78302,0.78435,0.78249,0.78343,0,0
2015-04-24,19:00:00,0.78338,0.78501,0.78338,0.78457,0,0
2015-04-24,20:00:00,0.7847,0.78475,0.78364,0.78365,0,0
2015-04-24,21:00:00,0.78368,0.78465,0.78363,0.78381,0,0
2015-04-24,22:00:00,0.78382,0.78401,0.78326,0.78369,0,0
2015-04-24,23:00:00,0.78374,0.78387,0.78371,0.78381,0,0
2015-04-27,01:00:00,0.78304,0.78327,0.78276,0.78317,0,0
2015-04-27,02:00:00,0.78317,0.7836,0.78297,0.78353,0,0
2015-04-27,03:00:00,0.78353,0.78461,0.7831,0.78424,0,0
2015-04-27,04:00:00,0.78423,0.78483,0.78394,0.78481,0,0
2015-04-27,05:00:00,0.78483,0.78515,0.78454,0.78497,0,0
2015-04-27,06:00:00,0.78499,0.7852,0.78462,0.78481,0,0
2015-04-27,07:00:00,0.78483,0.78535,0.78474,0.78515,0,0
2015-04-27,08:00:00,0.78516,0.78524,0.78373,0.7839,0,0
2015-04-27,09:00:00,0.78398,0.78565,0.78386,0.78536,0,0
2015-04-27,10:00:00,0.78536,0.78669,0.7839,0.78452,0,0
2015-04-27,11:00:00,0.78452,0.78575,0.78413,0.78534,0,0
2015-04-27,12:00:00,0.78534,0.78591,0.78511,0.78558,0,0
2015-04-27,13:00:00,0.78557,0.78695,0.78557,0.78609,0,0
2015-04-27,14:00:00,0.78608,0.78752,0.78601,0.78745,0,0
2015-04-27,15:00:00,0.78749,0.78811,0.78664,0.78669,0,0
2015-04-27,16:00:00,0.78666,0.78902,0.78666,0.78855,0,0
2015-04-27,17:00:00,0.78858,0.79026,0.78785,0.78785,0,0
2015-04-27,18:00:00,0.78781,0.78782,0.78486,0.7877,0,0
2015-04-27,19:00:00,0.78752,0.78822,0.7862,0.78643,0,0
2015-04-27,20:00:00,0.78643,0.78957,0.78595,0.78923,0,0
2015-04-27,21:00:00,0.78917,0.7908,0.78876,0.79078,0,0
2015-04-27,22:00:00,0.79082,0.79082,0.78995,0.79014,0,0
2015-04-27,23:00:00,0.79025,0.79068,0.7897,0.79015,0,0
2015-04-27,23:59:00,0.79009,0.79081,0.78975,0.79028,0,0
2015-04-28,01:00:00,0.79027,0.79074,0.78968,0.79012,0,0
2015-04-28,02:00:00,0.79013,0.79051,0.78974,0.78987,0,0
2015-04-28,03:00:00,0.78984,0.79043,0.78938,0.78962,0,0
2015-04-28,04:00:00,0.78956,0.78968,0.78898,0.78919,0,0
2015-04-28,05:00:00,0.7892,0.78944,0.78897,0.78941,0,0
2015-04-28,06:00:00,0.78942,0.78942,0.78861,0.78864,0,0
2015-04-28,07:00:00,0.78853,0.78895,0.78842,0.78882,0,0
2015-04-28,08:00:00,0.78881,0.78893,0.78839,0.78874,0,0
2015-04-28,09:00:00,0.78875,0.78959,0.78847,0.78945,0,0
2015-04-28,10:00:00,0.78946,0.79039,0.78897,0.78926,0,0
2015-04-28,11:00:00,0.78929,0.79064,0.78896,0.79039,0,0
2015-04-28,12:00:00,0.79034,0.79346,0.78983,0.79336,0,0
2015-04-28,13:00:00,0.79329,0.79509,0.79198,0.79258,0,0
2015-04-28,14:00:00,0.79258,0.79425,0.79207,0.7932,0,0
2015-04-28,15:00:00,0.79325,0.79436,0.79239,0.79428,0,0
2015-04-28,16:00:00,0.79421,0.79484,0.79253,0.79266,0,0
2015-04-28,17:00:00,0.79235,0.79342,0.79015,0.79018,0,0
2015-04-28,18:00:00,0.79026,0.79392,0.79026,0.79355,0,0
2015-04-28,19:00:00,0.79359,0.79435,0.79348,0.7942,0,0
2015-04-28,20:00:00,0.79426,0.79437,0.79275,0.79297,0,0
2015-04-28,21:00:00,0.79298,0.79361,0.79277,0.79329,0,0
2015-04-28,22:00:00,0.79333,0.79557,0.79323,0.79477,0,0
2015-04-28,23:00:00,0.79474,0.79491,0.79408,0.79414,0,0
2015-04-28,23:59:00,0.79388,0.79491,0.7938,0.79446,0,0
2015-04-29,01:00:00,0.79419,0.79458,0.79399,0.79439,0,0
2015-04-29,02:00:00,0.79443,0.79479,0.79425,0.79425,0,0
2015-04-29,03:00:00,0.79429,0.79449,0.79329,0.79365,0,0
2015-04-29,04:00:00,0.79368,0.79418,0.79345,0.79386,0,0
2015-04-29,05:00:00,0.79384,0.7944,0.79361,0.79419,0,0
2015-04-29,06:00:00,0.79424,0.79464,0.79407,0.79441,0,0
2015-04-29,07:00:00,0.79442,0.79478,0.79418,0.79477,0,0
2015-04-29,08:00:00,0.79479,0.7954,0.79477,0.79496,0,0
2015-04-29,09:00:00,0.79496,0.79586,0.79452,0.79538,0,0
2015-04-29,10:00:00,0.79539,0.79554,0.79365,0.79422,0,0
2015-04-29,11:00:00,0.79422,0.79448,0.7931,0.79337,0,0
2015-04-29,12:00:00,0.79333,0.79408,0.7908,0.79084,0,0
2015-04-29,13:00:00,0.79085,0.79195,0.79077,0.79181,0,0
2015-04-29,14:00:00,0.79178,0.79238,0.78973,0.79081,0,0
2015-04-29,15:00:00,0.79079,0.79227,0.78824,0.79227,0,0
2015-04-29,16:00:00,0.79198,0.79262,0.78876,0.7888,0,0
2015-04-29,17:00:00,0.78872,0.78929,0.78418,0.78418,0,0
2015-04-29,18:00:00,0.78406,0.78441,0.78183,0.78287,0,0
2015-04-29,19:00:00,0.78277,0.78383,0.78192,0.78345,0,0
2015-04-29,20:00:00,0.78349,0.78351,0.78088,0.7809,0,0
2015-04-29,21:00:00,0.78069,0.78361,0.78069,0.78207,0,0
2015-04-29,22:00:00,0.78199,0.78324,0.78199,0.78206,0,0
2015-04-29,23:00:00,0.78206,0.78256,0.78148,0.78153,0,0
2015-04-29,23:59:00,0.78154,0.78299,0.78153,0.78266,0,0
2015-04-30,01:00:00,0.78257,0.7827,0.78215,0.7822,0,0
2015-04-30,02:00:00,0.78217,0.78235,0.78188,0.78228,0,0
2015-04-30,03:00:00,0.78227,0.78251,0.78165,0.78181,0,0
2015-04-30,04:00:00,0.78182,0.78242,0.78149,0.78158,0,0
2015-04-30,05:00:00,0.78159,0.78182,0.78114,0.78163,0,0
2015-04-30,06:00:00,0.7816,0.78172,0.78136,0.78169,0,0
2015-04-30,07:00:00,0.78168,0.78188,0.78114,0.78152,0,0
2015-04-30,08:00:00,0.78152,0.78218,0.7815,0.78199,0,0
2015-04-30,09:00:00,0.7825,0.7825,0.7814,0.78212,0,0
2015-04-30,10:00:00,0.78211,0.78238,0.77818,0.77831,0,0
2015-04-30,11:00:00,0.77819,0.77951,0.77657,0.77853,0,0
2015-04-30,12:00:00,0.7785,0.78134,0.7782,0.78097,0,0
2015-04-30,13:00:00,0.78095,0.78172,0.77682,0.77729,0,0
2015-04-30,14:00:00,0.77737,0.77807,0.77706,0.77762,0,0
2015-04-30,15:00:00,0.77762,0.78119,0.77707,0.77999,0,0
2015-04-30,16:00:00,0.78,0.78251,0.77982,0.78042,0,0
2015-04-30,17:00:00,0.7805,0.78052,0.77365,0.77371,0,0
2015-04-30,18:00:00,0.77369,0.77669,0.77173,0.77669,0,0
2015-04-30,19:00:00,0.7767,0.77699,0.7751,0.7759,0,0
2015-04-30,20:00:00,0.77591,0.77661,0.77534,0.77629,0,0
2015-04-30,21:00:00,0.77622,0.77632,0.77026,0.7703,0,0
2015-04-30,22:00:00,0.77016,0.7736,0.76999,0.77344,0,0
2015-04-30,23:00:00,0.77314,0.77374,0.77209,0.77209,0,0
2015-04-30,23:59:00,0.77215,0.77356,0.77207,0.77323,0,0
2015-05-01,01:00:00,0.77308,0.77337,0.77262,0.77269,0,0
2015-05-01,02:00:00,0.77277,0.77314,0.77219,0.77287,0,0
2015-05-01,03:00:00,0.77299,0.77322,0.77233,0.77253,0,0
2015-05-01,04:00:00,0.77253,0.77283,0.77206,0.77233,0,0
2015-05-01,05:00:00,0.77233,0.77263,0.77196,0.77262,0,0
2015-05-01,06:00:00,0.77262,0.77267,0.77233,0.77239,0,0
2015-05-01,07:00:00,0.7724,0.77258,0.77205,0.7721,0,0
2015-05-01,08:00:00,0.7721,0.77219,0.77172,0.77183,0,0
2015-05-01,09:00:00,0.77181,0.77288,0.77049,0.77117,0,0
2015-05-01,10:00:00,0.77123,0.77223,0.76994,0.7716,0,0
2015-05-01,11:00:00,0.77158,0.77172,0.76987,0.77006,0,0
2015-05-01,12:00:00,0.77024,0.77087,0.7691,0.77087,0,0
2015-05-01,13:00:00,0.77085,0.77136,0.7677,0.7683,0,0
2015-05-01,14:00:00,0.76831,0.76849,0.76694,0.76766,0,0
2015-05-01,15:00:00,0.76766,0.76823,0.76637,0.76716,0,0
2015-05-01,16:00:00,0.76715,0.7685,0.76452,0.76517,0,0
2015-05-01,17:00:00,0.76508,0.76672,0.76403,0.76603,0,0
2015-05-01,18:00:00,0.76607,0.76714,0.76583,0.76623,0,0
2015-05-01,19:00:00,0.76619,0.76792,0.76579,0.76771,0,0
2015-05-01,20:00:00,0.7677,0.7682,0.76717,0.76786,0,0
2015-05-01,21:00:00,0.76786,0.76825,0.76726,0.7676,0,0
2015-05-01,22:00:00,0.76758,0.76772,0.76641,0.7672,0,0
2015-05-01,23:00:00,0.76726,0.76742,0.76716,0.76716,0,0
2015-05-04,01:00:00,0.76767,0.76784,0.76655,0.76743,0,0
2015-05-04,02:00:00,0.76743,0.76757,0.76714,0.7674,0,0
2015-05-04,03:00:00,0.7674,0.76751,0.76686,0.767,0,0
2015-05-04,04:00:00,0.76699,0.76733,0.76646,0.76659,0,0
2015-05-04,05:00:00,0.76659,0.76666,0.76619,0.76655,0,0
2015-05-04,06:00:00,0.76655,0.76701,0.76639,0.767,0,0
2015-05-04,07:00:00,0.76699,0.7673,0.7668,0.76725,0,0
2015-05-04,08:00:00,0.76725,0.76748,0.76701,0.76718,0,0
2015-05-04,09:00:00,0.76731,0.77048,0.7673,0.76985,0,0
2015-05-04,10:00:00,0.76985,0.7716,0.76955,0.77113,0,0
2015-05-04,11:00:00,0.77099,0.77162,0.77041,0.7716,0,0
2015-05-04,12:00:00,0.77159,0.7728,0.77126,0.77221,0,0
2015-05-04,13:00:00,0.77222,0.77263,0.77092,0.77154,0,0
2015-05-04,14:00:00,0.77154,0.77255,0.77116,0.77133,0,0
2015-05-04,15:00:00,0.77135,0.77228,0.77085,0.77088,0,0
2015-05-04,16:00:00,0.77088,0.77111,0.76929,0.76959,0,0
2015-05-04,17:00:00,0.76966,0.77199,0.76943,0.77101,0,0
2015-05-04,18:00:00,0.77099,0.77338,0.77069,0.7728,0,0
2015-05-04,19:00:00,0.7728,0.7729,0.77172,0.77233,0,0
2015-05-04,20:00:00,0.77224,0.77244,0.77082,0.77116,0,0
2015-05-04,21:00:00,0.77116,0.77237,0.77094,0.77226,0,0
2015-05-04,22:00:00,0.77229,0.77288,0.77188,0.77206,0,0
2015-05-04,23:00:00,0.772,0.77264,0.7717,0.77192,0,0
2015-05-04,23:59:00,0.77205,0.77229,0.77186,0.77228,0,0
2015-05-05,01:00:00,0.77228,0.77264,0.77172,0.77259,0,0
2015-05-05,02:00:00,0.77257,0.77276,0.772,0.77213,0,0
2015-05-05,03:00:00,0.77213,0.77241,0.77151,0.77159,0,0
2015-05-05,04:00:00,0.7716,0.77214,0.77123,0.77212,0,0
2015-05-05,05:00:00,0.77212,0.77235,0.77176,0.77203,0,0
2015-05-05,06:00:00,0.77202,0.7722,0.77179,0.77204,0,0
2015-05-05,07:00:00,0.77205,0.77281,0.7717,0.77217,0,0
2015-05-05,08:00:00,0.77218,0.77258,0.77175,0.77198,0,0
2015-05-05,09:00:00,0.772,0.77323,0.77166,0.77247,0,0
2015-05-05,10:00:00,0.77254,0.77573,0.77221,0.77544,0,0
2015-05-05,11:00:00,0.77545,0.77651,0.77366,0.77378,0,0
2015-05-05,12:00:00,0.77379,0.77469,0.77265,0.77277,0,0
2015-05-05,13:00:00,0.7728,0.7738,0.77189,0.77192,0,0
2015-05-05,14:00:00,0.77192,0.77262,0.76925,0.77195,0,0
2015-05-05,15:00:00,0.77194,0.77306,0.76986,0.77224,0,0
2015-05-05,16:00:00,0.77234,0.77449,0.77148,0.77279,0,0
2015-05-05,17:00:00,0.7728,0.77431,0.77017,0.7709,0,0
2015-05-05,18:00:00,0.77089,0.77165,0.76882,0.76949,0,0
2015-05-05,19:00:00,0.76951,0.76971,0.76788,0.76828,0,0
2015-05-05,20:00:00,0.76828,0.76853,0.76733,0.76852,0,0
2015-05-05,21:00:00,0.76853,0.76876,0.76719,0.7674,0,0
2015-05-05,22:00:00,0.76744,0.76831,0.76709,0.76785,0,0
2015-05-05,23:00:00,0.76773,0.76844,0.76746,0.76764,0,0
2015-05-05,23:59:00,0.76761,0.76818,0.76725,0.76755,0,0
2015-05-06,01:00:00,0.76739,0.7681,0.76732,0.76767,0,0
2015-05-06,02:00:00,0.76766,0.76816,0.76763,0.76816,0,0
2015-05-06,03:00:00,0.76815,0.76818,0.76738,0.76745,0,0
2015-05-06,04:00:00,0.76745,0.76827,0.76743,0.76818,0,0
2015-05-06,05:00:00,0.76817,0.76896,0.76778,0.76863,0,0
2015-05-06,06:00:00,0.76863,0.76901,0.76769,0.76886,0,0
2015-05-06,07:00:00,0.76884,0.76906,0.7684,0.76862,0,0
2015-05-06,08:00:00,0.76864,0.76883,0.76829,0.76844,0,0
2015-05-06,09:00:00,0.76843,0.76868,0.76633,0.76657,0,0
2015-05-06,10:00:00,0.76668,0.76791,0.76573,0.76772,0,0
2015-05-06,11:00:00,0.76778,0.76882,0.76643,0.76881,0,0
2015-05-06,12:00:00,0.76882,0.77,0.76781,0.76782,0,0
2015-05-06,13:00:00,0.76782,0.76883,0.76731,0.76816,0,0
2015-05-06,14:00:00,0.7682,0.76923,0.7675,0.76902,0,0
2015-05-06,15:00:00,0.76901,0.76901,0.76638,0.76638,0,0
2015-05-06,16:00:00,0.76636,0.76764,0.7616,0.76238,0,0
2015-05-06,17:00:00,0.76227,0.76447,0.76222,0.76342,0,0
2015-05-06,18:00:00,0.76347,0.76416,0.76209,0.76209,0,0
2015-05-06,19:00:00,0.76213,0.76257,0.76057,0.76257,0,0
2015-05-06,20:00:00,0.76263,0.76263,0.76053,0.76088,0,0
2015-05-06,21:00:00,0.76092,0.76099,0.7588,0.76014,0,0
2015-05-06,22:00:00,0.7599,0.7609,0.75979,0.76071,0,0
2015-05-06,23:00:00,0.76067,0.76136,0.76039,0.76052,0,0
2015-05-06,23:59:00,0.76043,0.76124,0.76036,0.76073,0,0
2015-05-07,01:00:00,0.76051,0.76125,0.76051,0.76096,0,0
2015-05-07,02:00:00,0.76099,0.76146,0.76091,0.76117,0,0
2015-05-07,03:00:00,0.76119,0.76132,0.7606,0.76067,0,0
2015-05-07,04:00:00,0.76068,0.76127,0.76051,0.76076,0,0
2015-05-07,05:00:00,0.76078,0.76117,0.76054,0.76091,0,0
2015-05-07,06:00:00,0.76091,0.76134,0.7606,0.76105,0,0
2015-05-07,07:00:00,0.76106,0.76131,0.76092,0.76118,0,0
2015-05-07,08:00:00,0.76118,0.76131,0.75938,0.75967,0,0
2015-05-07,09:00:00,0.7597,0.76027,0.75854,0.75854,0,0
2015-05-07,10:00:00,0.75859,0.75878,0.75623,0.75631,0,0
2015-05-07,11:00:00,0.7563,0.75706,0.75505,0.75541,0,0
2015-05-07,12:00:00,0.75559,0.75565,0.7516,0.752,0,0
2015-05-07,13:00:00,0.752,0.75395,0.752,0.75288,0,0
2015-05-07,14:00:00,0.75283,0.75653,0.75253,0.75641,0,0
2015-05-07,15:00:00,0.75642,0.75898,0.75622,0.75798,0,0
2015-05-07,16:00:00,0.75788,0.7587,0.75611,0.75655,0,0
2015-05-07,17:00:00,0.75661,0.75725,0.7543,0.75718,0,0
2015-05-07,18:00:00,0.75706,0.75823,0.75656,0.75759,0,0
2015-05-07,19:00:00,0.75763,0.7588,0.75747,0.75871,0,0
2015-05-07,20:00:00,0.75873,0.75948,0.75797,0.75854,0,0
2015-05-07,21:00:00,0.75854,0.76008,0.75826,0.75934,0,0
2015-05-07,22:00:00,0.75938,0.76017,0.75935,0.76014,0,0
2015-05-07,23:00:00,0.76028,0.76072,0.75944,0.75981,0,0
2015-05-07,23:59:00,0.75965,0.76195,0.75941,0.76144,0,0
2015-05-08,01:00:00,0.7615,0.76221,0.76095,0.76172,0,0
2015-05-08,02:00:00,0.76173,0.76215,0.76111,0.76142,0,0
2015-05-08,03:00:00,0.76143,0.762,0.76122,0.76192,0,0
2015-05-08,04:00:00,0.76189,0.76233,0.76119,0.76223,0,0
2015-05-08,05:00:00,0.76216,0.763,0.76182,0.76291,0,0
2015-05-08,06:00:00,0.7629,0.76317,0.7626,0.76285,0,0
2015-05-08,07:00:00,0.76283,0.76295,0.76211,0.76212,0,0
2015-05-08,08:00:00,0.76215,0.76219,0.7614,0.7616,0,0
2015-05-08,09:00:00,0.76158,0.76368,0.76148,0.76328,0,0
2015-05-08,10:00:00,0.76323,0.76408,0.76228,0.7627,0,0
2015-05-08,11:00:00,0.76268,0.76268,0.76063,0.76204,0,0
2015-05-08,12:00:00,0.76205,0.76269,0.76093,0.76126,0,0
2015-05-08,13:00:00,0.76129,0.76373,0.76116,0.76354,0,0
2015-05-08,14:00:00,0.76369,0.76436,0.7634,0.76352,0,0
2015-05-08,15:00:00,0.76357,0.76542,0.76171,0.76377,0,0
2015-05-08,16:00:00,0.76372,0.76477,0.76269,0.76354,0,0
2015-05-08,17:00:00,0.76345,0.76493,0.7628,0.7644,0,0
2015-05-08,18:00:00,0.76439,0.76777,0.76439,0.7674,0,0
2015-05-08,19:00:00,0.76739,0.76947,0.76716,0.76885,0,0
2015-05-08,20:00:00,0.76879,0.77068,0.76859,0.76997,0,0
2015-05-08,21:00:00,0.76989,0.77086,0.76926,0.76992,0,0
2015-05-08,22:00:00,0.76989,0.7706,0.76979,0.77013,0,0
2015-05-08,23:00:00,0.7702,0.7702,0.7702,0.7702,0,0
2015-05-11,01:00:00,0.7704,0.77103,0.77035,0.77049,0,0
2015-05-11,02:00:00,0.77049,0.77091,0.77025,0.77054,0,0
2015-05-11,03:00:00,0.77055,0.77085,0.77,0.77085,0,0
2015-05-11,04:00:00,0.77082,0.77207,0.77075,0.77128,0,0
2015-05-11,05:00:00,0.77128,0.77131,0.76994,0.77029,0,0
2015-05-11,06:00:00,0.7703,0.77094,0.77028,0.77051,0,0
2015-05-11,07:00:00,0.7705,0.77063,0.77004,0.77004,0,0
2015-05-11,08:00:00,0.77005,0.77041,0.76977,0.77003,0,0
2015-05-11,09:00:00,0.77004,0.77022,0.7681,0.76848,0,0
2015-05-11,10:00:00,0.76849,0.76937,0.76815,0.7682,0,0
2015-05-11,11:00:00,0.76818,0.76824,0.7664,0.76704,0,0
2015-05-11,12:00:00,0.76706,0.76838,0.76649,0.76743,0,0
2015-05-11,13:00:00,0.76754,0.76844,0.76687,0.76829,0,0
2015-05-11,14:00:00,0.76837,0.77105,0.76814,0.77091,0,0
2015-05-11,15:00:00,0.77091,0.77252,0.77017,0.77248,0,0
2015-05-11,16:00:00,0.77251,0.77363,0.77167,0.77335,0,0
2015-05-11,17:00:00,0.77334,0.77339,0.77209,0.77299,0,0
2015-05-11,18:00:00,0.77278,0.77303,0.77078,0.77182,0,0
2015-05-11,19:00:00,0.77181,0.77312,0.77155,0.77201,0,0
2015-05-11,20:00:00,0.77188,0.77347,0.77188,0.77284,0,0
2015-05-11,21:00:00,0.77284,0.77335,0.77209,0.7721,0,0
2015-05-11,22:00:00,0.7721,0.77241,0.77116,0.77151,0,0
2015-05-11,23:00:00,0.7715,0.77242,0.7715,0.77201,0,0
2015-05-11,23:59:00,0.77184,0.77263,0.77182,0.77222,0,0
2015-05-12,01:00:00,0.77216,0.77229,0.77203,0.77227,0,0
2015-05-12,02:00:00,0.77232,0.7729,0.77203,0.77268,0,0
2015-05-12,03:00:00,0.77267,0.77308,0.77225,0.77262,0,0
2015-05-12,04:00:00,0.77263,0.77281,0.77206,0.77231,0,0
2015-05-12,05:00:00,0.77236,0.77264,0.77194,0.77216,0,0
2015-05-12,06:00:00,0.77217,0.77251,0.77191,0.77251,0,0
2015-05-12,07:00:00,0.77251,0.77267,0.77175,0.77183,0,0
2015-05-12,08:00:00,0.77181,0.77219,0.77152,0.77182,0,0
2015-05-12,09:00:00,0.77182,0.77207,0.76971,0.77036,0,0
2015-05-12,10:00:00,0.77038,0.77126,0.76854,0.76874,0,0
2015-05-12,11:00:00,0.76876,0.7688,0.76583,0.76696,0,0
2015-05-12,12:00:00,0.76682,0.76716,0.76404,0.76564,0,0
2015-05-12,13:00:00,0.76566,0.76738,0.76543,0.76722,0,0
2015-05-12,14:00:00,0.7672,0.76875,0.7667,0.76778,0,0
2015-05-12,15:00:00,0.7679,0.77062,0.76781,0.77062,0,0
2015-05-12,16:00:00,0.77055,0.77064,0.76699,0.7682,0,0
2015-05-12,17:00:00,0.76822,0.77184,0.76782,0.77172,0,0
2015-05-12,18:00:00,0.77146,0.77312,0.77123,0.77302,0,0
2015-05-12,19:00:00,0.77321,0.77422,0.77175,0.77421,0,0
2015-05-12,20:00:00,0.77421,0.77492,0.77345,0.7743,0,0
2015-05-12,21:00:00,0.77438,0.7745,0.77372,0.77403,0,0
2015-05-12,22:00:00,0.77405,0.7742,0.77318,0.77384,0,0
2015-05-12,23:00:00,0.7732,0.77384,0.77303,0.77331,0,0
2015-05-12,23:59:00,0.77328,0.77386,0.77281,0.77369,0,0
2015-05-13,01:00:00,0.77366,0.77391,0.77353,0.77365,0,0
2015-05-13,02:00:00,0.77372,0.77373,0.77325,0.77325,0,0
2015-05-13,03:00:00,0.77334,0.7739,0.77289,0.77309,0,0
2015-05-13,04:00:00,0.77308,0.77379,0.77296,0.77323,0,0
2015-05-13,05:00:00,0.77318,0.77326,0.77231,0.77235,0,0
2015-05-13,06:00:00,0.77235,0.77254,0.77163,0.77176,0,0
2015-05-13,07:00:00,0.77175,0.77206,0.77088,0.77113,0,0
2015-05-13,08:00:00,0.77113,0.77208,0.77102,0.77203,0,0
2015-05-13,09:00:00,0.77207,0.77261,0.76968,0.77003,0,0
2015-05-13,10:00:00,0.77003,0.77229,0.77003,0.77219,0,0
2015-05-13,11:00:00,0.7722,0.77458,0.77173,0.77437,0,0
2015-05-13,12:00:00,0.77436,0.77534,0.77352,0.77476,0,0
2015-05-13,13:00:00,0.77478,0.77529,0.77437,0.77474,0,0
2015-05-13,14:00:00,0.77481,0.77516,0.77414,0.7747,0,0
2015-05-13,15:00:00,0.7747,0.77557,0.77128,0.77148,0,0
2015-05-13,16:00:00,0.77152,0.77154,0.7695,0.76969,0,0
2015-05-13,17:00:00,0.76967,0.77052,0.76564,0.76582,0,0
2015-05-13,18:00:00,0.76583,0.76785,0.76578,0.76669,0,0
2015-05-13,19:00:00,0.76666,0.76857,0.76625,0.76798,0,0
2015-05-13,20:00:00,0.76801,0.76891,0.76671,0.76754,0,0
2015-05-13,21:00:00,0.76763,0.76786,0.7654,0.76549,0,0
2015-05-13,22:00:00,0.76552,0.76696,0.76552,0.76684,0,0
2015-05-13,23:00:00,0.76679,0.76708,0.76646,0.76665,0,0
2015-05-13,23:59:00,0.7667,0.76702,0.76646,0.76701,0,0
2015-05-14,01:00:00,0.76678,0.76719,0.76644,0.76716,0,0
2015-05-14,02:00:00,0.76713,0.76726,0.76688,0.76708,0,0
2015-05-14,03:00:00,0.76706,0.7674,0.76696,0.76703,0,0
2015-05-14,04:00:00,0.76704,0.76787,0.76676,0.76754,0,0
2015-05-14,05:00:00,0.76734,0.76759,0.76697,0.76715,0,0
2015-05-14,06:00:00,0.76708,0.76758,0.76656,0.76684,0,0
2015-05-14,07:00:00,0.76684,0.76742,0.7668,0.76707,0,0
2015-05-14,08:00:00,0.7671,0.76758,0.76683,0.76707,0,0
2015-05-14,09:00:00,0.76705,0.76749,0.76514,0.76546,0,0
2015-05-14,10:00:00,0.76539,0.76571,0.76401,0.76517,0,0
2015-05-14,11:00:00,0.76514,0.76574,0.76394,0.7643,0,0
2015-05-14,12:00:00,0.76423,0.76467,0.76232,0.7625,0,0
2015-05-14,13:00:00,0.7625,0.76291,0.75995,0.76033,0,0
2015-05-14,14:00:00,0.76041,0.76219,0.76006,0.76074,0,0
2015-05-14,15:00:00,0.76092,0.76337,0.7607,0.76337,0,0
2015-05-14,16:00:00,0.76352,0.7662,0.76308,0.76568,0,0
2015-05-14,17:00:00,0.76562,0.76604,0.76412,0.765,0,0
2015-05-14,18:00:00,0.76487,0.76588,0.76205,0.76273,0,0
2015-05-14,19:00:00,0.76275,0.76303,0.76139,0.76139,0,0
2015-05-14,20:00:00,0.76139,0.7624,0.76076,0.76181,0,0
2015-05-14,21:00:00,0.76189,0.76271,0.76109,0.76124,0,0
2015-05-14,22:00:00,0.76124,0.76191,0.76047,0.76083,0,0
2015-05-14,23:00:00,0.76087,0.76125,0.76042,0.7612,0,0
2015-05-14,23:59:00,0.76129,0.76167,0.7609,0.76099,0,0
2015-05-15,01:00:00,0.76104,0.7616,0.76081,0.76159,0,0
2015-05-15,02:00:00,0.7616,0.76188,0.76125,0.76147,0,0
2015-05-15,03:00:00,0.76147,0.7619,0.7613,0.76172,0,0
2015-05-15,04:00:00,0.76172,0.76191,0.76099,0.76099,0,0
2015-05-15,05:00:00,0.761,0.76103,0.76018,0.76075,0,0
2015-05-15,06:00:00,0.76075,0.76127,0.76075,0.7612,0,0
2015-05-15,07:00:00,0.76121,0.76126,0.76086,0.76098,0,0
2015-05-15,08:00:00,0.76098,0.76187,0.76084,0.76168,0,0
2015-05-15,09:00:00,0.76174,0.7628,0.76074,0.76074,0,0
2015-05-15,10:00:00,0.76072,0.76319,0.76013,0.76242,0,0
2015-05-15,11:00:00,0.76239,0.76379,0.76141,0.76361,0,0
2015-05-15,12:00:00,0.76374,0.76484,0.76344,0.764,0,0
2015-05-15,13:00:00,0.76418,0.76593,0.76416,0.76516,0,0
2015-05-15,14:00:00,0.76517,0.76767,0.76495,0.76695,0,0
2015-05-15,15:00:00,0.76694,0.76844,0.76671,0.7676,0,0
2015-05-15,16:00:00,0.7677,0.76786,0.76641,0.76713,0,0
2015-05-15,17:00:00,0.76679,0.76693,0.76282,0.76285,0,0
2015-05-15,18:00:00,0.76295,0.76417,0.76156,0.76404,0,0
2015-05-15,19:00:00,0.76403,0.76419,0.76306,0.76306,0,0
2015-05-15,20:00:00,0.76302,0.76316,0.76157,0.76245,0,0
2015-05-15,21:00:00,0.76252,0.76287,0.76081,0.76106,0,0
2015-05-15,22:00:00,0.76108,0.76215,0.76108,0.76182,0,0
2015-05-15,23:00:00,0.76179,0.76179,0.76151,0.76155,0,0
2015-05-18,01:00:00,0.76196,0.76285,0.76146,0.76186,0,0
2015-05-18,02:00:00,0.76186,0.76207,0.76169,0.7619,0,0
2015-05-18,03:00:00,0.76187,0.76268,0.76158,0.76232,0,0
2015-05-18,04:00:00,0.76237,0.76307,0.76192,0.76283,0,0
2015-05-18,05:00:00,0.76278,0.76316,0.76226,0.76226,0,0
2015-05-18,06:00:00,0.76227,0.76239,0.76202,0.76217,0,0
2015-05-18,07:00:00,0.76216,0.76252,0.76188,0.76216,0,0
2015-05-18,08:00:00,0.76216,0.76349,0.76215,0.76304,0,0
2015-05-18,09:00:00,0.76302,0.7636,0.76236,0.76342,0,0
2015-05-18,10:00:00,0.76337,0.76495,0.76284,0.76369,0,0
2015-05-18,11:00:00,0.76365,0.76498,0.76342,0.76375,0,0
2015-05-18,12:00:00,0.76375,0.76512,0.76252,0.76266,0,0
2015-05-18,13:00:00,0.7624,0.76249,0.76083,0.76113,0,0
2015-05-18,14:00:00,0.76111,0.76262,0.76096,0.76221,0,0
2015-05-18,15:00:00,0.76221,0.76369,0.76061,0.76086,0,0
2015-05-18,16:00:00,0.76077,0.76091,0.75916,0.76058,0,0
2015-05-18,17:00:00,0.76062,0.76098,0.75954,0.76001,0,0
2015-05-18,18:00:00,0.76009,0.76014,0.75886,0.75977,0,0
2015-05-18,19:00:00,0.75975,0.76085,0.75966,0.76051,0,0
2015-05-18,20:00:00,0.76047,0.76138,0.76021,0.76133,0,0
2015-05-18,21:00:00,0.76135,0.76201,0.76077,0.76114,0,0
2015-05-18,22:00:00,0.76089,0.76134,0.76084,0.761,0,0
2015-05-18,23:00:00,0.76102,0.76191,0.76061,0.76182,0,0
2015-05-18,23:59:00,0.76176,0.7621,0.76158,0.76191,0,0
2015-05-19,01:00:00,0.76192,0.76221,0.76164,0.76211,0,0
2015-05-19,02:00:00,0.76211,0.76251,0.76196,0.7625,0,0
2015-05-19,03:00:00,0.76256,0.76256,0.76134,0.76168,0,0
2015-05-19,04:00:00,0.76176,0.76208,0.76136,0.76174,0,0
2015-05-19,05:00:00,0.76176,0.76301,0.76152,0.76257,0,0
2015-05-19,06:00:00,0.76257,0.76349,0.76243,0.76336,0,0
2015-05-19,07:00:00,0.76351,0.76371,0.76312,0.76365,0,0
2015-05-19,08:00:00,0.76365,0.76382,0.76298,0.76322,0,0
2015-05-19,09:00:00,0.76328,0.76353,0.76101,0.76181,0,0
2015-05-19,10:00:00,0.76188,0.7686,0.76188,0.76533,0,0
2015-05-19,11:00:00,0.76525,0.76696,0.76456,0.76502,0,0
2015-05-19,12:00:00,0.76517,0.76548,0.76321,0.76391,0,0
2015-05-19,13:00:00,0.76391,0.76466,0.7633,0.76414,0,0
2015-05-19,14:00:00,0.76415,0.76565,0.76395,0.76414,0,0
2015-05-19,15:00:00,0.76412,0.76806,0.76407,0.76734,0,0
2015-05-19,16:00:00,0.76733,0.76776,0.76418,0.76428,0,0
2015-05-19,17:00:00,0.76424,0.7663,0.7634,0.76599,0,0
2015-05-19,18:00:00,0.76611,0.76712,0.76533,0.76712,0,0
2015-05-19,19:00:00,0.76709,0.76727,0.76582,0.76595,0,0
2015-05-19,20:00:00,0.76577,0.76707,0.76559,0.76675,0,0
2015-05-19,21:00:00,0.76671,0.76735,0.76613,0.76709,0,0
2015-05-19,22:00:00,0.76715,0.76715,0.76587,0.76657,0,0
2015-05-19,23:00:00,0.76662,0.76674,0.76583,0.76593,0,0
2015-05-19,23:59:00,0.76599,0.76653,0.76591,0.76623,0,0
2015-05-20,01:00:00,0.76622,0.76659,0.76613,0.76628,0,0
2015-05-20,02:00:00,0.76628,0.7665,0.76616,0.76641,0,0
2015-05-20,03:00:00,0.76641,0.76657,0.76599,0.76602,0,0
2015-05-20,04:00:00,0.76602,0.76661,0.76561,0.7665,0,0
2015-05-20,05:00:00,0.76649,0.76656,0.76585,0.7661,0,0
2015-05-20,06:00:00,0.76608,0.76656,0.76607,0.76623,0,0
2015-05-20,07:00:00,0.76623,0.76664,0.76607,0.76634,0,0
2015-05-20,08:00:00,0.76632,0.76633,0.76528,0.76626,0,0
2015-05-20,09:00:00,0.76649,0.76742,0.76615,0.76733,0,0
2015-05-20,10:00:00,0.76733,0.76842,0.76694,0.7676,0,0
2015-05-20,11:00:00,0.7676,0.76777,0.76549,0.76699,0,0
2015-05-20,12:00:00,0.76703,0.76705,0.76545,0.76633,0,0
2015-05-20,13:00:00,0.76631,0.76882,0.76585,0.76835,0,0
2015-05-20,14:00:00,0.76836,0.76912,0.76724,0.76845,0,0
2015-05-20,15:00:00,0.76844,0.76859,0.76633,0.7665,0,0
2015-05-20,16:00:00,0.76645,0.7679,0.76644,0.76675,0,0
2015-05-20,17:00:00,0.76656,0.76778,0.76581,0.76772,0,0
2015-05-20,18:00:00,0.76786,0.76981,0.76782,0.76956,0,0
2015-05-20,19:00:00,0.76945,0.76945,0.76729,0.76792,0,0
2015-05-20,20:00:00,0.76788,0.76811,0.76669,0.76787,0,0
2015-05-20,21:00:00,0.76787,0.76852,0.76671,0.7676,0,0
2015-05-20,22:00:00,0.76762,0.7682,0.76709,0.76762,0,0
2015-05-20,23:00:00,0.7676,0.76795,0.76712,0.76764,0,0
2015-05-20,23:59:00,0.76771,0.76831,0.76716,0.76759,0,0
2015-05-21,01:00:00,0.76759,0.76792,0.76727,0.76777,0,0
2015-05-21,02:00:00,0.76777,0.76781,0.7669,0.7669,0,0
2015-05-21,03:00:00,0.7669,0.76728,0.7664,0.76668,0,0
2015-05-21,04:00:00,0.7667,0.76701,0.76649,0.7667,0,0
2015-05-21,05:00:00,0.76671,0.76692,0.766,0.76621,0,0
2015-05-21,06:00:00,0.76621,0.76653,0.7659,0.76604,0,0
2015-05-21,07:00:00,0.76603,0.76678,0.76586,0.76673,0,0
2015-05-21,08:00:00,0.76672,0.76751,0.76658,0.76672,0,0
2015-05-21,09:00:00,0.76675,0.76966,0.76675,0.76866,0,0
2015-05-21,10:00:00,0.76877,0.76877,0.76584,0.76689,0,0
2015-05-21,11:00:00,0.76699,0.76716,0.76458,0.76602,0,0
2015-05-21,12:00:00,0.76605,0.76629,0.76477,0.76496,0,0
2015-05-21,13:00:00,0.76509,0.76527,0.76335,0.76407,0,0
2015-05-21,14:00:00,0.76408,0.76451,0.76324,0.76451,0,0
2015-05-21,15:00:00,0.76445,0.76478,0.7635,0.76469,0,0
2015-05-21,16:00:00,0.76472,0.76532,0.76415,0.76438,0,0
2015-05-21,17:00:00,0.76452,0.76686,0.76339,0.76627,0,0
2015-05-21,18:00:00,0.76618,0.76693,0.76572,0.76606,0,0
2015-05-21,19:00:00,0.76604,0.76634,0.76561,0.76576,0,0
2015-05-21,20:00:00,0.76571,0.76637,0.76537,0.76626,0,0
2015-05-21,21:00:00,0.76625,0.76676,0.76612,0.76664,0,0
2015-05-21,22:00:00,0.76662,0.76717,0.76628,0.76713,0,0
2015-05-21,23:00:00,0.76712,0.76787,0.76689,0.76787,0,0
2015-05-21,23:59:00,0.76786,0.76847,0.7675,0.76802,0,0
2015-05-22,01:00:00,0.76805,0.76807,0.76755,0.76791,0,0
2015-05-22,02:00:00,0.76791,0.7687,0.76785,0.76869,0,0
2015-05-22,03:00:00,0.76878,0.76878,0.76801,0.76823,0,0
2015-05-22,04:00:00,0.76825,0.7687,0.76803,0.76859,0,0
2015-05-22,05:00:00,0.76859,0.76878,0.76798,0.76814,0,0
2015-05-22,06:00:00,0.76814,0.76833,0.76782,0.76786,0,0
2015-05-22,07:00:00,0.76785,0.76792,0.76742,0.76765,0,0
2015-05-22,08:00:00,0.76771,0.76783,0.76712,0.76728,0,0
2015-05-22,09:00:00,0.76732,0.76739,0.76587,0.76656,0,0
2015-05-22,10:00:00,0.76655,0.76722,0.7656,0.76589,0,0
2015-05-22,11:00:00,0.76592,0.76592,0.76401,0.76404,0,0
2015-05-22,12:00:00,0.76405,0.76444,0.76195,0.76291,0,0
2015-05-22,13:00:00,0.76292,0.76298,0.76161,0.76295,0,0
2015-05-22,14:00:00,0.76296,0.76531,0.7626,0.76506,0,0
2015-05-22,15:00:00,0.76503,0.76906,0.7642,0.76798,0,0
2015-05-22,16:00:00,0.76815,0.76999,0.7676,0.76885,0,0
2015-05-22,17:00:00,0.76895,0.76919,0.76677,0.76731,0,0
2015-05-22,18:00:00,0.76736,0.76804,0.76646,0.76735,0,0
2015-05-22,19:00:00,0.76736,0.76755,0.76614,0.76635,0,0
2015-05-22,20:00:00,0.76613,0.76725,0.76588,0.76708,0,0
2015-05-22,21:00:00,0.76733,0.7675,0.76635,0.76703,0,0
2015-05-22,22:00:00,0.76697,0.7677,0.76686,0.7675,0,0
2015-05-22,23:00:00,0.76756,0.76759,0.7675,0.76755,0,0
2015-05-25,01:00:00,0.76714,0.76824,0.76711,0.76754,0,0
2015-05-25,02:00:00,0.76749,0.76774,0.76712,0.76719,0,0
2015-05-25,03:00:00,0.7672,0.76829,0.7672,0.76765,0,0
2015-05-25,04:00:00,0.76759,0.76801,0.76731,0.76775,0,0
2015-05-25,05:00:00,0.76775,0.76783,0.7671,0.76726,0,0
2015-05-25,06:00:00,0.7672,0.76722,0.76679,0.76704,0,0
2015-05-25,07:00:00,0.76704,0.76722,0.76692,0.76709,0,0
2015-05-25,08:00:00,0.76709,0.76715,0.76634,0.76647,0,0
2015-05-25,09:00:00,0.7665,0.76672,0.76541,0.76649,0,0
2015-05-25,10:00:00,0.76635,0.76743,0.76605,0.76733,0,0
2015-05-25,11:00:00,0.76732,0.76778,0.76673,0.76716,0,0
2015-05-25,12:00:00,0.76716,0.76805,0.76676,0.76759,0,0
2015-05-25,13:00:00,0.76759,0.76848,0.76756,0.76777,0,0
2015-05-25,14:00:00,0.76781,0.76788,0.76689,0.76715,0,0
2015-05-25,15:00:00,0.76715,0.76722,0.76587,0.76634,0,0
2015-05-25,16:00:00,0.76636,0.76709,0.766,0.76684,0,0
2015-05-25,17:00:00,0.7668,0.76779,0.76605,0.76724,0,0
2015-05-25,18:00:00,0.76719,0.76823,0.76715,0.76765,0,0
2015-05-25,19:00:00,0.76769,0.76824,0.76731,0.768,0,0
2015-05-25,20:00:00,0.7677,0.76808,0.76769,0.76778,0,0
2015-05-25,21:00:00,0.76778,0.76803,0.76758,0.76787,0,0
2015-05-25,22:00:00,0.76782,0.76826,0.7675,0.76787,0,0
2015-05-25,23:00:00,0.76792,0.76806,0.7673,0.76749,0,0
2015-05-25,23:59:00,0.76749,0.76807,0.76731,0.76792,0,0
2015-05-26,01:00:00,0.76792,0.76812,0.76763,0.76782,0,0
2015-05-26,02:00:00,0.76779,0.768,0.76747,0.76775,0,0
2015-05-26,03:00:00,0.76775,0.76868,0.7677,0.76824,0,0
2015-05-26,04:00:00,0.76825,0.76873,0.76779,0.76854,0,0
2015-05-26,05:00:00,0.76853,0.76858,0.76803,0.7682,0,0
2015-05-26,06:00:00,0.7682,0.76932,0.7682,0.7692,0,0
2015-05-26,07:00:00,0.76921,0.76964,0.76908,0.76964,0,0
2015-05-26,08:00:00,0.76964,0.76999,0.76946,0.76986,0,0
2015-05-26,09:00:00,0.76993,0.77089,0.76956,0.77054,0,0
2015-05-26,10:00:00,0.7706,0.77107,0.76882,0.76942,0,0
2015-05-26,11:00:00,0.76948,0.7709,0.76852,0.76933,0,0
2015-05-26,12:00:00,0.76931,0.76942,0.7665,0.76679,0,0
2015-05-26,13:00:00,0.76677,0.76729,0.76567,0.76685,0,0
2015-05-26,14:00:00,0.76686,0.76702,0.76566,0.76573,0,0
2015-05-26,15:00:00,0.76567,0.76771,0.76503,0.76548,0,0
2015-05-26,16:00:00,0.76542,0.76568,0.76355,0.76373,0,0
2015-05-26,17:00:00,0.76364,0.76499,0.76279,0.76416,0,0
2015-05-26,18:00:00,0.76446,0.7648,0.76372,0.76466,0,0
2015-05-26,19:00:00,0.76472,0.76523,0.76379,0.76395,0,0
2015-05-26,20:00:00,0.76396,0.76549,0.76389,0.76537,0,0
2015-05-26,21:00:00,0.76533,0.76697,0.76499,0.76645,0,0
2015-05-26,22:00:00,0.76638,0.76726,0.76624,0.76704,0,0
2015-05-26,23:00:00,0.76704,0.76724,0.76632,0.76679,0,0
2015-05-26,23:59:00,0.7667,0.76753,0.76637,0.76685,0,0
2015-05-27,01:00:00,0.76691,0.76691,0.76631,0.7669,0,0
2015-05-27,02:00:00,0.76689,0.76694,0.76613,0.76614,0,0
2015-05-27,03:00:00,0.7662,0.76668,0.7662,0.76646,0,0
2015-05-27,04:00:00,0.76641,0.76664,0.76602,0.76655,0,0
2015-05-27,05:00:00,0.76656,0.76656,0.76572,0.76583,0,0
2015-05-27,06:00:00,0.76583,0.7661,0.76564,0.76569,0,0
2015-05-27,07:00:00,0.76569,0.76596,0.76532,0.76552,0,0
2015-05-27,08:00:00,0.76551,0.76553,0.76447,0.76511,0,0
2015-05-27,09:00:00,0.76513,0.76524,0.7639,0.76404,0,0
2015-05-27,10:00:00,0.76416,0.76511,0.76306,0.76329,0,0
2015-05-27,11:00:00,0.76329,0.76381,0.76266,0.76287,0,0
2015-05-27,12:00:00,0.76291,0.76299,0.7612,0.76229,0,0
2015-05-27,13:00:00,0.76234,0.76345,0.76169,0.7628,0,0
2015-05-27,14:00:00,0.76261,0.76424,0.76238,0.76336,0,0
2015-05-27,15:00:00,0.7634,0.76446,0.7627,0.76446,0,0
2015-05-27,16:00:00,0.76442,0.76586,0.76381,0.76584,0,0
2015-05-27,17:00:00,0.76556,0.76641,0.76215,0.76221,0,0
2015-05-27,18:00:00,0.76222,0.76287,0.76026,0.76166,0,0
2015-05-27,19:00:00,0.76169,0.76242,0.76112,0.76125,0,0
2015-05-27,20:00:00,0.76118,0.76215,0.76081,0.76144,0,0
2015-05-27,21:00:00,0.76143,0.76305,0.76143,0.76293,0,0
2015-05-27,22:00:00,0.76287,0.76346,0.76263,0.76289,0,0
2015-05-27,23:00:00,0.76288,0.76288,0.76216,0.76245,0,0
2015-05-27,23:59:00,0.76261,0.76309,0.76189,0.76297,0,0
2015-05-28,01:00:00,0.76289,0.76304,0.76236,0.76254,0,0
2015-05-28,02:00:00,0.76254,0.76273,0.7624,0.76258,0,0
2015-05-28,03:00:00,0.76257,0.76271,0.7619,0.76222,0,0
2015-05-28,04:00:00,0.76221,0.76249,0.76143,0.76228,0,0
2015-05-28,05:00:00,0.76229,0.76229,0.76141,0.7617,0,0
2015-05-28,06:00:00,0.76172,0.76183,0.76072,0.76098,0,0
2015-05-28,07:00:00,0.76098,0.76114,0.76003,0.76015,0,0
2015-05-28,08:00:00,0.76016,0.76158,0.76014,0.76127,0,0
2015-05-28,09:00:00,0.76127,0.76171,0.76008,0.7603,0,0
2015-05-28,10:00:00,0.76034,0.76074,0.75888,0.7594,0,0
2015-05-28,11:00:00,0.75934,0.76019,0.75819,0.75849,0,0
2015-05-28,12:00:00,0.75853,0.75886,0.75773,0.75811,0,0
2015-05-28,13:00:00,0.75807,0.75836,0.75695,0.75773,0,0
2015-05-28,14:00:00,0.75781,0.76096,0.75767,0.76085,0,0
2015-05-28,15:00:00,0.76109,0.76149,0.759,0.75937,0,0
2015-05-28,16:00:00,0.75939,0.76002,0.7575,0.75788,0,0
2015-05-28,17:00:00,0.75786,0.75842,0.75619,0.75619,0,0
2015-05-28,18:00:00,0.75638,0.75833,0.7563,0.75827,0,0
2015-05-28,19:00:00,0.75827,0.75877,0.75742,0.75798,0,0
2015-05-28,20:00:00,0.75795,0.75879,0.75673,0.75873,0,0
2015-05-28,21:00:00,0.75871,0.75935,0.75841,0.75872,0,0
2015-05-28,22:00:00,0.75864,0.75947,0.7584,0.75932,0,0
2015-05-28,23:00:00,0.7594,0.75951,0.75867,0.75911,0,0
2015-05-28,23:59:00,0.75897,0.76,0.75806,0.75923,0,0
2015-05-29,01:00:00,0.75915,0.7593,0.75846,0.75858,0,0
2015-05-29,02:00:00,0.75859,0.75911,0.75845,0.75896,0,0
2015-05-29,03:00:00,0.75896,0.75972,0.75885,0.75901,0,0
2015-05-29,04:00:00,0.75908,0.75946,0.75891,0.75902,0,0
2015-05-29,05:00:00,0.75902,0.75923,0.75878,0.75896,0,0
2015-05-29,06:00:00,0.75898,0.75903,0.75826,0.75827,0,0
2015-05-29,07:00:00,0.75828,0.75885,0.75795,0.75841,0,0
2015-05-29,08:00:00,0.75846,0.75955,0.75834,0.75938,0,0
2015-05-29,09:00:00,0.75946,0.76141,0.75907,0.76141,0,0
2015-05-29,10:00:00,0.76144,0.76175,0.75883,0.75911,0,0
2015-05-29,11:00:00,0.75904,0.75912,0.75761,0.75878,0,0
2015-05-29,12:00:00,0.759,0.75911,0.75676,0.75682,0,0
2015-05-29,13:00:00,0.75688,0.75783,0.75672,0.75685,0,0
2015-05-29,14:00:00,0.75677,0.7582,0.75657,0.75711,0,0
2015-05-29,15:00:00,0.75713,0.75753,0.75148,0.75207,0,0
2015-05-29,16:00:00,0.75215,0.75238,0.7492,0.7499,0,0
2015-05-29,17:00:00,0.75014,0.75617,0.74958,0.75617,0,0
2015-05-29,18:00:00,0.7565,0.75687,0.75395,0.75475,0,0
2015-05-29,19:00:00,0.75478,0.75585,0.75423,0.75584,0,0
2015-05-29,20:00:00,0.75584,0.75586,0.75413,0.75468,0,0
2015-05-29,21:00:00,0.75465,0.75577,0.75448,0.75523,0,0
2015-05-29,22:00:00,0.75521,0.75592,0.75486,0.75584,0,0
2015-05-29,23:00:00,0.75574,0.75581,0.75566,0.75577,0,0
2015-06-01,01:00:00,0.75533,0.75568,0.7547,0.75518,0,0
2015-06-01,02:00:00,0.75517,0.75591,0.75467,0.75578,0,0
2015-06-01,03:00:00,0.75569,0.75658,0.75558,0.75596,0,0
2015-06-01,04:00:00,0.75589,0.75646,0.75585,0.75634,0,0
2015-06-01,05:00:00,0.75628,0.75667,0.75624,0.75666,0,0
2015-06-01,06:00:00,0.75659,0.75685,0.7561,0.75638,0,0
2015-06-01,07:00:00,0.75637,0.75674,0.75609,0.75642,0,0
2015-06-01,08:00:00,0.75642,0.7573,0.75626,0.75699,0,0
2015-06-01,09:00:00,0.75697,0.75873,0.75677,0.7585,0,0
2015-06-01,10:00:00,0.75844,0.75956,0.75798,0.75842,0,0
2015-06-01,11:00:00,0.75834,0.7587,0.75789,0.75825,0,0
2015-06-01,12:00:00,0.75835,0.75912,0.75709,0.75772,0,0
2015-06-01,13:00:00,0.75775,0.75853,0.75686,0.75721,0,0
2015-06-01,14:00:00,0.75717,0.7583,0.75678,0.75692,0,0
2015-06-01,15:00:00,0.75683,0.75688,0.75517,0.75531,0,0
2015-06-01,16:00:00,0.75534,0.75544,0.75351,0.75419,0,0
2015-06-01,17:00:00,0.75407,0.75483,0.7526,0.75448,0,0
2015-06-01,18:00:00,0.75438,0.75504,0.75359,0.75462,0,0
2015-06-01,19:00:00,0.75462,0.75505,0.75388,0.75432,0,0
2015-06-01,20:00:00,0.75429,0.75441,0.75339,0.75415,0,0
2015-06-01,21:00:00,0.75411,0.75572,0.75408,0.75502,0,0
2015-06-01,22:00:00,0.75494,0.75526,0.75461,0.755,0,0
2015-06-01,23:00:00,0.755,0.75549,0.75455,0.75545,0,0
2015-06-01,23:59:00,0.75541,0.75651,0.75462,0.75521,0,0
2015-06-02,01:00:00,0.75515,0.75542,0.7549,0.75505,0,0
2015-06-02,02:00:00,0.75505,0.75571,0.75491,0.75534,0,0
2015-06-02,03:00:00,0.75532,0.75543,0.75433,0.75451,0,0
2015-06-02,04:00:00,0.7545,0.75472,0.7544,0.75446,0,0
2015-06-02,05:00:00,0.75446,0.75493,0.75435,0.75462,0,0
2015-06-02,06:00:00,0.7546,0.7549,0.75442,0.75454,0,0
2015-06-02,07:00:00,0.75454,0.75491,0.75421,0.75478,0,0
2015-06-02,08:00:00,0.75479,0.75578,0.7546,0.75574,0,0
2015-06-02,09:00:00,0.75575,0.75587,0.75303,0.7532,0,0
2015-06-02,10:00:00,0.75337,0.75455,0.75274,0.75455,0,0
2015-06-02,11:00:00,0.75477,0.7549,0.75238,0.75238,0,0
2015-06-02,12:00:00,0.7523,0.75252,0.75089,0.75147,0,0
2015-06-02,13:00:00,0.75141,0.75227,0.7499,0.75094,0,0
2015-06-02,14:00:00,0.75097,0.75345,0.75,0.75282,0,0
2015-06-02,15:00:00,0.7528,0.75449,0.7519,0.75208,0,0
2015-06-02,16:00:00,0.75206,0.75254,0.74911,0.74986,0,0
2015-06-02,17:00:00,0.7499,0.75151,0.74889,0.75083,0,0
2015-06-02,18:00:00,0.75078,0.7522,0.74974,0.7522,0,0
2015-06-02,19:00:00,0.75216,0.75391,0.75201,0.75308,0,0
2015-06-02,20:00:00,0.75316,0.75316,0.75209,0.75231,0,0
2015-06-02,21:00:00,0.7523,0.75233,0.75106,0.75157,0,0
2015-06-02,22:00:00,0.75151,0.75236,0.75141,0.75213,0,0
2015-06-02,23:00:00,0.75211,0.75255,0.75176,0.75242,0,0
2015-06-02,23:59:00,0.75237,0.75249,0.75196,0.75233,0,0
2015-06-03,01:00:00,0.75234,0.75234,0.75179,0.75204,0,0
2015-06-03,02:00:00,0.75204,0.75216,0.75166,0.75185,0,0
2015-06-03,03:00:00,0.75185,0.7525,0.75185,0.75216,0,0
2015-06-03,04:00:00,0.75217,0.75348,0.75215,0.75339,0,0
2015-06-03,05:00:00,0.75338,0.75349,0.75227,0.75242,0,0
2015-06-03,06:00:00,0.75242,0.7529,0.75223,0.75281,0,0
2015-06-03,07:00:00,0.75285,0.75291,0.75231,0.75241,0,0
2015-06-03,08:00:00,0.75243,0.75289,0.7513,0.75242,0,0
2015-06-03,09:00:00,0.75238,0.75292,0.75096,0.75241,0,0
2015-06-03,10:00:00,0.75245,0.75408,0.75204,0.75253,0,0
2015-06-03,11:00:00,0.75249,0.75262,0.75147,0.75239,0,0
2015-06-03,12:00:00,0.75221,0.7532,0.7508,0.75087,0,0
2015-06-03,13:00:00,0.75095,0.75288,0.75095,0.7519,0,0
2015-06-03,14:00:00,0.75195,0.75419,0.7515,0.75402,0,0
2015-06-03,15:00:00,0.75404,0.75494,0.7522,0.75221,0,0
2015-06-03,16:00:00,0.75223,0.75244,0.74854,0.7491,0,0
2015-06-03,17:00:00,0.74907,0.75266,0.74904,0.75128,0,0
2015-06-03,18:00:00,0.7512,0.75204,0.75023,0.75081,0,0
2015-06-03,19:00:00,0.75074,0.75095,0.74975,0.75047,0,0
2015-06-03,20:00:00,0.75048,0.75092,0.7499,0.75084,0,0
2015-06-03,21:00:00,0.75078,0.75112,0.75051,0.75108,0,0
2015-06-03,22:00:00,0.75103,0.7512,0.75022,0.75038,0,0
2015-06-03,23:00:00,0.75035,0.75067,0.74958,0.74998,0,0
2015-06-03,23:59:00,0.75008,0.75048,0.74983,0.7501,0,0
2015-06-04,01:00:00,0.75012,0.75025,0.74964,0.74965,0,0
2015-06-04,02:00:00,0.74969,0.75056,0.74968,0.75032,0,0
2015-06-04,03:00:00,0.7503,0.75033,0.75001,0.75021,0,0
2015-06-04,04:00:00,0.75021,0.75065,0.74976,0.75012,0,0
2015-06-04,05:00:00,0.75016,0.75061,0.74995,0.7504,0,0
2015-06-04,06:00:00,0.75031,0.75048,0.75003,0.75019,0,0
2015-06-04,07:00:00,0.75017,0.75024,0.74984,0.75001,0,0
2015-06-04,08:00:00,0.75001,0.75002,0.74935,0.74943,0,0
2015-06-04,09:00:00,0.74943,0.75066,0.74904,0.75036,0,0
2015-06-04,10:00:00,0.75034,0.75088,0.74956,0.74958,0,0
2015-06-04,11:00:00,0.74957,0.74958,0.74557,0.74671,0,0
2015-06-04,12:00:00,0.74656,0.74766,0.74543,0.74685,0,0
2015-06-04,13:00:00,0.74695,0.74809,0.74684,0.74715,0,0
2015-06-04,14:00:00,0.74715,0.74868,0.74658,0.74866,0,0
2015-06-04,15:00:00,0.74873,0.74943,0.74786,0.74826,0,0
2015-06-04,16:00:00,0.74827,0.74875,0.74734,0.74809,0,0
2015-06-04,17:00:00,0.74812,0.74963,0.74743,0.7495,0,0
2015-06-04,18:00:00,0.74945,0.7498,0.74836,0.74897,0,0
2015-06-04,19:00:00,0.74883,0.74915,0.74722,0.74769,0,0
2015-06-04,20:00:00,0.7479,0.74819,0.74638,0.74756,0,0
2015-06-04,21:00:00,0.7475,0.74776,0.74638,0.74653,0,0
2015-06-04,22:00:00,0.74647,0.74688,0.74623,0.74634,0,0
2015-06-04,23:00:00,0.74631,0.74702,0.74629,0.74684,0,0
2015-06-04,23:59:00,0.74688,0.74708,0.74653,0.74689,0,0
2015-06-05,01:00:00,0.74682,0.74779,0.74676,0.74765,0,0
2015-06-05,02:00:00,0.74767,0.74872,0.74762,0.74818,0,0
2015-06-05,03:00:00,0.74819,0.74854,0.74792,0.74833,0,0
2015-06-05,04:00:00,0.74834,0.74864,0.74815,0.74829,0,0
2015-06-05,05:00:00,0.74824,0.74841,0.74801,0.74812,0,0
2015-06-05,06:00:00,0.74812,0.74845,0.74809,0.74813,0,0
2015-06-05,07:00:00,0.74813,0.74822,0.74726,0.74762,0,0
2015-06-05,08:00:00,0.74762,0.74803,0.74743,0.74743,0,0
2015-06-05,09:00:00,0.74744,0.74793,0.7461,0.74613,0,0
2015-06-05,10:00:00,0.7461,0.74629,0.74291,0.74386,0,0
2015-06-05,11:00:00,0.74382,0.74474,0.743,0.74459,0,0
2015-06-05,12:00:00,0.74455,0.74512,0.74373,0.74384,0,0
2015-06-05,13:00:00,0.74385,0.74674,0.74384,0.746,0,0
2015-06-05,14:00:00,0.74605,0.74725,0.74512,0.74636,0,0
2015-06-05,15:00:00,0.74637,0.75707,0.74602,0.75577,0,0
2015-06-05,16:00:00,0.75563,0.75712,0.7547,0.75712,0,0
2015-06-05,17:00:00,0.75718,0.75927,0.75668,0.75927,0,0
2015-06-05,18:00:00,0.75932,0.7602,0.75529,0.7557,0,0
2015-06-05,19:00:00,0.75564,0.75572,0.75316,0.75318,0,0
2015-06-05,20:00:00,0.75308,0.75512,0.75238,0.75437,0,0
2015-06-05,21:00:00,0.75431,0.7551,0.75373,0.75503,0,0
2015-06-05,22:00:00,0.75502,0.75559,0.75465,0.75559,0,0
2015-06-05,23:00:00,0.7557,0.75578,0.75568,0.75575,0,0
2015-06-08,01:00:00,0.75635,0.75635,0.75532,0.75555,0,0
2015-06-08,02:00:00,0.75556,0.75563,0.75462,0.75495,0,0
2015-06-08,03:00:00,0.7549,0.75537,0.75438,0.75533,0,0
2015-06-08,04:00:00,0.75536,0.75555,0.75488,0.75516,0,0
2015-06-08,05:00:00,0.75519,0.75566,0.75509,0.75544,0,0
2015-06-08,06:00:00,0.75543,0.75556,0.75517,0.75524,0,0
2015-06-08,07:00:00,0.75524,0.75562,0.75516,0.75552,0,0
2015-06-08,08:00:00,0.75552,0.75585,0.75523,0.75553,0,0
2015-06-08,09:00:00,0.75544,0.75663,0.75397,0.7556,0,0
2015-06-08,10:00:00,0.75562,0.75562,0.75326,0.75369,0,0
2015-06-08,11:00:00,0.75373,0.75548,0.75312,0.75529,0,0
2015-06-08,12:00:00,0.75527,0.75618,0.75438,0.75612,0,0
2015-06-08,13:00:00,0.7562,0.75643,0.75539,0.7554,0,0
2015-06-08,14:00:00,0.75541,0.75542,0.75372,0.75421,0,0
2015-06-08,15:00:00,0.75425,0.75529,0.75377,0.75529,0,0
2015-06-08,16:00:00,0.75531,0.75585,0.75409,0.75492,0,0
2015-06-08,17:00:00,0.75482,0.75491,0.75173,0.75217,0,0
2015-06-08,18:00:00,0.75226,0.75323,0.74963,0.75063,0,0
2015-06-08,19:00:00,0.75056,0.75069,0.74925,0.74965,0,0
2015-06-08,20:00:00,0.74982,0.74994,0.74749,0.74793,0,0
2015-06-08,21:00:00,0.7479,0.74909,0.74752,0.7489,0,0
2015-06-08,22:00:00,0.74887,0.74953,0.74855,0.74898,0,0
2015-06-08,23:00:00,0.74903,0.74916,0.74689,0.74726,0,0
2015-06-08,23:59:00,0.74735,0.74787,0.74731,0.74763,0,0
2015-06-09,01:00:00,0.74756,0.74757,0.74684,0.74689,0,0
2015-06-09,02:00:00,0.74688,0.74744,0.74688,0.74723,0,0
2015-06-09,03:00:00,0.74723,0.74756,0.74707,0.74731,0,0
2015-06-09,04:00:00,0.74727,0.74744,0.74628,0.74733,0,0
2015-06-09,05:00:00,0.74695,0.74745,0.74695,0.74733,0,0
2015-06-09,06:00:00,0.74729,0.74775,0.74728,0.74754,0,0
2015-06-09,07:00:00,0.74759,0.74776,0.74707,0.74752,0,0
2015-06-09,08:00:00,0.74752,0.74773,0.74712,0.74743,0,0
2015-06-09,09:00:00,0.74745,0.74847,0.74649,0.74745,0,0
2015-06-09,10:00:00,0.7474,0.74873,0.74473,0.74513,0,0
2015-06-09,11:00:00,0.74525,0.74792,0.7443,0.7476,0,0
2015-06-09,12:00:00,0.74745,0.74923,0.74708,0.74913,0,0
2015-06-09,13:00:00,0.74905,0.74981,0.74825,0.7493,0,0
2015-06-09,14:00:00,0.74915,0.753,0.7489,0.75293,0,0
2015-06-09,15:00:00,0.75299,0.75552,0.75299,0.75467,0,0
2015-06-09,16:00:00,0.75459,0.75521,0.75372,0.75401,0,0
2015-06-09,17:00:00,0.75377,0.75563,0.75331,0.75533,0,0
2015-06-09,18:00:00,0.75531,0.75594,0.75405,0.75487,0,0
2015-06-09,19:00:00,0.75481,0.75613,0.75406,0.75503,0,0
2015-06-09,20:00:00,0.75514,0.75594,0.7546,0.75468,0,0
2015-06-09,21:00:00,0.75461,0.75524,0.7541,0.75485,0,0
2015-06-09,22:00:00,0.75481,0.75481,0.7539,0.75416,0,0
2015-06-09,23:00:00,0.75415,0.75595,0.75415,0.75457,0,0
2015-06-09,23:59:00,0.75437,0.75524,0.75437,0.75454,0,0
2015-06-10,01:00:00,0.75454,0.75491,0.75438,0.75468,0,0
2015-06-10,02:00:00,0.75465,0.75478,0.75364,0.75392,0,0
2015-06-10,03:00:00,0.75393,0.75411,0.75327,0.75342,0,0
2015-06-10,04:00:00,0.75343,0.7541,0.75331,0.75377,0,0
2015-06-10,05:00:00,0.75378,0.75464,0.75372,0.75447,0,0
2015-06-10,06:00:00,0.75448,0.7549,0.75429,0.75474,0,0
2015-06-10,07:00:00,0.75474,0.75534,0.75441,0.7548,0,0
2015-06-10,08:00:00,0.75474,0.75555,0.75429,0.75503,0,0
2015-06-10,09:00:00,0.75508,0.75611,0.75384,0.75404,0,0
2015-06-10,10:00:00,0.75381,0.75458,0.75265,0.75434,0,0
2015-06-10,11:00:00,0.75437,0.75731,0.75324,0.75723,0,0
2015-06-10,12:00:00,0.75727,0.75908,0.75699,0.75879,0,0
2015-06-10,13:00:00,0.75877,0.76033,0.75806,0.75815,0,0
2015-06-10,14:00:00,0.75807,0.75905,0.75755,0.75904,0,0
2015-06-10,15:00:00,0.75906,0.75997,0.75857,0.75918,0,0
2015-06-10,16:00:00,0.75923,0.75981,0.75821,0.75865,0,0
2015-06-10,17:00:00,0.75871,0.75907,0.75685,0.75742,0,0
2015-06-10,18:00:00,0.75741,0.75814,0.75585,0.75755,0,0
2015-06-10,19:00:00,0.75756,0.75945,0.757,0.75837,0,0
2015-06-10,20:00:00,0.75833,0.75905,0.7575,0.75855,0,0
2015-06-10,21:00:00,0.75855,0.75993,0.75825,0.75985,0,0
2015-06-10,22:00:00,0.75981,0.75981,0.7592,0.7594,0,0
2015-06-10,23:00:00,0.7593,0.76014,0.75916,0.76014,0,0
2015-06-10,23:59:00,0.76,0.76014,0.75885,0.75947,0,0
2015-06-11,01:00:00,0.75947,0.76003,0.75923,0.75965,0,0
2015-06-11,02:00:00,0.75964,0.75989,0.75921,0.75922,0,0
2015-06-11,03:00:00,0.7592,0.75947,0.75902,0.75945,0,0
2015-06-11,04:00:00,0.75939,0.76021,0.75914,0.76016,0,0
2015-06-11,05:00:00,0.76009,0.76042,0.75976,0.76012,0,0
2015-06-11,06:00:00,0.76016,0.76024,0.7598,0.76017,0,0
2015-06-11,07:00:00,0.7602,0.76033,0.75966,0.75992,0,0
2015-06-11,08:00:00,0.75991,0.76,0.75873,0.7588,0,0
2015-06-11,09:00:00,0.75874,0.75924,0.75728,0.75852,0,0
2015-06-11,10:00:00,0.75855,0.7601,0.75814,0.75873,0,0
2015-06-11,11:00:00,0.75886,0.76155,0.75865,0.76035,0,0
2015-06-11,12:00:00,0.76038,0.76125,0.76001,0.76033,0,0
2015-06-11,13:00:00,0.76034,0.76091,0.75916,0.75919,0,0
2015-06-11,14:00:00,0.75917,0.7602,0.75905,0.7599,0,0
2015-06-11,15:00:00,0.75995,0.76209,0.75927,0.76023,0,0
2015-06-11,16:00:00,0.76022,0.76165,0.76012,0.76094,0,0
2015-06-11,17:00:00,0.76096,0.76245,0.76005,0.76087,0,0
2015-06-11,18:00:00,0.76093,0.7611,0.75953,0.76057,0,0
2015-06-11,19:00:00,0.76057,0.76091,0.7599,0.7599,0,0
2015-06-11,20:00:00,0.75992,0.76092,0.75957,0.76074,0,0
2015-06-11,21:00:00,0.76072,0.76131,0.75996,0.76064,0,0
2015-06-11,22:00:00,0.76067,0.76076,0.75984,0.76001,0,0
2015-06-11,23:00:00,0.76008,0.76032,0.75893,0.75914,0,0
2015-06-11,23:59:00,0.75915,0.75956,0.75847,0.75939,0,0
2015-06-12,01:00:00,0.75946,0.75963,0.75919,0.7595,0,0
2015-06-12,02:00:00,0.75949,0.75981,0.75937,0.75972,0,0
2015-06-12,03:00:00,0.75973,0.75984,0.75938,0.75939,0,0
2015-06-12,04:00:00,0.7594,0.75979,0.75923,0.75923,0,0
2015-06-12,05:00:00,0.75922,0.75979,0.75914,0.75965,0,0
2015-06-12,06:00:00,0.75965,0.75982,0.75939,0.75975,0,0
2015-06-12,07:00:00,0.75975,0.7603,0.75931,0.76029,0,0
2015-06-12,08:00:00,0.7603,0.7604,0.75978,0.76004,0,0
2015-06-12,09:00:00,0.76009,0.76021,0.75924,0.75964,0,0
2015-06-12,10:00:00,0.75968,0.75968,0.75824,0.75929,0,0
2015-06-12,11:00:00,0.75928,0.76193,0.75806,0.76043,0,0
2015-06-12,12:00:00,0.76039,0.7609,0.75881,0.7594,0,0
2015-06-12,13:00:00,0.7594,0.76046,0.75917,0.76021,0,0
2015-06-12,14:00:00,0.7602,0.76027,0.7592,0.75931,0,0
2015-06-12,15:00:00,0.75932,0.75932,0.75533,0.75533,0,0
2015-06-12,16:00:00,0.75536,0.75536,0.75239,0.75434,0,0
2015-06-12,17:00:00,0.7541,0.75454,0.75188,0.75315,0,0
2015-06-12,18:00:00,0.75323,0.75351,0.75177,0.75264,0,0
2015-06-12,19:00:00,0.75265,0.75332,0.75195,0.75263,0,0
2015-06-12,20:00:00,0.75264,0.75333,0.75216,0.75333,0,0
2015-06-12,21:00:00,0.75334,0.75369,0.75268,0.75322,0,0
2015-06-12,22:00:00,0.75319,0.75513,0.75312,0.75493,0,0
2015-06-12,23:00:00,0.75488,0.75502,0.75485,0.75494,0,0
2015-06-15,01:00:00,0.7548,0.75496,0.75434,0.75483,0,0
2015-06-15,02:00:00,0.75476,0.75514,0.75451,0.75498,0,0
2015-06-15,03:00:00,0.75498,0.75714,0.75498,0.75597,0,0
2015-06-15,04:00:00,0.75596,0.75728,0.75586,0.75715,0,0
2015-06-15,05:00:00,0.75716,0.75735,0.75608,0.75621,0,0
2015-06-15,06:00:00,0.75622,0.75634,0.75552,0.75567,0,0
2015-06-15,07:00:00,0.75567,0.756,0.7553,0.7555,0,0
2015-06-15,08:00:00,0.75547,0.75663,0.75542,0.75663,0,0
2015-06-15,09:00:00,0.7566,0.75708,0.75532,0.75541,0,0
2015-06-15,10:00:00,0.75547,0.75648,0.75495,0.75544,0,0
2015-06-15,11:00:00,0.75551,0.75573,0.75333,0.75414,0,0
2015-06-15,12:00:00,0.75419,0.7552,0.75345,0.75474,0,0
2015-06-15,13:00:00,0.75473,0.75568,0.75353,0.75549,0,0
2015-06-15,14:00:00,0.75544,0.75798,0.75544,0.75776,0,0
2015-06-15,15:00:00,0.75774,0.75967,0.7576,0.75836,0,0
2015-06-15,16:00:00,0.75836,0.76018,0.75807,0.75874,0,0
2015-06-15,17:00:00,0.75877,0.75961,0.75798,0.75815,0,0
2015-06-15,18:00:00,0.7582,0.75959,0.75799,0.75901,0,0
2015-06-15,19:00:00,0.75889,0.75987,0.75834,0.75856,0,0
2015-06-15,20:00:00,0.75863,0.75953,0.75799,0.75806,0,0
2015-06-15,21:00:00,0.75816,0.75816,0.75584,0.75584,0,0
2015-06-15,22:00:00,0.75578,0.75578,0.75322,0.7541,0,0
2015-06-15,23:00:00,0.75418,0.75517,0.754,0.75421,0,0
2015-06-15,23:59:00,0.75421,0.75498,0.75402,0.75486,0,0
2015-06-16,01:00:00,0.75485,0.75519,0.7542,0.75519,0,0
2015-06-16,02:00:00,0.75519,0.75524,0.75481,0.75508,0,0
2015-06-16,03:00:00,0.75509,0.75584,0.755,0.75527,0,0
2015-06-16,04:00:00,0.75541,0.75599,0.75504,0.75577,0,0
2015-06-16,05:00:00,0.75577,0.75579,0.75504,0.75535,0,0
2015-06-16,06:00:00,0.75535,0.75537,0.75476,0.75482,0,0
2015-06-16,07:00:00,0.75482,0.75516,0.75471,0.75513,0,0
2015-06-16,08:00:00,0.75514,0.75543,0.7545,0.75484,0,0
2015-06-16,09:00:00,0.75483,0.75525,0.75313,0.75333,0,0
2015-06-16,10:00:00,0.75327,0.75419,0.75269,0.75402,0,0
2015-06-16,11:00:00,0.75405,0.75504,0.75267,0.75504,0,0
2015-06-16,12:00:00,0.75507,0.75596,0.75457,0.75504,0,0
2015-06-16,13:00:00,0.75489,0.75534,0.75403,0.75498,0,0
2015-06-16,14:00:00,0.75491,0.75609,0.75409,0.75568,0,0
2015-06-16,15:00:00,0.75569,0.75647,0.7552,0.75573,0,0
2015-06-16,16:00:00,0.75582,0.75668,0.75541,0.75641,0,0
2015-06-16,17:00:00,0.75633,0.75724,0.75492,0.75497,0,0
2015-06-16,18:00:00,0.75488,0.75679,0.75488,0.75652,0,0
2015-06-16,19:00:00,0.75649,0.75668,0.75579,0.75622,0,0
2015-06-16,20:00:00,0.75615,0.75746,0.75595,0.75696,0,0
2015-06-16,21:00:00,0.75699,0.75736,0.75647,0.75702,0,0
2015-06-16,22:00:00,0.75701,0.75746,0.75657,0.75744,0,0
2015-06-16,23:00:00,0.75745,0.7588,0.75705,0.75828,0,0
2015-06-16,23:59:00,0.75827,0.75882,0.75815,0.75842,0,0
2015-06-17,01:00:00,0.75842,0.75858,0.75816,0.75816,0,0
2015-06-17,02:00:00,0.75818,0.75832,0.75782,0.7579,0,0
2015-06-17,03:00:00,0.7579,0.7583,0.75776,0.75793,0,0
2015-06-17,04:00:00,0.75796,0.75801,0.75709,0.75722,0,0
2015-06-17,05:00:00,0.75723,0.75738,0.75709,0.75718,0,0
2015-06-17,06:00:00,0.7572,0.75721,0.75681,0.75717,0,0
2015-06-17,07:00:00,0.75718,0.75723,0.75699,0.75722,0,0
2015-06-17,08:00:00,0.75721,0.75736,0.75685,0.75721,0,0
2015-06-17,09:00:00,0.75716,0.75759,0.7547,0.75522,0,0
2015-06-17,10:00:00,0.75523,0.75533,0.74921,0.75088,0,0
2015-06-17,11:00:00,0.75106,0.75136,0.74956,0.75129,0,0
2015-06-17,12:00:00,0.75126,0.75352,0.75117,0.7535,0,0
2015-06-17,13:00:00,0.75347,0.75442,0.75328,0.75441,0,0
2015-06-17,14:00:00,0.75442,0.75442,0.75345,0.75377,0,0
2015-06-17,15:00:00,0.75372,0.75378,0.75196,0.75274,0,0
2015-06-17,16:00:00,0.75273,0.75316,0.75214,0.753,0,0
2015-06-17,17:00:00,0.75291,0.75588,0.75253,0.75484,0,0
2015-06-17,18:00:00,0.75473,0.75528,0.75258,0.75372,0,0
2015-06-17,19:00:00,0.75353,0.75353,0.75177,0.75218,0,0
2015-06-17,20:00:00,0.75218,0.75279,0.7516,0.75175,0,0
2015-06-17,21:00:00,0.75131,0.75406,0.75077,0.75403,0,0
2015-06-17,22:00:00,0.7541,0.75414,0.75252,0.75341,0,0
2015-06-17,23:00:00,0.75355,0.75413,0.75318,0.75403,0,0
2015-06-17,23:59:00,0.75388,0.75419,0.75343,0.75404,0,0
2015-06-18,01:00:00,0.75402,0.75415,0.75361,0.7537,0,0
2015-06-18,02:00:00,0.75371,0.7541,0.75291,0.7531,0,0
2015-06-18,03:00:00,0.75307,0.7531,0.75214,0.75228,0,0
2015-06-18,04:00:00,0.75228,0.75294,0.75226,0.7528,0,0
2015-06-18,05:00:00,0.75283,0.75292,0.75241,0.75289,0,0
2015-06-18,06:00:00,0.75289,0.75294,0.75229,0.75238,0,0
2015-06-18,07:00:00,0.75239,0.75287,0.75233,0.75258,0,0
2015-06-18,08:00:00,0.75259,0.75294,0.75212,0.75275,0,0
2015-06-18,09:00:00,0.75276,0.75444,0.75256,0.75392,0,0
2015-06-18,10:00:00,0.75391,0.75549,0.75305,0.7534,0,0
2015-06-18,11:00:00,0.75339,0.75416,0.75206,0.75373,0,0
2015-06-18,12:00:00,0.75388,0.75494,0.75309,0.75339,0,0
2015-06-18,13:00:00,0.75342,0.75463,0.75327,0.75356,0,0
2015-06-18,14:00:00,0.7535,0.75513,0.75276,0.75459,0,0
2015-06-18,15:00:00,0.75456,0.75608,0.7538,0.75498,0,0
2015-06-18,16:00:00,0.7549,0.75554,0.75278,0.75479,0,0
2015-06-18,17:00:00,0.75471,0.75501,0.7526,0.75308,0,0
2015-06-18,18:00:00,0.75307,0.75467,0.7521,0.75336,0,0
2015-06-18,19:00:00,0.75343,0.75604,0.75318,0.755,0,0
2015-06-18,20:00:00,0.75506,0.75517,0.75367,0.75424,0,0
2015-06-18,21:00:00,0.75432,0.75463,0.75328,0.75361,0,0
2015-06-18,22:00:00,0.75361,0.75403,0.75304,0.75322,0,0
2015-06-18,23:00:00,0.75323,0.75412,0.75323,0.75412,0,0
2015-06-18,23:59:00,0.75376,0.75391,0.7531,0.75379,0,0
2015-06-19,01:00:00,0.75375,0.75398,0.75333,0.75355,0,0
2015-06-19,02:00:00,0.75354,0.75382,0.75344,0.75364,0,0
2015-06-19,03:00:00,0.75364,0.7537,0.75303,0.75346,0,0
2015-06-19,04:00:00,0.75352,0.75377,0.75321,0.75366,0,0
2015-06-19,05:00:00,0.75363,0.75376,0.75338,0.75376,0,0
2015-06-19,06:00:00,0.75372,0.75374,0.75322,0.75332,0,0
2015-06-19,07:00:00,0.75332,0.7538,0.75332,0.75352,0,0
2015-06-19,08:00:00,0.75356,0.75438,0.75338,0.75406,0,0
2015-06-19,09:00:00,0.75402,0.75475,0.75372,0.75426,0,0
2015-06-19,10:00:00,0.75427,0.75614,0.75398,0.75545,0,0
2015-06-19,11:00:00,0.75536,0.75612,0.75463,0.75516,0,0
2015-06-19,12:00:00,0.75523,0.75537,0.75374,0.75511,0,0
2015-06-19,13:00:00,0.75505,0.75585,0.75357,0.75378,0,0
2015-06-19,14:00:00,0.75392,0.75441,0.75346,0.75417,0,0
2015-06-19,15:00:00,0.75418,0.75462,0.75144,0.75156,0,0
2015-06-19,16:00:00,0.75161,0.75351,0.75129,0.75263,0,0
2015-06-19,17:00:00,0.75259,0.75262,0.74984,0.75094,0,0
2015-06-19,18:00:00,0.75102,0.75107,0.74949,0.74997,0,0
2015-06-19,19:00:00,0.74994,0.74996,0.74861,0.74969,0,0
2015-06-19,20:00:00,0.74964,0.75014,0.74832,0.74849,0,0
2015-06-19,21:00:00,0.74846,0.74851,0.74758,0.74814,0,0
2015-06-19,22:00:00,0.74815,0.74824,0.74709,0.74777,0,0
2015-06-19,23:00:00,0.74773,0.74787,0.74773,0.74782,0,0
2015-06-22,01:00:00,0.74781,0.74826,0.74741,0.74818,0,0
2015-06-22,02:00:00,0.74818,0.74827,0.74774,0.74823,0,0
2015-06-22,03:00:00,0.74823,0.74824,0.74772,0.7478,0,0
2015-06-22,04:00:00,0.74777,0.74796,0.74727,0.74796,0,0
2015-06-22,05:00:00,0.74796,0.74839,0.74748,0.74835,0,0
2015-06-22,06:00:00,0.74835,0.74875,0.74808,0.74866,0,0
2015-06-22,07:00:00,0.74866,0.74874,0.74802,0.74822,0,0
2015-06-22,08:00:00,0.74818,0.74974,0.74795,0.74933,0,0
2015-06-22,09:00:00,0.74932,0.74984,0.74817,0.74904,0,0
2015-06-22,10:00:00,0.74905,0.7511,0.74833,0.75055,0,0
2015-06-22,11:00:00,0.75018,0.75171,0.74999,0.75035,0,0
2015-06-22,12:00:00,0.75039,0.75172,0.75017,0.75114,0,0
2015-06-22,13:00:00,0.7511,0.75265,0.75101,0.75212,0,0
2015-06-22,14:00:00,0.75219,0.75386,0.75178,0.75377,0,0
2015-06-22,15:00:00,0.75377,0.75425,0.74952,0.75045,0,0
2015-06-22,16:00:00,0.75044,0.75266,0.74948,0.75017,0,0
2015-06-22,17:00:00,0.75008,0.7506,0.74599,0.74706,0,0
2015-06-22,18:00:00,0.7471,0.74802,0.74627,0.74781,0,0
2015-06-22,19:00:00,0.7478,0.74898,0.74671,0.74747,0,0
2015-06-22,20:00:00,0.74758,0.74821,0.74737,0.748,0,0
2015-06-22,21:00:00,0.748,0.74869,0.74724,0.74818,0,0
2015-06-22,22:00:00,0.7482,0.74856,0.7478,0.74786,0,0
2015-06-22,23:00:00,0.74788,0.74866,0.74778,0.74845,0,0
2015-06-22,23:59:00,0.74874,0.74893,0.74767,0.74839,0,0
2015-06-23,01:00:00,0.74835,0.74857,0.74819,0.74821,0,0
2015-06-23,02:00:00,0.74822,0.74856,0.74793,0.74856,0,0
2015-06-23,03:00:00,0.74855,0.74866,0.74805,0.74833,0,0
2015-06-23,04:00:00,0.74833,0.74869,0.7482,0.74861,0,0
2015-06-23,05:00:00,0.74858,0.75188,0.74831,0.75167,0,0
2015-06-23,06:00:00,0.75162,0.75239,0.75096,0.75199,0,0
2015-06-23,07:00:00,0.75195,0.752,0.7511,0.75164,0,0
2015-06-23,08:00:00,0.75164,0.75197,0.75105,0.75145,0,0
2015-06-23,09:00:00,0.75147,0.75283,0.75136,0.7517,0,0
2015-06-23,10:00:00,0.7517,0.75264,0.75102,0.75138,0,0
2015-06-23,11:00:00,0.75141,0.75382,0.75122,0.7529,0,0
2015-06-23,12:00:00,0.75303,0.75507,0.75227,0.75433,0,0
2015-06-23,13:00:00,0.75433,0.756,0.75428,0.75565,0,0
2015-06-23,14:00:00,0.75557,0.75623,0.75495,0.75612,0,0
2015-06-23,15:00:00,0.75617,0.7599,0.75565,0.7594,0,0
2015-06-23,16:00:00,0.75944,0.76014,0.7572,0.75786,0,0
2015-06-23,17:00:00,0.75766,0.75879,0.75649,0.75719,0,0
2015-06-23,18:00:00,0.75726,0.75867,0.75713,0.75753,0,0
2015-06-23,19:00:00,0.75757,0.75883,0.75749,0.75794,0,0
2015-06-23,20:00:00,0.75793,0.75796,0.75652,0.75704,0,0
2015-06-23,21:00:00,0.75704,0.7583,0.75631,0.75819,0,0
2015-06-23,22:00:00,0.75813,0.75815,0.75759,0.75762,0,0
2015-06-23,23:00:00,0.75764,0.75806,0.75733,0.75765,0,0
2015-06-23,23:59:00,0.75775,0.75797,0.75734,0.75768,0,0
2015-06-24,01:00:00,0.75767,0.75782,0.75755,0.75767,0,0
2015-06-24,02:00:00,0.75768,0.75775,0.75738,0.75756,0,0
2015-06-24,03:00:00,0.75756,0.75794,0.75737,0.75784,0,0
2015-06-24,04:00:00,0.75784,0.7579,0.75732,0.75752,0,0
2015-06-24,05:00:00,0.75759,0.75762,0.75727,0.75741,0,0
2015-06-24,06:00:00,0.7574,0.75754,0.75698,0.7571,0,0
2015-06-24,07:00:00,0.75711,0.75721,0.7567,0.7571,0,0
2015-06-24,08:00:00,0.7571,0.75722,0.7563,0.75641,0,0
2015-06-24,09:00:00,0.75645,0.75701,0.75522,0.75559,0,0
2015-06-24,10:00:00,0.75552,0.75672,0.75465,0.75465,0,0
2015-06-24,11:00:00,0.7547,0.75734,0.7547,0.75725,0,0
2015-06-24,12:00:00,0.75728,0.75868,0.75673,0.75777,0,0
2015-06-24,13:00:00,0.75779,0.75882,0.75729,0.75754,0,0
2015-06-24,14:00:00,0.75754,0.75783,0.75683,0.7569,0,0
2015-06-24,15:00:00,0.75678,0.75805,0.75618,0.75701,0,0
2015-06-24,16:00:00,0.75701,0.75717,0.75499,0.75527,0,0
2015-06-24,17:00:00,0.75515,0.75515,0.75312,0.75431,0,0
2015-06-24,18:00:00,0.75435,0.7548,0.75352,0.75425,0,0
2015-06-24,19:00:00,0.75416,0.75583,0.7537,0.75498,0,0
2015-06-24,20:00:00,0.755,0.75588,0.75339,0.75381,0,0
2015-06-24,21:00:00,0.75381,0.75412,0.75292,0.75367,0,0
2015-06-24,22:00:00,0.75356,0.75405,0.75318,0.75338,0,0
2015-06-24,23:00:00,0.75341,0.75407,0.75311,0.75403,0,0
2015-06-24,23:59:00,0.75402,0.75437,0.75361,0.75374,0,0
2015-06-25,01:00:00,0.75378,0.75421,0.7534,0.75349,0,0
2015-06-25,02:00:00,0.7535,0.75414,0.75331,0.75383,0,0
2015-06-25,03:00:00,0.75384,0.75408,0.75353,0.7538,0,0
2015-06-25,04:00:00,0.75381,0.75426,0.75374,0.75402,0,0
2015-06-25,05:00:00,0.75403,0.75445,0.75386,0.75407,0,0
2015-06-25,06:00:00,0.75416,0.75439,0.75378,0.75439,0,0
2015-06-25,07:00:00,0.75439,0.75483,0.75416,0.75429,0,0
2015-06-25,08:00:00,0.75429,0.75434,0.75343,0.75349,0,0
2015-06-25,09:00:00,0.75367,0.75482,0.75303,0.75459,0,0
2015-06-25,10:00:00,0.75441,0.75463,0.7528,0.75433,0,0
2015-06-25,11:00:00,0.75439,0.75662,0.75383,0.75653,0,0
2015-06-25,12:00:00,0.75653,0.75894,0.75652,0.75819,0,0
2015-06-25,13:00:00,0.75821,0.75945,0.75763,0.75857,0,0
2015-06-25,14:00:00,0.75871,0.76036,0.7583,0.75883,0,0
2015-06-25,15:00:00,0.759,0.75926,0.75672,0.75806,0,0
2015-06-25,16:00:00,0.75807,0.76058,0.7568,0.75956,0,0
2015-06-25,17:00:00,0.75948,0.75986,0.75798,0.75986,0,0
2015-06-25,18:00:00,0.75976,0.76092,0.75897,0.75938,0,0
2015-06-25,19:00:00,0.75937,0.75939,0.75747,0.75837,0,0
2015-06-25,20:00:00,0.75828,0.75952,0.7581,0.75951,0,0
2015-06-25,21:00:00,0.75951,0.7601,0.75908,0.7601,0,0
2015-06-25,22:00:00,0.76004,0.76068,0.75957,0.76061,0,0
2015-06-25,23:00:00,0.76027,0.76054,0.75938,0.75993,0,0
2015-06-25,23:59:00,0.76002,0.76013,0.75895,0.7594,0,0
2015-06-26,01:00:00,0.7594,0.75966,0.75916,0.75939,0,0
2015-06-26,02:00:00,0.75939,0.75981,0.75922,0.7595,0,0
2015-06-26,03:00:00,0.7595,0.7595,0.75871,0.75884,0,0
2015-06-26,04:00:00,0.75885,0.75886,0.75816,0.75849,0,0
2015-06-26,05:00:00,0.75849,0.75892,0.75819,0.75889,0,0
2015-06-26,06:00:00,0.7589,0.75906,0.75826,0.75834,0,0
2015-06-26,07:00:00,0.75834,0.75882,0.75831,0.75862,0,0
2015-06-26,08:00:00,0.75861,0.75948,0.75841,0.75937,0,0
2015-06-26,09:00:00,0.75935,0.75957,0.75752,0.75777,0,0
2015-06-26,10:00:00,0.75779,0.7582,0.75567,0.75567,0,0
2015-06-26,11:00:00,0.75567,0.7557,0.75433,0.7552,0,0
2015-06-26,12:00:00,0.75532,0.75561,0.75439,0.75485,0,0
2015-06-26,13:00:00,0.75484,0.75535,0.75388,0.75448,0,0
2015-06-26,14:00:00,0.75438,0.75607,0.75399,0.75477,0,0
2015-06-26,15:00:00,0.7547,0.75579,0.75391,0.75572,0,0
2015-06-26,16:00:00,0.75577,0.75597,0.754,0.75481,0,0
2015-06-26,17:00:00,0.75498,0.75579,0.75366,0.75497,0,0
2015-06-26,18:00:00,0.75492,0.75717,0.75478,0.75672,0,0
2015-06-26,19:00:00,0.75669,0.7586,0.75636,0.7579,0,0
2015-06-26,20:00:00,0.75774,0.75863,0.75708,0.75833,0,0
2015-06-26,21:00:00,0.75833,0.76019,0.75802,0.7601,0,0
2015-06-26,22:00:00,0.76005,0.76007,0.75823,0.75837,0,0
2015-06-26,23:00:00,0.75832,0.75832,0.75814,0.75818,0,0
2015-06-29,01:00:00,0.76191,0.76265,0.75906,0.76032,0,0
2015-06-29,02:00:00,0.76033,0.76162,0.75987,0.76136,0,0
2015-06-29,03:00:00,0.76133,0.76136,0.75936,0.75975,0,0
2015-06-29,04:00:00,0.75974,0.76085,0.7596,0.76072,0,0
2015-06-29,05:00:00,0.76071,0.76101,0.76011,0.7609,0,0
2015-06-29,06:00:00,0.76087,0.76113,0.76031,0.76102,0,0
2015-06-29,07:00:00,0.76102,0.76158,0.7606,0.76116,0,0
2015-06-29,08:00:00,0.76111,0.76184,0.76021,0.76052,0,0
2015-06-29,09:00:00,0.76051,0.76174,0.75861,0.75968,0,0
2015-06-29,10:00:00,0.75954,0.7648,0.75911,0.76162,0,0
2015-06-29,11:00:00,0.76162,0.76192,0.75969,0.76003,0,0
2015-06-29,12:00:00,0.76002,0.7604,0.75744,0.7577,0,0
2015-06-29,13:00:00,0.75769,0.75791,0.75499,0.75556,0,0
2015-06-29,14:00:00,0.75563,0.75595,0.75413,0.7557,0,0
2015-06-29,15:00:00,0.75576,0.75615,0.75329,0.7546,0,0
2015-06-29,16:00:00,0.75453,0.7549,0.75219,0.75255,0,0
2015-06-29,17:00:00,0.75242,0.75242,0.74794,0.75045,0,0
2015-06-29,18:00:00,0.75041,0.7511,0.74842,0.74955,0,0
2015-06-29,19:00:00,0.74955,0.74996,0.74697,0.74741,0,0
2015-06-29,20:00:00,0.74755,0.74827,0.74681,0.74736,0,0
2015-06-29,21:00:00,0.74735,0.74934,0.74701,0.74834,0,0
2015-06-29,22:00:00,0.74841,0.74897,0.74692,0.74695,0,0
2015-06-29,23:00:00,0.74681,0.74739,0.74567,0.74567,0,0
2015-06-29,23:59:00,0.74584,0.74616,0.74568,0.74585,0,0
2015-06-30,01:00:00,0.74582,0.74641,0.74578,0.74621,0,0
2015-06-30,02:00:00,0.74625,0.74651,0.74587,0.74595,0,0
2015-06-30,03:00:00,0.74594,0.7465,0.74591,0.746,0,0
2015-06-30,04:00:00,0.746,0.74688,0.74594,0.74684,0,0
2015-06-30,05:00:00,0.74675,0.74701,0.74621,0.74677,0,0
2015-06-30,06:00:00,0.74677,0.74915,0.74677,0.74798,0,0
2015-06-30,07:00:00,0.74995,0.75079,0.74798,0.75066,0,0
2015-06-30,08:00:00,0.75065,0.75107,0.74996,0.75067,0,0
2015-06-30,09:00:00,0.75062,0.75258,0.74972,0.75165,0,0
2015-06-30,10:00:00,0.75175,0.75226,0.74968,0.7513,0,0
2015-06-30,11:00:00,0.7514,0.75162,0.74976,0.75133,0,0
2015-06-30,12:00:00,0.75138,0.75143,0.74946,0.75005,0,0
2015-06-30,13:00:00,0.75007,0.75154,0.74999,0.75077,0,0
2015-06-30,14:00:00,0.75073,0.75198,0.75063,0.75194,0,0
2015-06-30,15:00:00,0.75207,0.7531,0.74815,0.74884,0,0
2015-06-30,16:00:00,0.74885,0.74935,0.74739,0.74788,0,0
2015-06-30,17:00:00,0.74797,0.74954,0.74558,0.74954,0,0
2015-06-30,18:00:00,0.74954,0.75183,0.74884,0.74953,0,0
2015-06-30,19:00:00,0.74948,0.75159,0.74869,0.74921,0,0
2015-06-30,20:00:00,0.74921,0.74978,0.74784,0.74832,0,0
2015-06-30,21:00:00,0.74823,0.74918,0.74778,0.74879,0,0
2015-06-30,22:00:00,0.74879,0.74937,0.74831,0.74853,0,0
2015-06-30,23:00:00,0.74848,0.7489,0.74803,0.74868,0,0
2015-06-30,23:59:00,0.74879,0.75003,0.74854,0.74854,0,0
2015-07-01,01:00:00,0.74867,0.75009,0.74867,0.74988,0,0
2015-07-01,02:00:00,0.74988,0.74996,0.74902,0.74958,0,0
2015-07-01,03:00:00,0.74944,0.75013,0.7482,0.74826,0,0
2015-07-01,04:00:00,0.74834,0.74882,0.74815,0.74847,0,0
2015-07-01,05:00:00,0.74847,0.74908,0.74838,0.74896,0,0
2015-07-01,06:00:00,0.74897,0.74897,0.74849,0.74877,0,0
2015-07-01,07:00:00,0.74877,0.74918,0.74862,0.74871,0,0
2015-07-01,08:00:00,0.74871,0.74876,0.74827,0.74861,0,0
2015-07-01,09:00:00,0.74848,0.74948,0.74838,0.74941,0,0
2015-07-01,10:00:00,0.74955,0.75218,0.74936,0.75163,0,0
2015-07-01,11:00:00,0.75169,0.75352,0.74986,0.75056,0,0
2015-07-01,12:00:00,0.75046,0.75208,0.74942,0.75069,0,0
2015-07-01,13:00:00,0.75073,0.75269,0.75044,0.7524,0,0
2015-07-01,14:00:00,0.75238,0.75287,0.75178,0.75211,0,0
2015-07-01,15:00:00,0.75214,0.75343,0.74977,0.75096,0,0
2015-07-01,16:00:00,0.75092,0.75305,0.75059,0.75179,0,0
2015-07-01,17:00:00,0.75187,0.75313,0.7502,0.75313,0,0
2015-07-01,18:00:00,0.75314,0.75342,0.75239,0.75298,0,0
2015-07-01,19:00:00,0.75302,0.75349,0.75253,0.75292,0,0
2015-07-01,20:00:00,0.7531,0.75406,0.75237,0.75309,0,0
2015-07-01,21:00:00,0.75314,0.75376,0.75236,0.75368,0,0
2015-07-01,22:00:00,0.7537,0.75398,0.75299,0.75324,0,0
2015-07-01,23:00:00,0.75328,0.75356,0.7528,0.75338,0,0
2015-07-01,23:59:00,0.75313,0.75401,0.75255,0.75332,0,0
2015-07-02,01:00:00,0.7533,0.75356,0.753,0.75311,0,0
2015-07-02,02:00:00,0.75314,0.75366,0.75309,0.75357,0,0
2015-07-02,03:00:00,0.75356,0.75377,0.75293,0.75312,0,0
2015-07-02,04:00:00,0.75311,0.75324,0.75265,0.75312,0,0
2015-07-02,05:00:00,0.75313,0.75323,0.75195,0.75221,0,0
2015-07-02,06:00:00,0.75222,0.75243,0.75193,0.75219,0,0
2015-07-02,07:00:00,0.7522,0.75231,0.7516,0.7516,0,0
2015-07-02,08:00:00,0.75163,0.75196,0.75075,0.75082,0,0
2015-07-02,09:00:00,0.75086,0.75195,0.75083,0.75116,0,0
2015-07-02,10:00:00,0.75097,0.75281,0.75084,0.75281,0,0
2015-07-02,11:00:00,0.75285,0.7529,0.75032,0.75038,0,0
2015-07-02,12:00:00,0.75035,0.7529,0.75007,0.75285,0,0
2015-07-02,13:00:00,0.75286,0.75334,0.75143,0.75195,0,0
2015-07-02,14:00:00,0.75194,0.75377,0.75189,0.75246,0,0
2015-07-02,15:00:00,0.75243,0.75366,0.74991,0.75032,0,0
2015-07-02,16:00:00,0.7504,0.75117,0.7493,0.74948,0,0
2015-07-02,17:00:00,0.74941,0.75153,0.74912,0.7511,0,0
2015-07-02,18:00:00,0.75112,0.75188,0.75056,0.75102,0,0
2015-07-02,19:00:00,0.75101,0.75293,0.75091,0.75293,0,0
2015-07-02,20:00:00,0.75294,0.75294,0.75187,0.75188,0,0
2015-07-02,21:00:00,0.75184,0.7524,0.7512,0.75122,0,0
2015-07-02,22:00:00,0.75124,0.75231,0.75124,0.75204,0,0
2015-07-02,23:00:00,0.75225,0.75257,0.75198,0.75239,0,0
2015-07-02,23:59:00,0.75249,0.75256,0.752,0.75233,0,0
2015-07-03,01:00:00,0.75226,0.75237,0.75165,0.75189,0,0
2015-07-03,02:00:00,0.75186,0.75224,0.7517,0.75219,0,0
2015-07-03,03:00:00,0.75219,0.75224,0.75153,0.75192,0,0
2015-07-03,04:00:00,0.75193,0.75203,0.75085,0.75092,0,0
2015-07-03,05:00:00,0.75093,0.75129,0.75075,0.75109,0,0
2015-07-03,06:00:00,0.75105,0.75123,0.75081,0.7511,0,0
2015-07-03,07:00:00,0.7511,0.75117,0.75056,0.75083,0,0
2015-07-03,08:00:00,0.7508,0.75098,0.75024,0.75065,0,0
2015-07-03,09:00:00,0.75067,0.75078,0.74991,0.75047,0,0
2015-07-03,10:00:00,0.7504,0.7511,0.75,0.75034,0,0
2015-07-03,11:00:00,0.75038,0.75038,0.74882,0.75021,0,0
2015-07-03,12:00:00,0.74979,0.75039,0.74941,0.74985,0,0
2015-07-03,13:00:00,0.74978,0.75026,0.74929,0.75006,0,0
2015-07-03,14:00:00,0.75004,0.75066,0.74945,0.74971,0,0
2015-07-03,15:00:00,0.74972,0.75017,0.74869,0.74891,0,0
2015-07-03,16:00:00,0.7489,0.7489,0.74693,0.74741,0,0
2015-07-03,17:00:00,0.74738,0.7492,0.74674,0.74914,0,0
2015-07-03,18:00:00,0.74908,0.74956,0.74751,0.74882,0,0
2015-07-03,19:00:00,0.74882,0.74986,0.74773,0.74967,0,0
2015-07-03,20:00:00,0.74961,0.75053,0.74882,0.74988,0,0
2015-07-03,21:00:00,0.74987,0.75003,0.74896,0.74952,0,0
2015-07-03,22:00:00,0.74951,0.74971,0.74859,0.74863,0,0
2015-07-03,23:00:00,0.74863,0.74876,0.7486,0.7486,0,0
2015-07-06,01:00:00,0.74839,0.75012,0.74719,0.74845,0,0
2015-07-06,02:00:00,0.74844,0.74873,0.74785,0.74871,0,0
2015-07-06,03:00:00,0.7487,0.74906,0.7483,0.74843,0,0
2015-07-06,04:00:00,0.74843,0.74859,0.74748,0.74821,0,0
2015-07-06,05:00:00,0.74817,0.74857,0.7478,0.74851,0,0
2015-07-06,06:00:00,0.74852,0.74905,0.7483,0.74877,0,0
2015-07-06,07:00:00,0.74877,0.74959,0.74847,0.74863,0,0
2015-07-06,08:00:00,0.74863,0.74891,0.74706,0.74706,0,0
2015-07-06,09:00:00,0.7471,0.75044,0.74702,0.74936,0,0
2015-07-06,10:00:00,0.74936,0.75028,0.74875,0.74976,0,0
2015-07-06,11:00:00,0.74976,0.75037,0.74924,0.74996,0,0
2015-07-06,12:00:00,0.74995,0.74995,0.74921,0.74974,0,0
2015-07-06,13:00:00,0.74976,0.75056,0.7485,0.74871,0,0
2015-07-06,14:00:00,0.74869,0.74948,0.74747,0.74863,0,0
2015-07-06,15:00:00,0.74862,0.74975,0.74831,0.74866,0,0
2015-07-06,16:00:00,0.74864,0.74895,0.74728,0.74775,0,0
2015-07-06,17:00:00,0.74767,0.74819,0.74603,0.74764,0,0
2015-07-06,18:00:00,0.74757,0.74831,0.74594,0.74718,0,0
2015-07-06,19:00:00,0.74721,0.74768,0.74543,0.74596,0,0
2015-07-06,20:00:00,0.74618,0.74618,0.7446,0.74508,0,0
2015-07-06,21:00:00,0.74508,0.74529,0.74382,0.74507,0,0
2015-07-06,22:00:00,0.74503,0.74546,0.74465,0.74495,0,0
2015-07-06,23:00:00,0.74491,0.74526,0.74474,0.74505,0,0
2015-07-06,23:59:00,0.74505,0.7454,0.74479,0.74531,0,0
2015-07-07,01:00:00,0.74535,0.74547,0.74492,0.7452,0,0
2015-07-07,02:00:00,0.7452,0.74533,0.74478,0.74488,0,0
2015-07-07,03:00:00,0.74486,0.74552,0.74486,0.74505,0,0
2015-07-07,04:00:00,0.74505,0.74589,0.74464,0.74565,0,0
2015-07-07,05:00:00,0.74563,0.74591,0.74501,0.74505,0,0
2015-07-07,06:00:00,0.74505,0.74558,0.74492,0.74548,0,0
2015-07-07,07:00:00,0.74548,0.74592,0.74539,0.7457,0,0
2015-07-07,08:00:00,0.7457,0.74606,0.74528,0.74528,0,0
2015-07-07,09:00:00,0.74528,0.74672,0.74524,0.74629,0,0
2015-07-07,10:00:00,0.74618,0.74661,0.74402,0.74489,0,0
2015-07-07,11:00:00,0.74489,0.74641,0.74425,0.74633,0,0
2015-07-07,12:00:00,0.74635,0.74673,0.74542,0.74627,0,0
2015-07-07,13:00:00,0.74628,0.7463,0.74514,0.74579,0,0
2015-07-07,14:00:00,0.74609,0.74673,0.74519,0.74578,0,0
2015-07-07,15:00:00,0.74578,0.74695,0.74447,0.7466,0,0
2015-07-07,16:00:00,0.74655,0.74683,0.74236,0.74267,0,0
2015-07-07,17:00:00,0.74278,0.74504,0.74253,0.74455,0,0
2015-07-07,18:00:00,0.74444,0.745,0.74281,0.74423,0,0
2015-07-07,19:00:00,0.74418,0.74477,0.74335,0.74463,0,0
2015-07-07,20:00:00,0.74457,0.74543,0.74376,0.74423,0,0
2015-07-07,21:00:00,0.74415,0.74439,0.74288,0.74384,0,0
2015-07-07,22:00:00,0.74378,0.74527,0.7434,0.74384,0,0
2015-07-07,23:00:00,0.74403,0.74523,0.74389,0.74523,0,0
2015-07-07,23:59:00,0.74514,0.74529,0.74442,0.74465,0,0
2015-07-08,01:00:00,0.74464,0.74512,0.74435,0.74446,0,0
2015-07-08,02:00:00,0.74447,0.74469,0.74375,0.7442,0,0
2015-07-08,03:00:00,0.7442,0.74435,0.7437,0.74387,0,0
2015-07-08,04:00:00,0.74392,0.74403,0.74273,0.7434,0,0
2015-07-08,05:00:00,0.7434,0.74375,0.74326,0.74365,0,0
2015-07-08,06:00:00,0.74365,0.7439,0.74285,0.74321,0,0
2015-07-08,07:00:00,0.7432,0.7437,0.7431,0.74316,0,0
2015-07-08,08:00:00,0.74315,0.74341,0.74256,0.74277,0,0
2015-07-08,09:00:00,0.74266,0.74289,0.74049,0.74073,0,0
2015-07-08,10:00:00,0.74082,0.7414,0.73984,0.73993,0,0
2015-07-08,11:00:00,0.73993,0.74101,0.7396,0.74054,0,0
2015-07-08,12:00:00,0.74065,0.74277,0.73977,0.74242,0,0
2015-07-08,13:00:00,0.74238,0.74464,0.74015,0.74464,0,0
2015-07-08,14:00:00,0.74459,0.74805,0.74451,0.74604,0,0
2015-07-08,15:00:00,0.74609,0.74676,0.7428,0.74434,0,0
2015-07-08,16:00:00,0.7443,0.74615,0.74361,0.74503,0,0
2015-07-08,17:00:00,0.74495,0.74703,0.74482,0.74644,0,0
2015-07-08,18:00:00,0.7465,0.74665,0.74325,0.74325,0,0
2015-07-08,19:00:00,0.74327,0.74463,0.74274,0.74325,0,0
2015-07-08,20:00:00,0.74324,0.74477,0.74246,0.74355,0,0
2015-07-08,21:00:00,0.74349,0.74376,0.74214,0.74214,0,0
2015-07-08,22:00:00,0.74227,0.74275,0.74192,0.74227,0,0
2015-07-08,23:00:00,0.74221,0.74245,0.74157,0.74158,0,0
2015-07-08,23:59:00,0.74161,0.7426,0.74161,0.74214,0,0
2015-07-09,01:00:00,0.74213,0.74231,0.74169,0.74211,0,0
2015-07-09,02:00:00,0.7421,0.74297,0.74194,0.74287,0,0
2015-07-09,03:00:00,0.74287,0.74287,0.74191,0.74247,0,0
2015-07-09,04:00:00,0.7425,0.7434,0.74245,0.74322,0,0
2015-07-09,05:00:00,0.74317,0.74373,0.7427,0.74296,0,0
2015-07-09,06:00:00,0.74297,0.74332,0.74289,0.74317,0,0
2015-07-09,07:00:00,0.74317,0.74337,0.74278,0.74303,0,0
2015-07-09,08:00:00,0.74315,0.74376,0.74279,0.74353,0,0
2015-07-09,09:00:00,0.74352,0.74384,0.74241,0.74252,0,0
2015-07-09,10:00:00,0.74257,0.74484,0.74226,0.74461,0,0
2015-07-09,11:00:00,0.74465,0.74655,0.74429,0.74643,0,0
2015-07-09,12:00:00,0.74642,0.74782,0.74574,0.74759,0,0
2015-07-09,13:00:00,0.74747,0.7478,0.74623,0.7465,0,0
2015-07-09,14:00:00,0.74645,0.74898,0.74643,0.74889,0,0
2015-07-09,15:00:00,0.74887,0.75037,0.74826,0.74957,0,0
2015-07-09,16:00:00,0.74956,0.74973,0.74555,0.74605,0,0
2015-07-09,17:00:00,0.74604,0.74604,0.74387,0.74387,0,0
2015-07-09,18:00:00,0.7438,0.74631,0.7437,0.74613,0,0
2015-07-09,19:00:00,0.74607,0.7469,0.74525,0.74528,0,0
2015-07-09,20:00:00,0.74535,0.74593,0.74453,0.74519,0,0
2015-07-09,21:00:00,0.7452,0.74614,0.74449,0.74581,0,0
2015-07-09,22:00:00,0.74577,0.74648,0.74532,0.74633,0,0
2015-07-09,23:00:00,0.74633,0.747,0.74578,0.74586,0,0
2015-07-09,23:59:00,0.74593,0.74716,0.74585,0.74612,0,0
2015-07-10,01:00:00,0.74608,0.74646,0.74561,0.74601,0,0
2015-07-10,02:00:00,0.74601,0.74639,0.7455,0.74575,0,0
2015-07-10,03:00:00,0.74569,0.74583,0.74526,0.74529,0,0
2015-07-10,04:00:00,0.74529,0.7455,0.74471,0.74521,0,0
2015-07-10,05:00:00,0.74518,0.74596,0.74505,0.74552,0,0
2015-07-10,06:00:00,0.74552,0.74613,0.74544,0.74605,0,0
2015-07-10,07:00:00,0.74606,0.74637,0.74582,0.74612,0,0
2015-07-10,08:00:00,0.74612,0.74656,0.74583,0.74648,0,0
2015-07-10,09:00:00,0.74653,0.74653,0.74502,0.74536,0,0
2015-07-10,10:00:00,0.74537,0.74606,0.73901,0.74051,0,0
2015-07-10,11:00:00,0.7405,0.74064,0.73779,0.73984,0,0
2015-07-10,12:00:00,0.73978,0.74014,0.73704,0.73813,0,0
2015-07-10,13:00:00,0.73814,0.73833,0.73675,0.73738,0,0
2015-07-10,14:00:00,0.73747,0.73778,0.73565,0.73644,0,0
2015-07-10,15:00:00,0.73644,0.7388,0.73526,0.73785,0,0
2015-07-10,16:00:00,0.73782,0.73845,0.73497,0.73644,0,0
2015-07-10,17:00:00,0.73626,0.73826,0.73594,0.73783,0,0
2015-07-10,18:00:00,0.73777,0.74037,0.73754,0.74025,0,0
2015-07-10,19:00:00,0.74032,0.74101,0.73951,0.74031,0,0
2015-07-10,20:00:00,0.74041,0.74058,0.7393,0.73959,0,0
2015-07-10,21:00:00,0.73962,0.74187,0.73962,0.74166,0,0
2015-07-10,22:00:00,0.74163,0.74201,0.74108,0.74137,0,0
2015-07-10,23:00:00,0.74133,0.74143,0.7413,0.7413,0,0
2015-07-13,01:00:00,0.73935,0.74157,0.73935,0.74091,0,0
2015-07-13,02:00:00,0.74093,0.74119,0.74041,0.74041,0,0
2015-07-13,03:00:00,0.74041,0.74086,0.73989,0.7399,0,0
2015-07-13,04:00:00,0.7399,0.74011,0.73928,0.73954,0,0
2015-07-13,05:00:00,0.73955,0.74028,0.73936,0.74013,0,0
2015-07-13,06:00:00,0.74013,0.74148,0.74012,0.74065,0,0
2015-07-13,07:00:00,0.74065,0.74071,0.74016,0.74053,0,0
2015-07-13,08:00:00,0.74052,0.74124,0.7404,0.74068,0,0
2015-07-13,09:00:00,0.74067,0.7408,0.7381,0.73883,0,0
2015-07-13,10:00:00,0.73877,0.74308,0.73877,0.74232,0,0
2015-07-13,11:00:00,0.74237,0.7453,0.74228,0.74406,0,0
2015-07-13,12:00:00,0.74417,0.74484,0.74342,0.74466,0,0
2015-07-13,13:00:00,0.74469,0.74513,0.74412,0.74493,0,0
2015-07-13,14:00:00,0.74487,0.7457,0.74463,0.74538,0,0
2015-07-13,15:00:00,0.74539,0.74582,0.74439,0.74442,0,0
2015-07-13,16:00:00,0.74443,0.74503,0.7427,0.7429,0,0
2015-07-13,17:00:00,0.74278,0.74403,0.74231,0.74389,0,0
2015-07-13,18:00:00,0.74373,0.74413,0.74275,0.74379,0,0
2015-07-13,19:00:00,0.74374,0.74474,0.7435,0.74454,0,0
2015-07-13,20:00:00,0.74432,0.74455,0.74375,0.7442,0,0
2015-07-13,21:00:00,0.74421,0.74516,0.74371,0.74493,0,0
2015-07-13,22:00:00,0.74507,0.74617,0.74476,0.74564,0,0
2015-07-13,23:00:00,0.7457,0.74633,0.74558,0.74577,0,0
2015-07-13,23:59:00,0.74574,0.74608,0.74558,0.74565,0,0
2015-07-14,01:00:00,0.74564,0.74615,0.74537,0.74561,0,0
2015-07-14,02:00:00,0.7456,0.7459,0.74526,0.74555,0,0
2015-07-14,03:00:00,0.74551,0.74697,0.74528,0.7465,0,0
2015-07-14,04:00:00,0.74643,0.7466,0.74585,0.74601,0,0
2015-07-14,05:00:00,0.74606,0.74627,0.74574,0.74616,0,0
2015-07-14,06:00:00,0.74614,0.74636,0.74569,0.74569,0,0
2015-07-14,07:00:00,0.74569,0.74583,0.74547,0.74572,0,0
2015-07-14,08:00:00,0.74571,0.7462,0.74527,0.7462,0,0
2015-07-14,09:00:00,0.74619,0.747,0.74391,0.74473,0,0
2015-07-14,10:00:00,0.74471,0.74564,0.74025,0.74073,0,0
2015-07-14,11:00:00,0.74076,0.74076,0.73724,0.73805,0,0
2015-07-14,12:00:00,0.7377,0.73968,0.73745,0.73837,0,0
2015-07-14,13:00:00,0.73838,0.73957,0.7375,0.73941,0,0
2015-07-14,14:00:00,0.73938,0.74023,0.73908,0.73995,0,0
2015-07-14,15:00:00,0.73992,0.74071,0.73825,0.73902,0,0
2015-07-14,16:00:00,0.73917,0.74141,0.73839,0.74126,0,0
2015-07-14,17:00:00,0.74143,0.74447,0.74077,0.74341,0,0
2015-07-14,18:00:00,0.74337,0.7434,0.74103,0.74209,0,0
2015-07-14,19:00:00,0.74219,0.7432,0.74182,0.74199,0,0
2015-07-14,20:00:00,0.74199,0.74248,0.74114,0.74162,0,0
2015-07-14,21:00:00,0.74169,0.74182,0.74099,0.74143,0,0
2015-07-14,22:00:00,0.74141,0.74219,0.74119,0.74197,0,0
2015-07-14,23:00:00,0.74203,0.74254,0.74174,0.74228,0,0
2015-07-14,23:59:00,0.74237,0.7427,0.74144,0.74244,0,0
2015-07-15,01:00:00,0.74243,0.74271,0.74189,0.74219,0,0
2015-07-15,02:00:00,0.74219,0.74278,0.74183,0.742,0,0
2015-07-15,03:00:00,0.742,0.74296,0.74195,0.74252,0,0
2015-07-15,04:00:00,0.74272,0.74293,0.74241,0.74288,0,0
2015-07-15,05:00:00,0.7429,0.74318,0.74245,0.74271,0,0
2015-07-15,06:00:00,0.74272,0.74285,0.74236,0.74245,0,0
2015-07-15,07:00:00,0.74245,0.74265,0.74221,0.74239,0,0
2015-07-15,08:00:00,0.74239,0.74276,0.74211,0.74243,0,0
2015-07-15,09:00:00,0.7424,0.7428,0.74172,0.74226,0,0
2015-07-15,10:00:00,0.74231,0.74297,0.7412,0.74155,0,0
2015-07-15,11:00:00,0.74154,0.74209,0.7409,0.74185,0,0
2015-07-15,12:00:00,0.74173,0.74283,0.74156,0.74233,0,0
2015-07-15,13:00:00,0.74231,0.74269,0.74158,0.74262,0,0
2015-07-15,14:00:00,0.74263,0.74504,0.74263,0.7448,0,0
2015-07-15,15:00:00,0.74479,0.74514,0.7429,0.74317,0,0
2015-07-15,16:00:00,0.74315,0.74491,0.74261,0.74387,0,0
2015-07-15,17:00:00,0.74377,0.74377,0.73623,0.73879,0,0
2015-07-15,18:00:00,0.73881,0.73923,0.7359,0.73607,0,0
2015-07-15,19:00:00,0.73614,0.73634,0.73528,0.73586,0,0
2015-07-15,20:00:00,0.7358,0.73699,0.73559,0.7356,0,0
2015-07-15,21:00:00,0.73563,0.73667,0.73545,0.73667,0,0
2015-07-15,22:00:00,0.73656,0.73732,0.73592,0.73653,0,0
2015-07-15,23:00:00,0.73645,0.73774,0.73633,0.73712,0,0
2015-07-15,23:59:00,0.73721,0.73733,0.73677,0.73702,0,0
2015-07-16,01:00:00,0.73706,0.73745,0.73675,0.7372,0,0
2015-07-16,02:00:00,0.7372,0.7372,0.73654,0.73697,0,0
2015-07-16,03:00:00,0.73697,0.73713,0.73645,0.73654,0,0
2015-07-16,04:00:00,0.73654,0.7373,0.73634,0.73692,0,0
2015-07-16,05:00:00,0.73691,0.73738,0.73646,0.73707,0,0
2015-07-16,06:00:00,0.73708,0.73773,0.73696,0.73724,0,0
2015-07-16,07:00:00,0.73723,0.73763,0.73714,0.73751,0,0
2015-07-16,08:00:00,0.73747,0.73888,0.73731,0.73871,0,0
2015-07-16,09:00:00,0.73852,0.73899,0.73797,0.73825,0,0
2015-07-16,10:00:00,0.73837,0.73967,0.73722,0.73938,0,0
2015-07-16,11:00:00,0.73942,0.73951,0.73829,0.73871,0,0
2015-07-16,12:00:00,0.73877,0.7395,0.73819,0.73832,0,0
2015-07-16,13:00:00,0.73841,0.73954,0.73824,0.73922,0,0
2015-07-16,14:00:00,0.73918,0.74027,0.73868,0.73936,0,0
2015-07-16,15:00:00,0.73931,0.74127,0.73834,0.74106,0,0
2015-07-16,16:00:00,0.74109,0.74123,0.73881,0.73953,0,0
2015-07-16,17:00:00,0.73913,0.74002,0.73832,0.73839,0,0
2015-07-16,18:00:00,0.73846,0.73965,0.73809,0.73915,0,0
2015-07-16,19:00:00,0.73915,0.7401,0.7388,0.73984,0,0
2015-07-16,20:00:00,0.73987,0.74012,0.7387,0.73896,0,0
2015-07-16,21:00:00,0.7389,0.73959,0.73845,0.73857,0,0
2015-07-16,22:00:00,0.7386,0.73912,0.73827,0.73836,0,0
2015-07-16,23:00:00,0.73829,0.73941,0.7382,0.7392,0,0
2015-07-16,23:59:00,0.73918,0.73926,0.73855,0.73897,0,0
2015-07-17,01:00:00,0.73897,0.73952,0.73833,0.73844,0,0
2015-07-17,02:00:00,0.73842,0.73895,0.73818,0.73821,0,0
2015-07-17,03:00:00,0.73824,0.73852,0.73798,0.73804,0,0
2015-07-17,04:00:00,0.73803,0.73854,0.73769,0.73779,0,0
2015-07-17,05:00:00,0.73779,0.73842,0.73773,0.73779,0,0
2015-07-17,06:00:00,0.73779,0.73884,0.73771,0.73829,0,0
2015-07-17,07:00:00,0.73828,0.73875,0.73819,0.73841,0,0
2015-07-17,08:00:00,0.73841,0.73877,0.73794,0.73851,0,0
2015-07-17,09:00:00,0.73849,0.73923,0.73811,0.73866,0,0
2015-07-17,10:00:00,0.73876,0.73927,0.7377,0.73794,0,0
2015-07-17,11:00:00,0.73796,0.73827,0.73713,0.73778,0,0
2015-07-17,12:00:00,0.73777,0.73845,0.73747,0.73787,0,0
2015-07-17,13:00:00,0.73787,0.73913,0.73772,0.73858,0,0
2015-07-17,14:00:00,0.7386,0.73932,0.73799,0.73803,0,0
2015-07-17,15:00:00,0.73805,0.73994,0.73781,0.7391,0,0
2015-07-17,16:00:00,0.73911,0.74054,0.73871,0.73897,0,0
2015-07-17,17:00:00,0.73905,0.74049,0.73896,0.73975,0,0
2015-07-17,18:00:00,0.7397,0.73986,0.73862,0.73936,0,0
2015-07-17,19:00:00,0.7394,0.73956,0.73876,0.73912,0,0
2015-07-17,20:00:00,0.73921,0.73963,0.73902,0.73946,0,0
2015-07-17,21:00:00,0.73946,0.74028,0.73934,0.73969,0,0
2015-07-17,22:00:00,0.73964,0.73987,0.73939,0.73963,0,0
2015-07-17,23:00:00,0.73965,0.73971,0.73959,0.73971,0,0
2015-07-20,01:00:00,0.74082,0.74126,0.74016,0.74022,0,0
2015-07-20,02:00:00,0.74024,0.74118,0.74017,0.74105,0,0
2015-07-20,03:00:00,0.74106,0.74115,0.74014,0.74053,0,0
2015-07-20,04:00:00,0.74053,0.74088,0.74033,0.74084,0,0
2015-07-20,05:00:00,0.74088,0.74146,0.74078,0.74089,0,0
2015-07-20,06:00:00,0.74093,0.74114,0.7406,0.74114,0,0
2015-07-20,07:00:00,0.74114,0.74177,0.74095,0.74166,0,0
2015-07-20,08:00:00,0.74158,0.7421,0.74136,0.7421,0,0
2015-07-20,09:00:00,0.74205,0.74293,0.74176,0.74233,0,0
2015-07-20,10:00:00,0.74271,0.74271,0.74088,0.7414,0,0
2015-07-20,11:00:00,0.74134,0.74177,0.74074,0.74135,0,0
2015-07-20,12:00:00,0.74147,0.74198,0.74121,0.74149,0,0
2015-07-20,13:00:00,0.74144,0.74201,0.74061,0.74099,0,0
2015-07-20,14:00:00,0.74097,0.74138,0.74034,0.74068,0,0
2015-07-20,15:00:00,0.74059,0.74245,0.74044,0.74136,0,0
2015-07-20,16:00:00,0.74144,0.74238,0.74038,0.74107,0,0
2015-07-20,17:00:00,0.74091,0.74212,0.73971,0.74203,0,0
2015-07-20,18:00:00,0.74202,0.74235,0.74121,0.74198,0,0
2015-07-20,19:00:00,0.74189,0.74239,0.74139,0.74164,0,0
2015-07-20,20:00:00,0.74164,0.74197,0.74127,0.74158,0,0
2015-07-20,21:00:00,0.74157,0.74225,0.74153,0.74162,0,0
2015-07-20,22:00:00,0.74165,0.74194,0.74135,0.74147,0,0
2015-07-20,23:00:00,0.74141,0.74234,0.74141,0.7423,0,0
2015-07-20,23:59:00,0.74232,0.74243,0.74178,0.74186,0,0
