Date,Time,Open,High,Low,Close,Volume,OpenInt
2015-04-22,01:00:00,0.75844,0.75903,0.75844,0.7588,0,0
2015-04-22,02:00:00,0.7588,0.75892,0.75852,0.75891,0,0
2015-04-22,03:00:00,0.75893,0.75969,0.75877,0.75955,0,0
2015-04-22,04:00:00,0.75955,0.76004,0.75932,0.75991,0,0
2015-04-22,05:00:00,0.75992,0.76018,0.75966,0.75985,0,0
2015-04-22,06:00:00,0.75986,0.76018,0.75981,0.75985,0,0
2015-04-22,07:00:00,0.75984,0.76003,0.75955,0.75994,0,0
2015-04-22,08:00:00,0.75993,0.76011,0.75925,0.75983,0,0
2015-04-22,09:00:00,0.75979,0.76002,0.75807,0.75821,0,0
2015-04-22,10:00:00,0.75812,0.76031,0.75812,0.76029,0,0
2015-04-22,11:00:00,0.76029,0.76029,0.75774,0.75856,0,0
2015-04-22,12:00:00,0.75874,0.75888,0.75749,0.75859,0,0
2015-04-22,13:00:00,0.75858,0.75931,0.75818,0.75882,0,0
2015-04-22,14:00:00,0.75872,0.75963,0.7586,0.75956,0,0
2015-04-22,15:00:00,0.75956,0.76206,0.7593,0.76147,0,0
2015-04-22,16:00:00,0.76145,0.76231,0.76067,0.76095,0,0
2015-04-22,17:00:00,0.76092,0.76171,0.7601,0.76113,0,0
2015-04-22,18:00:00,0.76113,0.76166,0.76014,0.76092,0,0
2015-04-22,19:00:00,0.76098,0.76205,0.7606,0.76193,0,0
2015-04-22,20:00:00,0.7619,0.76192,0.76096,0.76151,0,0
2015-04-22,21:00:00,0.7615,0.76206,0.76082,0.7611,0,0
2015-04-22,22:00:00,0.76113,0.76261,0.76107,0.76238,0,0
2015-04-22,23:00:00,0.7624,0.76256,0.7616,0.76186,0,0
2015-04-22,23:59:00,0.76186,0.76216,0.76152,0.76157,0,0
2015-04-23,01:00:00,0.76157,0.76192,0.76134,0.7618,0,0
2015-04-23,02:00:00,0.7618,0.76193,0.76137,0.76149,0,0
2015-04-23,03:00:00,0.76148,0.76229,0.76137,0.76173,0,0
2015-04-23,04:00:00,0.76169,0.76248,0.76152,0.76227,0,0
2015-04-23,05:00:00,0.76226,0.76262,0.76197,0.76224,0,0
2015-04-23,06:00:00,0.76221,0.76279,0.76221,0.76255,0,0
2015-04-23,07:00:00,0.76255,0.76319,0.7622,0.76306,0,0
2015-04-23,08:00:00,0.76306,0.76307,0.76226,0.76273,0,0
2015-04-23,09:00:00,0.76273,0.76383,0.7625,0.76261,0,0
2015-04-23,10:00:00,0.76265,0.76453,0.76265,0.76408,0,0
2015-04-23,11:00:00,0.76408,0.76419,0.76064,0.76111,0,0
2015-04-23,12:00:00,0.76113,0.762,0.75976,0.75976,0,0
2015-04-23,13:00:00,0.75988,0.76087,0.75913,0.76049,0,0
2015-04-23,14:00:00,0.76052,0.76136,0.75916,0.75945,0,0
2015-04-23,15:00:00,0.75943,0.76004,0.75839,0.75957,0,0
2015-04-23,16:00:00,0.75958,0.76181,0.75866,0.76125,0,0
2015-04-23,17:00:00,0.76135,0.76217,0.75975,0.76128,0,0
2015-04-23,18:00:00,0.76127,0.76239,0.76111,0.76209,0,0
2015-04-23,19:00:00,0.76209,0.7623,0.76118,0.76137,0,0
2015-04-23,20:00:00,0.76137,0.76137,0.75957,0.76055,0,0
2015-04-23,21:00:00,0.76054,0.76085,0.75938,0.76081,0,0
2015-04-23,22:00:00,0.76084,0.76084,0.75997,0.76055,0,0
2015-04-23,23:00:00,0.76051,0.76106,0.76002,0.76071,0,0
2015-04-23,23:59:00,0.76067,0.76095,0.76034,0.76053,0,0
2015-04-24,01:00:00,0.76059,0.76096,0.76057,0.76087,0,0
2015-04-24,02:00:00,0.76081,0.76129,0.76061,0.76121,0,0
2015-04-24,03:00:00,0.76116,0.76145,0.76064,0.7608,0,0
2015-04-24,04:00:00,0.76077,0.76123,0.76075,0.76107,0,0
2015-04-24,05:00:00,0.76111,0.76214,0.76111,0.76204,0,0
2015-04-24,06:00:00,0.76204,0.76284,0.76199,0.76262,0,0
2015-04-24,07:00:00,0.76253,0.76267,0.76195,0.76202,0,0
2015-04-24,08:00:00,0.76201,0.76201,0.76105,0.76132,0,0
2015-04-24,09:00:00,0.76121,0.76174,0.75764,0.75814,0,0
2015-04-24,10:00:00,0.75814,0.75898,0.75651,0.75762,0,0
2015-04-24,11:00:00,0.75762,0.7585,0.75681,0.7577,0,0
2015-04-24,12:00:00,0.75774,0.75936,0.75764,0.75936,0,0
2015-04-24,13:00:00,0.75941,0.76233,0.75941,0.76185,0,0
2015-04-24,14:00:00,0.76185,0.76212,0.76073,0.76195,0,0
2015-04-24,15:00:00,0.76189,0.76239,0.75978,0.76125,0,0
2015-04-24,16:00:00,0.76124,0.76159,0.75826,0.76029,0,0
2015-04-24,17:00:00,0.76036,0.76054,0.75617,0.75631,0,0
2015-04-24,18:00:00,0.75631,0.75694,0.75542,0.75568,0,0
2015-04-24,19:00:00,0.75568,0.75669,0.75568,0.75669,0,0
2015-04-24,20:00:00,0.75662,0.75716,0.7562,0.75657,0,0
2015-04-24,21:00:00,0.75659,0.75712,0.75598,0.75612,0,0
2015-04-24,22:00:00,0.75612,0.75656,0.75568,0.75619,0,0
2015-04-24,23:00:00,0.75616,0.75635,0.75615,0.75634,0,0
2015-04-27,01:00:00,0.75529,0.75565,0.75509,0.75552,0,0
2015-04-27,02:00:00,0.75551,0.75616,0.75546,0.75609,0,0
2015-04-27,03:00:00,0.75609,0.75689,0.75576,0.75663,0,0
2015-04-27,04:00:00,0.75661,0.75743,0.75648,0.75743,0,0
2015-04-27,05:00:00,0.75743,0.75763,0.75709,0.75734,0,0
2015-04-27,06:00:00,0.75734,0.7577,0.75724,0.75739,0,0
2015-04-27,07:00:00,0.75735,0.75752,0.75714,0.75739,0,0
2015-04-27,08:00:00,0.75736,0.75751,0.75617,0.75645,0,0
2015-04-27,09:00:00,0.75644,0.75678,0.75541,0.75643,0,0
2015-04-27,10:00:00,0.75642,0.75721,0.75524,0.7561,0,0
2015-04-27,11:00:00,0.75607,0.75848,0.75584,0.75822,0,0
2015-04-27,12:00:00,0.75818,0.75872,0.75763,0.75847,0,0
2015-04-27,13:00:00,0.75847,0.75965,0.75838,0.75868,0,0
2015-04-27,14:00:00,0.75864,0.75926,0.75828,0.75911,0,0
2015-04-27,15:00:00,0.75908,0.76019,0.75803,0.75808,0,0
2015-04-27,16:00:00,0.7581,0.76025,0.75804,0.76002,0,0
2015-04-27,17:00:00,0.76006,0.76149,0.75917,0.75968,0,0
2015-04-27,18:00:00,0.75959,0.75959,0.75787,0.75848,0,0
2015-04-27,19:00:00,0.75848,0.75901,0.75703,0.75764,0,0
2015-04-27,20:00:00,0.75764,0.75916,0.75731,0.75897,0,0
2015-04-27,21:00:00,0.75888,0.76029,0.75847,0.76029,0,0
2015-04-27,22:00:00,0.76026,0.76026,0.75886,0.75888,0,0
2015-04-27,23:00:00,0.75887,0.76001,0.75887,0.7597,0,0
2015-04-27,23:59:00,0.7597,0.76014,0.75928,0.7599,0,0
2015-04-28,01:00:00,0.75991,0.76075,0.7597,0.76023,0,0
2015-04-28,02:00:00,0.76033,0.76054,0.76013,0.76021,0,0
2015-04-28,03:00:00,0.76021,0.76058,0.76001,0.76003,0,0
2015-04-28,04:00:00,0.76001,0.76032,0.75964,0.75984,0,0
2015-04-28,05:00:00,0.75983,0.76001,0.75963,0.75988,0,0
2015-04-28,06:00:00,0.75988,0.75994,0.75949,0.75954,0,0
2015-04-28,07:00:00,0.75948,0.75973,0.75932,0.7596,0,0
2015-04-28,08:00:00,0.75961,0.75978,0.75918,0.75944,0,0
2015-04-28,09:00:00,0.75939,0.75986,0.75892,0.75941,0,0
2015-04-28,10:00:00,0.7594,0.76007,0.75882,0.75901,0,0
2015-04-28,11:00:00,0.75898,0.75988,0.75808,0.75813,0,0
2015-04-28,12:00:00,0.75813,0.75907,0.75767,0.75906,0,0
2015-04-28,13:00:00,0.75906,0.75939,0.75769,0.75787,0,0
2015-04-28,14:00:00,0.75787,0.75843,0.75745,0.75782,0,0
2015-04-28,15:00:00,0.75777,0.75889,0.75748,0.75859,0,0
2015-04-28,16:00:00,0.75859,0.75884,0.75627,0.75683,0,0
2015-04-28,17:00:00,0.75687,0.75792,0.75617,0.75685,0,0
2015-04-28,18:00:00,0.75678,0.7579,0.75672,0.75774,0,0
2015-04-28,19:00:00,0.75774,0.7585,0.7576,0.75808,0,0
2015-04-28,20:00:00,0.75812,0.75833,0.75651,0.75673,0,0
2015-04-28,21:00:00,0.75668,0.75749,0.75653,0.75716,0,0
2015-04-28,22:00:00,0.75718,0.75852,0.75708,0.75748,0,0
2015-04-28,23:00:00,0.75748,0.75766,0.75664,0.75678,0,0
2015-04-28,23:59:00,0.75678,0.75782,0.75678,0.75767,0,0
2015-04-29,01:00:00,0.75738,0.75752,0.7571,0.75732,0,0
2015-04-29,02:00:00,0.75732,0.75762,0.75724,0.75735,0,0
2015-04-29,03:00:00,0.75734,0.7575,0.7565,0.75673,0,0
2015-04-29,04:00:00,0.75673,0.75726,0.75663,0.7571,0,0
2015-04-29,05:00:00,0.75711,0.75729,0.75687,0.75708,0,0
2015-04-29,06:00:00,0.75708,0.75736,0.75702,0.75736,0,0
2015-04-29,07:00:00,0.75736,0.75793,0.75733,0.75777,0,0
2015-04-29,08:00:00,0.75772,0.75801,0.75758,0.75783,0,0
2015-04-29,09:00:00,0.75783,0.75816,0.7572,0.75767,0,0
2015-04-29,10:00:00,0.75759,0.75797,0.75618,0.75666,0,0
2015-04-29,11:00:00,0.75664,0.75664,0.75537,0.75568,0,0
2015-04-29,12:00:00,0.75567,0.75627,0.75331,0.75333,0,0
2015-04-29,13:00:00,0.75333,0.7542,0.75269,0.75416,0,0
2015-04-29,14:00:00,0.75416,0.75481,0.75338,0.75416,0,0
2015-04-29,15:00:00,0.75416,0.75519,0.75236,0.75448,0,0
2015-04-29,16:00:00,0.75448,0.75519,0.75277,0.75422,0,0
2015-04-29,17:00:00,0.75418,0.75435,0.74899,0.74992,0,0
2015-04-29,18:00:00,0.74978,0.75017,0.74818,0.74872,0,0
2015-04-29,19:00:00,0.74872,0.74944,0.74824,0.74922,0,0
2015-04-29,20:00:00,0.74931,0.74939,0.74692,0.74696,0,0
2015-04-29,21:00:00,0.74696,0.7502,0.74696,0.74908,0,0
2015-04-29,22:00:00,0.74906,0.74993,0.74862,0.74862,0,0
2015-04-29,23:00:00,0.74854,0.7489,0.74768,0.74768,0,0
2015-04-29,23:59:00,0.74768,0.74897,0.74754,0.74862,0,0
2015-04-30,01:00:00,0.74859,0.74879,0.74827,0.74853,0,0
2015-04-30,02:00:00,0.74853,0.74871,0.74838,0.7486,0,0
2015-04-30,03:00:00,0.7486,0.7489,0.74838,0.74888,0,0
2015-04-30,04:00:00,0.74887,0.74889,0.74748,0.74751,0,0
2015-04-30,05:00:00,0.74747,0.74802,0.74743,0.74795,0,0
2015-04-30,06:00:00,0.74794,0.74852,0.74791,0.74847,0,0
2015-04-30,07:00:00,0.74847,0.74879,0.7482,0.7486,0,0
2015-04-30,08:00:00,0.7486,0.74955,0.74859,0.74954,0,0
2015-04-30,09:00:00,0.75022,0.75022,0.74734,0.7477,0,0
2015-04-30,10:00:00,0.74768,0.74808,0.74194,0.7422,0,0
2015-04-30,11:00:00,0.7422,0.74327,0.7401,0.74174,0,0
2015-04-30,12:00:00,0.74186,0.74338,0.74084,0.74337,0,0
2015-04-30,13:00:00,0.74334,0.74476,0.74186,0.74189,0,0
2015-04-30,14:00:00,0.74192,0.7429,0.74122,0.7424,0,0
2015-04-30,15:00:00,0.7424,0.74554,0.74137,0.74397,0,0
2015-04-30,16:00:00,0.74398,0.74542,0.74317,0.74392,0,0
2015-04-30,17:00:00,0.74389,0.74404,0.73695,0.73708,0,0
2015-04-30,18:00:00,0.73711,0.73925,0.7351,0.73925,0,0
2015-04-30,19:00:00,0.73933,0.73965,0.737,0.7375,0,0
2015-04-30,20:00:00,0.73748,0.73899,0.73735,0.73889,0,0
2015-04-30,21:00:00,0.73893,0.739,0.73449,0.73493,0,0
2015-04-30,22:00:00,0.73485,0.73854,0.73427,0.73846,0,0
2015-04-30,23:00:00,0.73834,0.73907,0.73783,0.73783,0,0
2015-04-30,23:59:00,0.73783,0.73914,0.73772,0.7388,0,0
2015-05-01,01:00:00,0.73877,0.73891,0.73813,0.73838,0,0
2015-05-01,02:00:00,0.73837,0.73864,0.738,0.73839,0,0
2015-05-01,03:00:00,0.73839,0.73852,0.73748,0.73814,0,0
2015-05-01,04:00:00,0.73812,0.73812,0.73742,0.73759,0,0
2015-05-01,05:00:00,0.73759,0.73795,0.73733,0.73793,0,0
2015-05-01,06:00:00,0.73793,0.73795,0.73766,0.73786,0,0
2015-05-01,07:00:00,0.73786,0.7383,0.73755,0.73814,0,0
2015-05-01,08:00:00,0.73819,0.73825,0.73743,0.7375,0,0
2015-05-01,09:00:00,0.73751,0.73849,0.73559,0.73565,0,0
2015-05-01,10:00:00,0.73562,0.73629,0.73468,0.73519,0,0
2015-05-01,11:00:00,0.73513,0.73558,0.73409,0.73433,0,0
2015-05-01,12:00:00,0.73427,0.73596,0.73361,0.73589,0,0
2015-05-01,13:00:00,0.73596,0.73609,0.73327,0.73359,0,0
2015-05-01,14:00:00,0.73348,0.73407,0.73284,0.73343,0,0
2015-05-01,15:00:00,0.73343,0.73372,0.73169,0.73246,0,0
2015-05-01,16:00:00,0.7325,0.73373,0.72992,0.7308,0,0
2015-05-01,17:00:00,0.73071,0.73306,0.72974,0.7328,0,0
2015-05-01,18:00:00,0.7328,0.73372,0.73259,0.73271,0,0
2015-05-01,19:00:00,0.73271,0.73464,0.73257,0.73457,0,0
2015-05-01,20:00:00,0.73456,0.73461,0.7337,0.73419,0,0
2015-05-01,21:00:00,0.73418,0.73468,0.73398,0.73412,0,0
2015-05-01,22:00:00,0.73414,0.73416,0.73257,0.73385,0,0
2015-05-01,23:00:00,0.73378,0.73389,0.73343,0.73353,0,0
2015-05-04,01:00:00,0.73443,0.73526,0.73415,0.73491,0,0
2015-05-04,02:00:00,0.73491,0.73508,0.7346,0.7348,0,0
2015-05-04,03:00:00,0.7348,0.73489,0.73412,0.73442,0,0
2015-05-04,04:00:00,0.73442,0.73442,0.73346,0.73369,0,0
2015-05-04,05:00:00,0.73369,0.73415,0.7336,0.73393,0,0
2015-05-04,06:00:00,0.73393,0.73427,0.73386,0.73418,0,0
2015-05-04,07:00:00,0.73419,0.73432,0.73399,0.73416,0,0
2015-05-04,08:00:00,0.73416,0.73424,0.7336,0.73378,0,0
2015-05-04,09:00:00,0.73381,0.73529,0.73323,0.73487,0,0
2015-05-04,10:00:00,0.73487,0.73721,0.73458,0.7371,0,0
2015-05-04,11:00:00,0.73713,0.73906,0.73713,0.73904,0,0
2015-05-04,12:00:00,0.73906,0.74061,0.73866,0.74061,0,0
2015-05-04,13:00:00,0.74061,0.74096,0.74,0.74077,0,0
2015-05-04,14:00:00,0.74075,0.74158,0.7403,0.74039,0,0
2015-05-04,15:00:00,0.74039,0.74046,0.73928,0.73951,0,0
2015-05-04,16:00:00,0.7395,0.7396,0.73835,0.73941,0,0
2015-05-04,17:00:00,0.73935,0.74071,0.73894,0.73929,0,0
2015-05-04,18:00:00,0.73945,0.74127,0.73921,0.74106,0,0
2015-05-04,19:00:00,0.74106,0.74108,0.73982,0.74002,0,0
2015-05-04,20:00:00,0.73998,0.74052,0.73965,0.74029,0,0
2015-05-04,21:00:00,0.74029,0.7422,0.74003,0.74186,0,0
2015-05-04,22:00:00,0.74188,0.74237,0.74142,0.74142,0,0
2015-05-04,23:00:00,0.74143,0.74226,0.74143,0.74174,0,0
2015-05-04,23:59:00,0.74165,0.74208,0.74156,0.74188,0,0
2015-05-05,01:00:00,0.74193,0.74198,0.74152,0.74185,0,0
2015-05-05,02:00:00,0.74186,0.74198,0.74149,0.7417,0,0
2015-05-05,03:00:00,0.7417,0.74198,0.74113,0.74118,0,0
2015-05-05,04:00:00,0.74117,0.74135,0.74083,0.74133,0,0
2015-05-05,05:00:00,0.74133,0.74133,0.741,0.74115,0,0
2015-05-05,06:00:00,0.74115,0.74142,0.74111,0.74131,0,0
2015-05-05,07:00:00,0.74129,0.74193,0.741,0.74175,0,0
2015-05-05,08:00:00,0.74174,0.74186,0.74127,0.74135,0,0
2015-05-05,09:00:00,0.74137,0.74365,0.74075,0.74352,0,0
2015-05-05,10:00:00,0.74352,0.74475,0.74277,0.74468,0,0
2015-05-05,11:00:00,0.74468,0.74547,0.74353,0.74367,0,0
2015-05-05,12:00:00,0.74375,0.74534,0.74334,0.74355,0,0
2015-05-05,13:00:00,0.74361,0.74492,0.74302,0.74309,0,0
2015-05-05,14:00:00,0.74309,0.74395,0.74211,0.74395,0,0
2015-05-05,15:00:00,0.74395,0.74475,0.74135,0.74353,0,0
2015-05-05,16:00:00,0.74351,0.74603,0.74308,0.74409,0,0
2015-05-05,17:00:00,0.74396,0.74596,0.74308,0.74459,0,0
2015-05-05,18:00:00,0.74459,0.74501,0.74173,0.74322,0,0
2015-05-05,19:00:00,0.74335,0.74339,0.74129,0.74166,0,0
2015-05-05,20:00:00,0.74166,0.74166,0.74058,0.74144,0,0
2015-05-05,21:00:00,0.74143,0.7416,0.7398,0.74008,0,0
2015-05-05,22:00:00,0.74011,0.74064,0.73966,0.74028,0,0
2015-05-05,23:00:00,0.74025,0.74105,0.74005,0.74078,0,0
2015-05-05,23:59:00,0.74078,0.74126,0.74035,0.7407,0,0
2015-05-06,01:00:00,0.74065,0.74077,0.74021,0.74046,0,0
2015-05-06,02:00:00,0.74046,0.74071,0.74021,0.74068,0,0
2015-05-06,03:00:00,0.74074,0.74074,0.73998,0.74012,0,0
2015-05-06,04:00:00,0.74013,0.74066,0.73985,0.7404,0,0
2015-05-06,05:00:00,0.7404,0.74084,0.74013,0.74013,0,0
2015-05-06,06:00:00,0.74016,0.74048,0.73916,0.73998,0,0
2015-05-06,07:00:00,0.73997,0.74029,0.7396,0.73967,0,0
2015-05-06,08:00:00,0.73967,0.73978,0.73916,0.73936,0,0
2015-05-06,09:00:00,0.73934,0.73983,0.73775,0.73819,0,0
2015-05-06,10:00:00,0.73819,0.7397,0.73736,0.73898,0,0
2015-05-06,11:00:00,0.73898,0.74059,0.73851,0.74052,0,0
2015-05-06,12:00:00,0.74052,0.7423,0.74024,0.74077,0,0
2015-05-06,13:00:00,0.74077,0.74096,0.73967,0.74015,0,0
2015-05-06,14:00:00,0.74024,0.74157,0.7399,0.74131,0,0
2015-05-06,15:00:00,0.74132,0.74134,0.73825,0.73825,0,0
2015-05-06,16:00:00,0.73829,0.73869,0.7352,0.73573,0,0
2015-05-06,17:00:00,0.7357,0.73719,0.73527,0.73599,0,0
2015-05-06,18:00:00,0.73597,0.73655,0.73379,0.73398,0,0
2015-05-06,19:00:00,0.73395,0.73422,0.73271,0.73389,0,0
2015-05-06,20:00:00,0.73389,0.73391,0.73207,0.73248,0,0
2015-05-06,21:00:00,0.73248,0.73261,0.73052,0.73128,0,0
2015-05-06,22:00:00,0.73128,0.73209,0.73114,0.73183,0,0
2015-05-06,23:00:00,0.73184,0.73253,0.73157,0.73157,0,0
2015-05-06,23:59:00,0.73155,0.73226,0.73149,0.73202,0,0
2015-05-07,01:00:00,0.73208,0.73252,0.73191,0.73225,0,0
2015-05-07,02:00:00,0.73225,0.73256,0.73205,0.7323,0,0
2015-05-07,03:00:00,0.73232,0.73275,0.73207,0.73244,0,0
2015-05-07,04:00:00,0.73245,0.73273,0.7319,0.73236,0,0
2015-05-07,05:00:00,0.73236,0.73238,0.73176,0.73224,0,0
2015-05-07,06:00:00,0.73225,0.7323,0.73177,0.73196,0,0
2015-05-07,07:00:00,0.73196,0.73218,0.73183,0.73193,0,0
2015-05-07,08:00:00,0.73194,0.73219,0.73076,0.73098,0,0
2015-05-07,09:00:00,0.73098,0.73166,0.73043,0.73132,0,0
2015-05-07,10:00:00,0.73132,0.73159,0.72869,0.72901,0,0
2015-05-07,11:00:00,0.72901,0.73051,0.72879,0.72931,0,0
2015-05-07,12:00:00,0.72941,0.7297,0.72641,0.72842,0,0
2015-05-07,13:00:00,0.72842,0.73085,0.72841,0.73032,0,0
2015-05-07,14:00:00,0.73032,0.73254,0.72967,0.73247,0,0
2015-05-07,15:00:00,0.73247,0.73444,0.73217,0.73316,0,0
2015-05-07,16:00:00,0.73316,0.73338,0.7314,0.73179,0,0
2015-05-07,17:00:00,0.73185,0.73235,0.7299,0.73092,0,0
2015-05-07,18:00:00,0.73093,0.73105,0.72937,0.72999,0,0
2015-05-07,19:00:00,0.73004,0.73068,0.72935,0.73038,0,0
2015-05-07,20:00:00,0.73035,0.73118,0.72998,0.7303,0,0
2015-05-07,21:00:00,0.73037,0.73155,0.72993,0.73114,0,0
2015-05-07,22:00:00,0.73127,0.73217,0.73127,0.73197,0,0
2015-05-07,23:00:00,0.73211,0.73239,0.73141,0.73169,0,0
2015-05-07,23:59:00,0.73167,0.73452,0.73124,0.7337,0,0
2015-05-08,01:00:00,0.73356,0.73546,0.73356,0.73461,0,0
2015-05-08,02:00:00,0.73462,0.73519,0.73417,0.73457,0,0
2015-05-08,03:00:00,0.73457,0.73459,0.73382,0.73441,0,0
2015-05-08,04:00:00,0.73441,0.73512,0.73378,0.735,0,0
2015-05-08,05:00:00,0.73499,0.73679,0.73461,0.73678,0,0
2015-05-08,06:00:00,0.73677,0.73703,0.73654,0.73679,0,0
2015-05-08,07:00:00,0.73679,0.73681,0.736,0.73645,0,0
2015-05-08,08:00:00,0.73645,0.73675,0.73585,0.73645,0,0
2015-05-08,09:00:00,0.73645,0.73827,0.73633,0.73787,0,0
2015-05-08,10:00:00,0.7379,0.73828,0.73619,0.73653,0,0
2015-05-08,11:00:00,0.73653,0.73653,0.73461,0.73589,0,0
2015-05-08,12:00:00,0.73594,0.73616,0.73516,0.73545,0,0
2015-05-08,13:00:00,0.73552,0.73702,0.73533,0.73643,0,0
2015-05-08,14:00:00,0.73649,0.73684,0.73574,0.73604,0,0
2015-05-08,15:00:00,0.73604,0.73726,0.7325,0.73442,0,0
2015-05-08,16:00:00,0.73441,0.73593,0.7341,0.73536,0,0
2015-05-08,17:00:00,0.73546,0.73629,0.7343,0.7343,0,0
2015-05-08,18:00:00,0.73434,0.73634,0.73434,0.73599,0,0
2015-05-08,19:00:00,0.73605,0.73783,0.73581,0.73682,0,0
2015-05-08,20:00:00,0.73682,0.73803,0.73675,0.73745,0,0
2015-05-08,21:00:00,0.73745,0.73867,0.73735,0.73786,0,0
2015-05-08,22:00:00,0.73787,0.73827,0.73751,0.73803,0,0
2015-05-08,23:00:00,0.73803,0.73812,0.73803,0.73812,0,0
2015-05-11,01:00:00,0.73853,0.73902,0.73841,0.73848,0,0
2015-05-11,02:00:00,0.73848,0.73891,0.73844,0.73876,0,0
2015-05-11,03:00:00,0.73875,0.73982,0.73862,0.7387,0,0
2015-05-11,04:00:00,0.74021,0.74093,0.74003,0.74061,0,0
2015-05-11,05:00:00,0.74056,0.74066,0.73934,0.73974,0,0
2015-05-11,06:00:00,0.73974,0.74056,0.73964,0.74004,0,0
2015-05-11,07:00:00,0.74004,0.74014,0.7397,0.73974,0,0
2015-05-11,08:00:00,0.73975,0.74032,0.73969,0.7397,0,0
2015-05-11,09:00:00,0.73969,0.73984,0.73748,0.73765,0,0
2015-05-11,10:00:00,0.73767,0.73905,0.73687,0.73892,0,0
2015-05-11,11:00:00,0.73896,0.73904,0.73758,0.73786,0,0
2015-05-11,12:00:00,0.73785,0.73888,0.73726,0.73792,0,0
2015-05-11,13:00:00,0.73793,0.73942,0.73755,0.73921,0,0
2015-05-11,14:00:00,0.73921,0.74112,0.7389,0.74091,0,0
2015-05-11,15:00:00,0.74088,0.74222,0.74059,0.74191,0,0
2015-05-11,16:00:00,0.74191,0.74298,0.74113,0.7426,0,0
2015-05-11,17:00:00,0.7426,0.74272,0.74137,0.74242,0,0
2015-05-11,18:00:00,0.74231,0.74243,0.74041,0.7413,0,0
2015-05-11,19:00:00,0.74139,0.74222,0.74065,0.74065,0,0
2015-05-11,20:00:00,0.74065,0.7419,0.74047,0.7412,0,0
2015-05-11,21:00:00,0.74122,0.7421,0.74099,0.74113,0,0
2015-05-11,22:00:00,0.74111,0.74124,0.74025,0.74055,0,0
2015-05-11,23:00:00,0.74056,0.74121,0.74046,0.74084,0,0
2015-05-11,23:59:00,0.74084,0.74124,0.74064,0.74119,0,0
2015-05-12,01:00:00,0.74117,0.7414,0.74093,0.74135,0,0
2015-05-12,02:00:00,0.74135,0.742,0.74108,0.74177,0,0
2015-05-12,03:00:00,0.74175,0.74186,0.74128,0.74157,0,0
2015-05-12,04:00:00,0.74157,0.74177,0.74131,0.74142,0,0
2015-05-12,05:00:00,0.74144,0.74164,0.7409,0.74097,0,0
2015-05-12,06:00:00,0.74097,0.74133,0.74058,0.74129,0,0
2015-05-12,07:00:00,0.74129,0.74137,0.74037,0.74048,0,0
2015-05-12,08:00:00,0.74037,0.74053,0.73967,0.73997,0,0
2015-05-12,09:00:00,0.73998,0.74043,0.73814,0.73965,0,0
2015-05-12,10:00:00,0.73965,0.74022,0.73707,0.73758,0,0
2015-05-12,11:00:00,0.73759,0.73763,0.73596,0.73651,0,0
2015-05-12,12:00:00,0.73662,0.73726,0.73523,0.73676,0,0
2015-05-12,13:00:00,0.73675,0.7383,0.73664,0.73815,0,0
2015-05-12,14:00:00,0.73821,0.73948,0.73796,0.73896,0,0
2015-05-12,15:00:00,0.73896,0.74035,0.73849,0.74035,0,0
2015-05-12,16:00:00,0.74035,0.74035,0.73747,0.73855,0,0
2015-05-12,17:00:00,0.73847,0.74134,0.73823,0.74129,0,0
2015-05-12,18:00:00,0.74132,0.74228,0.74088,0.74209,0,0
2015-05-12,19:00:00,0.74209,0.74292,0.74072,0.74286,0,0
2015-05-12,20:00:00,0.74286,0.743,0.742,0.74283,0,0
2015-05-12,21:00:00,0.74282,0.7433,0.74244,0.74294,0,0
2015-05-12,22:00:00,0.743,0.74312,0.74201,0.74264,0,0
2015-05-12,23:00:00,0.74196,0.74264,0.74188,0.74205,0,0
2015-05-12,23:59:00,0.74204,0.74272,0.7418,0.74241,0,0
2015-05-13,01:00:00,0.74242,0.74271,0.74238,0.74245,0,0
2015-05-13,02:00:00,0.74246,0.74262,0.74228,0.74239,0,0
2015-05-13,03:00:00,0.74237,0.74263,0.7415,0.74174,0,0
2015-05-13,04:00:00,0.74174,0.74242,0.74171,0.74173,0,0
2015-05-13,05:00:00,0.74174,0.74185,0.7406,0.74073,0,0
2015-05-13,06:00:00,0.74073,0.74091,0.74021,0.74026,0,0
2015-05-13,07:00:00,0.74027,0.74051,0.73918,0.73957,0,0
2015-05-13,08:00:00,0.73957,0.74014,0.73924,0.74007,0,0
2015-05-13,09:00:00,0.74012,0.74089,0.73853,0.73961,0,0
2015-05-13,10:00:00,0.73965,0.74112,0.73942,0.74087,0,0
2015-05-13,11:00:00,0.74072,0.74363,0.74026,0.74328,0,0
2015-05-13,12:00:00,0.74326,0.74461,0.74273,0.74383,0,0
2015-05-13,13:00:00,0.74381,0.74426,0.74336,0.74382,0,0
2015-05-13,14:00:00,0.74373,0.74422,0.74292,0.74337,0,0
2015-05-13,15:00:00,0.74343,0.7444,0.73991,0.73997,0,0
2015-05-13,16:00:00,0.73999,0.74017,0.73774,0.73807,0,0
2015-05-13,17:00:00,0.73809,0.73885,0.73551,0.73554,0,0
2015-05-13,18:00:00,0.73553,0.73636,0.73504,0.73584,0,0
2015-05-13,19:00:00,0.73581,0.73703,0.73536,0.73668,0,0
2015-05-13,20:00:00,0.73668,0.737,0.7361,0.73687,0,0
2015-05-13,21:00:00,0.73687,0.73708,0.73509,0.73519,0,0
2015-05-13,22:00:00,0.73519,0.73677,0.73519,0.73674,0,0
2015-05-13,23:00:00,0.73674,0.73691,0.73634,0.7365,0,0
2015-05-13,23:59:00,0.73647,0.73684,0.73631,0.73674,0,0
2015-05-14,01:00:00,0.73667,0.73701,0.73618,0.73692,0,0
2015-05-14,02:00:00,0.73692,0.73716,0.73664,0.73706,0,0
2015-05-14,03:00:00,0.73707,0.73726,0.73683,0.73685,0,0
2015-05-14,04:00:00,0.73685,0.7375,0.73654,0.73731,0,0
2015-05-14,05:00:00,0.73731,0.73742,0.73677,0.73732,0,0
2015-05-14,06:00:00,0.7373,0.73755,0.73656,0.73681,0,0
2015-05-14,07:00:00,0.73683,0.73743,0.73676,0.73722,0,0
2015-05-14,08:00:00,0.73719,0.7377,0.73668,0.73688,0,0
2015-05-14,09:00:00,0.73688,0.73743,0.73399,0.73456,0,0
2015-05-14,10:00:00,0.73456,0.7349,0.7331,0.73436,0,0
2015-05-14,11:00:00,0.73436,0.73478,0.73288,0.7334,0,0
2015-05-14,12:00:00,0.73337,0.7339,0.73259,0.73343,0,0
2015-05-14,13:00:00,0.73343,0.73363,0.73143,0.73185,0,0
2015-05-14,14:00:00,0.73192,0.73345,0.73162,0.73261,0,0
2015-05-14,15:00:00,0.73255,0.73402,0.7318,0.734,0,0
2015-05-14,16:00:00,0.734,0.7358,0.73398,0.73514,0,0
2015-05-14,17:00:00,0.73516,0.73564,0.7333,0.73452,0,0
2015-05-14,18:00:00,0.73453,0.73589,0.73309,0.73347,0,0
2015-05-14,19:00:00,0.73347,0.73387,0.73236,0.73236,0,0
2015-05-14,20:00:00,0.73232,0.73317,0.73166,0.7325,0,0
2015-05-14,21:00:00,0.73251,0.73308,0.73146,0.73149,0,0
2015-05-14,22:00:00,0.73151,0.73198,0.73038,0.73058,0,0
2015-05-14,23:00:00,0.73058,0.73142,0.73043,0.73137,0,0
2015-05-14,23:59:00,0.73137,0.73155,0.73084,0.73107,0,0
2015-05-15,01:00:00,0.73109,0.73179,0.73098,0.73174,0,0
2015-05-15,02:00:00,0.73173,0.73213,0.73154,0.73175,0,0
2015-05-15,03:00:00,0.73175,0.7318,0.73102,0.73138,0,0
2015-05-15,04:00:00,0.73138,0.7318,0.73064,0.73064,0,0
2015-05-15,05:00:00,0.73063,0.73072,0.72984,0.7306,0,0
2015-05-15,06:00:00,0.7306,0.73106,0.73051,0.73101,0,0
2015-05-15,07:00:00,0.73101,0.73109,0.73055,0.73059,0,0
2015-05-15,08:00:00,0.73059,0.73191,0.73044,0.73188,0,0
2015-05-15,09:00:00,0.73181,0.7331,0.73083,0.7309,0,0
2015-05-15,10:00:00,0.7309,0.73293,0.73035,0.73206,0,0
2015-05-15,11:00:00,0.73206,0.73321,0.73056,0.7327,0,0
2015-05-15,12:00:00,0.73275,0.73369,0.73243,0.73295,0,0
2015-05-15,13:00:00,0.73295,0.7332,0.73194,0.73204,0,0
2015-05-15,14:00:00,0.73197,0.7338,0.73163,0.73332,0,0
2015-05-15,15:00:00,0.73327,0.73365,0.73193,0.73238,0,0
2015-05-15,16:00:00,0.73238,0.7325,0.7301,0.73088,0,0
2015-05-15,17:00:00,0.73081,0.73081,0.72787,0.72803,0,0
2015-05-15,18:00:00,0.72802,0.72877,0.72715,0.72863,0,0
2015-05-15,19:00:00,0.72864,0.72893,0.72715,0.72716,0,0
2015-05-15,20:00:00,0.72709,0.72734,0.72591,0.7269,0,0
2015-05-15,21:00:00,0.72684,0.72696,0.72593,0.72624,0,0
2015-05-15,22:00:00,0.72627,0.7269,0.72626,0.72667,0,0
2015-05-15,23:00:00,0.72667,0.72667,0.72649,0.72656,0,0
2015-05-18,01:00:00,0.72714,0.72723,0.7266,0.72716,0,0
2015-05-18,02:00:00,0.72716,0.72745,0.72691,0.72725,0,0
2015-05-18,03:00:00,0.72725,0.72754,0.72691,0.72692,0,0
2015-05-18,04:00:00,0.72692,0.72705,0.72663,0.72679,0,0
2015-05-18,05:00:00,0.72678,0.72683,0.72617,0.72623,0,0
2015-05-18,06:00:00,0.72623,0.72677,0.72615,0.72664,0,0
2015-05-18,07:00:00,0.72662,0.72697,0.72652,0.72687,0,0
2015-05-18,08:00:00,0.72687,0.72797,0.72686,0.72713,0,0
2015-05-18,09:00:00,0.72713,0.728,0.72666,0.72797,0,0
2015-05-18,10:00:00,0.72801,0.72958,0.72764,0.72885,0,0
2015-05-18,11:00:00,0.72881,0.73008,0.72866,0.72933,0,0
2015-05-18,12:00:00,0.72919,0.72987,0.72802,0.7281,0,0
2015-05-18,13:00:00,0.72812,0.72847,0.72661,0.72667,0,0
2015-05-18,14:00:00,0.72669,0.72778,0.7266,0.72743,0,0
2015-05-18,15:00:00,0.72734,0.72833,0.72649,0.72668,0,0
2015-05-18,16:00:00,0.72668,0.72736,0.72537,0.72736,0,0
2015-05-18,17:00:00,0.72728,0.72762,0.72528,0.72535,0,0
2015-05-18,18:00:00,0.72541,0.72556,0.72437,0.72495,0,0
2015-05-18,19:00:00,0.72488,0.72606,0.72486,0.72548,0,0
2015-05-18,20:00:00,0.72548,0.72725,0.72525,0.72717,0,0
2015-05-18,21:00:00,0.72719,0.72786,0.72687,0.72725,0,0
2015-05-18,22:00:00,0.72725,0.7275,0.72664,0.72694,0,0
2015-05-18,23:00:00,0.72694,0.72709,0.72657,0.72686,0,0
2015-05-18,23:59:00,0.72686,0.72711,0.72651,0.72706,0,0
2015-05-19,01:00:00,0.72697,0.72729,0.72679,0.72717,0,0
2015-05-19,02:00:00,0.72719,0.72728,0.72688,0.72704,0,0
2015-05-19,03:00:00,0.72703,0.72706,0.72639,0.72675,0,0
2015-05-19,04:00:00,0.72675,0.72805,0.72675,0.72767,0,0
2015-05-19,05:00:00,0.72767,0.72907,0.72752,0.72873,0,0
2015-05-19,06:00:00,0.72873,0.72896,0.72844,0.72862,0,0
2015-05-19,07:00:00,0.72862,0.72924,0.72862,0.72895,0,0
2015-05-19,08:00:00,0.72895,0.72905,0.728,0.72831,0,0
2015-05-19,09:00:00,0.72832,0.72979,0.72824,0.72833,0,0
2015-05-19,10:00:00,0.72833,0.73634,0.72833,0.7347,0,0
2015-05-19,11:00:00,0.7347,0.73567,0.73337,0.73339,0,0
2015-05-19,12:00:00,0.73334,0.73374,0.7318,0.73262,0,0
2015-05-19,13:00:00,0.73262,0.73332,0.73225,0.73266,0,0
2015-05-19,14:00:00,0.73265,0.73464,0.73239,0.7342,0,0
2015-05-19,15:00:00,0.73413,0.7361,0.73339,0.73529,0,0
2015-05-19,16:00:00,0.73528,0.73553,0.73269,0.73269,0,0
2015-05-19,17:00:00,0.73279,0.73402,0.73194,0.73372,0,0
2015-05-19,18:00:00,0.73373,0.73471,0.73307,0.73427,0,0
2015-05-19,19:00:00,0.73436,0.73517,0.73362,0.73393,0,0
2015-05-19,20:00:00,0.73392,0.73454,0.73346,0.73382,0,0
2015-05-19,21:00:00,0.73382,0.7339,0.73318,0.73358,0,0
2015-05-19,22:00:00,0.73358,0.73377,0.73306,0.73325,0,0
2015-05-19,23:00:00,0.73331,0.73374,0.73315,0.7332,0,0
2015-05-19,23:59:00,0.73321,0.73371,0.73309,0.73364,0,0
2015-05-20,01:00:00,0.73362,0.73395,0.73337,0.73353,0,0
2015-05-20,02:00:00,0.73352,0.7338,0.73333,0.7338,0,0
2015-05-20,03:00:00,0.73388,0.73441,0.73345,0.73399,0,0
2015-05-20,04:00:00,0.73401,0.73441,0.73369,0.73419,0,0
2015-05-20,05:00:00,0.73418,0.73428,0.73387,0.73409,0,0
2015-05-20,06:00:00,0.73409,0.73452,0.73402,0.73443,0,0
2015-05-20,07:00:00,0.73443,0.73492,0.7343,0.73464,0,0
2015-05-20,08:00:00,0.73464,0.73592,0.73387,0.73592,0,0
2015-05-20,09:00:00,0.73601,0.73783,0.73531,0.73712,0,0
2015-05-20,10:00:00,0.73717,0.73799,0.73622,0.73651,0,0
2015-05-20,11:00:00,0.73639,0.7365,0.73517,0.73625,0,0
2015-05-20,12:00:00,0.73623,0.73633,0.73426,0.73518,0,0
2015-05-20,13:00:00,0.73518,0.73711,0.73481,0.73691,0,0
2015-05-20,14:00:00,0.73687,0.73754,0.73642,0.73704,0,0
2015-05-20,15:00:00,0.73708,0.73708,0.73504,0.73552,0,0
2015-05-20,16:00:00,0.73552,0.73707,0.73543,0.73644,0,0
2015-05-20,17:00:00,0.73644,0.73711,0.73563,0.73671,0,0
2015-05-20,18:00:00,0.73669,0.73919,0.73664,0.73914,0,0
2015-05-20,19:00:00,0.73917,0.73917,0.7377,0.73819,0,0
2015-05-20,20:00:00,0.73819,0.73908,0.73779,0.73899,0,0
2015-05-20,21:00:00,0.73893,0.73933,0.73673,0.73797,0,0
2015-05-20,22:00:00,0.738,0.73897,0.73718,0.73817,0,0
2015-05-20,23:00:00,0.7382,0.73892,0.7379,0.73835,0,0
2015-05-20,23:59:00,0.73835,0.73912,0.7379,0.73857,0,0
2015-05-21,01:00:00,0.73853,0.73875,0.73826,0.73859,0,0
2015-05-21,02:00:00,0.73859,0.7387,0.73789,0.73789,0,0
2015-05-21,03:00:00,0.73789,0.7382,0.73724,0.73759,0,0
2015-05-21,04:00:00,0.7376,0.73779,0.73728,0.73748,0,0
2015-05-21,05:00:00,0.73748,0.73775,0.73724,0.73746,0,0
2015-05-21,06:00:00,0.73746,0.73779,0.73719,0.73735,0,0
2015-05-21,07:00:00,0.73735,0.73788,0.73718,0.73766,0,0
2015-05-21,08:00:00,0.73766,0.73793,0.73736,0.73776,0,0
2015-05-21,09:00:00,0.73774,0.73979,0.73774,0.73907,0,0
2015-05-21,10:00:00,0.73907,0.73909,0.73551,0.73661,0,0
2015-05-21,11:00:00,0.73661,0.73681,0.73465,0.73646,0,0
2015-05-21,12:00:00,0.7365,0.73683,0.73509,0.73595,0,0
2015-05-21,13:00:00,0.73595,0.73605,0.73362,0.73431,0,0
2015-05-21,14:00:00,0.73428,0.73519,0.73392,0.73501,0,0
2015-05-21,15:00:00,0.73501,0.73578,0.73414,0.73528,0,0
2015-05-21,16:00:00,0.73528,0.73632,0.73491,0.73532,0,0
2015-05-21,17:00:00,0.7351,0.7367,0.73412,0.73613,0,0
2015-05-21,18:00:00,0.73612,0.73736,0.73566,0.73665,0,0
2015-05-21,19:00:00,0.73662,0.73703,0.73624,0.73643,0,0
2015-05-21,20:00:00,0.73643,0.73676,0.73592,0.73668,0,0
2015-05-21,21:00:00,0.73668,0.73718,0.73589,0.73626,0,0
2015-05-21,22:00:00,0.73617,0.73702,0.73597,0.73695,0,0
2015-05-21,23:00:00,0.73695,0.73769,0.7368,0.73769,0,0
2015-05-21,23:59:00,0.73769,0.73823,0.7373,0.73784,0,0
2015-05-22,01:00:00,0.73789,0.73807,0.73758,0.73776,0,0
2015-05-22,02:00:00,0.73779,0.73805,0.73771,0.73787,0,0
2015-05-22,03:00:00,0.73789,0.73795,0.73744,0.73767,0,0
2015-05-22,04:00:00,0.73767,0.73793,0.7375,0.73764,0,0
2015-05-22,05:00:00,0.73764,0.7377,0.73704,0.73734,0,0
2015-05-22,06:00:00,0.73734,0.73743,0.73671,0.7368,0,0
2015-05-22,07:00:00,0.7368,0.73682,0.73628,0.7368,0,0
2015-05-22,08:00:00,0.73669,0.73688,0.73608,0.7363,0,0
2015-05-22,09:00:00,0.7363,0.73639,0.73512,0.73583,0,0
2015-05-22,10:00:00,0.73583,0.73627,0.73452,0.73519,0,0
2015-05-22,11:00:00,0.73519,0.73525,0.7337,0.73373,0,0
2015-05-22,12:00:00,0.73373,0.73431,0.73246,0.73277,0,0
2015-05-22,13:00:00,0.73266,0.7327,0.73167,0.7324,0,0
2015-05-22,14:00:00,0.7324,0.73438,0.73199,0.73423,0,0
2015-05-22,15:00:00,0.73422,0.73681,0.73328,0.73646,0,0
2015-05-22,16:00:00,0.73636,0.73966,0.73636,0.73881,0,0
2015-05-22,17:00:00,0.73883,0.73937,0.73789,0.73827,0,0
2015-05-22,18:00:00,0.73831,0.73898,0.73755,0.73759,0,0
2015-05-22,19:00:00,0.73759,0.73774,0.73642,0.73642,0,0
2015-05-22,20:00:00,0.73651,0.73781,0.73639,0.73763,0,0
2015-05-22,21:00:00,0.73765,0.73834,0.73747,0.73822,0,0
2015-05-22,22:00:00,0.73827,0.73861,0.73798,0.73845,0,0
2015-05-22,23:00:00,0.73845,0.73845,0.7383,0.73833,0,0
2015-05-25,01:00:00,0.73996,0.74024,0.73959,0.7398,0,0
2015-05-25,02:00:00,0.7398,0.74021,0.73924,0.73992,0,0
2015-05-25,03:00:00,0.73992,0.74079,0.73961,0.74065,0,0
2015-05-25,04:00:00,0.74065,0.74097,0.74045,0.7407,0,0
2015-05-25,05:00:00,0.7407,0.74074,0.74041,0.74059,0,0
2015-05-25,06:00:00,0.74059,0.74064,0.74003,0.74043,0,0
2015-05-25,07:00:00,0.74044,0.74086,0.74036,0.74073,0,0
2015-05-25,08:00:00,0.74074,0.741,0.74041,0.74071,0,0
2015-05-25,09:00:00,0.74071,0.74071,0.73951,0.74023,0,0
2015-05-25,10:00:00,0.74023,0.74166,0.73994,0.74133,0,0
2015-05-25,11:00:00,0.74133,0.74178,0.7408,0.74121,0,0
2015-05-25,12:00:00,0.74121,0.74193,0.74104,0.74138,0,0
2015-05-25,13:00:00,0.74137,0.74195,0.74119,0.74164,0,0
2015-05-25,14:00:00,0.74167,0.74176,0.74106,0.74125,0,0
2015-05-25,15:00:00,0.74126,0.74128,0.73973,0.74007,0,0
2015-05-25,16:00:00,0.74006,0.74127,0.7399,0.74081,0,0
2015-05-25,17:00:00,0.74081,0.74092,0.73988,0.74054,0,0
2015-05-25,18:00:00,0.74054,0.74128,0.74045,0.74081,0,0
2015-05-25,19:00:00,0.7408,0.74081,0.73965,0.73975,0,0
2015-05-25,20:00:00,0.73964,0.73996,0.73949,0.73992,0,0
2015-05-25,21:00:00,0.73992,0.74008,0.73944,0.7398,0,0
2015-05-25,22:00:00,0.73979,0.74012,0.7397,0.7398,0,0
2015-05-25,23:00:00,0.7398,0.74,0.73952,0.73979,0,0
2015-05-25,23:59:00,0.73979,0.74011,0.7394,0.7398,0,0
2015-05-26,01:00:00,0.73967,0.74,0.73932,0.73995,0,0
2015-05-26,02:00:00,0.73993,0.74025,0.73968,0.74008,0,0
2015-05-26,03:00:00,0.74006,0.742,0.73995,0.74154,0,0
2015-05-26,04:00:00,0.74156,0.74222,0.74116,0.74177,0,0
2015-05-26,05:00:00,0.74177,0.74192,0.74134,0.74163,0,0
2015-05-26,06:00:00,0.74165,0.74268,0.74164,0.74244,0,0
2015-05-26,07:00:00,0.74244,0.74273,0.74215,0.74273,0,0
2015-05-26,08:00:00,0.74275,0.74331,0.74267,0.74299,0,0
2015-05-26,09:00:00,0.74305,0.74428,0.74259,0.74403,0,0
2015-05-26,10:00:00,0.74407,0.74449,0.74232,0.74342,0,0
2015-05-26,11:00:00,0.74342,0.74378,0.74224,0.74298,0,0
2015-05-26,12:00:00,0.74298,0.74298,0.74157,0.74184,0,0
2015-05-26,13:00:00,0.74184,0.74216,0.74103,0.74129,0,0
2015-05-26,14:00:00,0.74131,0.74148,0.7397,0.73982,0,0
2015-05-26,15:00:00,0.73976,0.74147,0.73882,0.73926,0,0
2015-05-26,16:00:00,0.73918,0.73974,0.73727,0.73756,0,0
2015-05-26,17:00:00,0.73753,0.73934,0.73703,0.73873,0,0
2015-05-26,18:00:00,0.73872,0.73978,0.7385,0.73968,0,0
2015-05-26,19:00:00,0.73973,0.74014,0.73846,0.73861,0,0
2015-05-26,20:00:00,0.73859,0.74049,0.73848,0.74025,0,0
2015-05-26,21:00:00,0.74026,0.74052,0.73981,0.73991,0,0
2015-05-26,22:00:00,0.73991,0.74046,0.73981,0.73998,0,0
2015-05-26,23:00:00,0.74,0.7402,0.73942,0.73983,0,0
2015-05-26,23:59:00,0.73979,0.73993,0.73913,0.73977,0,0
2015-05-27,01:00:00,0.73966,0.73973,0.73895,0.73948,0,0
2015-05-27,02:00:00,0.73948,0.73962,0.7392,0.73929,0,0
2015-05-27,03:00:00,0.73929,0.73981,0.73919,0.73964,0,0
2015-05-27,04:00:00,0.73964,0.73998,0.73933,0.73993,0,0
2015-05-27,05:00:00,0.73998,0.73998,0.73943,0.73953,0,0
2015-05-27,06:00:00,0.73953,0.73958,0.73915,0.73936,0,0
2015-05-27,07:00:00,0.73936,0.73956,0.73896,0.73905,0,0
2015-05-27,08:00:00,0.73907,0.73907,0.73802,0.73831,0,0
2015-05-27,09:00:00,0.73842,0.73871,0.73782,0.73866,0,0
2015-05-27,10:00:00,0.73866,0.73899,0.73741,0.73762,0,0
2015-05-27,11:00:00,0.73762,0.73818,0.73706,0.73706,0,0
2015-05-27,12:00:00,0.73706,0.73762,0.73595,0.73697,0,0
2015-05-27,13:00:00,0.73697,0.73904,0.73645,0.73823,0,0
2015-05-27,14:00:00,0.73833,0.73926,0.73757,0.73865,0,0
2015-05-27,15:00:00,0.73868,0.74014,0.7383,0.7401,0,0
2015-05-27,16:00:00,0.7401,0.74139,0.73902,0.74083,0,0
2015-05-27,17:00:00,0.74082,0.74143,0.73618,0.73653,0,0
2015-05-27,18:00:00,0.73654,0.73729,0.73503,0.73579,0,0
2015-05-27,19:00:00,0.73579,0.73648,0.7357,0.73593,0,0
2015-05-27,20:00:00,0.73593,0.73618,0.73527,0.73533,0,0
2015-05-27,21:00:00,0.73533,0.73643,0.7353,0.73641,0,0
2015-05-27,22:00:00,0.73635,0.73687,0.73586,0.73623,0,0
2015-05-27,23:00:00,0.73626,0.73652,0.7358,0.73651,0,0
2015-05-27,23:59:00,0.73651,0.7367,0.73602,0.7366,0,0
2015-05-28,01:00:00,0.73646,0.73704,0.73618,0.73637,0,0
2015-05-28,02:00:00,0.73637,0.7367,0.73637,0.73664,0,0
2015-05-28,03:00:00,0.73665,0.73699,0.73559,0.73611,0,0
2015-05-28,04:00:00,0.73612,0.73646,0.73558,0.73618,0,0
2015-05-28,05:00:00,0.73619,0.73626,0.73552,0.73625,0,0
2015-05-28,06:00:00,0.7363,0.73638,0.73512,0.73513,0,0
2015-05-28,07:00:00,0.73513,0.7353,0.73446,0.73452,0,0
2015-05-28,08:00:00,0.73456,0.73574,0.73455,0.73553,0,0
2015-05-28,09:00:00,0.73553,0.73596,0.73417,0.73502,0,0
2015-05-28,10:00:00,0.73492,0.73551,0.73371,0.73417,0,0
2015-05-28,11:00:00,0.73417,0.73455,0.73245,0.73276,0,0
2015-05-28,12:00:00,0.73276,0.7332,0.7321,0.73253,0,0
2015-05-28,13:00:00,0.73253,0.73267,0.73139,0.73253,0,0
2015-05-28,14:00:00,0.73258,0.73617,0.73255,0.73594,0,0
2015-05-28,15:00:00,0.73593,0.73617,0.73405,0.73429,0,0
2015-05-28,16:00:00,0.73423,0.73482,0.73283,0.73301,0,0
2015-05-28,17:00:00,0.73301,0.73377,0.73221,0.7324,0,0
2015-05-28,18:00:00,0.73237,0.73461,0.73237,0.73458,0,0
2015-05-28,19:00:00,0.73457,0.73586,0.73376,0.73423,0,0
2015-05-28,20:00:00,0.73414,0.7354,0.73355,0.73536,0,0
2015-05-28,21:00:00,0.73534,0.73568,0.73459,0.73466,0,0
2015-05-28,22:00:00,0.73471,0.73564,0.73432,0.73494,0,0
2015-05-28,23:00:00,0.73494,0.73504,0.73433,0.73456,0,0
2015-05-28,23:59:00,0.73456,0.73458,0.73327,0.73431,0,0
2015-05-29,01:00:00,0.73438,0.73464,0.73342,0.73375,0,0
2015-05-29,02:00:00,0.73375,0.73434,0.73368,0.73414,0,0
2015-05-29,03:00:00,0.73414,0.7349,0.73408,0.73477,0,0
2015-05-29,04:00:00,0.73477,0.73492,0.73435,0.73461,0,0
2015-05-29,05:00:00,0.73461,0.735,0.73435,0.73488,0,0
2015-05-29,06:00:00,0.73488,0.73504,0.73463,0.73476,0,0
2015-05-29,07:00:00,0.73475,0.73516,0.73458,0.73506,0,0
2015-05-29,08:00:00,0.7351,0.73567,0.73505,0.73508,0,0
2015-05-29,09:00:00,0.73506,0.73532,0.73445,0.73514,0,0
2015-05-29,10:00:00,0.73538,0.73545,0.73335,0.73338,0,0
2015-05-29,11:00:00,0.73338,0.73348,0.73241,0.73332,0,0
2015-05-29,12:00:00,0.73331,0.73358,0.73212,0.73217,0,0
2015-05-29,13:00:00,0.73221,0.73396,0.73206,0.73332,0,0
2015-05-29,14:00:00,0.73344,0.73365,0.73224,0.73241,0,0
2015-05-29,15:00:00,0.73232,0.73271,0.72765,0.72883,0,0
2015-05-29,16:00:00,0.72874,0.72911,0.72727,0.72868,0,0
2015-05-29,17:00:00,0.72864,0.73114,0.72773,0.73083,0,0
2015-05-29,18:00:00,0.73101,0.73126,0.7288,0.73,0,0
2015-05-29,19:00:00,0.72978,0.73112,0.72944,0.73112,0,0
2015-05-29,20:00:00,0.73113,0.73116,0.73004,0.73089,0,0
2015-05-29,21:00:00,0.73089,0.73225,0.73076,0.73166,0,0
2015-05-29,22:00:00,0.73168,0.73229,0.73118,0.73223,0,0
2015-05-29,23:00:00,0.73225,0.73225,0.73204,0.73211,0,0
2015-06-01,01:00:00,0.73176,0.73203,0.731,0.7318,0,0
2015-06-01,02:00:00,0.7318,0.73272,0.73177,0.73264,0,0
2015-06-01,03:00:00,0.73262,0.73338,0.73224,0.73315,0,0
2015-06-01,04:00:00,0.73315,0.73362,0.73301,0.73326,0,0
2015-06-01,05:00:00,0.73325,0.73345,0.73277,0.73296,0,0
2015-06-01,06:00:00,0.73295,0.73311,0.73265,0.73303,0,0
2015-06-01,07:00:00,0.73303,0.7331,0.73224,0.73236,0,0
2015-06-01,08:00:00,0.73236,0.73274,0.73189,0.7327,0,0
2015-06-01,09:00:00,0.7327,0.73383,0.73229,0.73357,0,0
2015-06-01,10:00:00,0.73369,0.73518,0.73279,0.73462,0,0
2015-06-01,11:00:00,0.73452,0.73514,0.73347,0.73485,0,0
2015-06-01,12:00:00,0.73484,0.73524,0.73297,0.73343,0,0
2015-06-01,13:00:00,0.73343,0.73435,0.73296,0.7333,0,0
2015-06-01,14:00:00,0.73333,0.73421,0.7322,0.73297,0,0
2015-06-01,15:00:00,0.73297,0.73309,0.73087,0.7312,0,0
2015-06-01,16:00:00,0.73122,0.73122,0.72971,0.73037,0,0
2015-06-01,17:00:00,0.73034,0.73197,0.73034,0.73166,0,0
2015-06-01,18:00:00,0.73159,0.73178,0.73004,0.73024,0,0
2015-06-01,19:00:00,0.73027,0.73055,0.72936,0.72988,0,0
2015-06-01,20:00:00,0.72975,0.72998,0.72917,0.72984,0,0
2015-06-01,21:00:00,0.72986,0.73108,0.72979,0.7302,0,0
2015-06-01,22:00:00,0.7302,0.73065,0.7296,0.73049,0,0
2015-06-01,23:00:00,0.73051,0.73098,0.72998,0.73081,0,0
2015-06-01,23:59:00,0.73084,0.73135,0.73013,0.73101,0,0
2015-06-02,01:00:00,0.73091,0.73095,0.73033,0.73054,0,0
2015-06-02,02:00:00,0.73054,0.7313,0.73037,0.73098,0,0
2015-06-02,03:00:00,0.73098,0.73098,0.7302,0.73031,0,0
2015-06-02,04:00:00,0.73031,0.73076,0.73024,0.73045,0,0
2015-06-02,05:00:00,0.73046,0.73093,0.73044,0.73073,0,0
2015-06-02,06:00:00,0.73074,0.73105,0.73066,0.73095,0,0
2015-06-02,07:00:00,0.73095,0.73118,0.73056,0.73082,0,0
2015-06-02,08:00:00,0.73083,0.7316,0.73075,0.73153,0,0
2015-06-02,09:00:00,0.73153,0.73195,0.72971,0.73005,0,0
2015-06-02,10:00:00,0.73002,0.73026,0.72798,0.73009,0,0
2015-06-02,11:00:00,0.73004,0.73028,0.72778,0.72778,0,0
2015-06-02,12:00:00,0.72778,0.72852,0.72694,0.72713,0,0
2015-06-02,13:00:00,0.72713,0.7273,0.72359,0.72459,0,0
2015-06-02,14:00:00,0.72464,0.72556,0.72301,0.72509,0,0
2015-06-02,15:00:00,0.72506,0.72573,0.72268,0.72291,0,0
2015-06-02,16:00:00,0.72286,0.72286,0.71867,0.72202,0,0
2015-06-02,17:00:00,0.72197,0.72286,0.72092,0.72229,0,0
2015-06-02,18:00:00,0.72224,0.72332,0.72194,0.72331,0,0
2015-06-02,19:00:00,0.72331,0.72384,0.72236,0.72254,0,0
2015-06-02,20:00:00,0.72249,0.72267,0.72188,0.72227,0,0
2015-06-02,21:00:00,0.72227,0.72231,0.72122,0.72199,0,0
2015-06-02,22:00:00,0.72209,0.7233,0.72197,0.72311,0,0
2015-06-02,23:00:00,0.72311,0.72333,0.72262,0.72317,0,0
2015-06-02,23:59:00,0.72314,0.72314,0.72256,0.72293,0,0
2015-06-03,01:00:00,0.72283,0.72298,0.72237,0.72259,0,0
2015-06-03,02:00:00,0.72257,0.72275,0.72222,0.72238,0,0
2015-06-03,03:00:00,0.72242,0.72317,0.72238,0.72272,0,0
2015-06-03,04:00:00,0.72272,0.72313,0.72232,0.72251,0,0
2015-06-03,05:00:00,0.72252,0.72326,0.72251,0.72284,0,0
2015-06-03,06:00:00,0.72284,0.72313,0.72269,0.72293,0,0
2015-06-03,07:00:00,0.72284,0.72293,0.72204,0.72242,0,0
2015-06-03,08:00:00,0.72242,0.72254,0.7211,0.72209,0,0
2015-06-03,09:00:00,0.72209,0.72301,0.72137,0.72228,0,0
2015-06-03,10:00:00,0.72235,0.72447,0.72235,0.72312,0,0
2015-06-03,11:00:00,0.7231,0.72317,0.7216,0.72244,0,0
2015-06-03,12:00:00,0.72244,0.72379,0.72169,0.72172,0,0
2015-06-03,13:00:00,0.72173,0.72281,0.72158,0.72203,0,0
2015-06-03,14:00:00,0.72203,0.7233,0.72197,0.72314,0,0
2015-06-03,15:00:00,0.72314,0.72316,0.71861,0.71948,0,0
2015-06-03,16:00:00,0.71948,0.71964,0.71463,0.71535,0,0
2015-06-03,17:00:00,0.71571,0.71634,0.71316,0.71319,0,0
2015-06-03,18:00:00,0.71319,0.71412,0.7124,0.71274,0,0
2015-06-03,19:00:00,0.71259,0.71355,0.71248,0.71354,0,0
2015-06-03,20:00:00,0.71352,0.71352,0.71242,0.71322,0,0
2015-06-03,21:00:00,0.71322,0.71374,0.71304,0.71352,0,0
2015-06-03,22:00:00,0.71352,0.71352,0.71211,0.71228,0,0
2015-06-03,23:00:00,0.71228,0.71276,0.71209,0.71226,0,0
2015-06-03,23:59:00,0.71226,0.71286,0.71226,0.71269,0,0
2015-06-04,01:00:00,0.71271,0.71302,0.71218,0.71255,0,0
2015-06-04,02:00:00,0.71255,0.71336,0.71232,0.71292,0,0
2015-06-04,03:00:00,0.71292,0.7131,0.71265,0.71305,0,0
2015-06-04,04:00:00,0.71303,0.71337,0.71241,0.71271,0,0
2015-06-04,05:00:00,0.71274,0.71297,0.71261,0.71278,0,0
2015-06-04,06:00:00,0.7127,0.71272,0.71226,0.71248,0,0
2015-06-04,07:00:00,0.71248,0.71268,0.71229,0.71239,0,0
2015-06-04,08:00:00,0.7124,0.71268,0.71213,0.71218,0,0
2015-06-04,09:00:00,0.71218,0.71374,0.71204,0.71344,0,0
2015-06-04,10:00:00,0.71343,0.71351,0.71142,0.71147,0,0
2015-06-04,11:00:00,0.71147,0.71161,0.7062,0.70808,0,0
2015-06-04,12:00:00,0.70816,0.7083,0.70692,0.70761,0,0
2015-06-04,13:00:00,0.70761,0.70807,0.70697,0.70757,0,0
2015-06-04,14:00:00,0.7076,0.70939,0.70727,0.70939,0,0
2015-06-04,15:00:00,0.70935,0.7106,0.7088,0.71036,0,0
2015-06-04,16:00:00,0.71036,0.71207,0.70998,0.71025,0,0
2015-06-04,17:00:00,0.71033,0.71169,0.71,0.71116,0,0
2015-06-04,18:00:00,0.71116,0.71186,0.71028,0.71127,0,0
2015-06-04,19:00:00,0.71124,0.71153,0.70888,0.70994,0,0
2015-06-04,20:00:00,0.70994,0.71263,0.70949,0.71226,0,0
2015-06-04,21:00:00,0.71225,0.71273,0.71132,0.71185,0,0
2015-06-04,22:00:00,0.71174,0.71216,0.71152,0.71166,0,0
2015-06-04,23:00:00,0.71163,0.71196,0.71147,0.71181,0,0
2015-06-04,23:59:00,0.71177,0.71263,0.71129,0.71244,0,0
2015-06-05,01:00:00,0.71233,0.71382,0.71226,0.71374,0,0
2015-06-05,02:00:00,0.71374,0.71518,0.71374,0.71402,0,0
2015-06-05,03:00:00,0.71402,0.71409,0.71322,0.71384,0,0
2015-06-05,04:00:00,0.71383,0.71433,0.71366,0.71388,0,0
2015-06-05,05:00:00,0.71388,0.71392,0.71351,0.71367,0,0
2015-06-05,06:00:00,0.71367,0.71412,0.71361,0.71395,0,0
2015-06-05,07:00:00,0.71395,0.71396,0.71334,0.7137,0,0
2015-06-05,08:00:00,0.7137,0.71398,0.71329,0.71358,0,0
2015-06-05,09:00:00,0.71351,0.71351,0.71137,0.71148,0,0
2015-06-05,10:00:00,0.71142,0.7115,0.70808,0.7085,0,0
2015-06-05,11:00:00,0.7085,0.70941,0.7081,0.70913,0,0
2015-06-05,12:00:00,0.70913,0.70992,0.70865,0.70884,0,0
2015-06-05,13:00:00,0.70889,0.71182,0.70887,0.71138,0,0
2015-06-05,14:00:00,0.71146,0.71304,0.71101,0.7126,0,0
2015-06-05,15:00:00,0.7126,0.72265,0.71215,0.7201,0,0
2015-06-05,16:00:00,0.7201,0.72103,0.71816,0.72103,0,0
2015-06-05,17:00:00,0.72103,0.72208,0.72029,0.72174,0,0
2015-06-05,18:00:00,0.72175,0.72189,0.72072,0.72105,0,0
2015-06-05,19:00:00,0.72099,0.72142,0.7202,0.7202,0,0
2015-06-05,20:00:00,0.72023,0.72183,0.71995,0.72165,0,0
2015-06-05,21:00:00,0.72165,0.72287,0.72154,0.72266,0,0
2015-06-05,22:00:00,0.72276,0.72352,0.7226,0.72352,0,0
2015-06-05,23:00:00,0.72353,0.72353,0.72345,0.72347,0,0
2015-06-08,01:00:00,0.72422,0.72422,0.72315,0.72319,0,0
2015-06-08,02:00:00,0.72319,0.72324,0.72254,0.72283,0,0
2015-06-08,03:00:00,0.72286,0.72335,0.72245,0.72335,0,0
2015-06-08,04:00:00,0.72341,0.72347,0.72283,0.72293,0,0
2015-06-08,05:00:00,0.72296,0.72337,0.72268,0.72271,0,0
2015-06-08,06:00:00,0.72271,0.72289,0.72248,0.72259,0,0
2015-06-08,07:00:00,0.72259,0.72293,0.72249,0.72269,0,0
2015-06-08,08:00:00,0.72269,0.72271,0.722,0.72223,0,0
2015-06-08,09:00:00,0.7222,0.72359,0.72053,0.72225,0,0
2015-06-08,10:00:00,0.72224,0.72224,0.71924,0.71985,0,0
2015-06-08,11:00:00,0.71985,0.72267,0.71985,0.72252,0,0
2015-06-08,12:00:00,0.7225,0.72301,0.72156,0.72256,0,0
2015-06-08,13:00:00,0.72258,0.72325,0.72176,0.72189,0,0
2015-06-08,14:00:00,0.72187,0.72196,0.71974,0.72081,0,0
2015-06-08,15:00:00,0.72081,0.72095,0.7191,0.72072,0,0
2015-06-08,16:00:00,0.72074,0.7208,0.71849,0.71906,0,0
2015-06-08,17:00:00,0.71908,0.71962,0.71645,0.7167,0,0
2015-06-08,18:00:00,0.71666,0.71786,0.71589,0.71613,0,0
2015-06-08,19:00:00,0.71613,0.71613,0.71508,0.71584,0,0
2015-06-08,20:00:00,0.71584,0.71588,0.71426,0.71476,0,0
2015-06-08,21:00:00,0.71476,0.71506,0.71389,0.71477,0,0
2015-06-08,22:00:00,0.71479,0.71508,0.71435,0.71459,0,0
2015-06-08,23:00:00,0.71459,0.71482,0.71354,0.71358,0,0
2015-06-08,23:59:00,0.71357,0.71451,0.71357,0.71445,0,0
2015-06-09,01:00:00,0.71435,0.71435,0.71373,0.71392,0,0
2015-06-09,02:00:00,0.71392,0.71434,0.71391,0.71421,0,0
2015-06-09,03:00:00,0.7142,0.71439,0.7138,0.71401,0,0
2015-06-09,04:00:00,0.71401,0.71401,0.71186,0.71236,0,0
2015-06-09,05:00:00,0.71236,0.71258,0.71198,0.71247,0,0
2015-06-09,06:00:00,0.71247,0.71296,0.71244,0.71296,0,0
2015-06-09,07:00:00,0.71296,0.71323,0.71284,0.71317,0,0
2015-06-09,08:00:00,0.71317,0.71327,0.7119,0.71227,0,0
2015-06-09,09:00:00,0.71227,0.71395,0.71227,0.7136,0,0
2015-06-09,10:00:00,0.71361,0.71498,0.71205,0.71216,0,0
2015-06-09,11:00:00,0.71216,0.71476,0.71213,0.71463,0,0
2015-06-09,12:00:00,0.71459,0.7159,0.71409,0.71573,0,0
2015-06-09,13:00:00,0.71577,0.71747,0.71537,0.71708,0,0
2015-06-09,14:00:00,0.71709,0.71968,0.71633,0.7196,0,0
2015-06-09,15:00:00,0.71957,0.72202,0.71947,0.72109,0,0
2015-06-09,16:00:00,0.72117,0.7217,0.7204,0.72052,0,0
2015-06-09,17:00:00,0.7205,0.72216,0.71962,0.72141,0,0
2015-06-09,18:00:00,0.72136,0.72144,0.71915,0.7196,0,0
2015-06-09,19:00:00,0.71969,0.72064,0.71904,0.71957,0,0
2015-06-09,20:00:00,0.71953,0.7201,0.71846,0.71846,0,0
2015-06-09,21:00:00,0.71846,0.7188,0.71779,0.71851,0,0
2015-06-09,22:00:00,0.71852,0.71875,0.71811,0.71844,0,0
2015-06-09,23:00:00,0.71843,0.71987,0.71832,0.71848,0,0
2015-06-09,23:59:00,0.71848,0.71938,0.71835,0.71865,0,0
2015-06-10,01:00:00,0.71872,0.71907,0.71849,0.71878,0,0
2015-06-10,02:00:00,0.71878,0.71878,0.71735,0.71749,0,0
2015-06-10,03:00:00,0.71749,0.71789,0.71678,0.71701,0,0
2015-06-10,04:00:00,0.71701,0.71777,0.71698,0.71757,0,0
2015-06-10,05:00:00,0.71757,0.71774,0.71736,0.71761,0,0
2015-06-10,06:00:00,0.71761,0.71812,0.71752,0.71809,0,0
2015-06-10,07:00:00,0.71809,0.7189,0.71774,0.7189,0,0
2015-06-10,08:00:00,0.71888,0.71939,0.71781,0.71857,0,0
2015-06-10,09:00:00,0.71857,0.72053,0.71828,0.7191,0,0
2015-06-10,10:00:00,0.71914,0.71914,0.71673,0.71806,0,0
2015-06-10,11:00:00,0.71806,0.72222,0.7168,0.72187,0,0
2015-06-10,12:00:00,0.72182,0.7235,0.72093,0.7227,0,0
2015-06-10,13:00:00,0.72265,0.72448,0.7224,0.7227,0,0
2015-06-10,14:00:00,0.72275,0.72408,0.72225,0.7234,0,0
2015-06-10,15:00:00,0.72339,0.72462,0.72281,0.7233,0,0
2015-06-10,16:00:00,0.7233,0.72343,0.72204,0.7229,0,0
2015-06-10,17:00:00,0.7228,0.7239,0.72137,0.7216,0,0
2015-06-10,18:00:00,0.72162,0.72186,0.71939,0.72099,0,0
2015-06-10,19:00:00,0.72094,0.72163,0.72028,0.72041,0,0
2015-06-10,20:00:00,0.72038,0.72045,0.71946,0.71946,0,0
2015-06-10,21:00:00,0.71952,0.72077,0.7194,0.72061,0,0
2015-06-10,22:00:00,0.72064,0.72074,0.71983,0.71993,0,0
2015-06-10,23:00:00,0.71993,0.72057,0.71971,0.72057,0,0
2015-06-10,23:59:00,0.7206,0.72064,0.71959,0.7199,0,0
2015-06-11,01:00:00,0.7197,0.72034,0.71968,0.71975,0,0
2015-06-11,02:00:00,0.71975,0.72044,0.71974,0.72013,0,0
2015-06-11,03:00:00,0.72013,0.72081,0.72003,0.72081,0,0
2015-06-11,04:00:00,0.7208,0.7215,0.72071,0.72135,0,0
2015-06-11,05:00:00,0.72145,0.72159,0.72107,0.72107,0,0
2015-06-11,06:00:00,0.72107,0.72122,0.72072,0.72095,0,0
2015-06-11,07:00:00,0.72095,0.72099,0.72042,0.72075,0,0
2015-06-11,08:00:00,0.72075,0.7209,0.72025,0.72068,0,0
2015-06-11,09:00:00,0.72068,0.72091,0.71914,0.72053,0,0
2015-06-11,10:00:00,0.72052,0.72211,0.72052,0.72184,0,0
2015-06-11,11:00:00,0.72179,0.72311,0.72095,0.72132,0,0
2015-06-11,12:00:00,0.72131,0.72209,0.72083,0.72124,0,0
2015-06-11,13:00:00,0.72124,0.72185,0.72033,0.72127,0,0
2015-06-11,14:00:00,0.72131,0.72254,0.72116,0.72217,0,0
2015-06-11,15:00:00,0.72221,0.72463,0.72171,0.72255,0,0
2015-06-11,16:00:00,0.7226,0.72494,0.72257,0.72373,0,0
2015-06-11,17:00:00,0.7237,0.72451,0.72296,0.72354,0,0
2015-06-11,18:00:00,0.72353,0.72359,0.72222,0.72262,0,0
2015-06-11,19:00:00,0.72269,0.72327,0.72198,0.72203,0,0
2015-06-11,20:00:00,0.72199,0.72316,0.72151,0.72304,0,0
2015-06-11,21:00:00,0.72304,0.72329,0.72242,0.72291,0,0
2015-06-11,22:00:00,0.72292,0.72334,0.72254,0.7227,0,0
2015-06-11,23:00:00,0.7227,0.72305,0.72225,0.72261,0,0
2015-06-11,23:59:00,0.72259,0.72368,0.72229,0.72351,0,0
2015-06-12,01:00:00,0.72338,0.72355,0.72319,0.72348,0,0
2015-06-12,02:00:00,0.72348,0.72369,0.72323,0.72333,0,0
2015-06-12,03:00:00,0.72334,0.72351,0.72289,0.72302,0,0
2015-06-12,04:00:00,0.72305,0.72345,0.72296,0.72321,0,0
2015-06-12,05:00:00,0.72322,0.72339,0.72306,0.7232,0,0
2015-06-12,06:00:00,0.72322,0.72332,0.72271,0.72313,0,0
2015-06-12,07:00:00,0.72312,0.72475,0.72287,0.72447,0,0
2015-06-12,08:00:00,0.72447,0.72487,0.72398,0.72431,0,0
2015-06-12,09:00:00,0.72421,0.72514,0.7241,0.72476,0,0
2015-06-12,10:00:00,0.72481,0.72481,0.7232,0.72411,0,0
2015-06-12,11:00:00,0.72412,0.72758,0.72285,0.72666,0,0
2015-06-12,12:00:00,0.72658,0.72721,0.72593,0.72632,0,0
2015-06-12,13:00:00,0.72633,0.72729,0.72579,0.72709,0,0
2015-06-12,14:00:00,0.72709,0.72714,0.72585,0.72596,0,0
2015-06-12,15:00:00,0.7259,0.7259,0.72304,0.72318,0,0
2015-06-12,16:00:00,0.72306,0.72308,0.72132,0.72223,0,0
2015-06-12,17:00:00,0.72229,0.72281,0.72072,0.72141,0,0
2015-06-12,18:00:00,0.72128,0.72173,0.7202,0.7205,0,0
2015-06-12,19:00:00,0.72052,0.72092,0.71991,0.72058,0,0
2015-06-12,20:00:00,0.72058,0.72058,0.7199,0.7205,0,0
2015-06-12,21:00:00,0.7205,0.72076,0.7195,0.72063,0,0
2015-06-12,22:00:00,0.72067,0.72192,0.72053,0.72176,0,0
2015-06-12,23:00:00,0.72176,0.72193,0.72176,0.72189,0,0
2015-06-15,01:00:00,0.72385,0.72393,0.72325,0.72352,0,0
2015-06-15,02:00:00,0.72352,0.72388,0.72334,0.72356,0,0
2015-06-15,03:00:00,0.72356,0.72386,0.72313,0.72322,0,0
2015-06-15,04:00:00,0.7232,0.72418,0.72314,0.72382,0,0
2015-06-15,05:00:00,0.72381,0.7239,0.72347,0.72353,0,0
2015-06-15,06:00:00,0.72353,0.72377,0.72286,0.72288,0,0
2015-06-15,07:00:00,0.72289,0.7234,0.72263,0.72298,0,0
2015-06-15,08:00:00,0.72298,0.72441,0.72291,0.72441,0,0
2015-06-15,09:00:00,0.7244,0.7245,0.72272,0.72294,0,0
2015-06-15,10:00:00,0.72294,0.723,0.72166,0.72209,0,0
2015-06-15,11:00:00,0.72209,0.72232,0.72016,0.72104,0,0
2015-06-15,12:00:00,0.72103,0.72231,0.72084,0.72218,0,0
2015-06-15,13:00:00,0.72205,0.72239,0.72075,0.72161,0,0
2015-06-15,14:00:00,0.72163,0.72236,0.72115,0.72173,0,0
2015-06-15,15:00:00,0.72173,0.7227,0.72088,0.72152,0,0
2015-06-15,16:00:00,0.72154,0.72258,0.72103,0.72179,0,0
2015-06-15,17:00:00,0.72183,0.72208,0.72025,0.72054,0,0
2015-06-15,18:00:00,0.72052,0.72135,0.72029,0.72052,0,0
2015-06-15,19:00:00,0.72052,0.72125,0.71984,0.72002,0,0
2015-06-15,20:00:00,0.72005,0.7218,0.72005,0.72137,0,0
2015-06-15,21:00:00,0.72138,0.72138,0.71926,0.71934,0,0
2015-06-15,22:00:00,0.71934,0.71975,0.71869,0.71957,0,0
2015-06-15,23:00:00,0.71959,0.7203,0.71911,0.71915,0,0
2015-06-15,23:59:00,0.71913,0.71967,0.71902,0.71946,0,0
2015-06-16,01:00:00,0.71941,0.72014,0.71936,0.72013,0,0
2015-06-16,02:00:00,0.72011,0.7202,0.71982,0.72012,0,0
2015-06-16,03:00:00,0.72011,0.72027,0.71977,0.71979,0,0
2015-06-16,04:00:00,0.71992,0.72047,0.71959,0.72014,0,0
2015-06-16,05:00:00,0.72016,0.72038,0.72001,0.72027,0,0
2015-06-16,06:00:00,0.72027,0.72035,0.71979,0.71986,0,0
2015-06-16,07:00:00,0.71984,0.72003,0.71969,0.71987,0,0
2015-06-16,08:00:00,0.7199,0.72027,0.71969,0.71988,0,0
2015-06-16,09:00:00,0.71982,0.72034,0.71745,0.71754,0,0
2015-06-16,10:00:00,0.71754,0.71856,0.71666,0.71814,0,0
2015-06-16,11:00:00,0.71803,0.72026,0.71715,0.71995,0,0
2015-06-16,12:00:00,0.71995,0.72081,0.71949,0.72018,0,0
2015-06-16,13:00:00,0.72018,0.72078,0.71933,0.72026,0,0
2015-06-16,14:00:00,0.72026,0.72183,0.71934,0.72155,0,0
2015-06-16,15:00:00,0.72155,0.72324,0.72148,0.72176,0,0
2015-06-16,16:00:00,0.72176,0.72244,0.72123,0.72243,0,0
2015-06-16,17:00:00,0.72243,0.72382,0.72155,0.72155,0,0
2015-06-16,18:00:00,0.72159,0.72234,0.72159,0.72186,0,0
2015-06-16,19:00:00,0.72186,0.72199,0.72102,0.72106,0,0
2015-06-16,20:00:00,0.72108,0.72251,0.72089,0.72241,0,0
2015-06-16,21:00:00,0.72241,0.72261,0.72192,0.72237,0,0
2015-06-16,22:00:00,0.72237,0.72264,0.72191,0.72262,0,0
2015-06-16,23:00:00,0.72254,0.72363,0.7222,0.72304,0,0
2015-06-16,23:59:00,0.72313,0.7239,0.72297,0.72339,0,0
2015-06-17,01:00:00,0.72336,0.7236,0.72318,0.72336,0,0
2015-06-17,02:00:00,0.72336,0.72365,0.72332,0.72347,0,0
2015-06-17,03:00:00,0.72349,0.72362,0.72316,0.72342,0,0
2015-06-17,04:00:00,0.72339,0.72342,0.72257,0.72281,0,0
2015-06-17,05:00:00,0.72275,0.72294,0.72259,0.72272,0,0
2015-06-17,06:00:00,0.72269,0.72275,0.72202,0.72225,0,0
2015-06-17,07:00:00,0.72225,0.72258,0.72217,0.7224,0,0
2015-06-17,08:00:00,0.7224,0.72291,0.72225,0.72285,0,0
2015-06-17,09:00:00,0.72284,0.7231,0.72098,0.72133,0,0
2015-06-17,10:00:00,0.72135,0.72138,0.71952,0.71979,0,0
2015-06-17,11:00:00,0.71979,0.72039,0.71814,0.72018,0,0
2015-06-17,12:00:00,0.72018,0.7208,0.71966,0.72074,0,0
2015-06-17,13:00:00,0.72079,0.72185,0.72031,0.72174,0,0
2015-06-17,14:00:00,0.72174,0.72207,0.72105,0.72125,0,0
2015-06-17,15:00:00,0.72125,0.72125,0.71977,0.7206,0,0
2015-06-17,16:00:00,0.72063,0.72132,0.72025,0.72108,0,0
2015-06-17,17:00:00,0.7211,0.72317,0.72049,0.72258,0,0
2015-06-17,18:00:00,0.72261,0.72292,0.72188,0.72277,0,0
2015-06-17,19:00:00,0.72277,0.72277,0.72063,0.72084,0,0
2015-06-17,20:00:00,0.72084,0.72135,0.72049,0.72117,0,0
2015-06-17,21:00:00,0.72096,0.72267,0.7201,0.72152,0,0
2015-06-17,22:00:00,0.72157,0.72164,0.72036,0.72065,0,0
2015-06-17,23:00:00,0.72063,0.72138,0.72048,0.72135,0,0
2015-06-17,23:59:00,0.72138,0.72147,0.7209,0.721,0,0
2015-06-18,01:00:00,0.72094,0.72155,0.72061,0.72074,0,0
2015-06-18,02:00:00,0.72071,0.72101,0.71914,0.71945,0,0
2015-06-18,03:00:00,0.71945,0.71994,0.71915,0.71949,0,0
2015-06-18,04:00:00,0.71949,0.71999,0.71945,0.71996,0,0
2015-06-18,05:00:00,0.71995,0.72029,0.71974,0.71998,0,0
2015-06-18,06:00:00,0.71998,0.72001,0.71945,0.71952,0,0
2015-06-18,07:00:00,0.71954,0.71967,0.71904,0.71965,0,0
2015-06-18,08:00:00,0.71965,0.72028,0.71932,0.72019,0,0
2015-06-18,09:00:00,0.72019,0.7214,0.71978,0.72116,0,0
2015-06-18,10:00:00,0.72111,0.72165,0.72019,0.72028,0,0
2015-06-18,11:00:00,0.72027,0.72166,0.71915,0.72139,0,0
2015-06-18,12:00:00,0.72139,0.72199,0.72033,0.72059,0,0
2015-06-18,13:00:00,0.72058,0.72205,0.72028,0.72131,0,0
2015-06-18,14:00:00,0.72123,0.72166,0.72074,0.72153,0,0
2015-06-18,15:00:00,0.72152,0.72278,0.72088,0.72278,0,0
2015-06-18,16:00:00,0.72278,0.72351,0.72066,0.72167,0,0
2015-06-18,17:00:00,0.72176,0.72232,0.71891,0.71902,0,0
2015-06-18,18:00:00,0.71899,0.71944,0.71833,0.71833,0,0
2015-06-18,19:00:00,0.71832,0.72098,0.71657,0.719,0,0
2015-06-18,20:00:00,0.719,0.71945,0.71841,0.71925,0,0
2015-06-18,21:00:00,0.71925,0.71929,0.71856,0.71892,0,0
2015-06-18,22:00:00,0.71889,0.71942,0.71866,0.7189,0,0
2015-06-18,23:00:00,0.71881,0.72021,0.71881,0.72021,0,0
2015-06-18,23:59:00,0.72021,0.72032,0.71916,0.71947,0,0
2015-06-19,01:00:00,0.71956,0.71978,0.71807,0.71959,0,0
2015-06-19,02:00:00,0.71958,0.71961,0.71904,0.71924,0,0
2015-06-19,03:00:00,0.71925,0.71938,0.7188,0.71895,0,0
2015-06-19,04:00:00,0.71897,0.71925,0.71884,0.71917,0,0
2015-06-19,05:00:00,0.71918,0.71932,0.71893,0.71931,0,0
2015-06-19,06:00:00,0.71931,0.71935,0.71905,0.71916,0,0
2015-06-19,07:00:00,0.71916,0.72004,0.71915,0.72004,0,0
2015-06-19,08:00:00,0.72004,0.72088,0.71989,0.72076,0,0
2015-06-19,09:00:00,0.72076,0.72133,0.7203,0.72057,0,0
2015-06-19,10:00:00,0.72057,0.72277,0.72057,0.72273,0,0
2015-06-19,11:00:00,0.72273,0.72391,0.72217,0.72337,0,0
2015-06-19,12:00:00,0.72335,0.72356,0.72215,0.72283,0,0
2015-06-19,13:00:00,0.72277,0.72357,0.72193,0.72272,0,0
2015-06-19,14:00:00,0.72272,0.72282,0.72091,0.72147,0,0
2015-06-19,15:00:00,0.72147,0.72183,0.71902,0.71929,0,0
2015-06-19,16:00:00,0.71928,0.72053,0.7185,0.71921,0,0
2015-06-19,17:00:00,0.71921,0.71921,0.71696,0.71862,0,0
2015-06-19,18:00:00,0.71864,0.71894,0.71796,0.71855,0,0
2015-06-19,19:00:00,0.71855,0.71855,0.71791,0.71809,0,0
2015-06-19,20:00:00,0.71805,0.71826,0.71714,0.7179,0,0
2015-06-19,21:00:00,0.71789,0.71842,0.71754,0.7184,0,0
2015-06-19,22:00:00,0.7184,0.71862,0.71774,0.71849,0,0
2015-06-19,23:00:00,0.71855,0.71876,0.71855,0.71864,0,0
2015-06-22,01:00:00,0.71709,0.71762,0.71694,0.7174,0,0
2015-06-22,02:00:00,0.7174,0.7175,0.71655,0.71689,0,0
2015-06-22,03:00:00,0.71696,0.71711,0.71666,0.71673,0,0
2015-06-22,04:00:00,0.71671,0.71706,0.71642,0.71686,0,0
2015-06-22,05:00:00,0.71689,0.71701,0.71656,0.71698,0,0
2015-06-22,06:00:00,0.71698,0.717,0.7166,0.71688,0,0
2015-06-22,07:00:00,0.7169,0.71696,0.71596,0.71599,0,0
2015-06-22,08:00:00,0.716,0.71681,0.71579,0.7163,0,0
2015-06-22,09:00:00,0.71629,0.7175,0.71616,0.71648,0,0
2015-06-22,10:00:00,0.71647,0.7201,0.71647,0.71995,0,0
2015-06-22,11:00:00,0.71995,0.72053,0.71912,0.71912,0,0
2015-06-22,12:00:00,0.71914,0.71948,0.71845,0.71852,0,0
2015-06-22,13:00:00,0.71853,0.72074,0.71843,0.72028,0,0
2015-06-22,14:00:00,0.72035,0.7207,0.71946,0.72069,0,0
2015-06-22,15:00:00,0.72069,0.72101,0.71881,0.71898,0,0
2015-06-22,16:00:00,0.71898,0.71981,0.71643,0.71681,0,0
2015-06-22,17:00:00,0.7168,0.717,0.71445,0.71452,0,0
2015-06-22,18:00:00,0.71458,0.71512,0.71329,0.71509,0,0
2015-06-22,19:00:00,0.71512,0.71595,0.71432,0.71471,0,0
2015-06-22,20:00:00,0.71471,0.71559,0.7147,0.71552,0,0
2015-06-22,21:00:00,0.71552,0.71612,0.71515,0.71595,0,0
2015-06-22,22:00:00,0.71611,0.71655,0.71563,0.71566,0,0
2015-06-22,23:00:00,0.71568,0.71644,0.71547,0.71638,0,0
2015-06-22,23:59:00,0.71634,0.71671,0.71595,0.71617,0,0
2015-06-23,01:00:00,0.7161,0.71633,0.7158,0.71593,0,0
2015-06-23,02:00:00,0.71592,0.71602,0.71561,0.71571,0,0
2015-06-23,03:00:00,0.71572,0.71595,0.71551,0.71578,0,0
2015-06-23,04:00:00,0.71578,0.71654,0.71578,0.71645,0,0
2015-06-23,05:00:00,0.71644,0.71968,0.7163,0.71942,0,0
2015-06-23,06:00:00,0.71945,0.71956,0.71857,0.71929,0,0
2015-06-23,07:00:00,0.7193,0.71945,0.71886,0.71889,0,0
2015-06-23,08:00:00,0.71889,0.71939,0.71866,0.71885,0,0
2015-06-23,09:00:00,0.71885,0.72072,0.71882,0.72002,0,0
2015-06-23,10:00:00,0.72002,0.72029,0.71897,0.71948,0,0
2015-06-23,11:00:00,0.71951,0.72135,0.71911,0.72126,0,0
2015-06-23,12:00:00,0.72126,0.72193,0.72052,0.72171,0,0
2015-06-23,13:00:00,0.72171,0.72229,0.72129,0.72204,0,0
2015-06-23,14:00:00,0.7221,0.72336,0.72181,0.72309,0,0
2015-06-23,15:00:00,0.72309,0.72638,0.72306,0.72524,0,0
2015-06-23,16:00:00,0.72522,0.72588,0.72439,0.72506,0,0
2015-06-23,17:00:00,0.72492,0.72617,0.72445,0.72477,0,0
2015-06-23,18:00:00,0.72476,0.72625,0.72471,0.72503,0,0
2015-06-23,19:00:00,0.72501,0.72649,0.72501,0.72573,0,0
2015-06-23,20:00:00,0.72569,0.72615,0.72492,0.72575,0,0
2015-06-23,21:00:00,0.72588,0.72607,0.72544,0.72579,0,0
2015-06-23,22:00:00,0.72583,0.72688,0.72545,0.72632,0,0
2015-06-23,23:00:00,0.72634,0.72641,0.7254,0.72641,0,0
2015-06-23,23:59:00,0.72641,0.72692,0.72617,0.72619,0,0
2015-06-24,01:00:00,0.72634,0.72668,0.72613,0.72613,0,0
2015-06-24,02:00:00,0.72614,0.72636,0.72604,0.72617,0,0
2015-06-24,03:00:00,0.72617,0.7267,0.72597,0.72669,0,0
2015-06-24,04:00:00,0.7267,0.72681,0.72621,0.72645,0,0
2015-06-24,05:00:00,0.72646,0.72654,0.72559,0.72561,0,0
2015-06-24,06:00:00,0.72562,0.72578,0.72534,0.72539,0,0
2015-06-24,07:00:00,0.72537,0.72552,0.7251,0.72535,0,0
2015-06-24,08:00:00,0.72535,0.72552,0.72376,0.72431,0,0
2015-06-24,09:00:00,0.72425,0.72492,0.72367,0.72437,0,0
2015-06-24,10:00:00,0.72437,0.72495,0.72352,0.72378,0,0
2015-06-24,11:00:00,0.7237,0.7258,0.72364,0.72528,0,0
2015-06-24,12:00:00,0.72528,0.72699,0.72438,0.72581,0,0
2015-06-24,13:00:00,0.72581,0.72726,0.7253,0.72567,0,0
2015-06-24,14:00:00,0.72568,0.72583,0.72433,0.7244,0,0
2015-06-24,15:00:00,0.72439,0.72556,0.72372,0.72428,0,0
2015-06-24,16:00:00,0.72424,0.72424,0.72232,0.72298,0,0
2015-06-24,17:00:00,0.72298,0.72298,0.72038,0.72118,0,0
2015-06-24,18:00:00,0.72118,0.72147,0.71997,0.72074,0,0
2015-06-24,19:00:00,0.72074,0.72172,0.72047,0.72149,0,0
2015-06-24,20:00:00,0.72146,0.72208,0.71985,0.72018,0,0
2015-06-24,21:00:00,0.72018,0.72059,0.71959,0.72015,0,0
2015-06-24,22:00:00,0.72012,0.72053,0.71985,0.72037,0,0
2015-06-24,23:00:00,0.72037,0.72069,0.71992,0.72069,0,0
2015-06-24,23:59:00,0.72069,0.72094,0.72042,0.72057,0,0
2015-06-25,01:00:00,0.72054,0.72089,0.72028,0.72039,0,0
2015-06-25,02:00:00,0.72039,0.72086,0.72032,0.72049,0,0
2015-06-25,03:00:00,0.72049,0.72075,0.72019,0.72057,0,0
2015-06-25,04:00:00,0.72057,0.72065,0.7204,0.72041,0,0
2015-06-25,05:00:00,0.72044,0.72069,0.72005,0.72014,0,0
2015-06-25,06:00:00,0.72014,0.72064,0.72001,0.72062,0,0
2015-06-25,07:00:00,0.72062,0.72107,0.72032,0.72095,0,0
2015-06-25,08:00:00,0.72095,0.72112,0.72064,0.72075,0,0
2015-06-25,09:00:00,0.72067,0.72126,0.71984,0.72066,0,0
2015-06-25,10:00:00,0.72069,0.72091,0.71902,0.72014,0,0
2015-06-25,11:00:00,0.72012,0.72196,0.7196,0.72178,0,0
2015-06-25,12:00:00,0.72181,0.72421,0.72158,0.72316,0,0
2015-06-25,13:00:00,0.72311,0.72349,0.71988,0.72096,0,0
2015-06-25,14:00:00,0.72096,0.72171,0.72041,0.72103,0,0
2015-06-25,15:00:00,0.72103,0.72128,0.72018,0.72099,0,0
2015-06-25,16:00:00,0.72099,0.72389,0.72099,0.72389,0,0
2015-06-25,17:00:00,0.72382,0.72487,0.72282,0.72355,0,0
2015-06-25,18:00:00,0.72357,0.72413,0.72305,0.72334,0,0
2015-06-25,19:00:00,0.72346,0.7236,0.72246,0.72283,0,0
2015-06-25,20:00:00,0.7228,0.72357,0.72267,0.72357,0,0
2015-06-25,21:00:00,0.72357,0.72472,0.72347,0.72457,0,0
2015-06-25,22:00:00,0.72466,0.72479,0.72408,0.72433,0,0
2015-06-25,23:00:00,0.72429,0.72475,0.72398,0.72406,0,0
2015-06-25,23:59:00,0.7241,0.72443,0.72378,0.72409,0,0
2015-06-26,01:00:00,0.72409,0.72418,0.72375,0.72394,0,0
2015-06-26,02:00:00,0.72395,0.72395,0.72368,0.72379,0,0
2015-06-26,03:00:00,0.72383,0.72482,0.72376,0.72455,0,0
2015-06-26,04:00:00,0.72454,0.72461,0.72417,0.72428,0,0
2015-06-26,05:00:00,0.72427,0.72499,0.72419,0.72449,0,0
2015-06-26,06:00:00,0.72446,0.72462,0.72421,0.72434,0,0
2015-06-26,07:00:00,0.72433,0.72433,0.72401,0.72426,0,0
2015-06-26,08:00:00,0.72426,0.72462,0.72411,0.72415,0,0
2015-06-26,09:00:00,0.72417,0.7244,0.72277,0.72282,0,0
2015-06-26,10:00:00,0.72282,0.72339,0.72216,0.72239,0,0
2015-06-26,11:00:00,0.72239,0.72264,0.72114,0.72257,0,0
2015-06-26,12:00:00,0.72256,0.7227,0.72164,0.72258,0,0
2015-06-26,13:00:00,0.72264,0.72372,0.72254,0.7232,0,0
2015-06-26,14:00:00,0.72322,0.72372,0.72209,0.72266,0,0
2015-06-26,15:00:00,0.72266,0.72345,0.72167,0.72329,0,0
2015-06-26,16:00:00,0.72323,0.72391,0.7221,0.72369,0,0
2015-06-26,17:00:00,0.72377,0.72509,0.7227,0.72498,0,0
2015-06-26,18:00:00,0.72498,0.72651,0.72469,0.72535,0,0
2015-06-26,19:00:00,0.72535,0.72675,0.72523,0.7264,0,0
2015-06-26,20:00:00,0.72635,0.72759,0.72602,0.72723,0,0
2015-06-26,21:00:00,0.72723,0.72756,0.7266,0.72732,0,0
2015-06-26,22:00:00,0.72732,0.72732,0.72671,0.72691,0,0
2015-06-26,23:00:00,0.72691,0.72692,0.72682,0.72682,0,0
2015-06-29,01:00:00,0.73719,0.73919,0.73538,0.7367,0,0
2015-06-29,02:00:00,0.7367,0.73799,0.73613,0.73763,0,0
2015-06-29,03:00:00,0.73761,0.73761,0.7346,0.73541,0,0
2015-06-29,04:00:00,0.73541,0.73664,0.73513,0.73592,0,0
2015-06-29,05:00:00,0.73592,0.73612,0.73525,0.73578,0,0
2015-06-29,06:00:00,0.73583,0.7363,0.73542,0.73625,0,0
2015-06-29,07:00:00,0.73625,0.73702,0.73598,0.73638,0,0
2015-06-29,08:00:00,0.73638,0.73801,0.73534,0.73622,0,0
2015-06-29,09:00:00,0.73618,0.73636,0.73139,0.73205,0,0
2015-06-29,10:00:00,0.73196,0.73373,0.73143,0.73283,0,0
2015-06-29,11:00:00,0.73283,0.73315,0.72911,0.72942,0,0
2015-06-29,12:00:00,0.72952,0.73135,0.72903,0.72928,0,0
2015-06-29,13:00:00,0.72931,0.72934,0.72639,0.7275,0,0
2015-06-29,14:00:00,0.7275,0.72892,0.72673,0.72855,0,0
2015-06-29,15:00:00,0.72854,0.72922,0.72592,0.72734,0,0
2015-06-29,16:00:00,0.72734,0.72783,0.72538,0.72672,0,0
2015-06-29,17:00:00,0.72673,0.72673,0.72236,0.72444,0,0
2015-06-29,18:00:00,0.72449,0.72494,0.72113,0.72244,0,0
2015-06-29,19:00:00,0.72244,0.72288,0.71924,0.71941,0,0
2015-06-29,20:00:00,0.71958,0.72034,0.7163,0.71838,0,0
2015-06-29,21:00:00,0.71838,0.71929,0.71785,0.71844,0,0
2015-06-29,22:00:00,0.71842,0.71878,0.71767,0.71792,0,0
2015-06-29,23:00:00,0.71786,0.71824,0.71676,0.71757,0,0
2015-06-29,23:59:00,0.71751,0.71799,0.71729,0.71796,0,0
2015-06-30,01:00:00,0.718,0.71904,0.71781,0.71881,0,0
2015-06-30,02:00:00,0.71882,0.71902,0.71794,0.71803,0,0
2015-06-30,03:00:00,0.71803,0.71917,0.71803,0.71905,0,0
2015-06-30,04:00:00,0.71903,0.71965,0.7188,0.71948,0,0
2015-06-30,05:00:00,0.71948,0.72004,0.71901,0.71987,0,0
2015-06-30,06:00:00,0.71987,0.72025,0.71957,0.71961,0,0
2015-06-30,07:00:00,0.72049,0.72104,0.71961,0.72059,0,0
2015-06-30,08:00:00,0.72059,0.72158,0.72006,0.72139,0,0
2015-06-30,09:00:00,0.72143,0.72277,0.72075,0.72236,0,0
2015-06-30,10:00:00,0.72233,0.72274,0.72028,0.72217,0,0
2015-06-30,11:00:00,0.72218,0.7241,0.72147,0.72381,0,0
2015-06-30,12:00:00,0.72387,0.7241,0.72108,0.72136,0,0
2015-06-30,13:00:00,0.72139,0.72265,0.72088,0.72222,0,0
2015-06-30,14:00:00,0.7222,0.72327,0.72137,0.72323,0,0
2015-06-30,15:00:00,0.72325,0.7234,0.71745,0.71788,0,0
2015-06-30,16:00:00,0.71788,0.71866,0.7161,0.71809,0,0
2015-06-30,17:00:00,0.71809,0.71915,0.71678,0.71915,0,0
2015-06-30,18:00:00,0.71915,0.71994,0.7186,0.71885,0,0
2015-06-30,19:00:00,0.71889,0.71918,0.71791,0.71831,0,0
2015-06-30,20:00:00,0.71832,0.71873,0.7177,0.71823,0,0
2015-06-30,21:00:00,0.71823,0.71885,0.71795,0.71838,0,0
2015-06-30,22:00:00,0.71838,0.71867,0.7181,0.71812,0,0
2015-06-30,23:00:00,0.7181,0.71891,0.7179,0.71849,0,0
2015-06-30,23:59:00,0.71853,0.71944,0.71787,0.71854,0,0
2015-07-01,01:00:00,0.71848,0.71977,0.7184,0.71974,0,0
2015-07-01,02:00:00,0.71973,0.72012,0.71948,0.71975,0,0
2015-07-01,03:00:00,0.71981,0.71996,0.71899,0.71903,0,0
2015-07-01,04:00:00,0.71903,0.71933,0.71851,0.71851,0,0
2015-07-01,05:00:00,0.71851,0.71922,0.71844,0.71907,0,0
2015-07-01,06:00:00,0.71907,0.71908,0.71849,0.71856,0,0
2015-07-01,07:00:00,0.71856,0.71877,0.71807,0.71816,0,0
2015-07-01,08:00:00,0.71816,0.71865,0.71788,0.71865,0,0
2015-07-01,09:00:00,0.71865,0.71926,0.71814,0.71886,0,0
2015-07-01,10:00:00,0.7189,0.72028,0.71834,0.72004,0,0
2015-07-01,11:00:00,0.71992,0.72098,0.7176,0.7176,0,0
2015-07-01,12:00:00,0.71775,0.71892,0.71683,0.71865,0,0
2015-07-01,13:00:00,0.71865,0.71948,0.71817,0.71897,0,0
2015-07-01,14:00:00,0.71902,0.71979,0.71869,0.71948,0,0
2015-07-01,15:00:00,0.71948,0.71964,0.71856,0.71869,0,0
2015-07-01,16:00:00,0.71869,0.72023,0.71818,0.71999,0,0
2015-07-01,17:00:00,0.71987,0.72005,0.71767,0.7178,0,0
2015-07-01,18:00:00,0.71773,0.71901,0.71761,0.71831,0,0
2015-07-01,19:00:00,0.71832,0.71895,0.71801,0.71846,0,0
2015-07-01,20:00:00,0.71846,0.71892,0.71771,0.71823,0,0
2015-07-01,21:00:00,0.71831,0.71903,0.71814,0.71886,0,0
2015-07-01,22:00:00,0.71891,0.71931,0.71868,0.71891,0,0
2015-07-01,23:00:00,0.71896,0.71899,0.71821,0.71864,0,0
2015-07-01,23:59:00,0.71866,0.71936,0.71833,0.71885,0,0
2015-07-02,01:00:00,0.71868,0.71931,0.71846,0.71911,0,0
2015-07-02,02:00:00,0.71911,0.7198,0.71909,0.7196,0,0
2015-07-02,03:00:00,0.71959,0.71969,0.71888,0.71903,0,0
2015-07-02,04:00:00,0.71903,0.71921,0.71853,0.71893,0,0
2015-07-02,05:00:00,0.71891,0.71902,0.71751,0.71769,0,0
2015-07-02,06:00:00,0.71768,0.71793,0.71747,0.71788,0,0
2015-07-02,07:00:00,0.7179,0.71801,0.71753,0.71763,0,0
2015-07-02,08:00:00,0.71767,0.71797,0.71734,0.71738,0,0
2015-07-02,09:00:00,0.71738,0.71824,0.7167,0.71735,0,0
2015-07-02,10:00:00,0.71735,0.71799,0.71701,0.71756,0,0
2015-07-02,11:00:00,0.71764,0.7179,0.71506,0.71535,0,0
2015-07-02,12:00:00,0.71535,0.71582,0.71469,0.71535,0,0
2015-07-02,13:00:00,0.71536,0.7164,0.7149,0.7155,0,0
2015-07-02,14:00:00,0.71554,0.71679,0.71531,0.71542,0,0
2015-07-02,15:00:00,0.71539,0.71741,0.71515,0.71677,0,0
2015-07-02,16:00:00,0.71677,0.71783,0.71629,0.71723,0,0
2015-07-02,17:00:00,0.71723,0.71738,0.71617,0.71683,0,0
2015-07-02,18:00:00,0.71678,0.71762,0.71633,0.71756,0,0
2015-07-02,19:00:00,0.71756,0.71871,0.7173,0.71829,0,0
2015-07-02,20:00:00,0.71829,0.71854,0.71792,0.71836,0,0
2015-07-02,21:00:00,0.71836,0.71874,0.71813,0.71824,0,0
2015-07-02,22:00:00,0.71822,0.71899,0.71822,0.71899,0,0
2015-07-02,23:00:00,0.71895,0.7194,0.71885,0.7193,0,0
2015-07-02,23:59:00,0.71937,0.71955,0.71914,0.71919,0,0
2015-07-03,01:00:00,0.71913,0.71924,0.71867,0.719,0,0
2015-07-03,02:00:00,0.71898,0.7191,0.71892,0.71899,0,0
2015-07-03,03:00:00,0.71899,0.71915,0.7184,0.71904,0,0
2015-07-03,04:00:00,0.71904,0.71915,0.7179,0.71795,0,0
2015-07-03,05:00:00,0.71795,0.71817,0.71777,0.71792,0,0
2015-07-03,06:00:00,0.71792,0.7181,0.71742,0.71781,0,0
2015-07-03,07:00:00,0.71781,0.71808,0.71772,0.71789,0,0
2015-07-03,08:00:00,0.71789,0.71829,0.7176,0.71823,0,0
2015-07-03,09:00:00,0.71821,0.71829,0.71719,0.71787,0,0
2015-07-03,10:00:00,0.71787,0.71802,0.71684,0.71724,0,0
2015-07-03,11:00:00,0.71724,0.71724,0.71591,0.71697,0,0
2015-07-03,12:00:00,0.71697,0.71719,0.71629,0.71676,0,0
2015-07-03,13:00:00,0.71679,0.71713,0.71627,0.71695,0,0
2015-07-03,14:00:00,0.71699,0.71767,0.71669,0.71686,0,0
2015-07-03,15:00:00,0.71686,0.71704,0.71588,0.71648,0,0
2015-07-03,16:00:00,0.71644,0.71644,0.71501,0.71569,0,0
2015-07-03,17:00:00,0.71565,0.71677,0.71522,0.71668,0,0
2015-07-03,18:00:00,0.71667,0.71699,0.71571,0.71688,0,0
2015-07-03,19:00:00,0.71685,0.71836,0.71614,0.71802,0,0
2015-07-03,20:00:00,0.71809,0.71809,0.71647,0.71717,0,0
2015-07-03,21:00:00,0.71717,0.71788,0.71712,0.7176,0,0
2015-07-03,22:00:00,0.71754,0.71769,0.71666,0.71681,0,0
2015-07-03,23:00:00,0.71682,0.71691,0.71674,0.71674,0,0
2015-07-06,01:00:00,0.72118,0.72226,0.71875,0.7202,0,0
2015-07-06,02:00:00,0.72019,0.72113,0.71948,0.72108,0,0
2015-07-06,03:00:00,0.72107,0.7212,0.71959,0.72004,0,0
2015-07-06,04:00:00,0.72004,0.72005,0.71793,0.7182,0,0
2015-07-06,05:00:00,0.71819,0.71839,0.71771,0.71806,0,0
2015-07-06,06:00:00,0.71806,0.71868,0.71806,0.71833,0,0
2015-07-06,07:00:00,0.71835,0.71925,0.71807,0.71893,0,0
2015-07-06,08:00:00,0.7189,0.71978,0.71664,0.71693,0,0
2015-07-06,09:00:00,0.71689,0.7191,0.71653,0.71842,0,0
2015-07-06,10:00:00,0.71846,0.71925,0.71778,0.71779,0,0
2015-07-06,11:00:00,0.7177,0.7182,0.7171,0.7179,0,0
2015-07-06,12:00:00,0.7179,0.71835,0.71738,0.71813,0,0
2015-07-06,13:00:00,0.71813,0.71911,0.71739,0.71773,0,0
2015-07-06,14:00:00,0.71774,0.71881,0.71722,0.71879,0,0
2015-07-06,15:00:00,0.71866,0.71928,0.71701,0.71708,0,0
2015-07-06,16:00:00,0.71708,0.71717,0.71577,0.71617,0,0
2015-07-06,17:00:00,0.71617,0.7165,0.71482,0.71537,0,0
2015-07-06,18:00:00,0.71537,0.71605,0.71483,0.71511,0,0
2015-07-06,19:00:00,0.71513,0.71575,0.71453,0.71503,0,0
2015-07-06,20:00:00,0.71503,0.7152,0.71346,0.71438,0,0
2015-07-06,21:00:00,0.71439,0.71553,0.71412,0.71536,0,0
2015-07-06,22:00:00,0.71536,0.71549,0.71471,0.71508,0,0
2015-07-06,23:00:00,0.71508,0.71508,0.71459,0.71491,0,0
2015-07-06,23:59:00,0.71493,0.71523,0.71475,0.71521,0,0
2015-07-07,01:00:00,0.71515,0.71523,0.71493,0.71518,0,0
2015-07-07,02:00:00,0.71518,0.71527,0.7148,0.71492,0,0
2015-07-07,03:00:00,0.71491,0.71536,0.71488,0.71494,0,0
2015-07-07,04:00:00,0.71494,0.71598,0.71487,0.71583,0,0
2015-07-07,05:00:00,0.71587,0.71605,0.71538,0.71589,0,0
2015-07-07,06:00:00,0.71588,0.71625,0.71572,0.71581,0,0
2015-07-07,07:00:00,0.71581,0.71635,0.71574,0.71616,0,0
2015-07-07,08:00:00,0.71617,0.71621,0.71547,0.71547,0,0
2015-07-07,09:00:00,0.71544,0.71666,0.71544,0.71582,0,0
2015-07-07,10:00:00,0.71582,0.71628,0.715,0.7159,0,0
2015-07-07,11:00:00,0.7158,0.71834,0.71567,0.71834,0,0
2015-07-07,12:00:00,0.71834,0.71865,0.71685,0.71717,0,0
2015-07-07,13:00:00,0.71717,0.71783,0.71644,0.71654,0,0
2015-07-07,14:00:00,0.71617,0.71749,0.71617,0.71706,0,0
2015-07-07,15:00:00,0.71707,0.71901,0.71689,0.71882,0,0
2015-07-07,16:00:00,0.71881,0.71892,0.71487,0.71504,0,0
2015-07-07,17:00:00,0.71509,0.7169,0.71497,0.7163,0,0
2015-07-07,18:00:00,0.71639,0.71704,0.71495,0.71686,0,0
2015-07-07,19:00:00,0.71672,0.71688,0.71497,0.71673,0,0
2015-07-07,20:00:00,0.71673,0.71693,0.71562,0.71585,0,0
2015-07-07,21:00:00,0.71585,0.71613,0.7152,0.71602,0,0
2015-07-07,22:00:00,0.716,0.71612,0.71328,0.71399,0,0
2015-07-07,23:00:00,0.71389,0.71512,0.71379,0.7149,0,0
2015-07-07,23:59:00,0.7149,0.71588,0.71445,0.71516,0,0
2015-07-08,01:00:00,0.71514,0.71533,0.71455,0.71455,0,0
2015-07-08,02:00:00,0.71455,0.71493,0.71377,0.71412,0,0
2015-07-08,03:00:00,0.71412,0.7148,0.71411,0.71471,0,0
2015-07-08,04:00:00,0.71472,0.71482,0.71393,0.71436,0,0
2015-07-08,05:00:00,0.71436,0.71505,0.71431,0.71494,0,0
2015-07-08,06:00:00,0.71494,0.71504,0.71406,0.71468,0,0
2015-07-08,07:00:00,0.71466,0.71467,0.71367,0.7139,0,0
2015-07-08,08:00:00,0.7139,0.71414,0.71357,0.71377,0,0
2015-07-08,09:00:00,0.71374,0.71374,0.7115,0.71179,0,0
2015-07-08,10:00:00,0.71173,0.71259,0.71025,0.71083,0,0
2015-07-08,11:00:00,0.71077,0.71186,0.71063,0.71143,0,0
2015-07-08,12:00:00,0.71147,0.71348,0.71085,0.71338,0,0
2015-07-08,13:00:00,0.71337,0.71376,0.71152,0.71376,0,0
2015-07-08,14:00:00,0.71374,0.71477,0.7124,0.71241,0,0
2015-07-08,15:00:00,0.71243,0.7127,0.70972,0.71028,0,0
2015-07-08,16:00:00,0.71031,0.7117,0.70885,0.71134,0,0
2015-07-08,17:00:00,0.71138,0.71236,0.70952,0.71012,0,0
2015-07-08,18:00:00,0.7101,0.71043,0.70918,0.70983,0,0
2015-07-08,19:00:00,0.70978,0.71008,0.70899,0.70982,0,0
2015-07-08,20:00:00,0.70985,0.71092,0.70934,0.70993,0,0
2015-07-08,21:00:00,0.70992,0.71021,0.7089,0.70952,0,0
2015-07-08,22:00:00,0.70944,0.70982,0.70907,0.7091,0,0
2015-07-08,23:00:00,0.7091,0.70921,0.70815,0.7082,0,0
2015-07-08,23:59:00,0.7082,0.70893,0.7082,0.7087,0,0
2015-07-09,01:00:00,0.70866,0.70897,0.70859,0.70875,0,0
2015-07-09,02:00:00,0.70875,0.70966,0.70854,0.70949,0,0
2015-07-09,03:00:00,0.70949,0.70982,0.70879,0.70966,0,0
2015-07-09,04:00:00,0.70966,0.7101,0.70917,0.70984,0,0
2015-07-09,05:00:00,0.70984,0.71032,0.70975,0.70985,0,0
2015-07-09,06:00:00,0.70985,0.7101,0.7096,0.70977,0,0
2015-07-09,07:00:00,0.70977,0.71025,0.70945,0.7101,0,0
2015-07-09,08:00:00,0.7101,0.71027,0.7086,0.70955,0,0
2015-07-09,09:00:00,0.7095,0.71001,0.70824,0.70883,0,0
2015-07-09,10:00:00,0.70885,0.71168,0.70885,0.71148,0,0
2015-07-09,11:00:00,0.7114,0.71226,0.71108,0.71152,0,0
2015-07-09,12:00:00,0.71154,0.71325,0.71154,0.7122,0,0
2015-07-09,13:00:00,0.71224,0.71254,0.7116,0.71202,0,0
2015-07-09,14:00:00,0.71197,0.71317,0.71188,0.71291,0,0
2015-07-09,15:00:00,0.71291,0.71555,0.71252,0.71422,0,0
2015-07-09,16:00:00,0.71422,0.71445,0.71194,0.71202,0,0
2015-07-09,17:00:00,0.71207,0.71207,0.71067,0.71076,0,0
2015-07-09,18:00:00,0.71072,0.71294,0.71065,0.71262,0,0
2015-07-09,19:00:00,0.71262,0.71442,0.71249,0.71435,0,0
2015-07-09,20:00:00,0.71446,0.7147,0.7134,0.71396,0,0
2015-07-09,21:00:00,0.71396,0.71411,0.71338,0.71388,0,0
2015-07-09,22:00:00,0.71388,0.71394,0.71319,0.7137,0,0
2015-07-09,23:00:00,0.71374,0.7143,0.7129,0.71301,0,0
2015-07-09,23:59:00,0.71306,0.71355,0.71256,0.71256,0,0
2015-07-10,01:00:00,0.71255,0.71257,0.71028,0.71088,0,0
2015-07-10,02:00:00,0.71087,0.71171,0.71065,0.71134,0,0
2015-07-10,03:00:00,0.71134,0.71159,0.71062,0.71062,0,0
2015-07-10,04:00:00,0.71061,0.71087,0.70969,0.71034,0,0
2015-07-10,05:00:00,0.71032,0.71072,0.71005,0.71009,0,0
2015-07-10,06:00:00,0.71009,0.71065,0.70998,0.71036,0,0
2015-07-10,07:00:00,0.71036,0.71061,0.71005,0.71055,0,0
2015-07-10,08:00:00,0.71048,0.71065,0.70861,0.70958,0,0
2015-07-10,09:00:00,0.70966,0.71012,0.7087,0.71003,0,0
2015-07-10,10:00:00,0.70994,0.71073,0.70727,0.70776,0,0
2015-07-10,11:00:00,0.70775,0.70818,0.70661,0.70759,0,0
2015-07-10,12:00:00,0.70759,0.70778,0.70459,0.70524,0,0
2015-07-10,13:00:00,0.7053,0.70567,0.70329,0.70368,0,0
2015-07-10,14:00:00,0.70368,0.70445,0.70295,0.70368,0,0
2015-07-10,15:00:00,0.70368,0.70552,0.70229,0.70372,0,0
2015-07-10,16:00:00,0.70372,0.70435,0.70146,0.70242,0,0
2015-07-10,17:00:00,0.70242,0.70365,0.70189,0.70327,0,0
2015-07-10,18:00:00,0.70325,0.70549,0.70299,0.70541,0,0
2015-07-10,19:00:00,0.70541,0.70646,0.70446,0.70644,0,0
2015-07-10,20:00:00,0.70644,0.70662,0.7056,0.70578,0,0
2015-07-10,21:00:00,0.7058,0.70813,0.7058,0.70794,0,0
2015-07-10,22:00:00,0.70794,0.70842,0.70738,0.70759,0,0
2015-07-10,23:00:00,0.70759,0.70766,0.70757,0.70763,0,0
2015-07-13,01:00:00,0.70728,0.70814,0.70687,0.70814,0,0
2015-07-13,02:00:00,0.70813,0.70832,0.7072,0.70759,0,0
2015-07-13,03:00:00,0.70759,0.70763,0.70706,0.70736,0,0
2015-07-13,04:00:00,0.70737,0.70809,0.70714,0.70721,0,0
2015-07-13,05:00:00,0.70722,0.70769,0.70674,0.70745,0,0
2015-07-13,06:00:00,0.70746,0.70861,0.70714,0.70733,0,0
2015-07-13,07:00:00,0.70733,0.70738,0.70675,0.70708,0,0
2015-07-13,08:00:00,0.70708,0.70749,0.70662,0.70685,0,0
2015-07-13,09:00:00,0.70693,0.70765,0.70367,0.7044,0,0
2015-07-13,10:00:00,0.70435,0.70776,0.70435,0.70751,0,0
2015-07-13,11:00:00,0.70751,0.71005,0.70751,0.70969,0,0
2015-07-13,12:00:00,0.70969,0.71037,0.70923,0.71011,0,0
2015-07-13,13:00:00,0.71009,0.7107,0.70958,0.71047,0,0
2015-07-13,14:00:00,0.71047,0.71148,0.71034,0.71075,0,0
2015-07-13,15:00:00,0.71075,0.71188,0.70992,0.71008,0,0
2015-07-13,16:00:00,0.71012,0.71092,0.70857,0.70879,0,0
2015-07-13,17:00:00,0.7088,0.71151,0.70814,0.71151,0,0
2015-07-13,18:00:00,0.71137,0.71144,0.71027,0.71102,0,0
2015-07-13,19:00:00,0.71102,0.71229,0.71067,0.71211,0,0
2015-07-13,20:00:00,0.71211,0.71254,0.71175,0.71247,0,0
2015-07-13,21:00:00,0.71249,0.7129,0.71173,0.7129,0,0
2015-07-13,22:00:00,0.71295,0.71385,0.71271,0.71364,0,0
2015-07-13,23:00:00,0.71364,0.71373,0.71311,0.71336,0,0
2015-07-13,23:59:00,0.71339,0.71377,0.7131,0.71343,0,0
2015-07-14,01:00:00,0.71327,0.7135,0.71296,0.71306,0,0
2015-07-14,02:00:00,0.71306,0.71398,0.71291,0.71398,0,0
2015-07-14,03:00:00,0.71397,0.71397,0.71339,0.7137,0,0
2015-07-14,04:00:00,0.7137,0.71372,0.71289,0.71295,0,0
2015-07-14,05:00:00,0.71295,0.71352,0.71293,0.71337,0,0
2015-07-14,06:00:00,0.71337,0.71372,0.71296,0.71299,0,0
2015-07-14,07:00:00,0.71296,0.71334,0.71287,0.71295,0,0
2015-07-14,08:00:00,0.71295,0.71352,0.71243,0.71348,0,0
2015-07-14,09:00:00,0.71348,0.715,0.71157,0.71263,0,0
2015-07-14,10:00:00,0.71262,0.71324,0.7103,0.7107,0,0
2015-07-14,11:00:00,0.71081,0.71094,0.70824,0.70869,0,0
2015-07-14,12:00:00,0.70866,0.70949,0.70833,0.70884,0,0
2015-07-14,13:00:00,0.70875,0.70935,0.70768,0.70911,0,0
2015-07-14,14:00:00,0.70915,0.71009,0.70862,0.70984,0,0
2015-07-14,15:00:00,0.70988,0.71066,0.70845,0.70946,0,0
2015-07-14,16:00:00,0.70939,0.71126,0.70872,0.71076,0,0
2015-07-14,17:00:00,0.71072,0.71464,0.71063,0.7142,0,0
2015-07-14,18:00:00,0.71412,0.71412,0.71174,0.71211,0,0
2015-07-14,19:00:00,0.71211,0.71315,0.71208,0.7127,0,0
2015-07-14,20:00:00,0.71269,0.71336,0.71214,0.7128,0,0
2015-07-14,21:00:00,0.7128,0.71303,0.71228,0.71262,0,0
2015-07-14,22:00:00,0.71257,0.71338,0.71253,0.71324,0,0
2015-07-14,23:00:00,0.71324,0.71368,0.71302,0.71368,0,0
2015-07-14,23:59:00,0.7137,0.71381,0.71306,0.71351,0,0
2015-07-15,01:00:00,0.71343,0.71348,0.71302,0.71326,0,0
2015-07-15,02:00:00,0.71325,0.71347,0.71313,0.71338,0,0
2015-07-15,03:00:00,0.71336,0.71423,0.71327,0.71389,0,0
2015-07-15,04:00:00,0.71389,0.71424,0.71383,0.71416,0,0
2015-07-15,05:00:00,0.71416,0.71453,0.7138,0.71408,0,0
2015-07-15,06:00:00,0.71408,0.71422,0.71369,0.71385,0,0
2015-07-15,07:00:00,0.71385,0.71411,0.71375,0.71383,0,0
2015-07-15,08:00:00,0.71383,0.71423,0.71342,0.7137,0,0
2015-07-15,09:00:00,0.71372,0.71409,0.71233,0.713,0,0
2015-07-15,10:00:00,0.71294,0.71335,0.71137,0.71176,0,0
2015-07-15,11:00:00,0.71176,0.7119,0.71058,0.71088,0,0
2015-07-15,12:00:00,0.71086,0.71148,0.71068,0.71099,0,0
2015-07-15,13:00:00,0.71099,0.71143,0.71022,0.71121,0,0
2015-07-15,14:00:00,0.71121,0.71348,0.71116,0.71322,0,0
2015-07-15,15:00:00,0.71322,0.71381,0.71243,0.71272,0,0
2015-07-15,16:00:00,0.71272,0.71437,0.71225,0.71337,0,0
2015-07-15,17:00:00,0.71337,0.71337,0.70612,0.70757,0,0
2015-07-15,18:00:00,0.70765,0.70822,0.70492,0.70511,0,0
2015-07-15,19:00:00,0.70504,0.70622,0.70461,0.7057,0,0
2015-07-15,20:00:00,0.70571,0.70672,0.70558,0.7059,0,0
2015-07-15,21:00:00,0.7059,0.7065,0.70559,0.70646,0,0
2015-07-15,22:00:00,0.70649,0.70714,0.70583,0.70666,0,0
2015-07-15,23:00:00,0.70666,0.70759,0.70647,0.70728,0,0
2015-07-15,23:59:00,0.70711,0.70745,0.70689,0.70725,0,0
2015-07-16,01:00:00,0.70724,0.70768,0.70628,0.7066,0,0
2015-07-16,02:00:00,0.7066,0.70727,0.70632,0.70717,0,0
2015-07-16,03:00:00,0.70717,0.70747,0.70672,0.70691,0,0
2015-07-16,04:00:00,0.70686,0.70816,0.70676,0.70768,0,0
2015-07-16,05:00:00,0.70766,0.70784,0.70709,0.70731,0,0
2015-07-16,06:00:00,0.70731,0.70749,0.70709,0.70723,0,0
2015-07-16,07:00:00,0.70723,0.70761,0.70704,0.70753,0,0
2015-07-16,08:00:00,0.70752,0.7084,0.70721,0.70797,0,0
2015-07-16,09:00:00,0.70793,0.7085,0.70706,0.70784,0,0
2015-07-16,10:00:00,0.70782,0.70926,0.70704,0.7089,0,0
2015-07-16,11:00:00,0.70893,0.70942,0.70826,0.70935,0,0
2015-07-16,12:00:00,0.70935,0.70992,0.70887,0.70897,0,0
2015-07-16,13:00:00,0.70901,0.71011,0.7089,0.70963,0,0
2015-07-16,14:00:00,0.70963,0.71043,0.70923,0.71039,0,0
2015-07-16,15:00:00,0.71043,0.71241,0.7094,0.71225,0,0
2015-07-16,16:00:00,0.71228,0.71239,0.70932,0.70985,0,0
2015-07-16,17:00:00,0.70993,0.71011,0.70904,0.70908,0,0
2015-07-16,18:00:00,0.70908,0.70958,0.70889,0.70924,0,0
2015-07-16,19:00:00,0.70924,0.71045,0.70896,0.71002,0,0
2015-07-16,20:00:00,0.70996,0.71023,0.70893,0.7093,0,0
2015-07-16,21:00:00,0.7093,0.70988,0.70906,0.70922,0,0
2015-07-16,22:00:00,0.70922,0.70971,0.70886,0.70886,0,0
2015-07-16,23:00:00,0.70888,0.70967,0.70879,0.70967,0,0
2015-07-16,23:59:00,0.70962,0.70962,0.70919,0.70954,0,0
2015-07-17,01:00:00,0.70951,0.70959,0.70873,0.70887,0,0
2015-07-17,02:00:00,0.70893,0.7091,0.70842,0.70849,0,0
2015-07-17,03:00:00,0.70851,0.70875,0.70825,0.70855,0,0
2015-07-17,04:00:00,0.70854,0.70872,0.70784,0.70805,0,0
2015-07-17,05:00:00,0.70806,0.70851,0.70786,0.70809,0,0
2015-07-17,06:00:00,0.70808,0.70826,0.7079,0.70808,0,0
2015-07-17,07:00:00,0.70809,0.70854,0.70804,0.70846,0,0
2015-07-17,08:00:00,0.70846,0.70913,0.70823,0.709,0,0
2015-07-17,09:00:00,0.70891,0.70954,0.70849,0.70934,0,0
2015-07-17,10:00:00,0.70934,0.70962,0.7077,0.70857,0,0
2015-07-17,11:00:00,0.70855,0.70893,0.70691,0.70736,0,0
2015-07-17,12:00:00,0.70736,0.70819,0.70718,0.70815,0,0
2015-07-17,13:00:00,0.70816,0.70895,0.70777,0.70797,0,0
2015-07-17,14:00:00,0.70797,0.70831,0.70727,0.70733,0,0
2015-07-17,15:00:00,0.70733,0.70909,0.70716,0.70868,0,0
2015-07-17,16:00:00,0.70863,0.71028,0.70835,0.70899,0,0
2015-07-17,17:00:00,0.70899,0.71024,0.7089,0.70996,0,0
2015-07-17,18:00:00,0.70991,0.71024,0.70862,0.70927,0,0
2015-07-17,19:00:00,0.70919,0.70973,0.70903,0.70905,0,0
2015-07-17,20:00:00,0.70906,0.7097,0.70906,0.70947,0,0
2015-07-17,21:00:00,0.7095,0.70992,0.7093,0.70969,0,0
2015-07-17,22:00:00,0.70973,0.71013,0.70956,0.71004,0,0
2015-07-17,23:00:00,0.71003,0.71003,0.70999,0.71002,0,0
2015-07-20,01:00:00,0.71106,0.71109,0.71054,0.71075,0,0
2015-07-20,02:00:00,0.71075,0.71101,0.71068,0.71093,0,0
2015-07-20,03:00:00,0.71095,0.71107,0.71058,0.71092,0,0
2015-07-20,04:00:00,0.71092,0.71135,0.71072,0.71135,0,0
2015-07-20,05:00:00,0.71141,0.7115,0.7107,0.71091,0,0
2015-07-20,06:00:00,0.71093,0.71112,0.71079,0.71112,0,0
2015-07-20,07:00:00,0.71112,0.71135,0.71077,0.71121,0,0
2015-07-20,08:00:00,0.71114,0.7116,0.71095,0.71141,0,0
2015-07-20,09:00:00,0.71139,0.71189,0.7109,0.71141,0,0
2015-07-20,10:00:00,0.71163,0.71163,0.7103,0.71048,0,0
2015-07-20,11:00:00,0.71043,0.71052,0.70926,0.71018,0,0
2015-07-20,12:00:00,0.71016,0.71095,0.70973,0.7103,0,0
2015-07-20,13:00:00,0.71025,0.71085,0.70977,0.71034,0,0
2015-07-20,14:00:00,0.71033,0.71065,0.70965,0.70982,0,0
2015-07-20,15:00:00,0.70994,0.71076,0.70916,0.70965,0,0
2015-07-20,16:00:00,0.70972,0.7106,0.70881,0.7092,0,0
2015-07-20,17:00:00,0.709,0.70978,0.70779,0.70968,0,0
2015-07-20,18:00:00,0.70969,0.71043,0.70923,0.71004,0,0
2015-07-20,19:00:00,0.70995,0.7102,0.70962,0.71006,0,0
2015-07-20,20:00:00,0.71005,0.71018,0.70963,0.71011,0,0
2015-07-20,21:00:00,0.71011,0.71096,0.70994,0.7102,0,0
2015-07-20,22:00:00,0.71027,0.71059,0.70994,0.71008,0,0
2015-07-20,23:00:00,0.71008,0.71155,0.71008,0.71092,0,0
2015-07-20,23:59:00,0.71091,0.71109,0.71037,0.71086,0,0
