Date,Time,Open,High,Low,Close,Volume,OpenInt
2015-04-22,01:00:00,0.54559,0.54593,0.54555,0.54587,0,0
2015-04-22,02:00:00,0.54586,0.54588,0.54563,0.54584,0,0
2015-04-22,03:00:00,0.54585,0.54607,0.54557,0.54574,0,0
2015-04-22,04:00:00,0.54574,0.54611,0.54562,0.54594,0,0
2015-04-22,05:00:00,0.54594,0.54613,0.54578,0.54592,0,0
2015-04-22,06:00:00,0.54593,0.54607,0.5458,0.54583,0,0
2015-04-22,07:00:00,0.54582,0.54606,0.54573,0.546,0,0
2015-04-22,08:00:00,0.54603,0.54634,0.54579,0.54623,0,0
2015-04-22,09:00:00,0.54619,0.54658,0.54588,0.54628,0,0
2015-04-22,10:00:00,0.54622,0.54657,0.54604,0.54651,0,0
2015-04-22,11:00:00,0.54651,0.54706,0.54487,0.54536,0,0
2015-04-22,12:00:00,0.5454,0.5454,0.54377,0.54435,0,0
2015-04-22,13:00:00,0.54436,0.54462,0.54345,0.54346,0,0
2015-04-22,14:00:00,0.54346,0.54347,0.54218,0.54228,0,0
2015-04-22,15:00:00,0.54228,0.5432,0.54158,0.54275,0,0
2015-04-22,16:00:00,0.54277,0.54381,0.54269,0.54361,0,0
2015-04-22,17:00:00,0.54363,0.54379,0.54261,0.54284,0,0
2015-04-22,18:00:00,0.54284,0.54367,0.54206,0.54336,0,0
2015-04-22,19:00:00,0.54336,0.54392,0.5429,0.54392,0,0
2015-04-22,20:00:00,0.5439,0.54397,0.54318,0.54349,0,0
2015-04-22,21:00:00,0.54351,0.54374,0.54289,0.54325,0,0
2015-04-22,22:00:00,0.54329,0.54385,0.54324,0.54377,0,0
2015-04-22,23:00:00,0.54379,0.54393,0.54318,0.54341,0,0
2015-04-22,23:59:00,0.54341,0.5436,0.54309,0.54313,0,0
2015-04-23,01:00:00,0.54317,0.5433,0.54295,0.54309,0,0
2015-04-23,02:00:00,0.5431,0.54332,0.54298,0.5431,0,0
2015-04-23,03:00:00,0.54316,0.54326,0.54265,0.54267,0,0
2015-04-23,04:00:00,0.54264,0.54298,0.54257,0.54295,0,0
2015-04-23,05:00:00,0.54294,0.54307,0.54276,0.54299,0,0
2015-04-23,06:00:00,0.54299,0.54345,0.54297,0.54337,0,0
2015-04-23,07:00:00,0.54337,0.54356,0.54305,0.5435,0,0
2015-04-23,08:00:00,0.5435,0.54356,0.54332,0.54343,0,0
2015-04-23,09:00:00,0.54343,0.54394,0.54332,0.54365,0,0
2015-04-23,10:00:00,0.54368,0.54517,0.54365,0.54489,0,0
2015-04-23,11:00:00,0.54489,0.54595,0.54409,0.54432,0,0
2015-04-23,12:00:00,0.54434,0.54498,0.54396,0.5443,0,0
2015-04-23,13:00:00,0.54437,0.54472,0.54385,0.54439,0,0
2015-04-23,14:00:00,0.5444,0.54501,0.54406,0.54418,0,0
2015-04-23,15:00:00,0.54417,0.54507,0.54393,0.54504,0,0
2015-04-23,16:00:00,0.54502,0.54631,0.54482,0.54612,0,0
2015-04-23,17:00:00,0.54612,0.54669,0.54576,0.54629,0,0
2015-04-23,18:00:00,0.54627,0.54742,0.54627,0.54714,0,0
2015-04-23,19:00:00,0.54714,0.54764,0.54697,0.54748,0,0
2015-04-23,20:00:00,0.54748,0.54769,0.54662,0.54707,0,0
2015-04-23,21:00:00,0.54708,0.54716,0.5465,0.54707,0,0
2015-04-23,22:00:00,0.54706,0.54706,0.54661,0.54669,0,0
2015-04-23,23:00:00,0.54669,0.547,0.54656,0.54687,0,0
2015-04-23,23:59:00,0.54684,0.54699,0.54651,0.54657,0,0
2015-04-24,01:00:00,0.54665,0.54699,0.54665,0.54672,0,0
2015-04-24,02:00:00,0.54672,0.54702,0.54668,0.54696,0,0
2015-04-24,03:00:00,0.54694,0.54714,0.54674,0.54703,0,0
2015-04-24,04:00:00,0.54703,0.54739,0.54684,0.54731,0,0
2015-04-24,05:00:00,0.54734,0.54749,0.54719,0.54727,0,0
2015-04-24,06:00:00,0.54727,0.54752,0.54717,0.54736,0,0
2015-04-24,07:00:00,0.5474,0.5474,0.54693,0.54714,0,0
2015-04-24,08:00:00,0.54714,0.54715,0.54667,0.54679,0,0
2015-04-24,09:00:00,0.5468,0.5468,0.54532,0.54543,0,0
2015-04-24,10:00:00,0.54543,0.54561,0.54451,0.54451,0,0
2015-04-24,11:00:00,0.54451,0.54553,0.54438,0.54455,0,0
2015-04-24,12:00:00,0.5446,0.54512,0.54433,0.545,0,0
2015-04-24,13:00:00,0.54498,0.54552,0.54465,0.5451,0,0
2015-04-24,14:00:00,0.5451,0.54592,0.5448,0.54584,0,0
2015-04-24,15:00:00,0.54584,0.54593,0.54447,0.54463,0,0
2015-04-24,16:00:00,0.54464,0.54475,0.54266,0.54365,0,0
2015-04-24,17:00:00,0.54365,0.54378,0.54175,0.54181,0,0
2015-04-24,18:00:00,0.54181,0.54228,0.54113,0.54157,0,0
2015-04-24,19:00:00,0.54157,0.54205,0.54144,0.54156,0,0
2015-04-24,20:00:00,0.54145,0.54165,0.54116,0.54147,0,0
2015-04-24,21:00:00,0.5415,0.54225,0.5414,0.54144,0,0
2015-04-24,22:00:00,0.54144,0.54168,0.54127,0.54134,0,0
2015-04-24,23:00:00,0.54135,0.54146,0.54135,0.54146,0,0
2015-04-27,01:00:00,0.54072,0.54104,0.54064,0.54099,0,0
2015-04-27,02:00:00,0.54098,0.54149,0.54098,0.54143,0,0
2015-04-27,03:00:00,0.54143,0.54189,0.54124,0.5417,0,0
2015-04-27,04:00:00,0.54169,0.54221,0.54163,0.5422,0,0
2015-04-27,05:00:00,0.54219,0.54229,0.5418,0.54188,0,0
2015-04-27,06:00:00,0.54184,0.54196,0.54161,0.54181,0,0
2015-04-27,07:00:00,0.54178,0.5419,0.5415,0.54166,0,0
2015-04-27,08:00:00,0.54164,0.54179,0.54156,0.54173,0,0
2015-04-27,09:00:00,0.54176,0.54217,0.54156,0.54198,0,0
2015-04-27,10:00:00,0.54197,0.54201,0.54119,0.54168,0,0
2015-04-27,11:00:00,0.5417,0.5426,0.54151,0.5424,0,0
2015-04-27,12:00:00,0.54239,0.54317,0.54236,0.54312,0,0
2015-04-27,13:00:00,0.54311,0.54389,0.54294,0.54364,0,0
2015-04-27,14:00:00,0.54364,0.54412,0.54356,0.54412,0,0
2015-04-27,15:00:00,0.5441,0.54449,0.54308,0.54308,0,0
2015-04-27,16:00:00,0.54314,0.54458,0.54314,0.54418,0,0
2015-04-27,17:00:00,0.54421,0.54523,0.54352,0.54361,0,0
2015-04-27,18:00:00,0.54353,0.54359,0.54215,0.54224,0,0
2015-04-27,19:00:00,0.54224,0.54269,0.5418,0.54199,0,0
2015-04-27,20:00:00,0.54199,0.54229,0.54158,0.54215,0,0
2015-04-27,21:00:00,0.54213,0.54338,0.54201,0.54338,0,0
2015-04-27,22:00:00,0.5434,0.5434,0.54264,0.54265,0,0
2015-04-27,23:00:00,0.54264,0.54317,0.54264,0.54302,0,0
2015-04-27,23:59:00,0.54302,0.54327,0.54277,0.54308,0,0
2015-04-28,01:00:00,0.54313,0.54329,0.54297,0.54303,0,0
2015-04-28,02:00:00,0.5431,0.54334,0.54302,0.54315,0,0
2015-04-28,03:00:00,0.54315,0.54323,0.54281,0.54281,0,0
2015-04-28,04:00:00,0.54282,0.54305,0.54272,0.54275,0,0
2015-04-28,05:00:00,0.54274,0.54282,0.54256,0.54278,0,0
2015-04-28,06:00:00,0.54278,0.54281,0.54247,0.54249,0,0
2015-04-28,07:00:00,0.54248,0.54256,0.54214,0.54214,0,0
2015-04-28,08:00:00,0.54215,0.54245,0.54201,0.54227,0,0
2015-04-28,09:00:00,0.54231,0.54245,0.54169,0.54208,0,0
2015-04-28,10:00:00,0.54207,0.54253,0.5415,0.54154,0,0
2015-04-28,11:00:00,0.54151,0.5442,0.54149,0.54341,0,0
2015-04-28,12:00:00,0.54341,0.54355,0.54258,0.54315,0,0
2015-04-28,13:00:00,0.54315,0.54315,0.54192,0.54239,0,0
2015-04-28,14:00:00,0.54239,0.54274,0.54199,0.54241,0,0
2015-04-28,15:00:00,0.5424,0.54259,0.54152,0.54246,0,0
2015-04-28,16:00:00,0.54246,0.54253,0.54087,0.54134,0,0
2015-04-28,17:00:00,0.54135,0.54253,0.54135,0.54242,0,0
2015-04-28,18:00:00,0.54234,0.54307,0.54185,0.54281,0,0
2015-04-28,19:00:00,0.54281,0.54319,0.5426,0.54295,0,0
2015-04-28,20:00:00,0.54295,0.54316,0.5422,0.54237,0,0
2015-04-28,21:00:00,0.54235,0.54256,0.54201,0.54201,0,0
2015-04-28,22:00:00,0.54201,0.54293,0.54192,0.54236,0,0
2015-04-28,23:00:00,0.54237,0.54246,0.54164,0.54179,0,0
2015-04-28,23:59:00,0.54179,0.54236,0.54178,0.54219,0,0
2015-04-29,01:00:00,0.54212,0.54213,0.54164,0.5419,0,0
2015-04-29,02:00:00,0.5419,0.54206,0.54175,0.54181,0,0
2015-04-29,03:00:00,0.54181,0.54199,0.54138,0.54154,0,0
2015-04-29,04:00:00,0.54154,0.54168,0.54128,0.54151,0,0
2015-04-29,05:00:00,0.54151,0.54157,0.54132,0.54139,0,0
2015-04-29,06:00:00,0.54139,0.54165,0.54135,0.54161,0,0
2015-04-29,07:00:00,0.54161,0.54171,0.54144,0.54165,0,0
2015-04-29,08:00:00,0.54163,0.5418,0.54144,0.54179,0,0
2015-04-29,09:00:00,0.54178,0.54186,0.54098,0.54125,0,0
2015-04-29,10:00:00,0.54123,0.54127,0.54037,0.54075,0,0
2015-04-29,11:00:00,0.54075,0.5408,0.53966,0.54044,0,0
2015-04-29,12:00:00,0.54045,0.54095,0.5394,0.53944,0,0
2015-04-29,13:00:00,0.53947,0.54006,0.53906,0.53955,0,0
2015-04-29,14:00:00,0.53955,0.54037,0.53946,0.54013,0,0
2015-04-29,15:00:00,0.54013,0.54148,0.53954,0.54087,0,0
2015-04-29,16:00:00,0.54087,0.54213,0.54057,0.54188,0,0
2015-04-29,17:00:00,0.54186,0.54208,0.54039,0.541,0,0
2015-04-29,18:00:00,0.54098,0.54104,0.53991,0.54025,0,0
2015-04-29,19:00:00,0.54025,0.54049,0.53998,0.54022,0,0
2015-04-29,20:00:00,0.54023,0.54035,0.53913,0.53913,0,0
2015-04-29,21:00:00,0.53915,0.54035,0.53907,0.53948,0,0
2015-04-29,22:00:00,0.53945,0.53968,0.5391,0.53913,0,0
2015-04-29,23:00:00,0.53908,0.53944,0.53894,0.53896,0,0
2015-04-29,23:59:00,0.53896,0.53971,0.53885,0.53926,0,0
2015-04-30,01:00:00,0.53926,0.53951,0.53919,0.53937,0,0
2015-04-30,02:00:00,0.53936,0.53944,0.53918,0.5393,0,0
2015-04-30,03:00:00,0.53926,0.53951,0.53902,0.53919,0,0
2015-04-30,04:00:00,0.53921,0.53923,0.53868,0.53872,0,0
2015-04-30,05:00:00,0.53869,0.53892,0.53849,0.53888,0,0
2015-04-30,06:00:00,0.53892,0.53909,0.53878,0.53903,0,0
2015-04-30,07:00:00,0.53902,0.53925,0.53893,0.53914,0,0
2015-04-30,08:00:00,0.53914,0.53939,0.53913,0.53918,0,0
2015-04-30,09:00:00,0.53946,0.53946,0.53855,0.5386,0,0
2015-04-30,10:00:00,0.53857,0.53905,0.53764,0.53866,0,0
2015-04-30,11:00:00,0.53866,0.53899,0.53753,0.53791,0,0
2015-04-30,12:00:00,0.53801,0.53854,0.53726,0.53846,0,0
2015-04-30,13:00:00,0.53844,0.53931,0.53828,0.53837,0,0
2015-04-30,14:00:00,0.53836,0.53901,0.53821,0.53897,0,0
2015-04-30,15:00:00,0.53897,0.54082,0.53857,0.54025,0,0
2015-04-30,16:00:00,0.54018,0.5406,0.53919,0.5396,0,0
2015-04-30,17:00:00,0.53961,0.53998,0.53725,0.53725,0,0
2015-04-30,18:00:00,0.53725,0.53839,0.53621,0.53839,0,0
2015-04-30,19:00:00,0.53845,0.53944,0.53772,0.53935,0,0
2015-04-30,20:00:00,0.53935,0.5398,0.53899,0.5398,0,0
2015-04-30,21:00:00,0.53984,0.53994,0.53859,0.53859,0,0
2015-04-30,22:00:00,0.53861,0.54017,0.53792,0.54007,0,0
2015-04-30,23:00:00,0.53998,0.54001,0.53944,0.53944,0,0
2015-04-30,23:59:00,0.53944,0.54006,0.53926,0.53988,0,0
2015-05-01,01:00:00,0.53983,0.53983,0.53924,0.53932,0,0
2015-05-01,02:00:00,0.53932,0.53951,0.53901,0.53918,0,0
2015-05-01,03:00:00,0.53918,0.5393,0.53862,0.53899,0,0
2015-05-01,04:00:00,0.53894,0.5391,0.5387,0.53895,0,0
2015-05-01,05:00:00,0.53895,0.53909,0.53871,0.53904,0,0
2015-05-01,06:00:00,0.53904,0.53909,0.53889,0.53901,0,0
2015-05-01,07:00:00,0.53901,0.53913,0.53886,0.539,0,0
2015-05-01,08:00:00,0.539,0.53907,0.53877,0.53886,0,0
2015-05-01,09:00:00,0.53888,0.53977,0.53885,0.53901,0,0
2015-05-01,10:00:00,0.53901,0.53922,0.53757,0.53775,0,0
2015-05-01,11:00:00,0.5376,0.54063,0.53747,0.54056,0,0
2015-05-01,12:00:00,0.54059,0.54094,0.54004,0.54088,0,0
2015-05-01,13:00:00,0.54089,0.5413,0.5405,0.54107,0,0
2015-05-01,14:00:00,0.54109,0.54115,0.54033,0.54085,0,0
2015-05-01,15:00:00,0.54085,0.54198,0.54069,0.54114,0,0
2015-05-01,16:00:00,0.54116,0.54216,0.54066,0.54193,0,0
2015-05-01,17:00:00,0.54193,0.54193,0.54014,0.54176,0,0
2015-05-01,18:00:00,0.54176,0.54304,0.54169,0.5419,0,0
2015-05-01,19:00:00,0.5419,0.54321,0.54178,0.54313,0,0
2015-05-01,20:00:00,0.54314,0.54315,0.54242,0.5426,0,0
2015-05-01,21:00:00,0.54264,0.54345,0.5425,0.54292,0,0
2015-05-01,22:00:00,0.54297,0.54318,0.5423,0.54306,0,0
2015-05-01,23:00:00,0.54303,0.54306,0.54287,0.54288,0,0
2015-05-04,01:00:00,0.54299,0.54301,0.54234,0.54247,0,0
2015-05-04,02:00:00,0.54248,0.54281,0.54233,0.54255,0,0
2015-05-04,03:00:00,0.54255,0.54271,0.54223,0.54242,0,0
2015-05-04,04:00:00,0.54242,0.54247,0.54178,0.54203,0,0
2015-05-04,05:00:00,0.54203,0.54204,0.54175,0.54186,0,0
2015-05-04,06:00:00,0.54186,0.542,0.54171,0.5419,0,0
2015-05-04,07:00:00,0.5419,0.5423,0.54183,0.54227,0,0
2015-05-04,08:00:00,0.54227,0.5426,0.54227,0.54248,0,0
2015-05-04,09:00:00,0.54248,0.5434,0.54225,0.54298,0,0
2015-05-04,10:00:00,0.54301,0.54375,0.54286,0.54308,0,0
2015-05-04,11:00:00,0.54306,0.54357,0.54283,0.54349,0,0
2015-05-04,12:00:00,0.54349,0.5452,0.54345,0.54511,0,0
2015-05-04,13:00:00,0.54511,0.54604,0.54491,0.54604,0,0
2015-05-04,14:00:00,0.54603,0.54628,0.5457,0.54612,0,0
2015-05-04,15:00:00,0.54612,0.54625,0.54565,0.54601,0,0
2015-05-04,16:00:00,0.54599,0.5461,0.54551,0.54587,0,0
2015-05-04,17:00:00,0.54586,0.54671,0.54559,0.54589,0,0
2015-05-04,18:00:00,0.546,0.5467,0.5456,0.54636,0,0
2015-05-04,19:00:00,0.54636,0.54643,0.54591,0.54602,0,0
2015-05-04,20:00:00,0.54601,0.54623,0.54587,0.54616,0,0
2015-05-04,21:00:00,0.54616,0.54672,0.54595,0.54653,0,0
2015-05-04,22:00:00,0.54655,0.54699,0.54646,0.5467,0,0
2015-05-04,23:00:00,0.54669,0.54713,0.54665,0.54687,0,0
2015-05-04,23:59:00,0.54679,0.54705,0.54668,0.5469,0,0
2015-05-05,01:00:00,0.54687,0.54707,0.54675,0.54694,0,0
2015-05-05,02:00:00,0.54696,0.5471,0.5467,0.54687,0,0
2015-05-05,03:00:00,0.54687,0.54687,0.54623,0.54629,0,0
2015-05-05,04:00:00,0.5463,0.5463,0.54607,0.54617,0,0
2015-05-05,05:00:00,0.54617,0.54621,0.54594,0.54608,0,0
2015-05-05,06:00:00,0.54611,0.54617,0.54595,0.54607,0,0
2015-05-05,07:00:00,0.54608,0.54636,0.54569,0.54594,0,0
2015-05-05,08:00:00,0.54593,0.5461,0.54554,0.54559,0,0
2015-05-05,09:00:00,0.54559,0.54589,0.54524,0.5458,0,0
2015-05-05,10:00:00,0.5458,0.54604,0.54532,0.54544,0,0
2015-05-05,11:00:00,0.54544,0.54663,0.54478,0.5457,0,0
2015-05-05,12:00:00,0.54574,0.54682,0.54571,0.54682,0,0
2015-05-05,13:00:00,0.54685,0.54712,0.54632,0.54639,0,0
2015-05-05,14:00:00,0.54639,0.54729,0.54622,0.54722,0,0
2015-05-05,15:00:00,0.54722,0.54752,0.54516,0.54731,0,0
2015-05-05,16:00:00,0.54727,0.54831,0.54693,0.54702,0,0
2015-05-05,17:00:00,0.54693,0.5483,0.54663,0.54822,0,0
2015-05-05,18:00:00,0.54822,0.54858,0.54687,0.54735,0,0
2015-05-05,19:00:00,0.54736,0.54757,0.54628,0.54643,0,0
2015-05-05,20:00:00,0.54643,0.54646,0.54595,0.54633,0,0
2015-05-05,21:00:00,0.54632,0.54651,0.54585,0.546,0,0
2015-05-05,22:00:00,0.546,0.54624,0.54586,0.54611,0,0
2015-05-05,23:00:00,0.54611,0.54611,0.54555,0.54578,0,0
2015-05-05,23:59:00,0.54578,0.54617,0.5456,0.54575,0,0
2015-05-06,01:00:00,0.54574,0.5459,0.54546,0.54568,0,0
2015-05-06,02:00:00,0.54568,0.54604,0.54556,0.54593,0,0
2015-05-06,03:00:00,0.54592,0.54599,0.54546,0.5455,0,0
2015-05-06,04:00:00,0.5455,0.54605,0.54539,0.54596,0,0
2015-05-06,05:00:00,0.54596,0.54641,0.54574,0.54629,0,0
2015-05-06,06:00:00,0.54629,0.54652,0.54616,0.5465,0,0
2015-05-06,07:00:00,0.54651,0.54664,0.54615,0.54621,0,0
2015-05-06,08:00:00,0.54621,0.54622,0.54599,0.54608,0,0
2015-05-06,09:00:00,0.54608,0.54624,0.54515,0.54518,0,0
2015-05-06,10:00:00,0.54518,0.54737,0.54502,0.54721,0,0
2015-05-06,11:00:00,0.54721,0.54832,0.54667,0.54791,0,0
2015-05-06,12:00:00,0.54791,0.54828,0.54726,0.54727,0,0
2015-05-06,13:00:00,0.54726,0.54755,0.5457,0.54607,0,0
2015-05-06,14:00:00,0.54609,0.54695,0.54591,0.5468,0,0
2015-05-06,15:00:00,0.54679,0.5475,0.54605,0.54698,0,0
2015-05-06,16:00:00,0.54699,0.54788,0.54634,0.54645,0,0
2015-05-06,17:00:00,0.54652,0.54796,0.54652,0.54791,0,0
2015-05-06,18:00:00,0.54797,0.54814,0.54615,0.54632,0,0
2015-05-06,19:00:00,0.54623,0.54629,0.54537,0.54558,0,0
2015-05-06,20:00:00,0.54558,0.54567,0.54447,0.54478,0,0
2015-05-06,21:00:00,0.54478,0.54484,0.54404,0.54463,0,0
2015-05-06,22:00:00,0.54463,0.5448,0.5444,0.54451,0,0
2015-05-06,23:00:00,0.54452,0.54508,0.54443,0.54456,0,0
2015-05-06,23:59:00,0.54449,0.54492,0.54446,0.54467,0,0
2015-05-07,01:00:00,0.54469,0.5451,0.54455,0.54499,0,0
2015-05-07,02:00:00,0.54499,0.54519,0.54485,0.5449,0,0
2015-05-07,03:00:00,0.54489,0.54505,0.54467,0.54467,0,0
2015-05-07,04:00:00,0.54468,0.54494,0.54449,0.54473,0,0
2015-05-07,05:00:00,0.54473,0.54479,0.54448,0.5447,0,0
2015-05-07,06:00:00,0.54469,0.54484,0.54463,0.54481,0,0
2015-05-07,07:00:00,0.54478,0.54493,0.5447,0.54482,0,0
2015-05-07,08:00:00,0.54481,0.54493,0.54441,0.54441,0,0
2015-05-07,09:00:00,0.54441,0.54569,0.54441,0.54566,0,0
2015-05-07,10:00:00,0.54566,0.54571,0.54422,0.54462,0,0
2015-05-07,11:00:00,0.54462,0.54606,0.54462,0.54526,0,0
2015-05-07,12:00:00,0.54532,0.54535,0.54312,0.54393,0,0
2015-05-07,13:00:00,0.54393,0.54476,0.54354,0.54441,0,0
2015-05-07,14:00:00,0.54441,0.54475,0.54313,0.54419,0,0
2015-05-07,15:00:00,0.54419,0.54449,0.5432,0.54383,0,0
2015-05-07,16:00:00,0.54383,0.5441,0.54282,0.54329,0,0
2015-05-07,17:00:00,0.54328,0.54328,0.54066,0.54141,0,0
2015-05-07,18:00:00,0.54145,0.54151,0.54039,0.54095,0,0
2015-05-07,19:00:00,0.54103,0.54115,0.54051,0.54087,0,0
2015-05-07,20:00:00,0.5409,0.54117,0.54007,0.54031,0,0
2015-05-07,21:00:00,0.54036,0.5405,0.53947,0.53996,0,0
2015-05-07,22:00:00,0.54001,0.54062,0.53991,0.54053,0,0
2015-05-07,23:00:00,0.54055,0.54098,0.54003,0.54057,0,0
2015-05-07,23:59:00,0.54069,0.5407,0.53457,0.53557,0,0
2015-05-08,01:00:00,0.53538,0.53688,0.53532,0.53655,0,0
2015-05-08,02:00:00,0.53656,0.53734,0.5358,0.5365,0,0
2015-05-08,03:00:00,0.5365,0.53681,0.53616,0.53632,0,0
2015-05-08,04:00:00,0.53632,0.53636,0.53488,0.53518,0,0
2015-05-08,05:00:00,0.53516,0.53524,0.53311,0.53314,0,0
2015-05-08,06:00:00,0.53314,0.53426,0.53296,0.53383,0,0
2015-05-08,07:00:00,0.53383,0.53398,0.53221,0.53246,0,0
2015-05-08,08:00:00,0.53246,0.53382,0.53227,0.53357,0,0
2015-05-08,09:00:00,0.53357,0.5356,0.53356,0.53446,0,0
2015-05-08,10:00:00,0.53448,0.53481,0.53309,0.53389,0,0
2015-05-08,11:00:00,0.53389,0.53496,0.53347,0.53415,0,0
2015-05-08,12:00:00,0.53415,0.53573,0.53408,0.53549,0,0
2015-05-08,13:00:00,0.53548,0.53637,0.53531,0.53546,0,0
2015-05-08,14:00:00,0.53552,0.53582,0.53513,0.53557,0,0
2015-05-08,15:00:00,0.53557,0.53744,0.53485,0.5361,0,0
2015-05-08,16:00:00,0.53608,0.53704,0.53523,0.53563,0,0
2015-05-08,17:00:00,0.53566,0.53625,0.5344,0.5344,0,0
2015-05-08,18:00:00,0.53443,0.53581,0.53402,0.53539,0,0
2015-05-08,19:00:00,0.53541,0.53588,0.5349,0.5349,0,0
2015-05-08,20:00:00,0.53509,0.5359,0.53482,0.53532,0,0
2015-05-08,21:00:00,0.53538,0.5357,0.53496,0.53502,0,0
2015-05-08,22:00:00,0.53503,0.53546,0.535,0.53514,0,0
2015-05-08,23:00:00,0.53513,0.53523,0.53513,0.53523,0,0
2015-05-11,01:00:00,0.53534,0.53584,0.53531,0.53559,0,0
2015-05-11,02:00:00,0.53559,0.53596,0.53554,0.53576,0,0
2015-05-11,03:00:00,0.53576,0.53587,0.53556,0.53579,0,0
2015-05-11,04:00:00,0.53591,0.53598,0.53563,0.53573,0,0
2015-05-11,05:00:00,0.53572,0.53588,0.53497,0.53514,0,0
2015-05-11,06:00:00,0.53514,0.53529,0.53494,0.53497,0,0
2015-05-11,07:00:00,0.53497,0.53504,0.53479,0.535,0,0
2015-05-11,08:00:00,0.535,0.53514,0.53473,0.53492,0,0
2015-05-11,09:00:00,0.53492,0.53511,0.53442,0.53488,0,0
2015-05-11,10:00:00,0.53492,0.53537,0.53438,0.53449,0,0
2015-05-11,11:00:00,0.53452,0.53491,0.53423,0.53487,0,0
2015-05-11,12:00:00,0.53486,0.5351,0.53316,0.53317,0,0
2015-05-11,13:00:00,0.53318,0.53341,0.53197,0.53252,0,0
2015-05-11,14:00:00,0.53252,0.53352,0.53247,0.53326,0,0
2015-05-11,15:00:00,0.53322,0.53403,0.53268,0.53283,0,0
2015-05-11,16:00:00,0.53283,0.53383,0.53216,0.53252,0,0
2015-05-11,17:00:00,0.53251,0.53259,0.53179,0.5318,0,0
2015-05-11,18:00:00,0.53175,0.53218,0.52956,0.52972,0,0
2015-05-11,19:00:00,0.52972,0.53056,0.52933,0.53021,0,0
2015-05-11,20:00:00,0.53021,0.53047,0.5298,0.5304,0,0
2015-05-11,21:00:00,0.53041,0.53117,0.53023,0.53034,0,0
2015-05-11,22:00:00,0.53032,0.53047,0.52962,0.52974,0,0
2015-05-11,23:00:00,0.52969,0.53054,0.52969,0.53023,0,0
2015-05-11,23:59:00,0.53023,0.53053,0.53008,0.53036,0,0
2015-05-12,01:00:00,0.53033,0.53078,0.53022,0.53065,0,0
2015-05-12,02:00:00,0.53065,0.53084,0.53045,0.53072,0,0
2015-05-12,03:00:00,0.53072,0.53078,0.53049,0.53067,0,0
2015-05-12,04:00:00,0.53067,0.53083,0.53045,0.53071,0,0
2015-05-12,05:00:00,0.53073,0.53106,0.53066,0.53104,0,0
2015-05-12,06:00:00,0.53104,0.53121,0.53087,0.53108,0,0
2015-05-12,07:00:00,0.53111,0.53121,0.53097,0.53105,0,0
2015-05-12,08:00:00,0.53105,0.53128,0.53085,0.53104,0,0
2015-05-12,09:00:00,0.53103,0.53121,0.53031,0.53091,0,0
2015-05-12,10:00:00,0.53091,0.53222,0.53072,0.53219,0,0
2015-05-12,11:00:00,0.53221,0.53225,0.52987,0.53034,0,0
2015-05-12,12:00:00,0.53041,0.53041,0.52838,0.52924,0,0
2015-05-12,13:00:00,0.52924,0.53005,0.52877,0.53004,0,0
2015-05-12,14:00:00,0.53009,0.53052,0.52929,0.52933,0,0
2015-05-12,15:00:00,0.52933,0.53115,0.52914,0.53115,0,0
2015-05-12,16:00:00,0.53115,0.53121,0.52957,0.53075,0,0
2015-05-12,17:00:00,0.53071,0.53234,0.53035,0.5323,0,0
2015-05-12,18:00:00,0.53232,0.53235,0.53148,0.53183,0,0
2015-05-12,19:00:00,0.53183,0.53198,0.53102,0.53155,0,0
2015-05-12,20:00:00,0.53155,0.532,0.53133,0.53175,0,0
2015-05-12,21:00:00,0.53175,0.53181,0.5312,0.53165,0,0
2015-05-12,22:00:00,0.53168,0.53172,0.53095,0.53128,0,0
2015-05-12,23:00:00,0.53075,0.53128,0.53075,0.53099,0,0
2015-05-12,23:59:00,0.53093,0.53171,0.53072,0.53168,0,0
2015-05-13,01:00:00,0.53156,0.53174,0.53122,0.53147,0,0
2015-05-13,02:00:00,0.53148,0.53171,0.5314,0.53155,0,0
2015-05-13,03:00:00,0.53152,0.53166,0.53114,0.53134,0,0
2015-05-13,04:00:00,0.53133,0.53163,0.5313,0.53136,0,0
2015-05-13,05:00:00,0.53138,0.53146,0.53094,0.53096,0,0
2015-05-13,06:00:00,0.53096,0.53106,0.53075,0.53077,0,0
2015-05-13,07:00:00,0.53077,0.53084,0.53025,0.53034,0,0
2015-05-13,08:00:00,0.53034,0.5306,0.53031,0.53048,0,0
2015-05-13,09:00:00,0.53049,0.53129,0.53025,0.53124,0,0
2015-05-13,10:00:00,0.53125,0.53135,0.53029,0.53078,0,0
2015-05-13,11:00:00,0.53077,0.532,0.52997,0.53071,0,0
2015-05-13,12:00:00,0.53073,0.53343,0.53026,0.53335,0,0
2015-05-13,13:00:00,0.53335,0.53393,0.53238,0.53238,0,0
2015-05-13,14:00:00,0.53229,0.53416,0.53229,0.53345,0,0
2015-05-13,15:00:00,0.53346,0.53413,0.53286,0.53306,0,0
2015-05-13,16:00:00,0.53304,0.53309,0.53182,0.5327,0,0
2015-05-13,17:00:00,0.5327,0.53325,0.53069,0.53069,0,0
2015-05-13,18:00:00,0.53073,0.53191,0.53073,0.53138,0,0
2015-05-13,19:00:00,0.53138,0.53216,0.53112,0.53208,0,0
2015-05-13,20:00:00,0.53208,0.53212,0.53148,0.53171,0,0
2015-05-13,21:00:00,0.53171,0.53182,0.53034,0.53034,0,0
2015-05-13,22:00:00,0.53034,0.53123,0.53034,0.53093,0,0
2015-05-13,23:00:00,0.53093,0.53125,0.5309,0.53111,0,0
2015-05-13,23:59:00,0.53115,0.5313,0.53097,0.53128,0,0
2015-05-14,01:00:00,0.53122,0.53162,0.53115,0.53148,0,0
2015-05-14,02:00:00,0.53148,0.53153,0.53129,0.53151,0,0
2015-05-14,03:00:00,0.53148,0.53155,0.53135,0.53145,0,0
2015-05-14,04:00:00,0.53145,0.53181,0.53138,0.53177,0,0
2015-05-14,05:00:00,0.53177,0.53203,0.53151,0.53162,0,0
2015-05-14,06:00:00,0.53162,0.53195,0.53148,0.53182,0,0
2015-05-14,07:00:00,0.53181,0.53213,0.53178,0.53195,0,0
2015-05-14,08:00:00,0.53195,0.53223,0.53188,0.53215,0,0
2015-05-14,09:00:00,0.53214,0.53234,0.53159,0.53177,0,0
2015-05-14,10:00:00,0.53177,0.5318,0.53028,0.53076,0,0
2015-05-14,11:00:00,0.53076,0.53108,0.5303,0.53054,0,0
2015-05-14,12:00:00,0.53052,0.53074,0.5299,0.53038,0,0
2015-05-14,13:00:00,0.53036,0.53058,0.52972,0.52982,0,0
2015-05-14,14:00:00,0.52982,0.52989,0.52905,0.52941,0,0
2015-05-14,15:00:00,0.52943,0.53038,0.52899,0.53038,0,0
2015-05-14,16:00:00,0.53038,0.53102,0.53027,0.53076,0,0
2015-05-14,17:00:00,0.53076,0.53123,0.52986,0.53048,0,0
2015-05-14,18:00:00,0.53048,0.53105,0.52848,0.52886,0,0
2015-05-14,19:00:00,0.52884,0.52942,0.52881,0.52881,0,0
2015-05-14,20:00:00,0.52878,0.52923,0.52844,0.52905,0,0
2015-05-14,21:00:00,0.52905,0.52949,0.52873,0.52874,0,0
2015-05-14,22:00:00,0.52873,0.52897,0.52812,0.52846,0,0
2015-05-14,23:00:00,0.52846,0.529,0.52831,0.52896,0,0
2015-05-14,23:59:00,0.52896,0.52905,0.52854,0.52862,0,0
2015-05-15,01:00:00,0.52867,0.52901,0.52858,0.52901,0,0
2015-05-15,02:00:00,0.529,0.52911,0.52881,0.52904,0,0
2015-05-15,03:00:00,0.52903,0.52923,0.52881,0.52897,0,0
2015-05-15,04:00:00,0.52898,0.52915,0.52853,0.52853,0,0
2015-05-15,05:00:00,0.52853,0.52858,0.52808,0.52834,0,0
2015-05-15,06:00:00,0.52834,0.52877,0.52831,0.52871,0,0
2015-05-15,07:00:00,0.52871,0.52878,0.52858,0.52859,0,0
2015-05-15,08:00:00,0.52859,0.52873,0.52829,0.52836,0,0
2015-05-15,09:00:00,0.52834,0.52893,0.52827,0.52873,0,0
2015-05-15,10:00:00,0.52873,0.52941,0.52833,0.52889,0,0
2015-05-15,11:00:00,0.5289,0.52897,0.52833,0.52862,0,0
2015-05-15,12:00:00,0.52867,0.52927,0.52862,0.52894,0,0
2015-05-15,13:00:00,0.52893,0.5293,0.52871,0.52878,0,0
2015-05-15,14:00:00,0.52883,0.52967,0.52869,0.52916,0,0
2015-05-15,15:00:00,0.52915,0.52933,0.52771,0.52797,0,0
2015-05-15,16:00:00,0.52797,0.52808,0.52651,0.52708,0,0
2015-05-15,17:00:00,0.52701,0.52774,0.52675,0.52743,0,0
2015-05-15,18:00:00,0.52742,0.52801,0.52659,0.52794,0,0
2015-05-15,19:00:00,0.52795,0.52822,0.52748,0.5275,0,0
2015-05-15,20:00:00,0.52742,0.52794,0.52703,0.5279,0,0
2015-05-15,21:00:00,0.5279,0.52878,0.52778,0.52859,0,0
2015-05-15,22:00:00,0.52858,0.52905,0.52851,0.52864,0,0
2015-05-15,23:00:00,0.52866,0.52866,0.5286,0.52864,0,0
2015-05-18,01:00:00,0.52901,0.52914,0.52837,0.52864,0,0
2015-05-18,02:00:00,0.52864,0.52884,0.52835,0.52881,0,0
2015-05-18,03:00:00,0.52878,0.52886,0.52855,0.5286,0,0
2015-05-18,04:00:00,0.5286,0.52866,0.5283,0.52845,0,0
2015-05-18,05:00:00,0.52843,0.52853,0.52818,0.52834,0,0
2015-05-18,06:00:00,0.52834,0.52848,0.5283,0.52844,0,0
2015-05-18,07:00:00,0.52843,0.52852,0.52832,0.52847,0,0
2015-05-18,08:00:00,0.52847,0.52891,0.52842,0.52891,0,0
2015-05-18,09:00:00,0.52893,0.52945,0.52855,0.52917,0,0
2015-05-18,10:00:00,0.52919,0.53025,0.5289,0.52931,0,0
2015-05-18,11:00:00,0.52935,0.53009,0.52927,0.52999,0,0
2015-05-18,12:00:00,0.53002,0.53044,0.52914,0.52928,0,0
2015-05-18,13:00:00,0.5293,0.5297,0.52869,0.52898,0,0
2015-05-18,14:00:00,0.52898,0.52926,0.52868,0.52926,0,0
2015-05-18,15:00:00,0.52921,0.52964,0.52807,0.52812,0,0
2015-05-18,16:00:00,0.52812,0.52812,0.52525,0.52649,0,0
2015-05-18,17:00:00,0.52647,0.52685,0.52557,0.52557,0,0
2015-05-18,18:00:00,0.52565,0.52577,0.52449,0.52503,0,0
2015-05-18,19:00:00,0.52493,0.52541,0.52472,0.52541,0,0
2015-05-18,20:00:00,0.52542,0.526,0.52525,0.52579,0,0
2015-05-18,21:00:00,0.52581,0.52582,0.52504,0.52504,0,0
2015-05-18,22:00:00,0.52504,0.52551,0.52489,0.52521,0,0
2015-05-18,23:00:00,0.52521,0.52546,0.52511,0.52542,0,0
2015-05-18,23:59:00,0.52542,0.52557,0.52519,0.5255,0,0
2015-05-19,01:00:00,0.52541,0.5256,0.52524,0.52552,0,0
2015-05-19,02:00:00,0.52553,0.5257,0.52546,0.52566,0,0
2015-05-19,03:00:00,0.52566,0.52566,0.52508,0.52523,0,0
2015-05-19,04:00:00,0.52523,0.52576,0.52519,0.5257,0,0
2015-05-19,05:00:00,0.52571,0.5263,0.52549,0.52612,0,0
2015-05-19,06:00:00,0.52612,0.52637,0.52603,0.52616,0,0
2015-05-19,07:00:00,0.52616,0.52662,0.52616,0.52639,0,0
2015-05-19,08:00:00,0.52639,0.52651,0.52599,0.52617,0,0
2015-05-19,09:00:00,0.52618,0.52631,0.52519,0.52552,0,0
2015-05-19,10:00:00,0.52552,0.5269,0.52537,0.52678,0,0
2015-05-19,11:00:00,0.52678,0.52897,0.52678,0.52791,0,0
2015-05-19,12:00:00,0.52793,0.52841,0.52766,0.52813,0,0
2015-05-19,13:00:00,0.52813,0.52961,0.5281,0.52927,0,0
2015-05-19,14:00:00,0.52927,0.53049,0.52926,0.53013,0,0
2015-05-19,15:00:00,0.53012,0.53078,0.52896,0.52926,0,0
2015-05-19,16:00:00,0.52925,0.52946,0.52677,0.5268,0,0
2015-05-19,17:00:00,0.5268,0.52729,0.526,0.52668,0,0
2015-05-19,18:00:00,0.52664,0.52799,0.52631,0.52743,0,0
2015-05-19,19:00:00,0.52747,0.52809,0.52724,0.52765,0,0
2015-05-19,20:00:00,0.52765,0.52785,0.52711,0.52745,0,0
2015-05-19,21:00:00,0.52745,0.5281,0.52717,0.52802,0,0
2015-05-19,22:00:00,0.52802,0.52806,0.5272,0.52729,0,0
2015-05-19,23:00:00,0.52727,0.52747,0.52703,0.52703,0,0
2015-05-19,23:59:00,0.52703,0.5274,0.52692,0.52712,0,0
2015-05-20,01:00:00,0.52709,0.52722,0.527,0.52712,0,0
2015-05-20,02:00:00,0.52711,0.52721,0.52699,0.52714,0,0
2015-05-20,03:00:00,0.52716,0.52717,0.52681,0.527,0,0
2015-05-20,04:00:00,0.527,0.52725,0.52671,0.52723,0,0
2015-05-20,05:00:00,0.52724,0.52724,0.52695,0.52715,0,0
2015-05-20,06:00:00,0.52714,0.52743,0.5271,0.52738,0,0
2015-05-20,07:00:00,0.52738,0.52767,0.52721,0.52745,0,0
2015-05-20,08:00:00,0.52746,0.52756,0.52724,0.52732,0,0
2015-05-20,09:00:00,0.5273,0.52799,0.52692,0.52749,0,0
2015-05-20,10:00:00,0.52753,0.52801,0.52721,0.52767,0,0
2015-05-20,11:00:00,0.52766,0.52796,0.52625,0.52742,0,0
2015-05-20,12:00:00,0.52738,0.5274,0.52617,0.52634,0,0
2015-05-20,13:00:00,0.52634,0.52688,0.52579,0.52669,0,0
2015-05-20,14:00:00,0.52665,0.52762,0.52662,0.52748,0,0
2015-05-20,15:00:00,0.52751,0.52757,0.52637,0.52637,0,0
2015-05-20,16:00:00,0.52637,0.52682,0.52496,0.52532,0,0
2015-05-20,17:00:00,0.52532,0.52631,0.5251,0.52592,0,0
2015-05-20,18:00:00,0.52588,0.52693,0.52574,0.52691,0,0
2015-05-20,19:00:00,0.52695,0.52704,0.52626,0.52696,0,0
2015-05-20,20:00:00,0.52696,0.52827,0.52676,0.52815,0,0
2015-05-20,21:00:00,0.52812,0.52863,0.52705,0.52768,0,0
2015-05-20,22:00:00,0.52766,0.5279,0.52743,0.52764,0,0
2015-05-20,23:00:00,0.52765,0.52776,0.52719,0.5272,0,0
2015-05-20,23:59:00,0.5272,0.52787,0.52709,0.52751,0,0
2015-05-21,01:00:00,0.52744,0.52745,0.52714,0.52738,0,0
2015-05-21,02:00:00,0.52737,0.52744,0.52707,0.52707,0,0
2015-05-21,03:00:00,0.52707,0.52744,0.52707,0.52728,0,0
2015-05-21,04:00:00,0.52729,0.52739,0.52711,0.5273,0,0
2015-05-21,05:00:00,0.5273,0.52762,0.52723,0.52731,0,0
2015-05-21,06:00:00,0.52731,0.52744,0.52716,0.52722,0,0
2015-05-21,07:00:00,0.52722,0.52751,0.52721,0.52748,0,0
2015-05-21,08:00:00,0.52748,0.52783,0.52733,0.52778,0,0
2015-05-21,09:00:00,0.52776,0.5286,0.52767,0.52855,0,0
2015-05-21,10:00:00,0.52855,0.52855,0.52672,0.52713,0,0
2015-05-21,11:00:00,0.52713,0.52713,0.5243,0.52453,0,0
2015-05-21,12:00:00,0.52452,0.52465,0.52339,0.52349,0,0
2015-05-21,13:00:00,0.52349,0.5235,0.52235,0.52268,0,0
2015-05-21,14:00:00,0.5226,0.52265,0.52189,0.52199,0,0
2015-05-21,15:00:00,0.52199,0.52234,0.52126,0.52193,0,0
2015-05-21,16:00:00,0.52195,0.5227,0.52173,0.52179,0,0
2015-05-21,17:00:00,0.52166,0.52315,0.52128,0.52244,0,0
2015-05-21,18:00:00,0.52249,0.52328,0.52232,0.52295,0,0
2015-05-21,19:00:00,0.52291,0.52331,0.52261,0.52305,0,0
2015-05-21,20:00:00,0.52305,0.52308,0.52251,0.52265,0,0
2015-05-21,21:00:00,0.52265,0.52315,0.52265,0.52288,0,0
2015-05-21,22:00:00,0.5229,0.52302,0.52259,0.52295,0,0
2015-05-21,23:00:00,0.52295,0.52343,0.52285,0.52341,0,0
2015-05-21,23:59:00,0.52341,0.52355,0.52321,0.52333,0,0
2015-05-22,01:00:00,0.52333,0.52349,0.52322,0.52332,0,0
2015-05-22,02:00:00,0.52334,0.52351,0.5233,0.52351,0,0
2015-05-22,03:00:00,0.52356,0.52365,0.52333,0.52344,0,0
2015-05-22,04:00:00,0.52344,0.52373,0.5234,0.52356,0,0
2015-05-22,05:00:00,0.52356,0.52406,0.52348,0.52398,0,0
2015-05-22,06:00:00,0.52398,0.52403,0.52378,0.52386,0,0
2015-05-22,07:00:00,0.52386,0.52402,0.52359,0.52376,0,0
2015-05-22,08:00:00,0.52375,0.52397,0.52353,0.5236,0,0
2015-05-22,09:00:00,0.5236,0.5237,0.52323,0.52348,0,0
2015-05-22,10:00:00,0.52348,0.52421,0.52316,0.52347,0,0
2015-05-22,11:00:00,0.52347,0.52421,0.52316,0.52337,0,0
2015-05-22,12:00:00,0.52339,0.52378,0.52293,0.52371,0,0
2015-05-22,13:00:00,0.52369,0.52427,0.52347,0.5237,0,0
2015-05-22,14:00:00,0.52369,0.52442,0.52359,0.52429,0,0
2015-05-22,15:00:00,0.52427,0.52544,0.52289,0.52521,0,0
2015-05-22,16:00:00,0.52514,0.52552,0.52416,0.5254,0,0
2015-05-22,17:00:00,0.5254,0.5254,0.52472,0.52522,0,0
2015-05-22,18:00:00,0.52524,0.52587,0.52495,0.52559,0,0
2015-05-22,19:00:00,0.52559,0.52568,0.52498,0.52498,0,0
2015-05-22,20:00:00,0.52501,0.52538,0.52443,0.52497,0,0
2015-05-22,21:00:00,0.52498,0.5254,0.52462,0.52506,0,0
2015-05-22,22:00:00,0.5251,0.52531,0.52492,0.52525,0,0
2015-05-22,23:00:00,0.52525,0.52532,0.52525,0.52529,0,0
2015-05-25,01:00:00,0.52555,0.52582,0.5254,0.5256,0,0
2015-05-25,02:00:00,0.52563,0.52565,0.52541,0.52562,0,0
2015-05-25,03:00:00,0.52562,0.52572,0.52542,0.52558,0,0
2015-05-25,04:00:00,0.52558,0.52572,0.5254,0.52554,0,0
2015-05-25,05:00:00,0.52554,0.52576,0.52551,0.5257,0,0
2015-05-25,06:00:00,0.5257,0.52579,0.52555,0.52574,0,0
2015-05-25,07:00:00,0.52574,0.52584,0.52563,0.52584,0,0
2015-05-25,08:00:00,0.52584,0.52585,0.52561,0.52573,0,0
2015-05-25,09:00:00,0.52573,0.52578,0.52526,0.52558,0,0
2015-05-25,10:00:00,0.52558,0.52585,0.52461,0.52471,0,0
2015-05-25,11:00:00,0.52471,0.52531,0.52433,0.5253,0,0
2015-05-25,12:00:00,0.5253,0.52562,0.52492,0.52529,0,0
2015-05-25,13:00:00,0.5253,0.52576,0.52524,0.52553,0,0
2015-05-25,14:00:00,0.52552,0.52598,0.52542,0.52576,0,0
2015-05-25,15:00:00,0.52576,0.52624,0.52529,0.52565,0,0
2015-05-25,16:00:00,0.5256,0.52622,0.52548,0.5257,0,0
2015-05-25,17:00:00,0.5257,0.5257,0.52509,0.52541,0,0
2015-05-25,18:00:00,0.52541,0.52593,0.52535,0.52561,0,0
2015-05-25,19:00:00,0.52559,0.52559,0.5248,0.52512,0,0
2015-05-25,20:00:00,0.52513,0.52529,0.52484,0.52488,0,0
2015-05-25,21:00:00,0.52488,0.52509,0.52483,0.52499,0,0
2015-05-25,22:00:00,0.52499,0.52523,0.52495,0.52506,0,0
2015-05-25,23:00:00,0.52506,0.52512,0.52483,0.52495,0,0
2015-05-25,23:59:00,0.52495,0.52512,0.5248,0.52503,0,0
2015-05-26,01:00:00,0.52497,0.52507,0.52484,0.52498,0,0
2015-05-26,02:00:00,0.52499,0.52503,0.52472,0.52476,0,0
2015-05-26,03:00:00,0.5247,0.52519,0.52465,0.5251,0,0
2015-05-26,04:00:00,0.52512,0.52567,0.52493,0.52558,0,0
2015-05-26,05:00:00,0.52558,0.52582,0.52552,0.5256,0,0
2015-05-26,06:00:00,0.52562,0.52594,0.52554,0.52585,0,0
2015-05-26,07:00:00,0.52585,0.52585,0.52559,0.5257,0,0
2015-05-26,08:00:00,0.52573,0.52595,0.52562,0.52577,0,0
2015-05-26,09:00:00,0.52577,0.52622,0.52558,0.52581,0,0
2015-05-26,10:00:00,0.52581,0.52627,0.52534,0.52577,0,0
2015-05-26,11:00:00,0.52572,0.52633,0.52494,0.52527,0,0
2015-05-26,12:00:00,0.52527,0.5258,0.52472,0.52563,0,0
2015-05-26,13:00:00,0.52563,0.52563,0.52437,0.52451,0,0
2015-05-26,14:00:00,0.52453,0.5251,0.52451,0.52469,0,0
2015-05-26,15:00:00,0.52471,0.52548,0.52389,0.52419,0,0
2015-05-26,16:00:00,0.52411,0.52432,0.52309,0.52354,0,0
2015-05-26,17:00:00,0.5235,0.52368,0.52269,0.52336,0,0
2015-05-26,18:00:00,0.52333,0.52354,0.52242,0.52253,0,0
2015-05-26,19:00:00,0.52256,0.5229,0.5221,0.5225,0,0
2015-05-26,20:00:00,0.52249,0.52298,0.52227,0.52277,0,0
2015-05-26,21:00:00,0.52278,0.52316,0.52257,0.52287,0,0
2015-05-26,22:00:00,0.52287,0.52333,0.52269,0.52317,0,0
2015-05-26,23:00:00,0.52317,0.52322,0.52278,0.52282,0,0
2015-05-26,23:59:00,0.52279,0.5231,0.52251,0.52294,0,0
2015-05-27,01:00:00,0.52277,0.52298,0.52263,0.52298,0,0
2015-05-27,02:00:00,0.52298,0.52301,0.5227,0.52281,0,0
2015-05-27,03:00:00,0.52283,0.52299,0.52272,0.52288,0,0
2015-05-27,04:00:00,0.52288,0.52295,0.52257,0.52295,0,0
2015-05-27,05:00:00,0.52295,0.52305,0.52272,0.52273,0,0
2015-05-27,06:00:00,0.52273,0.52291,0.52263,0.52266,0,0
2015-05-27,07:00:00,0.5227,0.52279,0.52239,0.52241,0,0
2015-05-27,08:00:00,0.52241,0.52255,0.52211,0.52214,0,0
2015-05-27,09:00:00,0.52216,0.52336,0.52189,0.52333,0,0
2015-05-27,10:00:00,0.52333,0.52344,0.52219,0.52221,0,0
2015-05-27,11:00:00,0.52221,0.52279,0.52201,0.52253,0,0
2015-05-27,12:00:00,0.52255,0.52262,0.52169,0.5221,0,0
2015-05-27,13:00:00,0.5221,0.52225,0.52121,0.52213,0,0
2015-05-27,14:00:00,0.52216,0.52289,0.52151,0.52204,0,0
2015-05-27,15:00:00,0.52206,0.52303,0.52194,0.52264,0,0
2015-05-27,16:00:00,0.5226,0.52456,0.52243,0.52456,0,0
2015-05-27,17:00:00,0.52456,0.52483,0.52249,0.52263,0,0
2015-05-27,18:00:00,0.52271,0.5236,0.52227,0.52279,0,0
2015-05-27,19:00:00,0.52278,0.52297,0.52241,0.52255,0,0
2015-05-27,20:00:00,0.52256,0.52305,0.52243,0.52256,0,0
2015-05-27,21:00:00,0.52256,0.52285,0.52245,0.52284,0,0
2015-05-27,22:00:00,0.52283,0.52327,0.5227,0.52296,0,0
2015-05-27,23:00:00,0.52297,0.52305,0.52251,0.52304,0,0
2015-05-27,23:59:00,0.52304,0.52314,0.52273,0.52297,0,0
2015-05-28,01:00:00,0.52285,0.52321,0.52283,0.52303,0,0
2015-05-28,02:00:00,0.52303,0.5231,0.52299,0.52304,0,0
2015-05-28,03:00:00,0.52304,0.52342,0.52296,0.52318,0,0
2015-05-28,04:00:00,0.52318,0.52323,0.52272,0.52292,0,0
2015-05-28,05:00:00,0.52296,0.52305,0.52242,0.52261,0,0
2015-05-28,06:00:00,0.52264,0.52284,0.52245,0.52246,0,0
2015-05-28,07:00:00,0.52245,0.52261,0.52212,0.52218,0,0
2015-05-28,08:00:00,0.52218,0.52281,0.52214,0.52267,0,0
2015-05-28,09:00:00,0.52267,0.5229,0.52222,0.52282,0,0
2015-05-28,10:00:00,0.52278,0.523,0.52231,0.52265,0,0
2015-05-28,11:00:00,0.52265,0.52314,0.52175,0.52285,0,0
2015-05-28,12:00:00,0.52285,0.52321,0.52246,0.52311,0,0
2015-05-28,13:00:00,0.52311,0.52371,0.52263,0.52361,0,0
2015-05-28,14:00:00,0.5236,0.52446,0.5235,0.52441,0,0
2015-05-28,15:00:00,0.52439,0.5246,0.52339,0.52352,0,0
2015-05-28,16:00:00,0.52355,0.52369,0.52213,0.5223,0,0
2015-05-28,17:00:00,0.5223,0.52336,0.5223,0.52301,0,0
2015-05-28,18:00:00,0.52296,0.52426,0.52296,0.52426,0,0
2015-05-28,19:00:00,0.52427,0.52471,0.52383,0.52448,0,0
2015-05-28,20:00:00,0.5244,0.5253,0.5241,0.52525,0,0
2015-05-28,21:00:00,0.52523,0.52564,0.52504,0.52523,0,0
2015-05-28,22:00:00,0.52527,0.52562,0.52514,0.52541,0,0
2015-05-28,23:00:00,0.52541,0.52546,0.52512,0.52516,0,0
2015-05-28,23:59:00,0.52516,0.52548,0.52488,0.52541,0,0
2015-05-29,01:00:00,0.52539,0.52549,0.52516,0.52533,0,0
2015-05-29,02:00:00,0.52534,0.52543,0.52513,0.52532,0,0
2015-05-29,03:00:00,0.52532,0.52573,0.52525,0.52556,0,0
2015-05-29,04:00:00,0.52555,0.52584,0.52502,0.52513,0,0
2015-05-29,05:00:00,0.52513,0.52517,0.52493,0.52505,0,0
2015-05-29,06:00:00,0.52505,0.52517,0.52494,0.52507,0,0
2015-05-29,07:00:00,0.52507,0.52536,0.52501,0.52526,0,0
2015-05-29,08:00:00,0.52527,0.52539,0.52503,0.52505,0,0
2015-05-29,09:00:00,0.52504,0.52546,0.52484,0.5254,0,0
2015-05-29,10:00:00,0.52543,0.5257,0.52496,0.52537,0,0
2015-05-29,11:00:00,0.52537,0.52591,0.52469,0.52591,0,0
2015-05-29,12:00:00,0.52591,0.52633,0.52549,0.5262,0,0
2015-05-29,13:00:00,0.5261,0.52715,0.52603,0.52715,0,0
2015-05-29,14:00:00,0.52704,0.52754,0.52676,0.52706,0,0
2015-05-29,15:00:00,0.52702,0.52729,0.52295,0.52356,0,0
2015-05-29,16:00:00,0.52348,0.52432,0.52274,0.52389,0,0
2015-05-29,17:00:00,0.52392,0.52534,0.52343,0.52516,0,0
2015-05-29,18:00:00,0.52521,0.52529,0.52371,0.52504,0,0
2015-05-29,19:00:00,0.52503,0.52562,0.52478,0.52538,0,0
2015-05-29,20:00:00,0.52538,0.52538,0.52463,0.52491,0,0
2015-05-29,21:00:00,0.52495,0.52586,0.52494,0.52549,0,0
2015-05-29,22:00:00,0.52546,0.52618,0.52536,0.52611,0,0
2015-05-29,23:00:00,0.52612,0.52612,0.52587,0.52587,0,0
2015-06-01,01:00:00,0.52561,0.52563,0.52503,0.52503,0,0
2015-06-01,02:00:00,0.52503,0.5253,0.52489,0.52519,0,0
2015-06-01,03:00:00,0.52517,0.52562,0.52497,0.52528,0,0
2015-06-01,04:00:00,0.52528,0.52536,0.52495,0.525,0,0
2015-06-01,05:00:00,0.52498,0.52525,0.52482,0.52485,0,0
2015-06-01,06:00:00,0.52485,0.52503,0.52474,0.525,0,0
2015-06-01,07:00:00,0.525,0.52506,0.52473,0.5248,0,0
2015-06-01,08:00:00,0.52481,0.52481,0.52445,0.52472,0,0
2015-06-01,09:00:00,0.52472,0.52564,0.52451,0.52547,0,0
2015-06-01,10:00:00,0.52547,0.52547,0.52473,0.52518,0,0
2015-06-01,11:00:00,0.52516,0.5259,0.52474,0.52586,0,0
2015-06-01,12:00:00,0.52583,0.5265,0.52583,0.52616,0,0
2015-06-01,13:00:00,0.52616,0.52684,0.52616,0.52678,0,0
2015-06-01,14:00:00,0.52679,0.52721,0.52607,0.52656,0,0
2015-06-01,15:00:00,0.52656,0.52671,0.52513,0.52513,0,0
2015-06-01,16:00:00,0.52514,0.52549,0.52445,0.52488,0,0
2015-06-01,17:00:00,0.52486,0.52512,0.52377,0.52424,0,0
2015-06-01,18:00:00,0.52422,0.52507,0.524,0.52474,0,0
2015-06-01,19:00:00,0.52476,0.52494,0.5244,0.52467,0,0
2015-06-01,20:00:00,0.52463,0.5247,0.52418,0.52451,0,0
2015-06-01,21:00:00,0.52453,0.52575,0.52444,0.52511,0,0
2015-06-01,22:00:00,0.52511,0.52534,0.52482,0.52506,0,0
2015-06-01,23:00:00,0.52506,0.52538,0.52487,0.52538,0,0
2015-06-01,23:59:00,0.52538,0.52552,0.52518,0.52528,0,0
2015-06-02,01:00:00,0.52529,0.52534,0.52504,0.52516,0,0
2015-06-02,02:00:00,0.52516,0.52545,0.52508,0.52534,0,0
2015-06-02,03:00:00,0.52534,0.52538,0.52491,0.52505,0,0
2015-06-02,04:00:00,0.52505,0.5252,0.52499,0.52504,0,0
2015-06-02,05:00:00,0.52503,0.52522,0.525,0.5251,0,0
2015-06-02,06:00:00,0.5251,0.52534,0.52506,0.52534,0,0
2015-06-02,07:00:00,0.52533,0.52566,0.52526,0.52556,0,0
2015-06-02,08:00:00,0.52555,0.52576,0.52547,0.52576,0,0
2015-06-02,09:00:00,0.52576,0.52576,0.52531,0.5255,0,0
2015-06-02,10:00:00,0.52551,0.52663,0.52529,0.52644,0,0
2015-06-02,11:00:00,0.52647,0.52657,0.52436,0.52438,0,0
2015-06-02,12:00:00,0.52438,0.52502,0.52317,0.52318,0,0
2015-06-02,13:00:00,0.52318,0.52398,0.52294,0.52396,0,0
2015-06-02,14:00:00,0.52402,0.5255,0.52387,0.52516,0,0
2015-06-02,15:00:00,0.52514,0.52566,0.5248,0.52497,0,0
2015-06-02,16:00:00,0.52497,0.52542,0.52417,0.52439,0,0
2015-06-02,17:00:00,0.52441,0.52483,0.52392,0.52438,0,0
2015-06-02,18:00:00,0.52434,0.52512,0.5241,0.52503,0,0
2015-06-02,19:00:00,0.52507,0.52634,0.52496,0.52593,0,0
2015-06-02,20:00:00,0.52596,0.52596,0.52538,0.52553,0,0
2015-06-02,21:00:00,0.52553,0.52558,0.52495,0.52526,0,0
2015-06-02,22:00:00,0.52536,0.52548,0.52509,0.52541,0,0
2015-06-02,23:00:00,0.52541,0.52558,0.52516,0.52555,0,0
2015-06-02,23:59:00,0.52553,0.52559,0.52522,0.52547,0,0
2015-06-03,01:00:00,0.52539,0.52549,0.52513,0.52521,0,0
2015-06-03,02:00:00,0.52519,0.52533,0.52504,0.52516,0,0
2015-06-03,03:00:00,0.52516,0.52529,0.52507,0.52521,0,0
2015-06-03,04:00:00,0.52521,0.52584,0.52517,0.52564,0,0
2015-06-03,05:00:00,0.52563,0.52575,0.52542,0.52568,0,0
2015-06-03,06:00:00,0.52567,0.52567,0.52528,0.52549,0,0
2015-06-03,07:00:00,0.52548,0.52551,0.52533,0.52537,0,0
2015-06-03,08:00:00,0.52536,0.52544,0.52493,0.52496,0,0
2015-06-03,09:00:00,0.52489,0.52547,0.52484,0.52547,0,0
2015-06-03,10:00:00,0.52548,0.52579,0.52455,0.52456,0,0
2015-06-03,11:00:00,0.52455,0.52738,0.52425,0.5266,0,0
2015-06-03,12:00:00,0.5266,0.52692,0.5253,0.52556,0,0
2015-06-03,13:00:00,0.52559,0.52612,0.52533,0.52542,0,0
2015-06-03,14:00:00,0.52542,0.52618,0.52531,0.52593,0,0
2015-06-03,15:00:00,0.52592,0.52599,0.52386,0.52402,0,0
2015-06-03,16:00:00,0.52402,0.52479,0.52375,0.52421,0,0
2015-06-03,17:00:00,0.52445,0.52536,0.52407,0.52407,0,0
2015-06-03,18:00:00,0.52407,0.52453,0.52342,0.52392,0,0
2015-06-03,19:00:00,0.5238,0.52412,0.52327,0.52388,0,0
2015-06-03,20:00:00,0.52386,0.5239,0.52334,0.52379,0,0
2015-06-03,21:00:00,0.52379,0.52415,0.52379,0.52415,0,0
2015-06-03,22:00:00,0.52415,0.52415,0.5237,0.52376,0,0
2015-06-03,23:00:00,0.52376,0.52384,0.52335,0.52352,0,0
2015-06-03,23:59:00,0.52353,0.52412,0.5235,0.52375,0,0
2015-06-04,01:00:00,0.52376,0.52386,0.52361,0.52375,0,0
2015-06-04,02:00:00,0.52375,0.52388,0.52362,0.52382,0,0
2015-06-04,03:00:00,0.52382,0.52391,0.52367,0.52386,0,0
2015-06-04,04:00:00,0.52384,0.52407,0.52364,0.52368,0,0
2015-06-04,05:00:00,0.52369,0.52389,0.52364,0.52387,0,0
2015-06-04,06:00:00,0.52387,0.52392,0.52366,0.52377,0,0
2015-06-04,07:00:00,0.52376,0.52395,0.52369,0.52378,0,0
2015-06-04,08:00:00,0.52378,0.52389,0.52338,0.52341,0,0
2015-06-04,09:00:00,0.52341,0.52422,0.52314,0.52354,0,0
2015-06-04,10:00:00,0.52356,0.52356,0.52241,0.52245,0,0
2015-06-04,11:00:00,0.52245,0.52254,0.52106,0.52143,0,0
2015-06-04,12:00:00,0.5214,0.52143,0.52032,0.5206,0,0
2015-06-04,13:00:00,0.5206,0.52141,0.52046,0.5208,0,0
2015-06-04,14:00:00,0.52084,0.52219,0.52063,0.52218,0,0
2015-06-04,15:00:00,0.52215,0.52236,0.52094,0.52122,0,0
2015-06-04,16:00:00,0.52122,0.52163,0.52065,0.52096,0,0
2015-06-04,17:00:00,0.52104,0.52233,0.52093,0.52223,0,0
2015-06-04,18:00:00,0.52223,0.52223,0.52141,0.52167,0,0
2015-06-04,19:00:00,0.52165,0.52199,0.52086,0.52102,0,0
2015-06-04,20:00:00,0.52102,0.52135,0.5203,0.52096,0,0
2015-06-04,21:00:00,0.52093,0.52108,0.52056,0.52084,0,0
2015-06-04,22:00:00,0.52074,0.52101,0.52054,0.52059,0,0
2015-06-04,23:00:00,0.52059,0.52098,0.52053,0.52057,0,0
2015-06-04,23:59:00,0.52057,0.52091,0.52052,0.52066,0,0
2015-06-05,01:00:00,0.52069,0.52092,0.52054,0.52077,0,0
2015-06-05,02:00:00,0.52077,0.52102,0.52063,0.52101,0,0
2015-06-05,03:00:00,0.52101,0.52101,0.52065,0.52092,0,0
2015-06-05,04:00:00,0.52091,0.52109,0.52079,0.52109,0,0
2015-06-05,05:00:00,0.52109,0.52112,0.52097,0.52105,0,0
2015-06-05,06:00:00,0.52104,0.52108,0.52092,0.52106,0,0
2015-06-05,07:00:00,0.52106,0.52115,0.52096,0.52111,0,0
2015-06-05,08:00:00,0.52111,0.52142,0.5211,0.52136,0,0
2015-06-05,09:00:00,0.52136,0.52195,0.5213,0.52177,0,0
2015-06-05,10:00:00,0.52177,0.52213,0.5211,0.52138,0,0
2015-06-05,11:00:00,0.52138,0.52176,0.52073,0.5217,0,0
2015-06-05,12:00:00,0.5217,0.5218,0.52098,0.52107,0,0
2015-06-05,13:00:00,0.52108,0.52193,0.52103,0.52188,0,0
2015-06-05,14:00:00,0.52182,0.52245,0.52157,0.52182,0,0
2015-06-05,15:00:00,0.52182,0.52609,0.52153,0.52447,0,0
2015-06-05,16:00:00,0.52447,0.52489,0.52347,0.52468,0,0
2015-06-05,17:00:00,0.52468,0.52617,0.52456,0.52601,0,0
2015-06-05,18:00:00,0.52603,0.52632,0.52453,0.52466,0,0
2015-06-05,19:00:00,0.52463,0.52494,0.52438,0.52451,0,0
2015-06-05,20:00:00,0.52452,0.52557,0.52443,0.52533,0,0
2015-06-05,21:00:00,0.52533,0.52612,0.52518,0.52607,0,0
2015-06-05,22:00:00,0.52613,0.5265,0.52592,0.52647,0,0
2015-06-05,23:00:00,0.52648,0.52648,0.52633,0.52633,0,0
2015-06-08,01:00:00,0.52659,0.52659,0.52613,0.52619,0,0
2015-06-08,02:00:00,0.52619,0.52619,0.52571,0.52578,0,0
2015-06-08,03:00:00,0.52579,0.52588,0.52551,0.52567,0,0
2015-06-08,04:00:00,0.5257,0.52577,0.52548,0.52562,0,0
2015-06-08,05:00:00,0.52562,0.52573,0.52541,0.5256,0,0
2015-06-08,06:00:00,0.5256,0.52575,0.52552,0.52562,0,0
2015-06-08,07:00:00,0.52562,0.52577,0.52554,0.52574,0,0
2015-06-08,08:00:00,0.52575,0.52587,0.52562,0.52574,0,0
2015-06-08,09:00:00,0.52575,0.52602,0.52525,0.52577,0,0
2015-06-08,10:00:00,0.52576,0.52639,0.52557,0.52627,0,0
2015-06-08,11:00:00,0.52625,0.52769,0.52593,0.52749,0,0
2015-06-08,12:00:00,0.52748,0.52806,0.52711,0.52796,0,0
2015-06-08,13:00:00,0.52796,0.52823,0.52741,0.52741,0,0
2015-06-08,14:00:00,0.52736,0.52749,0.52679,0.52715,0,0
2015-06-08,15:00:00,0.52715,0.5281,0.52696,0.52764,0,0
2015-06-08,16:00:00,0.52765,0.52773,0.52685,0.52707,0,0
2015-06-08,17:00:00,0.52707,0.52725,0.52578,0.52578,0,0
2015-06-08,18:00:00,0.52579,0.52694,0.52579,0.52637,0,0
2015-06-08,19:00:00,0.52637,0.52637,0.52508,0.52541,0,0
2015-06-08,20:00:00,0.52541,0.52546,0.52479,0.52517,0,0
2015-06-08,21:00:00,0.52517,0.52563,0.52498,0.52559,0,0
2015-06-08,22:00:00,0.52561,0.52578,0.52533,0.52566,0,0
2015-06-08,23:00:00,0.52565,0.52573,0.52492,0.52497,0,0
2015-06-08,23:59:00,0.52496,0.52546,0.52496,0.52525,0,0
2015-06-09,01:00:00,0.52517,0.52524,0.52489,0.52493,0,0
2015-06-09,02:00:00,0.52493,0.52528,0.52493,0.52509,0,0
2015-06-09,03:00:00,0.52512,0.52527,0.52501,0.52512,0,0
2015-06-09,04:00:00,0.52512,0.52539,0.52496,0.52523,0,0
2015-06-09,05:00:00,0.52523,0.52534,0.52509,0.52529,0,0
2015-06-09,06:00:00,0.52529,0.52558,0.52526,0.52554,0,0
2015-06-09,07:00:00,0.52554,0.52562,0.5254,0.52559,0,0
2015-06-09,08:00:00,0.52558,0.52565,0.52526,0.5254,0,0
2015-06-09,09:00:00,0.5254,0.52556,0.52496,0.52534,0,0
2015-06-09,10:00:00,0.52534,0.52659,0.52531,0.5261,0,0
2015-06-09,11:00:00,0.5261,0.52729,0.52601,0.52724,0,0
2015-06-09,12:00:00,0.52725,0.52773,0.52698,0.52759,0,0
2015-06-09,13:00:00,0.52762,0.52826,0.52693,0.52826,0,0
2015-06-09,14:00:00,0.52823,0.52942,0.52776,0.52858,0,0
2015-06-09,15:00:00,0.52856,0.52999,0.52852,0.52921,0,0
2015-06-09,16:00:00,0.52929,0.5299,0.52917,0.52938,0,0
2015-06-09,17:00:00,0.52936,0.53054,0.52909,0.52961,0,0
2015-06-09,18:00:00,0.52955,0.52994,0.52752,0.52779,0,0
2015-06-09,19:00:00,0.52785,0.52831,0.52739,0.52764,0,0
2015-06-09,20:00:00,0.5276,0.52783,0.52712,0.52716,0,0
2015-06-09,21:00:00,0.52716,0.52733,0.52664,0.52721,0,0
2015-06-09,22:00:00,0.52723,0.52723,0.52655,0.52657,0,0
2015-06-09,23:00:00,0.52656,0.52779,0.52656,0.52693,0,0
2015-06-09,23:59:00,0.52693,0.5273,0.5268,0.52686,0,0
2015-06-10,01:00:00,0.52688,0.52705,0.52668,0.52692,0,0
2015-06-10,02:00:00,0.52685,0.52699,0.5265,0.52656,0,0
2015-06-10,03:00:00,0.52656,0.5268,0.52632,0.5264,0,0
2015-06-10,04:00:00,0.5264,0.52662,0.5264,0.52645,0,0
2015-06-10,05:00:00,0.52645,0.52664,0.52635,0.52646,0,0
2015-06-10,06:00:00,0.52646,0.52683,0.52646,0.52682,0,0
2015-06-10,07:00:00,0.52682,0.52711,0.52637,0.52668,0,0
2015-06-10,08:00:00,0.52665,0.52698,0.52648,0.52655,0,0
2015-06-10,09:00:00,0.52655,0.52738,0.52655,0.52708,0,0
2015-06-10,10:00:00,0.5271,0.52838,0.52692,0.52796,0,0
2015-06-10,11:00:00,0.52796,0.5294,0.52756,0.52924,0,0
2015-06-10,12:00:00,0.52921,0.52928,0.52812,0.52812,0,0
2015-06-10,13:00:00,0.52812,0.52871,0.52781,0.52784,0,0
2015-06-10,14:00:00,0.52788,0.52833,0.52681,0.52712,0,0
2015-06-10,15:00:00,0.52719,0.52782,0.52689,0.52752,0,0
2015-06-10,16:00:00,0.52752,0.52796,0.52682,0.52689,0,0
2015-06-10,17:00:00,0.52681,0.52707,0.52462,0.52481,0,0
2015-06-10,18:00:00,0.52484,0.5255,0.52457,0.52492,0,0
2015-06-10,19:00:00,0.5249,0.52611,0.52489,0.52512,0,0
2015-06-10,20:00:00,0.52516,0.52516,0.52438,0.52471,0,0
2015-06-10,21:00:00,0.52471,0.52526,0.52467,0.52522,0,0
2015-06-10,22:00:00,0.52519,0.52519,0.52472,0.52488,0,0
2015-06-10,23:00:00,0.52487,0.52541,0.52486,0.52541,0,0
2015-06-10,23:59:00,0.52545,0.52558,0.52481,0.5254,0,0
2015-06-11,01:00:00,0.52514,0.52561,0.52511,0.52554,0,0
2015-06-11,02:00:00,0.52555,0.52584,0.52545,0.52545,0,0
2015-06-11,03:00:00,0.52545,0.52564,0.52538,0.5256,0,0
2015-06-11,04:00:00,0.52559,0.52604,0.52541,0.52558,0,0
2015-06-11,05:00:00,0.52558,0.52586,0.5254,0.5258,0,0
2015-06-11,06:00:00,0.5258,0.52591,0.5256,0.52576,0,0
2015-06-11,07:00:00,0.52576,0.52582,0.52554,0.52572,0,0
2015-06-11,08:00:00,0.52574,0.52595,0.52558,0.52584,0,0
2015-06-11,09:00:00,0.52584,0.5267,0.5256,0.52648,0,0
2015-06-11,10:00:00,0.52646,0.52721,0.52612,0.52629,0,0
2015-06-11,11:00:00,0.52625,0.52641,0.52535,0.52546,0,0
2015-06-11,12:00:00,0.52549,0.52619,0.52493,0.52548,0,0
2015-06-11,13:00:00,0.52548,0.52592,0.52508,0.5254,0,0
2015-06-11,14:00:00,0.5254,0.5255,0.52498,0.52516,0,0
2015-06-11,15:00:00,0.52513,0.52583,0.52436,0.5248,0,0
2015-06-11,16:00:00,0.52482,0.52534,0.52477,0.52493,0,0
2015-06-11,17:00:00,0.52482,0.52482,0.5241,0.52462,0,0
2015-06-11,18:00:00,0.52463,0.52482,0.52343,0.52409,0,0
2015-06-11,19:00:00,0.52415,0.52443,0.52376,0.52378,0,0
2015-06-11,20:00:00,0.52379,0.52431,0.52338,0.52411,0,0
2015-06-11,21:00:00,0.52411,0.52482,0.52392,0.52469,0,0
2015-06-11,22:00:00,0.5247,0.52499,0.52444,0.52451,0,0
2015-06-11,23:00:00,0.52451,0.52481,0.52405,0.52426,0,0
2015-06-11,23:59:00,0.52423,0.52443,0.52398,0.52421,0,0
2015-06-12,01:00:00,0.5242,0.52435,0.52402,0.5243,0,0
2015-06-12,02:00:00,0.52433,0.52454,0.52422,0.52429,0,0
2015-06-12,03:00:00,0.52428,0.52446,0.52424,0.52424,0,0
2015-06-12,04:00:00,0.52425,0.52437,0.5241,0.52427,0,0
2015-06-12,05:00:00,0.52426,0.52458,0.52426,0.52452,0,0
2015-06-12,06:00:00,0.52452,0.52466,0.52444,0.5246,0,0
2015-06-12,07:00:00,0.52459,0.52479,0.52449,0.52471,0,0
2015-06-12,08:00:00,0.52471,0.52493,0.52459,0.52481,0,0
2015-06-12,09:00:00,0.52481,0.52501,0.52419,0.5243,0,0
2015-06-12,10:00:00,0.52429,0.52452,0.52377,0.52413,0,0
2015-06-12,11:00:00,0.52412,0.52454,0.52324,0.52404,0,0
2015-06-12,12:00:00,0.52407,0.52427,0.52332,0.52427,0,0
2015-06-12,13:00:00,0.52427,0.52463,0.5241,0.52451,0,0
2015-06-12,14:00:00,0.52451,0.52535,0.52438,0.52524,0,0
2015-06-12,15:00:00,0.52521,0.52521,0.52378,0.52392,0,0
2015-06-12,16:00:00,0.52386,0.52412,0.52293,0.52331,0,0
2015-06-12,17:00:00,0.52333,0.52333,0.52128,0.52207,0,0
2015-06-12,18:00:00,0.52205,0.52228,0.52119,0.52133,0,0
2015-06-12,19:00:00,0.52136,0.5227,0.52131,0.52225,0,0
2015-06-12,20:00:00,0.52225,0.52228,0.52171,0.52213,0,0
2015-06-12,21:00:00,0.52213,0.52219,0.52152,0.52173,0,0
2015-06-12,22:00:00,0.52173,0.52239,0.52148,0.52202,0,0
2015-06-12,23:00:00,0.52201,0.52213,0.52201,0.5221,0,0
2015-06-15,01:00:00,0.52184,0.52194,0.52159,0.52185,0,0
2015-06-15,02:00:00,0.52185,0.52195,0.52171,0.52177,0,0
2015-06-15,03:00:00,0.52177,0.52205,0.52173,0.52191,0,0
2015-06-15,04:00:00,0.5219,0.5222,0.5217,0.52172,0,0
2015-06-15,05:00:00,0.52171,0.52197,0.52167,0.52187,0,0
2015-06-15,06:00:00,0.52189,0.52202,0.52167,0.5217,0,0
2015-06-15,07:00:00,0.52171,0.52199,0.52163,0.5218,0,0
2015-06-15,08:00:00,0.5218,0.52209,0.52167,0.52207,0,0
2015-06-15,09:00:00,0.52209,0.52254,0.52174,0.52236,0,0
2015-06-15,10:00:00,0.52236,0.52268,0.52216,0.52237,0,0
2015-06-15,11:00:00,0.52236,0.52249,0.52183,0.52209,0,0
2015-06-15,12:00:00,0.52207,0.52262,0.52194,0.52229,0,0
2015-06-15,13:00:00,0.52228,0.52271,0.52196,0.52232,0,0
2015-06-15,14:00:00,0.52231,0.52254,0.52198,0.52205,0,0
2015-06-15,15:00:00,0.52205,0.5226,0.5215,0.5215,0,0
2015-06-15,16:00:00,0.52152,0.52241,0.52148,0.52227,0,0
2015-06-15,17:00:00,0.52226,0.52265,0.52138,0.52162,0,0
2015-06-15,18:00:00,0.52164,0.52164,0.52094,0.52117,0,0
2015-06-15,19:00:00,0.52117,0.52165,0.52117,0.52138,0,0
2015-06-15,20:00:00,0.52138,0.52161,0.52113,0.52137,0,0
2015-06-15,21:00:00,0.52142,0.52142,0.52004,0.52007,0,0
2015-06-15,22:00:00,0.52007,0.52042,0.51983,0.52034,0,0
2015-06-15,23:00:00,0.52034,0.52077,0.52012,0.52013,0,0
2015-06-15,23:59:00,0.52014,0.52047,0.52004,0.52041,0,0
2015-06-16,01:00:00,0.52033,0.52064,0.52012,0.52058,0,0
2015-06-16,02:00:00,0.52056,0.52064,0.52041,0.52054,0,0
2015-06-16,03:00:00,0.52053,0.52071,0.52038,0.5204,0,0
2015-06-16,04:00:00,0.52041,0.52046,0.51966,0.52022,0,0
2015-06-16,05:00:00,0.52022,0.52026,0.51997,0.52017,0,0
2015-06-16,06:00:00,0.52017,0.52019,0.51996,0.52005,0,0
2015-06-16,07:00:00,0.52006,0.52024,0.51998,0.52022,0,0
2015-06-16,08:00:00,0.52022,0.52025,0.52003,0.52018,0,0
2015-06-16,09:00:00,0.52018,0.5204,0.5197,0.5197,0,0
2015-06-16,10:00:00,0.5197,0.52023,0.51927,0.51994,0,0
2015-06-16,11:00:00,0.51993,0.5215,0.5189,0.52143,0,0
2015-06-16,12:00:00,0.52143,0.5215,0.52038,0.5204,0,0
2015-06-16,13:00:00,0.5204,0.5204,0.5196,0.51995,0,0
2015-06-16,14:00:00,0.51995,0.51996,0.51847,0.51871,0,0
2015-06-16,15:00:00,0.51874,0.5193,0.51832,0.51912,0,0
2015-06-16,16:00:00,0.51912,0.51972,0.51859,0.51955,0,0
2015-06-16,17:00:00,0.51955,0.51964,0.51879,0.51879,0,0
2015-06-16,18:00:00,0.51881,0.51956,0.51874,0.51874,0,0
2015-06-16,19:00:00,0.51874,0.51885,0.51794,0.51838,0,0
2015-06-16,20:00:00,0.51839,0.51918,0.51806,0.51907,0,0
2015-06-16,21:00:00,0.51907,0.51914,0.51843,0.51885,0,0
2015-06-16,22:00:00,0.51885,0.51927,0.51878,0.51927,0,0
2015-06-16,23:00:00,0.51923,0.52018,0.51905,0.51971,0,0
2015-06-16,23:59:00,0.51976,0.52019,0.51973,0.51982,0,0
2015-06-17,01:00:00,0.51982,0.52005,0.51973,0.51998,0,0
2015-06-17,02:00:00,0.51998,0.52015,0.51989,0.52004,0,0
2015-06-17,03:00:00,0.52005,0.52015,0.51984,0.5201,0,0
2015-06-17,04:00:00,0.5201,0.52018,0.51997,0.52012,0,0
2015-06-17,05:00:00,0.5201,0.52015,0.51981,0.51997,0,0
2015-06-17,06:00:00,0.51997,0.52011,0.51977,0.52,0,0
2015-06-17,07:00:00,0.52,0.52014,0.51981,0.52,0,0
2015-06-17,08:00:00,0.51998,0.52005,0.51982,0.51993,0,0
2015-06-17,09:00:00,0.51994,0.52018,0.51914,0.51915,0,0
2015-06-17,10:00:00,0.51911,0.51933,0.51848,0.51888,0,0
2015-06-17,11:00:00,0.51888,0.51888,0.51551,0.51586,0,0
2015-06-17,12:00:00,0.51587,0.51614,0.51547,0.51585,0,0
2015-06-17,13:00:00,0.51586,0.51624,0.51545,0.51584,0,0
2015-06-17,14:00:00,0.51584,0.51684,0.51554,0.51665,0,0
2015-06-17,15:00:00,0.51666,0.51666,0.5156,0.51568,0,0
2015-06-17,16:00:00,0.5157,0.51664,0.51569,0.5164,0,0
2015-06-17,17:00:00,0.5164,0.51735,0.51598,0.5167,0,0
2015-06-17,18:00:00,0.51671,0.51759,0.5166,0.51743,0,0
2015-06-17,19:00:00,0.51743,0.51743,0.51643,0.51652,0,0
2015-06-17,20:00:00,0.51652,0.51677,0.51593,0.51612,0,0
2015-06-17,21:00:00,0.51601,0.51698,0.51578,0.51662,0,0
2015-06-17,22:00:00,0.51663,0.51676,0.51586,0.51617,0,0
2015-06-17,23:00:00,0.51616,0.51663,0.51594,0.51654,0,0
2015-06-17,23:59:00,0.51653,0.51657,0.51618,0.51646,0,0
2015-06-18,01:00:00,0.51639,0.51658,0.51623,0.5164,0,0
2015-06-18,02:00:00,0.51638,0.5165,0.51586,0.51586,0,0
2015-06-18,03:00:00,0.51586,0.51617,0.51585,0.51615,0,0
2015-06-18,04:00:00,0.51615,0.51624,0.51594,0.5161,0,0
2015-06-18,05:00:00,0.51611,0.51621,0.51595,0.51617,0,0
2015-06-18,06:00:00,0.51617,0.51628,0.51605,0.51611,0,0
2015-06-18,07:00:00,0.51612,0.51662,0.51607,0.51661,0,0
2015-06-18,08:00:00,0.51661,0.51704,0.51639,0.51693,0,0
2015-06-18,09:00:00,0.51693,0.51734,0.5168,0.51729,0,0
2015-06-18,10:00:00,0.51728,0.51729,0.51568,0.5158,0,0
2015-06-18,11:00:00,0.5158,0.5169,0.51574,0.5168,0,0
2015-06-18,12:00:00,0.5168,0.51726,0.51601,0.51686,0,0
2015-06-18,13:00:00,0.51687,0.517,0.51637,0.51685,0,0
2015-06-18,14:00:00,0.51685,0.51711,0.51627,0.51699,0,0
2015-06-18,15:00:00,0.517,0.5182,0.51685,0.51772,0,0
2015-06-18,16:00:00,0.51772,0.5182,0.51698,0.5176,0,0
2015-06-18,17:00:00,0.51771,0.51781,0.51632,0.51632,0,0
2015-06-18,18:00:00,0.51628,0.51666,0.51579,0.51579,0,0
2015-06-18,19:00:00,0.5158,0.51605,0.51536,0.51537,0,0
2015-06-18,20:00:00,0.51538,0.51543,0.51489,0.51537,0,0
2015-06-18,21:00:00,0.51537,0.51541,0.51488,0.51501,0,0
2015-06-18,22:00:00,0.515,0.51512,0.51442,0.51474,0,0
2015-06-18,23:00:00,0.51472,0.51521,0.51465,0.51521,0,0
2015-06-18,23:59:00,0.51521,0.51521,0.51479,0.5151,0,0
2015-06-19,01:00:00,0.5151,0.51537,0.51502,0.51536,0,0
2015-06-19,02:00:00,0.51534,0.51539,0.51494,0.51508,0,0
2015-06-19,03:00:00,0.51509,0.51519,0.51475,0.51493,0,0
2015-06-19,04:00:00,0.51494,0.5151,0.51483,0.51504,0,0
2015-06-19,05:00:00,0.51505,0.51505,0.51484,0.51493,0,0
2015-06-19,06:00:00,0.51493,0.51499,0.51477,0.51479,0,0
2015-06-19,07:00:00,0.51479,0.51502,0.51471,0.51492,0,0
2015-06-19,08:00:00,0.51489,0.5155,0.51488,0.5154,0,0
2015-06-19,09:00:00,0.5154,0.51548,0.51502,0.51522,0,0
2015-06-19,10:00:00,0.51522,0.51596,0.51509,0.51587,0,0
2015-06-19,11:00:00,0.51587,0.51633,0.51558,0.51619,0,0
2015-06-19,12:00:00,0.51619,0.51642,0.51536,0.51587,0,0
2015-06-19,13:00:00,0.51584,0.51586,0.51511,0.51545,0,0
2015-06-19,14:00:00,0.51544,0.51564,0.51458,0.51483,0,0
2015-06-19,15:00:00,0.51483,0.51501,0.51286,0.51294,0,0
2015-06-19,16:00:00,0.51291,0.51399,0.51214,0.51351,0,0
2015-06-19,17:00:00,0.51352,0.51352,0.51214,0.51263,0,0
2015-06-19,18:00:00,0.51263,0.51298,0.51227,0.51295,0,0
2015-06-19,19:00:00,0.51295,0.51328,0.51277,0.513,0,0
2015-06-19,20:00:00,0.51298,0.51366,0.51296,0.51349,0,0
2015-06-19,21:00:00,0.51348,0.51373,0.51333,0.51357,0,0
2015-06-19,22:00:00,0.51357,0.51364,0.51326,0.51361,0,0
2015-06-19,23:00:00,0.51365,0.51367,0.51359,0.51359,0,0
2015-06-22,01:00:00,0.51361,0.51364,0.51326,0.51345,0,0
2015-06-22,02:00:00,0.51345,0.51349,0.51305,0.5132,0,0
2015-06-22,03:00:00,0.5132,0.51338,0.51315,0.51319,0,0
2015-06-22,04:00:00,0.51318,0.51343,0.51315,0.51338,0,0
2015-06-22,05:00:00,0.51339,0.51342,0.5132,0.51333,0,0
2015-06-22,06:00:00,0.51333,0.51352,0.51323,0.51348,0,0
2015-06-22,07:00:00,0.51347,0.51356,0.51313,0.51315,0,0
2015-06-22,08:00:00,0.51316,0.51362,0.51297,0.51354,0,0
2015-06-22,09:00:00,0.51353,0.5139,0.51313,0.51322,0,0
2015-06-22,10:00:00,0.51323,0.51428,0.51318,0.51419,0,0
2015-06-22,11:00:00,0.51419,0.51432,0.51388,0.51388,0,0
2015-06-22,12:00:00,0.51385,0.51482,0.51373,0.51481,0,0
2015-06-22,13:00:00,0.51481,0.51655,0.51481,0.51651,0,0
2015-06-22,14:00:00,0.51653,0.51688,0.51633,0.51665,0,0
2015-06-22,15:00:00,0.51672,0.51713,0.51593,0.51604,0,0
2015-06-22,16:00:00,0.51605,0.51638,0.5145,0.51472,0,0
2015-06-22,17:00:00,0.51471,0.51507,0.51401,0.51487,0,0
2015-06-22,18:00:00,0.51487,0.51487,0.5141,0.51432,0,0
2015-06-22,19:00:00,0.51434,0.51449,0.51274,0.51295,0,0
2015-06-22,20:00:00,0.51295,0.5133,0.51293,0.51301,0,0
2015-06-22,21:00:00,0.51301,0.51338,0.5126,0.51287,0,0
2015-06-22,22:00:00,0.5129,0.51315,0.51266,0.51288,0,0
2015-06-22,23:00:00,0.51289,0.51343,0.51279,0.51338,0,0
2015-06-22,23:59:00,0.51335,0.51346,0.51294,0.51322,0,0
2015-06-23,01:00:00,0.51318,0.51335,0.51305,0.51313,0,0
2015-06-23,02:00:00,0.51312,0.51321,0.51298,0.51309,0,0
2015-06-23,03:00:00,0.51309,0.51316,0.51285,0.51296,0,0
2015-06-23,04:00:00,0.51296,0.51423,0.51295,0.5137,0,0
2015-06-23,05:00:00,0.51374,0.51422,0.51366,0.51374,0,0
2015-06-23,06:00:00,0.51376,0.51383,0.51341,0.51381,0,0
2015-06-23,07:00:00,0.51381,0.51392,0.51371,0.51376,0,0
2015-06-23,08:00:00,0.51379,0.51391,0.51363,0.51378,0,0
2015-06-23,09:00:00,0.51379,0.51391,0.51314,0.51319,0,0
2015-06-23,10:00:00,0.51317,0.51356,0.51287,0.51338,0,0
2015-06-23,11:00:00,0.5134,0.51386,0.51327,0.5134,0,0
2015-06-23,12:00:00,0.51341,0.51363,0.51272,0.51321,0,0
2015-06-23,13:00:00,0.51322,0.51379,0.51303,0.51346,0,0
2015-06-23,14:00:00,0.51346,0.51364,0.51306,0.51355,0,0
2015-06-23,15:00:00,0.51355,0.51512,0.51346,0.51447,0,0
2015-06-23,16:00:00,0.51442,0.51482,0.51351,0.51386,0,0
2015-06-23,17:00:00,0.51377,0.51583,0.5136,0.51535,0,0
2015-06-23,18:00:00,0.51538,0.51595,0.51493,0.51508,0,0
2015-06-23,19:00:00,0.51509,0.5163,0.51509,0.51579,0,0
2015-06-23,20:00:00,0.51577,0.51581,0.51503,0.51565,0,0
2015-06-23,21:00:00,0.51568,0.51584,0.51544,0.51576,0,0
2015-06-23,22:00:00,0.51579,0.51597,0.51541,0.51544,0,0
2015-06-23,23:00:00,0.51548,0.51581,0.51543,0.51577,0,0
2015-06-23,23:59:00,0.51577,0.51584,0.51543,0.51564,0,0
2015-06-24,01:00:00,0.51557,0.51578,0.51555,0.51572,0,0
2015-06-24,02:00:00,0.51572,0.51572,0.51549,0.5156,0,0
2015-06-24,03:00:00,0.5156,0.51572,0.51539,0.51552,0,0
2015-06-24,04:00:00,0.51555,0.5159,0.51537,0.51564,0,0
2015-06-24,05:00:00,0.51563,0.51577,0.51553,0.51559,0,0
2015-06-24,06:00:00,0.51559,0.51561,0.51536,0.51541,0,0
2015-06-24,07:00:00,0.5154,0.51559,0.51481,0.51497,0,0
2015-06-24,08:00:00,0.51498,0.51503,0.5145,0.51486,0,0
2015-06-24,09:00:00,0.51486,0.51499,0.51335,0.51335,0,0
2015-06-24,10:00:00,0.51335,0.51464,0.51335,0.51455,0,0
2015-06-24,11:00:00,0.51456,0.51549,0.51429,0.51534,0,0
2015-06-24,12:00:00,0.51532,0.51587,0.51518,0.51587,0,0
2015-06-24,13:00:00,0.51587,0.51621,0.51555,0.5159,0,0
2015-06-24,14:00:00,0.51589,0.51599,0.51534,0.51555,0,0
2015-06-24,15:00:00,0.51555,0.51641,0.51452,0.5147,0,0
2015-06-24,16:00:00,0.51469,0.51469,0.51331,0.51366,0,0
2015-06-24,17:00:00,0.51366,0.51366,0.51258,0.51323,0,0
2015-06-24,18:00:00,0.51324,0.5138,0.51279,0.51375,0,0
2015-06-24,19:00:00,0.51375,0.51484,0.51356,0.51453,0,0
2015-06-24,20:00:00,0.51452,0.51494,0.5141,0.51417,0,0
2015-06-24,21:00:00,0.51417,0.51427,0.51363,0.51395,0,0
2015-06-24,22:00:00,0.51394,0.51414,0.5138,0.51384,0,0
2015-06-24,23:00:00,0.51384,0.51419,0.51366,0.51419,0,0
2015-06-24,23:59:00,0.51419,0.51426,0.51398,0.51403,0,0
2015-06-25,01:00:00,0.51401,0.51412,0.51387,0.51392,0,0
2015-06-25,02:00:00,0.51392,0.51412,0.51383,0.5141,0,0
2015-06-25,03:00:00,0.5141,0.51448,0.51405,0.51431,0,0
2015-06-25,04:00:00,0.51431,0.51447,0.51424,0.51428,0,0
2015-06-25,05:00:00,0.51428,0.51452,0.51428,0.51445,0,0
2015-06-25,06:00:00,0.51446,0.5148,0.51443,0.51479,0,0
2015-06-25,07:00:00,0.51479,0.51496,0.51474,0.51483,0,0
2015-06-25,08:00:00,0.51483,0.51487,0.51454,0.51471,0,0
2015-06-25,09:00:00,0.5147,0.51479,0.51378,0.51385,0,0
2015-06-25,10:00:00,0.51387,0.51404,0.51314,0.51366,0,0
2015-06-25,11:00:00,0.51366,0.51458,0.51346,0.51454,0,0
2015-06-25,12:00:00,0.51454,0.51525,0.51437,0.5148,0,0
2015-06-25,13:00:00,0.5148,0.51509,0.51367,0.51383,0,0
2015-06-25,14:00:00,0.51383,0.5144,0.51345,0.51356,0,0
2015-06-25,15:00:00,0.51356,0.51378,0.51293,0.51304,0,0
2015-06-25,16:00:00,0.51304,0.51467,0.51304,0.51467,0,0
2015-06-25,17:00:00,0.51464,0.51507,0.51424,0.51503,0,0
2015-06-25,18:00:00,0.51503,0.51519,0.51455,0.51495,0,0
2015-06-25,19:00:00,0.51499,0.51506,0.51445,0.51468,0,0
2015-06-25,20:00:00,0.51468,0.51495,0.51436,0.51495,0,0
2015-06-25,21:00:00,0.51494,0.51592,0.51486,0.51592,0,0
2015-06-25,22:00:00,0.51593,0.51596,0.5155,0.51569,0,0
2015-06-25,23:00:00,0.51568,0.51577,0.51517,0.51523,0,0
2015-06-25,23:59:00,0.51524,0.51527,0.51499,0.51522,0,0
2015-06-26,01:00:00,0.51503,0.51519,0.51484,0.5149,0,0
2015-06-26,02:00:00,0.51491,0.51507,0.51489,0.51498,0,0
2015-06-26,03:00:00,0.51501,0.51523,0.51499,0.51505,0,0
2015-06-26,04:00:00,0.51503,0.51505,0.51471,0.51486,0,0
2015-06-26,05:00:00,0.51485,0.51486,0.51463,0.51476,0,0
2015-06-26,06:00:00,0.51476,0.51482,0.51445,0.51454,0,0
2015-06-26,07:00:00,0.51453,0.51489,0.51451,0.51486,0,0
2015-06-26,08:00:00,0.51485,0.51494,0.5147,0.51479,0,0
2015-06-26,09:00:00,0.51482,0.51504,0.51414,0.51425,0,0
2015-06-26,10:00:00,0.51425,0.51493,0.51377,0.51384,0,0
2015-06-26,11:00:00,0.51387,0.51407,0.51322,0.51398,0,0
2015-06-26,12:00:00,0.51397,0.51415,0.5137,0.51382,0,0
2015-06-26,13:00:00,0.51384,0.51517,0.51381,0.51471,0,0
2015-06-26,14:00:00,0.51469,0.51521,0.51428,0.51456,0,0
2015-06-26,15:00:00,0.51456,0.51467,0.51379,0.51431,0,0
2015-06-26,16:00:00,0.51426,0.51438,0.51308,0.51386,0,0
2015-06-26,17:00:00,0.51395,0.51425,0.51322,0.51343,0,0
2015-06-26,18:00:00,0.51338,0.51448,0.51307,0.51414,0,0
2015-06-26,19:00:00,0.51414,0.5151,0.51407,0.51497,0,0
2015-06-26,20:00:00,0.51497,0.51612,0.51468,0.51566,0,0
2015-06-26,21:00:00,0.51566,0.51607,0.51553,0.51588,0,0
2015-06-26,22:00:00,0.51588,0.51612,0.51564,0.51572,0,0
2015-06-26,23:00:00,0.51571,0.5158,0.51571,0.51575,0,0
2015-06-29,01:00:00,0.51642,0.51692,0.51509,0.5154,0,0
2015-06-29,02:00:00,0.5154,0.51599,0.51531,0.51596,0,0
2015-06-29,03:00:00,0.51595,0.51643,0.51518,0.51592,0,0
2015-06-29,04:00:00,0.51592,0.516,0.51553,0.51569,0,0
2015-06-29,05:00:00,0.51571,0.51597,0.51532,0.51565,0,0
2015-06-29,06:00:00,0.51566,0.51601,0.51542,0.51598,0,0
2015-06-29,07:00:00,0.51597,0.5164,0.51572,0.51619,0,0
2015-06-29,08:00:00,0.51619,0.51636,0.51565,0.51596,0,0
2015-06-29,09:00:00,0.51596,0.51728,0.51555,0.51728,0,0
2015-06-29,10:00:00,0.51717,0.51739,0.51581,0.51681,0,0
2015-06-29,11:00:00,0.51681,0.51708,0.51632,0.5165,0,0
2015-06-29,12:00:00,0.51653,0.51668,0.51513,0.5155,0,0
2015-06-29,13:00:00,0.5155,0.51565,0.51489,0.51563,0,0
2015-06-29,14:00:00,0.51563,0.51591,0.5146,0.51551,0,0
2015-06-29,15:00:00,0.51551,0.51586,0.51424,0.51425,0,0
2015-06-29,16:00:00,0.51425,0.51425,0.5132,0.51395,0,0
2015-06-29,17:00:00,0.51396,0.51442,0.51217,0.51302,0,0
2015-06-29,18:00:00,0.51303,0.5134,0.51159,0.51241,0,0
2015-06-29,19:00:00,0.51241,0.51318,0.51124,0.51262,0,0
2015-06-29,20:00:00,0.51261,0.51343,0.51235,0.51277,0,0
2015-06-29,21:00:00,0.51277,0.51404,0.51266,0.51372,0,0
2015-06-29,22:00:00,0.51372,0.51374,0.51298,0.51301,0,0
2015-06-29,23:00:00,0.51301,0.51307,0.51224,0.5123,0,0
2015-06-29,23:59:00,0.51224,0.51268,0.51224,0.51253,0,0
2015-06-30,01:00:00,0.51256,0.51269,0.51241,0.5126,0,0
2015-06-30,02:00:00,0.51254,0.51256,0.51218,0.5122,0,0
2015-06-30,03:00:00,0.5122,0.51229,0.51176,0.51193,0,0
2015-06-30,04:00:00,0.51192,0.51221,0.51185,0.51199,0,0
2015-06-30,05:00:00,0.51199,0.51205,0.51178,0.51197,0,0
2015-06-30,06:00:00,0.51197,0.51259,0.51197,0.51222,0,0
2015-06-30,07:00:00,0.51264,0.51301,0.51222,0.51281,0,0
2015-06-30,08:00:00,0.5128,0.51327,0.51269,0.51314,0,0
2015-06-30,09:00:00,0.51315,0.51385,0.5129,0.51364,0,0
2015-06-30,10:00:00,0.51362,0.51384,0.5129,0.51359,0,0
2015-06-30,11:00:00,0.51351,0.51353,0.51211,0.51298,0,0
2015-06-30,12:00:00,0.51304,0.51348,0.51262,0.513,0,0
2015-06-30,13:00:00,0.51304,0.51407,0.51303,0.51383,0,0
2015-06-30,14:00:00,0.51384,0.5144,0.51338,0.51416,0,0
2015-06-30,15:00:00,0.51416,0.51437,0.51077,0.51087,0,0
2015-06-30,16:00:00,0.51086,0.51086,0.50949,0.51057,0,0
2015-06-30,17:00:00,0.51057,0.51072,0.50894,0.50942,0,0
2015-06-30,18:00:00,0.50942,0.51019,0.50921,0.50982,0,0
2015-06-30,19:00:00,0.50985,0.51005,0.50878,0.50945,0,0
2015-06-30,20:00:00,0.50946,0.50946,0.5087,0.50892,0,0
2015-06-30,21:00:00,0.50892,0.50943,0.50846,0.50888,0,0
2015-06-30,22:00:00,0.50888,0.50982,0.50881,0.5096,0,0
2015-06-30,23:00:00,0.50955,0.50966,0.50909,0.50955,0,0
2015-06-30,23:59:00,0.50954,0.5101,0.50943,0.50956,0,0
2015-07-01,01:00:00,0.50958,0.51077,0.50948,0.51077,0,0
2015-07-01,02:00:00,0.51078,0.51113,0.51048,0.51089,0,0
2015-07-01,03:00:00,0.51092,0.51111,0.50994,0.50999,0,0
2015-07-01,04:00:00,0.50999,0.51024,0.50984,0.51,0,0
2015-07-01,05:00:00,0.50999,0.51022,0.50987,0.51017,0,0
2015-07-01,06:00:00,0.51017,0.51021,0.50991,0.50992,0,0
2015-07-01,07:00:00,0.50992,0.50993,0.50942,0.50947,0,0
2015-07-01,08:00:00,0.50943,0.50953,0.50925,0.50953,0,0
2015-07-01,09:00:00,0.50953,0.50962,0.50897,0.50941,0,0
2015-07-01,10:00:00,0.50943,0.50957,0.50885,0.50919,0,0
2015-07-01,11:00:00,0.50924,0.51113,0.5089,0.51075,0,0
2015-07-01,12:00:00,0.51079,0.51109,0.51035,0.5105,0,0
2015-07-01,13:00:00,0.5105,0.51069,0.51009,0.51009,0,0
2015-07-01,14:00:00,0.51014,0.51045,0.50995,0.51028,0,0
2015-07-01,15:00:00,0.51028,0.51045,0.50942,0.50963,0,0
2015-07-01,16:00:00,0.50963,0.51,0.50912,0.50993,0,0
2015-07-01,17:00:00,0.50985,0.51029,0.50911,0.51007,0,0
2015-07-01,18:00:00,0.51001,0.5104,0.50938,0.5098,0,0
2015-07-01,19:00:00,0.50981,0.51011,0.50945,0.50948,0,0
2015-07-01,20:00:00,0.50948,0.5097,0.50895,0.50927,0,0
2015-07-01,21:00:00,0.50931,0.5094,0.50888,0.50906,0,0
2015-07-01,22:00:00,0.50909,0.50922,0.50872,0.50875,0,0
2015-07-01,23:00:00,0.50876,0.50887,0.50846,0.50861,0,0
2015-07-01,23:59:00,0.5086,0.5091,0.50855,0.50882,0,0
2015-07-02,01:00:00,0.50874,0.50889,0.50859,0.50884,0,0
2015-07-02,02:00:00,0.50882,0.50904,0.50877,0.50901,0,0
2015-07-02,03:00:00,0.50901,0.50905,0.50876,0.50888,0,0
2015-07-02,04:00:00,0.50886,0.50921,0.50881,0.5092,0,0
2015-07-02,05:00:00,0.5092,0.50931,0.5089,0.50897,0,0
2015-07-02,06:00:00,0.50897,0.5091,0.5089,0.50906,0,0
2015-07-02,07:00:00,0.50906,0.50909,0.50886,0.50887,0,0
2015-07-02,08:00:00,0.50887,0.50892,0.50866,0.50866,0,0
2015-07-02,09:00:00,0.50868,0.50929,0.50868,0.50918,0,0
2015-07-02,10:00:00,0.50918,0.5093,0.50881,0.50902,0,0
2015-07-02,11:00:00,0.50908,0.50916,0.50771,0.50781,0,0
2015-07-02,12:00:00,0.5078,0.50793,0.50701,0.5076,0,0
2015-07-02,13:00:00,0.5076,0.50823,0.50749,0.50798,0,0
2015-07-02,14:00:00,0.50798,0.50884,0.50797,0.50841,0,0
2015-07-02,15:00:00,0.50841,0.50953,0.50838,0.50932,0,0
2015-07-02,16:00:00,0.50932,0.50974,0.50895,0.50923,0,0
2015-07-02,17:00:00,0.50923,0.51004,0.50904,0.51001,0,0
2015-07-02,18:00:00,0.51,0.51017,0.50941,0.50966,0,0
2015-07-02,19:00:00,0.50966,0.51065,0.50961,0.51056,0,0
2015-07-02,20:00:00,0.51056,0.51062,0.51022,0.51034,0,0
2015-07-02,21:00:00,0.51032,0.51047,0.51015,0.51036,0,0
2015-07-02,22:00:00,0.51035,0.51093,0.51033,0.51081,0,0
2015-07-02,23:00:00,0.51081,0.51099,0.51058,0.51078,0,0
2015-07-02,23:59:00,0.51085,0.51101,0.51063,0.5109,0,0
2015-07-03,01:00:00,0.51084,0.51084,0.51054,0.51083,0,0
2015-07-03,02:00:00,0.51083,0.51083,0.51062,0.51063,0,0
2015-07-03,03:00:00,0.51065,0.51066,0.51039,0.51061,0,0
2015-07-03,04:00:00,0.51063,0.51068,0.50996,0.51002,0,0
2015-07-03,05:00:00,0.51002,0.51021,0.50999,0.51009,0,0
2015-07-03,06:00:00,0.51009,0.51022,0.5099,0.51005,0,0
2015-07-03,07:00:00,0.51005,0.51034,0.51004,0.51019,0,0
2015-07-03,08:00:00,0.51019,0.51037,0.51006,0.51025,0,0
2015-07-03,09:00:00,0.51024,0.51033,0.50972,0.5102,0,0
2015-07-03,10:00:00,0.51021,0.51039,0.50991,0.51019,0,0
2015-07-03,11:00:00,0.51019,0.5102,0.50898,0.50951,0,0
2015-07-03,12:00:00,0.50951,0.50983,0.50929,0.50953,0,0
2015-07-03,13:00:00,0.50953,0.50967,0.50906,0.50942,0,0
2015-07-03,14:00:00,0.5094,0.50955,0.50894,0.50902,0,0
2015-07-03,15:00:00,0.50902,0.50915,0.50828,0.50876,0,0
2015-07-03,16:00:00,0.50875,0.50903,0.50825,0.50888,0,0
2015-07-03,17:00:00,0.50884,0.50986,0.50845,0.50986,0,0
2015-07-03,18:00:00,0.50985,0.51098,0.50968,0.51083,0,0
2015-07-03,19:00:00,0.51078,0.51105,0.51016,0.51034,0,0
2015-07-03,20:00:00,0.51032,0.51099,0.5102,0.51084,0,0
2015-07-03,21:00:00,0.51084,0.51134,0.51071,0.51081,0,0
2015-07-03,22:00:00,0.51081,0.51113,0.51071,0.51083,0,0
2015-07-03,23:00:00,0.51083,0.51086,0.51074,0.51074,0,0
2015-07-06,01:00:00,0.51021,0.5104,0.50943,0.51007,0,0
2015-07-06,02:00:00,0.51007,0.51037,0.50974,0.50983,0,0
2015-07-06,03:00:00,0.50983,0.51029,0.50971,0.51023,0,0
2015-07-06,04:00:00,0.51023,0.51026,0.50968,0.50969,0,0
2015-07-06,05:00:00,0.50968,0.50982,0.5094,0.50973,0,0
2015-07-06,06:00:00,0.50973,0.50977,0.50945,0.50961,0,0
2015-07-06,07:00:00,0.50961,0.51004,0.50956,0.50969,0,0
2015-07-06,08:00:00,0.50969,0.5098,0.50898,0.50901,0,0
2015-07-06,09:00:00,0.509,0.51069,0.50878,0.51069,0,0
2015-07-06,10:00:00,0.5107,0.5116,0.51049,0.51084,0,0
2015-07-06,11:00:00,0.51083,0.51089,0.51023,0.51033,0,0
2015-07-06,12:00:00,0.51033,0.51049,0.50975,0.50977,0,0
2015-07-06,13:00:00,0.50977,0.50995,0.50884,0.5089,0,0
2015-07-06,14:00:00,0.50893,0.50927,0.50862,0.50888,0,0
2015-07-06,15:00:00,0.50881,0.50931,0.5084,0.50872,0,0
2015-07-06,16:00:00,0.50872,0.50872,0.50795,0.50826,0,0
2015-07-06,17:00:00,0.50808,0.50851,0.50758,0.50778,0,0
2015-07-06,18:00:00,0.50778,0.50797,0.5069,0.50707,0,0
2015-07-06,19:00:00,0.50708,0.50755,0.50658,0.50692,0,0
2015-07-06,20:00:00,0.50692,0.50704,0.50622,0.50644,0,0
2015-07-06,21:00:00,0.50647,0.50654,0.50589,0.50644,0,0
2015-07-06,22:00:00,0.50643,0.50663,0.50627,0.50653,0,0
2015-07-06,23:00:00,0.50653,0.50661,0.50631,0.50651,0,0
2015-07-06,23:59:00,0.50652,0.5068,0.50634,0.50676,0,0
2015-07-07,01:00:00,0.50672,0.50676,0.50658,0.50669,0,0
2015-07-07,02:00:00,0.50669,0.50673,0.50626,0.50633,0,0
2015-07-07,03:00:00,0.50633,0.50669,0.50625,0.50644,0,0
2015-07-07,04:00:00,0.50644,0.50679,0.50637,0.50679,0,0
2015-07-07,05:00:00,0.5068,0.50693,0.50654,0.50663,0,0
2015-07-07,06:00:00,0.50662,0.50669,0.50651,0.50657,0,0
2015-07-07,07:00:00,0.50657,0.50685,0.50654,0.50676,0,0
2015-07-07,08:00:00,0.50677,0.50677,0.5062,0.50623,0,0
2015-07-07,09:00:00,0.50622,0.50735,0.50617,0.50705,0,0
2015-07-07,10:00:00,0.50705,0.50717,0.50675,0.50689,0,0
2015-07-07,11:00:00,0.50683,0.50796,0.50655,0.50796,0,0
2015-07-07,12:00:00,0.50792,0.50854,0.50754,0.50844,0,0
2015-07-07,13:00:00,0.50844,0.50916,0.5079,0.50895,0,0
2015-07-07,14:00:00,0.50893,0.50912,0.5083,0.50868,0,0
2015-07-07,15:00:00,0.50868,0.50919,0.50798,0.50904,0,0
2015-07-07,16:00:00,0.50905,0.50905,0.50712,0.50721,0,0
2015-07-07,17:00:00,0.50721,0.50835,0.50677,0.50793,0,0
2015-07-07,18:00:00,0.50799,0.5087,0.50743,0.50828,0,0
2015-07-07,19:00:00,0.50815,0.50864,0.50793,0.50825,0,0
2015-07-07,20:00:00,0.50825,0.50876,0.50807,0.50819,0,0
2015-07-07,21:00:00,0.50819,0.50886,0.50771,0.50886,0,0
2015-07-07,22:00:00,0.50888,0.50953,0.50844,0.50864,0,0
2015-07-07,23:00:00,0.50857,0.5091,0.50841,0.5091,0,0
2015-07-07,23:59:00,0.5091,0.5091,0.5087,0.50883,0,0
2015-07-08,01:00:00,0.50882,0.50895,0.5085,0.50864,0,0
2015-07-08,02:00:00,0.50864,0.50874,0.50829,0.50842,0,0
2015-07-08,03:00:00,0.50842,0.50872,0.5084,0.50864,0,0
2015-07-08,04:00:00,0.50864,0.50866,0.5081,0.50854,0,0
2015-07-08,05:00:00,0.50854,0.50891,0.50854,0.5088,0,0
2015-07-08,06:00:00,0.50882,0.50904,0.50871,0.50892,0,0
2015-07-08,07:00:00,0.50891,0.50931,0.50889,0.50907,0,0
2015-07-08,08:00:00,0.50907,0.50912,0.50813,0.50819,0,0
2015-07-08,09:00:00,0.50818,0.50839,0.50754,0.5081,0,0
2015-07-08,10:00:00,0.50811,0.50931,0.50805,0.50886,0,0
2015-07-08,11:00:00,0.50884,0.50995,0.50877,0.50992,0,0
2015-07-08,12:00:00,0.50993,0.51143,0.50993,0.51128,0,0
2015-07-08,13:00:00,0.51129,0.51177,0.51062,0.51156,0,0
2015-07-08,14:00:00,0.51156,0.51228,0.5108,0.5108,0,0
2015-07-08,15:00:00,0.51081,0.51094,0.50971,0.51008,0,0
2015-07-08,16:00:00,0.5101,0.51191,0.50982,0.51111,0,0
2015-07-08,17:00:00,0.51114,0.51201,0.51102,0.5118,0,0
2015-07-08,18:00:00,0.51185,0.51265,0.5115,0.51194,0,0
2015-07-08,19:00:00,0.51187,0.51208,0.51133,0.51142,0,0
2015-07-08,20:00:00,0.51142,0.51217,0.51123,0.51135,0,0
2015-07-08,21:00:00,0.51136,0.51153,0.51086,0.51108,0,0
2015-07-08,22:00:00,0.51105,0.51144,0.51091,0.51102,0,0
2015-07-08,23:00:00,0.51101,0.51112,0.51061,0.51067,0,0
2015-07-08,23:59:00,0.51067,0.51112,0.51067,0.51078,0,0
2015-07-09,01:00:00,0.51075,0.51079,0.51048,0.5107,0,0
2015-07-09,02:00:00,0.51068,0.51117,0.51057,0.51116,0,0
2015-07-09,03:00:00,0.51116,0.51127,0.51078,0.5111,0,0
2015-07-09,04:00:00,0.5111,0.51167,0.51104,0.51158,0,0
2015-07-09,05:00:00,0.51158,0.51171,0.51111,0.51114,0,0
2015-07-09,06:00:00,0.51114,0.51147,0.511,0.51138,0,0
2015-07-09,07:00:00,0.51138,0.51141,0.51106,0.51132,0,0
2015-07-09,08:00:00,0.51132,0.51188,0.51096,0.5113,0,0
2015-07-09,09:00:00,0.51131,0.51143,0.51065,0.51083,0,0
2015-07-09,10:00:00,0.51089,0.51136,0.51035,0.5104,0,0
2015-07-09,11:00:00,0.51035,0.511,0.51023,0.51077,0,0
2015-07-09,12:00:00,0.51074,0.5112,0.51021,0.51053,0,0
2015-07-09,13:00:00,0.51054,0.51136,0.51047,0.51086,0,0
2015-07-09,14:00:00,0.51085,0.51217,0.51085,0.51196,0,0
2015-07-09,15:00:00,0.51196,0.51319,0.51149,0.5123,0,0
2015-07-09,16:00:00,0.5123,0.51233,0.51123,0.51133,0,0
2015-07-09,17:00:00,0.51133,0.51133,0.50992,0.51021,0,0
2015-07-09,18:00:00,0.51022,0.51108,0.51021,0.51101,0,0
2015-07-09,19:00:00,0.511,0.51211,0.51098,0.51208,0,0
2015-07-09,20:00:00,0.51205,0.51216,0.51148,0.51171,0,0
2015-07-09,21:00:00,0.51171,0.51196,0.51153,0.51177,0,0
2015-07-09,22:00:00,0.51177,0.51183,0.51118,0.51169,0,0
2015-07-09,23:00:00,0.51172,0.51228,0.51162,0.51164,0,0
2015-07-09,23:59:00,0.51164,0.5119,0.51162,0.51179,0,0
2015-07-10,01:00:00,0.51185,0.51215,0.51161,0.51188,0,0
2015-07-10,02:00:00,0.51188,0.51197,0.51165,0.51189,0,0
2015-07-10,03:00:00,0.51189,0.51218,0.5117,0.51191,0,0
2015-07-10,04:00:00,0.51191,0.51203,0.51148,0.51176,0,0
2015-07-10,05:00:00,0.51175,0.5121,0.51168,0.5119,0,0
2015-07-10,06:00:00,0.5119,0.51208,0.51177,0.51199,0,0
2015-07-10,07:00:00,0.51195,0.51227,0.51176,0.51195,0,0
2015-07-10,08:00:00,0.51195,0.51215,0.51168,0.51191,0,0
2015-07-10,09:00:00,0.5119,0.51215,0.51112,0.51133,0,0
2015-07-10,10:00:00,0.51131,0.51146,0.50924,0.50924,0,0
2015-07-10,11:00:00,0.50924,0.50924,0.5086,0.50878,0,0
2015-07-10,12:00:00,0.50878,0.5089,0.50796,0.50829,0,0
2015-07-10,13:00:00,0.50829,0.5086,0.50733,0.50739,0,0
2015-07-10,14:00:00,0.50739,0.50751,0.50654,0.5071,0,0
2015-07-10,15:00:00,0.50721,0.50866,0.50637,0.50759,0,0
2015-07-10,16:00:00,0.50759,0.5081,0.5054,0.50614,0,0
2015-07-10,17:00:00,0.50614,0.50682,0.50582,0.50659,0,0
2015-07-10,18:00:00,0.50661,0.50745,0.50638,0.50743,0,0
2015-07-10,19:00:00,0.50743,0.50805,0.50724,0.50781,0,0
2015-07-10,20:00:00,0.50781,0.508,0.50711,0.50719,0,0
2015-07-10,21:00:00,0.50722,0.50827,0.50722,0.50816,0,0
2015-07-10,22:00:00,0.50815,0.5085,0.50798,0.50836,0,0
2015-07-10,23:00:00,0.50836,0.50845,0.50836,0.50842,0,0
2015-07-13,01:00:00,0.50734,0.50814,0.50728,0.508,0,0
2015-07-13,02:00:00,0.50799,0.5082,0.50759,0.50759,0,0
2015-07-13,03:00:00,0.50762,0.5082,0.50762,0.50792,0,0
2015-07-13,04:00:00,0.50792,0.50798,0.50746,0.50764,0,0
2015-07-13,05:00:00,0.50763,0.50789,0.50754,0.50768,0,0
2015-07-13,06:00:00,0.50767,0.50819,0.50767,0.50806,0,0
2015-07-13,07:00:00,0.50806,0.50811,0.5079,0.50798,0,0
2015-07-13,08:00:00,0.50798,0.5082,0.50764,0.50765,0,0
2015-07-13,09:00:00,0.50767,0.50792,0.50664,0.50689,0,0
2015-07-13,10:00:00,0.50681,0.50732,0.50552,0.50615,0,0
2015-07-13,11:00:00,0.50615,0.50615,0.50521,0.50578,0,0
2015-07-13,12:00:00,0.50578,0.50618,0.5046,0.50515,0,0
2015-07-13,13:00:00,0.50519,0.50539,0.5046,0.50537,0,0
2015-07-13,14:00:00,0.50537,0.50646,0.50537,0.50624,0,0
2015-07-13,15:00:00,0.50624,0.50652,0.50527,0.50571,0,0
2015-07-13,16:00:00,0.5057,0.50571,0.50382,0.50399,0,0
2015-07-13,17:00:00,0.50397,0.50447,0.50337,0.50435,0,0
2015-07-13,18:00:00,0.50434,0.50513,0.50388,0.50495,0,0
2015-07-13,19:00:00,0.50495,0.50623,0.50474,0.50598,0,0
2015-07-13,20:00:00,0.50598,0.50648,0.50572,0.5063,0,0
2015-07-13,21:00:00,0.5063,0.50654,0.50594,0.50637,0,0
2015-07-13,22:00:00,0.50638,0.50734,0.50638,0.50672,0,0
2015-07-13,23:00:00,0.50672,0.50706,0.50672,0.50675,0,0
2015-07-13,23:59:00,0.50678,0.50699,0.50669,0.50689,0,0
2015-07-14,01:00:00,0.50684,0.50696,0.50668,0.50675,0,0
2015-07-14,02:00:00,0.50675,0.50682,0.50643,0.5066,0,0
2015-07-14,03:00:00,0.50659,0.50664,0.50624,0.50664,0,0
2015-07-14,04:00:00,0.50664,0.50681,0.50632,0.50648,0,0
2015-07-14,05:00:00,0.50648,0.507,0.5064,0.50694,0,0
2015-07-14,06:00:00,0.50695,0.50708,0.50681,0.50683,0,0
2015-07-14,07:00:00,0.50683,0.50685,0.50661,0.50669,0,0
2015-07-14,08:00:00,0.50669,0.50693,0.50648,0.50686,0,0
2015-07-14,09:00:00,0.50686,0.50765,0.50536,0.50597,0,0
2015-07-14,10:00:00,0.50597,0.50634,0.50507,0.50524,0,0
2015-07-14,11:00:00,0.50534,0.50612,0.50511,0.50539,0,0
2015-07-14,12:00:00,0.50534,0.50534,0.50149,0.50187,0,0
2015-07-14,13:00:00,0.50187,0.50234,0.50102,0.5018,0,0
2015-07-14,14:00:00,0.50179,0.50267,0.50166,0.50256,0,0
2015-07-14,15:00:00,0.50258,0.50378,0.50246,0.50254,0,0
2015-07-14,16:00:00,0.50252,0.50363,0.50219,0.50337,0,0
2015-07-14,17:00:00,0.50342,0.50504,0.50324,0.5046,0,0
2015-07-14,18:00:00,0.50451,0.50451,0.50315,0.50337,0,0
2015-07-14,19:00:00,0.50337,0.5037,0.50323,0.5035,0,0
2015-07-14,20:00:00,0.5035,0.50378,0.50189,0.50189,0,0
2015-07-14,21:00:00,0.50189,0.50211,0.50164,0.50187,0,0
2015-07-14,22:00:00,0.50186,0.50238,0.50181,0.502,0,0
2015-07-14,23:00:00,0.502,0.50245,0.50197,0.50245,0,0
2015-07-14,23:59:00,0.50246,0.50253,0.50208,0.50244,0,0
2015-07-15,01:00:00,0.50238,0.50251,0.50221,0.50242,0,0
2015-07-15,02:00:00,0.50242,0.50251,0.50212,0.50219,0,0
2015-07-15,03:00:00,0.50219,0.50223,0.50171,0.50178,0,0
2015-07-15,04:00:00,0.50178,0.50224,0.50175,0.50217,0,0
2015-07-15,05:00:00,0.50217,0.50228,0.50185,0.50197,0,0
2015-07-15,06:00:00,0.50197,0.50232,0.50184,0.50216,0,0
2015-07-15,07:00:00,0.50215,0.50221,0.50189,0.50198,0,0
2015-07-15,08:00:00,0.50199,0.50202,0.50147,0.50159,0,0
2015-07-15,09:00:00,0.5016,0.50199,0.50068,0.5008,0,0
2015-07-15,10:00:00,0.50076,0.50107,0.50053,0.5008,0,0
2015-07-15,11:00:00,0.5008,0.5027,0.50065,0.50115,0,0
2015-07-15,12:00:00,0.50117,0.50227,0.50097,0.50173,0,0
2015-07-15,13:00:00,0.50174,0.50186,0.50097,0.50134,0,0
2015-07-15,14:00:00,0.50134,0.50254,0.50132,0.50241,0,0
2015-07-15,15:00:00,0.50241,0.50248,0.50107,0.50113,0,0
2015-07-15,16:00:00,0.50113,0.50187,0.50076,0.50153,0,0
2015-07-15,17:00:00,0.50153,0.50153,0.49636,0.49662,0,0
2015-07-15,18:00:00,0.49662,0.49685,0.4948,0.49483,0,0
2015-07-15,19:00:00,0.49485,0.49526,0.49383,0.49439,0,0
2015-07-15,20:00:00,0.49436,0.49473,0.49361,0.49397,0,0
2015-07-15,21:00:00,0.49397,0.49485,0.4939,0.49481,0,0
2015-07-15,22:00:00,0.49485,0.4953,0.4944,0.49488,0,0
2015-07-15,23:00:00,0.49488,0.49547,0.49476,0.49505,0,0
2015-07-15,23:59:00,0.49509,0.49538,0.49498,0.49518,0,0
2015-07-16,01:00:00,0.49509,0.49535,0.49494,0.49519,0,0
2015-07-16,02:00:00,0.49519,0.49532,0.49479,0.49496,0,0
2015-07-16,03:00:00,0.49496,0.49504,0.49451,0.49457,0,0
2015-07-16,04:00:00,0.49455,0.49503,0.49447,0.49475,0,0
2015-07-16,05:00:00,0.49474,0.49499,0.4945,0.49478,0,0
2015-07-16,06:00:00,0.49478,0.49495,0.49472,0.49487,0,0
2015-07-16,07:00:00,0.49487,0.49512,0.49481,0.49499,0,0
2015-07-16,08:00:00,0.49499,0.4953,0.49488,0.49519,0,0
2015-07-16,09:00:00,0.49518,0.49565,0.49486,0.49516,0,0
2015-07-16,10:00:00,0.49514,0.49534,0.49382,0.49471,0,0
2015-07-16,11:00:00,0.49473,0.49558,0.49451,0.49536,0,0
2015-07-16,12:00:00,0.49536,0.49553,0.49492,0.49508,0,0
2015-07-16,13:00:00,0.49509,0.49517,0.49454,0.49481,0,0
2015-07-16,14:00:00,0.49481,0.49651,0.49466,0.49624,0,0
2015-07-16,15:00:00,0.49624,0.4969,0.49562,0.49609,0,0
2015-07-16,16:00:00,0.49611,0.49665,0.49569,0.4964,0,0
2015-07-16,17:00:00,0.49635,0.49672,0.4959,0.49603,0,0
2015-07-16,18:00:00,0.49603,0.49615,0.49515,0.49547,0,0
2015-07-16,19:00:00,0.49547,0.49547,0.49455,0.49475,0,0
2015-07-16,20:00:00,0.49471,0.49501,0.49428,0.49441,0,0
2015-07-16,21:00:00,0.49442,0.49458,0.49406,0.49415,0,0
2015-07-16,22:00:00,0.49415,0.49451,0.49396,0.49396,0,0
2015-07-16,23:00:00,0.49397,0.49436,0.49388,0.49436,0,0
2015-07-16,23:59:00,0.49436,0.49452,0.49416,0.49451,0,0
2015-07-17,01:00:00,0.49451,0.49451,0.49407,0.49412,0,0
2015-07-17,02:00:00,0.49414,0.4943,0.4939,0.49394,0,0
2015-07-17,03:00:00,0.49394,0.49402,0.49385,0.49397,0,0
2015-07-17,04:00:00,0.49398,0.49407,0.49368,0.49375,0,0
2015-07-17,05:00:00,0.49374,0.49378,0.49336,0.49352,0,0
2015-07-17,06:00:00,0.49351,0.49384,0.4935,0.49382,0,0
2015-07-17,07:00:00,0.49383,0.4939,0.49361,0.49374,0,0
2015-07-17,08:00:00,0.49374,0.49383,0.49345,0.49355,0,0
2015-07-17,09:00:00,0.49355,0.49365,0.49267,0.49294,0,0
2015-07-17,10:00:00,0.49294,0.49312,0.49243,0.49251,0,0
2015-07-17,11:00:00,0.49249,0.49271,0.49213,0.49232,0,0
2015-07-17,12:00:00,0.49232,0.49346,0.49229,0.49319,0,0
2015-07-17,13:00:00,0.49319,0.49392,0.4931,0.49369,0,0
2015-07-17,14:00:00,0.49369,0.49403,0.4932,0.49367,0,0
2015-07-17,15:00:00,0.49367,0.49538,0.49363,0.49414,0,0
2015-07-17,16:00:00,0.49413,0.49532,0.49403,0.4942,0,0
2015-07-17,17:00:00,0.4942,0.49464,0.4925,0.49294,0,0
2015-07-17,18:00:00,0.49293,0.49298,0.49216,0.49246,0,0
2015-07-17,19:00:00,0.49245,0.49268,0.49205,0.49251,0,0
2015-07-17,20:00:00,0.4926,0.49329,0.49246,0.49315,0,0
2015-07-17,21:00:00,0.49315,0.49349,0.49295,0.49311,0,0
2015-07-17,22:00:00,0.49311,0.49345,0.49307,0.49341,0,0
2015-07-17,23:00:00,0.4934,0.4934,0.49337,0.49339,0,0
2015-07-20,01:00:00,0.49362,0.49382,0.49354,0.49364,0,0
2015-07-20,02:00:00,0.49364,0.4937,0.49336,0.49343,0,0
2015-07-20,03:00:00,0.49345,0.49349,0.49322,0.49345,0,0
2015-07-20,04:00:00,0.49346,0.49387,0.49337,0.49385,0,0
2015-07-20,05:00:00,0.49383,0.49387,0.49356,0.49374,0,0
2015-07-20,06:00:00,0.49374,0.4938,0.49341,0.49359,0,0
2015-07-20,07:00:00,0.49359,0.494,0.49354,0.49386,0,0
2015-07-20,08:00:00,0.49381,0.49404,0.49361,0.49397,0,0
2015-07-20,09:00:00,0.494,0.49456,0.49364,0.49383,0,0
2015-07-20,10:00:00,0.49398,0.4946,0.49352,0.4946,0,0
2015-07-20,11:00:00,0.49456,0.4948,0.49403,0.49472,0,0
2015-07-20,12:00:00,0.49488,0.49565,0.49453,0.49484,0,0
2015-07-20,13:00:00,0.4948,0.49511,0.49392,0.49476,0,0
2015-07-20,14:00:00,0.4948,0.49534,0.49411,0.495,0,0
2015-07-20,15:00:00,0.49503,0.49545,0.4945,0.4945,0,0
2015-07-20,16:00:00,0.49473,0.49499,0.49381,0.49405,0,0
2015-07-20,17:00:00,0.49389,0.49481,0.49347,0.49455,0,0
2015-07-20,18:00:00,0.49446,0.4947,0.49394,0.49421,0,0
2015-07-20,19:00:00,0.49421,0.4945,0.4941,0.49413,0,0
2015-07-20,20:00:00,0.49407,0.49433,0.49385,0.49408,0,0
2015-07-20,21:00:00,0.49408,0.49452,0.49382,0.49403,0,0
2015-07-20,22:00:00,0.49402,0.49459,0.494,0.49418,0,0
2015-07-20,23:00:00,0.49418,0.49456,0.49404,0.49447,0,0
2015-07-20,23:59:00,0.49446,0.49452,0.49408,0.4944,0,0
