Date,Time,Open,High,Low,Close,Volume,OpenInt
2015-04-22,01:00:00,97.4714,97.5351,97.4361,97.4921,0,0
2015-04-22,02:00:00,97.4921,97.5378,97.465,97.5217,0,0
2015-04-22,03:00:00,97.5217,97.5317,97.4432,97.4597,0,0
2015-04-22,04:00:00,97.4654,97.5367,97.4469,97.5036,0,0
2015-04-22,05:00:00,97.5028,97.6286,97.4896,97.5529,0,0
2015-04-22,06:00:00,97.5537,97.5746,97.4981,97.5038,0,0
2015-04-22,07:00:00,97.503,97.5432,97.4631,97.5416,0,0
2015-04-22,08:00:00,97.5416,97.5804,97.4618,97.5626,0,0
2015-04-22,09:00:00,97.561,97.6232,97.4577,97.5559,0,0
2015-04-22,10:00:00,97.5559,97.7849,97.5486,97.7561,0,0
2015-04-22,11:00:00,97.7577,97.7607,97.6106,97.673,0,0
2015-04-22,12:00:00,97.6771,97.7602,97.6084,97.726,0,0
2015-04-22,13:00:00,97.7244,97.7588,97.5701,97.6022,0,0
2015-04-22,14:00:00,97.5967,97.7218,97.5886,97.6756,0,0
2015-04-22,15:00:00,97.6747,97.733,97.5581,97.7311,0,0
2015-04-22,16:00:00,97.7334,97.9169,97.6973,97.8866,0,0
2015-04-22,17:00:00,97.8899,97.9477,97.7375,97.8141,0,0
2015-04-22,18:00:00,97.8086,97.9946,97.7342,97.8808,0,0
2015-04-22,19:00:00,97.8744,97.9981,97.7692,97.9902,0,0
2015-04-22,20:00:00,97.9885,97.9951,97.9046,97.9498,0,0
2015-04-22,21:00:00,97.9506,98.0539,97.8767,97.963,0,0
2015-04-22,22:00:00,97.967,98.0821,97.955,98.0723,0,0
2015-04-22,23:00:00,98.0635,98.0762,97.9364,97.9801,0,0
2015-04-22,23:59:00,97.9953,98.0072,97.9284,97.9292,0,0
2015-04-23,01:00:00,97.9292,98.0129,97.926,97.9895,0,0
2015-04-23,02:00:00,97.9895,98.0432,97.9527,97.9567,0,0
2015-04-23,03:00:00,97.9551,97.987,97.879,97.8887,0,0
2015-04-23,04:00:00,97.8879,97.9079,97.8286,97.9025,0,0
2015-04-23,05:00:00,97.8976,97.9065,97.813,97.8342,0,0
2015-04-23,06:00:00,97.8268,97.9338,97.8268,97.917,0,0
2015-04-23,07:00:00,97.9153,97.94,97.7654,97.7997,0,0
2015-04-23,08:00:00,97.7989,97.904,97.7837,97.8807,0,0
2015-04-23,09:00:00,97.8831,97.8949,97.6877,97.6909,0,0
2015-04-23,10:00:00,97.6983,97.9125,97.6774,97.8891,0,0
2015-04-23,11:00:00,97.8899,97.9662,97.8458,97.9619,0,0
2015-04-23,12:00:00,97.9627,98.1142,97.9611,98.0449,0,0
2015-04-23,13:00:00,98.0465,98.0761,97.9444,97.9893,0,0
2015-04-23,14:00:00,97.9925,98.1956,97.9862,98.1478,0,0
2015-04-23,15:00:00,98.1525,98.2205,97.9852,98.0957,0,0
2015-04-23,16:00:00,98.0949,98.2305,98.0634,98.2232,0,0
2015-04-23,17:00:00,98.2135,98.5347,98.1991,98.4006,0,0
2015-04-23,18:00:00,98.4102,98.5791,98.3958,98.5421,0,0
2015-04-23,19:00:00,98.542,98.6995,98.4848,98.6583,0,0
2015-04-23,20:00:00,98.664,98.6811,98.4112,98.4598,0,0
2015-04-23,21:00:00,98.4622,98.4932,98.3517,98.4055,0,0
2015-04-23,22:00:00,98.4186,98.4212,98.3452,98.3905,0,0
2015-04-23,23:00:00,98.3855,98.4855,98.362,98.4603,0,0
2015-04-23,23:59:00,98.4709,98.4976,98.3933,98.428,0,0
2015-04-24,01:00:00,98.4223,98.5033,98.4223,98.4495,0,0
2015-04-24,02:00:00,98.4528,98.4694,98.4086,98.4326,0,0
2015-04-24,03:00:00,98.4212,98.4411,98.3664,98.4282,0,0
2015-04-24,04:00:00,98.4282,98.4686,98.3393,98.3663,0,0
2015-04-24,05:00:00,98.3753,98.4109,98.3515,98.3529,0,0
2015-04-24,06:00:00,98.3553,98.4202,98.3521,98.391,0,0
2015-04-24,07:00:00,98.3934,98.4176,98.3585,98.3937,0,0
2015-04-24,08:00:00,98.3905,98.4484,98.3422,98.3702,0,0
2015-04-24,09:00:00,98.3766,98.3818,98.236,98.2556,0,0
2015-04-24,10:00:00,98.258,98.3838,98.2272,98.3252,0,0
2015-04-24,11:00:00,98.3187,98.5623,98.3004,98.5558,0,0
2015-04-24,12:00:00,98.5525,98.5805,98.4305,98.538,0,0
2015-04-24,13:00:00,98.547,98.5518,98.4395,98.4912,0,0
2015-04-24,14:00:00,98.4896,98.6324,98.4817,98.63,0,0
2015-04-24,15:00:00,98.6299,98.6335,98.4352,98.4649,0,0
2015-04-24,16:00:00,98.4689,98.4689,97.9141,98.0152,0,0
2015-04-24,17:00:00,98.0192,98.0281,97.7685,97.7735,0,0
2015-04-24,18:00:00,97.7581,97.8566,97.7226,97.7875,0,0
2015-04-24,19:00:00,97.7795,97.8585,97.7337,97.7485,0,0
2015-04-24,20:00:00,97.7646,97.8328,97.728,97.7322,0,0
2015-04-24,21:00:00,97.7347,97.8012,97.6828,97.6828,0,0
2015-04-24,22:00:00,97.6876,97.7188,97.6318,97.6851,0,0
2015-04-24,23:00:00,97.6842,97.698,97.6817,97.6956,0,0
2015-04-27,01:00:00,97.5748,97.6209,97.5621,97.5906,0,0
2015-04-27,02:00:00,97.5898,97.7296,97.5898,97.703,0,0
2015-04-27,03:00:00,97.7022,97.8296,97.639,97.7941,0,0
2015-04-27,04:00:00,97.7974,97.8741,97.7781,97.8543,0,0
2015-04-27,05:00:00,97.8568,97.8734,97.7991,97.818,0,0
2015-04-27,06:00:00,97.8188,97.8207,97.733,97.7724,0,0
2015-04-27,07:00:00,97.7748,97.8963,97.7619,97.8813,0,0
2015-04-27,08:00:00,97.8821,97.8972,97.8242,97.8375,0,0
2015-04-27,09:00:00,97.8359,97.9003,97.7879,97.8465,0,0
2015-04-27,10:00:00,97.8539,97.9432,97.8003,97.8438,0,0
2015-04-27,11:00:00,97.8446,97.9455,97.7703,97.9118,0,0
2015-04-27,12:00:00,97.9118,98.0636,97.8895,97.9984,0,0
2015-04-27,13:00:00,97.9976,98.1792,97.9744,98.1547,0,0
2015-04-27,14:00:00,98.1571,98.2229,98.0823,98.2229,0,0
2015-04-27,15:00:00,98.2221,98.2559,98.091,98.1185,0,0
2015-04-27,16:00:00,98.121,98.5169,98.1202,98.5018,0,0
2015-04-27,17:00:00,98.4978,98.6881,98.4259,98.4855,0,0
2015-04-27,18:00:00,98.4815,98.564,98.3693,98.4115,0,0
2015-04-27,19:00:00,98.4042,98.4949,98.2674,98.2731,0,0
2015-04-27,20:00:00,98.2739,98.3827,98.2395,98.2917,0,0
2015-04-27,21:00:00,98.2925,98.5243,98.2528,98.5092,0,0
2015-04-27,22:00:00,98.5141,98.5356,98.4158,98.4199,0,0
2015-04-27,23:00:00,98.424,98.5167,98.4142,98.5006,0,0
2015-04-27,23:59:00,98.4933,98.5291,98.4278,98.5054,0,0
2015-04-28,01:00:00,98.5112,98.5604,98.4581,98.4983,0,0
2015-04-28,02:00:00,98.4933,98.5587,98.4776,98.5075,0,0
2015-04-28,03:00:00,98.5051,98.5372,98.4295,98.5028,0,0
2015-04-28,04:00:00,98.4954,98.5393,98.4078,98.4494,0,0
2015-04-28,05:00:00,98.4452,98.4795,98.4062,98.4082,0,0
2015-04-28,06:00:00,98.4082,98.4442,98.38,98.3914,0,0
2015-04-28,07:00:00,98.3873,98.4325,98.3697,98.3705,0,0
2015-04-28,08:00:00,98.3697,98.4467,98.3409,98.4084,0,0
2015-04-28,09:00:00,98.4108,98.4878,98.3015,98.3236,0,0
2015-04-28,10:00:00,98.3245,98.4294,98.2974,98.3094,0,0
2015-04-28,11:00:00,98.3102,98.4276,98.2904,98.3971,0,0
2015-04-28,12:00:00,98.3988,98.5764,98.3579,98.5609,0,0
2015-04-28,13:00:00,98.5536,98.6115,98.5372,98.5762,0,0
2015-04-28,14:00:00,98.5754,98.688,98.5044,98.6442,0,0
2015-04-28,15:00:00,98.6441,98.7013,98.5569,98.6738,0,0
2015-04-28,16:00:00,98.6696,98.7406,98.4023,98.5898,0,0
2015-04-28,17:00:00,98.5907,98.7745,98.5833,98.75,0,0
2015-04-28,18:00:00,98.7673,98.8637,98.6869,98.837,0,0
2015-04-28,19:00:00,98.837,98.9139,98.8021,98.9023,0,0
2015-04-28,20:00:00,98.9097,98.9376,98.8274,98.8471,0,0
2015-04-28,21:00:00,98.8454,98.9031,98.7766,98.8022,0,0
2015-04-28,22:00:00,98.8088,98.901,98.7596,98.8097,0,0
2015-04-28,23:00:00,98.8113,98.8725,98.7431,98.79,0,0
2015-04-28,23:59:00,98.7849,98.858,98.7741,98.8382,0,0
2015-04-29,01:00:00,98.8037,98.8284,98.7406,98.779,0,0
2015-04-29,02:00:00,98.7798,98.7815,98.7092,98.7092,0,0
2015-04-29,03:00:00,98.7141,98.7582,98.64,98.6971,0,0
2015-04-29,04:00:00,98.6988,98.7358,98.6564,98.7308,0,0
2015-04-29,05:00:00,98.7292,98.7292,98.6691,98.6896,0,0
2015-04-29,06:00:00,98.6913,98.7529,98.6913,98.7473,0,0
2015-04-29,07:00:00,98.7465,98.7571,98.6971,98.7324,0,0
2015-04-29,08:00:00,98.734,98.8153,98.7297,98.7806,0,0
2015-04-29,09:00:00,98.7806,98.9224,98.7486,98.9034,0,0
2015-04-29,10:00:00,98.9067,99.002,98.8453,98.9615,0,0
2015-04-29,11:00:00,98.9615,99.1515,98.95,99.1241,0,0
2015-04-29,12:00:00,99.1341,99.1651,98.9205,98.9296,0,0
2015-04-29,13:00:00,98.9329,98.9608,98.8303,98.9362,0,0
2015-04-29,14:00:00,98.9395,98.9681,98.8299,98.9153,0,0
2015-04-29,15:00:00,98.9145,99.2597,98.8457,99.1649,0,0
2015-04-29,16:00:00,99.1821,99.4768,99.0821,99.396,0,0
2015-04-29,17:00:00,99.4001,99.4767,99.2617,99.4116,0,0
2015-04-29,18:00:00,99.4091,99.4799,99.2752,99.3861,0,0
2015-04-29,19:00:00,99.3928,99.4369,99.1174,99.1366,0,0
2015-04-29,20:00:00,99.1448,99.151,98.8305,98.8454,0,0
2015-04-29,21:00:00,98.8298,99.178,98.8298,99.032,0,0
2015-04-29,22:00:00,99.0402,99.1,98.9879,99.0036,0,0
2015-04-29,23:00:00,99.0069,99.1347,99.0069,99.0323,0,0
2015-04-29,23:59:00,99.0125,99.184,99.0092,99.1072,0,0
2015-04-30,01:00:00,99.1022,99.1286,99.0639,99.0663,0,0
2015-04-30,02:00:00,99.0655,99.0861,98.9618,98.976,0,0
2015-04-30,03:00:00,98.9768,99.0461,98.926,99.0437,0,0
2015-04-30,04:00:00,99.0445,99.0542,98.874,98.874,0,0
2015-04-30,05:00:00,98.8707,98.8817,98.6807,98.7671,0,0
2015-04-30,06:00:00,98.7671,98.8881,98.7465,98.8768,0,0
2015-04-30,07:00:00,98.8835,98.8943,98.5642,98.6488,0,0
2015-04-30,08:00:00,98.6488,98.6722,98.5393,98.5672,0,0
2015-04-30,09:00:00,98.5432,98.7798,98.5432,98.7401,0,0
2015-04-30,10:00:00,98.7638,99.0805,98.6804,99.0247,0,0
2015-04-30,11:00:00,99.0173,99.0958,98.7893,98.8505,0,0
2015-04-30,12:00:00,98.8616,98.881,98.6989,98.6993,0,0
2015-04-30,13:00:00,98.6985,98.7957,98.652,98.7833,0,0
2015-04-30,14:00:00,98.7842,98.8564,98.7169,98.8167,0,0
2015-04-30,15:00:00,98.8183,99.1712,98.7839,99.1013,0,0
2015-04-30,16:00:00,99.0955,99.176,98.9962,99.0511,0,0
2015-04-30,17:00:00,99.0601,99.1276,98.7764,98.8086,0,0
2015-04-30,18:00:00,98.7864,98.9401,98.6531,98.9173,0,0
2015-04-30,19:00:00,98.9271,98.9607,98.7995,98.9513,0,0
2015-04-30,20:00:00,98.9538,98.9693,98.7918,98.9176,0,0
2015-04-30,21:00:00,98.9111,98.9834,98.7857,98.7881,0,0
2015-04-30,22:00:00,98.7642,99.0025,98.5541,98.9703,0,0
2015-04-30,23:00:00,98.9631,99.0413,98.858,98.858,0,0
2015-04-30,23:59:00,98.8465,98.9962,98.8465,98.942,0,0
2015-05-01,01:00:00,98.9403,98.9886,98.9015,98.9031,0,0
2015-05-01,02:00:00,98.904,98.924,98.8586,98.9155,0,0
2015-05-01,03:00:00,98.9146,99.067,98.9122,99.0097,0,0
2015-05-01,04:00:00,99.0023,99.0171,98.909,98.9393,0,0
2015-05-01,05:00:00,98.9401,99.0053,98.9232,98.9795,0,0
2015-05-01,06:00:00,98.9795,99.0052,98.9672,98.9894,0,0
2015-05-01,07:00:00,98.9902,99.0222,98.9289,98.984,0,0
2015-05-01,08:00:00,98.9824,99.0792,98.9544,99.0626,0,0
2015-05-01,09:00:00,99.0626,99.1615,98.9974,99.1228,0,0
2015-05-01,10:00:00,99.1219,99.1896,99.0181,99.1286,0,0
2015-05-01,11:00:00,99.1286,99.1835,99.0271,99.0311,0,0
2015-05-01,12:00:00,99.041,99.1341,99.001,99.0962,0,0
2015-05-01,13:00:00,99.0962,99.1406,98.9915,99.0502,0,0
2015-05-01,14:00:00,99.0494,99.1035,98.8999,98.8999,0,0
2015-05-01,15:00:00,98.899,98.9616,98.7167,98.8786,0,0
2015-05-01,16:00:00,98.8786,99.0465,98.5925,98.6894,0,0
2015-05-01,17:00:00,98.7339,98.9005,98.426,98.7479,0,0
2015-05-01,18:00:00,98.7544,98.821,98.6048,98.6048,0,0
2015-05-01,19:00:00,98.5999,98.795,98.5742,98.7447,0,0
2015-05-01,20:00:00,98.7431,98.8962,98.7341,98.8523,0,0
2015-05-01,21:00:00,98.8523,98.9254,98.7787,98.8251,0,0
2015-05-01,22:00:00,98.8251,98.8663,98.6829,98.8419,0,0
2015-05-01,23:00:00,98.8403,98.8468,98.8159,98.8355,0,0
2015-05-04,01:00:00,98.8482,98.9042,98.7879,98.8162,0,0
2015-05-04,02:00:00,98.8146,98.8468,98.7498,98.7742,0,0
2015-05-04,03:00:00,98.7742,98.7788,98.661,98.7306,0,0
2015-05-04,04:00:00,98.7306,98.7411,98.6483,98.6783,0,0
2015-05-04,05:00:00,98.6783,98.689,98.5639,98.6038,0,0
2015-05-04,06:00:00,98.6038,98.6517,98.557,98.6322,0,0
2015-05-04,07:00:00,98.6313,98.69,98.6054,98.6721,0,0
2015-05-04,08:00:00,98.6738,98.746,98.655,98.6805,0,0
2015-05-04,09:00:00,98.6854,98.7806,98.6718,98.6973,0,0
2015-05-04,10:00:00,98.6948,98.8563,98.6504,98.7961,0,0
2015-05-04,11:00:00,98.779,98.9089,98.7691,98.9081,0,0
2015-05-04,12:00:00,98.9073,99.1314,98.9057,99.0498,0,0
2015-05-04,13:00:00,99.0465,99.1644,99.0113,99.1563,0,0
2015-05-04,14:00:00,99.1579,99.2964,99.1245,99.1302,0,0
2015-05-04,15:00:00,99.1294,99.3591,99.0877,99.3194,0,0
2015-05-04,16:00:00,99.3194,99.3252,99.1421,99.192,0,0
2015-05-04,17:00:00,99.1993,99.266,99.0788,99.1754,0,0
2015-05-04,18:00:00,99.182,99.3466,99.1486,99.3195,0,0
2015-05-04,19:00:00,99.3203,99.3203,99.2148,99.2156,0,0
2015-05-04,20:00:00,99.2123,99.2369,99.1713,99.2352,0,0
2015-05-04,21:00:00,99.2344,99.2678,99.1265,99.2653,0,0
2015-05-04,22:00:00,99.2603,99.3607,99.2257,99.3021,0,0
2015-05-04,23:00:00,99.3029,99.3838,99.2947,99.3171,0,0
2015-05-04,23:59:00,99.3278,99.3822,99.2973,99.3747,0,0
2015-05-05,01:00:00,99.3763,99.3763,99.3023,99.3294,0,0
2015-05-05,02:00:00,99.327,99.3524,99.2849,99.3269,0,0
2015-05-05,03:00:00,99.3277,99.3318,99.2417,99.2516,0,0
2015-05-05,04:00:00,99.2524,99.2812,99.2352,99.2641,0,0
2015-05-05,05:00:00,99.2641,99.2649,99.195,99.214,0,0
2015-05-05,06:00:00,99.214,99.2272,99.1408,99.1523,0,0
2015-05-05,07:00:00,99.1523,99.2202,99.0867,99.1004,0,0
2015-05-05,08:00:00,99.0996,99.1906,99.0749,99.0749,0,0
2015-05-05,09:00:00,99.0823,99.1659,99.0356,99.0656,0,0
2015-05-05,10:00:00,99.0657,99.1802,99.0483,99.1712,0,0
2015-05-05,11:00:00,99.1753,99.3599,99.1412,99.2802,0,0
2015-05-05,12:00:00,99.2819,99.4668,99.2533,99.4411,0,0
2015-05-05,13:00:00,99.4403,99.6096,99.4362,99.5593,0,0
2015-05-05,14:00:00,99.5593,99.6774,99.4859,99.6774,0,0
2015-05-05,15:00:00,99.674,99.7627,99.4159,99.6391,0,0
2015-05-05,16:00:00,99.6449,99.9892,99.5928,99.8696,0,0
2015-05-05,17:00:00,99.8804,99.9775,99.8034,99.9609,0,0
2015-05-05,18:00:00,99.9608,99.9659,99.4844,99.5714,0,0
2015-05-05,19:00:00,99.5714,99.6534,99.5355,99.568,0,0
2015-05-05,20:00:00,99.5672,99.5695,99.4725,99.5244,0,0
2015-05-05,21:00:00,99.5236,99.5418,99.2875,99.2958,0,0
2015-05-05,22:00:00,99.2941,99.3255,99.2341,99.2908,0,0
2015-05-05,23:00:00,99.2694,99.371,99.2391,99.3181,0,0
2015-05-05,23:59:00,99.2999,99.3723,99.2726,99.2999,0,0
2015-05-06,01:00:00,99.3024,99.3404,99.2442,99.2765,0,0
2015-05-06,02:00:00,99.2757,99.3588,99.2493,99.3276,0,0
2015-05-06,03:00:00,99.3267,99.3332,99.2611,99.2751,0,0
2015-05-06,04:00:00,99.2751,99.4099,99.2644,99.4057,0,0
2015-05-06,05:00:00,99.4082,99.5815,99.3663,99.5534,0,0
2015-05-06,06:00:00,99.5534,99.6601,99.5278,99.6518,0,0
2015-05-06,07:00:00,99.6535,99.7108,99.5848,99.646,0,0
2015-05-06,08:00:00,99.6493,99.651,99.5134,99.5234,0,0
2015-05-06,09:00:00,99.5201,99.559,99.4309,99.4458,0,0
2015-05-06,10:00:00,99.4491,99.5337,99.3453,99.4965,0,0
2015-05-06,11:00:00,99.5039,99.5734,99.479,99.5734,0,0
2015-05-06,12:00:00,99.5734,99.7204,99.5203,99.5472,0,0
2015-05-06,13:00:00,99.5472,99.6589,99.5256,99.596,0,0
2015-05-06,14:00:00,99.596,99.7345,99.5737,99.6972,0,0
2015-05-06,15:00:00,99.7013,99.7802,99.5911,99.5944,0,0
2015-05-06,16:00:00,99.5919,99.7349,99.5346,99.5605,0,0
2015-05-06,17:00:00,99.5365,99.9054,99.5365,99.7443,0,0
2015-05-06,18:00:00,99.7427,99.7619,99.4545,99.4603,0,0
2015-05-06,19:00:00,99.4587,99.4587,99.2416,99.3835,0,0
2015-05-06,20:00:00,99.3975,99.4116,99.1473,99.1645,0,0
2015-05-06,21:00:00,99.1645,99.2311,98.9686,99.0603,0,0
2015-05-06,22:00:00,99.0512,99.2266,99.0345,99.2168,0,0
2015-05-06,23:00:00,99.2119,99.2662,99.1633,99.1633,0,0
2015-05-06,23:59:00,99.1608,99.2623,99.1564,99.1871,0,0
2015-05-07,01:00:00,99.1904,99.2534,99.1639,99.2051,0,0
2015-05-07,02:00:00,99.2043,99.2249,99.146,99.1538,0,0
2015-05-07,03:00:00,99.1497,99.2375,99.043,99.0912,0,0
2015-05-07,04:00:00,99.0913,99.1954,99.0739,99.191,0,0
2015-05-07,05:00:00,99.1944,99.2836,99.158,99.2728,0,0
2015-05-07,06:00:00,99.2712,99.2859,99.1623,99.2029,0,0
2015-05-07,07:00:00,99.207,99.2401,99.174,99.2004,0,0
2015-05-07,08:00:00,99.1929,99.2896,99.1756,99.1988,0,0
2015-05-07,09:00:00,99.1988,99.2169,99.1017,99.11,0,0
2015-05-07,10:00:00,99.1092,99.179,98.9242,98.964,0,0
2015-05-07,11:00:00,98.9483,98.9765,98.7252,98.8526,0,0
2015-05-07,12:00:00,98.8674,98.8797,98.6227,98.7941,0,0
2015-05-07,13:00:00,98.8032,98.8969,98.6356,98.6711,0,0
2015-05-07,14:00:00,98.6678,98.7383,98.5274,98.6553,0,0
2015-05-07,15:00:00,98.6537,98.8504,98.6092,98.8012,0,0
2015-05-07,16:00:00,98.8077,98.836,98.4124,98.4141,0,0
2015-05-07,17:00:00,98.4214,98.422,98.2433,98.3441,0,0
2015-05-07,18:00:00,98.3515,98.6442,98.3136,98.6351,0,0
2015-05-07,19:00:00,98.6342,98.6694,98.5307,98.5903,0,0
2015-05-07,20:00:00,98.5895,98.6611,98.4904,98.5718,0,0
2015-05-07,21:00:00,98.5718,98.7602,98.5462,98.6931,0,0
2015-05-07,22:00:00,98.6907,98.8447,98.6907,98.8177,0,0
2015-05-07,23:00:00,98.8218,98.8872,98.6896,98.7058,0,0
2015-05-07,23:59:00,98.6846,98.9149,98.675,98.8358,0,0
2015-05-08,01:00:00,98.8358,98.9352,98.8358,98.8694,0,0
2015-05-08,02:00:00,98.8703,98.9358,98.8423,98.8832,0,0
2015-05-08,03:00:00,98.8882,99.026,98.8605,98.9767,0,0
2015-05-08,04:00:00,98.97,99.0945,98.9381,99.0854,0,0
2015-05-08,05:00:00,99.0837,99.1253,99.0233,99.079,0,0
2015-05-08,06:00:00,99.0781,99.0971,98.9848,98.9962,0,0
2015-05-08,07:00:00,98.9953,99.0604,98.9388,99.0244,0,0
2015-05-08,08:00:00,99.0244,99.0892,98.9487,98.9941,0,0
2015-05-08,09:00:00,98.9916,99.0996,98.9604,99.0963,0,0
2015-05-08,10:00:00,99.0807,99.1845,99.0741,99.1449,0,0
2015-05-08,11:00:00,99.1441,99.2733,99.1038,99.2733,0,0
2015-05-08,12:00:00,99.2741,99.2741,99.1746,99.208,0,0
2015-05-08,13:00:00,99.2031,99.2731,99.1529,99.1699,0,0
2015-05-08,14:00:00,99.1765,99.2931,99.1706,99.1715,0,0
2015-05-08,15:00:00,99.1739,99.4331,98.8935,99.0528,0,0
2015-05-08,16:00:00,99.0504,99.1282,98.8155,98.8944,0,0
2015-05-08,17:00:00,98.8879,98.8879,98.6635,98.7093,0,0
2015-05-08,18:00:00,98.7037,99.1406,98.68,99.1135,0,0
2015-05-08,19:00:00,99.1102,99.1215,98.9851,98.9909,0,0
2015-05-08,20:00:00,98.9831,99.2271,98.9664,99.1243,0,0
2015-05-08,21:00:00,99.1227,99.145,99.0102,99.0513,0,0
2015-05-08,22:00:00,99.0513,99.1024,98.9941,99.026,0,0
2015-05-08,23:00:00,99.0457,99.0457,99.0457,99.0457,0,0
2015-05-11,01:00:00,99.0718,99.128,99.0664,99.0813,0,0
2015-05-11,02:00:00,99.0821,99.1421,99.0583,99.0902,0,0
2015-05-11,03:00:00,99.091,99.1095,98.9837,98.9837,0,0
2015-05-11,04:00:00,98.9796,99.0568,98.9697,99.0356,0,0
2015-05-11,05:00:00,99.0413,99.0491,98.9136,98.9332,0,0
2015-05-11,06:00:00,98.9324,98.9489,98.8368,98.8384,0,0
2015-05-11,07:00:00,98.8393,98.8927,98.8181,98.8886,0,0
2015-05-11,08:00:00,98.8878,98.9542,98.8627,98.8924,0,0
2015-05-11,09:00:00,98.8932,98.9817,98.8455,98.9751,0,0
2015-05-11,10:00:00,98.9727,99.0007,98.8441,98.9301,0,0
2015-05-11,11:00:00,98.9334,98.9458,98.8213,98.84,0,0
2015-05-11,12:00:00,98.8392,98.8576,98.7478,98.7705,0,0
2015-05-11,13:00:00,98.7761,98.8611,98.7315,98.8497,0,0
2015-05-11,14:00:00,98.8488,99.01,98.8399,98.9864,0,0
2015-05-11,15:00:00,98.9913,99.2059,98.9585,99.118,0,0
2015-05-11,16:00:00,99.1164,99.3184,99.0586,99.2936,0,0
2015-05-11,17:00:00,99.2952,99.4049,99.2154,99.242,0,0
2015-05-11,18:00:00,99.2248,99.3515,99.101,99.1658,0,0
2015-05-11,19:00:00,99.1633,99.3244,99.1545,99.1928,0,0
2015-05-11,20:00:00,99.1895,99.3217,99.1887,99.3026,0,0
2015-05-11,21:00:00,99.301,99.3893,99.2677,99.2849,0,0
2015-05-11,22:00:00,99.2832,99.309,99.1825,99.1924,0,0
2015-05-11,23:00:00,99.1899,99.3121,99.189,99.2347,0,0
2015-05-11,23:59:00,99.2126,99.3204,99.2126,99.2941,0,0
2015-05-12,01:00:00,99.29,99.3229,99.2801,99.2942,0,0
2015-05-12,02:00:00,99.295,99.328,99.2563,99.3121,0,0
2015-05-12,03:00:00,99.3113,99.3287,99.2112,99.2375,0,0
2015-05-12,04:00:00,99.2383,99.3189,99.2084,99.3189,0,0
2015-05-12,05:00:00,99.3305,99.4291,99.2992,99.3863,0,0
2015-05-12,06:00:00,99.3863,99.4127,99.3509,99.3831,0,0
2015-05-12,07:00:00,99.3823,99.4308,99.3534,99.4218,0,0
2015-05-12,08:00:00,99.4193,99.5316,99.4128,99.4136,0,0
2015-05-12,09:00:00,99.407,99.4121,99.3124,99.3399,0,0
2015-05-12,10:00:00,99.3457,99.3999,99.2923,99.3881,0,0
2015-05-12,11:00:00,99.3914,99.5673,99.3239,99.5431,0,0
2015-05-12,12:00:00,99.5389,99.5709,99.4289,99.5692,0,0
2015-05-12,13:00:00,99.5684,99.6958,99.507,99.6544,0,0
2015-05-12,14:00:00,99.6469,99.7681,99.6024,99.6214,0,0
2015-05-12,15:00:00,99.6346,99.8678,99.6115,99.862,0,0
2015-05-12,16:00:00,99.8471,99.8769,99.5821,99.7382,0,0
2015-05-12,17:00:00,99.7441,99.9683,99.7333,99.9583,0,0
2015-05-12,18:00:00,99.9383,99.9825,99.8566,99.9391,0,0
2015-05-12,19:00:00,99.9466,100.023,99.8641,100.019,0,0
2015-05-12,20:00:00,100.022,100.043,99.9067,99.995,0,0
2015-05-12,21:00:00,99.995,100.008,99.91,99.93,0,0
2015-05-12,22:00:00,99.9325,99.9325,99.737,99.8242,0,0
2015-05-12,23:00:00,99.7245,99.8242,99.7134,99.7321,0,0
2015-05-12,23:59:00,99.7338,99.8767,99.6738,99.8409,0,0
2015-05-13,01:00:00,99.8534,99.8884,99.8184,99.823,0,0
2015-05-13,02:00:00,99.8314,99.8663,99.8064,99.8189,0,0
2015-05-13,03:00:00,99.8297,99.8422,99.7339,99.7581,0,0
2015-05-13,04:00:00,99.7597,99.853,99.685,99.7183,0,0
2015-05-13,05:00:00,99.7141,99.744,99.6527,99.7116,0,0
2015-05-13,06:00:00,99.7124,99.809,99.7108,99.7808,0,0
2015-05-13,07:00:00,99.7808,99.8273,99.7143,99.7234,0,0
2015-05-13,08:00:00,99.7234,99.7625,99.7001,99.7409,0,0
2015-05-13,09:00:00,99.7388,99.7816,99.6632,99.7299,0,0
2015-05-13,10:00:00,99.7258,99.8621,99.6976,99.8612,0,0
2015-05-13,11:00:00,99.8571,100.025,99.8271,99.9683,0,0
2015-05-13,12:00:00,99.9691,100.096,99.8979,100.042,0,0
2015-05-13,13:00:00,100.042,100.056,99.952,99.9791,0,0
2015-05-13,14:00:00,99.9825,100.037,99.9549,99.9766,0,0
2015-05-13,15:00:00,99.9775,100.003,99.8412,99.8828,0,0
2015-05-13,16:00:00,99.8803,99.8803,99.5734,99.7257,0,0
2015-05-13,17:00:00,99.7215,99.8995,99.4339,99.4339,0,0
2015-05-13,18:00:00,99.4306,99.6677,99.3973,99.6527,0,0
2015-05-13,19:00:00,99.6527,99.8031,99.6178,99.7554,0,0
2015-05-13,20:00:00,99.7596,99.7905,99.6436,99.697,0,0
2015-05-13,21:00:00,99.6987,99.7221,99.468,99.468,0,0
2015-05-13,22:00:00,99.4779,99.5663,99.4772,99.5663,0,0
2015-05-13,23:00:00,99.5663,99.6672,99.5547,99.6421,0,0
2015-05-13,23:59:00,99.6471,99.6655,99.6036,99.6563,0,0
2015-05-14,01:00:00,99.6521,99.6879,99.6245,99.6695,0,0
2015-05-14,02:00:00,99.6662,99.7315,99.6378,99.6847,0,0
2015-05-14,03:00:00,99.6864,99.7709,99.6563,99.7391,0,0
2015-05-14,04:00:00,99.7408,99.8283,99.7155,99.8133,0,0
2015-05-14,05:00:00,99.8292,99.8501,99.7273,99.7373,0,0
2015-05-14,06:00:00,99.7256,99.8684,99.7248,99.8182,0,0
2015-05-14,07:00:00,99.8224,99.8826,99.7964,99.8609,0,0
2015-05-14,08:00:00,99.8634,99.9137,99.8266,99.8809,0,0
2015-05-14,09:00:00,99.8734,99.8834,99.6782,99.715,0,0
2015-05-14,10:00:00,99.7175,99.744,99.5889,99.6805,0,0
2015-05-14,11:00:00,99.6805,99.7531,99.6464,99.6972,0,0
2015-05-14,12:00:00,99.6964,99.9204,99.6964,99.8484,0,0
2015-05-14,13:00:00,99.8492,99.8651,99.7206,99.7874,0,0
2015-05-14,14:00:00,99.7841,99.8117,99.7048,99.7966,0,0
2015-05-14,15:00:00,99.8008,99.8233,99.5288,99.788,0,0
2015-05-14,16:00:00,99.7838,99.8357,99.6308,99.7284,0,0
2015-05-14,17:00:00,99.7343,99.799,99.5206,99.6623,0,0
2015-05-14,18:00:00,99.6556,99.7516,99.3136,99.3955,0,0
2015-05-14,19:00:00,99.3996,99.417,99.2535,99.2634,0,0
2015-05-14,20:00:00,99.2634,99.3853,99.2235,99.3622,0,0
2015-05-14,21:00:00,99.3655,99.4927,99.3655,99.3881,0,0
2015-05-14,22:00:00,99.3889,99.4369,99.2852,99.3265,0,0
2015-05-14,23:00:00,99.3282,99.4576,99.3116,99.4526,0,0
2015-05-14,23:59:00,99.4625,99.4776,99.378,99.3962,0,0
2015-05-15,01:00:00,99.4087,99.4726,99.3837,99.4709,0,0
2015-05-15,02:00:00,99.4709,99.5043,99.4278,99.4668,0,0
2015-05-15,03:00:00,99.4718,99.556,99.4457,99.5371,0,0
2015-05-15,04:00:00,99.5371,99.6099,99.5114,99.5283,0,0
2015-05-15,05:00:00,99.5283,99.5407,99.451,99.4825,0,0
2015-05-15,06:00:00,99.4825,99.553,99.4491,99.5305,0,0
2015-05-15,07:00:00,99.5289,99.5547,99.5055,99.5265,0,0
2015-05-15,08:00:00,99.5256,99.5768,99.4611,99.5377,0,0
2015-05-15,09:00:00,99.541,99.6922,99.541,99.6071,0,0
2015-05-15,10:00:00,99.6162,99.6607,99.5517,99.5683,0,0
2015-05-15,11:00:00,99.5649,99.5809,99.4582,99.5046,0,0
2015-05-15,12:00:00,99.498,99.6645,99.498,99.6113,0,0
2015-05-15,13:00:00,99.6104,99.748,99.6104,99.6383,0,0
2015-05-15,14:00:00,99.6425,99.777,99.6052,99.6435,0,0
2015-05-15,15:00:00,99.6501,99.6518,99.421,99.4961,0,0
2015-05-15,16:00:00,99.5085,99.5085,99.2041,99.2657,0,0
2015-05-15,17:00:00,99.2423,99.4505,99.2032,99.3389,0,0
2015-05-15,18:00:00,99.3562,99.4242,99.2105,99.3896,0,0
2015-05-15,19:00:00,99.388,99.4229,99.2593,99.2593,0,0
2015-05-15,20:00:00,99.2544,99.275,99.1049,99.2069,0,0
2015-05-15,21:00:00,99.2168,99.3422,99.1336,99.3089,0,0
2015-05-15,22:00:00,99.3106,99.3398,99.2407,99.2713,0,0
2015-05-15,23:00:00,99.2688,99.2688,99.2522,99.2556,0,0
2015-05-18,01:00:00,99.3476,99.356,99.2957,99.3428,0,0
2015-05-18,02:00:00,99.3428,99.3616,99.3188,99.335,0,0
2015-05-18,03:00:00,99.3358,99.4549,99.2749,99.4299,0,0
2015-05-18,04:00:00,99.4315,99.4428,99.3807,99.3841,0,0
2015-05-18,05:00:00,99.3783,99.3932,99.3194,99.3374,0,0
2015-05-18,06:00:00,99.344,99.3986,99.3382,99.3704,0,0
2015-05-18,07:00:00,99.3704,99.4348,99.3538,99.4265,0,0
2015-05-18,08:00:00,99.4265,99.5669,99.4009,99.5409,0,0
2015-05-18,09:00:00,99.5376,99.5566,99.4222,99.4339,0,0
2015-05-18,10:00:00,99.4298,99.4542,99.3542,99.4197,0,0
2015-05-18,11:00:00,99.4048,99.4106,99.2922,99.3723,0,0
2015-05-18,12:00:00,99.3723,99.4219,99.3228,99.3706,0,0
2015-05-18,13:00:00,99.3442,99.3688,99.2751,99.2964,0,0
2015-05-18,14:00:00,99.2956,99.3179,99.2297,99.2841,0,0
2015-05-18,15:00:00,99.2841,99.3205,99.0895,99.0895,0,0
2015-05-18,16:00:00,99.0862,99.0862,98.7957,98.8149,0,0
2015-05-18,17:00:00,98.819,98.8994,98.7193,98.7915,0,0
2015-05-18,18:00:00,98.8045,98.8085,98.5581,98.6189,0,0
2015-05-18,19:00:00,98.6173,98.7258,98.5218,98.7096,0,0
2015-05-18,20:00:00,98.7031,98.7587,98.6886,98.7424,0,0
2015-05-18,21:00:00,98.7416,98.7416,98.6256,98.6533,0,0
2015-05-18,22:00:00,98.6251,98.6805,98.6057,98.6452,0,0
2015-05-18,23:00:00,98.6428,98.6776,98.6409,98.6735,0,0
2015-05-18,23:59:00,98.6694,98.7134,98.6362,98.7068,0,0
2015-05-19,01:00:00,98.7077,98.7525,98.6701,98.7378,0,0
2015-05-19,02:00:00,98.7369,98.7554,98.6799,98.7263,0,0
2015-05-19,03:00:00,98.7288,98.742,98.571,98.5809,0,0
2015-05-19,04:00:00,98.5906,98.6117,98.554,98.5962,0,0
2015-05-19,05:00:00,98.5881,98.8158,98.584,98.7701,0,0
2015-05-19,06:00:00,98.7701,98.8088,98.7415,98.8088,0,0
2015-05-19,07:00:00,98.8259,98.8797,98.7918,98.8382,0,0
2015-05-19,08:00:00,98.8398,98.9029,98.811,98.8478,0,0
2015-05-19,09:00:00,98.8445,98.8478,98.6879,98.7552,0,0
2015-05-19,10:00:00,98.7649,98.7804,98.5249,98.5671,0,0
2015-05-19,11:00:00,98.5786,98.6803,98.4987,98.5263,0,0
2015-05-19,12:00:00,98.524,98.5677,98.3948,98.5627,0,0
2015-05-19,13:00:00,98.5627,98.6461,98.4997,98.6168,0,0
2015-05-19,14:00:00,98.6192,98.7075,98.6136,98.68,0,0
2015-05-19,15:00:00,98.6815,98.8246,98.5623,98.5872,0,0
2015-05-19,16:00:00,98.5873,98.6596,98.3556,98.4525,0,0
2015-05-19,17:00:00,98.4373,98.6,98.3433,98.5618,0,0
2015-05-19,18:00:00,98.5537,98.7446,98.5147,98.7341,0,0
2015-05-19,19:00:00,98.7293,98.7582,98.618,98.6616,0,0
2015-05-19,20:00:00,98.639,98.7093,98.611,98.7005,0,0
2015-05-19,21:00:00,98.6997,98.7937,98.6536,98.7856,0,0
2015-05-19,22:00:00,98.78,98.7841,98.67,98.7034,0,0
2015-05-19,23:00:00,98.7002,98.7435,98.6397,98.665,0,0
2015-05-19,23:59:00,98.6707,98.7259,98.641,98.6475,0,0
2015-05-20,01:00:00,98.6557,98.7038,98.6501,98.6778,0,0
2015-05-20,02:00:00,98.677,98.6809,98.6188,98.6589,0,0
2015-05-20,03:00:00,98.6589,98.7799,98.6079,98.7783,0,0
2015-05-20,04:00:00,98.7783,98.8794,98.7533,98.8476,0,0
2015-05-20,05:00:00,98.8525,98.902,98.8237,98.8964,0,0
2015-05-20,06:00:00,98.8973,98.9507,98.8849,98.8849,0,0
2015-05-20,07:00:00,98.8865,98.9636,98.8776,98.9271,0,0
2015-05-20,08:00:00,98.9246,98.9579,98.8588,98.8691,0,0
2015-05-20,09:00:00,98.8667,98.8811,98.7542,98.8529,0,0
2015-05-20,10:00:00,98.8496,98.9235,98.8149,98.8883,0,0
2015-05-20,11:00:00,98.8883,98.9118,98.8492,98.8828,0,0
2015-05-20,12:00:00,98.8836,98.8861,98.7188,98.7938,0,0
2015-05-20,13:00:00,98.7922,98.9529,98.7592,98.8982,0,0
2015-05-20,14:00:00,98.8991,99.0475,98.8991,99.0164,0,0
2015-05-20,15:00:00,99.0131,99.041,98.8808,99.0109,0,0
2015-05-20,16:00:00,99.0118,99.0722,98.925,98.9436,0,0
2015-05-20,17:00:00,98.9485,99.1467,98.9064,99.1459,0,0
2015-05-20,18:00:00,99.1459,99.3415,99.1316,99.3415,0,0
2015-05-20,19:00:00,99.3211,99.3502,99.1511,99.3331,0,0
2015-05-20,20:00:00,99.3323,99.4871,99.1911,99.4545,0,0
2015-05-20,21:00:00,99.4512,99.5124,99.2209,99.3897,0,0
2015-05-20,22:00:00,99.3987,99.4212,99.3219,99.399,0,0
2015-05-20,23:00:00,99.4006,99.4499,99.3529,99.3971,0,0
2015-05-20,23:59:00,99.4004,99.5121,99.3326,99.3627,0,0
2015-05-21,01:00:00,99.3627,99.3701,99.3087,99.346,0,0
2015-05-21,02:00:00,99.3477,99.3658,99.289,99.2922,0,0
2015-05-21,03:00:00,99.2914,99.357,99.2604,99.2833,0,0
2015-05-21,04:00:00,99.2833,99.3637,99.2784,99.3525,0,0
2015-05-21,05:00:00,99.3508,99.4101,99.3336,99.3634,0,0
2015-05-21,06:00:00,99.3659,99.4094,99.353,99.3719,0,0
2015-05-21,07:00:00,99.3702,99.3789,99.301,99.3084,0,0
2015-05-21,08:00:00,99.3174,99.3419,99.2701,99.2831,0,0
2015-05-21,09:00:00,99.2823,99.3566,99.2697,99.3492,0,0
2015-05-21,10:00:00,99.3501,99.3893,99.2265,99.274,0,0
2015-05-21,11:00:00,99.2731,99.3372,99.1812,99.2992,0,0
2015-05-21,12:00:00,99.2918,99.3215,99.2077,99.2349,0,0
2015-05-21,13:00:00,99.2317,99.3136,99.155,99.1819,0,0
2015-05-21,14:00:00,99.1835,99.2033,99.0965,99.129,0,0
2015-05-21,15:00:00,99.1315,99.1639,99.0205,99.0822,0,0
2015-05-21,16:00:00,99.0846,99.1492,98.952,98.9777,0,0
2015-05-21,17:00:00,98.9785,99.2131,98.9162,99.1692,0,0
2015-05-21,18:00:00,99.166,99.3087,99.1413,99.2157,0,0
2015-05-21,19:00:00,99.2182,99.2768,99.1717,99.2523,0,0
2015-05-21,20:00:00,99.245,99.245,99.1609,99.1857,0,0
2015-05-21,21:00:00,99.1857,99.2376,99.1061,99.1207,0,0
2015-05-21,22:00:00,99.1215,99.1316,99.0354,99.1104,0,0
2015-05-21,23:00:00,99.1031,99.2434,99.0926,99.2138,0,0
2015-05-21,23:59:00,99.209,99.2514,99.1909,99.2337,0,0
2015-05-22,01:00:00,99.2337,99.2645,99.1993,99.21,0,0
2015-05-22,02:00:00,99.21,99.2466,99.1903,99.2311,0,0
2015-05-22,03:00:00,99.2352,99.2701,99.1881,99.2176,0,0
2015-05-22,04:00:00,99.2143,99.2424,99.1797,99.2261,0,0
2015-05-22,05:00:00,99.2278,99.3031,99.1773,99.1848,0,0
2015-05-22,06:00:00,99.1848,99.2413,99.156,99.2157,0,0
2015-05-22,07:00:00,99.2132,99.2361,99.1109,99.1572,0,0
2015-05-22,08:00:00,99.1653,99.1686,99.0975,99.1562,0,0
2015-05-22,09:00:00,99.1735,99.2166,99.0669,99.0906,0,0
2015-05-22,10:00:00,99.0799,99.1005,99.0223,99.0525,0,0
2015-05-22,11:00:00,99.0508,99.0956,98.9821,98.9927,0,0
2015-05-22,12:00:00,98.9927,99.0573,98.9669,99.0225,0,0
2015-05-22,13:00:00,99.0282,99.0644,98.9809,99.0227,0,0
2015-05-22,14:00:00,99.0251,99.1385,98.9898,99.1205,0,0
2015-05-22,15:00:00,99.1181,99.1858,98.997,99.1115,0,0
2015-05-22,16:00:00,99.1172,99.131,98.8626,98.9805,0,0
2015-05-22,17:00:00,98.9739,98.9739,98.8014,98.8618,0,0
2015-05-22,18:00:00,98.8691,98.9348,98.7954,98.8404,0,0
2015-05-22,19:00:00,98.8388,98.8557,98.7308,98.7909,0,0
2015-05-22,20:00:00,98.7574,98.8028,98.6358,98.7343,0,0
2015-05-22,21:00:00,98.7672,98.8009,98.6848,98.8001,0,0
2015-05-22,22:00:00,98.7929,98.8163,98.7664,98.7994,0,0
2015-05-22,23:00:00,98.8098,98.822,98.8098,98.8164,0,0
2015-05-25,01:00:00,98.798,98.97,98.7956,98.894,0,0
2015-05-25,02:00:00,98.894,98.9231,98.8333,98.8647,0,0
2015-05-25,03:00:00,98.8647,99.0247,98.8638,98.9447,0,0
2015-05-25,04:00:00,98.9447,99.0075,98.9431,98.9891,0,0
2015-05-25,05:00:00,98.9899,99.0031,98.9501,98.9942,0,0
2015-05-25,06:00:00,98.9927,99.0015,98.9556,98.9709,0,0
2015-05-25,07:00:00,98.9676,99.0237,98.9603,98.9959,0,0
2015-05-25,08:00:00,98.9943,99.0056,98.9178,98.9706,0,0
2015-05-25,09:00:00,98.9795,99.0356,98.9215,99.0316,0,0
2015-05-25,10:00:00,99.0291,99.0424,98.9166,98.9506,0,0
2015-05-25,11:00:00,98.9498,98.973,98.8162,98.919,0,0
2015-05-25,12:00:00,98.9199,99.0019,98.8998,98.8998,0,0
2015-05-25,13:00:00,98.8998,98.9721,98.8832,98.8945,0,0
2015-05-25,14:00:00,98.8969,98.9264,98.8662,98.8926,0,0
2015-05-25,15:00:00,98.8918,98.8975,98.7392,98.7585,0,0
2015-05-25,16:00:00,98.7594,98.8689,98.7327,98.754,0,0
2015-05-25,17:00:00,98.746,98.7607,98.6489,98.7032,0,0
2015-05-25,18:00:00,98.696,98.8311,98.6847,98.7532,0,0
2015-05-25,19:00:00,98.7492,98.7516,98.6313,98.6826,0,0
2015-05-25,20:00:00,98.6842,98.707,98.6608,98.665,0,0
2015-05-25,21:00:00,98.6625,98.7115,98.6536,98.6964,0,0
2015-05-25,22:00:00,98.6948,98.7373,98.6851,98.7093,0,0
2015-05-25,23:00:00,98.7069,98.7482,98.6837,98.7209,0,0
2015-05-25,23:59:00,98.7209,98.741,98.6742,98.7312,0,0
2015-05-26,01:00:00,98.7312,98.7686,98.703,98.7563,0,0
2015-05-26,02:00:00,98.7636,98.7636,98.7064,98.7508,0,0
2015-05-26,03:00:00,98.7507,98.7973,98.7332,98.7746,0,0
2015-05-26,04:00:00,98.7754,98.8202,98.7496,98.7976,0,0
2015-05-26,05:00:00,98.7911,98.9033,98.7855,98.8728,0,0
2015-05-26,06:00:00,98.8728,98.9552,98.8704,98.9341,0,0
2015-05-26,07:00:00,98.9333,98.9806,98.9193,98.9806,0,0
2015-05-26,08:00:00,98.9806,99.0339,98.9443,99.0235,0,0
2015-05-26,09:00:00,99.0259,99.4617,99.0211,99.3242,0,0
2015-05-26,10:00:00,99.3185,99.4684,99.2158,99.2844,0,0
2015-05-26,11:00:00,99.2917,99.4469,99.2433,99.3519,0,0
2015-05-26,12:00:00,99.3519,99.411,99.2313,99.2553,0,0
2015-05-26,13:00:00,99.2553,99.2658,99.086,99.1253,0,0
2015-05-26,14:00:00,99.1325,99.1753,99.0903,99.1169,0,0
2015-05-26,15:00:00,99.1144,99.3598,99.1044,99.3212,0,0
2015-05-26,16:00:00,99.3172,99.3633,99.072,99.113,0,0
2015-05-26,17:00:00,99.113,99.1526,99.0086,99.0733,0,0
2015-05-26,18:00:00,99.0837,99.1499,98.9264,99.0201,0,0
2015-05-26,19:00:00,99.0193,99.0861,98.8418,98.8778,0,0
2015-05-26,20:00:00,98.8794,99.0073,98.8408,98.9674,0,0
2015-05-26,21:00:00,98.9602,99.078,98.9545,98.9792,0,0
2015-05-26,22:00:00,98.9737,99.0767,98.9562,99.0544,0,0
2015-05-26,23:00:00,99.0536,99.0858,99.0035,99.0099,0,0
2015-05-26,23:59:00,99.0132,99.0819,98.9395,98.9769,0,0
2015-05-27,01:00:00,98.9801,99.0437,98.9466,99.038,0,0
2015-05-27,02:00:00,99.0364,99.0364,98.9433,98.9899,0,0
2015-05-27,03:00:00,98.9987,99.0447,98.953,99.0014,0,0
2015-05-27,04:00:00,98.991,99.1197,98.991,99.0623,0,0
2015-05-27,05:00:00,99.0623,99.0648,98.9582,98.9689,0,0
2015-05-27,06:00:00,98.9793,99.0448,98.973,99.0105,0,0
2015-05-27,07:00:00,99.0121,99.08,99.004,99.0656,0,0
2015-05-27,08:00:00,99.0697,99.0932,98.9349,99.0036,0,0
2015-05-27,09:00:00,99.0028,99.1837,98.986,99.174,0,0
2015-05-27,10:00:00,99.1845,99.1875,99.0286,99.056,0,0
2015-05-27,11:00:00,99.0552,99.1002,98.9992,99.0453,0,0
2015-05-27,12:00:00,99.0526,99.203,98.9355,99.1611,0,0
2015-05-27,13:00:00,99.1668,99.3957,99.1334,99.2683,0,0
2015-05-27,14:00:00,99.2682,99.4432,99.1939,99.2594,0,0
2015-05-27,15:00:00,99.2602,99.3208,99.0945,99.2008,0,0
2015-05-27,16:00:00,99.1984,99.4499,99.1529,99.4323,0,0
2015-05-27,17:00:00,99.3931,99.4995,99.1374,99.1603,0,0
2015-05-27,18:00:00,99.169,99.2517,99.1007,99.1438,0,0
2015-05-27,19:00:00,99.1389,99.2588,99.1357,99.1961,0,0
2015-05-27,20:00:00,99.1905,99.349,99.1761,99.2449,0,0
2015-05-27,21:00:00,99.2449,99.34,99.2036,99.3344,0,0
2015-05-27,22:00:00,99.3233,99.3791,99.3042,99.3274,0,0
2015-05-27,23:00:00,99.3378,99.3628,99.2191,99.3222,0,0
2015-05-27,23:59:00,99.3158,99.3592,99.2487,99.3304,0,0
2015-05-28,01:00:00,99.3184,99.3624,99.3024,99.3496,0,0
2015-05-28,02:00:00,99.3496,99.373,99.3345,99.3353,0,0
2015-05-28,03:00:00,99.3281,99.3529,99.2785,99.3342,0,0
2015-05-28,04:00:00,99.3358,99.412,99.2261,99.412,0,0
2015-05-28,05:00:00,99.4272,99.6382,99.3679,99.5669,0,0
2015-05-28,06:00:00,99.5677,99.6728,99.4948,99.5205,0,0
2015-05-28,07:00:00,99.5205,99.5808,99.3663,99.4041,0,0
2015-05-28,08:00:00,99.4049,99.4817,99.2391,99.429,0,0
2015-05-28,09:00:00,99.4217,99.4744,99.3213,99.3909,0,0
2015-05-28,10:00:00,99.3909,99.3909,99.2679,99.3132,0,0
2015-05-28,11:00:00,99.3116,99.4185,99.2893,99.3185,0,0
2015-05-28,12:00:00,99.3185,99.4188,99.2302,99.4137,0,0
2015-05-28,13:00:00,99.4098,99.4409,99.2788,99.3418,0,0
2015-05-28,14:00:00,99.3506,99.5753,99.3123,99.5554,0,0
2015-05-28,15:00:00,99.5762,99.5913,99.2715,99.3485,0,0
2015-05-28,16:00:00,99.3517,99.4116,99.2125,99.2354,0,0
2015-05-28,17:00:00,99.2267,99.4149,99.1255,99.3482,0,0
2015-05-28,18:00:00,99.3689,99.5711,99.3393,99.5631,0,0
2015-05-28,19:00:00,99.5679,99.6029,99.3491,99.3677,0,0
2015-05-28,20:00:00,99.3693,99.543,99.2961,99.5062,0,0
2015-05-28,21:00:00,99.5022,99.7184,99.5002,99.7127,0,0
2015-05-28,22:00:00,99.6998,99.8158,99.6935,99.7402,0,0
2015-05-28,23:00:00,99.741,99.774,99.6703,99.688,0,0
2015-05-28,23:59:00,99.6759,99.7577,99.6292,99.7449,0,0
2015-05-29,01:00:00,99.7489,99.7546,99.6024,99.6298,0,0
2015-05-29,02:00:00,99.629,99.707,99.5934,99.6475,0,0
2015-05-29,03:00:00,99.6475,99.6956,99.6072,99.6298,0,0
2015-05-29,04:00:00,99.6426,99.6772,99.5604,99.5813,0,0
2015-05-29,05:00:00,99.5805,99.6128,99.5227,99.5838,0,0
2015-05-29,06:00:00,99.5846,99.6322,99.5707,99.6128,0,0
2015-05-29,07:00:00,99.6152,99.6827,99.5965,99.6666,0,0
2015-05-29,08:00:00,99.6658,99.7536,99.6393,99.7231,0,0
2015-05-29,09:00:00,99.7183,99.7616,99.6037,99.6054,0,0
2015-05-29,10:00:00,99.6054,99.6449,99.4686,99.4775,0,0
2015-05-29,11:00:00,99.4767,99.5226,99.4023,99.5058,0,0
2015-05-29,12:00:00,99.5122,99.6025,99.4794,99.5447,0,0
2015-05-29,13:00:00,99.5463,99.6234,99.4933,99.5475,0,0
2015-05-29,14:00:00,99.5483,99.6669,99.5114,99.6035,0,0
2015-05-29,15:00:00,99.6084,99.6678,99.0239,99.1289,0,0
2015-05-29,16:00:00,99.1439,99.3121,99.0443,99.2075,0,0
2015-05-29,17:00:00,99.2148,99.4253,99.009,99.4253,0,0
2015-05-29,18:00:00,99.4453,99.5017,99.2074,99.4809,0,0
2015-05-29,19:00:00,99.4785,99.5932,99.4434,99.5732,0,0
2015-05-29,20:00:00,99.574,99.6234,99.4876,99.6049,0,0
2015-05-29,21:00:00,99.6073,99.7467,99.6073,99.669,0,0
2015-05-29,22:00:00,99.6802,99.8223,99.6722,99.815,0,0
2015-05-29,23:00:00,99.7966,99.8022,99.7701,99.7701,0,0
2015-06-01,01:00:00,99.771,99.771,99.6621,99.6765,0,0
2015-06-01,02:00:00,99.6773,99.7423,99.6348,99.7375,0,0
2015-06-01,03:00:00,99.7335,99.7383,99.6374,99.663,0,0
2015-06-01,04:00:00,99.6543,99.7119,99.6022,99.6277,0,0
2015-06-01,05:00:00,99.635,99.6701,99.5907,99.6468,0,0
2015-06-01,06:00:00,99.6364,99.662,99.6061,99.6211,0,0
2015-06-01,07:00:00,99.6195,99.6491,99.5407,99.5626,0,0
2015-06-01,08:00:00,99.5626,99.6846,99.5619,99.6846,0,0
2015-06-01,09:00:00,99.679,99.6854,99.5738,99.5738,0,0
2015-06-01,10:00:00,99.5738,99.5894,99.4553,99.4808,0,0
2015-06-01,11:00:00,99.4737,99.4822,99.2833,99.3641,0,0
2015-06-01,12:00:00,99.381,99.393,99.2684,99.3552,0,0
2015-06-01,13:00:00,99.3512,99.416,99.3123,99.372,0,0
2015-06-01,14:00:00,99.3664,99.4823,99.3608,99.4559,0,0
2015-06-01,15:00:00,99.4415,99.4415,99.1943,99.2006,0,0
2015-06-01,16:00:00,99.2149,99.4308,99.1769,99.3614,0,0
2015-06-01,17:00:00,99.3527,99.478,99.1381,99.2777,0,0
2015-06-01,18:00:00,99.2753,99.3497,99.2112,99.3401,0,0
2015-06-01,19:00:00,99.3409,99.5037,99.3037,99.4917,0,0
2015-06-01,20:00:00,99.4956,99.5615,99.4478,99.5504,0,0
2015-06-01,21:00:00,99.5496,99.7379,99.5298,99.6703,0,0
2015-06-01,22:00:00,99.6599,99.6791,99.5501,99.5788,0,0
2015-06-01,23:00:00,99.5859,99.6654,99.5708,99.655,0,0
2015-06-01,23:59:00,99.6374,99.6925,99.6025,99.6168,0,0
2015-06-02,01:00:00,99.6024,99.6519,99.5969,99.6455,0,0
2015-06-02,02:00:00,99.6479,99.7349,99.6304,99.6847,0,0
2015-06-02,03:00:00,99.6878,99.695,99.6113,99.6376,0,0
2015-06-02,04:00:00,99.6384,99.6719,99.62,99.6528,0,0
2015-06-02,05:00:00,99.6544,99.7559,99.5808,99.6383,0,0
2015-06-02,06:00:00,99.6359,99.6837,99.548,99.639,0,0
2015-06-02,07:00:00,99.639,99.678,99.5713,99.6235,0,0
2015-06-02,08:00:00,99.6156,99.6905,99.5949,99.6769,0,0
2015-06-02,09:00:00,99.6769,99.7207,99.5754,99.6073,0,0
2015-06-02,10:00:00,99.6129,99.688,99.5562,99.6163,0,0
2015-06-02,11:00:00,99.6219,99.6895,99.5101,99.5101,0,0
2015-06-02,12:00:00,99.5165,99.6364,99.5165,99.5648,0,0
2015-06-02,13:00:00,99.5584,99.6805,99.5411,99.6391,0,0
2015-06-02,14:00:00,99.6447,99.7999,99.5722,99.7233,0,0
2015-06-02,15:00:00,99.7241,99.8231,99.6494,99.7393,0,0
2015-06-02,16:00:00,99.7385,99.935,99.6192,99.714,0,0
2015-06-02,17:00:00,99.7205,99.7733,99.5456,99.75,0,0
2015-06-02,18:00:00,99.7428,99.9694,99.7259,99.9694,0,0
2015-06-02,19:00:00,99.9598,100.229,99.9372,100.129,0,0
2015-06-02,20:00:00,100.134,100.155,99.9919,100.045,0,0
2015-06-02,21:00:00,100.044,100.06,99.9073,100.06,0,0
2015-06-02,22:00:00,100.079,100.079,99.9662,100.022,0,0
2015-06-02,23:00:00,100.019,100.084,99.9831,100.084,0,0
2015-06-02,23:59:00,100.077,100.092,99.9799,100.039,0,0
2015-06-03,01:00:00,100.035,100.054,99.9621,99.9629,0,0
2015-06-03,02:00:00,99.9629,99.9758,99.8808,99.9138,0,0
2015-06-03,03:00:00,99.913,100.043,99.913,99.9952,0,0
2015-06-03,04:00:00,99.9944,100.056,99.9339,100.015,0,0
2015-06-03,05:00:00,100.018,100.04,99.9556,100.008,0,0
2015-06-03,06:00:00,100.008,100.063,99.9814,100.031,0,0
2015-06-03,07:00:00,100.022,100.032,99.9326,99.9448,0,0
2015-06-03,08:00:00,99.9544,99.9972,99.8834,99.9471,0,0
2015-06-03,09:00:00,99.9419,100.023,99.9229,100.012,0,0
2015-06-03,10:00:00,100.015,100.073,99.9432,100.02,0,0
2015-06-03,11:00:00,100.021,100.056,99.9506,99.9767,0,0
2015-06-03,12:00:00,99.9839,100.036,99.8254,99.8407,0,0
2015-06-03,13:00:00,99.8455,100.018,99.8455,99.9478,0,0
2015-06-03,14:00:00,99.9438,100.07,99.8895,100.034,0,0
2015-06-03,15:00:00,100.036,100.036,99.6595,99.7131,0,0
2015-06-03,16:00:00,99.7139,99.9197,99.6816,99.7801,0,0
2015-06-03,17:00:00,99.7805,100.032,99.714,99.7317,0,0
2015-06-03,18:00:00,99.7236,99.9364,99.7133,99.7548,0,0
2015-06-03,19:00:00,99.7484,99.9004,99.7437,99.882,0,0
2015-06-03,20:00:00,99.8836,99.886,99.7434,99.8155,0,0
2015-06-03,21:00:00,99.8147,99.8852,99.7665,99.8186,0,0
2015-06-03,22:00:00,99.8017,99.8434,99.7543,99.776,0,0
2015-06-03,23:00:00,99.7655,99.816,99.727,99.7671,0,0
2015-06-03,23:59:00,99.7912,99.8193,99.7487,99.8032,0,0
2015-06-04,01:00:00,99.8065,99.8314,99.7351,99.7905,0,0
2015-06-04,02:00:00,99.7905,99.8418,99.7816,99.7969,0,0
2015-06-04,03:00:00,99.7977,99.8651,99.7977,99.841,0,0
2015-06-04,04:00:00,99.841,99.9655,99.8057,99.951,0,0
2015-06-04,05:00:00,99.9535,99.9928,99.9189,99.9791,0,0
2015-06-04,06:00:00,99.9679,99.9944,99.9101,99.9165,0,0
2015-06-04,07:00:00,99.9165,99.959,99.9045,99.9246,0,0
2015-06-04,08:00:00,99.9278,99.9278,99.7216,99.7545,0,0
2015-06-04,09:00:00,99.7512,99.8122,99.5088,99.6295,0,0
2015-06-04,10:00:00,99.628,99.684,99.529,99.561,0,0
2015-06-04,11:00:00,99.5586,99.5969,99.4164,99.5962,0,0
2015-06-04,12:00:00,99.5882,99.7282,99.5248,99.6689,0,0
2015-06-04,13:00:00,99.6745,99.7605,99.6353,99.7131,0,0
2015-06-04,14:00:00,99.7139,99.7677,99.6248,99.6649,0,0
2015-06-04,15:00:00,99.6842,99.7935,99.6015,99.7401,0,0
2015-06-04,16:00:00,99.7425,99.7465,99.5335,99.5868,0,0
2015-06-04,17:00:00,99.594,99.9085,99.54,99.8885,0,0
2015-06-04,18:00:00,99.8781,99.9455,99.7397,99.8501,0,0
2015-06-04,19:00:00,99.8413,99.9037,99.7692,99.8012,0,0
2015-06-04,20:00:00,99.8244,99.8541,99.5135,99.5597,0,0
2015-06-04,21:00:00,99.5605,99.6283,99.4899,99.5279,0,0
2015-06-04,22:00:00,99.5271,99.5773,99.449,99.4537,0,0
2015-06-04,23:00:00,99.4729,99.5318,99.4681,99.4817,0,0
2015-06-04,23:59:00,99.4801,99.5352,99.4553,99.5234,0,0
2015-06-05,01:00:00,99.5218,99.5448,99.4939,99.517,0,0
2015-06-05,02:00:00,99.517,99.5863,99.4963,99.5367,0,0
2015-06-05,03:00:00,99.5423,99.644,99.5302,99.6087,0,0
2015-06-05,04:00:00,99.6087,99.6343,99.5442,99.6119,0,0
2015-06-05,05:00:00,99.6135,99.635,99.5487,99.5583,0,0
2015-06-05,06:00:00,99.5591,99.6358,99.5591,99.6302,0,0
2015-06-05,07:00:00,99.6302,99.6637,99.6158,99.6221,0,0
2015-06-05,08:00:00,99.6285,99.6645,99.5942,99.6573,0,0
2015-06-05,09:00:00,99.6669,99.7069,99.5656,99.6087,0,0
2015-06-05,10:00:00,99.6103,99.6978,99.5896,99.6206,0,0
2015-06-05,11:00:00,99.6126,99.6343,99.5402,99.6103,0,0
2015-06-05,12:00:00,99.6056,99.6797,99.5841,99.6351,0,0
2015-06-05,13:00:00,99.6375,99.7371,99.6103,99.6511,0,0
2015-06-05,14:00:00,99.6527,99.8296,99.6336,99.8184,0,0
2015-06-05,15:00:00,99.8128,100.781,99.7601,100.41,0,0
2015-06-05,16:00:00,100.398,100.42,100.13,100.324,0,0
2015-06-05,17:00:00,100.329,100.739,100.329,100.735,0,0
2015-06-05,18:00:00,100.746,100.824,100.534,100.584,0,0
2015-06-05,19:00:00,100.578,100.594,100.471,100.559,0,0
2015-06-05,20:00:00,100.564,100.808,100.554,100.764,0,0
2015-06-05,21:00:00,100.762,100.963,100.749,100.945,0,0
2015-06-05,22:00:00,100.943,101.011,100.887,101.011,0,0
2015-06-05,23:00:00,101.002,101.023,101.002,101.018,0,0
2015-06-08,01:00:00,100.943,100.997,100.902,100.943,0,0
2015-06-08,02:00:00,100.953,100.953,100.806,100.815,0,0
2015-06-08,03:00:00,100.806,100.825,100.673,100.709,0,0
2015-06-08,04:00:00,100.709,100.743,100.58,100.587,0,0
2015-06-08,05:00:00,100.594,100.636,100.519,100.63,0,0
2015-06-08,06:00:00,100.646,100.664,100.609,100.648,0,0
2015-06-08,07:00:00,100.656,100.706,100.63,100.7,0,0
2015-06-08,08:00:00,100.702,100.788,100.673,100.742,0,0
2015-06-08,09:00:00,100.746,100.787,100.557,100.625,0,0
2015-06-08,10:00:00,100.633,100.712,100.54,100.661,0,0
2015-06-08,11:00:00,100.673,100.846,100.666,100.725,0,0
2015-06-08,12:00:00,100.726,100.829,100.698,100.734,0,0
2015-06-08,13:00:00,100.735,100.776,100.672,100.701,0,0
2015-06-08,14:00:00,100.704,100.762,100.676,100.759,0,0
2015-06-08,15:00:00,100.762,101.003,100.724,100.833,0,0
2015-06-08,16:00:00,100.834,100.877,100.729,100.812,0,0
2015-06-08,17:00:00,100.802,100.848,100.636,100.668,0,0
2015-06-08,18:00:00,100.683,100.779,100.586,100.599,0,0
2015-06-08,19:00:00,100.591,100.612,100.491,100.558,0,0
2015-06-08,20:00:00,100.56,100.573,100.421,100.457,0,0
2015-06-08,21:00:00,100.444,100.508,100.346,100.437,0,0
2015-06-08,22:00:00,100.428,100.448,100.291,100.344,0,0
2015-06-08,23:00:00,100.346,100.433,100.309,100.309,0,0
2015-06-08,23:59:00,100.311,100.437,100.311,100.409,0,0
2015-06-09,01:00:00,100.387,100.404,100.319,100.362,0,0
2015-06-09,02:00:00,100.362,100.421,100.359,100.371,0,0
2015-06-09,03:00:00,100.371,100.454,100.367,100.373,0,0
2015-06-09,04:00:00,100.366,100.414,100.308,100.39,0,0
2015-06-09,05:00:00,100.393,100.406,100.345,100.405,0,0
2015-06-09,06:00:00,100.4,100.492,100.387,100.492,0,0
2015-06-09,07:00:00,100.501,100.503,100.453,100.481,0,0
2015-06-09,08:00:00,100.482,100.483,100.336,100.381,0,0
2015-06-09,09:00:00,100.38,100.392,100.199,100.301,0,0
2015-06-09,10:00:00,100.293,100.325,100.11,100.15,0,0
2015-06-09,11:00:00,100.154,100.24,100.142,100.185,0,0
2015-06-09,12:00:00,100.181,100.199,100.102,100.133,0,0
2015-06-09,13:00:00,100.115,100.208,99.9927,100.203,0,0
2015-06-09,14:00:00,100.199,100.53,100.17,100.392,0,0
2015-06-09,15:00:00,100.389,100.685,100.388,100.625,0,0
2015-06-09,16:00:00,100.617,100.839,100.55,100.768,0,0
2015-06-09,17:00:00,100.759,100.956,100.651,100.871,0,0
2015-06-09,18:00:00,100.87,101.003,100.783,100.822,0,0
2015-06-09,19:00:00,100.815,100.891,100.768,100.793,0,0
2015-06-09,20:00:00,100.807,100.903,100.796,100.872,0,0
2015-06-09,21:00:00,100.862,100.891,100.76,100.806,0,0
2015-06-09,22:00:00,100.797,100.802,100.717,100.73,0,0
2015-06-09,23:00:00,100.729,100.949,100.729,100.805,0,0
2015-06-09,23:59:00,100.782,100.866,100.755,100.759,0,0
2015-06-10,01:00:00,100.759,100.843,100.759,100.823,0,0
2015-06-10,02:00:00,100.82,100.835,100.75,100.758,0,0
2015-06-10,03:00:00,100.758,100.843,100.719,100.786,0,0
2015-06-10,04:00:00,100.778,100.833,100.757,100.773,0,0
2015-06-10,05:00:00,100.774,100.844,100.741,100.817,0,0
2015-06-10,06:00:00,100.817,100.915,100.817,100.903,0,0
2015-06-10,07:00:00,100.903,100.903,99.7028,99.8652,0,0
2015-06-10,08:00:00,99.8717,99.9708,99.5167,99.7318,0,0
2015-06-10,09:00:00,99.7643,100,99.6579,99.9448,0,0
2015-06-10,10:00:00,99.948,100.127,99.8293,100.103,0,0
2015-06-10,11:00:00,100.112,100.309,100.06,100.203,0,0
2015-06-10,12:00:00,100.208,100.421,100.191,100.267,0,0
2015-06-10,13:00:00,100.265,100.798,100.256,100.555,0,0
2015-06-10,14:00:00,100.545,100.599,100.324,100.381,0,0
2015-06-10,15:00:00,100.382,100.524,100.274,100.357,0,0
2015-06-10,16:00:00,100.355,100.582,100.343,100.371,0,0
2015-06-10,17:00:00,100.371,100.395,100.034,100.042,0,0
2015-06-10,18:00:00,100.015,100.174,99.969,100.038,0,0
2015-06-10,19:00:00,100.031,100.077,99.9625,99.9748,0,0
2015-06-10,20:00:00,99.9731,99.9731,99.8185,99.86,0,0
2015-06-10,21:00:00,99.8616,100.062,99.8559,100.05,0,0
2015-06-10,22:00:00,100.051,100.086,99.969,100.017,0,0
2015-06-10,23:00:00,100.005,100.119,99.9535,100.119,0,0
2015-06-10,23:59:00,100.113,100.121,99.9878,100.03,0,0
2015-06-11,01:00:00,100.031,100.104,100.029,100.073,0,0
2015-06-11,02:00:00,100.073,100.13,100.07,100.081,0,0
2015-06-11,03:00:00,100.081,100.231,100.081,100.225,0,0
2015-06-11,04:00:00,100.218,100.28,100.107,100.275,0,0
2015-06-11,05:00:00,100.265,100.319,100.172,100.293,0,0
2015-06-11,06:00:00,100.286,100.312,100.243,100.296,0,0
2015-06-11,07:00:00,100.301,100.387,100.195,100.372,0,0
2015-06-11,08:00:00,100.377,100.416,100.318,100.343,0,0
2015-06-11,09:00:00,100.34,100.407,100.276,100.331,0,0
2015-06-11,10:00:00,100.326,100.45,100.26,100.437,0,0
2015-06-11,11:00:00,100.435,100.453,100.328,100.418,0,0
2015-06-11,12:00:00,100.424,100.532,100.424,100.447,0,0
2015-06-11,13:00:00,100.45,100.568,100.423,100.487,0,0
2015-06-11,14:00:00,100.487,100.536,100.384,100.389,0,0
2015-06-11,15:00:00,100.399,100.584,100.344,100.424,0,0
2015-06-11,16:00:00,100.42,100.57,100.408,100.503,0,0
2015-06-11,17:00:00,100.505,100.527,100.391,100.511,0,0
2015-06-11,18:00:00,100.521,100.525,100.383,100.402,0,0
2015-06-11,19:00:00,100.403,100.44,100.305,100.342,0,0
2015-06-11,20:00:00,100.345,100.438,100.279,100.408,0,0
2015-06-11,21:00:00,100.405,100.533,100.382,100.485,0,0
2015-06-11,22:00:00,100.49,100.584,100.455,100.519,0,0
2015-06-11,23:00:00,100.524,100.535,100.371,100.395,0,0
2015-06-11,23:59:00,100.408,100.462,100.381,100.417,0,0
2015-06-12,01:00:00,100.421,100.499,100.383,100.459,0,0
2015-06-12,02:00:00,100.459,100.569,100.437,100.531,0,0
2015-06-12,03:00:00,100.543,100.569,100.448,100.453,0,0
2015-06-12,04:00:00,100.462,100.558,100.443,100.527,0,0
2015-06-12,05:00:00,100.545,100.545,100.484,100.506,0,0
2015-06-12,06:00:00,100.508,100.564,100.493,100.534,0,0
2015-06-12,07:00:00,100.537,100.547,100.346,100.455,0,0
2015-06-12,08:00:00,100.453,100.52,100.417,100.476,0,0
2015-06-12,09:00:00,100.48,100.533,100.452,100.472,0,0
2015-06-12,10:00:00,100.476,100.582,100.471,100.522,0,0
2015-06-12,11:00:00,100.527,100.582,100.31,100.397,0,0
2015-06-12,12:00:00,100.396,100.49,100.354,100.446,0,0
2015-06-12,13:00:00,100.443,100.67,100.442,100.659,0,0
2015-06-12,14:00:00,100.659,100.669,100.508,100.529,0,0
2015-06-12,15:00:00,100.529,100.547,100.396,100.396,0,0
2015-06-12,16:00:00,100.407,100.421,100.174,100.188,0,0
2015-06-12,17:00:00,100.17,100.239,100.033,100.207,0,0
2015-06-12,18:00:00,100.211,100.251,100.117,100.147,0,0
2015-06-12,19:00:00,100.146,100.227,100.123,100.219,0,0
2015-06-12,20:00:00,100.219,100.279,100.143,100.278,0,0
2015-06-12,21:00:00,100.282,100.282,100.156,100.165,0,0
2015-06-12,22:00:00,100.166,100.265,100.127,100.227,0,0
2015-06-12,23:00:00,100.232,100.263,100.232,100.254,0,0
2015-06-15,01:00:00,100.055,100.178,100.055,100.145,0,0
2015-06-15,02:00:00,100.144,100.161,100.098,100.132,0,0
2015-06-15,03:00:00,100.137,100.233,100.137,100.219,0,0
2015-06-15,04:00:00,100.218,100.239,100.141,100.152,0,0
2015-06-15,05:00:00,100.156,100.161,100.103,100.146,0,0
2015-06-15,06:00:00,100.148,100.168,100.075,100.095,0,0
2015-06-15,07:00:00,100.095,100.121,100.062,100.103,0,0
2015-06-15,08:00:00,100.108,100.153,100.097,100.141,0,0
2015-06-15,09:00:00,100.143,100.208,100.085,100.201,0,0
2015-06-15,10:00:00,100.206,100.287,100.162,100.215,0,0
2015-06-15,11:00:00,100.216,100.217,100.089,100.089,0,0
2015-06-15,12:00:00,100.09,100.133,100.047,100.06,0,0
2015-06-15,13:00:00,100.061,100.078,100.019,100.054,0,0
2015-06-15,14:00:00,100.053,100.116,99.9539,99.9612,0,0
2015-06-15,15:00:00,99.962,100.115,99.9248,99.9433,0,0
2015-06-15,16:00:00,99.9425,100.079,99.8996,100.019,0,0
2015-06-15,17:00:00,100.024,100.179,99.9951,100.113,0,0
2015-06-15,18:00:00,100.112,100.167,100.067,100.14,0,0
2015-06-15,19:00:00,100.14,100.328,100.132,100.291,0,0
2015-06-15,20:00:00,100.295,100.398,100.264,100.275,0,0
2015-06-15,21:00:00,100.274,100.275,100.15,100.157,0,0
2015-06-15,22:00:00,100.148,100.223,100.114,100.182,0,0
2015-06-15,23:00:00,100.183,100.257,100.13,100.146,0,0
2015-06-15,23:59:00,100.135,100.205,100.127,100.167,0,0
2015-06-16,01:00:00,100.163,100.227,100.127,100.227,0,0
2015-06-16,02:00:00,100.225,100.235,100.187,100.213,0,0
2015-06-16,03:00:00,100.215,100.231,100.153,100.161,0,0
2015-06-16,04:00:00,100.17,100.412,100.097,100.299,0,0
2015-06-16,05:00:00,100.3,100.366,100.269,100.296,0,0
2015-06-16,06:00:00,100.3,100.343,100.269,100.312,0,0
2015-06-16,07:00:00,100.309,100.369,100.304,100.359,0,0
2015-06-16,08:00:00,100.36,100.361,100.286,100.34,0,0
2015-06-16,09:00:00,100.34,100.365,100.249,100.361,0,0
2015-06-16,10:00:00,100.366,100.37,100.06,100.116,0,0
2015-06-16,11:00:00,100.117,100.206,100.071,100.183,0,0
2015-06-16,12:00:00,100.181,100.211,100.077,100.105,0,0
2015-06-16,13:00:00,100.085,100.148,100.048,100.096,0,0
2015-06-16,14:00:00,100.101,100.157,100.046,100.083,0,0
2015-06-16,15:00:00,100.084,100.094,99.9943,100.056,0,0
2015-06-16,16:00:00,100.062,100.244,99.9968,100.231,0,0
2015-06-16,17:00:00,100.217,100.236,100.043,100.081,0,0
2015-06-16,18:00:00,100.069,100.175,100.046,100.084,0,0
2015-06-16,19:00:00,100.086,100.086,99.9441,100.022,0,0
2015-06-16,20:00:00,100.018,100.156,99.9911,100.153,0,0
2015-06-16,21:00:00,100.154,100.218,100.088,100.171,0,0
2015-06-16,22:00:00,100.162,100.237,100.14,100.203,0,0
2015-06-16,23:00:00,100.203,100.422,100.201,100.337,0,0
2015-06-16,23:59:00,100.337,100.427,100.333,100.363,0,0
2015-06-17,01:00:00,100.363,100.415,100.342,100.381,0,0
2015-06-17,02:00:00,100.382,100.415,100.368,100.413,0,0
2015-06-17,03:00:00,100.411,100.411,100.357,100.399,0,0
2015-06-17,04:00:00,100.401,100.426,100.362,100.377,0,0
2015-06-17,05:00:00,100.378,100.408,100.357,100.394,0,0
2015-06-17,06:00:00,100.396,100.42,100.359,100.409,0,0
2015-06-17,07:00:00,100.411,100.436,100.372,100.416,0,0
2015-06-17,08:00:00,100.42,100.507,100.413,100.444,0,0
2015-06-17,09:00:00,100.444,100.485,100.328,100.344,0,0
2015-06-17,10:00:00,100.344,100.414,100.249,100.318,0,0
2015-06-17,11:00:00,100.318,100.479,100.253,100.456,0,0
2015-06-17,12:00:00,100.462,100.628,100.445,100.624,0,0
2015-06-17,13:00:00,100.617,100.709,100.591,100.633,0,0
2015-06-17,14:00:00,100.633,100.719,100.593,100.659,0,0
2015-06-17,15:00:00,100.662,100.753,100.603,100.654,0,0
2015-06-17,16:00:00,100.657,100.8,100.657,100.794,0,0
2015-06-17,17:00:00,100.79,100.941,100.714,100.844,0,0
2015-06-17,18:00:00,100.855,100.964,100.847,100.961,0,0
2015-06-17,19:00:00,100.96,100.96,100.838,100.865,0,0
2015-06-17,20:00:00,100.864,100.915,100.788,100.915,0,0
2015-06-17,21:00:00,100.928,100.994,100.732,100.895,0,0
2015-06-17,22:00:00,100.893,100.902,100.764,100.858,0,0
2015-06-17,23:00:00,100.863,100.951,100.829,100.946,0,0
2015-06-17,23:59:00,100.95,100.95,100.858,100.917,0,0
2015-06-18,01:00:00,100.917,100.98,100.914,100.933,0,0
2015-06-18,02:00:00,100.938,101.051,100.918,101.027,0,0
2015-06-18,03:00:00,101.028,101.028,100.871,100.882,0,0
2015-06-18,04:00:00,100.883,100.894,100.707,100.752,0,0
2015-06-18,05:00:00,100.757,100.786,100.66,100.666,0,0
2015-06-18,06:00:00,100.67,100.735,100.661,100.675,0,0
2015-06-18,07:00:00,100.673,100.694,100.632,100.677,0,0
2015-06-18,08:00:00,100.68,100.685,100.527,100.56,0,0
2015-06-18,09:00:00,100.559,100.715,100.528,100.711,0,0
2015-06-18,10:00:00,100.704,100.753,100.632,100.692,0,0
2015-06-18,11:00:00,100.696,100.916,100.671,100.856,0,0
2015-06-18,12:00:00,100.854,100.889,100.742,100.844,0,0
2015-06-18,13:00:00,100.843,100.909,100.765,100.849,0,0
2015-06-18,14:00:00,100.86,100.938,100.792,100.935,0,0
2015-06-18,15:00:00,100.935,101.157,100.894,101.035,0,0
2015-06-18,16:00:00,101.034,101.144,100.88,101.039,0,0
2015-06-18,17:00:00,101.039,101.09,100.825,100.825,0,0
2015-06-18,18:00:00,100.826,100.867,100.656,100.656,0,0
2015-06-18,19:00:00,100.647,100.837,100.596,100.616,0,0
2015-06-18,20:00:00,100.616,100.627,100.466,100.578,0,0
2015-06-18,21:00:00,100.585,100.609,100.547,100.562,0,0
2015-06-18,22:00:00,100.571,100.586,100.427,100.501,0,0
2015-06-18,23:00:00,100.514,100.598,100.487,100.598,0,0
2015-06-18,23:59:00,100.612,100.612,100.516,100.564,0,0
2015-06-19,01:00:00,100.564,100.616,100.55,100.603,0,0
2015-06-19,02:00:00,100.601,100.657,100.58,100.604,0,0
2015-06-19,03:00:00,100.604,100.643,100.557,100.575,0,0
2015-06-19,04:00:00,100.583,100.608,100.532,100.579,0,0
2015-06-19,05:00:00,100.578,100.6,100.525,100.592,0,0
2015-06-19,06:00:00,100.591,100.647,100.534,100.594,0,0
2015-06-19,07:00:00,100.591,100.644,100.559,100.598,0,0
2015-06-19,08:00:00,100.598,100.733,100.583,100.718,0,0
2015-06-19,09:00:00,100.708,100.714,100.624,100.627,0,0
2015-06-19,10:00:00,100.634,100.719,100.506,100.694,0,0
2015-06-19,11:00:00,100.703,100.825,100.64,100.666,0,0
2015-06-19,12:00:00,100.662,100.693,100.621,100.644,0,0
2015-06-19,13:00:00,100.644,100.655,100.567,100.571,0,0
2015-06-19,14:00:00,100.571,100.586,100.417,100.461,0,0
2015-06-19,15:00:00,100.464,100.559,100.11,100.123,0,0
2015-06-19,16:00:00,100.125,100.166,99.9878,100.04,0,0
2015-06-19,17:00:00,100.047,100.073,99.7624,99.9511,0,0
2015-06-19,18:00:00,99.956,100.007,99.8593,99.9414,0,0
2015-06-19,19:00:00,99.9446,99.9446,99.8656,99.8689,0,0
2015-06-19,20:00:00,99.8608,100.014,99.8445,99.9755,0,0
2015-06-19,21:00:00,99.9658,100.066,99.9658,100.053,0,0
2015-06-19,22:00:00,100.053,100.062,99.969,100.062,0,0
2015-06-19,23:00:00,100.061,100.064,100.042,100.044,0,0
2015-06-22,01:00:00,100.216,100.216,100.038,100.076,0,0
2015-06-22,02:00:00,100.09,100.096,99.9894,100.011,0,0
2015-06-22,03:00:00,100.012,100.085,99.9633,99.9837,0,0
2015-06-22,04:00:00,99.9804,100.077,99.9731,100.077,0,0
2015-06-22,05:00:00,100.077,100.153,100.032,100.153,0,0
2015-06-22,06:00:00,100.161,100.175,100.129,100.13,0,0
2015-06-22,07:00:00,100.131,100.198,100.12,100.157,0,0
2015-06-22,08:00:00,100.153,100.214,100.131,100.197,0,0
2015-06-22,09:00:00,100.193,100.34,100.184,100.269,0,0
2015-06-22,10:00:00,100.269,100.429,100.262,100.382,0,0
2015-06-22,11:00:00,100.368,100.394,100.303,100.338,0,0
2015-06-22,12:00:00,100.34,100.513,100.321,100.512,0,0
2015-06-22,13:00:00,100.512,100.813,100.498,100.684,0,0
2015-06-22,14:00:00,100.681,100.828,100.668,100.8,0,0
2015-06-22,15:00:00,100.794,100.805,100.472,100.519,0,0
2015-06-22,16:00:00,100.523,100.631,100.297,100.329,0,0
2015-06-22,17:00:00,100.324,100.412,100.265,100.352,0,0
2015-06-22,18:00:00,100.352,100.408,100.2,100.325,0,0
2015-06-22,19:00:00,100.326,100.367,100.069,100.14,0,0
2015-06-22,20:00:00,100.149,100.206,100.1,100.138,0,0
2015-06-22,21:00:00,100.137,100.257,100.128,100.169,0,0
2015-06-22,22:00:00,100.166,100.191,100.071,100.083,0,0
2015-06-22,23:00:00,100.08,100.232,100.08,100.212,0,0
2015-06-22,23:59:00,100.228,100.232,100.138,100.184,0,0
2015-06-23,01:00:00,100.179,100.213,100.164,100.182,0,0
2015-06-23,02:00:00,100.183,100.229,100.179,100.217,0,0
2015-06-23,03:00:00,100.222,100.227,100.154,100.176,0,0
2015-06-23,04:00:00,100.179,100.285,100.179,100.276,0,0
2015-06-23,05:00:00,100.274,100.274,100.161,100.239,0,0
2015-06-23,06:00:00,100.233,100.241,100.17,100.233,0,0
2015-06-23,07:00:00,100.228,100.297,100.203,100.284,0,0
2015-06-23,08:00:00,100.284,100.31,100.245,100.245,0,0
2015-06-23,09:00:00,100.256,100.305,100.22,100.277,0,0
2015-06-23,10:00:00,100.275,100.327,100.194,100.222,0,0
2015-06-23,11:00:00,100.214,100.266,100.172,100.246,0,0
2015-06-23,12:00:00,100.246,100.265,100.173,100.232,0,0
2015-06-23,13:00:00,100.232,100.266,100.178,100.211,0,0
2015-06-23,14:00:00,100.211,100.339,100.187,100.305,0,0
2015-06-23,15:00:00,100.302,100.576,100.293,100.51,0,0
2015-06-23,16:00:00,100.508,100.539,100.267,100.368,0,0
2015-06-23,17:00:00,100.358,100.553,100.34,100.432,0,0
2015-06-23,18:00:00,100.435,100.515,100.351,100.359,0,0
2015-06-23,19:00:00,100.363,100.496,100.332,100.424,0,0
2015-06-23,20:00:00,100.419,100.434,100.285,100.371,0,0
2015-06-23,21:00:00,100.371,100.492,100.33,100.46,0,0
2015-06-23,22:00:00,100.464,100.538,100.449,100.477,0,0
2015-06-23,23:00:00,100.482,100.544,100.462,100.544,0,0
2015-06-23,23:59:00,100.548,100.561,100.457,100.488,0,0
2015-06-24,01:00:00,100.488,100.541,100.488,100.525,0,0
2015-06-24,02:00:00,100.525,100.531,100.468,100.514,0,0
2015-06-24,03:00:00,100.521,100.532,100.467,100.514,0,0
2015-06-24,04:00:00,100.514,100.546,100.481,100.492,0,0
2015-06-24,05:00:00,100.503,100.558,100.468,100.557,0,0
2015-06-24,06:00:00,100.557,100.561,100.524,100.545,0,0
2015-06-24,07:00:00,100.546,100.58,100.509,100.546,0,0
2015-06-24,08:00:00,100.546,100.621,100.536,100.578,0,0
2015-06-24,09:00:00,100.564,100.581,100.46,100.51,0,0
2015-06-24,10:00:00,100.509,100.676,100.504,100.661,0,0
2015-06-24,11:00:00,100.664,100.845,100.606,100.805,0,0
2015-06-24,12:00:00,100.803,100.86,100.636,100.678,0,0
2015-06-24,13:00:00,100.669,100.76,100.628,100.731,0,0
2015-06-24,14:00:00,100.728,100.75,100.641,100.658,0,0
2015-06-24,15:00:00,100.664,100.723,100.511,100.531,0,0
2015-06-24,16:00:00,100.53,100.546,100.301,100.377,0,0
2015-06-24,17:00:00,100.371,100.371,100.076,100.314,0,0
2015-06-24,18:00:00,100.309,100.309,100.056,100.087,0,0
2015-06-24,19:00:00,100.086,100.156,100.04,100.098,0,0
2015-06-24,20:00:00,100.104,100.132,99.9354,99.954,0,0
2015-06-24,21:00:00,99.9532,99.9734,99.8484,99.9225,0,0
2015-06-24,22:00:00,99.908,99.9774,99.896,99.9032,0,0
2015-06-24,23:00:00,99.9032,100.035,99.8863,100.018,0,0
2015-06-24,23:59:00,100.019,100.052,100.001,100.031,0,0
2015-06-25,01:00:00,100.036,100.049,99.9766,99.9919,0,0
2015-06-25,02:00:00,99.9927,100.024,99.9734,99.9992,0,0
2015-06-25,03:00:00,100.006,100.042,99.975,99.9927,0,0
2015-06-25,04:00:00,99.996,100.038,99.9818,99.9883,0,0
2015-06-25,05:00:00,99.9883,100.002,99.914,99.9269,0,0
2015-06-25,06:00:00,99.9362,99.9544,99.83,99.9147,0,0
2015-06-25,07:00:00,99.9131,99.9285,99.8437,99.897,0,0
2015-06-25,08:00:00,99.8978,99.8994,99.7982,99.7982,0,0
2015-06-25,09:00:00,99.7978,99.8591,99.7868,99.8282,0,0
2015-06-25,10:00:00,99.8274,99.8943,99.8056,99.8576,0,0
2015-06-25,11:00:00,99.8656,99.9802,99.8213,99.9003,0,0
2015-06-25,12:00:00,99.9011,99.9301,99.6157,99.6935,0,0
2015-06-25,13:00:00,99.7088,99.9632,99.6733,99.8389,0,0
2015-06-25,14:00:00,99.8325,99.9003,99.7985,99.8259,0,0
2015-06-25,15:00:00,99.8307,99.9018,99.7611,99.8558,0,0
2015-06-25,16:00:00,99.8558,100.208,99.8558,100.203,0,0
2015-06-25,17:00:00,100.199,100.249,100.049,100.166,0,0
2015-06-25,18:00:00,100.16,100.194,100.081,100.127,0,0
2015-06-25,19:00:00,100.13,100.155,100.038,100.103,0,0
2015-06-25,20:00:00,100.101,100.184,100.055,100.184,0,0
2015-06-25,21:00:00,100.184,100.341,100.163,100.341,0,0
2015-06-25,22:00:00,100.332,100.362,100.272,100.313,0,0
2015-06-25,23:00:00,100.296,100.391,100.277,100.297,0,0
2015-06-25,23:59:00,100.284,100.332,100.259,100.29,0,0
2015-06-26,01:00:00,100.29,100.294,100.208,100.211,0,0
2015-06-26,02:00:00,100.212,100.245,100.196,100.223,0,0
2015-06-26,03:00:00,100.224,100.232,100.103,100.128,0,0
2015-06-26,04:00:00,100.131,100.157,99.9595,99.9789,0,0
2015-06-26,05:00:00,99.9797,100.001,99.8776,99.9141,0,0
2015-06-26,06:00:00,99.9157,99.9838,99.9157,99.9652,0,0
2015-06-26,07:00:00,99.9724,100.022,99.9554,99.9878,0,0
2015-06-26,08:00:00,99.9854,99.9992,99.9101,99.97,0,0
2015-06-26,09:00:00,99.966,100.056,99.9077,99.9077,0,0
2015-06-26,10:00:00,99.911,99.9514,99.8535,99.8567,0,0
2015-06-26,11:00:00,99.8543,99.9134,99.8002,99.9077,0,0
2015-06-26,12:00:00,99.9231,99.9247,99.8439,99.8706,0,0
2015-06-26,13:00:00,99.8706,100.062,99.8706,99.9797,0,0
2015-06-26,14:00:00,99.9765,100.103,99.9417,100.043,0,0
2015-06-26,15:00:00,100.032,100.123,99.9709,100.108,0,0
2015-06-26,16:00:00,100.098,100.274,99.8975,100.241,0,0
2015-06-26,17:00:00,100.245,100.258,100.081,100.087,0,0
2015-06-26,18:00:00,100.084,100.329,100.084,100.274,0,0
2015-06-26,19:00:00,100.272,100.402,100.251,100.364,0,0
2015-06-26,20:00:00,100.37,100.525,100.344,100.48,0,0
2015-06-26,21:00:00,100.483,100.532,100.436,100.509,0,0
2015-06-26,22:00:00,100.516,100.55,100.479,100.516,0,0
2015-06-26,23:00:00,100.516,100.516,100.51,100.511,0,0
2015-06-29,01:00:00,99.3918,99.4064,98.864,99.2381,0,0
2015-06-29,02:00:00,99.2405,99.3737,99.2017,99.2423,0,0
2015-06-29,03:00:00,99.2423,99.7251,99.133,99.6249,0,0
2015-06-29,04:00:00,99.6232,99.8169,99.6053,99.7643,0,0
2015-06-29,05:00:00,99.7805,99.8031,99.7222,99.7634,0,0
2015-06-29,06:00:00,99.7618,99.7666,99.556,99.6602,0,0
2015-06-29,07:00:00,99.6602,99.6797,99.3773,99.4317,0,0
2015-06-29,08:00:00,99.4252,99.4657,99.1916,99.3129,0,0
2015-06-29,09:00:00,99.3121,99.7864,99.2315,99.7743,0,0
2015-06-29,10:00:00,99.7629,99.8147,99.6835,99.7306,0,0
2015-06-29,11:00:00,99.7306,99.8532,99.5937,99.7364,0,0
2015-06-29,12:00:00,99.7364,99.7533,99.4507,99.47,0,0
2015-06-29,13:00:00,99.4668,99.4859,99.3015,99.4012,0,0
2015-06-29,14:00:00,99.4061,99.6048,99.2553,99.5047,0,0
2015-06-29,15:00:00,99.5055,99.5449,99.3138,99.3883,0,0
2015-06-29,16:00:00,99.385,99.4003,99.1414,99.2859,0,0
2015-06-29,17:00:00,99.2988,99.3438,98.9368,99.0655,0,0
2015-06-29,18:00:00,99.0663,99.1297,98.9104,98.9548,0,0
2015-06-29,19:00:00,98.958,98.9797,98.733,98.8107,0,0
2015-06-29,20:00:00,98.833,98.9604,98.8065,98.8944,0,0
2015-06-29,21:00:00,98.8992,99.0562,98.8934,98.9821,0,0
2015-06-29,22:00:00,98.983,99.0256,98.8411,98.8661,0,0
2015-06-29,23:00:00,98.8452,98.8919,98.7737,98.7907,0,0
2015-06-29,23:59:00,98.7955,98.8699,98.7745,98.8284,0,0
2015-06-30,01:00:00,98.8171,98.8445,98.7844,98.8012,0,0
2015-06-30,02:00:00,98.8004,98.8637,98.7924,98.8182,0,0
2015-06-30,03:00:00,98.8182,98.8625,98.5803,98.6092,0,0
2015-06-30,04:00:00,98.6052,98.6819,98.5804,98.6397,0,0
2015-06-30,05:00:00,98.6382,98.6382,98.4,98.4065,0,0
2015-06-30,06:00:00,98.4081,98.645,98.4081,98.6097,0,0
2015-06-30,07:00:00,98.6018,98.7173,98.6018,98.646,0,0
2015-06-30,08:00:00,98.6351,98.7199,98.6069,98.6697,0,0
2015-06-30,09:00:00,98.6645,98.8173,98.6645,98.6884,0,0
2015-06-30,10:00:00,98.6977,98.7271,98.4544,98.5918,0,0
2015-06-30,11:00:00,98.6026,98.6135,98.3265,98.4293,0,0
2015-06-30,12:00:00,98.4285,98.792,98.4158,98.7699,0,0
2015-06-30,13:00:00,98.7699,99.0058,98.7424,98.8729,0,0
2015-06-30,14:00:00,98.8737,98.9863,98.7845,98.9328,0,0
2015-06-30,15:00:00,98.934,99.05,98.4609,98.5361,0,0
2015-06-30,16:00:00,98.5337,98.5623,98.2916,98.356,0,0
2015-06-30,17:00:00,98.3721,98.4261,97.955,98.0304,0,0
2015-06-30,18:00:00,98.0304,98.0843,97.8704,97.8976,0,0
2015-06-30,19:00:00,97.8976,97.9616,97.6658,97.8282,0,0
2015-06-30,20:00:00,97.827,97.971,97.7673,97.959,0,0
2015-06-30,21:00:00,97.9472,98.0966,97.839,97.9367,0,0
2015-06-30,22:00:00,97.9367,98.0642,97.9015,98.0035,0,0
2015-06-30,23:00:00,97.9893,98.0583,97.9276,98.0419,0,0
2015-06-30,23:59:00,98.0474,98.1424,97.9723,98.0071,0,0
2015-07-01,01:00:00,98.0031,98.0726,97.9855,98.0671,0,0
2015-07-01,02:00:00,98.0671,98.1373,98.0262,98.0951,0,0
2015-07-01,03:00:00,98.1079,98.2343,98.0803,98.1018,0,0
2015-07-01,04:00:00,98.1104,98.182,98.0607,98.082,0,0
2015-07-01,05:00:00,98.082,98.1155,98.0377,98.0456,0,0
2015-07-01,06:00:00,98.0527,98.0786,98.0165,98.0596,0,0
2015-07-01,07:00:00,98.0588,98.0833,97.978,97.9945,0,0
2015-07-01,08:00:00,97.9945,98.1172,97.9937,98.1116,0,0
2015-07-01,09:00:00,98.0983,98.1933,98.0721,98.121,0,0
2015-07-01,10:00:00,98.1155,98.1455,98.0303,98.1086,0,0
2015-07-01,11:00:00,98.1054,98.263,98.0324,98.2598,0,0
2015-07-01,12:00:00,98.2725,98.505,98.1824,98.2123,0,0
2015-07-01,13:00:00,98.2123,98.2679,98.1268,98.1883,0,0
2015-07-01,14:00:00,98.1939,98.2502,98.1454,98.2153,0,0
2015-07-01,15:00:00,98.2224,98.2685,98.0737,98.0956,0,0
2015-07-01,16:00:00,98.0918,98.1934,98.0361,98.1196,0,0
2015-07-01,17:00:00,98.1314,98.1844,97.9594,98.0203,0,0
2015-07-01,18:00:00,98.0227,98.0486,97.8861,97.946,0,0
2015-07-01,19:00:00,97.9499,98.0101,97.8847,97.9033,0,0
2015-07-01,20:00:00,97.9305,97.9411,97.8113,97.8202,0,0
2015-07-01,21:00:00,97.8243,97.8798,97.7723,97.8286,0,0
2015-07-01,22:00:00,97.8318,97.8806,97.8254,97.867,0,0
2015-07-01,23:00:00,97.8631,97.8813,97.7897,97.8395,0,0
2015-07-01,23:59:00,97.8356,97.9249,97.8057,97.8761,0,0
2015-07-02,01:00:00,97.8745,97.8943,97.8176,97.8762,0,0
2015-07-02,02:00:00,97.8762,97.9602,97.8635,97.9587,0,0
2015-07-02,03:00:00,97.954,98.0022,97.9351,97.9804,0,0
2015-07-02,04:00:00,97.9803,98.0758,97.968,98.0697,0,0
2015-07-02,05:00:00,98.0744,98.0845,98.0096,98.0167,0,0
2015-07-02,06:00:00,98.016,98.0398,97.9919,98.0083,0,0
2015-07-02,07:00:00,98.0083,98.049,97.9866,98.0167,0,0
2015-07-02,08:00:00,98.0151,98.0464,97.9857,98.0023,0,0
2015-07-02,09:00:00,98.0007,98.0655,97.9764,98.0363,0,0
2015-07-02,10:00:00,98.0347,98.0546,97.9425,98.0196,0,0
2015-07-02,11:00:00,98.0142,98.0496,97.8681,97.8774,0,0
2015-07-02,12:00:00,97.8569,97.8824,97.7582,97.8534,0,0
2015-07-02,13:00:00,97.8503,97.9576,97.7895,97.8261,0,0
2015-07-02,14:00:00,97.8183,98.056,97.8183,97.872,0,0
2015-07-02,15:00:00,97.8696,98.0613,97.7267,97.9076,0,0
2015-07-02,16:00:00,97.899,97.962,97.786,97.8441,0,0
2015-07-02,17:00:00,97.8323,97.9685,97.8075,97.9677,0,0
2015-07-02,18:00:00,97.9638,97.9993,97.8825,97.9907,0,0
2015-07-02,19:00:00,97.9899,98.1662,97.9809,98.1343,0,0
2015-07-02,20:00:00,98.1343,98.139,98.0034,98.0236,0,0
2015-07-02,21:00:00,98.01,98.0434,97.9527,97.9866,0,0
2015-07-02,22:00:00,97.9897,98.1282,97.9872,98.0837,0,0
2015-07-02,23:00:00,98.0813,98.1529,98.0523,98.1372,0,0
2015-07-02,23:59:00,98.1497,98.1624,98.102,98.1207,0,0
2015-07-03,01:00:00,98.1176,98.1271,98.0644,98.123,0,0
2015-07-03,02:00:00,98.1215,98.132,98.0808,98.0871,0,0
2015-07-03,03:00:00,98.0879,98.0969,97.9218,98.0341,0,0
2015-07-03,04:00:00,98.0349,98.049,97.8874,97.9014,0,0
2015-07-03,05:00:00,97.899,98.0205,97.8913,98.0151,0,0
2015-07-03,06:00:00,98.0151,98.0356,97.9678,97.9841,0,0
2015-07-03,07:00:00,97.9841,98.046,97.981,98.046,0,0
2015-07-03,08:00:00,98.0398,98.1099,98.0366,98.0723,0,0
2015-07-03,09:00:00,98.0739,98.1033,97.9749,98.041,0,0
2015-07-03,10:00:00,98.032,98.1073,98.0059,98.0673,0,0
2015-07-03,11:00:00,98.0642,98.0906,97.8969,97.9753,0,0
2015-07-03,12:00:00,97.961,97.9913,97.877,97.9335,0,0
2015-07-03,13:00:00,97.932,97.9484,97.853,97.9382,0,0
2015-07-03,14:00:00,97.9374,97.9546,97.7773,97.7821,0,0
2015-07-03,15:00:00,97.7813,97.7821,97.4571,97.5723,0,0
2015-07-03,16:00:00,97.5724,97.5842,97.3859,97.4107,0,0
2015-07-03,17:00:00,97.4161,97.6241,97.3575,97.6104,0,0
2015-07-03,18:00:00,97.6064,97.6567,97.4872,97.5708,0,0
2015-07-03,19:00:00,97.5715,97.6906,97.5715,97.6365,0,0
2015-07-03,20:00:00,97.6303,97.7732,97.6037,97.7079,0,0
2015-07-03,21:00:00,97.7071,97.8401,97.7048,97.8065,0,0
2015-07-03,22:00:00,97.8057,97.8227,97.6734,97.7182,0,0
2015-07-03,23:00:00,97.7182,97.7522,97.7166,97.7304,0,0
2015-07-06,01:00:00,96.777,97.2425,96.679,97.1438,0,0
2015-07-06,02:00:00,97.1423,97.1796,97.0415,97.0555,0,0
2015-07-06,03:00:00,97.0555,97.2946,97.0513,97.202,0,0
2015-07-06,04:00:00,97.2028,97.3834,97.1492,97.2878,0,0
2015-07-06,05:00:00,97.299,97.299,97.1654,97.1811,0,0
2015-07-06,06:00:00,97.1929,97.2207,97.0959,97.115,0,0
2015-07-06,07:00:00,97.1181,97.1245,96.9833,97.0011,0,0
2015-07-06,08:00:00,96.9996,97.2798,96.8636,97.1413,0,0
2015-07-06,09:00:00,97.1397,97.4185,97.1172,97.4137,0,0
2015-07-06,10:00:00,97.4177,97.5729,97.2932,97.554,0,0
2015-07-06,11:00:00,97.5501,97.5594,97.2964,97.342,0,0
2015-07-06,12:00:00,97.3412,97.3637,97.2833,97.3317,0,0
2015-07-06,13:00:00,97.3317,97.3517,97.1621,97.2089,0,0
2015-07-06,14:00:00,97.2121,97.3494,97.1392,97.1392,0,0
2015-07-06,15:00:00,97.1377,97.2213,97.0068,97.0387,0,0
2015-07-06,16:00:00,97.0364,97.0365,96.8601,96.985,0,0
2015-07-06,17:00:00,96.9841,97.3253,96.9366,97.1826,0,0
2015-07-06,18:00:00,97.17,97.1819,96.9988,97.0506,0,0
2015-07-06,19:00:00,97.0567,97.1755,96.9778,97.0315,0,0
2015-07-06,20:00:00,97.0622,97.0638,96.7769,96.7965,0,0
2015-07-06,21:00:00,96.7951,96.7982,96.6143,96.7498,0,0
2015-07-06,22:00:00,96.7545,96.8512,96.7387,96.8236,0,0
2015-07-06,23:00:00,96.8212,96.9034,96.8005,96.8857,0,0
2015-07-06,23:59:00,96.8818,96.9241,96.8606,96.9205,0,0
2015-07-07,01:00:00,96.9185,96.9489,96.8822,96.9308,0,0
2015-07-07,02:00:00,96.9324,96.9415,96.8373,96.885,0,0
2015-07-07,03:00:00,96.8858,96.9947,96.8652,96.9946,0,0
2015-07-07,04:00:00,96.9931,96.9969,96.9184,96.9647,0,0
2015-07-07,05:00:00,96.964,96.9703,96.8683,96.9039,0,0
2015-07-07,06:00:00,96.9039,96.9161,96.8454,96.8711,0,0
2015-07-07,07:00:00,96.8727,96.9296,96.8469,96.9209,0,0
2015-07-07,08:00:00,96.9186,96.9717,96.8488,96.8664,0,0
2015-07-07,09:00:00,96.8719,96.9588,96.8539,96.8725,0,0
2015-07-07,10:00:00,96.8788,96.8917,96.6771,96.6881,0,0
2015-07-07,11:00:00,96.6834,96.7607,96.5614,96.6199,0,0
2015-07-07,12:00:00,96.626,96.626,96.4672,96.5944,0,0
2015-07-07,13:00:00,96.592,96.592,96.2908,96.397,0,0
2015-07-07,14:00:00,96.4078,96.41,96.1233,96.1674,0,0
2015-07-07,15:00:00,96.1706,96.2368,95.9863,96.2135,0,0
2015-07-07,16:00:00,96.2107,96.2184,95.8249,95.8386,0,0
2015-07-07,17:00:00,95.857,95.857,95.6301,95.7312,0,0
2015-07-07,18:00:00,95.7294,95.9339,95.6008,95.8856,0,0
2015-07-07,19:00:00,95.8848,95.9107,95.7568,95.8799,0,0
2015-07-07,20:00:00,95.8855,96.1291,95.8473,96.0724,0,0
2015-07-07,21:00:00,96.0732,96.2412,95.9433,96.2222,0,0
2015-07-07,22:00:00,96.2148,96.7139,96.2019,96.4342,0,0
2015-07-07,23:00:00,96.4453,96.4902,96.3161,96.4592,0,0
2015-07-07,23:59:00,96.4456,96.4615,96.2824,96.3223,0,0
2015-07-08,01:00:00,96.3146,96.3553,96.2584,96.3144,0,0
2015-07-08,02:00:00,96.3269,96.3735,96.2905,96.3243,0,0
2015-07-08,03:00:00,96.3227,96.3406,96.1041,96.1261,0,0
2015-07-08,04:00:00,96.1308,96.1308,95.683,95.9461,0,0
2015-07-08,05:00:00,95.9375,96.0586,95.8826,95.9814,0,0
2015-07-08,06:00:00,95.9806,95.9806,95.7975,95.8793,0,0
2015-07-08,07:00:00,95.8778,96.0529,95.8101,95.8416,0,0
2015-07-08,08:00:00,95.8542,95.9702,95.8205,95.8244,0,0
2015-07-08,09:00:00,95.8166,95.8241,95.4376,95.4454,0,0
2015-07-08,10:00:00,95.447,95.5218,95.2699,95.5183,0,0
2015-07-08,11:00:00,95.527,95.6546,95.326,95.5702,0,0
2015-07-08,12:00:00,95.5715,95.7842,95.5416,95.7191,0,0
2015-07-08,13:00:00,95.7207,95.7207,95.3808,95.5141,0,0
2015-07-08,14:00:00,95.522,95.7683,95.3798,95.3844,0,0
2015-07-08,15:00:00,95.3822,95.4076,95.0813,95.1869,0,0
2015-07-08,16:00:00,95.1762,95.2472,94.9875,95.1151,0,0
2015-07-08,17:00:00,95.0982,95.2467,94.947,95.124,0,0
2015-07-08,18:00:00,95.127,95.127,94.6769,94.7253,0,0
2015-07-08,19:00:00,94.7325,94.9287,94.6691,94.7016,0,0
2015-07-08,20:00:00,94.7015,94.9098,94.6463,94.7529,0,0
2015-07-08,21:00:00,94.7445,94.7945,94.5535,94.6476,0,0
2015-07-08,22:00:00,94.6686,94.8086,94.5755,94.6971,0,0
2015-07-08,23:00:00,94.7025,94.8182,94.6898,94.6906,0,0
2015-07-08,23:59:00,94.7006,94.7713,94.6651,94.6704,0,0
2015-07-09,01:00:00,94.6475,94.7441,94.5307,94.7265,0,0
2015-07-09,02:00:00,94.7251,94.9533,94.7116,94.9533,0,0
2015-07-09,03:00:00,94.9596,94.9646,94.6578,94.7853,0,0
2015-07-09,04:00:00,94.7822,95.0889,94.7822,95.0403,0,0
2015-07-09,05:00:00,95.0588,95.4065,95.0493,95.1612,0,0
2015-07-09,06:00:00,95.1612,95.3694,95.1612,95.2803,0,0
2015-07-09,07:00:00,95.2795,95.4377,95.2311,95.4343,0,0
2015-07-09,08:00:00,95.439,95.7315,95.435,95.6821,0,0
2015-07-09,09:00:00,95.6821,95.7229,95.442,95.523,0,0
2015-07-09,10:00:00,95.514,95.514,95.2522,95.2522,0,0
2015-07-09,11:00:00,95.2439,95.4965,95.208,95.4066,0,0
2015-07-09,12:00:00,95.4051,95.5061,95.318,95.4278,0,0
2015-07-09,13:00:00,95.4294,95.4763,95.3688,95.4607,0,0
2015-07-09,14:00:00,95.4592,95.8066,95.4517,95.7838,0,0
2015-07-09,15:00:00,95.7829,95.8669,95.6301,95.7712,0,0
2015-07-09,16:00:00,95.7712,95.7837,95.4205,95.4577,0,0
2015-07-09,17:00:00,95.4585,95.5279,95.2393,95.2423,0,0
2015-07-09,18:00:00,95.2418,95.3614,95.2246,95.2359,0,0
2015-07-09,19:00:00,95.2414,95.4507,95.2353,95.3736,0,0
2015-07-09,20:00:00,95.366,95.417,95.2504,95.3167,0,0
2015-07-09,21:00:00,95.3144,95.4151,95.2701,95.3864,0,0
2015-07-09,22:00:00,95.3851,95.4904,95.368,95.4598,0,0
2015-07-09,23:00:00,95.4598,95.588,95.4239,95.4816,0,0
2015-07-09,23:59:00,95.5003,95.6512,95.4594,95.6512,0,0
2015-07-10,01:00:00,95.6252,95.8721,95.6252,95.8471,0,0
2015-07-10,02:00:00,95.8471,95.8526,95.7021,95.763,0,0
2015-07-10,03:00:00,95.7601,95.8108,95.5891,95.7744,0,0
2015-07-10,04:00:00,95.7721,96.0074,95.7643,95.9777,0,0
2015-07-10,05:00:00,95.9716,96.1631,95.9333,96.1447,0,0
2015-07-10,06:00:00,96.14,96.181,96.057,96.1299,0,0
2015-07-10,07:00:00,96.1323,96.1441,95.9846,96.0106,0,0
2015-07-10,08:00:00,96.0122,96.2193,95.9569,96.1804,0,0
2015-07-10,09:00:00,96.163,96.2517,96.0054,96.01,0,0
2015-07-10,10:00:00,96.0201,96.2359,95.9126,96.122,0,0
2015-07-10,11:00:00,96.1212,96.126,95.9837,96.0483,0,0
2015-07-10,12:00:00,96.0369,96.4015,95.977,96.2719,0,0
2015-07-10,13:00:00,96.2671,96.4248,96.1917,96.3636,0,0
2015-07-10,14:00:00,96.3734,96.5607,96.1698,96.2734,0,0
2015-07-10,15:00:00,96.2694,96.647,96.1877,96.482,0,0
2015-07-10,16:00:00,96.4782,96.6017,96.1503,96.3018,0,0
2015-07-10,17:00:00,96.2994,96.4238,96.2083,96.3934,0,0
2015-07-10,18:00:00,96.378,96.5722,96.3045,96.5539,0,0
2015-07-10,19:00:00,96.5471,96.6396,96.496,96.5685,0,0
2015-07-10,20:00:00,96.5821,96.6015,96.4745,96.5393,0,0
2015-07-10,21:00:00,96.5401,96.8099,96.5393,96.7841,0,0
2015-07-10,22:00:00,96.7756,96.8785,96.7676,96.8698,0,0
2015-07-10,23:00:00,96.8753,96.8753,96.8468,96.8515,0,0
2015-07-13,01:00:00,96.5367,96.6931,96.4429,96.4579,0,0
2015-07-13,02:00:00,96.4602,96.5978,96.437,96.4774,0,0
2015-07-13,03:00:00,96.4758,96.5911,96.4396,96.4887,0,0
2015-07-13,04:00:00,96.4895,96.5029,96.328,96.4128,0,0
2015-07-13,05:00:00,96.4136,96.5325,96.3546,96.5309,0,0
2015-07-13,06:00:00,96.5459,96.7587,96.531,96.5987,0,0
2015-07-13,07:00:00,96.6019,96.652,96.4513,96.5032,0,0
2015-07-13,08:00:00,96.5134,96.623,96.4809,96.5721,0,0
2015-07-13,09:00:00,96.5713,96.9942,96.4621,96.9295,0,0
2015-07-13,10:00:00,96.9147,97.0923,96.7677,96.8501,0,0
2015-07-13,11:00:00,96.8541,96.9825,96.7795,96.947,0,0
2015-07-13,12:00:00,96.947,97.1182,96.9342,97.1126,0,0
2015-07-13,13:00:00,97.1071,97.1287,96.9576,97.0254,0,0
2015-07-13,14:00:00,97.019,97.125,97.0088,97.0414,0,0
2015-07-13,15:00:00,97.0368,97.0502,96.8717,96.9354,0,0
2015-07-13,16:00:00,96.9315,96.9347,96.6329,96.6436,0,0
2015-07-13,17:00:00,96.6489,96.7248,96.5029,96.6804,0,0
2015-07-13,18:00:00,96.6751,96.7628,96.5786,96.6544,0,0
2015-07-13,19:00:00,96.6521,96.8316,96.6061,96.8118,0,0
2015-07-13,20:00:00,96.8125,96.8125,96.7148,96.7686,0,0
2015-07-13,21:00:00,96.7677,96.8292,96.703,96.7988,0,0
2015-07-13,22:00:00,96.8073,96.9631,96.8026,96.8755,0,0
2015-07-13,23:00:00,96.8824,96.9345,96.8678,96.8764,0,0
2015-07-13,23:59:00,96.8708,96.9372,96.8609,96.918,0,0
2015-07-14,01:00:00,96.9164,96.9947,96.8897,96.9947,0,0
2015-07-14,02:00:00,96.9947,96.9962,96.8974,96.9301,0,0
2015-07-14,03:00:00,96.927,96.9764,96.8972,96.9748,0,0
2015-07-14,04:00:00,96.9634,96.9699,96.8589,96.8714,0,0
2015-07-14,05:00:00,96.8714,96.9672,96.8706,96.9523,0,0
2015-07-14,06:00:00,96.9469,96.9617,96.9009,96.9086,0,0
2015-07-14,07:00:00,96.9086,96.9237,96.876,96.8959,0,0
2015-07-14,08:00:00,96.8952,96.8991,96.6559,96.7212,0,0
2015-07-14,09:00:00,96.7197,96.7712,96.4492,96.5887,0,0
2015-07-14,10:00:00,96.5872,96.5992,96.429,96.4621,0,0
2015-07-14,11:00:00,96.4644,96.5219,96.3798,96.4724,0,0
2015-07-14,12:00:00,96.483,96.5933,96.3989,96.5236,0,0
2015-07-14,13:00:00,96.5205,96.5778,96.3554,96.4417,0,0
2015-07-14,14:00:00,96.4477,96.5827,96.4163,96.545,0,0
2015-07-14,15:00:00,96.5503,96.7681,96.5251,96.5251,0,0
2015-07-14,16:00:00,96.5198,96.7775,96.4779,96.7173,0,0
2015-07-14,17:00:00,96.7334,96.9864,96.619,96.9522,0,0
2015-07-14,18:00:00,96.9407,96.9483,96.7106,96.7948,0,0
2015-07-14,19:00:00,96.8069,96.8599,96.7333,96.7993,0,0
2015-07-14,20:00:00,96.8016,96.8382,96.6821,96.7465,0,0
2015-07-14,21:00:00,96.7481,96.7889,96.7172,96.7717,0,0
2015-07-14,22:00:00,96.7701,96.8461,96.7494,96.8367,0,0
2015-07-14,23:00:00,96.8406,96.9503,96.8275,96.9399,0,0
2015-07-14,23:59:00,96.9507,96.9725,96.8589,96.8986,0,0
2015-07-15,01:00:00,96.8986,96.92,96.8659,96.8878,0,0
2015-07-15,02:00:00,96.8886,96.9108,96.8158,96.8389,0,0
2015-07-15,03:00:00,96.8421,96.8661,96.7258,96.8183,0,0
2015-07-15,04:00:00,96.8167,96.9795,96.8136,96.9781,0,0
2015-07-15,05:00:00,96.9734,97.0281,96.9116,96.9516,0,0
2015-07-15,06:00:00,96.9508,97.0005,96.8862,96.9823,0,0
2015-07-15,07:00:00,96.987,96.9933,96.8906,96.9239,0,0
2015-07-15,08:00:00,96.9231,96.9325,96.8331,96.8949,0,0
2015-07-15,09:00:00,96.8948,96.9741,96.8297,96.864,0,0
2015-07-15,10:00:00,96.8655,96.9305,96.795,96.8476,0,0
2015-07-15,11:00:00,96.8436,96.9864,96.8262,96.8661,0,0
2015-07-15,12:00:00,96.8669,96.9547,96.8267,96.8361,0,0
2015-07-15,13:00:00,96.8338,96.8725,96.7689,96.8336,0,0
2015-07-15,14:00:00,96.8389,96.9896,96.8074,96.9561,0,0
2015-07-15,15:00:00,96.9553,97.0019,96.7771,96.7771,0,0
2015-07-15,16:00:00,96.7803,96.9172,96.683,96.8317,0,0
2015-07-15,17:00:00,96.8159,96.8159,95.8776,96.0988,0,0
2015-07-15,18:00:00,96.1098,96.1557,95.7314,95.7603,0,0
2015-07-15,19:00:00,95.7655,95.8357,95.6201,95.7133,0,0
2015-07-15,20:00:00,95.7069,95.7941,95.5653,95.6666,0,0
2015-07-15,21:00:00,95.6711,95.7417,95.5718,95.6835,0,0
2015-07-15,22:00:00,95.6875,95.8492,95.5869,95.814,0,0
2015-07-15,23:00:00,95.797,95.9141,95.7802,95.8381,0,0
2015-07-15,23:59:00,95.8332,95.8606,95.7805,95.8217,0,0
2015-07-16,01:00:00,95.8271,95.9904,95.8195,95.9835,0,0
2015-07-16,02:00:00,95.9827,95.988,95.8135,95.8413,0,0
2015-07-16,03:00:00,95.8459,95.8602,95.7438,95.7588,0,0
2015-07-16,04:00:00,95.7649,95.8099,95.678,95.7601,0,0
2015-07-16,05:00:00,95.7625,95.773,95.7077,95.7626,0,0
2015-07-16,06:00:00,95.7641,95.796,95.6948,95.7392,0,0
2015-07-16,07:00:00,95.737,95.7805,95.703,95.7538,0,0
2015-07-16,08:00:00,95.7538,95.818,95.723,95.8086,0,0
2015-07-16,09:00:00,95.8102,95.8857,95.7804,95.8417,0,0
2015-07-16,10:00:00,95.8357,95.864,95.7215,95.771,0,0
2015-07-16,11:00:00,95.7732,95.8738,95.735,95.8681,0,0
2015-07-16,12:00:00,95.8666,95.9409,95.8276,95.8352,0,0
2015-07-16,13:00:00,95.8382,95.868,95.7896,95.8406,0,0
2015-07-16,14:00:00,95.8337,95.8797,95.8049,95.8594,0,0
2015-07-16,15:00:00,95.852,96.0649,95.8482,95.9938,0,0
2015-07-16,16:00:00,95.9951,96.0619,95.9489,96.028,0,0
2015-07-16,17:00:00,96.0024,96.0291,95.912,95.9325,0,0
2015-07-16,18:00:00,95.9376,95.9749,95.8548,95.875,0,0
2015-07-16,19:00:00,95.8728,95.8728,95.7434,95.8048,0,0
2015-07-16,20:00:00,95.8085,95.8861,95.7191,95.7753,0,0
2015-07-16,21:00:00,95.7701,95.8299,95.7174,95.7267,0,0
2015-07-16,22:00:00,95.732,95.8213,95.6814,95.7034,0,0
2015-07-16,23:00:00,95.6981,95.8058,95.6981,95.8043,0,0
2015-07-16,23:59:00,95.8065,95.8254,95.755,95.7958,0,0
2015-07-17,01:00:00,95.7966,95.8006,95.7227,95.7559,0,0
2015-07-17,02:00:00,95.7559,95.7744,95.7304,95.7497,0,0
2015-07-17,03:00:00,95.7482,95.7653,95.7177,95.7389,0,0
2015-07-17,04:00:00,95.7374,95.7723,95.71,95.7316,0,0
2015-07-17,05:00:00,95.7316,95.7826,95.7122,95.7216,0,0
2015-07-17,06:00:00,95.7239,95.773,95.7162,95.7681,0,0
2015-07-17,07:00:00,95.7681,95.7719,95.732,95.7678,0,0
2015-07-17,08:00:00,95.7578,95.7609,95.6822,95.7107,0,0
2015-07-17,09:00:00,95.717,95.78,95.6909,95.7701,0,0
2015-07-17,10:00:00,95.7717,95.7808,95.6305,95.6644,0,0
2015-07-17,11:00:00,95.663,95.6782,95.5389,95.5686,0,0
2015-07-17,12:00:00,95.573,95.6834,95.5725,95.6502,0,0
2015-07-17,13:00:00,95.6541,95.677,95.5725,95.5741,0,0
2015-07-17,14:00:00,95.5671,95.6273,95.5511,95.5653,0,0
2015-07-17,15:00:00,95.5653,95.7502,95.4449,95.5404,0,0
2015-07-17,16:00:00,95.5449,95.7391,95.484,95.4937,0,0
2015-07-17,17:00:00,95.5042,95.5562,95.4194,95.5296,0,0
2015-07-17,18:00:00,95.5289,95.5472,95.3743,95.4076,0,0
2015-07-17,19:00:00,95.4114,95.4873,95.3691,95.4873,0,0
2015-07-17,20:00:00,95.4969,95.5321,95.4556,95.471,0,0
2015-07-17,21:00:00,95.4717,95.5803,95.4717,95.54,0,0
2015-07-17,22:00:00,95.5392,95.5743,95.4961,95.5331,0,0
2015-07-17,23:00:00,95.5332,95.5348,95.5304,95.5341,0,0
2015-07-20,01:00:00,95.6197,95.6337,95.5705,95.6004,0,0
2015-07-20,02:00:00,95.6011,95.6297,95.5656,95.5844,0,0
2015-07-20,03:00:00,95.5807,95.5832,95.5382,95.5824,0,0
2015-07-20,04:00:00,95.5824,95.6102,95.522,95.5877,0,0
2015-07-20,05:00:00,95.5894,95.6121,95.5411,95.5599,0,0
2015-07-20,06:00:00,95.5599,95.5782,95.5318,95.5636,0,0
2015-07-20,07:00:00,95.5721,95.6326,95.548,95.6159,0,0
2015-07-20,08:00:00,95.6064,95.6622,95.58,95.6459,0,0
2015-07-20,09:00:00,95.6454,95.7491,95.6202,95.7427,0,0
2015-07-20,10:00:00,95.7723,95.8388,95.7038,95.8095,0,0
2015-07-20,11:00:00,95.8021,95.8185,95.679,95.7547,0,0
2015-07-20,12:00:00,95.7617,95.7916,95.6445,95.6736,0,0
2015-07-20,13:00:00,95.6662,95.6883,95.5916,95.6652,0,0
2015-07-20,14:00:00,95.6726,95.6793,95.5535,95.6498,0,0
2015-07-20,15:00:00,95.6575,95.8141,95.6277,95.6739,0,0
2015-07-20,16:00:00,95.6662,95.7563,95.5129,95.5513,0,0
2015-07-20,17:00:00,95.5436,95.7937,95.4622,95.7937,0,0
2015-07-20,18:00:00,95.7905,95.8477,95.6987,95.7113,0,0
2015-07-20,19:00:00,95.6981,95.7682,95.6692,95.6723,0,0
2015-07-20,20:00:00,95.67,95.6818,95.595,95.622,0,0
2015-07-20,21:00:00,95.622,95.7052,95.5632,95.5869,0,0
2015-07-20,22:00:00,95.5848,95.6617,95.577,95.6277,0,0
2015-07-20,23:00:00,95.6217,95.6562,95.5836,95.6312,0,0
2015-07-20,23:59:00,95.6526,95.6688,95.5845,95.6335,0,0
