Date,Time,Open,High,Low,Close,Volume,OpenInt
2015-04-22,01:00:00,3.02403,3.02625,3.02403,3.02522,0,0
2015-04-22,02:00:00,3.02522,3.02788,3.02409,3.02788,0,0
2015-04-22,03:00:00,3.02786,3.03086,3.02722,3.03016,0,0
2015-04-22,04:00:00,3.0303,3.0322,3.02951,3.03177,0,0
2015-04-22,05:00:00,3.03177,3.03274,3.03065,3.03153,0,0
2015-04-22,06:00:00,3.0315,3.0325,3.03112,3.03112,0,0
2015-04-22,07:00:00,3.0311,3.03196,3.02861,3.03148,0,0
2015-04-22,08:00:00,3.03148,3.03307,3.02962,3.03142,0,0
2015-04-22,09:00:00,3.03146,3.03168,3.0218,3.02518,0,0
2015-04-22,10:00:00,3.02517,3.03748,3.02517,3.03733,0,0
2015-04-22,11:00:00,3.03731,3.04122,3.0315,3.03639,0,0
2015-04-22,12:00:00,3.03661,3.0395,3.03288,3.03632,0,0
2015-04-22,13:00:00,3.03629,3.03839,3.03308,3.03394,0,0
2015-04-22,14:00:00,3.03458,3.04156,3.03377,3.04125,0,0
2015-04-22,15:00:00,3.04113,3.04715,3.03746,3.04449,0,0
2015-04-22,16:00:00,3.04437,3.05164,3.04318,3.04377,0,0
2015-04-22,17:00:00,3.04352,3.04658,3.03939,3.03977,0,0
2015-04-22,18:00:00,3.03965,3.04023,3.03318,3.03768,0,0
2015-04-22,19:00:00,3.0374,3.0412,3.03523,3.03837,0,0
2015-04-22,20:00:00,3.03845,3.03958,3.03557,3.03818,0,0
2015-04-22,21:00:00,3.03816,3.0406,3.03423,3.03592,0,0
2015-04-22,22:00:00,3.03632,3.0412,3.03584,3.0405,0,0
2015-04-22,23:00:00,3.0402,3.04111,3.03709,3.03838,0,0
2015-04-22,23:59:00,3.03892,3.03961,3.037,3.03735,0,0
2015-04-23,01:00:00,3.03735,3.03922,3.03714,3.03892,0,0
2015-04-23,02:00:00,3.03927,3.0402,3.03817,3.03935,0,0
2015-04-23,03:00:00,3.03935,3.04248,3.03888,3.04037,0,0
2015-04-23,04:00:00,3.04037,3.04342,3.03943,3.0425,0,0
2015-04-23,05:00:00,3.0425,3.04363,3.04078,3.04078,0,0
2015-04-23,06:00:00,3.04081,3.04355,3.04081,3.0435,0,0
2015-04-23,07:00:00,3.04343,3.04538,3.04086,3.04468,0,0
2015-04-23,08:00:00,3.04461,3.04493,3.03975,3.04233,0,0
2015-04-23,09:00:00,3.04201,3.05001,3.04148,3.04745,0,0
2015-04-23,10:00:00,3.04797,3.06108,3.04637,3.05818,0,0
2015-04-23,11:00:00,3.05807,3.06182,3.04819,3.05027,0,0
2015-04-23,12:00:00,3.04997,3.05403,3.04757,3.04825,0,0
2015-04-23,13:00:00,3.04862,3.05374,3.04621,3.05155,0,0
2015-04-23,14:00:00,3.05204,3.05663,3.04731,3.04884,0,0
2015-04-23,15:00:00,3.04833,3.05334,3.0474,3.04986,0,0
2015-04-23,16:00:00,3.04995,3.05591,3.04486,3.0504,0,0
2015-04-23,17:00:00,3.05101,3.05452,3.04247,3.04773,0,0
2015-04-23,18:00:00,3.04795,3.05318,3.04668,3.052,0,0
2015-04-23,19:00:00,3.0521,3.05271,3.04614,3.04903,0,0
2015-04-23,20:00:00,3.04918,3.05042,3.0401,3.04238,0,0
2015-04-23,21:00:00,3.04234,3.04376,3.03898,3.0426,0,0
2015-04-23,22:00:00,3.04245,3.04324,3.03982,3.04213,0,0
2015-04-23,23:00:00,3.04191,3.04542,3.04014,3.04262,0,0
2015-04-23,23:59:00,3.04218,3.0441,3.04132,3.04216,0,0
2015-04-24,01:00:00,3.04201,3.04378,3.04201,3.0432,0,0
2015-04-24,02:00:00,3.04357,3.04535,3.04259,3.04486,0,0
2015-04-24,03:00:00,3.04456,3.04604,3.04281,3.04333,0,0
2015-04-24,04:00:00,3.04333,3.04487,3.0425,3.04428,0,0
2015-04-24,05:00:00,3.04458,3.0482,3.04438,3.04762,0,0
2015-04-24,06:00:00,3.04777,3.05103,3.04754,3.04988,0,0
2015-04-24,07:00:00,3.04987,3.05012,3.04628,3.04691,0,0
2015-04-24,08:00:00,3.0467,3.04726,3.04359,3.04518,0,0
2015-04-24,09:00:00,3.04517,3.04754,3.03632,3.03895,0,0
2015-04-24,10:00:00,3.03905,3.04216,3.03459,3.03687,0,0
2015-04-24,11:00:00,3.03687,3.0437,3.03353,3.04325,0,0
2015-04-24,12:00:00,3.04304,3.04496,3.03653,3.04493,0,0
2015-04-24,13:00:00,3.04526,3.05548,3.04495,3.05418,0,0
2015-04-24,14:00:00,3.05421,3.06046,3.0499,3.05859,0,0
2015-04-24,15:00:00,3.05857,3.05939,3.04826,3.05384,0,0
2015-04-24,16:00:00,3.05397,3.05543,3.04263,3.05504,0,0
2015-04-24,17:00:00,3.05498,3.0615,3.04405,3.04478,0,0
2015-04-24,18:00:00,3.04421,3.05304,3.03947,3.04744,0,0
2015-04-24,19:00:00,3.04752,3.05734,3.04752,3.05624,0,0
2015-04-24,20:00:00,3.05702,3.06102,3.05474,3.05682,0,0
2015-04-24,21:00:00,3.05805,3.06393,3.05626,3.05756,0,0
2015-04-24,22:00:00,3.05769,3.05776,3.05215,3.05331,0,0
2015-04-24,23:00:00,3.05315,3.05395,3.05315,3.05388,0,0
2015-04-27,01:00:00,3.04707,3.04778,3.04524,3.04716,0,0
2015-04-27,02:00:00,3.04714,3.05193,3.04714,3.04977,0,0
2015-04-27,03:00:00,3.04997,3.0537,3.04879,3.05154,0,0
2015-04-27,04:00:00,3.05143,3.05432,3.05103,3.05407,0,0
2015-04-27,05:00:00,3.05407,3.0561,3.05398,3.0548,0,0
2015-04-27,06:00:00,3.05481,3.06038,3.05364,3.05877,0,0
2015-04-27,07:00:00,3.05885,3.05996,3.05504,3.05567,0,0
2015-04-27,08:00:00,3.05569,3.05713,3.05193,3.05476,0,0
2015-04-27,09:00:00,3.05474,3.05523,3.05027,3.05378,0,0
2015-04-27,10:00:00,3.05364,3.0593,3.04706,3.05083,0,0
2015-04-27,11:00:00,3.05065,3.05304,3.04433,3.04812,0,0
2015-04-27,12:00:00,3.04811,3.05086,3.04275,3.04957,0,0
2015-04-27,13:00:00,3.04948,3.04971,3.04331,3.04331,0,0
2015-04-27,14:00:00,3.04359,3.04797,3.04159,3.04625,0,0
2015-04-27,15:00:00,3.04643,3.04712,3.03164,3.03188,0,0
2015-04-27,16:00:00,3.03156,3.04196,3.03156,3.03759,0,0
2015-04-27,17:00:00,3.03755,3.03881,3.02767,3.02767,0,0
2015-04-27,18:00:00,3.02772,3.02819,3.02251,3.02497,0,0
2015-04-27,19:00:00,3.02471,3.02721,3.01866,3.0227,0,0
2015-04-27,20:00:00,3.02243,3.02893,3.02129,3.02816,0,0
2015-04-27,21:00:00,3.02806,3.03351,3.02582,3.03347,0,0
2015-04-27,22:00:00,3.03347,3.03347,3.02749,3.02749,0,0
2015-04-27,23:00:00,3.02754,3.0314,3.02754,3.03052,0,0
2015-04-27,23:59:00,3.02911,3.0321,3.02821,3.03073,0,0
2015-04-28,01:00:00,3.03075,3.03385,3.02931,3.03225,0,0
2015-04-28,02:00:00,3.03228,3.03308,3.0315,3.0321,0,0
2015-04-28,03:00:00,3.032,3.03332,3.03079,3.03172,0,0
2015-04-28,04:00:00,3.0315,3.0327,3.02958,3.03041,0,0
2015-04-28,05:00:00,3.03041,3.03125,3.02951,3.03051,0,0
2015-04-28,06:00:00,3.03045,3.03087,3.02897,3.02921,0,0
2015-04-28,07:00:00,3.02858,3.03007,3.02817,3.02936,0,0
2015-04-28,08:00:00,3.02934,3.03001,3.02671,3.0279,0,0
2015-04-28,09:00:00,3.0279,3.03269,3.02684,3.03242,0,0
2015-04-28,10:00:00,3.03241,3.03866,3.02861,3.03816,0,0
2015-04-28,11:00:00,3.03873,3.04518,3.03625,3.03762,0,0
2015-04-28,12:00:00,3.03755,3.0391,3.03038,3.03832,0,0
2015-04-28,13:00:00,3.03818,3.04019,3.0349,3.03578,0,0
2015-04-28,14:00:00,3.03612,3.03762,3.03361,3.03422,0,0
2015-04-28,15:00:00,3.03436,3.0367,3.0297,3.03534,0,0
2015-04-28,16:00:00,3.03544,3.03663,3.02504,3.02728,0,0
2015-04-28,17:00:00,3.02619,3.03489,3.02386,3.02972,0,0
2015-04-28,18:00:00,3.03007,3.03214,3.02661,3.03049,0,0
2015-04-28,19:00:00,3.03048,3.03104,3.02713,3.02847,0,0
2015-04-28,20:00:00,3.0285,3.02983,3.02332,3.02393,0,0
2015-04-28,21:00:00,3.02398,3.02903,3.02266,3.02779,0,0
2015-04-28,22:00:00,3.02755,3.03222,3.02618,3.02621,0,0
2015-04-28,23:00:00,3.02635,3.02681,3.023,3.02427,0,0
2015-04-28,23:59:00,3.02363,3.02724,3.02363,3.0267,0,0
2015-04-29,01:00:00,3.02572,3.02776,3.02444,3.02691,0,0
2015-04-29,02:00:00,3.02688,3.02868,3.02659,3.02741,0,0
2015-04-29,03:00:00,3.02755,3.02805,3.02402,3.02501,0,0
2015-04-29,04:00:00,3.02501,3.02733,3.02438,3.02673,0,0
2015-04-29,05:00:00,3.02668,3.02747,3.02574,3.02661,0,0
2015-04-29,06:00:00,3.02664,3.02787,3.02661,3.02787,0,0
2015-04-29,07:00:00,3.02785,3.02885,3.02654,3.02805,0,0
2015-04-29,08:00:00,3.02783,3.03015,3.02755,3.02924,0,0
2015-04-29,09:00:00,3.02924,3.03198,3.02666,3.03138,0,0
2015-04-29,10:00:00,3.03172,3.03291,3.02606,3.0283,0,0
2015-04-29,11:00:00,3.02816,3.02989,3.0234,3.02729,0,0
2015-04-29,12:00:00,3.02725,3.03131,3.02226,3.02249,0,0
2015-04-29,13:00:00,3.02266,3.02609,3.02021,3.02609,0,0
2015-04-29,14:00:00,3.02585,3.02833,3.02294,3.02528,0,0
2015-04-29,15:00:00,3.02552,3.03383,3.02214,3.03083,0,0
2015-04-29,16:00:00,3.03084,3.03316,3.02382,3.02455,0,0
2015-04-29,17:00:00,3.02484,3.02606,3.00955,3.01102,0,0
2015-04-29,18:00:00,3.01067,3.01375,3.00033,3.00624,0,0
2015-04-29,19:00:00,3.00518,3.01325,3.00217,3.01245,0,0
2015-04-29,20:00:00,3.01238,3.01249,2.9934,2.99493,0,0
2015-04-29,21:00:00,2.99434,3.00866,2.99434,3.00472,0,0
2015-04-29,22:00:00,3.00465,3.00839,3.00043,3.00043,0,0
2015-04-29,23:00:00,3.0003,3.00302,2.99888,2.99888,0,0
2015-04-29,23:59:00,2.99917,3.00523,2.99908,3.00327,0,0
2015-04-30,01:00:00,3.0033,3.00469,3.00176,3.00239,0,0
2015-04-30,02:00:00,3.00231,3.00348,3.00151,3.00276,0,0
2015-04-30,03:00:00,3.00271,3.00387,3.00159,3.0036,0,0
2015-04-30,04:00:00,3.00363,3.00418,2.99811,2.99831,0,0
2015-04-30,05:00:00,2.99817,3.00074,2.99589,2.9982,0,0
2015-04-30,06:00:00,3.00017,3.00316,2.99824,3.00118,0,0
2015-04-30,07:00:00,3.00116,3.00322,2.99831,2.99948,0,0
2015-04-30,08:00:00,2.99948,3.00922,2.99944,3.00922,0,0
2015-04-30,09:00:00,3.01175,3.01175,3.00418,3.00577,0,0
2015-04-30,10:00:00,3.00579,3.00954,2.995,2.99666,0,0
2015-04-30,11:00:00,2.99627,2.99908,2.98727,2.99224,0,0
2015-04-30,12:00:00,2.99202,2.99601,2.9863,2.99088,0,0
2015-04-30,13:00:00,2.99104,2.99662,2.98765,2.98794,0,0
2015-04-30,14:00:00,2.98854,2.99194,2.98137,2.98473,0,0
2015-04-30,15:00:00,2.98458,2.99973,2.98099,2.99375,0,0
2015-04-30,16:00:00,2.99395,3.00237,2.99199,2.99797,0,0
2015-04-30,17:00:00,2.99802,2.99965,2.98027,2.98031,0,0
2015-04-30,18:00:00,2.98009,2.99167,2.97255,2.99167,0,0
2015-04-30,19:00:00,2.99185,2.99322,2.97672,2.97927,0,0
2015-04-30,20:00:00,2.97953,2.9879,2.97864,2.9869,0,0
2015-04-30,21:00:00,2.98661,2.98844,2.9694,2.97347,0,0
2015-04-30,22:00:00,2.9729,2.9855,2.97173,2.98398,0,0
2015-04-30,23:00:00,2.98329,2.98928,2.98244,2.98244,0,0
2015-04-30,23:59:00,2.98254,2.98749,2.98194,2.98582,0,0
2015-05-01,01:00:00,2.98612,2.98612,2.98117,2.98295,0,0
2015-05-01,02:00:00,2.98311,2.98371,2.98027,2.98274,0,0
2015-05-01,03:00:00,2.98293,2.9834,2.97665,2.97964,0,0
2015-05-01,04:00:00,2.97964,2.98194,2.9763,2.9775,0,0
2015-05-01,05:00:00,2.9775,2.98051,2.97421,2.97712,0,0
2015-05-01,06:00:00,2.97668,2.98315,2.97473,2.97663,0,0
2015-05-01,07:00:00,2.97665,2.98052,2.97411,2.97722,0,0
2015-05-01,08:00:00,2.97714,2.97755,2.97535,2.97578,0,0
2015-05-01,09:00:00,2.97546,2.98089,2.97127,2.97218,0,0
2015-05-01,10:00:00,2.97191,2.97721,2.96759,2.97069,0,0
2015-05-01,11:00:00,2.97025,2.97531,2.96709,2.96776,0,0
2015-05-01,12:00:00,2.96873,2.97836,2.96544,2.97836,0,0
2015-05-01,13:00:00,2.97831,2.97964,2.96753,2.96947,0,0
2015-05-01,14:00:00,2.96961,2.97136,2.96762,2.96937,0,0
2015-05-01,15:00:00,2.96941,2.97455,2.96734,2.97249,0,0
2015-05-01,16:00:00,2.97253,2.98441,2.97019,2.97365,0,0
2015-05-01,17:00:00,2.97376,2.98749,2.96848,2.98509,0,0
2015-05-01,18:00:00,2.98515,2.98991,2.98452,2.98588,0,0
2015-05-01,19:00:00,2.98574,2.9932,2.98494,2.9929,0,0
2015-05-01,20:00:00,2.99278,2.99278,2.98402,2.98761,0,0
2015-05-01,21:00:00,2.98761,2.99214,2.98548,2.99003,0,0
2015-05-01,22:00:00,2.99,2.99009,2.98361,2.98874,0,0
2015-05-01,23:00:00,2.9887,2.98918,2.98724,2.98775,0,0
2015-05-04,01:00:00,2.98814,2.99191,2.98402,2.98839,0,0
2015-05-04,02:00:00,2.98838,2.98959,2.98737,2.98874,0,0
2015-05-04,03:00:00,2.98874,2.98912,2.98559,2.98698,0,0
2015-05-04,04:00:00,2.98695,2.98695,2.98294,2.98401,0,0
2015-05-04,05:00:00,2.98401,2.98583,2.98321,2.98521,0,0
2015-05-04,06:00:00,2.98521,2.98747,2.98457,2.98608,0,0
2015-05-04,07:00:00,2.98608,2.98654,2.98508,2.98565,0,0
2015-05-04,08:00:00,2.98565,2.98706,2.98188,2.98199,0,0
2015-05-04,09:00:00,2.98239,2.9837,2.97481,2.98146,0,0
2015-05-04,10:00:00,2.98148,2.98664,2.97987,2.98123,0,0
2015-05-04,11:00:00,2.98203,2.99086,2.9816,2.99086,0,0
2015-05-04,12:00:00,2.99084,2.99601,2.98819,2.99601,0,0
2015-05-04,13:00:00,2.99584,2.99702,2.991,2.9935,0,0
2015-05-04,14:00:00,2.99369,2.99565,2.99178,2.99282,0,0
2015-05-04,15:00:00,2.99298,2.9951,2.98871,2.98959,0,0
2015-05-04,16:00:00,2.98961,2.98961,2.97373,2.97767,0,0
2015-05-04,17:00:00,2.97817,2.98319,2.97591,2.97703,0,0
2015-05-04,18:00:00,2.97715,2.99085,2.9758,2.98973,0,0
2015-05-04,19:00:00,2.98971,2.98971,2.97971,2.98135,0,0
2015-05-04,20:00:00,2.98137,2.98672,2.98081,2.9863,0,0
2015-05-04,21:00:00,2.98639,2.99276,2.9851,2.99141,0,0
2015-05-04,22:00:00,2.99134,2.99166,2.98831,2.98831,0,0
2015-05-04,23:00:00,2.98845,2.99144,2.98845,2.989,0,0
2015-05-04,23:59:00,2.9888,2.99064,2.98717,2.98886,0,0
2015-05-05,01:00:00,2.98886,2.98922,2.98739,2.98855,0,0
2015-05-05,02:00:00,2.98847,2.98946,2.98734,2.98817,0,0
2015-05-05,03:00:00,2.98819,2.98933,2.98582,2.98601,0,0
2015-05-05,04:00:00,2.98603,2.98678,2.98463,2.98673,0,0
2015-05-05,05:00:00,2.98673,2.98819,2.98543,2.98745,0,0
2015-05-05,06:00:00,2.98745,2.98886,2.98745,2.98843,0,0
2015-05-05,07:00:00,2.98843,2.99123,2.98699,2.98988,0,0
2015-05-05,08:00:00,2.98986,2.99054,2.98681,2.98728,0,0
2015-05-05,09:00:00,2.98709,2.99763,2.98505,2.99699,0,0
2015-05-05,10:00:00,2.99739,2.99916,2.99267,2.99873,0,0
2015-05-05,11:00:00,2.99884,3.0004,2.98585,2.98863,0,0
2015-05-05,12:00:00,2.98868,2.99423,2.98423,2.9863,0,0
2015-05-05,13:00:00,2.98649,2.99177,2.98443,2.98601,0,0
2015-05-05,14:00:00,2.98608,2.9883,2.98213,2.98801,0,0
2015-05-05,15:00:00,2.98799,2.99274,2.97833,2.99013,0,0
2015-05-05,16:00:00,2.99024,3.00331,2.98745,2.99595,0,0
2015-05-05,17:00:00,2.9965,3.00727,2.99642,3.00408,0,0
2015-05-05,18:00:00,3.0043,3.00588,2.99351,2.99694,0,0
2015-05-05,19:00:00,2.99716,2.99781,2.98831,2.99044,0,0
2015-05-05,20:00:00,2.99044,2.99044,2.98632,2.98914,0,0
2015-05-05,21:00:00,2.98914,2.98998,2.98264,2.9838,0,0
2015-05-05,22:00:00,2.98388,2.98542,2.98132,2.98312,0,0
2015-05-05,23:00:00,2.9826,2.98616,2.98219,2.98503,0,0
2015-05-05,23:59:00,2.98494,2.98711,2.98286,2.98443,0,0
2015-05-06,01:00:00,2.98413,2.98474,2.98242,2.98336,0,0
2015-05-06,02:00:00,2.98336,2.98727,2.98259,2.98727,0,0
2015-05-06,03:00:00,2.98725,2.98725,2.98401,2.98438,0,0
2015-05-06,04:00:00,2.98438,2.9864,2.98337,2.98542,0,0
2015-05-06,05:00:00,2.98545,2.98592,2.98248,2.98256,0,0
2015-05-06,06:00:00,2.98257,2.98405,2.97911,2.98246,0,0
2015-05-06,07:00:00,2.98225,2.98378,2.98092,2.98114,0,0
2015-05-06,08:00:00,2.98114,2.98355,2.97925,2.98158,0,0
2015-05-06,09:00:00,2.98119,2.98694,2.98018,2.98502,0,0
2015-05-06,10:00:00,2.98508,3.00158,2.98508,3.00091,0,0
2015-05-06,11:00:00,3.00081,3.00376,2.99452,3.0027,0,0
2015-05-06,12:00:00,3.00241,3.00908,2.99964,3.00343,0,0
2015-05-06,13:00:00,3.00343,3.00447,2.99696,2.99856,0,0
2015-05-06,14:00:00,2.99894,3.00254,2.9962,2.99978,0,0
2015-05-06,15:00:00,2.99966,3.00501,2.9912,2.99264,0,0
2015-05-06,16:00:00,2.99258,2.99477,2.98264,2.98535,0,0
2015-05-06,17:00:00,2.98449,2.99249,2.97413,2.97484,0,0
2015-05-06,18:00:00,2.9754,2.98099,2.96425,2.96485,0,0
2015-05-06,19:00:00,2.96501,2.968,2.96025,2.96695,0,0
2015-05-06,20:00:00,2.96716,2.96716,2.95865,2.96034,0,0
2015-05-06,21:00:00,2.96057,2.96089,2.95378,2.95906,0,0
2015-05-06,22:00:00,2.95845,2.96215,2.95822,2.96109,0,0
2015-05-06,23:00:00,2.9608,2.964,2.95948,2.95948,0,0
2015-05-06,23:59:00,2.95973,2.96264,2.95973,2.96147,0,0
2015-05-07,01:00:00,2.96176,2.96342,2.96099,2.96227,0,0
2015-05-07,02:00:00,2.96232,2.96343,2.96144,2.96235,0,0
2015-05-07,03:00:00,2.96235,2.96411,2.96039,2.9627,0,0
2015-05-07,04:00:00,2.96267,2.96381,2.961,2.96298,0,0
2015-05-07,05:00:00,2.96316,2.96316,2.96041,2.9622,0,0
2015-05-07,06:00:00,2.9622,2.96255,2.96063,2.96152,0,0
2015-05-07,07:00:00,2.96152,2.96243,2.96083,2.96106,0,0
2015-05-07,08:00:00,2.96101,2.96562,2.96044,2.96175,0,0
2015-05-07,09:00:00,2.96175,2.96777,2.95864,2.96693,0,0
2015-05-07,10:00:00,2.96698,2.96897,2.95784,2.9674,0,0
2015-05-07,11:00:00,2.96731,2.97452,2.96606,2.96779,0,0
2015-05-07,12:00:00,2.96848,2.97434,2.96162,2.97076,0,0
2015-05-07,13:00:00,2.97054,2.97517,2.96715,2.96726,0,0
2015-05-07,14:00:00,2.96711,2.97263,2.96428,2.96645,0,0
2015-05-07,15:00:00,2.96562,2.97083,2.96192,2.96976,0,0
2015-05-07,16:00:00,2.96935,2.96979,2.9548,2.95598,0,0
2015-05-07,17:00:00,2.95609,2.96217,2.95337,2.95845,0,0
2015-05-07,18:00:00,2.95777,2.962,2.95442,2.95815,0,0
2015-05-07,19:00:00,2.95833,2.95958,2.95377,2.95594,0,0
2015-05-07,20:00:00,2.9559,2.95814,2.95235,2.95524,0,0
2015-05-07,21:00:00,2.95524,2.96131,2.95372,2.95967,0,0
2015-05-07,22:00:00,2.95972,2.96363,2.95971,2.96225,0,0
2015-05-07,23:00:00,2.96238,2.96332,2.9586,2.95995,0,0
2015-05-07,23:59:00,2.96008,2.97125,2.95838,2.96835,0,0
2015-05-08,01:00:00,2.96803,2.97404,2.96701,2.97097,0,0
2015-05-08,02:00:00,2.971,2.97322,2.96912,2.9716,0,0
2015-05-08,03:00:00,2.97163,2.97163,2.96801,2.97046,0,0
2015-05-08,04:00:00,2.97043,2.97296,2.96823,2.97237,0,0
2015-05-08,05:00:00,2.97194,2.97964,2.9709,2.97951,0,0
2015-05-08,06:00:00,2.97949,2.98073,2.97877,2.97982,0,0
2015-05-08,07:00:00,2.97971,2.97973,2.97649,2.97849,0,0
2015-05-08,08:00:00,2.97849,2.97986,2.97453,2.97657,0,0
2015-05-08,09:00:00,2.97817,2.98555,2.97685,2.98284,0,0
2015-05-08,10:00:00,2.98352,2.98729,2.97679,2.97901,0,0
2015-05-08,11:00:00,2.97867,2.98599,2.97472,2.98467,0,0
2015-05-08,12:00:00,2.98477,2.99576,2.98372,2.99159,0,0
2015-05-08,13:00:00,2.99182,2.99709,2.99003,2.99632,0,0
2015-05-08,14:00:00,2.99662,2.99869,2.99362,2.99487,0,0
2015-05-08,15:00:00,2.99523,3.00137,2.98063,2.98646,0,0
2015-05-08,16:00:00,2.98644,2.98752,2.97384,2.98045,0,0
2015-05-08,17:00:00,2.98008,2.98279,2.9724,2.97255,0,0
2015-05-08,18:00:00,2.97232,2.98265,2.97172,2.98052,0,0
2015-05-08,19:00:00,2.98036,2.98747,2.97929,2.98189,0,0
2015-05-08,20:00:00,2.98167,2.98784,2.98129,2.98375,0,0
2015-05-08,21:00:00,2.98376,2.98915,2.9831,2.98559,0,0
2015-05-08,22:00:00,2.98543,2.98717,2.98333,2.98586,0,0
2015-05-08,23:00:00,2.9863,2.9863,2.9863,2.9863,0,0
2015-05-11,01:00:00,3.00285,3.00336,2.99769,2.99886,0,0
2015-05-11,02:00:00,2.99886,3.00129,2.99816,2.9998,0,0
2015-05-11,03:00:00,2.9998,3.00705,2.99925,3.00705,0,0
2015-05-11,04:00:00,3.00698,3.00959,3.00494,3.0069,0,0
2015-05-11,05:00:00,3.00717,3.00737,3.00113,3.00256,0,0
2015-05-11,06:00:00,3.00256,3.00885,3.00218,3.00676,0,0
2015-05-11,07:00:00,3.00674,3.00719,3.00457,3.0057,0,0
2015-05-11,08:00:00,3.00562,3.0139,3.00326,3.00386,0,0
2015-05-11,09:00:00,3.00308,3.00564,2.99412,2.99523,0,0
2015-05-11,10:00:00,2.99518,3.01054,2.99101,3.00985,0,0
2015-05-11,11:00:00,3.00972,3.01035,3.00117,3.00832,0,0
2015-05-11,12:00:00,3.00866,3.01035,3.00169,3.00518,0,0
2015-05-11,13:00:00,3.00513,3.00676,3.00207,3.00501,0,0
2015-05-11,14:00:00,3.00532,3.01177,3.00464,3.01019,0,0
2015-05-11,15:00:00,3.0102,3.02001,3.00992,3.0187,0,0
2015-05-11,16:00:00,3.01838,3.02095,3.01389,3.01793,0,0
2015-05-11,17:00:00,3.01746,3.02014,3.01278,3.01725,0,0
2015-05-11,18:00:00,3.01631,3.02051,3.01518,3.01792,0,0
2015-05-11,19:00:00,3.01753,3.02559,3.01653,3.01909,0,0
2015-05-11,20:00:00,3.01832,3.02491,3.01832,3.02173,0,0
2015-05-11,21:00:00,3.02173,3.02563,3.02096,3.02178,0,0
2015-05-11,22:00:00,3.02178,3.02873,3.02033,3.02239,0,0
2015-05-11,23:00:00,3.02236,3.02551,3.02088,3.02343,0,0
2015-05-11,23:59:00,3.02243,3.02563,3.02214,3.02536,0,0
2015-05-12,01:00:00,3.02531,3.02636,3.02021,3.02515,0,0
2015-05-12,02:00:00,3.02518,3.02814,3.02417,3.02697,0,0
2015-05-12,03:00:00,3.02694,3.02747,3.02484,3.02627,0,0
2015-05-12,04:00:00,3.0263,3.02714,3.02512,3.02566,0,0
2015-05-12,05:00:00,3.02608,3.02631,3.02336,3.02394,0,0
2015-05-12,06:00:00,3.02368,3.02616,3.02196,3.02589,0,0
2015-05-12,07:00:00,3.02589,3.02603,3.02219,3.02284,0,0
2015-05-12,08:00:00,3.02276,3.02318,3.01803,3.02123,0,0
2015-05-12,09:00:00,3.02182,3.03064,3.0156,3.03047,0,0
2015-05-12,10:00:00,3.03052,3.03304,3.01758,3.02071,0,0
2015-05-12,11:00:00,3.02141,3.02248,3.01489,3.02143,0,0
2015-05-12,12:00:00,3.02101,3.02494,3.01592,3.02093,0,0
2015-05-12,13:00:00,3.02098,3.02292,3.0142,3.01823,0,0
2015-05-12,14:00:00,3.01858,3.03134,3.01784,3.03074,0,0
2015-05-12,15:00:00,3.03107,3.03534,3.02807,3.03525,0,0
2015-05-12,16:00:00,3.03526,3.03604,3.02975,3.03038,0,0
2015-05-12,17:00:00,3.03156,3.03799,3.02991,3.03799,0,0
2015-05-12,18:00:00,3.03713,3.04182,3.03565,3.0393,0,0
2015-05-12,19:00:00,3.0401,3.04549,3.03356,3.04518,0,0
2015-05-12,20:00:00,3.04507,3.0456,3.04087,3.04443,0,0
2015-05-12,21:00:00,3.04446,3.04747,3.04201,3.04552,0,0
2015-05-12,22:00:00,3.04552,3.04655,3.04195,3.04445,0,0
2015-05-12,23:00:00,3.04282,3.04445,3.04133,3.04219,0,0
2015-05-12,23:59:00,3.04212,3.04493,3.04118,3.04361,0,0
2015-05-13,01:00:00,3.04371,3.04497,3.04073,3.04164,0,0
2015-05-13,02:00:00,3.04189,3.04306,3.03917,3.03917,0,0
2015-05-13,03:00:00,3.03946,3.04321,3.03843,3.04168,0,0
2015-05-13,04:00:00,3.04178,3.0443,3.0412,3.04146,0,0
2015-05-13,05:00:00,3.04158,3.04201,3.03622,3.03688,0,0
2015-05-13,06:00:00,3.03684,3.03747,3.03449,3.03485,0,0
2015-05-13,07:00:00,3.03485,3.03573,3.03032,3.03207,0,0
2015-05-13,08:00:00,3.03207,3.03515,3.0304,3.03367,0,0
2015-05-13,09:00:00,3.0348,3.03688,3.02302,3.02835,0,0
2015-05-13,10:00:00,3.02865,3.0325,3.01508,3.01655,0,0
2015-05-13,11:00:00,3.01674,3.03081,3.01533,3.02918,0,0
2015-05-13,12:00:00,3.02936,3.03471,3.02849,3.03241,0,0
2015-05-13,13:00:00,3.03239,3.03946,3.03126,3.03625,0,0
2015-05-13,14:00:00,3.03625,3.03884,3.03494,3.03733,0,0
2015-05-13,15:00:00,3.03728,3.0438,3.01154,3.01584,0,0
2015-05-13,16:00:00,3.01611,3.01666,3.00428,3.01371,0,0
2015-05-13,17:00:00,3.01318,3.01984,3.00875,3.00924,0,0
2015-05-13,18:00:00,3.00908,3.01326,3.00734,3.0126,0,0
2015-05-13,19:00:00,3.01258,3.0196,3.01038,3.01897,0,0
2015-05-13,20:00:00,3.01918,3.01918,3.01329,3.018,0,0
2015-05-13,21:00:00,3.01823,3.01912,3.01155,3.0128,0,0
2015-05-13,22:00:00,3.01308,3.01941,3.01308,3.0193,0,0
2015-05-13,23:00:00,3.01927,3.02073,3.01788,3.01884,0,0
2015-05-13,23:59:00,3.01888,3.0204,3.01739,3.0204,0,0
2015-05-14,01:00:00,3.02035,3.02087,3.01704,3.01941,0,0
2015-05-14,02:00:00,3.01933,3.02061,3.01738,3.01839,0,0
2015-05-14,03:00:00,3.01834,3.02276,3.01744,3.02152,0,0
2015-05-14,04:00:00,3.02157,3.02301,3.01793,3.02047,0,0
2015-05-14,05:00:00,3.0198,3.02073,3.01718,3.01994,0,0
2015-05-14,06:00:00,3.01958,3.02108,3.01688,3.01807,0,0
2015-05-14,07:00:00,3.01812,3.02051,3.01743,3.01914,0,0
2015-05-14,08:00:00,3.01919,3.0216,3.01806,3.01966,0,0
2015-05-14,09:00:00,3.01968,3.02175,3.01214,3.01551,0,0
2015-05-14,10:00:00,3.0151,3.0162,3.00328,3.00831,0,0
2015-05-14,11:00:00,3.00816,3.01066,3.00301,3.0032,0,0
2015-05-14,12:00:00,3.0034,3.00754,2.99954,3.00383,0,0
2015-05-14,13:00:00,3.00372,3.00471,2.993,2.99521,0,0
2015-05-14,14:00:00,2.9956,2.99791,2.99161,2.99161,0,0
2015-05-14,15:00:00,2.99202,2.99436,2.98392,2.99026,0,0
2015-05-14,16:00:00,2.99047,2.99644,2.98529,2.9929,0,0
2015-05-14,17:00:00,2.99276,2.99516,2.9841,2.98738,0,0
2015-05-14,18:00:00,2.98699,2.993,2.98249,2.9846,0,0
2015-05-14,19:00:00,2.98485,2.98661,2.97973,2.97973,0,0
2015-05-14,20:00:00,2.97961,2.98382,2.9771,2.98106,0,0
2015-05-14,21:00:00,2.98147,2.9833,2.97511,2.97544,0,0
2015-05-14,22:00:00,2.97542,2.97714,2.97123,2.97234,0,0
2015-05-14,23:00:00,2.97251,2.97578,2.97158,2.97429,0,0
2015-05-14,23:59:00,2.97442,2.9758,2.97186,2.97466,0,0
2015-05-15,01:00:00,2.97475,2.97745,2.97419,2.97679,0,0
2015-05-15,02:00:00,2.97728,2.9811,2.97573,2.97761,0,0
2015-05-15,03:00:00,2.97763,2.97793,2.97482,2.97608,0,0
2015-05-15,04:00:00,2.97616,2.97743,2.97151,2.97238,0,0
2015-05-15,05:00:00,2.97238,2.97267,2.96773,2.97176,0,0
2015-05-15,06:00:00,2.97176,2.97532,2.97165,2.97513,0,0
2015-05-15,07:00:00,2.97511,2.97524,2.9717,2.97212,0,0
2015-05-15,08:00:00,2.9718,2.97888,2.97149,2.9782,0,0
2015-05-15,09:00:00,2.97824,2.98124,2.96917,2.97047,0,0
2015-05-15,10:00:00,2.97033,2.97624,2.96409,2.96587,0,0
2015-05-15,11:00:00,2.96585,2.97452,2.96033,2.97302,0,0
2015-05-15,12:00:00,2.97346,2.97429,2.96562,2.96903,0,0
2015-05-15,13:00:00,2.96981,2.97015,2.96343,2.96656,0,0
2015-05-15,14:00:00,2.96676,2.96893,2.96396,2.96597,0,0
2015-05-15,15:00:00,2.96592,2.96625,2.96081,2.96514,0,0
2015-05-15,16:00:00,2.96549,2.96958,2.96014,2.96248,0,0
2015-05-15,17:00:00,2.96183,2.96224,2.95015,2.95082,0,0
2015-05-15,18:00:00,2.95095,2.95283,2.94458,2.9525,0,0
2015-05-15,19:00:00,2.95242,2.95391,2.94379,2.94379,0,0
2015-05-15,20:00:00,2.94372,2.9445,2.93817,2.9424,0,0
2015-05-15,21:00:00,2.94281,2.94303,2.93754,2.93811,0,0
2015-05-15,22:00:00,2.93812,2.93908,2.93464,2.93621,0,0
2015-05-15,23:00:00,2.93612,2.93612,2.93532,2.93545,0,0
2015-05-18,01:00:00,2.9428,2.94295,2.93988,2.94257,0,0
2015-05-18,02:00:00,2.94257,2.94426,2.94094,2.94326,0,0
2015-05-18,03:00:00,2.94326,2.94366,2.93983,2.94022,0,0
2015-05-18,04:00:00,2.94022,2.94375,2.93686,2.93686,0,0
2015-05-18,05:00:00,2.93679,2.9418,2.93481,2.93885,0,0
2015-05-18,06:00:00,2.9389,2.94283,2.9377,2.94194,0,0
2015-05-18,07:00:00,2.94194,2.94371,2.94071,2.94354,0,0
2015-05-18,08:00:00,2.94354,2.94789,2.94147,2.94368,0,0
2015-05-18,09:00:00,2.94361,2.94787,2.93911,2.94773,0,0
2015-05-18,10:00:00,2.94783,2.95132,2.94418,2.94532,0,0
2015-05-18,11:00:00,2.94474,2.95204,2.94474,2.9496,0,0
2015-05-18,12:00:00,2.9496,2.95819,2.94897,2.95171,0,0
2015-05-18,13:00:00,2.95073,2.95557,2.94821,2.94934,0,0
2015-05-18,14:00:00,2.94933,2.95492,2.94878,2.95339,0,0
2015-05-18,15:00:00,2.95339,2.95809,2.95028,2.95163,0,0
2015-05-18,16:00:00,2.95166,2.95489,2.94498,2.95467,0,0
2015-05-18,17:00:00,2.95493,2.95596,2.94922,2.95093,0,0
2015-05-18,18:00:00,2.95123,2.95721,2.94772,2.95522,0,0
2015-05-18,19:00:00,2.9552,2.95672,2.95146,2.95349,0,0
2015-05-18,20:00:00,2.95341,2.96241,2.95249,2.96195,0,0
2015-05-18,21:00:00,2.96203,2.96546,2.96016,2.96266,0,0
2015-05-18,22:00:00,2.96187,2.96375,2.96021,2.96136,0,0
2015-05-18,23:00:00,2.96131,2.96235,2.96001,2.96147,0,0
2015-05-18,23:59:00,2.96056,2.96283,2.96002,2.96263,0,0
2015-05-19,01:00:00,2.96264,2.96537,2.96154,2.96314,0,0
2015-05-19,02:00:00,2.96314,2.96379,2.96176,2.96279,0,0
2015-05-19,03:00:00,2.96279,2.96303,2.95993,2.96149,0,0
2015-05-19,04:00:00,2.96178,2.96641,2.96144,2.96509,0,0
2015-05-19,05:00:00,2.96491,2.97086,2.9645,2.96993,0,0
2015-05-19,06:00:00,2.9699,2.97093,2.96881,2.9695,0,0
2015-05-19,07:00:00,2.97012,2.97177,2.96929,2.97061,0,0
2015-05-19,08:00:00,2.97057,2.97108,2.96693,2.96864,0,0
2015-05-19,09:00:00,2.96885,2.9749,2.96035,2.96102,0,0
2015-05-19,10:00:00,2.96126,2.9742,2.96126,2.96916,0,0
2015-05-19,11:00:00,2.96947,2.97495,2.96713,2.96713,0,0
2015-05-19,12:00:00,2.96836,2.96988,2.95992,2.96867,0,0
2015-05-19,13:00:00,2.96885,2.97362,2.96807,2.97084,0,0
2015-05-19,14:00:00,2.97026,2.98185,2.96992,2.97476,0,0
2015-05-19,15:00:00,2.97457,2.98562,2.97027,2.9825,0,0
2015-05-19,16:00:00,2.9821,2.98345,2.97422,2.978,0,0
2015-05-19,17:00:00,2.97814,2.98289,2.97468,2.97996,0,0
2015-05-19,18:00:00,2.97986,2.98278,2.97557,2.97752,0,0
2015-05-19,19:00:00,2.97751,2.98131,2.97139,2.97176,0,0
2015-05-19,20:00:00,2.97109,2.97592,2.96899,2.97062,0,0
2015-05-19,21:00:00,2.97085,2.97138,2.96849,2.97008,0,0
2015-05-19,22:00:00,2.97017,2.97099,2.96798,2.96887,0,0
2015-05-19,23:00:00,2.96923,2.97301,2.96856,2.97001,0,0
2015-05-19,23:59:00,2.97019,2.97272,2.96977,2.97253,0,0
2015-05-20,01:00:00,2.97256,2.97384,2.97164,2.97247,0,0
2015-05-20,02:00:00,2.97225,2.97344,2.9713,2.97344,0,0
2015-05-20,03:00:00,2.97344,2.97584,2.97168,2.97411,0,0
2015-05-20,04:00:00,2.97411,2.97559,2.97273,2.97409,0,0
2015-05-20,05:00:00,2.97406,2.97455,2.97287,2.97407,0,0
2015-05-20,06:00:00,2.97394,2.97573,2.97353,2.97537,0,0
2015-05-20,07:00:00,2.97537,2.97739,2.97479,2.9757,0,0
2015-05-20,08:00:00,2.9756,2.98173,2.9727,2.98173,0,0
2015-05-20,09:00:00,2.98258,2.98744,2.97891,2.98578,0,0
2015-05-20,10:00:00,2.98576,2.9889,2.98234,2.98603,0,0
2015-05-20,11:00:00,2.98605,2.98946,2.98264,2.98944,0,0
2015-05-20,12:00:00,2.98951,2.98972,2.97937,2.98067,0,0
2015-05-20,13:00:00,2.98074,2.99091,2.97672,2.98955,0,0
2015-05-20,14:00:00,2.98964,2.99294,2.98517,2.98944,0,0
2015-05-20,15:00:00,2.9894,2.99813,2.98862,2.99665,0,0
2015-05-20,16:00:00,2.99673,3.0066,2.99673,3.0045,0,0
2015-05-20,17:00:00,3.00462,3.01127,3.00208,3.00697,0,0
2015-05-20,18:00:00,3.00704,3.0189,3.00675,3.01878,0,0
2015-05-20,19:00:00,3.01915,3.02034,3.01158,3.01335,0,0
2015-05-20,20:00:00,3.01355,3.01641,3.012,3.01454,0,0
2015-05-20,21:00:00,3.01454,3.0155,3.00397,3.0087,0,0
2015-05-20,22:00:00,3.00894,3.01367,3.00661,3.01105,0,0
2015-05-20,23:00:00,3.0111,3.01191,3.00799,3.0095,0,0
2015-05-20,23:59:00,3.01019,3.01512,3.00782,3.01438,0,0
2015-05-21,01:00:00,3.01438,3.01818,3.0136,3.01475,0,0
2015-05-21,02:00:00,3.01525,3.01654,3.01251,3.01251,0,0
2015-05-21,03:00:00,3.01252,3.01452,3.01173,3.01244,0,0
2015-05-21,04:00:00,3.0128,3.01354,3.0083,3.01155,0,0
2015-05-21,05:00:00,3.01141,3.01345,3.01046,3.01303,0,0
2015-05-21,06:00:00,3.01303,3.0144,3.01197,3.01266,0,0
2015-05-21,07:00:00,3.01264,3.01484,3.01193,3.01401,0,0
2015-05-21,08:00:00,3.01386,3.01509,3.0127,3.01442,0,0
2015-05-21,09:00:00,3.01458,3.02257,3.01228,3.01654,0,0
2015-05-21,10:00:00,3.01827,3.01855,3.00605,3.01045,0,0
2015-05-21,11:00:00,3.01093,3.01094,2.99929,3.0083,0,0
2015-05-21,12:00:00,3.00824,3.00969,3.00458,3.00846,0,0
2015-05-21,13:00:00,3.00894,3.01141,3.00449,3.00649,0,0
2015-05-21,14:00:00,3.00644,3.01206,3.00493,3.01198,0,0
2015-05-21,15:00:00,3.01208,3.01843,3.00679,3.0159,0,0
2015-05-21,16:00:00,3.01661,3.02002,3.01246,3.01571,0,0
2015-05-21,17:00:00,3.01656,3.01902,3.0103,3.01356,0,0
2015-05-21,18:00:00,3.0132,3.0203,3.0104,3.01683,0,0
2015-05-21,19:00:00,3.01672,3.01783,3.01322,3.0139,0,0
2015-05-21,20:00:00,3.0136,3.01849,3.01142,3.01838,0,0
2015-05-21,21:00:00,3.01847,3.02078,3.01532,3.01664,0,0
2015-05-21,22:00:00,3.01623,3.01987,3.01564,3.01956,0,0
2015-05-21,23:00:00,3.01954,3.02248,3.01886,3.02248,0,0
2015-05-21,23:59:00,3.02205,3.02299,3.01772,3.01923,0,0
2015-05-22,01:00:00,3.01939,3.0209,3.0182,3.01904,0,0
2015-05-22,02:00:00,3.01996,3.02097,3.01895,3.01977,0,0
2015-05-22,03:00:00,3.01985,3.02111,3.01754,3.02088,0,0
2015-05-22,04:00:00,3.02088,3.0219,3.01926,3.02136,0,0
2015-05-22,05:00:00,3.02139,3.02193,3.01771,3.02156,0,0
2015-05-22,06:00:00,3.02156,3.02156,3.01808,3.01845,0,0
2015-05-22,07:00:00,3.01845,3.01896,3.01672,3.0183,0,0
2015-05-22,08:00:00,3.01843,3.01942,3.01604,3.0169,0,0
2015-05-22,09:00:00,3.01607,3.0167,3.01033,3.01387,0,0
2015-05-22,10:00:00,3.0138,3.01471,3.00716,3.00992,0,0
2015-05-22,11:00:00,3.00993,3.01144,3.00425,3.00696,0,0
2015-05-22,12:00:00,3.0072,3.00903,3.00111,3.00423,0,0
2015-05-22,13:00:00,3.00458,3.00608,2.99985,3.00075,0,0
2015-05-22,14:00:00,3.00079,3.00998,2.99846,3.00927,0,0
2015-05-22,15:00:00,3.00916,3.02219,3.006,3.01943,0,0
2015-05-22,16:00:00,3.0197,3.03157,3.01752,3.02749,0,0
2015-05-22,17:00:00,3.02762,3.03294,3.02695,3.02867,0,0
2015-05-22,18:00:00,3.02911,3.0337,3.02467,3.02693,0,0
2015-05-22,19:00:00,3.02698,3.02789,3.02213,3.02351,0,0
2015-05-22,20:00:00,3.0229,3.03152,3.0229,3.03065,0,0
2015-05-22,21:00:00,3.03163,3.03353,3.02955,3.03323,0,0
2015-05-22,22:00:00,3.03301,3.03447,3.03175,3.03372,0,0
2015-05-22,23:00:00,3.03389,3.03389,3.03281,3.03281,0,0
2015-05-25,01:00:00,3.05638,3.0572,3.05211,3.05629,0,0
2015-05-25,02:00:00,3.05614,3.05782,3.05384,3.05632,0,0
2015-05-25,03:00:00,3.05632,3.05994,3.05517,3.05935,0,0
2015-05-25,04:00:00,3.0591,3.06139,3.05822,3.05894,0,0
2015-05-25,05:00:00,3.0586,3.05959,3.0583,3.05929,0,0
2015-05-25,06:00:00,3.05906,3.05936,3.05657,3.05898,0,0
2015-05-25,07:00:00,3.05898,3.06004,3.05825,3.0593,0,0
2015-05-25,08:00:00,3.05937,3.06129,3.05861,3.0601,0,0
2015-05-25,09:00:00,3.06008,3.06069,3.05344,3.05455,0,0
2015-05-25,10:00:00,3.05426,3.05426,3.04382,3.05207,0,0
2015-05-25,11:00:00,3.05205,3.05416,3.04823,3.04976,0,0
2015-05-25,12:00:00,3.04982,3.0514,3.0474,3.04927,0,0
2015-05-25,13:00:00,3.04934,3.0508,3.04627,3.04659,0,0
2015-05-25,14:00:00,3.04681,3.04705,3.0444,3.04503,0,0
2015-05-25,15:00:00,3.04503,3.04509,3.03627,3.03778,0,0
2015-05-25,16:00:00,3.03775,3.04171,3.03712,3.03883,0,0
2015-05-25,17:00:00,3.03858,3.04209,3.03533,3.03933,0,0
2015-05-25,18:00:00,3.03914,3.04231,3.0377,3.04043,0,0
2015-05-25,19:00:00,3.04057,3.04057,3.03528,3.03539,0,0
2015-05-25,20:00:00,3.03436,3.03652,3.03436,3.03636,0,0
2015-05-25,21:00:00,3.03636,3.03692,3.03424,3.03579,0,0
2015-05-25,22:00:00,3.03574,3.03823,3.03549,3.03667,0,0
2015-05-25,23:00:00,3.03659,3.03782,3.03547,3.0366,0,0
2015-05-25,23:59:00,3.03603,3.03717,3.03435,3.03615,0,0
2015-05-26,01:00:00,3.03615,3.03675,3.0353,3.03658,0,0
2015-05-26,02:00:00,3.03642,3.03841,3.03538,3.03714,0,0
2015-05-26,03:00:00,3.03716,3.04376,3.0368,3.0423,0,0
2015-05-26,04:00:00,3.04232,3.04409,3.04063,3.04336,0,0
2015-05-26,05:00:00,3.04331,3.04377,3.04076,3.04224,0,0
2015-05-26,06:00:00,3.04224,3.04699,3.04224,3.04551,0,0
2015-05-26,07:00:00,3.04545,3.04827,3.04479,3.04827,0,0
2015-05-26,08:00:00,3.04827,3.05058,3.0479,3.04962,0,0
2015-05-26,09:00:00,3.04993,3.06169,3.04804,3.06035,0,0
2015-05-26,10:00:00,3.06065,3.06299,3.0522,3.06298,0,0
2015-05-26,11:00:00,3.06314,3.07118,3.06229,3.06703,0,0
2015-05-26,12:00:00,3.06678,3.07211,3.06141,3.06728,0,0
2015-05-26,13:00:00,3.06712,3.06941,3.06415,3.06657,0,0
2015-05-26,14:00:00,3.06624,3.06722,3.06095,3.06105,0,0
2015-05-26,15:00:00,3.0607,3.07458,3.058,3.06238,0,0
2015-05-26,16:00:00,3.06295,3.06326,3.05387,3.057,0,0
2015-05-26,17:00:00,3.05695,3.06625,3.05448,3.06192,0,0
2015-05-26,18:00:00,3.06228,3.07018,3.06064,3.06946,0,0
2015-05-26,19:00:00,3.0694,3.07219,3.06558,3.06741,0,0
2015-05-26,20:00:00,3.06745,3.07564,3.06691,3.07415,0,0
2015-05-26,21:00:00,3.07343,3.07492,3.0716,3.07273,0,0
2015-05-26,22:00:00,3.07246,3.075,3.0689,3.07076,0,0
2015-05-26,23:00:00,3.07097,3.07169,3.06808,3.06995,0,0
2015-05-26,23:59:00,3.07035,3.07054,3.06529,3.0682,0,0
2015-05-27,01:00:00,3.06819,3.06819,3.06502,3.06707,0,0
2015-05-27,02:00:00,3.06713,3.06771,3.06596,3.06621,0,0
2015-05-27,03:00:00,3.06648,3.07266,3.06577,3.06801,0,0
2015-05-27,04:00:00,3.06814,3.07217,3.06758,3.07154,0,0
2015-05-27,05:00:00,3.07155,3.07155,3.06845,3.06873,0,0
2015-05-27,06:00:00,3.06885,3.06921,3.06713,3.06817,0,0
2015-05-27,07:00:00,3.06817,3.06975,3.06766,3.06836,0,0
2015-05-27,08:00:00,3.06836,3.06836,3.06158,3.06232,0,0
2015-05-27,09:00:00,3.06286,3.06401,3.05456,3.05786,0,0
2015-05-27,10:00:00,3.05811,3.05859,3.04409,3.04463,0,0
2015-05-27,11:00:00,3.04462,3.05331,3.04118,3.05123,0,0
2015-05-27,12:00:00,3.05147,3.05471,3.04468,3.0495,0,0
2015-05-27,13:00:00,3.04987,3.05614,3.04708,3.05435,0,0
2015-05-27,14:00:00,3.05325,3.05676,3.04915,3.05328,0,0
2015-05-27,15:00:00,3.05342,3.06301,3.05126,3.06291,0,0
2015-05-27,16:00:00,3.06282,3.06698,3.04731,3.05865,0,0
2015-05-27,17:00:00,3.05738,3.06121,3.04068,3.04173,0,0
2015-05-27,18:00:00,3.04178,3.04536,3.03185,3.03821,0,0
2015-05-27,19:00:00,3.03828,3.0401,3.03664,3.03739,0,0
2015-05-27,20:00:00,3.03695,3.03815,3.03509,3.03537,0,0
2015-05-27,21:00:00,3.03537,3.03952,3.03532,3.03905,0,0
2015-05-27,22:00:00,3.03882,3.04236,3.03741,3.03911,0,0
2015-05-27,23:00:00,3.03943,3.04083,3.03651,3.04083,0,0
2015-05-27,23:59:00,3.04099,3.04149,3.03679,3.04138,0,0
2015-05-28,01:00:00,3.04083,3.04237,3.03906,3.03986,0,0
2015-05-28,02:00:00,3.03986,3.04147,3.03979,3.04123,0,0
2015-05-28,03:00:00,3.04122,3.04274,3.03659,3.03902,0,0
2015-05-28,04:00:00,3.03893,3.04061,3.03672,3.03956,0,0
2015-05-28,05:00:00,3.03932,3.03953,3.03648,3.03939,0,0
2015-05-28,06:00:00,3.0394,3.03979,3.03495,3.03498,0,0
2015-05-28,07:00:00,3.03493,3.03576,3.03247,3.03258,0,0
2015-05-28,08:00:00,3.03258,3.03698,3.03255,3.03596,0,0
2015-05-28,09:00:00,3.03608,3.03786,3.02946,3.03174,0,0
2015-05-28,10:00:00,3.03222,3.03735,3.03131,3.03296,0,0
2015-05-28,11:00:00,3.03281,3.03716,3.02979,3.03378,0,0
2015-05-28,12:00:00,3.03289,3.03595,3.03135,3.03325,0,0
2015-05-28,13:00:00,3.03307,3.03335,3.02547,3.02742,0,0
2015-05-28,14:00:00,3.02823,3.03968,3.02655,3.03888,0,0
2015-05-28,15:00:00,3.03941,3.03979,3.02948,3.03028,0,0
2015-05-28,16:00:00,3.03038,3.03657,3.0292,3.03406,0,0
2015-05-28,17:00:00,3.03441,3.03762,3.02918,3.03378,0,0
2015-05-28,18:00:00,3.03475,3.04272,3.03395,3.04258,0,0
2015-05-28,19:00:00,3.04264,3.04744,3.0388,3.04078,0,0
2015-05-28,20:00:00,3.04061,3.04573,3.03805,3.04545,0,0
2015-05-28,21:00:00,3.04553,3.04676,3.04118,3.04228,0,0
2015-05-28,22:00:00,3.04221,3.04701,3.04083,3.0441,0,0
2015-05-28,23:00:00,3.04418,3.04446,3.04161,3.04224,0,0
2015-05-28,23:59:00,3.04131,3.04187,3.03648,3.04101,0,0
2015-05-29,01:00:00,3.04097,3.04225,3.03863,3.04007,0,0
2015-05-29,02:00:00,3.04031,3.04246,3.03921,3.04043,0,0
2015-05-29,03:00:00,3.04018,3.04379,3.0398,3.04341,0,0
2015-05-29,04:00:00,3.04375,3.04414,3.04155,3.04268,0,0
2015-05-29,05:00:00,3.04268,3.04498,3.04171,3.04441,0,0
2015-05-29,06:00:00,3.04447,3.04469,3.03638,3.03638,0,0
2015-05-29,07:00:00,3.03634,3.03711,3.02785,3.03303,0,0
2015-05-29,08:00:00,3.03335,3.03589,3.03251,3.0327,0,0
2015-05-29,09:00:00,3.03329,3.04104,3.03091,3.04104,0,0
2015-05-29,10:00:00,3.04034,3.04109,3.03266,3.03295,0,0
2015-05-29,11:00:00,3.0335,3.03388,3.02616,3.02854,0,0
2015-05-29,12:00:00,3.0294,3.03038,3.01826,3.02055,0,0
2015-05-29,13:00:00,3.02055,3.02763,3.02005,3.02557,0,0
2015-05-29,14:00:00,3.02525,3.02674,3.02175,3.02242,0,0
2015-05-29,15:00:00,3.02265,3.02884,3.00456,3.00581,0,0
2015-05-29,16:00:00,3.00614,3.00677,2.99881,3.0045,0,0
2015-05-29,17:00:00,3.00453,3.01237,3.00229,3.00965,0,0
2015-05-29,18:00:00,3.00992,3.00992,2.99467,2.99846,0,0
2015-05-29,19:00:00,2.99879,3.00538,2.99613,3.00538,0,0
2015-05-29,20:00:00,3.00544,3.00551,3.00108,3.00495,0,0
2015-05-29,21:00:00,3.00495,3.01049,3.0043,3.00826,0,0
2015-05-29,22:00:00,3.008,3.01033,3.00584,3.0101,0,0
2015-05-29,23:00:00,3.00947,3.00969,3.00921,3.00945,0,0
2015-06-01,01:00:00,3.00714,3.00861,3.00432,3.00751,0,0
2015-06-01,02:00:00,3.00746,3.01162,3.00739,3.01101,0,0
2015-06-01,03:00:00,3.0106,3.01438,3.00955,3.01333,0,0
2015-06-01,04:00:00,3.01312,3.01551,3.01256,3.01406,0,0
2015-06-01,05:00:00,3.01367,3.01472,3.01208,3.01262,0,0
2015-06-01,06:00:00,3.0123,3.0133,3.01098,3.01299,0,0
2015-06-01,07:00:00,3.01294,3.01325,3.00961,3.01035,0,0
2015-06-01,08:00:00,3.01035,3.01171,3.00851,3.0116,0,0
2015-06-01,09:00:00,3.01143,3.01839,3.01077,3.01643,0,0
2015-06-01,10:00:00,3.01662,3.02568,3.01338,3.0231,0,0
2015-06-01,11:00:00,3.02293,3.03398,3.02191,3.03176,0,0
2015-06-01,12:00:00,3.03195,3.03383,3.02513,3.02812,0,0
2015-06-01,13:00:00,3.02799,3.0335,3.02302,3.02852,0,0
2015-06-01,14:00:00,3.02846,3.03049,3.02076,3.0245,0,0
2015-06-01,15:00:00,3.02437,3.02601,3.01256,3.01276,0,0
2015-06-01,16:00:00,3.01249,3.01878,3.01112,3.01478,0,0
2015-06-01,17:00:00,3.01471,3.01908,3.012,3.01379,0,0
2015-06-01,18:00:00,3.014,3.01577,3.00979,3.0127,0,0
2015-06-01,19:00:00,3.0127,3.01415,3.00678,3.00817,0,0
2015-06-01,20:00:00,3.00778,3.00818,3.00138,3.00356,0,0
2015-06-01,21:00:00,3.00352,3.00963,3.00341,3.00505,0,0
2015-06-01,22:00:00,3.00463,3.00751,3.00283,3.00614,0,0
2015-06-01,23:00:00,3.00624,3.00864,3.00391,3.00806,0,0
2015-06-01,23:59:00,3.00921,3.01123,3.00517,3.00915,0,0
2015-06-02,01:00:00,3.00865,3.00892,3.0062,3.00683,0,0
2015-06-02,02:00:00,3.00681,3.01119,3.00616,3.00973,0,0
2015-06-02,03:00:00,3.0097,3.00972,3.00677,3.00738,0,0
2015-06-02,04:00:00,3.00738,3.00909,3.00688,3.00781,0,0
2015-06-02,05:00:00,3.00781,3.00965,3.00777,3.00885,0,0
2015-06-02,06:00:00,3.00883,3.0103,3.00842,3.00978,0,0
2015-06-02,07:00:00,3.00978,3.01085,3.00867,3.00935,0,0
2015-06-02,08:00:00,3.0094,3.01263,3.0088,3.01233,0,0
2015-06-02,09:00:00,3.01229,3.01413,3.00498,3.00669,0,0
2015-06-02,10:00:00,3.00675,3.01397,3.00395,3.01377,0,0
2015-06-02,11:00:00,3.01431,3.01625,3.01017,3.01051,0,0
2015-06-02,12:00:00,3.01016,3.01345,3.00573,3.00608,0,0
2015-06-02,13:00:00,3.00592,3.00683,2.99047,2.99628,0,0
2015-06-02,14:00:00,2.99662,2.99833,2.99025,2.996,0,0
2015-06-02,15:00:00,2.99603,2.99882,2.98482,2.9852,0,0
2015-06-02,16:00:00,2.98514,2.98514,2.96814,2.981,0,0
2015-06-02,17:00:00,2.98115,2.98461,2.97106,2.97527,0,0
2015-06-02,18:00:00,2.97485,2.98277,2.97408,2.98277,0,0
2015-06-02,19:00:00,2.98253,2.98693,2.97953,2.98041,0,0
2015-06-02,20:00:00,2.98031,2.98076,2.97622,2.9775,0,0
2015-06-02,21:00:00,2.97725,2.97739,2.97256,2.97585,0,0
2015-06-02,22:00:00,2.97526,2.9801,2.97526,2.97939,0,0
2015-06-02,23:00:00,2.97926,2.98037,2.97682,2.9791,0,0
2015-06-02,23:59:00,2.97949,2.97984,2.97663,2.97803,0,0
2015-06-03,01:00:00,2.9782,2.97837,2.97502,2.97655,0,0
2015-06-03,02:00:00,2.97655,2.97732,2.97509,2.97582,0,0
2015-06-03,03:00:00,2.97606,2.97915,2.97572,2.97718,0,0
2015-06-03,04:00:00,2.97725,2.97882,2.97529,2.97601,0,0
2015-06-03,05:00:00,2.97605,2.97942,2.97601,2.97756,0,0
2015-06-03,06:00:00,2.97756,2.97872,2.97664,2.97809,0,0
2015-06-03,07:00:00,2.9778,2.97809,2.9743,2.97572,0,0
2015-06-03,08:00:00,2.97596,2.97636,2.9705,2.97471,0,0
2015-06-03,09:00:00,2.97462,2.98083,2.9739,2.98031,0,0
2015-06-03,10:00:00,2.98044,2.99053,2.98044,2.98269,0,0
2015-06-03,11:00:00,2.98254,2.98516,2.97679,2.984,0,0
2015-06-03,12:00:00,2.98409,2.98766,2.9791,2.97956,0,0
2015-06-03,13:00:00,2.9799,2.98405,2.97902,2.98156,0,0
2015-06-03,14:00:00,2.98133,2.98495,2.98037,2.98414,0,0
2015-06-03,15:00:00,2.98483,2.9849,2.96358,2.9696,0,0
2015-06-03,16:00:00,2.97022,2.97293,2.95889,2.96551,0,0
2015-06-03,17:00:00,2.9653,2.97286,2.95998,2.96272,0,0
2015-06-03,18:00:00,2.96261,2.96718,2.96004,2.96149,0,0
2015-06-03,19:00:00,2.96147,2.96569,2.96111,2.96566,0,0
2015-06-03,20:00:00,2.96559,2.96559,2.96104,2.96488,0,0
2015-06-03,21:00:00,2.96485,2.97108,2.96436,2.97014,0,0
2015-06-03,22:00:00,2.96943,2.96998,2.96455,2.96544,0,0
2015-06-03,23:00:00,2.96547,2.96732,2.96419,2.96538,0,0
2015-06-03,23:59:00,2.96587,2.9683,2.96587,2.96775,0,0
2015-06-04,01:00:00,2.96786,2.96897,2.9654,2.96676,0,0
2015-06-04,02:00:00,2.96704,2.96858,2.96533,2.96654,0,0
2015-06-04,03:00:00,2.96651,2.96818,2.96557,2.96695,0,0
2015-06-04,04:00:00,2.96695,2.96796,2.964,2.96513,0,0
2015-06-04,05:00:00,2.96538,2.96613,2.96469,2.96535,0,0
2015-06-04,06:00:00,2.96562,2.96562,2.96314,2.9642,0,0
2015-06-04,07:00:00,2.96416,2.96671,2.96342,2.96376,0,0
2015-06-04,08:00:00,2.96381,2.96563,2.96336,2.96424,0,0
2015-06-04,09:00:00,2.96452,2.96867,2.9609,2.96734,0,0
2015-06-04,10:00:00,2.96727,2.96997,2.96296,2.96805,0,0
2015-06-04,11:00:00,2.96805,2.96834,2.95707,2.9628,0,0
2015-06-04,12:00:00,2.96228,2.96607,2.95726,2.96001,0,0
2015-06-04,13:00:00,2.9602,2.96273,2.95779,2.96044,0,0
2015-06-04,14:00:00,2.96043,2.96449,2.95472,2.95869,0,0
2015-06-04,15:00:00,2.95879,2.96385,2.95537,2.96222,0,0
2015-06-04,16:00:00,2.96234,2.96622,2.95648,2.95761,0,0
2015-06-04,17:00:00,2.95754,2.96342,2.95342,2.95912,0,0
2015-06-04,18:00:00,2.95886,2.96108,2.95474,2.95826,0,0
2015-06-04,19:00:00,2.9578,2.96034,2.9494,2.95419,0,0
2015-06-04,20:00:00,2.95508,2.96973,2.95389,2.96897,0,0
2015-06-04,21:00:00,2.96882,2.97137,2.96673,2.96821,0,0
2015-06-04,22:00:00,2.96804,2.97256,2.96748,2.96938,0,0
2015-06-04,23:00:00,2.96929,2.97172,2.96856,2.96951,0,0
2015-06-04,23:59:00,2.96957,2.97562,2.96738,2.9714,0,0
2015-06-05,01:00:00,2.97129,2.97723,2.96862,2.97363,0,0
2015-06-05,02:00:00,2.97359,2.97966,2.97359,2.97422,0,0
2015-06-05,03:00:00,2.9742,2.97474,2.97109,2.97349,0,0
2015-06-05,04:00:00,2.9734,2.97736,2.97272,2.97578,0,0
2015-06-05,05:00:00,2.97547,2.97759,2.97409,2.97479,0,0
2015-06-05,06:00:00,2.97479,2.97829,2.97329,2.9737,0,0
2015-06-05,07:00:00,2.97371,2.97646,2.97251,2.9756,0,0
2015-06-05,08:00:00,2.9756,2.97665,2.97322,2.97451,0,0
2015-06-05,09:00:00,2.97446,2.97446,2.96095,2.96095,0,0
2015-06-05,10:00:00,2.96158,2.96283,2.94727,2.95153,0,0
2015-06-05,11:00:00,2.95114,2.95358,2.94652,2.94976,0,0
2015-06-05,12:00:00,2.94994,2.95282,2.94099,2.94481,0,0
2015-06-05,13:00:00,2.9448,2.95327,2.94445,2.95219,0,0
2015-06-05,14:00:00,2.9523,2.95715,2.95039,2.95432,0,0
2015-06-05,15:00:00,2.95425,3.0086,2.95208,2.99721,0,0
2015-06-05,16:00:00,2.99706,3.00067,2.98765,2.99761,0,0
2015-06-05,17:00:00,2.99792,3.00258,2.99381,3.00195,0,0
2015-06-05,18:00:00,3.00047,3.00282,2.994,2.99801,0,0
2015-06-05,19:00:00,2.99716,3.00252,2.99499,2.99696,0,0
2015-06-05,20:00:00,2.99693,3.00154,2.99216,2.99845,0,0
2015-06-05,21:00:00,2.99852,3.00239,2.99617,3.00193,0,0
2015-06-05,22:00:00,3.0019,3.0097,2.99973,3.0097,0,0
2015-06-05,23:00:00,3.0097,3.0103,3.0097,3.01016,0,0
2015-06-08,01:00:00,3.00933,3.0098,3.0068,3.00757,0,0
2015-06-08,02:00:00,3.00762,3.00778,3.00107,3.00514,0,0
2015-06-08,03:00:00,3.00487,3.0116,3.00214,3.0116,0,0
2015-06-08,04:00:00,3.0117,3.01176,3.00777,3.00847,0,0
2015-06-08,05:00:00,3.00852,3.01022,3.00651,3.00745,0,0
2015-06-08,06:00:00,3.00742,3.0083,3.00619,3.0071,0,0
2015-06-08,07:00:00,3.00711,3.00896,3.00688,3.00829,0,0
2015-06-08,08:00:00,3.00779,3.00852,3.00527,3.00618,0,0
2015-06-08,09:00:00,3.00369,3.01172,2.99475,3.00314,0,0
2015-06-08,10:00:00,3.00368,3.00368,2.99215,2.9927,0,0
2015-06-08,11:00:00,2.99318,3.00332,2.993,3.00273,0,0
2015-06-08,12:00:00,3.00285,3.00726,3.00007,3.00427,0,0
2015-06-08,13:00:00,3.00451,3.00639,3.00142,3.00174,0,0
2015-06-08,14:00:00,3.00154,3.0027,2.98843,2.99345,0,0
2015-06-08,15:00:00,2.99339,2.99764,2.98758,2.99683,0,0
2015-06-08,16:00:00,2.99691,2.99872,2.99165,2.99811,0,0
2015-06-08,17:00:00,2.99837,3.00015,2.98753,2.9915,0,0
2015-06-08,18:00:00,2.99195,2.99447,2.98561,2.98608,0,0
2015-06-08,19:00:00,2.98576,2.98828,2.98342,2.98759,0,0
2015-06-08,20:00:00,2.98769,2.98779,2.98094,2.98315,0,0
2015-06-08,21:00:00,2.98317,2.98431,2.97964,2.98261,0,0
2015-06-08,22:00:00,2.98237,2.98354,2.98054,2.98175,0,0
2015-06-08,23:00:00,2.98172,2.98267,2.97942,2.97998,0,0
2015-06-08,23:59:00,2.98059,2.98413,2.9797,2.98324,0,0
2015-06-09,01:00:00,2.98304,2.98304,2.97943,2.9804,0,0
2015-06-09,02:00:00,2.98037,2.98273,2.98037,2.98246,0,0
2015-06-09,03:00:00,2.98243,2.98315,2.98063,2.98172,0,0
2015-06-09,04:00:00,2.98169,2.98179,2.97311,2.97471,0,0
2015-06-09,05:00:00,2.97494,2.97611,2.97309,2.97557,0,0
2015-06-09,06:00:00,2.97537,2.97914,2.97533,2.97914,0,0
2015-06-09,07:00:00,2.97921,2.98094,2.97789,2.98044,0,0
2015-06-09,08:00:00,2.98044,2.98073,2.97506,2.97575,0,0
2015-06-09,09:00:00,2.97565,2.98001,2.97277,2.97579,0,0
2015-06-09,10:00:00,2.97513,2.97832,2.96946,2.97103,0,0
2015-06-09,11:00:00,2.97107,2.98175,2.971,2.98024,0,0
2015-06-09,12:00:00,2.97959,2.98452,2.97797,2.98444,0,0
2015-06-09,13:00:00,2.98417,2.98952,2.98278,2.98854,0,0
2015-06-09,14:00:00,2.98773,2.99948,2.98687,2.999,0,0
2015-06-09,15:00:00,2.99886,3.0105,2.99699,3.0067,0,0
2015-06-09,16:00:00,3.00614,3.00885,3.00254,3.00295,0,0
2015-06-09,17:00:00,3.00207,3.00983,3.00009,3.00955,0,0
2015-06-09,18:00:00,3.00942,3.01041,3.00011,3.00201,0,0
2015-06-09,19:00:00,3.00192,3.00584,3.00049,3.00105,0,0
2015-06-09,20:00:00,3.00149,3.00346,2.99873,2.99965,0,0
2015-06-09,21:00:00,2.99949,3.00102,2.99757,3.00043,0,0
2015-06-09,22:00:00,3.00034,3.00047,2.99808,2.99931,0,0
2015-06-09,23:00:00,2.99921,3.00623,2.99921,3.0007,0,0
2015-06-09,23:59:00,3.00032,3.00459,3.00012,3.00135,0,0
2015-06-10,01:00:00,3.00076,3.00312,3.00009,3.0012,0,0
2015-06-10,02:00:00,3.00108,3.00133,2.99549,2.99607,0,0
2015-06-10,03:00:00,2.99614,2.99783,2.99305,2.9939,0,0
2015-06-10,04:00:00,2.99392,2.99699,2.99381,2.99617,0,0
2015-06-10,05:00:00,2.99626,2.99691,2.9954,2.99631,0,0
2015-06-10,06:00:00,2.99633,2.99849,2.99604,2.99815,0,0
2015-06-10,07:00:00,2.99815,3.00132,2.99674,3.00126,0,0
2015-06-10,08:00:00,3.00099,3.00344,2.99681,2.99875,0,0
2015-06-10,09:00:00,2.99876,3.00648,2.99516,2.99789,0,0
2015-06-10,10:00:00,2.99662,2.99793,2.99002,2.99442,0,0
2015-06-10,11:00:00,2.99457,3.00496,2.98873,3.00278,0,0
2015-06-10,12:00:00,3.00285,3.00715,2.99932,2.99949,0,0
2015-06-10,13:00:00,2.99939,3.00943,2.99818,3.00193,0,0
2015-06-10,14:00:00,3.0018,3.00362,2.99813,3.00146,0,0
2015-06-10,15:00:00,3.00159,3.00744,2.99796,2.99975,0,0
2015-06-10,16:00:00,2.99975,3.00006,2.99181,2.99455,0,0
2015-06-10,17:00:00,2.99482,2.99759,2.98565,2.98698,0,0
2015-06-10,18:00:00,2.98705,2.98769,2.97763,2.98178,0,0
2015-06-10,19:00:00,2.98149,2.98566,2.97976,2.98134,0,0
2015-06-10,20:00:00,2.98125,2.98156,2.97667,2.97741,0,0
2015-06-10,21:00:00,2.97741,2.98539,2.97734,2.9849,0,0
2015-06-10,22:00:00,2.98486,2.98558,2.98091,2.98206,0,0
2015-06-10,23:00:00,2.98204,2.98499,2.98035,2.98499,0,0
2015-06-10,23:59:00,2.98501,2.9853,2.98021,2.98189,0,0
2015-06-11,01:00:00,2.98189,2.98402,2.98036,2.98059,0,0
2015-06-11,02:00:00,2.98057,2.98505,2.98043,2.98435,0,0
2015-06-11,03:00:00,2.98421,2.98533,2.9799,2.98228,0,0
2015-06-11,04:00:00,2.98231,2.98334,2.98008,2.98305,0,0
2015-06-11,05:00:00,2.98289,2.98396,2.98166,2.98166,0,0
2015-06-11,06:00:00,2.98168,2.98243,2.98038,2.98104,0,0
2015-06-11,07:00:00,2.98119,2.98123,2.979,2.98036,0,0
2015-06-11,08:00:00,2.98031,2.9812,2.9784,2.98023,0,0
2015-06-11,09:00:00,2.97995,2.98862,2.97794,2.98827,0,0
2015-06-11,10:00:00,2.98869,2.99664,2.98719,2.99451,0,0
2015-06-11,11:00:00,2.99507,2.99906,2.99016,2.99196,0,0
2015-06-11,12:00:00,2.992,2.99314,2.98755,2.98966,0,0
2015-06-11,13:00:00,2.98966,2.99278,2.98624,2.9891,0,0
2015-06-11,14:00:00,2.98923,2.99499,2.98909,2.99248,0,0
2015-06-11,15:00:00,2.99241,2.99333,2.97949,2.98476,0,0
2015-06-11,16:00:00,2.98468,2.99517,2.98454,2.98893,0,0
2015-06-11,17:00:00,2.98908,2.99527,2.98477,2.99363,0,0
2015-06-11,18:00:00,2.99377,2.99424,2.98781,2.99034,0,0
2015-06-11,19:00:00,2.99065,2.99311,2.98749,2.98753,0,0
2015-06-11,20:00:00,2.98763,2.99128,2.98494,2.9908,0,0
2015-06-11,21:00:00,2.98991,2.99161,2.98767,2.98959,0,0
2015-06-11,22:00:00,2.98959,2.99208,2.98826,2.98875,0,0
2015-06-11,23:00:00,2.98895,2.98973,2.98487,2.98626,0,0
2015-06-11,23:59:00,2.98676,2.99058,2.98436,2.98996,0,0
2015-06-12,01:00:00,2.98971,2.98971,2.98773,2.98883,0,0
2015-06-12,02:00:00,2.98883,2.99048,2.9879,2.98832,0,0
2015-06-12,03:00:00,2.9884,2.98954,2.98707,2.98773,0,0
2015-06-12,04:00:00,2.98804,2.99079,2.98745,2.98936,0,0
2015-06-12,05:00:00,2.98934,2.99197,2.98802,2.99109,0,0
2015-06-12,06:00:00,2.99127,2.99181,2.98885,2.98962,0,0
2015-06-12,07:00:00,2.98956,2.99502,2.98868,2.99363,0,0
2015-06-12,08:00:00,2.99365,2.99601,2.99248,2.99271,0,0
2015-06-12,09:00:00,2.9928,3.00157,2.99224,3.00006,0,0
2015-06-12,10:00:00,3.0002,3.0002,2.98934,2.9934,0,0
2015-06-12,11:00:00,2.99356,3.01288,2.99163,3.00961,0,0
2015-06-12,12:00:00,3.00912,3.01128,3.00417,3.00505,0,0
2015-06-12,13:00:00,3.00482,3.01231,3.00305,3.01156,0,0
2015-06-12,14:00:00,3.0114,3.01648,3.00807,3.00942,0,0
2015-06-12,15:00:00,3.00944,3.01019,2.99877,2.99877,0,0
2015-06-12,16:00:00,2.99886,3.00057,2.99105,2.99926,0,0
2015-06-12,17:00:00,2.99888,3.0019,2.99151,2.99637,0,0
2015-06-12,18:00:00,2.99638,2.99913,2.98618,2.98739,0,0
2015-06-12,19:00:00,2.98753,2.98904,2.98199,2.98427,0,0
2015-06-12,20:00:00,2.98445,2.98479,2.97916,2.98359,0,0
2015-06-12,21:00:00,2.98344,2.98392,2.97896,2.98285,0,0
2015-06-12,22:00:00,2.98266,2.98785,2.98216,2.98785,0,0
2015-06-12,23:00:00,2.98796,2.98796,2.9867,2.98726,0,0
2015-06-15,01:00:00,3.00308,3.00342,2.9977,2.99941,0,0
2015-06-15,02:00:00,2.99929,3.00084,2.99858,2.99954,0,0
2015-06-15,03:00:00,2.99954,3.00073,2.9977,2.99821,0,0
2015-06-15,04:00:00,2.99836,3.00086,2.99726,2.99859,0,0
2015-06-15,05:00:00,2.99878,3.00109,2.99757,2.9998,0,0
2015-06-15,06:00:00,2.99987,3.00086,2.99627,2.99672,0,0
2015-06-15,07:00:00,2.99672,3.00135,2.99558,2.99928,0,0
2015-06-15,08:00:00,2.99965,3.00432,2.9982,3.00431,0,0
2015-06-15,09:00:00,3.00424,3.0101,3.00162,3.00279,0,0
2015-06-15,10:00:00,3.0032,3.00328,2.99278,2.99471,0,0
2015-06-15,11:00:00,2.99505,2.99682,2.98887,2.99162,0,0
2015-06-15,12:00:00,2.99181,2.9958,2.98932,2.99495,0,0
2015-06-15,13:00:00,2.99493,2.99691,2.98989,2.99667,0,0
2015-06-15,14:00:00,2.99623,2.99979,2.99342,2.99702,0,0
2015-06-15,15:00:00,2.99701,3.00809,2.99673,3.00006,0,0
2015-06-15,16:00:00,3.00002,3.00468,2.99721,3.00142,0,0
2015-06-15,17:00:00,3.0016,3.0016,2.98961,2.9911,0,0
2015-06-15,18:00:00,2.99045,2.99787,2.98951,2.99307,0,0
2015-06-15,19:00:00,2.99196,2.9981,2.99142,2.99352,0,0
2015-06-15,20:00:00,2.99389,2.99827,2.99389,2.99793,0,0
2015-06-15,21:00:00,2.99816,2.99816,2.98901,2.98952,0,0
2015-06-15,22:00:00,2.98953,2.99157,2.98732,2.98838,0,0
2015-06-15,23:00:00,2.98846,2.99046,2.98728,2.98728,0,0
2015-06-15,23:59:00,2.98675,2.9905,2.98653,2.98656,0,0
2015-06-16,01:00:00,2.98653,2.99119,2.98598,2.98958,0,0
2015-06-16,02:00:00,2.98958,2.99042,2.98756,2.98858,0,0
2015-06-16,03:00:00,2.9886,2.99008,2.98744,2.98763,0,0
2015-06-16,04:00:00,2.98763,2.99072,2.98739,2.98989,0,0
2015-06-16,05:00:00,2.98958,2.99058,2.98877,2.98955,0,0
2015-06-16,06:00:00,2.98957,2.99,2.98772,2.9887,0,0
2015-06-16,07:00:00,2.9887,2.98948,2.98799,2.98885,0,0
2015-06-16,08:00:00,2.98882,2.99028,2.98693,2.98768,0,0
2015-06-16,09:00:00,2.98771,2.99533,2.9859,2.98657,0,0
2015-06-16,10:00:00,2.98656,2.99074,2.98368,2.98736,0,0
2015-06-16,11:00:00,2.9875,2.9962,2.98367,2.99471,0,0
2015-06-16,12:00:00,2.99493,2.99622,2.98664,2.99101,0,0
2015-06-16,13:00:00,2.99033,2.99381,2.98654,2.99063,0,0
2015-06-16,14:00:00,2.9904,2.99164,2.98378,2.98865,0,0
2015-06-16,15:00:00,2.98949,2.99743,2.98886,2.98914,0,0
2015-06-16,16:00:00,2.98949,2.99308,2.9858,2.9927,0,0
2015-06-16,17:00:00,2.99265,2.99906,2.99084,2.99158,0,0
2015-06-16,18:00:00,2.99128,2.99512,2.98756,2.98899,0,0
2015-06-16,19:00:00,2.9895,2.99047,2.98509,2.98659,0,0
2015-06-16,20:00:00,2.9862,2.99047,2.98405,2.99,0,0
2015-06-16,21:00:00,2.99032,2.99177,2.98846,2.99092,0,0
2015-06-16,22:00:00,2.99087,2.9962,2.99081,2.99452,0,0
2015-06-16,23:00:00,2.99447,2.99976,2.9904,2.99654,0,0
2015-06-16,23:59:00,2.99677,3.00037,2.99513,2.99649,0,0
2015-06-17,01:00:00,2.99646,2.99734,2.99549,2.99592,0,0
2015-06-17,02:00:00,2.99597,2.99827,2.99597,2.99723,0,0
2015-06-17,03:00:00,2.9972,2.99815,2.99599,2.99735,0,0
2015-06-17,04:00:00,2.9989,2.99906,2.99528,2.99633,0,0
2015-06-17,05:00:00,2.99633,2.99776,2.99531,2.99571,0,0
2015-06-17,06:00:00,2.99579,2.99594,2.99312,2.99415,0,0
2015-06-17,07:00:00,2.99413,2.99745,2.99375,2.99666,0,0
2015-06-17,08:00:00,2.99639,2.99888,2.99575,2.9986,0,0
2015-06-17,09:00:00,2.99824,3.00057,2.98995,2.99251,0,0
2015-06-17,10:00:00,2.99214,2.99329,2.98659,2.9879,0,0
2015-06-17,11:00:00,2.98809,2.99244,2.98298,2.9908,0,0
2015-06-17,12:00:00,2.98994,2.99403,2.9883,2.99362,0,0
2015-06-17,13:00:00,2.99338,2.99965,2.99207,2.99936,0,0
2015-06-17,14:00:00,2.99928,3.00151,2.9957,2.99905,0,0
2015-06-17,15:00:00,2.99829,2.99847,2.99131,2.99182,0,0
2015-06-17,16:00:00,2.9915,2.99668,2.99013,2.99547,0,0
2015-06-17,17:00:00,2.99515,3.00994,2.99411,3.00792,0,0
2015-06-17,18:00:00,3.00807,3.01454,3.00583,3.01454,0,0
2015-06-17,19:00:00,3.01448,3.01557,3.00274,3.00354,0,0
2015-06-17,20:00:00,3.00361,3.00615,2.99789,3.00222,0,0
2015-06-17,21:00:00,3.00186,3.01178,2.99659,3.0022,0,0
2015-06-17,22:00:00,3.00181,3.00196,2.99496,2.99626,0,0
2015-06-17,23:00:00,2.99606,2.99769,2.99378,2.99632,0,0
2015-06-17,23:59:00,2.99551,2.99575,2.99285,2.99306,0,0
2015-06-18,01:00:00,2.99302,2.99575,2.99135,2.99228,0,0
2015-06-18,02:00:00,2.99223,2.9936,2.98657,2.98798,0,0
2015-06-18,03:00:00,2.98798,2.99102,2.98645,2.98898,0,0
2015-06-18,04:00:00,2.98892,2.99023,2.9884,2.98999,0,0
2015-06-18,05:00:00,2.99012,2.9924,2.98985,2.99032,0,0
2015-06-18,06:00:00,2.99003,2.99051,2.98807,2.98852,0,0
2015-06-18,07:00:00,2.98852,2.99046,2.9865,2.99024,0,0
2015-06-18,08:00:00,2.98996,2.99533,2.98759,2.99505,0,0
2015-06-18,09:00:00,2.99483,3.00218,2.99237,2.99923,0,0
2015-06-18,10:00:00,2.99917,3.00428,2.99212,2.99226,0,0
2015-06-18,11:00:00,2.99206,3.0022,2.9915,3.00181,0,0
2015-06-18,12:00:00,3.00186,3.0086,3.00039,3.00354,0,0
2015-06-18,13:00:00,3.00344,3.00733,2.99958,3.00432,0,0
2015-06-18,14:00:00,3.00445,3.00575,3.00074,3.00215,0,0
2015-06-18,15:00:00,3.00202,3.01091,3.00198,3.01084,0,0
2015-06-18,16:00:00,3.01047,3.01469,3.00294,3.00641,0,0
2015-06-18,17:00:00,3.00619,3.00812,2.99688,2.99837,0,0
2015-06-18,18:00:00,2.99841,3.00395,2.99672,2.99924,0,0
2015-06-18,19:00:00,2.99966,3.00709,2.99255,2.9968,0,0
2015-06-18,20:00:00,2.99702,3.00065,2.99468,2.99962,0,0
2015-06-18,21:00:00,2.99984,3.0028,2.99733,2.9992,0,0
2015-06-18,22:00:00,2.99946,3.00106,2.99789,2.99935,0,0
2015-06-18,23:00:00,2.99954,3.00493,2.99954,3.00493,0,0
2015-06-18,23:59:00,3.00739,3.00739,3.00226,3.00368,0,0
2015-06-19,01:00:00,3.00364,3.00398,2.9976,3.00133,0,0
2015-06-19,02:00:00,3.00126,3.00322,3.00029,3.00068,0,0
2015-06-19,03:00:00,3.00068,3.00146,2.99865,2.99907,0,0
2015-06-19,04:00:00,2.9989,3.00025,2.99825,2.9997,0,0
2015-06-19,05:00:00,3.0002,3.0006,2.99885,3.00048,0,0
2015-06-19,06:00:00,3.00048,3.00101,2.99961,2.99997,0,0
2015-06-19,07:00:00,2.99997,3.00297,2.99948,3.00297,0,0
2015-06-19,08:00:00,3.00299,3.00669,3.0022,3.00565,0,0
2015-06-19,09:00:00,3.00558,3.01158,3.00558,3.00826,0,0
2015-06-19,10:00:00,3.00827,3.01427,3.0062,3.01291,0,0
2015-06-19,11:00:00,3.01313,3.0189,3.01135,3.01695,0,0
2015-06-19,12:00:00,3.01704,3.01801,3.01162,3.01483,0,0
2015-06-19,13:00:00,3.01481,3.01924,3.01248,3.01869,0,0
2015-06-19,14:00:00,3.01871,3.01914,3.00797,3.01089,0,0
2015-06-19,15:00:00,3.01043,3.01199,3.00068,3.00282,0,0
2015-06-19,16:00:00,3.0028,3.01447,3.00125,3.0054,0,0
2015-06-19,17:00:00,3.00537,3.00537,2.99475,3.00126,0,0
2015-06-19,18:00:00,3.00147,3.00429,3.00064,3.00426,0,0
2015-06-19,19:00:00,3.00443,3.00502,3.00175,3.00208,0,0
2015-06-19,20:00:00,3.00154,3.00441,2.99827,3.00264,0,0
2015-06-19,21:00:00,3.00252,3.0061,3.00127,3.00577,0,0
2015-06-19,22:00:00,3.00579,3.00695,3.00325,3.00679,0,0
2015-06-19,23:00:00,3.00644,3.00754,3.00644,3.00694,0,0
2015-06-22,01:00:00,2.99651,2.99949,2.99532,2.99731,0,0
2015-06-22,02:00:00,2.99743,2.99773,2.99317,2.99461,0,0
2015-06-22,03:00:00,2.99461,2.99605,2.99343,2.99461,0,0
2015-06-22,04:00:00,2.9942,2.99569,2.9932,2.9953,0,0
2015-06-22,05:00:00,2.9953,2.99605,2.99377,2.99577,0,0
2015-06-22,06:00:00,2.99569,2.99594,2.99416,2.99563,0,0
2015-06-22,07:00:00,2.99563,2.99616,2.99226,2.99333,0,0
2015-06-22,08:00:00,2.99323,2.99653,2.99239,2.99315,0,0
2015-06-22,09:00:00,2.99301,2.99623,2.98287,2.98387,0,0
2015-06-22,10:00:00,2.98387,3.00045,2.98387,2.99699,0,0
2015-06-22,11:00:00,2.9968,3.00298,2.99532,3.00059,0,0
2015-06-22,12:00:00,3.00049,3.00453,2.99407,2.99451,0,0
2015-06-22,13:00:00,2.99432,3.0007,2.99249,2.99885,0,0
2015-06-22,14:00:00,2.99873,3.00168,2.99667,2.99839,0,0
2015-06-22,15:00:00,2.99844,3.0078,2.99716,3.00002,0,0
2015-06-22,16:00:00,3.00015,3.00119,2.98928,2.99124,0,0
2015-06-22,17:00:00,2.9908,2.99186,2.97853,2.98164,0,0
2015-06-22,18:00:00,2.98174,2.98485,2.97587,2.98401,0,0
2015-06-22,19:00:00,2.98379,2.98726,2.97658,2.97823,0,0
2015-06-22,20:00:00,2.97839,2.98391,2.97824,2.98366,0,0
2015-06-22,21:00:00,2.98366,2.98505,2.98121,2.98505,0,0
2015-06-22,22:00:00,2.98509,2.9856,2.98172,2.9818,0,0
2015-06-22,23:00:00,2.9818,2.98455,2.98086,2.98408,0,0
2015-06-22,23:59:00,2.98348,2.98698,2.98199,2.98475,0,0
2015-06-23,01:00:00,2.9846,2.98836,2.98446,2.98746,0,0
2015-06-23,02:00:00,2.98749,2.98816,2.9841,2.98722,0,0
2015-06-23,03:00:00,2.9872,2.98789,2.98576,2.98685,0,0
2015-06-23,04:00:00,2.98685,2.99009,2.98685,2.98921,0,0
2015-06-23,05:00:00,2.98916,3.00133,2.98872,2.99969,0,0
2015-06-23,06:00:00,2.99968,3.00008,2.99556,2.99835,0,0
2015-06-23,07:00:00,2.99813,2.99875,2.99405,2.99419,0,0
2015-06-23,08:00:00,2.99419,2.99616,2.99324,2.99374,0,0
2015-06-23,09:00:00,2.99373,3.00766,2.99336,2.99809,0,0
2015-06-23,10:00:00,2.99823,2.99959,2.9886,2.99457,0,0
2015-06-23,11:00:00,2.99447,3.0033,2.99394,3.00276,0,0
2015-06-23,12:00:00,3.0032,3.00762,3.00145,3.00652,0,0
2015-06-23,13:00:00,3.00671,3.014,3.00498,3.01157,0,0
2015-06-23,14:00:00,3.01134,3.01609,3.00922,3.01455,0,0
2015-06-23,15:00:00,3.01475,3.02998,3.01475,3.02515,0,0
2015-06-23,16:00:00,3.02519,3.02737,3.0202,3.02278,0,0
2015-06-23,17:00:00,3.02208,3.02605,3.0132,3.01814,0,0
2015-06-23,18:00:00,3.01689,3.02469,3.01642,3.01823,0,0
2015-06-23,19:00:00,3.01853,3.02485,3.01794,3.02157,0,0
2015-06-23,20:00:00,3.02155,3.02155,3.01591,3.01865,0,0
2015-06-23,21:00:00,3.01865,3.02022,3.01681,3.02003,0,0
2015-06-23,22:00:00,3.02,3.02413,3.01626,3.02232,0,0
2015-06-23,23:00:00,3.02227,3.02346,3.01699,3.02313,0,0
2015-06-23,23:59:00,3.02345,3.02556,3.0218,3.02257,0,0
2015-06-24,01:00:00,3.02224,3.02439,3.02224,3.02235,0,0
2015-06-24,02:00:00,3.02235,3.02453,3.02198,3.02285,0,0
2015-06-24,03:00:00,3.02299,3.02679,3.02106,3.02598,0,0
2015-06-24,04:00:00,3.02607,3.02669,3.02438,3.02576,0,0
2015-06-24,05:00:00,3.02573,3.0261,3.02274,3.02361,0,0
2015-06-24,06:00:00,3.02361,3.02434,3.02242,3.02264,0,0
2015-06-24,07:00:00,3.02266,3.02348,3.02111,3.0227,0,0
2015-06-24,08:00:00,3.0227,3.02346,3.01633,3.01864,0,0
2015-06-24,09:00:00,3.01856,3.02086,3.01359,3.01713,0,0
2015-06-24,10:00:00,3.01691,3.01941,3.00992,3.0104,0,0
2015-06-24,11:00:00,3.01096,3.02095,3.01058,3.01971,0,0
2015-06-24,12:00:00,3.01995,3.03099,3.01669,3.02512,0,0
2015-06-24,13:00:00,3.02539,3.02583,3.01974,3.02017,0,0
2015-06-24,14:00:00,3.01971,3.02232,3.01785,3.01827,0,0
2015-06-24,15:00:00,3.01845,3.02462,3.01617,3.01987,0,0
2015-06-24,16:00:00,3.02001,3.02001,3.01061,3.01312,0,0
2015-06-24,17:00:00,3.01301,3.01301,3.00311,3.00781,0,0
2015-06-24,18:00:00,3.00778,3.01017,3.00308,3.0074,0,0
2015-06-24,19:00:00,3.00731,3.01178,2.99878,3.00521,0,0
2015-06-24,20:00:00,3.00523,3.00796,2.9995,3.00108,0,0
2015-06-24,21:00:00,3.00108,3.00342,2.99852,3.00132,0,0
2015-06-24,22:00:00,3.0007,3.00277,3.00016,3.00233,0,0
2015-06-24,23:00:00,3.00256,3.0051,3.0011,3.00491,0,0
2015-06-24,23:59:00,3.00479,3.00996,3.00469,3.00649,0,0
2015-06-25,01:00:00,3.00661,3.00776,3.00479,3.0053,0,0
2015-06-25,02:00:00,3.00534,3.00768,3.00497,3.00577,0,0
2015-06-25,03:00:00,3.00582,3.00695,3.00446,3.00618,0,0
2015-06-25,04:00:00,3.00616,3.00661,3.00505,3.00524,0,0
2015-06-25,05:00:00,3.00536,3.0067,3.00364,3.00405,0,0
2015-06-25,06:00:00,3.00441,3.00639,3.0035,3.006,0,0
2015-06-25,07:00:00,3.00642,3.00805,3.00461,3.00692,0,0
2015-06-25,08:00:00,3.0074,3.00801,3.00554,3.00623,0,0
2015-06-25,09:00:00,3.00622,3.009,3.00204,3.00362,0,0
2015-06-25,10:00:00,3.00382,3.00595,2.99806,3.00505,0,0
2015-06-25,11:00:00,3.00573,3.0133,3.00244,3.01255,0,0
2015-06-25,12:00:00,3.01253,3.02386,3.01055,3.01833,0,0
2015-06-25,13:00:00,3.01838,3.0197,2.99948,3.00884,0,0
2015-06-25,14:00:00,3.00862,3.01343,3.00549,3.0068,0,0
2015-06-25,15:00:00,3.00679,3.00827,3.00376,3.00535,0,0
2015-06-25,16:00:00,3.00558,3.01871,3.00558,3.01835,0,0
2015-06-25,17:00:00,3.0185,3.02304,3.01456,3.01813,0,0
2015-06-25,18:00:00,3.01777,3.01902,3.01471,3.01744,0,0
2015-06-25,19:00:00,3.01749,3.01839,3.01367,3.01476,0,0
2015-06-25,20:00:00,3.01471,3.01813,3.01418,3.01812,0,0
2015-06-25,21:00:00,3.01812,3.02337,3.0177,3.02272,0,0
2015-06-25,22:00:00,3.02248,3.02335,3.02029,3.02134,0,0
2015-06-25,23:00:00,3.02074,3.02333,3.02016,3.02061,0,0
2015-06-25,23:59:00,3.02017,3.02226,3.01869,3.02019,0,0
2015-06-26,01:00:00,3.02019,3.02079,3.01857,3.01959,0,0
2015-06-26,02:00:00,3.01959,3.01959,3.01835,3.01914,0,0
2015-06-26,03:00:00,3.01914,3.02305,3.01881,3.02137,0,0
2015-06-26,04:00:00,3.02138,3.02212,3.0202,3.02071,0,0
2015-06-26,05:00:00,3.02071,3.0243,3.02035,3.02149,0,0
2015-06-26,06:00:00,3.02151,3.02194,3.02025,3.02075,0,0
2015-06-26,07:00:00,3.02065,3.02189,3.01822,3.02074,0,0
2015-06-26,08:00:00,3.0206,3.02211,3.01911,3.02025,0,0
2015-06-26,09:00:00,3.02019,3.02132,3.01436,3.01446,0,0
2015-06-26,10:00:00,3.01436,3.01673,3.01242,3.01562,0,0
2015-06-26,11:00:00,3.01555,3.01784,3.0107,3.01718,0,0
2015-06-26,12:00:00,3.01747,3.01769,3.01074,3.01512,0,0
2015-06-26,13:00:00,3.01492,3.02048,3.01459,3.01896,0,0
2015-06-26,14:00:00,3.01844,3.02177,3.01474,3.01609,0,0
2015-06-26,15:00:00,3.01571,3.02123,3.01332,3.02026,0,0
2015-06-26,16:00:00,3.02067,3.02212,3.01602,3.01989,0,0
2015-06-26,17:00:00,3.02016,3.0277,3.01545,3.0269,0,0
2015-06-26,18:00:00,3.02678,3.03189,3.02373,3.02768,0,0
2015-06-26,19:00:00,3.02756,3.03471,3.02724,3.03304,0,0
2015-06-26,20:00:00,3.03345,3.03807,3.03184,3.03662,0,0
2015-06-26,21:00:00,3.03662,3.0385,3.03335,3.0373,0,0
2015-06-26,22:00:00,3.03725,3.03725,3.03493,3.03579,0,0
2015-06-26,23:00:00,3.03579,3.03584,3.0355,3.03555,0,0
2015-06-29,01:00:00,3.08787,3.09671,3.08381,3.08494,0,0
2015-06-29,02:00:00,3.08505,3.09012,3.08286,3.08829,0,0
2015-06-29,03:00:00,3.08823,3.08823,3.07556,3.07919,0,0
2015-06-29,04:00:00,3.07918,3.08389,3.07807,3.08136,0,0
2015-06-29,05:00:00,3.08169,3.0826,3.0786,3.0816,0,0
2015-06-29,06:00:00,3.08157,3.08431,3.07993,3.08424,0,0
2015-06-29,07:00:00,3.08424,3.08761,3.08316,3.08501,0,0
2015-06-29,08:00:00,3.08483,3.09494,3.08244,3.08755,0,0
2015-06-29,09:00:00,3.08795,3.09133,3.0675,3.0735,0,0
2015-06-29,10:00:00,3.07331,3.08137,3.06904,3.07321,0,0
2015-06-29,11:00:00,3.07356,3.07607,3.05319,3.05585,0,0
2015-06-29,12:00:00,3.05584,3.06812,3.05569,3.05785,0,0
2015-06-29,13:00:00,3.05777,3.06012,3.04555,3.0495,0,0
2015-06-29,14:00:00,3.04933,3.05664,3.04541,3.05376,0,0
2015-06-29,15:00:00,3.05395,3.05568,3.04108,3.04862,0,0
2015-06-29,16:00:00,3.04836,3.05034,3.04016,3.04638,0,0
2015-06-29,17:00:00,3.04599,3.04656,3.03144,3.03769,0,0
2015-06-29,18:00:00,3.0371,3.03993,3.02657,3.03103,0,0
2015-06-29,19:00:00,3.03111,3.03311,3.01711,3.01928,0,0
2015-06-29,20:00:00,3.01951,3.02214,3.0053,3.014,0,0
2015-06-29,21:00:00,3.01379,3.01803,3.01179,3.01435,0,0
2015-06-29,22:00:00,3.01467,3.01582,3.01082,3.01181,0,0
2015-06-29,23:00:00,3.01115,3.01312,3.00709,3.01033,0,0
2015-06-29,23:59:00,3.0109,3.01254,3.0082,3.01242,0,0
2015-06-30,01:00:00,3.01258,3.01544,3.01193,3.01437,0,0
2015-06-30,02:00:00,3.01433,3.0154,3.01106,3.01137,0,0
2015-06-30,03:00:00,3.01135,3.01396,3.00696,3.00945,0,0
2015-06-30,04:00:00,3.00948,3.0154,3.00846,3.01474,0,0
2015-06-30,05:00:00,3.01457,3.01856,3.01323,3.01717,0,0
2015-06-30,06:00:00,3.01714,3.01937,3.01646,3.01692,0,0
2015-06-30,07:00:00,3.02045,3.02288,3.01692,3.02178,0,0
2015-06-30,08:00:00,3.02173,3.02583,3.01955,3.02511,0,0
2015-06-30,09:00:00,3.025,3.02883,3.02099,3.02739,0,0
2015-06-30,10:00:00,3.02757,3.0293,3.02067,3.02639,0,0
2015-06-30,11:00:00,3.02676,3.03693,3.02313,3.03592,0,0
2015-06-30,12:00:00,3.03551,3.03642,3.02292,3.02292,0,0
2015-06-30,13:00:00,3.0229,3.02885,3.02149,3.02655,0,0
2015-06-30,14:00:00,3.02641,3.03103,3.02295,3.03103,0,0
2015-06-30,15:00:00,3.03103,3.03194,3.00727,3.01001,0,0
2015-06-30,16:00:00,3.00992,3.01145,3.00186,3.00805,0,0
2015-06-30,17:00:00,3.00815,3.01348,3.00307,3.01316,0,0
2015-06-30,18:00:00,3.01276,3.01709,3.00854,3.01184,0,0
2015-06-30,19:00:00,3.01063,3.01473,3.00851,3.01018,0,0
2015-06-30,20:00:00,3.01018,3.01339,3.00849,3.0113,0,0
2015-06-30,21:00:00,3.01094,3.01404,3.01011,3.01223,0,0
2015-06-30,22:00:00,3.01206,3.01298,3.00988,3.01017,0,0
2015-06-30,23:00:00,3.01001,3.01353,3.00939,3.01157,0,0
2015-06-30,23:59:00,3.0099,3.01555,3.00967,3.01181,0,0
2015-07-01,01:00:00,3.01171,3.01693,3.01102,3.01685,0,0
2015-07-01,02:00:00,3.01685,3.01836,3.01572,3.01718,0,0
2015-07-01,03:00:00,3.01718,3.01776,3.01349,3.01357,0,0
2015-07-01,04:00:00,3.01384,3.01486,3.01158,3.01168,0,0
2015-07-01,05:00:00,3.01165,3.01444,3.01124,3.01384,0,0
2015-07-01,06:00:00,3.0137,3.0138,3.01183,3.01206,0,0
2015-07-01,07:00:00,3.01206,3.01268,3.00986,3.01011,0,0
2015-07-01,08:00:00,3.01025,3.01225,3.00926,3.01225,0,0
2015-07-01,09:00:00,3.01182,3.01512,3.01087,3.01489,0,0
2015-07-01,10:00:00,3.01523,3.01832,3.01169,3.01568,0,0
2015-07-01,11:00:00,3.01591,3.0212,3.00697,3.00921,0,0
2015-07-01,12:00:00,3.009,3.01061,3.0006,3.00888,0,0
2015-07-01,13:00:00,3.00908,3.01099,3.00458,3.00934,0,0
2015-07-01,14:00:00,3.00944,3.01516,3.00824,3.0139,0,0
2015-07-01,15:00:00,3.01408,3.0155,3.00974,3.0101,0,0
2015-07-01,16:00:00,3.0098,3.01582,3.00789,3.01304,0,0
2015-07-01,17:00:00,3.01327,3.0158,3.00694,3.00696,0,0
2015-07-01,18:00:00,3.00684,3.01238,3.0062,3.00982,0,0
2015-07-01,19:00:00,3.00999,3.01229,3.00676,3.00886,0,0
2015-07-01,20:00:00,3.0098,3.01101,3.00608,3.00833,0,0
2015-07-01,21:00:00,3.00842,3.01145,3.00779,3.01069,0,0
2015-07-01,22:00:00,3.01069,3.01247,3.00959,3.01105,0,0
2015-07-01,23:00:00,3.01099,3.01192,3.0074,3.01029,0,0
2015-07-01,23:59:00,3.01036,3.0124,3.00833,3.01057,0,0
2015-07-02,01:00:00,3.01052,3.01244,3.00906,3.0116,0,0
2015-07-02,02:00:00,3.0118,3.01452,3.01145,3.01382,0,0
2015-07-02,03:00:00,3.01369,3.01422,3.01062,3.01145,0,0
2015-07-02,04:00:00,3.01132,3.0122,3.00915,3.01088,0,0
2015-07-02,05:00:00,3.01088,3.01115,3.00501,3.0052,0,0
2015-07-02,06:00:00,3.00517,3.00644,3.00435,3.00644,0,0
2015-07-02,07:00:00,3.00644,3.00698,3.00453,3.00497,0,0
2015-07-02,08:00:00,3.0051,3.00756,3.00455,3.00543,0,0
2015-07-02,09:00:00,3.00543,3.00982,3.00381,3.0067,0,0
2015-07-02,10:00:00,3.00631,3.00977,3.00473,3.0071,0,0
2015-07-02,11:00:00,3.00721,3.00826,2.99871,2.99916,0,0
2015-07-02,12:00:00,2.99904,3.00124,2.99468,2.99865,0,0
2015-07-02,13:00:00,2.99877,3.0032,2.99756,3.00072,0,0
2015-07-02,14:00:00,3.00082,3.0061,2.99883,2.99899,0,0
2015-07-02,15:00:00,2.99882,3.00868,2.99766,3.00369,0,0
2015-07-02,16:00:00,3.00366,3.0108,3.0023,3.00578,0,0
2015-07-02,17:00:00,3.00578,3.00663,2.99987,3.00278,0,0
2015-07-02,18:00:00,3.00323,3.00881,3.00067,3.00853,0,0
2015-07-02,19:00:00,3.0085,3.01252,3.00686,3.01088,0,0
2015-07-02,20:00:00,3.01086,3.01186,3.00922,3.01139,0,0
2015-07-02,21:00:00,3.01124,3.01294,3.01027,3.01062,0,0
2015-07-02,22:00:00,3.01096,3.01393,3.01091,3.01382,0,0
2015-07-02,23:00:00,3.01454,3.01571,3.01329,3.01571,0,0
2015-07-02,23:59:00,3.01624,3.01624,3.0141,3.01467,0,0
2015-07-03,01:00:00,3.01454,3.01473,3.01201,3.01334,0,0
2015-07-03,02:00:00,3.01335,3.01403,3.01261,3.01274,0,0
2015-07-03,03:00:00,3.01275,3.01423,3.01134,3.01401,0,0
2015-07-03,04:00:00,3.01404,3.01446,3.00911,3.00948,0,0
2015-07-03,05:00:00,3.00946,3.01019,3.00861,3.00931,0,0
2015-07-03,06:00:00,3.00931,3.01004,3.00735,3.00886,0,0
2015-07-03,07:00:00,3.00886,3.00995,3.00858,3.00924,0,0
2015-07-03,08:00:00,3.00901,3.01103,3.00784,3.01043,0,0
2015-07-03,09:00:00,3.01005,3.01051,3.00606,3.00855,0,0
2015-07-03,10:00:00,3.00835,3.00931,3.00441,3.00638,0,0
2015-07-03,11:00:00,3.00644,3.00644,2.99903,3.0037,0,0
2015-07-03,12:00:00,3.00284,3.00554,3.00217,3.00378,0,0
2015-07-03,13:00:00,3.00347,3.00606,3.00235,3.00584,0,0
2015-07-03,14:00:00,3.00582,3.00996,3.00582,3.00711,0,0
2015-07-03,15:00:00,3.0071,3.00726,3.00133,3.00453,0,0
2015-07-03,16:00:00,3.00443,3.00454,2.99795,3.00139,0,0
2015-07-03,17:00:00,3.00127,3.00398,2.99871,3.00228,0,0
2015-07-03,18:00:00,3.00181,3.00797,2.99968,3.00728,0,0
2015-07-03,19:00:00,3.0077,3.01154,3.00073,3.01044,0,0
2015-07-03,20:00:00,3.01018,3.01018,3.00374,3.0068,0,0
2015-07-03,21:00:00,3.00678,3.00951,3.00645,3.00814,0,0
2015-07-03,22:00:00,3.00813,3.00879,3.00422,3.00451,0,0
2015-07-03,23:00:00,3.00499,3.00614,3.00453,3.00458,0,0
2015-07-06,01:00:00,3.0401,3.0434,3.02865,3.0299,0,0
2015-07-06,02:00:00,3.02989,3.03082,3.0239,3.03041,0,0
2015-07-06,03:00:00,3.03044,3.03089,3.02403,3.02592,0,0
2015-07-06,04:00:00,3.02604,3.02604,3.01684,3.01814,0,0
2015-07-06,05:00:00,3.01808,3.01905,3.01605,3.0177,0,0
2015-07-06,06:00:00,3.01772,3.02037,3.01769,3.01908,0,0
2015-07-06,07:00:00,3.01908,3.02832,3.01774,3.02584,0,0
2015-07-06,08:00:00,3.026,3.03047,3.01076,3.01318,0,0
2015-07-06,09:00:00,3.01262,3.01989,3.01141,3.01751,0,0
2015-07-06,10:00:00,3.01766,3.01982,3.01132,3.01132,0,0
2015-07-06,11:00:00,3.01175,3.01523,3.00868,3.01465,0,0
2015-07-06,12:00:00,3.01459,3.01571,3.01155,3.01266,0,0
2015-07-06,13:00:00,3.01266,3.01739,3.01122,3.01122,0,0
2015-07-06,14:00:00,3.01112,3.01984,3.00861,3.01911,0,0
2015-07-06,15:00:00,3.01875,3.02308,3.01333,3.01381,0,0
2015-07-06,16:00:00,3.01377,3.01425,3.00849,3.01049,0,0
2015-07-06,17:00:00,3.01052,3.01314,3.00638,3.00769,0,0
2015-07-06,18:00:00,3.00749,3.01044,3.00321,3.00452,0,0
2015-07-06,19:00:00,3.00484,3.00788,2.99963,3.0034,0,0
2015-07-06,20:00:00,3.0041,3.0041,2.99677,3.00066,0,0
2015-07-06,21:00:00,3.00077,3.00988,2.9997,3.00905,0,0
2015-07-06,22:00:00,3.00905,3.00934,3.00546,3.00615,0,0
2015-07-06,23:00:00,3.00594,3.00601,3.00409,3.00541,0,0
2015-07-06,23:59:00,3.0041,3.0069,3.00406,3.0068,0,0
2015-07-07,01:00:00,3.00667,3.00691,3.00479,3.00646,0,0
2015-07-07,02:00:00,3.00646,3.00681,3.00474,3.00521,0,0
2015-07-07,03:00:00,3.00521,3.00718,3.00506,3.00539,0,0
2015-07-07,04:00:00,3.00539,3.0104,3.00512,3.00985,0,0
2015-07-07,05:00:00,3.00977,3.01083,3.0077,3.00944,0,0
2015-07-07,06:00:00,3.00936,3.01075,3.00858,3.00893,0,0
2015-07-07,07:00:00,3.00893,3.0106,3.00865,3.00996,0,0
2015-07-07,08:00:00,3.00991,3.00991,3.005,3.005,0,0
2015-07-07,09:00:00,3.00467,3.01155,3.00467,3.0085,0,0
2015-07-07,10:00:00,3.00871,3.01329,3.00737,3.01052,0,0
2015-07-07,11:00:00,3.00995,3.01924,3.00847,3.01924,0,0
2015-07-07,12:00:00,3.01946,3.02051,3.01318,3.01484,0,0
2015-07-07,13:00:00,3.01483,3.01706,3.01043,3.01043,0,0
2015-07-07,14:00:00,3.01148,3.01629,3.01087,3.01426,0,0
2015-07-07,15:00:00,3.01431,3.02032,3.01196,3.02015,0,0
2015-07-07,16:00:00,3.01986,3.0208,3.0079,3.00851,0,0
2015-07-07,17:00:00,3.00909,3.01973,3.00879,3.01661,0,0
2015-07-07,18:00:00,3.01608,3.02172,3.01446,3.01943,0,0
2015-07-07,19:00:00,3.01938,3.02034,3.01318,3.01981,0,0
2015-07-07,20:00:00,3.02001,3.02124,3.01434,3.01681,0,0
2015-07-07,21:00:00,3.01637,3.01743,3.01282,3.01683,0,0
2015-07-07,22:00:00,3.01656,3.01707,3.00163,3.00559,0,0
2015-07-07,23:00:00,3.00572,3.01131,3.00479,3.00825,0,0
2015-07-07,23:59:00,3.00759,3.01679,3.00734,3.01214,0,0
2015-07-08,01:00:00,3.01217,3.01246,3.00934,3.00934,0,0
2015-07-08,02:00:00,3.00937,3.01084,3.00589,3.00737,0,0
2015-07-08,03:00:00,3.00737,3.0104,3.00735,3.00997,0,0
2015-07-08,04:00:00,3.01001,3.0104,3.00662,3.0087,0,0
2015-07-08,05:00:00,3.00875,3.0123,3.0084,3.01187,0,0
2015-07-08,06:00:00,3.0119,3.01227,3.00847,3.01131,0,0
2015-07-08,07:00:00,3.01131,3.01146,3.00771,3.00879,0,0
2015-07-08,08:00:00,3.00883,3.01056,3.00733,3.00911,0,0
2015-07-08,09:00:00,3.00857,3.01048,3.00415,3.00468,0,0
2015-07-08,10:00:00,3.00506,3.0101,3.00137,3.00362,0,0
2015-07-08,11:00:00,3.00276,3.00581,2.99937,3.00321,0,0
2015-07-08,12:00:00,3.00334,3.01405,3.00091,3.01292,0,0
2015-07-08,13:00:00,3.01296,3.0161,3.0072,3.0161,0,0
2015-07-08,14:00:00,3.01581,3.02147,3.0101,3.01023,0,0
2015-07-08,15:00:00,3.01056,3.01129,2.99877,3.00307,0,0
2015-07-08,16:00:00,3.00291,3.01104,2.99696,3.01008,0,0
2015-07-08,17:00:00,3.00987,3.01712,3.00584,3.00694,0,0
2015-07-08,18:00:00,3.0075,3.01043,3.00299,3.00739,0,0
2015-07-08,19:00:00,3.0078,3.00947,3.00413,3.00823,0,0
2015-07-08,20:00:00,3.00798,3.01285,3.00637,3.00864,0,0
2015-07-08,21:00:00,3.00843,3.0097,3.00431,3.00694,0,0
2015-07-08,22:00:00,3.00765,3.00883,3.0053,3.0056,0,0
2015-07-08,23:00:00,3.00535,3.00652,3.00185,3.00197,0,0
2015-07-08,23:59:00,3.00222,3.00487,2.99879,3.00005,0,0
2015-07-09,01:00:00,3.00001,3.0016,2.99946,3.00085,0,0
2015-07-09,02:00:00,3.00117,3.00413,3.00027,3.00363,0,0
2015-07-09,03:00:00,3.00366,3.0047,3.00163,3.00397,0,0
2015-07-09,04:00:00,3.00384,3.00585,3.00231,3.00444,0,0
2015-07-09,05:00:00,3.00453,3.00636,3.00385,3.00404,0,0
2015-07-09,06:00:00,3.004,3.00522,3.00308,3.0037,0,0
2015-07-09,07:00:00,3.0037,3.00565,3.00228,3.00504,0,0
2015-07-09,08:00:00,3.00504,3.00696,3.00133,3.00485,0,0
2015-07-09,09:00:00,3.00487,3.00696,2.99905,2.99943,0,0
2015-07-09,10:00:00,2.99965,3.01151,2.99947,3.00916,0,0
2015-07-09,11:00:00,3.00935,3.01174,3.00595,3.00817,0,0
2015-07-09,12:00:00,3.00817,3.01253,3.00489,3.00691,0,0
2015-07-09,13:00:00,3.00713,3.01151,3.00369,3.00845,0,0
2015-07-09,14:00:00,3.00808,3.01252,3.00259,3.00259,0,0
2015-07-09,15:00:00,3.0027,3.01567,3.00202,3.00979,0,0
2015-07-09,16:00:00,3.00982,3.01073,3.00324,3.00421,0,0
2015-07-09,17:00:00,3.00425,3.00425,2.99537,2.99879,0,0
2015-07-09,18:00:00,2.99972,3.00899,2.99969,3.00823,0,0
2015-07-09,19:00:00,3.00824,3.01334,3.0068,3.01256,0,0
2015-07-09,20:00:00,3.01255,3.0138,3.00832,3.01055,0,0
2015-07-09,21:00:00,3.01074,3.01079,3.00748,3.00945,0,0
2015-07-09,22:00:00,3.00928,3.00977,3.00603,3.00882,0,0
2015-07-09,23:00:00,3.00926,3.01143,3.00608,3.00684,0,0
2015-07-09,23:59:00,3.0075,3.00903,3.00394,3.00405,0,0
2015-07-10,01:00:00,3.00379,3.00458,2.99286,2.99769,0,0
2015-07-10,02:00:00,2.99784,3.0008,2.9953,2.99911,0,0
2015-07-10,03:00:00,2.99899,3.00011,2.99609,2.99609,0,0
2015-07-10,04:00:00,2.99609,2.99698,2.99196,2.99421,0,0
2015-07-10,05:00:00,2.99417,2.99596,2.99324,2.9945,0,0
2015-07-10,06:00:00,2.9945,2.99655,2.99414,2.99551,0,0
2015-07-10,07:00:00,2.99555,2.99691,2.99396,2.99584,0,0
2015-07-10,08:00:00,2.99584,2.99659,2.98878,2.99059,0,0
2015-07-10,09:00:00,2.99071,2.99071,2.97289,2.97738,0,0
2015-07-10,10:00:00,2.97701,2.98201,2.96864,2.97104,0,0
2015-07-10,11:00:00,2.97107,2.97255,2.96434,2.9645,0,0
2015-07-10,12:00:00,2.96429,2.96511,2.95075,2.95356,0,0
2015-07-10,13:00:00,2.9533,2.95532,2.94252,2.94252,0,0
2015-07-10,14:00:00,2.94316,2.94369,2.93596,2.93986,0,0
2015-07-10,15:00:00,2.93978,2.94714,2.93277,2.9342,0,0
2015-07-10,16:00:00,2.93388,2.93937,2.92614,2.93032,0,0
2015-07-10,17:00:00,2.92992,2.93521,2.92732,2.93408,0,0
2015-07-10,18:00:00,2.93377,2.94471,2.93341,2.94448,0,0
2015-07-10,19:00:00,2.94475,2.95128,2.9418,2.95113,0,0
2015-07-10,20:00:00,2.95107,2.95139,2.94668,2.94785,0,0
2015-07-10,21:00:00,2.94806,2.95636,2.94756,2.95553,0,0
2015-07-10,22:00:00,2.9555,2.95773,2.95327,2.95392,0,0
2015-07-10,23:00:00,2.95427,2.95453,2.95404,2.95437,0,0
2015-07-13,01:00:00,2.95525,2.95934,2.95456,2.95926,0,0
2015-07-13,02:00:00,2.95945,2.96043,2.95583,2.95736,0,0
2015-07-13,03:00:00,2.95702,2.95753,2.95293,2.9566,0,0
2015-07-13,04:00:00,2.9566,2.95988,2.95517,2.95568,0,0
2015-07-13,05:00:00,2.95581,2.95792,2.95377,2.95701,0,0
2015-07-13,06:00:00,2.95701,2.9618,2.95565,2.95659,0,0
2015-07-13,07:00:00,2.95657,2.95663,2.95385,2.95538,0,0
2015-07-13,08:00:00,2.95541,2.95582,2.94992,2.95041,0,0
2015-07-13,09:00:00,2.95042,2.95584,2.92573,2.93275,0,0
2015-07-13,10:00:00,2.93181,2.94427,2.93177,2.93816,0,0
2015-07-13,11:00:00,2.9385,2.95056,2.93844,2.94891,0,0
2015-07-13,12:00:00,2.94972,2.95042,2.94458,2.9492,0,0
2015-07-13,13:00:00,2.94892,2.9553,2.94772,2.94899,0,0
2015-07-13,14:00:00,2.94916,2.94966,2.94388,2.94541,0,0
2015-07-13,15:00:00,2.9452,2.95208,2.94079,2.94171,0,0
2015-07-13,16:00:00,2.94174,2.94488,2.9366,2.9378,0,0
2015-07-13,17:00:00,2.93681,2.9436,2.93222,2.94315,0,0
2015-07-13,18:00:00,2.94258,2.94404,2.93676,2.94325,0,0
2015-07-13,19:00:00,2.9432,2.94883,2.9409,2.94789,0,0
2015-07-13,20:00:00,2.94774,2.94974,2.94616,2.94956,0,0
2015-07-13,21:00:00,2.94963,2.95084,2.94577,2.95084,0,0
2015-07-13,22:00:00,2.95142,2.95455,2.94991,2.95334,0,0
2015-07-13,23:00:00,2.95357,2.95372,2.95001,2.95135,0,0
2015-07-13,23:59:00,2.95066,2.95332,2.94958,2.95101,0,0
2015-07-14,01:00:00,2.9509,2.95202,2.94961,2.94999,0,0
2015-07-14,02:00:00,2.94999,2.95413,2.94946,2.95413,0,0
2015-07-14,03:00:00,2.9536,2.95436,2.95121,2.95279,0,0
2015-07-14,04:00:00,2.95269,2.9533,2.94971,2.95123,0,0
2015-07-14,05:00:00,2.95123,2.95326,2.95058,2.95255,0,0
2015-07-14,06:00:00,2.95247,2.95417,2.9498,2.94991,0,0
2015-07-14,07:00:00,2.94991,2.95152,2.94939,2.95036,0,0
2015-07-14,08:00:00,2.95034,2.95269,2.94779,2.95269,0,0
2015-07-14,09:00:00,2.95258,2.9592,2.94694,2.95461,0,0
2015-07-14,10:00:00,2.95452,2.95575,2.94662,2.94884,0,0
2015-07-14,11:00:00,2.94867,2.95212,2.94064,2.94413,0,0
2015-07-14,12:00:00,2.94429,2.94543,2.93795,2.93992,0,0
2015-07-14,13:00:00,2.93983,2.9464,2.93936,2.94482,0,0
2015-07-14,14:00:00,2.94477,2.94848,2.94175,2.94751,0,0
2015-07-14,15:00:00,2.94738,2.94949,2.94171,2.94392,0,0
2015-07-14,16:00:00,2.94376,2.95094,2.94093,2.94847,0,0
2015-07-14,17:00:00,2.94867,2.95537,2.94495,2.95346,0,0
2015-07-14,18:00:00,2.95358,2.95366,2.94156,2.94273,0,0
2015-07-14,19:00:00,2.94325,2.94751,2.94238,2.94548,0,0
2015-07-14,20:00:00,2.94548,2.94731,2.94144,2.94411,0,0
2015-07-14,21:00:00,2.94427,2.94556,2.94197,2.94375,0,0
2015-07-14,22:00:00,2.94373,2.94691,2.94341,2.94644,0,0
2015-07-14,23:00:00,2.94647,2.9475,2.9453,2.94737,0,0
2015-07-14,23:59:00,2.94732,2.94798,2.94514,2.9468,0,0
2015-07-15,01:00:00,2.94686,2.94705,2.94485,2.94588,0,0
2015-07-15,02:00:00,2.94584,2.94784,2.94549,2.94644,0,0
2015-07-15,03:00:00,2.94648,2.95015,2.94613,2.94867,0,0
2015-07-15,04:00:00,2.94933,2.95061,2.94867,2.95005,0,0
2015-07-15,05:00:00,2.95008,2.95177,2.94851,2.94997,0,0
2015-07-15,06:00:00,2.94995,2.95034,2.94791,2.94862,0,0
2015-07-15,07:00:00,2.9487,2.95007,2.94816,2.94853,0,0
2015-07-15,08:00:00,2.94853,2.9502,2.94631,2.94941,0,0
2015-07-15,09:00:00,2.94955,2.95102,2.94259,2.94317,0,0
2015-07-15,10:00:00,2.94336,2.94837,2.94151,2.94417,0,0
2015-07-15,11:00:00,2.94406,2.94406,2.93709,2.93711,0,0
2015-07-15,12:00:00,2.9368,2.94033,2.9364,2.93647,0,0
2015-07-15,13:00:00,2.93647,2.93963,2.93352,2.93858,0,0
2015-07-15,14:00:00,2.93878,2.94672,2.93689,2.94554,0,0
2015-07-15,15:00:00,2.94552,2.94848,2.94191,2.94558,0,0
2015-07-15,16:00:00,2.94542,2.95099,2.94033,2.9492,0,0
2015-07-15,17:00:00,2.94871,2.94871,2.91878,2.92609,0,0
2015-07-15,18:00:00,2.92629,2.92853,2.91211,2.91261,0,0
2015-07-15,19:00:00,2.91273,2.91699,2.9103,2.91487,0,0
2015-07-15,20:00:00,2.91474,2.91909,2.91446,2.9161,0,0
2015-07-15,21:00:00,2.91621,2.91855,2.91446,2.91855,0,0
2015-07-15,22:00:00,2.91876,2.92147,2.916,2.91873,0,0
2015-07-15,23:00:00,2.91849,2.92287,2.91802,2.92053,0,0
2015-07-15,23:59:00,2.92025,2.92236,2.91993,2.92141,0,0
2015-07-16,01:00:00,2.92097,2.92299,2.91734,2.91865,0,0
2015-07-16,02:00:00,2.91848,2.92135,2.91743,2.92085,0,0
2015-07-16,03:00:00,2.92074,2.92245,2.91968,2.92025,0,0
2015-07-16,04:00:00,2.92038,2.92513,2.91968,2.92307,0,0
2015-07-16,05:00:00,2.923,2.92371,2.92074,2.9216,0,0
2015-07-16,06:00:00,2.92158,2.92291,2.92064,2.9218,0,0
2015-07-16,07:00:00,2.92174,2.92294,2.92058,2.92197,0,0
2015-07-16,08:00:00,2.92183,2.92482,2.92052,2.92145,0,0
2015-07-16,09:00:00,2.92118,2.92383,2.91675,2.92098,0,0
2015-07-16,10:00:00,2.92137,2.92188,2.90834,2.91654,0,0
2015-07-16,11:00:00,2.91664,2.91914,2.91241,2.91631,0,0
2015-07-16,12:00:00,2.91666,2.91751,2.91249,2.91632,0,0
2015-07-16,13:00:00,2.91643,2.92054,2.91433,2.91822,0,0
2015-07-16,14:00:00,2.91806,2.92104,2.91654,2.91934,0,0
2015-07-16,15:00:00,2.91938,2.92715,2.91558,2.92666,0,0
2015-07-16,16:00:00,2.92663,2.92707,2.91511,2.91852,0,0
2015-07-16,17:00:00,2.91793,2.92005,2.91527,2.91551,0,0
2015-07-16,18:00:00,2.91548,2.9179,2.91452,2.91683,0,0
2015-07-16,19:00:00,2.91687,2.92296,2.91544,2.92081,0,0
2015-07-16,20:00:00,2.92101,2.92193,2.91674,2.91845,0,0
2015-07-16,21:00:00,2.91825,2.92101,2.91481,2.91563,0,0
2015-07-16,22:00:00,2.9159,2.91762,2.91451,2.91479,0,0
2015-07-16,23:00:00,2.91503,2.91896,2.91462,2.91878,0,0
2015-07-16,23:59:00,2.91885,2.91897,2.91616,2.91765,0,0
2015-07-17,01:00:00,2.91765,2.91801,2.91457,2.91516,0,0
2015-07-17,02:00:00,2.91521,2.91663,2.91346,2.91391,0,0
2015-07-17,03:00:00,2.91398,2.91502,2.91312,2.91379,0,0
2015-07-17,04:00:00,2.91377,2.91506,2.91284,2.91368,0,0
2015-07-17,05:00:00,2.91368,2.91599,2.91326,2.91492,0,0
2015-07-17,06:00:00,2.91486,2.91515,2.91187,2.91323,0,0
2015-07-17,07:00:00,2.91323,2.91601,2.91253,2.91491,0,0
2015-07-17,08:00:00,2.91491,2.9168,2.91354,2.91534,0,0
2015-07-17,09:00:00,2.91531,2.91627,2.91257,2.91491,0,0
2015-07-17,10:00:00,2.91497,2.9185,2.90618,2.90807,0,0
2015-07-17,11:00:00,2.90809,2.91069,2.90011,2.90244,0,0
2015-07-17,12:00:00,2.90247,2.90397,2.90063,2.9039,0,0
2015-07-17,13:00:00,2.90397,2.9072,2.90228,2.90274,0,0
2015-07-17,14:00:00,2.90295,2.90543,2.90154,2.90371,0,0
2015-07-17,15:00:00,2.90371,2.91131,2.90164,2.91008,0,0
2015-07-17,16:00:00,2.91015,2.9162,2.90858,2.9153,0,0
2015-07-17,17:00:00,2.91597,2.91638,2.91133,2.91526,0,0
2015-07-17,18:00:00,2.91534,2.91727,2.91123,2.91361,0,0
2015-07-17,19:00:00,2.91384,2.91535,2.91281,2.91295,0,0
2015-07-17,20:00:00,2.91343,2.91675,2.91265,2.91541,0,0
2015-07-17,21:00:00,2.91543,2.91786,2.91494,2.91638,0,0
2015-07-17,22:00:00,2.9164,2.91815,2.91565,2.91775,0,0
2015-07-17,23:00:00,2.91789,2.91789,2.91765,2.9178,0,0
2015-07-20,01:00:00,2.92012,2.92013,2.91755,2.91809,0,0
2015-07-20,02:00:00,2.91883,2.92037,2.91786,2.91973,0,0
2015-07-20,03:00:00,2.91971,2.92138,2.91743,2.92077,0,0
2015-07-20,04:00:00,2.92069,2.92255,2.91983,2.92255,0,0
2015-07-20,05:00:00,2.92276,2.9232,2.92013,2.92077,0,0
2015-07-20,06:00:00,2.92063,2.92304,2.92054,2.92208,0,0
2015-07-20,07:00:00,2.92208,2.92343,2.92063,2.92252,0,0
2015-07-20,08:00:00,2.92248,2.92435,2.92151,2.92326,0,0
2015-07-20,09:00:00,2.92305,2.92545,2.92041,2.92288,0,0
2015-07-20,10:00:00,2.92295,2.92471,2.91735,2.91858,0,0
2015-07-20,11:00:00,2.9182,2.91911,2.9132,2.91764,0,0
2015-07-20,12:00:00,2.91755,2.92544,2.91691,2.91909,0,0
2015-07-20,13:00:00,2.91894,2.92577,2.91849,2.92308,0,0
2015-07-20,14:00:00,2.92315,2.92583,2.92188,2.92277,0,0
2015-07-20,15:00:00,2.92262,2.92761,2.92016,2.92449,0,0
2015-07-20,16:00:00,2.92456,2.92884,2.92263,2.92347,0,0
2015-07-20,17:00:00,2.92294,2.9279,2.91846,2.92733,0,0
2015-07-20,18:00:00,2.92738,2.93002,2.9254,2.92902,0,0
2015-07-20,19:00:00,2.92828,2.92966,2.92651,2.92827,0,0
2015-07-20,20:00:00,2.92825,2.92825,2.92596,2.9275,0,0
2015-07-20,21:00:00,2.92746,2.93107,2.92718,2.92835,0,0
2015-07-20,22:00:00,2.92831,2.93013,2.92742,2.92799,0,0
2015-07-20,23:00:00,2.92784,2.9346,2.92784,2.93192,0,0
2015-07-20,23:59:00,2.93155,2.9324,2.92964,2.93168,0,0
