Date,Time,Open,High,Low,Close,Volume,OpenInt
2015-04-22,01:00:00,0.81438,0.81485,0.81437,0.8148,0,0
2015-04-22,02:00:00,0.8148,0.81512,0.81446,0.81494,0,0
2015-04-22,03:00:00,0.81496,0.81496,0.81387,0.81419,0,0
2015-04-22,04:00:00,0.81419,0.81512,0.81413,0.81475,0,0
2015-04-22,05:00:00,0.81476,0.81567,0.8145,0.81516,0,0
2015-04-22,06:00:00,0.81516,0.81531,0.81472,0.81496,0,0
2015-04-22,07:00:00,0.81496,0.81597,0.81489,0.81588,0,0
2015-04-22,08:00:00,0.81593,0.81624,0.81565,0.81598,0,0
2015-04-22,09:00:00,0.81599,0.81706,0.81519,0.81643,0,0
2015-04-22,10:00:00,0.81634,0.81776,0.81631,0.81747,0,0
2015-04-22,11:00:00,0.81747,0.81819,0.8166,0.81764,0,0
2015-04-22,12:00:00,0.81765,0.8188,0.81751,0.81858,0,0
2015-04-22,13:00:00,0.81858,0.81891,0.81703,0.81723,0,0
2015-04-22,14:00:00,0.81725,0.81774,0.81656,0.81674,0,0
2015-04-22,15:00:00,0.81674,0.81737,0.81588,0.81676,0,0
2015-04-22,16:00:00,0.81675,0.81774,0.8162,0.81755,0,0
2015-04-22,17:00:00,0.81755,0.8178,0.81558,0.81625,0,0
2015-04-22,18:00:00,0.81625,0.81721,0.81504,0.81635,0,0
2015-04-22,19:00:00,0.81634,0.81745,0.81563,0.81734,0,0
2015-04-22,20:00:00,0.81734,0.81746,0.81689,0.81715,0,0
2015-04-22,21:00:00,0.81715,0.81803,0.81687,0.81735,0,0
2015-04-22,22:00:00,0.81741,0.81793,0.81735,0.81784,0,0
2015-04-22,23:00:00,0.81786,0.81798,0.81678,0.81712,0,0
2015-04-22,23:59:00,0.81712,0.81728,0.81656,0.81656,0,0
2015-04-23,01:00:00,0.81656,0.81674,0.81651,0.81663,0,0
2015-04-23,02:00:00,0.81663,0.81702,0.81647,0.81666,0,0
2015-04-23,03:00:00,0.81665,0.81674,0.81536,0.81555,0,0
2015-04-23,04:00:00,0.81549,0.816,0.81507,0.81553,0,0
2015-04-23,05:00:00,0.81552,0.81572,0.8151,0.81545,0,0
2015-04-23,06:00:00,0.81544,0.81665,0.81544,0.81656,0,0
2015-04-23,07:00:00,0.81653,0.81697,0.81615,0.81674,0,0
2015-04-23,08:00:00,0.81674,0.81735,0.8166,0.81669,0,0
2015-04-23,09:00:00,0.81669,0.81687,0.81529,0.81537,0,0
2015-04-23,10:00:00,0.81535,0.81683,0.81517,0.81661,0,0
2015-04-23,11:00:00,0.81661,0.81703,0.81613,0.81654,0,0
2015-04-23,12:00:00,0.81656,0.81742,0.81637,0.81697,0,0
2015-04-23,13:00:00,0.81703,0.81778,0.81603,0.81705,0,0
2015-04-23,14:00:00,0.81704,0.81861,0.81672,0.81775,0,0
2015-04-23,15:00:00,0.81774,0.81865,0.81637,0.8176,0,0
2015-04-23,16:00:00,0.81763,0.81882,0.81715,0.81865,0,0
2015-04-23,17:00:00,0.81878,0.82276,0.81878,0.82227,0,0
2015-04-23,18:00:00,0.82229,0.8241,0.82202,0.82323,0,0
2015-04-23,19:00:00,0.82323,0.82482,0.82305,0.82415,0,0
2015-04-23,20:00:00,0.82415,0.82501,0.82322,0.82364,0,0
2015-04-23,21:00:00,0.82365,0.82406,0.8233,0.82356,0,0
2015-04-23,22:00:00,0.82358,0.82367,0.82286,0.82328,0,0
2015-04-23,23:00:00,0.82328,0.82386,0.82307,0.82341,0,0
2015-04-23,23:59:00,0.82336,0.82366,0.823,0.82302,0,0
2015-04-24,01:00:00,0.82318,0.82362,0.82289,0.82296,0,0
2015-04-24,02:00:00,0.82296,0.82333,0.82284,0.82326,0,0
2015-04-24,03:00:00,0.82321,0.82395,0.82273,0.82381,0,0
2015-04-24,04:00:00,0.82381,0.82383,0.82294,0.82304,0,0
2015-04-24,05:00:00,0.82302,0.82344,0.82263,0.82273,0,0
2015-04-24,06:00:00,0.82273,0.82319,0.82254,0.82305,0,0
2015-04-24,07:00:00,0.82302,0.82332,0.82279,0.82332,0,0
2015-04-24,08:00:00,0.82333,0.8234,0.82271,0.82314,0,0
2015-04-24,09:00:00,0.82313,0.82452,0.82234,0.82438,0,0
2015-04-24,10:00:00,0.82438,0.82474,0.82384,0.8242,0,0
2015-04-24,11:00:00,0.8242,0.82561,0.82408,0.82474,0,0
2015-04-24,12:00:00,0.82477,0.82477,0.82384,0.82418,0,0
2015-04-24,13:00:00,0.82413,0.82474,0.82372,0.82401,0,0
2015-04-24,14:00:00,0.82401,0.82533,0.82381,0.82533,0,0
2015-04-24,15:00:00,0.82533,0.82623,0.82474,0.82533,0,0
2015-04-24,16:00:00,0.82534,0.82577,0.82202,0.82214,0,0
2015-04-24,17:00:00,0.82219,0.82313,0.82092,0.8216,0,0
2015-04-24,18:00:00,0.8216,0.82263,0.82146,0.82186,0,0
2015-04-24,19:00:00,0.82186,0.82243,0.82102,0.82129,0,0
2015-04-24,20:00:00,0.82111,0.82186,0.82111,0.82165,0,0
2015-04-24,21:00:00,0.82165,0.82266,0.82163,0.82171,0,0
2015-04-24,22:00:00,0.82171,0.82194,0.82138,0.82174,0,0
2015-04-24,23:00:00,0.82177,0.82184,0.82177,0.82181,0,0
2015-04-27,01:00:00,0.82081,0.82092,0.82043,0.82092,0,0
2015-04-27,02:00:00,0.8209,0.82175,0.8209,0.82154,0,0
2015-04-27,03:00:00,0.82154,0.82277,0.82138,0.82216,0,0
2015-04-27,04:00:00,0.82217,0.82278,0.82192,0.82273,0,0
2015-04-27,05:00:00,0.82273,0.82302,0.82269,0.82279,0,0
2015-04-27,06:00:00,0.82278,0.82278,0.82186,0.82201,0,0
2015-04-27,07:00:00,0.822,0.82235,0.82193,0.8222,0,0
2015-04-27,08:00:00,0.82216,0.82282,0.82211,0.82254,0,0
2015-04-27,09:00:00,0.82254,0.82281,0.8206,0.82069,0,0
2015-04-27,10:00:00,0.82069,0.82171,0.8206,0.8208,0,0
2015-04-27,11:00:00,0.82079,0.82171,0.81998,0.8215,0,0
2015-04-27,12:00:00,0.82149,0.82221,0.82119,0.82203,0,0
2015-04-27,13:00:00,0.82203,0.82282,0.82152,0.82271,0,0
2015-04-27,14:00:00,0.82271,0.82282,0.82196,0.82275,0,0
2015-04-27,15:00:00,0.82272,0.82309,0.82176,0.82198,0,0
2015-04-27,16:00:00,0.82196,0.82496,0.82193,0.82493,0,0
2015-04-27,17:00:00,0.82497,0.82772,0.82493,0.82676,0,0
2015-04-27,18:00:00,0.82669,0.8272,0.82557,0.82605,0,0
2015-04-27,19:00:00,0.82605,0.82752,0.826,0.82626,0,0
2015-04-27,20:00:00,0.82626,0.82692,0.82565,0.82566,0,0
2015-04-27,21:00:00,0.82566,0.82767,0.8253,0.82716,0,0
2015-04-27,22:00:00,0.82729,0.82738,0.82641,0.82643,0,0
2015-04-27,23:00:00,0.82641,0.82746,0.82632,0.82746,0,0
2015-04-27,23:59:00,0.82746,0.82746,0.82688,0.82709,0,0
2015-04-28,01:00:00,0.82709,0.82738,0.82651,0.82682,0,0
2015-04-28,02:00:00,0.82693,0.82728,0.82669,0.82686,0,0
2015-04-28,03:00:00,0.82686,0.8269,0.82656,0.82667,0,0
2015-04-28,04:00:00,0.82674,0.8269,0.82654,0.82658,0,0
2015-04-28,05:00:00,0.82656,0.82688,0.82619,0.8265,0,0
2015-04-28,06:00:00,0.8265,0.82672,0.82612,0.82618,0,0
2015-04-28,07:00:00,0.82618,0.82634,0.82585,0.82589,0,0
2015-04-28,08:00:00,0.82589,0.82674,0.82579,0.8264,0,0
2015-04-28,09:00:00,0.8264,0.82712,0.82568,0.82579,0,0
2015-04-28,10:00:00,0.82575,0.82712,0.82529,0.82589,0,0
2015-04-28,11:00:00,0.82589,0.82673,0.82538,0.82668,0,0
2015-04-28,12:00:00,0.82668,0.82864,0.82638,0.82849,0,0
2015-04-28,13:00:00,0.82849,0.82932,0.82818,0.82924,0,0
2015-04-28,14:00:00,0.82924,0.82986,0.82857,0.82926,0,0
2015-04-28,15:00:00,0.82926,0.82946,0.82792,0.8289,0,0
2015-04-28,16:00:00,0.8289,0.82965,0.82653,0.82845,0,0
2015-04-28,17:00:00,0.82853,0.83148,0.82853,0.83111,0,0
2015-04-28,18:00:00,0.83112,0.83197,0.83054,0.83189,0,0
2015-04-28,19:00:00,0.83189,0.83227,0.83101,0.83158,0,0
2015-04-28,20:00:00,0.83157,0.83199,0.83105,0.83128,0,0
2015-04-28,21:00:00,0.83121,0.8318,0.831,0.83119,0,0
2015-04-28,22:00:00,0.8312,0.83195,0.83084,0.83121,0,0
2015-04-28,23:00:00,0.83121,0.83155,0.8307,0.83105,0,0
2015-04-28,23:59:00,0.83105,0.83178,0.83105,0.83164,0,0
2015-04-29,01:00:00,0.83156,0.83157,0.83074,0.83117,0,0
2015-04-29,02:00:00,0.83119,0.83134,0.83065,0.83065,0,0
2015-04-29,03:00:00,0.83065,0.83116,0.83021,0.8309,0,0
2015-04-29,04:00:00,0.8309,0.8309,0.83036,0.83061,0,0
2015-04-29,05:00:00,0.83062,0.83079,0.83025,0.83042,0,0
2015-04-29,06:00:00,0.83042,0.83097,0.83023,0.83069,0,0
2015-04-29,07:00:00,0.83069,0.83081,0.83039,0.83068,0,0
2015-04-29,08:00:00,0.83069,0.83141,0.83065,0.83121,0,0
2015-04-29,09:00:00,0.83121,0.83213,0.83097,0.832,0,0
2015-04-29,10:00:00,0.83201,0.83239,0.83114,0.83215,0,0
2015-04-29,11:00:00,0.83213,0.83215,0.83086,0.83183,0,0
2015-04-29,12:00:00,0.83183,0.83183,0.82913,0.82913,0,0
2015-04-29,13:00:00,0.82911,0.82937,0.82826,0.82916,0,0
2015-04-29,14:00:00,0.82916,0.82979,0.82869,0.82925,0,0
2015-04-29,15:00:00,0.82925,0.83404,0.82908,0.83179,0,0
2015-04-29,16:00:00,0.83179,0.83581,0.83128,0.83552,0,0
2015-04-29,17:00:00,0.83544,0.8365,0.83492,0.83578,0,0
2015-04-29,18:00:00,0.83581,0.8364,0.83488,0.83635,0,0
2015-04-29,19:00:00,0.83635,0.83718,0.83501,0.83504,0,0
2015-04-29,20:00:00,0.83505,0.83566,0.83298,0.83298,0,0
2015-04-29,21:00:00,0.83307,0.83462,0.83079,0.83232,0,0
2015-04-29,22:00:00,0.83232,0.83286,0.83177,0.83177,0,0
2015-04-29,23:00:00,0.83172,0.83279,0.83172,0.83205,0,0
2015-04-29,23:59:00,0.83205,0.83307,0.83183,0.83205,0,0
2015-04-30,01:00:00,0.83203,0.83232,0.83203,0.83218,0,0
2015-04-30,02:00:00,0.83218,0.83229,0.83177,0.83186,0,0
2015-04-30,03:00:00,0.83186,0.83257,0.83186,0.83233,0,0
2015-04-30,04:00:00,0.83233,0.83263,0.83147,0.83163,0,0
2015-04-30,05:00:00,0.83159,0.83159,0.83076,0.83133,0,0
2015-04-30,06:00:00,0.83128,0.83145,0.83092,0.83135,0,0
2015-04-30,07:00:00,0.83135,0.83189,0.8311,0.83151,0,0
2015-04-30,08:00:00,0.83151,0.83168,0.83076,0.83108,0,0
2015-04-30,09:00:00,0.83128,0.83169,0.83072,0.8311,0,0
2015-04-30,10:00:00,0.83107,0.83351,0.82943,0.83285,0,0
2015-04-30,11:00:00,0.83285,0.83351,0.83096,0.83136,0,0
2015-04-30,12:00:00,0.83149,0.83166,0.83023,0.83031,0,0
2015-04-30,13:00:00,0.8303,0.8311,0.82971,0.8305,0,0
2015-04-30,14:00:00,0.8305,0.83121,0.82993,0.831,0,0
2015-04-30,15:00:00,0.831,0.83303,0.8301,0.83068,0,0
2015-04-30,16:00:00,0.83062,0.83077,0.82821,0.82869,0,0
2015-04-30,17:00:00,0.82873,0.82979,0.82553,0.82561,0,0
2015-04-30,18:00:00,0.82561,0.8266,0.82432,0.8251,0,0
2015-04-30,19:00:00,0.82525,0.82709,0.82499,0.82705,0,0
2015-04-30,20:00:00,0.82704,0.82727,0.82577,0.82677,0,0
2015-04-30,21:00:00,0.82686,0.82746,0.82665,0.82725,0,0
2015-04-30,22:00:00,0.82725,0.8292,0.8257,0.82918,0,0
2015-04-30,23:00:00,0.82906,0.82937,0.82812,0.82812,0,0
2015-04-30,23:59:00,0.82812,0.8289,0.82804,0.82849,0,0
2015-05-01,01:00:00,0.82851,0.82854,0.82781,0.82781,0,0
2015-05-01,02:00:00,0.82781,0.82834,0.82772,0.82788,0,0
2015-05-01,03:00:00,0.82788,0.82792,0.8269,0.82731,0,0
2015-05-01,04:00:00,0.8273,0.82756,0.82672,0.82673,0,0
2015-05-01,05:00:00,0.82673,0.82714,0.82632,0.82702,0,0
2015-05-01,06:00:00,0.82702,0.82714,0.8269,0.82704,0,0
2015-05-01,07:00:00,0.82704,0.82735,0.8269,0.82733,0,0
2015-05-01,08:00:00,0.82732,0.82746,0.82704,0.82735,0,0
2015-05-01,09:00:00,0.82735,0.82778,0.8271,0.82758,0,0
2015-05-01,10:00:00,0.82758,0.82785,0.82644,0.82755,0,0
2015-05-01,11:00:00,0.82755,0.82806,0.82654,0.82682,0,0
2015-05-01,12:00:00,0.82675,0.82789,0.82623,0.82686,0,0
2015-05-01,13:00:00,0.82686,0.82725,0.82594,0.82663,0,0
2015-05-01,14:00:00,0.82664,0.82702,0.82593,0.82593,0,0
2015-05-01,15:00:00,0.82593,0.82615,0.82317,0.82452,0,0
2015-05-01,16:00:00,0.82454,0.82554,0.82213,0.82372,0,0
2015-05-01,17:00:00,0.82373,0.82387,0.81937,0.82216,0,0
2015-05-01,18:00:00,0.82216,0.8226,0.82025,0.82025,0,0
2015-05-01,19:00:00,0.82025,0.82165,0.81992,0.82094,0,0
2015-05-01,20:00:00,0.82098,0.82248,0.82092,0.82206,0,0
2015-05-01,21:00:00,0.82213,0.82284,0.82129,0.82161,0,0
2015-05-01,22:00:00,0.82163,0.82271,0.82111,0.8225,0,0
2015-05-01,23:00:00,0.8225,0.82252,0.82231,0.8224,0,0
2015-05-04,01:00:00,0.82216,0.82267,0.82176,0.82206,0,0
2015-05-04,02:00:00,0.82207,0.82252,0.82179,0.82214,0,0
2015-05-04,03:00:00,0.82214,0.82237,0.82111,0.82162,0,0
2015-05-04,04:00:00,0.82162,0.82188,0.82115,0.82142,0,0
2015-05-04,05:00:00,0.82142,0.82152,0.82098,0.82131,0,0
2015-05-04,06:00:00,0.82131,0.82163,0.82119,0.82152,0,0
2015-05-04,07:00:00,0.82152,0.82181,0.82131,0.8217,0,0
2015-05-04,08:00:00,0.8217,0.82239,0.82165,0.82211,0,0
2015-05-04,09:00:00,0.82212,0.82294,0.8219,0.82193,0,0
2015-05-04,10:00:00,0.82192,0.82284,0.8214,0.82234,0,0
2015-05-04,11:00:00,0.82234,0.82357,0.82222,0.82344,0,0
2015-05-04,12:00:00,0.82344,0.82484,0.82344,0.82413,0,0
2015-05-04,13:00:00,0.82413,0.8248,0.82368,0.8248,0,0
2015-05-04,14:00:00,0.82478,0.82582,0.82441,0.82443,0,0
2015-05-04,15:00:00,0.82443,0.82706,0.8241,0.82696,0,0
2015-05-04,16:00:00,0.82696,0.82701,0.82493,0.82538,0,0
2015-05-04,17:00:00,0.82538,0.82675,0.82468,0.82538,0,0
2015-05-04,18:00:00,0.8254,0.8261,0.82503,0.82586,0,0
2015-05-04,19:00:00,0.82586,0.8263,0.82544,0.8257,0,0
2015-05-04,20:00:00,0.82571,0.82591,0.82533,0.8259,0,0
2015-05-04,21:00:00,0.8259,0.82647,0.82533,0.82643,0,0
2015-05-04,22:00:00,0.82646,0.82709,0.82626,0.82697,0,0
2015-05-04,23:00:00,0.82695,0.82727,0.82664,0.82686,0,0
2015-05-04,23:59:00,0.82676,0.82716,0.82667,0.82714,0,0
2015-05-05,01:00:00,0.82705,0.82716,0.82664,0.82684,0,0
2015-05-05,02:00:00,0.82686,0.82705,0.82658,0.82692,0,0
2015-05-05,03:00:00,0.82692,0.82696,0.82599,0.82608,0,0
2015-05-05,04:00:00,0.82608,0.82627,0.82582,0.82589,0,0
2015-05-05,05:00:00,0.82589,0.82593,0.82553,0.82561,0,0
2015-05-05,06:00:00,0.82561,0.82577,0.82529,0.82543,0,0
2015-05-05,07:00:00,0.82543,0.82607,0.82498,0.82533,0,0
2015-05-05,08:00:00,0.82533,0.82594,0.82516,0.82522,0,0
2015-05-05,09:00:00,0.82522,0.82587,0.82429,0.82469,0,0
2015-05-05,10:00:00,0.82469,0.82561,0.82461,0.8255,0,0
2015-05-05,11:00:00,0.82549,0.82595,0.8248,0.82542,0,0
2015-05-05,12:00:00,0.82542,0.82692,0.82508,0.82673,0,0
2015-05-05,13:00:00,0.82672,0.82715,0.82662,0.82681,0,0
2015-05-05,14:00:00,0.82681,0.82766,0.82645,0.8273,0,0
2015-05-05,15:00:00,0.8273,0.83003,0.82551,0.8297,0,0
2015-05-05,16:00:00,0.82965,0.83123,0.82892,0.83089,0,0
2015-05-05,17:00:00,0.83076,0.83316,0.82923,0.83297,0,0
2015-05-05,18:00:00,0.83297,0.83297,0.83019,0.83054,0,0
2015-05-05,19:00:00,0.83061,0.83143,0.83061,0.83072,0,0
2015-05-05,20:00:00,0.83072,0.8311,0.82941,0.82993,0,0
2015-05-05,21:00:00,0.82993,0.83002,0.82844,0.82844,0,0
2015-05-05,22:00:00,0.82851,0.82868,0.8281,0.82849,0,0
2015-05-05,23:00:00,0.82849,0.82876,0.82799,0.8286,0,0
2015-05-05,23:59:00,0.8286,0.82915,0.82832,0.82848,0,0
2015-05-06,01:00:00,0.82853,0.82869,0.82774,0.82781,0,0
2015-05-06,02:00:00,0.82781,0.82843,0.82755,0.82812,0,0
2015-05-06,03:00:00,0.82812,0.82839,0.82729,0.82751,0,0
2015-05-06,04:00:00,0.82751,0.82888,0.82734,0.82886,0,0
2015-05-06,05:00:00,0.82885,0.83034,0.82836,0.83012,0,0
2015-05-06,06:00:00,0.83013,0.83094,0.82981,0.83091,0,0
2015-05-06,07:00:00,0.83092,0.8312,0.83037,0.83096,0,0
2015-05-06,08:00:00,0.83096,0.83101,0.8303,0.83032,0,0
2015-05-06,09:00:00,0.83032,0.83119,0.83012,0.83091,0,0
2015-05-06,10:00:00,0.83091,0.83114,0.8297,0.83089,0,0
2015-05-06,11:00:00,0.83089,0.83148,0.83052,0.83148,0,0
2015-05-06,12:00:00,0.83148,0.83204,0.83079,0.83081,0,0
2015-05-06,13:00:00,0.83081,0.83195,0.83063,0.83135,0,0
2015-05-06,14:00:00,0.83135,0.83255,0.83097,0.83195,0,0
2015-05-06,15:00:00,0.83194,0.83431,0.83175,0.83299,0,0
2015-05-06,16:00:00,0.83292,0.8344,0.8322,0.83397,0,0
2015-05-06,17:00:00,0.83396,0.83735,0.83396,0.8356,0,0
2015-05-06,18:00:00,0.83557,0.83567,0.83279,0.8328,0,0
2015-05-06,19:00:00,0.8328,0.8328,0.83026,0.83091,0,0
2015-05-06,20:00:00,0.83091,0.83117,0.83018,0.83051,0,0
2015-05-06,21:00:00,0.83051,0.83134,0.8297,0.83016,0,0
2015-05-06,22:00:00,0.83016,0.83068,0.83004,0.83052,0,0
2015-05-06,23:00:00,0.83053,0.83108,0.83012,0.83012,0,0
2015-05-06,23:59:00,0.83007,0.83072,0.83007,0.83032,0,0
2015-05-07,01:00:00,0.83041,0.83079,0.8303,0.83063,0,0
2015-05-07,02:00:00,0.83063,0.83111,0.83042,0.83042,0,0
2015-05-07,03:00:00,0.83041,0.83072,0.8299,0.8299,0,0
2015-05-07,04:00:00,0.82991,0.83039,0.82946,0.8297,0,0
2015-05-07,05:00:00,0.8297,0.83023,0.82955,0.83012,0,0
2015-05-07,06:00:00,0.83012,0.83067,0.83012,0.8303,0,0
2015-05-07,07:00:00,0.83031,0.83056,0.83009,0.83036,0,0
2015-05-07,08:00:00,0.83036,0.83088,0.83017,0.8303,0,0
2015-05-07,09:00:00,0.8303,0.83063,0.82938,0.82941,0,0
2015-05-07,10:00:00,0.82941,0.83018,0.82849,0.82878,0,0
2015-05-07,11:00:00,0.82878,0.82883,0.82758,0.82834,0,0
2015-05-07,12:00:00,0.82843,0.82882,0.82742,0.82881,0,0
2015-05-07,13:00:00,0.82881,0.8296,0.82799,0.82852,0,0
2015-05-07,14:00:00,0.82852,0.829,0.82672,0.82749,0,0
2015-05-07,15:00:00,0.82749,0.82881,0.82704,0.82792,0,0
2015-05-07,16:00:00,0.82792,0.82847,0.82461,0.82473,0,0
2015-05-07,17:00:00,0.82471,0.82487,0.82254,0.82298,0,0
2015-05-07,18:00:00,0.823,0.82394,0.82252,0.82367,0,0
2015-05-07,19:00:00,0.8237,0.82391,0.82282,0.82295,0,0
2015-05-07,20:00:00,0.82294,0.8234,0.82217,0.82259,0,0
2015-05-07,21:00:00,0.82271,0.82437,0.82227,0.82397,0,0
2015-05-07,22:00:00,0.82399,0.82519,0.82391,0.82506,0,0
2015-05-07,23:00:00,0.82503,0.82553,0.8241,0.82438,0,0
2015-05-07,23:59:00,0.82436,0.82644,0.82418,0.82567,0,0
2015-05-08,01:00:00,0.82553,0.82628,0.82553,0.82582,0,0
2015-05-08,02:00:00,0.82583,0.82643,0.82568,0.82602,0,0
2015-05-08,03:00:00,0.82602,0.82628,0.8257,0.82595,0,0
2015-05-08,04:00:00,0.82595,0.82627,0.8257,0.82623,0,0
2015-05-08,05:00:00,0.82621,0.82677,0.82565,0.82606,0,0
2015-05-08,06:00:00,0.82604,0.82608,0.82534,0.82553,0,0
2015-05-08,07:00:00,0.82553,0.82648,0.82521,0.82608,0,0
2015-05-08,08:00:00,0.82608,0.82654,0.82516,0.82522,0,0
2015-05-08,09:00:00,0.82522,0.82608,0.82501,0.82605,0,0
2015-05-08,10:00:00,0.82607,0.82664,0.8257,0.82618,0,0
2015-05-08,11:00:00,0.82618,0.82676,0.82589,0.82673,0,0
2015-05-08,12:00:00,0.82676,0.82724,0.82607,0.82674,0,0
2015-05-08,13:00:00,0.82667,0.82724,0.82591,0.82591,0,0
2015-05-08,14:00:00,0.82598,0.82675,0.8252,0.8252,0,0
2015-05-08,15:00:00,0.8252,0.83012,0.82349,0.82727,0,0
2015-05-08,16:00:00,0.82724,0.82867,0.82489,0.82559,0,0
2015-05-08,17:00:00,0.82568,0.82568,0.82335,0.82413,0,0
2015-05-08,18:00:00,0.82418,0.82769,0.82393,0.82736,0,0
2015-05-08,19:00:00,0.82736,0.82756,0.82682,0.82682,0,0
2015-05-08,20:00:00,0.82682,0.82886,0.82654,0.82806,0,0
2015-05-08,21:00:00,0.82806,0.82806,0.82636,0.82677,0,0
2015-05-08,22:00:00,0.82678,0.82742,0.82678,0.82716,0,0
2015-05-08,23:00:00,0.82716,0.82729,0.82716,0.82729,0,0
2015-05-11,01:00:00,0.82729,0.82746,0.82686,0.8269,0,0
2015-05-11,02:00:00,0.8269,0.82729,0.82677,0.8271,0,0
2015-05-11,03:00:00,0.8271,0.8277,0.82672,0.82745,0,0
2015-05-11,04:00:00,0.82656,0.82678,0.826,0.82641,0,0
2015-05-11,05:00:00,0.82641,0.82657,0.82521,0.82535,0,0
2015-05-11,06:00:00,0.82535,0.82537,0.82435,0.82467,0,0
2015-05-11,07:00:00,0.82467,0.82484,0.82443,0.82479,0,0
2015-05-11,08:00:00,0.82479,0.82508,0.82417,0.82444,0,0
2015-05-11,09:00:00,0.82444,0.82558,0.82417,0.8255,0,0
2015-05-11,10:00:00,0.82552,0.82561,0.82393,0.82455,0,0
2015-05-11,11:00:00,0.82457,0.82464,0.82389,0.82411,0,0
2015-05-11,12:00:00,0.82413,0.82433,0.82343,0.82353,0,0
2015-05-11,13:00:00,0.82354,0.82473,0.82353,0.82462,0,0
2015-05-11,14:00:00,0.82462,0.82572,0.82455,0.82542,0,0
2015-05-11,15:00:00,0.82543,0.82723,0.82517,0.8266,0,0
2015-05-11,16:00:00,0.8266,0.82834,0.82633,0.82811,0,0
2015-05-11,17:00:00,0.82811,0.82883,0.82755,0.82755,0,0
2015-05-11,18:00:00,0.82747,0.82827,0.82553,0.82598,0,0
2015-05-11,19:00:00,0.82598,0.82695,0.82567,0.82621,0,0
2015-05-11,20:00:00,0.82621,0.82734,0.82621,0.82728,0,0
2015-05-11,21:00:00,0.82727,0.82777,0.82654,0.82677,0,0
2015-05-11,22:00:00,0.82676,0.82688,0.82571,0.8258,0,0
2015-05-11,23:00:00,0.82581,0.82677,0.82579,0.82641,0,0
2015-05-11,23:59:00,0.82641,0.82681,0.82621,0.82659,0,0
2015-05-12,01:00:00,0.82658,0.82676,0.8265,0.8265,0,0
2015-05-12,02:00:00,0.8265,0.82677,0.82627,0.82675,0,0
2015-05-12,03:00:00,0.82673,0.82676,0.82595,0.82612,0,0
2015-05-12,04:00:00,0.82613,0.82651,0.82599,0.82651,0,0
2015-05-12,05:00:00,0.82654,0.82734,0.82644,0.82707,0,0
2015-05-12,06:00:00,0.82707,0.82727,0.82681,0.82693,0,0
2015-05-12,07:00:00,0.82693,0.82735,0.82682,0.82718,0,0
2015-05-12,08:00:00,0.82718,0.82767,0.82682,0.82702,0,0
2015-05-12,09:00:00,0.82701,0.82747,0.82626,0.82725,0,0
2015-05-12,10:00:00,0.82725,0.8284,0.82702,0.82806,0,0
2015-05-12,11:00:00,0.82804,0.82915,0.82752,0.82915,0,0
2015-05-12,12:00:00,0.82926,0.83007,0.8289,0.83007,0,0
2015-05-12,13:00:00,0.83007,0.83104,0.82994,0.83083,0,0
2015-05-12,14:00:00,0.83081,0.83159,0.8301,0.83028,0,0
2015-05-12,15:00:00,0.83028,0.83133,0.82979,0.83133,0,0
2015-05-12,16:00:00,0.83133,0.8315,0.82913,0.83096,0,0
2015-05-12,17:00:00,0.83098,0.83378,0.83091,0.83378,0,0
2015-05-12,18:00:00,0.83379,0.83443,0.83289,0.83413,0,0
2015-05-12,19:00:00,0.83413,0.83477,0.83353,0.83474,0,0
2015-05-12,20:00:00,0.83474,0.83481,0.83322,0.83365,0,0
2015-05-12,21:00:00,0.83363,0.83397,0.83293,0.83353,0,0
2015-05-12,22:00:00,0.83364,0.83364,0.83213,0.83302,0,0
2015-05-12,23:00:00,0.83219,0.83302,0.83173,0.83209,0,0
2015-05-12,23:59:00,0.83204,0.83313,0.83188,0.83313,0,0
2015-05-13,01:00:00,0.83311,0.83316,0.83269,0.83269,0,0
2015-05-13,02:00:00,0.83271,0.83313,0.83271,0.83288,0,0
2015-05-13,03:00:00,0.83285,0.83348,0.83256,0.83281,0,0
2015-05-13,04:00:00,0.83281,0.83314,0.83212,0.83233,0,0
2015-05-13,05:00:00,0.83234,0.83267,0.8319,0.83227,0,0
2015-05-13,06:00:00,0.83227,0.83274,0.83195,0.83204,0,0
2015-05-13,07:00:00,0.83204,0.83237,0.83185,0.83191,0,0
2015-05-13,08:00:00,0.83191,0.83211,0.8317,0.83171,0,0
2015-05-13,09:00:00,0.83171,0.83227,0.83135,0.8322,0,0
2015-05-13,10:00:00,0.83222,0.83338,0.83195,0.83337,0,0
2015-05-13,11:00:00,0.83338,0.83525,0.83303,0.83449,0,0
2015-05-13,12:00:00,0.83447,0.83562,0.83387,0.83519,0,0
2015-05-13,13:00:00,0.83519,0.83535,0.83438,0.83477,0,0
2015-05-13,14:00:00,0.83477,0.83542,0.83477,0.83502,0,0
2015-05-13,15:00:00,0.83502,0.83827,0.83476,0.83683,0,0
2015-05-13,16:00:00,0.83684,0.83718,0.83468,0.83626,0,0
2015-05-13,17:00:00,0.83628,0.83791,0.83485,0.83487,0,0
2015-05-13,18:00:00,0.83491,0.83714,0.83471,0.83675,0,0
2015-05-13,19:00:00,0.83675,0.83775,0.83629,0.83773,0,0
2015-05-13,20:00:00,0.83773,0.83813,0.83659,0.83693,0,0
2015-05-13,21:00:00,0.83693,0.83718,0.83519,0.83519,0,0
2015-05-13,22:00:00,0.83519,0.83567,0.835,0.83567,0,0
2015-05-13,23:00:00,0.83567,0.83626,0.83555,0.83625,0,0
2015-05-13,23:59:00,0.83625,0.83642,0.83597,0.83618,0,0
2015-05-14,01:00:00,0.83619,0.83671,0.83615,0.83666,0,0
2015-05-14,02:00:00,0.83666,0.83666,0.83611,0.83642,0,0
2015-05-14,03:00:00,0.83635,0.83661,0.83592,0.83621,0,0
2015-05-14,04:00:00,0.83621,0.83742,0.83621,0.83725,0,0
2015-05-14,05:00:00,0.83725,0.83765,0.83652,0.83662,0,0
2015-05-14,06:00:00,0.83661,0.83796,0.8365,0.83781,0,0
2015-05-14,07:00:00,0.8378,0.83848,0.83777,0.83793,0,0
2015-05-14,08:00:00,0.83792,0.83855,0.83761,0.83853,0,0
2015-05-14,09:00:00,0.83853,0.83892,0.83775,0.83815,0,0
2015-05-14,10:00:00,0.83815,0.83875,0.83613,0.83646,0,0
2015-05-14,11:00:00,0.83646,0.83702,0.83572,0.83634,0,0
2015-05-14,12:00:00,0.83637,0.83805,0.8363,0.83751,0,0
2015-05-14,13:00:00,0.83752,0.83762,0.83661,0.8371,0,0
2015-05-14,14:00:00,0.83705,0.83711,0.83615,0.83709,0,0
2015-05-14,15:00:00,0.83709,0.83795,0.83539,0.83794,0,0
2015-05-14,16:00:00,0.83794,0.83853,0.83702,0.83815,0,0
2015-05-14,17:00:00,0.83819,0.83843,0.83521,0.83594,0,0
2015-05-14,18:00:00,0.83595,0.83656,0.83297,0.83387,0,0
2015-05-14,19:00:00,0.83386,0.83416,0.83313,0.83325,0,0
2015-05-14,20:00:00,0.83326,0.83406,0.8329,0.83374,0,0
2015-05-14,21:00:00,0.83374,0.83444,0.83364,0.83364,0,0
2015-05-14,22:00:00,0.83365,0.83429,0.83311,0.83349,0,0
2015-05-14,23:00:00,0.83349,0.83454,0.83342,0.83448,0,0
2015-05-14,23:59:00,0.83448,0.83464,0.8338,0.83394,0,0
2015-05-15,01:00:00,0.83402,0.83451,0.83387,0.8345,0,0
2015-05-15,02:00:00,0.83449,0.83459,0.83413,0.83436,0,0
2015-05-15,03:00:00,0.83436,0.83472,0.83358,0.83401,0,0
2015-05-15,04:00:00,0.83401,0.8341,0.83335,0.83338,0,0
2015-05-15,05:00:00,0.83338,0.83349,0.83297,0.83327,0,0
2015-05-15,06:00:00,0.83328,0.83392,0.83326,0.83388,0,0
2015-05-15,07:00:00,0.83388,0.83401,0.83369,0.83369,0,0
2015-05-15,08:00:00,0.83369,0.8338,0.83292,0.83298,0,0
2015-05-15,09:00:00,0.83298,0.83426,0.8329,0.8342,0,0
2015-05-15,10:00:00,0.8342,0.83421,0.83335,0.83347,0,0
2015-05-15,11:00:00,0.83349,0.83349,0.83218,0.83249,0,0
2015-05-15,12:00:00,0.83258,0.83272,0.83227,0.83242,0,0
2015-05-15,13:00:00,0.83242,0.83271,0.83147,0.83148,0,0
2015-05-15,14:00:00,0.83148,0.83222,0.83107,0.83108,0,0
2015-05-15,15:00:00,0.83107,0.83198,0.82957,0.83016,0,0
2015-05-15,16:00:00,0.83016,0.83091,0.82871,0.82994,0,0
2015-05-15,17:00:00,0.82977,0.83382,0.82977,0.83267,0,0
2015-05-15,18:00:00,0.83266,0.83328,0.83105,0.83267,0,0
2015-05-15,19:00:00,0.83269,0.83283,0.83133,0.83138,0,0
2015-05-15,20:00:00,0.83131,0.83176,0.83028,0.8313,0,0
2015-05-15,21:00:00,0.8313,0.83269,0.83072,0.83266,0,0
2015-05-15,22:00:00,0.83265,0.83274,0.83158,0.83182,0,0
2015-05-15,23:00:00,0.83189,0.83189,0.83175,0.83177,0,0
2015-05-18,01:00:00,0.83212,0.83213,0.83152,0.83189,0,0
2015-05-18,02:00:00,0.83189,0.83245,0.83173,0.83228,0,0
2015-05-18,03:00:00,0.83227,0.83229,0.83081,0.8311,0,0
2015-05-18,04:00:00,0.8311,0.83129,0.83009,0.83012,0,0
2015-05-18,05:00:00,0.83012,0.83062,0.83003,0.83035,0,0
2015-05-18,06:00:00,0.83035,0.83072,0.83034,0.83063,0,0
2015-05-18,07:00:00,0.8306,0.83123,0.8305,0.83111,0,0
2015-05-18,08:00:00,0.83111,0.8317,0.83086,0.8317,0,0
2015-05-18,09:00:00,0.83173,0.832,0.8313,0.8313,0,0
2015-05-18,10:00:00,0.83128,0.83152,0.82999,0.83007,0,0
2015-05-18,11:00:00,0.83016,0.8306,0.82957,0.83028,0,0
2015-05-18,12:00:00,0.83033,0.8307,0.82983,0.8303,0,0
2015-05-18,13:00:00,0.83031,0.8305,0.82939,0.8297,0,0
2015-05-18,14:00:00,0.8297,0.8299,0.8291,0.82965,0,0
2015-05-18,15:00:00,0.82953,0.82974,0.82775,0.82775,0,0
2015-05-18,16:00:00,0.82775,0.82775,0.82423,0.82469,0,0
2015-05-18,17:00:00,0.82469,0.82576,0.82405,0.82423,0,0
2015-05-18,18:00:00,0.82436,0.82454,0.8224,0.82313,0,0
2015-05-18,19:00:00,0.82305,0.82365,0.82211,0.82353,0,0
2015-05-18,20:00:00,0.82351,0.82376,0.82261,0.82299,0,0
2015-05-18,21:00:00,0.82301,0.82312,0.82198,0.82213,0,0
2015-05-18,22:00:00,0.82213,0.8225,0.8216,0.82208,0,0
2015-05-18,23:00:00,0.82208,0.8224,0.82203,0.8224,0,0
2015-05-18,23:59:00,0.8224,0.82271,0.82204,0.82262,0,0
2015-05-19,01:00:00,0.82258,0.82292,0.82233,0.82282,0,0
2015-05-19,02:00:00,0.82284,0.82333,0.82275,0.82332,0,0
2015-05-19,03:00:00,0.82331,0.82331,0.82197,0.82221,0,0
2015-05-19,04:00:00,0.82221,0.8225,0.8216,0.82188,0,0
2015-05-19,05:00:00,0.82188,0.82349,0.82179,0.82321,0,0
2015-05-19,06:00:00,0.82321,0.82378,0.82301,0.82378,0,0
2015-05-19,07:00:00,0.82395,0.82433,0.82359,0.82399,0,0
2015-05-19,08:00:00,0.82399,0.82441,0.82378,0.82419,0,0
2015-05-19,09:00:00,0.8242,0.82421,0.82262,0.82328,0,0
2015-05-19,10:00:00,0.82328,0.82355,0.82087,0.8216,0,0
2015-05-19,11:00:00,0.8216,0.82225,0.82058,0.82099,0,0
2015-05-19,12:00:00,0.82098,0.82122,0.81979,0.82082,0,0
2015-05-19,13:00:00,0.82082,0.82154,0.8203,0.82138,0,0
2015-05-19,14:00:00,0.8214,0.82221,0.82107,0.82142,0,0
2015-05-19,15:00:00,0.82142,0.82162,0.81823,0.81853,0,0
2015-05-19,16:00:00,0.81852,0.81937,0.81687,0.81747,0,0
2015-05-19,17:00:00,0.81746,0.81746,0.81633,0.81675,0,0
2015-05-19,18:00:00,0.81672,0.81891,0.81651,0.8188,0,0
2015-05-19,19:00:00,0.81883,0.81932,0.81774,0.8181,0,0
2015-05-19,20:00:00,0.8181,0.8181,0.81709,0.8178,0,0
2015-05-19,21:00:00,0.8178,0.8185,0.81747,0.8183,0,0
2015-05-19,22:00:00,0.8183,0.8183,0.8174,0.81756,0,0
2015-05-19,23:00:00,0.81751,0.81806,0.81737,0.81748,0,0
2015-05-19,23:59:00,0.81749,0.81783,0.81749,0.81771,0,0
2015-05-20,01:00:00,0.81766,0.81787,0.81755,0.81767,0,0
2015-05-20,02:00:00,0.81767,0.81785,0.81751,0.81774,0,0
2015-05-20,03:00:00,0.8177,0.81774,0.81658,0.81717,0,0
2015-05-20,04:00:00,0.81719,0.81801,0.81678,0.81789,0,0
2015-05-20,05:00:00,0.81789,0.8184,0.81788,0.81808,0,0
2015-05-20,06:00:00,0.81806,0.81855,0.81805,0.81815,0,0
2015-05-20,07:00:00,0.81815,0.81842,0.81778,0.81778,0,0
2015-05-20,08:00:00,0.81778,0.81821,0.81725,0.81728,0,0
2015-05-20,09:00:00,0.81715,0.81753,0.81593,0.81697,0,0
2015-05-20,10:00:00,0.81701,0.81765,0.81672,0.81747,0,0
2015-05-20,11:00:00,0.81746,0.8181,0.81729,0.81792,0,0
2015-05-20,12:00:00,0.81785,0.81787,0.81656,0.81719,0,0
2015-05-20,13:00:00,0.81719,0.81863,0.81687,0.81735,0,0
2015-05-20,14:00:00,0.81734,0.81903,0.81734,0.81898,0,0
2015-05-20,15:00:00,0.81897,0.81993,0.81816,0.81944,0,0
2015-05-20,16:00:00,0.81944,0.81965,0.81751,0.81766,0,0
2015-05-20,17:00:00,0.81766,0.81814,0.81658,0.81808,0,0
2015-05-20,18:00:00,0.81808,0.81915,0.81775,0.81903,0,0
2015-05-20,19:00:00,0.81907,0.81942,0.81784,0.81932,0,0
2015-05-20,20:00:00,0.81932,0.8206,0.81863,0.82033,0,0
2015-05-20,21:00:00,0.82028,0.82169,0.81824,0.82028,0,0
2015-05-20,22:00:00,0.82028,0.82106,0.81963,0.81993,0,0
2015-05-20,23:00:00,0.81996,0.82006,0.81901,0.8191,0,0
2015-05-20,23:59:00,0.8191,0.81992,0.81889,0.81922,0,0
2015-05-21,01:00:00,0.81915,0.81967,0.81902,0.8195,0,0
2015-05-21,02:00:00,0.8195,0.81956,0.81914,0.81916,0,0
2015-05-21,03:00:00,0.81916,0.82024,0.81916,0.82,0,0
2015-05-21,04:00:00,0.82,0.82012,0.81958,0.81967,0,0
2015-05-21,05:00:00,0.81967,0.82061,0.81967,0.8203,0,0
2015-05-21,06:00:00,0.8203,0.82037,0.81989,0.82002,0,0
2015-05-21,07:00:00,0.82002,0.82054,0.82001,0.82041,0,0
2015-05-21,08:00:00,0.82041,0.8207,0.8201,0.8202,0,0
2015-05-21,09:00:00,0.8202,0.82069,0.8196,0.82062,0,0
2015-05-21,10:00:00,0.82062,0.82119,0.81999,0.82038,0,0
2015-05-21,11:00:00,0.82038,0.82158,0.82007,0.82158,0,0
2015-05-21,12:00:00,0.82158,0.82158,0.81998,0.82001,0,0
2015-05-21,13:00:00,0.81991,0.82039,0.81946,0.81974,0,0
2015-05-21,14:00:00,0.81978,0.81982,0.81834,0.8186,0,0
2015-05-21,15:00:00,0.8186,0.81898,0.81689,0.81729,0,0
2015-05-21,16:00:00,0.8173,0.81883,0.81685,0.81751,0,0
2015-05-21,17:00:00,0.8172,0.81879,0.81714,0.81851,0,0
2015-05-21,18:00:00,0.8185,0.82044,0.8185,0.81955,0,0
2015-05-21,19:00:00,0.81949,0.82004,0.81924,0.81985,0,0
2015-05-21,20:00:00,0.81985,0.82012,0.81919,0.81924,0,0
2015-05-21,21:00:00,0.81924,0.81983,0.81924,0.81944,0,0
2015-05-21,22:00:00,0.81946,0.81946,0.81878,0.81911,0,0
2015-05-21,23:00:00,0.81911,0.81978,0.81893,0.81978,0,0
2015-05-21,23:59:00,0.81978,0.82001,0.8194,0.8196,0,0
2015-05-22,01:00:00,0.81954,0.81993,0.81946,0.81951,0,0
2015-05-22,02:00:00,0.81952,0.81989,0.81952,0.81973,0,0
2015-05-22,03:00:00,0.81976,0.82016,0.81967,0.82016,0,0
2015-05-22,04:00:00,0.82016,0.82078,0.82006,0.82066,0,0
2015-05-22,05:00:00,0.82066,0.82106,0.82065,0.82098,0,0
2015-05-22,06:00:00,0.82098,0.82133,0.82065,0.82128,0,0
2015-05-22,07:00:00,0.82128,0.82147,0.82066,0.82066,0,0
2015-05-22,08:00:00,0.82067,0.82099,0.82044,0.82078,0,0
2015-05-22,09:00:00,0.82078,0.82138,0.82053,0.8208,0,0
2015-05-22,10:00:00,0.8208,0.82101,0.82014,0.82036,0,0
2015-05-22,11:00:00,0.82036,0.82047,0.81955,0.81959,0,0
2015-05-22,12:00:00,0.81959,0.82008,0.81926,0.82008,0,0
2015-05-22,13:00:00,0.82008,0.82019,0.81909,0.81924,0,0
2015-05-22,14:00:00,0.81924,0.81978,0.81851,0.81965,0,0
2015-05-22,15:00:00,0.81964,0.81999,0.81507,0.81581,0,0
2015-05-22,16:00:00,0.81584,0.81592,0.81342,0.81486,0,0
2015-05-22,17:00:00,0.81495,0.81495,0.81372,0.81423,0,0
2015-05-22,18:00:00,0.81417,0.81448,0.81374,0.81379,0,0
2015-05-22,19:00:00,0.81379,0.81388,0.813,0.81311,0,0
2015-05-22,20:00:00,0.8131,0.81336,0.81154,0.81239,0,0
2015-05-22,21:00:00,0.81239,0.81304,0.81179,0.81294,0,0
2015-05-22,22:00:00,0.81294,0.81307,0.81261,0.81287,0,0
2015-05-22,23:00:00,0.81287,0.81297,0.81287,0.81293,0,0
2015-05-25,01:00:00,0.81269,0.81417,0.81264,0.81386,0,0
2015-05-25,02:00:00,0.81389,0.81401,0.81305,0.81327,0,0
2015-05-25,03:00:00,0.81328,0.81374,0.81264,0.81305,0,0
2015-05-25,04:00:00,0.81305,0.81368,0.81296,0.81327,0,0
2015-05-25,05:00:00,0.81327,0.81378,0.81314,0.81372,0,0
2015-05-25,06:00:00,0.81372,0.81376,0.8133,0.81356,0,0
2015-05-25,07:00:00,0.81356,0.8137,0.81337,0.81368,0,0
2015-05-25,08:00:00,0.81368,0.81386,0.81332,0.81377,0,0
2015-05-25,09:00:00,0.81377,0.81449,0.81359,0.81448,0,0
2015-05-25,10:00:00,0.81448,0.81453,0.81334,0.8135,0,0
2015-05-25,11:00:00,0.8135,0.81379,0.81247,0.81336,0,0
2015-05-25,12:00:00,0.81336,0.81412,0.81329,0.81378,0,0
2015-05-25,13:00:00,0.81377,0.81462,0.81374,0.81408,0,0
2015-05-25,14:00:00,0.81406,0.81409,0.8136,0.81368,0,0
2015-05-25,15:00:00,0.81368,0.81369,0.81284,0.813,0,0
2015-05-25,16:00:00,0.813,0.81375,0.81264,0.81278,0,0
2015-05-25,17:00:00,0.81278,0.81287,0.81195,0.81253,0,0
2015-05-25,18:00:00,0.81253,0.81355,0.81243,0.81278,0,0
2015-05-25,19:00:00,0.81276,0.81276,0.81179,0.81222,0,0
2015-05-25,20:00:00,0.8122,0.81238,0.81204,0.81206,0,0
2015-05-25,21:00:00,0.81206,0.81241,0.81204,0.81224,0,0
2015-05-25,22:00:00,0.81222,0.81254,0.81215,0.81229,0,0
2015-05-25,23:00:00,0.81229,0.81237,0.81195,0.81211,0,0
2015-05-25,23:59:00,0.81212,0.81237,0.81187,0.81228,0,0
2015-05-26,01:00:00,0.81219,0.81241,0.81211,0.81237,0,0
2015-05-26,02:00:00,0.81235,0.81244,0.81179,0.81181,0,0
2015-05-26,03:00:00,0.81173,0.81183,0.81132,0.81154,0,0
2015-05-26,04:00:00,0.81154,0.81158,0.81117,0.81137,0,0
2015-05-26,05:00:00,0.81137,0.81239,0.81126,0.81212,0,0
2015-05-26,06:00:00,0.81212,0.81252,0.81196,0.81244,0,0
2015-05-26,07:00:00,0.81244,0.81262,0.81214,0.81229,0,0
2015-05-26,08:00:00,0.81229,0.81262,0.81204,0.81242,0,0
2015-05-26,09:00:00,0.81242,0.81251,0.8102,0.81035,0,0
2015-05-26,10:00:00,0.81035,0.81084,0.80993,0.81037,0,0
2015-05-26,11:00:00,0.81037,0.81038,0.80861,0.80917,0,0
2015-05-26,12:00:00,0.80917,0.80974,0.80875,0.80942,0,0
2015-05-26,13:00:00,0.80942,0.8095,0.80816,0.80843,0,0
2015-05-26,14:00:00,0.80843,0.80943,0.80841,0.80873,0,0
2015-05-26,15:00:00,0.80872,0.80887,0.80563,0.8063,0,0
2015-05-26,16:00:00,0.8062,0.80693,0.80479,0.8048,0,0
2015-05-26,17:00:00,0.80494,0.80535,0.80335,0.80519,0,0
2015-05-26,18:00:00,0.80513,0.80575,0.80449,0.80454,0,0
2015-05-26,19:00:00,0.80454,0.8052,0.80379,0.80444,0,0
2015-05-26,20:00:00,0.80445,0.80511,0.80436,0.80485,0,0
2015-05-26,21:00:00,0.80485,0.80533,0.80441,0.80441,0,0
2015-05-26,22:00:00,0.80441,0.80513,0.80414,0.80475,0,0
2015-05-26,23:00:00,0.80474,0.80476,0.80427,0.80432,0,0
2015-05-26,23:59:00,0.80427,0.80467,0.80383,0.80434,0,0
2015-05-27,01:00:00,0.80429,0.80502,0.80414,0.80502,0,0
2015-05-27,02:00:00,0.80502,0.80502,0.80449,0.80484,0,0
2015-05-27,03:00:00,0.80484,0.80497,0.80432,0.80471,0,0
2015-05-27,04:00:00,0.80471,0.80476,0.8038,0.80423,0,0
2015-05-27,05:00:00,0.80423,0.80464,0.80393,0.80432,0,0
2015-05-27,06:00:00,0.80432,0.80482,0.80421,0.80453,0,0
2015-05-27,07:00:00,0.80451,0.80493,0.80432,0.8048,0,0
2015-05-27,08:00:00,0.8048,0.80581,0.80462,0.80552,0,0
2015-05-27,09:00:00,0.80552,0.80674,0.80511,0.80661,0,0
2015-05-27,10:00:00,0.80661,0.80661,0.8053,0.80543,0,0
2015-05-27,11:00:00,0.80543,0.80568,0.80476,0.80494,0,0
2015-05-27,12:00:00,0.80493,0.80498,0.80341,0.8035,0,0
2015-05-27,13:00:00,0.8035,0.80376,0.80233,0.80322,0,0
2015-05-27,14:00:00,0.80322,0.80465,0.80213,0.80234,0,0
2015-05-27,15:00:00,0.80234,0.80325,0.80101,0.80174,0,0
2015-05-27,16:00:00,0.80165,0.80425,0.80132,0.80414,0,0
2015-05-27,17:00:00,0.80414,0.80473,0.80088,0.80124,0,0
2015-05-27,18:00:00,0.80126,0.802,0.80056,0.80095,0,0
2015-05-27,19:00:00,0.80097,0.80144,0.80053,0.80074,0,0
2015-05-27,20:00:00,0.80073,0.80183,0.80049,0.80156,0,0
2015-05-27,21:00:00,0.80156,0.80202,0.80119,0.80191,0,0
2015-05-27,22:00:00,0.80189,0.80276,0.80171,0.80265,0,0
2015-05-27,23:00:00,0.80263,0.8031,0.80224,0.8031,0,0
2015-05-27,23:59:00,0.8031,0.8031,0.80265,0.80293,0,0
2015-05-28,01:00:00,0.80278,0.80305,0.80265,0.80295,0,0
2015-05-28,02:00:00,0.80294,0.80297,0.80278,0.80279,0,0
2015-05-28,03:00:00,0.80279,0.80326,0.80243,0.80314,0,0
2015-05-28,04:00:00,0.80314,0.80366,0.80261,0.80326,0,0
2015-05-28,05:00:00,0.80333,0.80346,0.8018,0.80198,0,0
2015-05-28,06:00:00,0.802,0.80252,0.8017,0.80182,0,0
2015-05-28,07:00:00,0.80182,0.80221,0.80153,0.80202,0,0
2015-05-28,08:00:00,0.80202,0.80335,0.80201,0.80314,0,0
2015-05-28,09:00:00,0.80314,0.80395,0.80232,0.80354,0,0
2015-05-28,10:00:00,0.80353,0.80357,0.80234,0.80322,0,0
2015-05-28,11:00:00,0.80322,0.80326,0.80161,0.80174,0,0
2015-05-28,12:00:00,0.80174,0.80175,0.80049,0.80091,0,0
2015-05-28,13:00:00,0.80091,0.80108,0.80039,0.80075,0,0
2015-05-28,14:00:00,0.80072,0.80134,0.79989,0.80113,0,0
2015-05-28,15:00:00,0.80111,0.80235,0.79919,0.80035,0,0
2015-05-28,16:00:00,0.80031,0.80061,0.79786,0.79812,0,0
2015-05-28,17:00:00,0.79812,0.80045,0.79759,0.79974,0,0
2015-05-28,18:00:00,0.79974,0.80169,0.79943,0.80167,0,0
2015-05-28,19:00:00,0.80167,0.80337,0.80095,0.80253,0,0
2015-05-28,20:00:00,0.80243,0.80462,0.80243,0.80427,0,0
2015-05-28,21:00:00,0.80419,0.80497,0.80342,0.80476,0,0
2015-05-28,22:00:00,0.80482,0.80498,0.80395,0.80424,0,0
2015-05-28,23:00:00,0.80424,0.80455,0.80401,0.80421,0,0
2015-05-28,23:59:00,0.80421,0.80491,0.80401,0.80478,0,0
2015-05-29,01:00:00,0.80471,0.80497,0.80424,0.80487,0,0
2015-05-29,02:00:00,0.80487,0.80512,0.80471,0.80482,0,0
2015-05-29,03:00:00,0.80482,0.80537,0.80462,0.80489,0,0
2015-05-29,04:00:00,0.80489,0.80537,0.80458,0.80517,0,0
2015-05-29,05:00:00,0.80517,0.80541,0.8048,0.80495,0,0
2015-05-29,06:00:00,0.80495,0.80539,0.8048,0.80508,0,0
2015-05-29,07:00:00,0.80508,0.80573,0.80508,0.8053,0,0
2015-05-29,08:00:00,0.8053,0.80538,0.80481,0.80494,0,0
2015-05-29,09:00:00,0.80498,0.80544,0.80363,0.80368,0,0
2015-05-29,10:00:00,0.80357,0.8042,0.80331,0.80379,0,0
2015-05-29,11:00:00,0.80379,0.80412,0.8031,0.80358,0,0
2015-05-29,12:00:00,0.80357,0.80475,0.80344,0.80454,0,0
2015-05-29,13:00:00,0.80449,0.80493,0.80366,0.80367,0,0
2015-05-29,14:00:00,0.80366,0.80479,0.80345,0.80421,0,0
2015-05-29,15:00:00,0.80418,0.8044,0.79881,0.79926,0,0
2015-05-29,16:00:00,0.79918,0.80174,0.79825,0.80132,0,0
2015-05-29,17:00:00,0.80128,0.80165,0.79972,0.80138,0,0
2015-05-29,18:00:00,0.80148,0.80246,0.79978,0.80217,0,0
2015-05-29,19:00:00,0.80238,0.80254,0.80167,0.80228,0,0
2015-05-29,20:00:00,0.80228,0.80311,0.80187,0.80303,0,0
2015-05-29,21:00:00,0.80303,0.80453,0.80301,0.8035,0,0
2015-05-29,22:00:00,0.80351,0.80427,0.80318,0.8042,0,0
2015-05-29,23:00:00,0.80422,0.80422,0.80386,0.80386,0,0
2015-06-01,01:00:00,0.80353,0.80353,0.80255,0.80269,0,0
2015-06-01,02:00:00,0.80268,0.80287,0.80227,0.80278,0,0
2015-06-01,03:00:00,0.80276,0.80292,0.80188,0.80227,0,0
2015-06-01,04:00:00,0.80221,0.80257,0.80184,0.80239,0,0
2015-06-01,05:00:00,0.80239,0.80278,0.80227,0.80266,0,0
2015-06-01,06:00:00,0.80266,0.80292,0.80228,0.80268,0,0
2015-06-01,07:00:00,0.80268,0.80331,0.80261,0.80265,0,0
2015-06-01,08:00:00,0.80265,0.8029,0.80227,0.80258,0,0
2015-06-01,09:00:00,0.80258,0.80272,0.80214,0.80257,0,0
2015-06-01,10:00:00,0.80257,0.80278,0.80104,0.80117,0,0
2015-06-01,11:00:00,0.80119,0.80159,0.80048,0.80095,0,0
2015-06-01,12:00:00,0.80088,0.80112,0.80044,0.80098,0,0
2015-06-01,13:00:00,0.80098,0.8011,0.80049,0.80097,0,0
2015-06-01,14:00:00,0.801,0.80147,0.80065,0.80135,0,0
2015-06-01,15:00:00,0.80133,0.80137,0.79996,0.8001,0,0
2015-06-01,16:00:00,0.80015,0.80227,0.79991,0.8013,0,0
2015-06-01,17:00:00,0.80126,0.80126,0.79707,0.79724,0,0
2015-06-01,18:00:00,0.79721,0.79725,0.79598,0.7969,0,0
2015-06-01,19:00:00,0.79693,0.7971,0.79618,0.79671,0,0
2015-06-01,20:00:00,0.79672,0.79762,0.79658,0.7972,0,0
2015-06-01,21:00:00,0.7972,0.7991,0.79697,0.7984,0,0
2015-06-01,22:00:00,0.7984,0.79859,0.79775,0.7978,0,0
2015-06-01,23:00:00,0.79779,0.79864,0.79777,0.79861,0,0
2015-06-01,23:59:00,0.79861,0.79879,0.79822,0.79838,0,0
2015-06-02,01:00:00,0.79831,0.79847,0.79814,0.79836,0,0
2015-06-02,02:00:00,0.79836,0.79861,0.79809,0.79835,0,0
2015-06-02,03:00:00,0.79835,0.79854,0.79803,0.79827,0,0
2015-06-02,04:00:00,0.79827,0.79849,0.79807,0.79814,0,0
2015-06-02,05:00:00,0.79815,0.79859,0.79775,0.79845,0,0
2015-06-02,06:00:00,0.79846,0.79896,0.79846,0.79876,0,0
2015-06-02,07:00:00,0.79876,0.79942,0.79823,0.79926,0,0
2015-06-02,08:00:00,0.79926,0.79984,0.79893,0.79975,0,0
2015-06-02,09:00:00,0.79974,0.80015,0.79892,0.79982,0,0
2015-06-02,10:00:00,0.79982,0.80056,0.79935,0.79937,0,0
2015-06-02,11:00:00,0.79944,0.80036,0.79923,0.79923,0,0
2015-06-02,12:00:00,0.79923,0.79987,0.79801,0.79852,0,0
2015-06-02,13:00:00,0.79852,0.79919,0.79802,0.79852,0,0
2015-06-02,14:00:00,0.79852,0.80023,0.79814,0.79976,0,0
2015-06-02,15:00:00,0.79974,0.80063,0.79935,0.79983,0,0
2015-06-02,16:00:00,0.79983,0.80422,0.79983,0.80321,0,0
2015-06-02,17:00:00,0.80326,0.80445,0.80267,0.8037,0,0
2015-06-02,18:00:00,0.8037,0.80497,0.80292,0.80491,0,0
2015-06-02,19:00:00,0.80493,0.80853,0.80476,0.8074,0,0
2015-06-02,20:00:00,0.80735,0.80794,0.80687,0.8074,0,0
2015-06-02,21:00:00,0.80739,0.80739,0.80591,0.8062,0,0
2015-06-02,22:00:00,0.80646,0.80662,0.80541,0.80594,0,0
2015-06-02,23:00:00,0.80594,0.80639,0.80578,0.80639,0,0
2015-06-02,23:59:00,0.80636,0.80645,0.80585,0.80614,0,0
2015-06-03,01:00:00,0.80607,0.80622,0.8055,0.8058,0,0
2015-06-03,02:00:00,0.80577,0.80595,0.80539,0.80539,0,0
2015-06-03,03:00:00,0.80539,0.80559,0.80515,0.80537,0,0
2015-06-03,04:00:00,0.80537,0.80738,0.80537,0.80736,0,0
2015-06-03,05:00:00,0.80735,0.8074,0.80656,0.80669,0,0
2015-06-03,06:00:00,0.80667,0.80687,0.80609,0.80653,0,0
2015-06-03,07:00:00,0.80653,0.80698,0.80645,0.80648,0,0
2015-06-03,08:00:00,0.80648,0.8074,0.80645,0.80693,0,0
2015-06-03,09:00:00,0.80693,0.80728,0.80622,0.80687,0,0
2015-06-03,10:00:00,0.80686,0.80686,0.80525,0.80557,0,0
2015-06-03,11:00:00,0.80556,0.80578,0.80395,0.80419,0,0
2015-06-03,12:00:00,0.80419,0.80451,0.80258,0.80269,0,0
2015-06-03,13:00:00,0.80269,0.80373,0.80257,0.80307,0,0
2015-06-03,14:00:00,0.80307,0.80449,0.80296,0.80392,0,0
2015-06-03,15:00:00,0.80392,0.80399,0.7994,0.80015,0,0
2015-06-03,16:00:00,0.80015,0.80311,0.79997,0.8022,0,0
2015-06-03,17:00:00,0.80266,0.80565,0.80266,0.80344,0,0
2015-06-03,18:00:00,0.80344,0.8046,0.80319,0.8041,0,0
2015-06-03,19:00:00,0.80403,0.80425,0.80234,0.80306,0,0
2015-06-03,20:00:00,0.80304,0.80314,0.80175,0.80235,0,0
2015-06-03,21:00:00,0.80235,0.80292,0.80217,0.80274,0,0
2015-06-03,22:00:00,0.80274,0.80326,0.80245,0.803,0,0
2015-06-03,23:00:00,0.803,0.8034,0.80285,0.8031,0,0
2015-06-03,23:59:00,0.8031,0.80328,0.80276,0.80305,0,0
2015-06-04,01:00:00,0.80306,0.80314,0.80261,0.80283,0,0
2015-06-04,02:00:00,0.80283,0.80294,0.80252,0.80283,0,0
2015-06-04,03:00:00,0.80283,0.80305,0.80256,0.80295,0,0
2015-06-04,04:00:00,0.80294,0.80326,0.80205,0.80252,0,0
2015-06-04,05:00:00,0.80252,0.80315,0.80243,0.80302,0,0
2015-06-04,06:00:00,0.80302,0.80324,0.80272,0.80294,0,0
2015-06-04,07:00:00,0.80293,0.80305,0.80252,0.80265,0,0
2015-06-04,08:00:00,0.80265,0.80314,0.80234,0.80244,0,0
2015-06-04,09:00:00,0.80244,0.80283,0.80175,0.80185,0,0
2015-06-04,10:00:00,0.80184,0.80196,0.80101,0.80104,0,0
2015-06-04,11:00:00,0.80104,0.80352,0.8006,0.80283,0,0
2015-06-04,12:00:00,0.80283,0.80405,0.80241,0.80364,0,0
2015-06-04,13:00:00,0.80364,0.80383,0.80293,0.80368,0,0
2015-06-04,14:00:00,0.8037,0.80405,0.80309,0.80355,0,0
2015-06-04,15:00:00,0.80355,0.80376,0.80171,0.80224,0,0
2015-06-04,16:00:00,0.80224,0.8023,0.79982,0.80065,0,0
2015-06-04,17:00:00,0.80072,0.80252,0.80006,0.80235,0,0
2015-06-04,18:00:00,0.80235,0.80235,0.80067,0.80153,0,0
2015-06-04,19:00:00,0.8015,0.80236,0.80104,0.80146,0,0
2015-06-04,20:00:00,0.80146,0.80189,0.79978,0.80065,0,0
2015-06-04,21:00:00,0.80059,0.80115,0.8004,0.8004,0,0
2015-06-04,22:00:00,0.80024,0.80075,0.79976,0.79978,0,0
2015-06-04,23:00:00,0.7998,0.80038,0.79974,0.79996,0,0
2015-06-04,23:59:00,0.79991,0.80011,0.79959,0.79965,0,0
2015-06-05,01:00:00,0.79963,0.79996,0.79953,0.79961,0,0
2015-06-05,02:00:00,0.79958,0.80032,0.79953,0.80022,0,0
2015-06-05,03:00:00,0.80022,0.80042,0.79981,0.8002,0,0
2015-06-05,04:00:00,0.8002,0.8004,0.79958,0.80021,0,0
2015-06-05,05:00:00,0.80021,0.80043,0.80005,0.80019,0,0
2015-06-05,06:00:00,0.80019,0.80043,0.80014,0.80039,0,0
2015-06-05,07:00:00,0.80038,0.80071,0.80035,0.80065,0,0
2015-06-05,08:00:00,0.80065,0.8007,0.80019,0.80058,0,0
2015-06-05,09:00:00,0.80061,0.80097,0.79967,0.80017,0,0
2015-06-05,10:00:00,0.80018,0.80021,0.79849,0.79881,0,0
2015-06-05,11:00:00,0.79881,0.79881,0.7981,0.79849,0,0
2015-06-05,12:00:00,0.79849,0.799,0.79832,0.79844,0,0
2015-06-05,13:00:00,0.79842,0.79904,0.79833,0.79836,0,0
2015-06-05,14:00:00,0.79836,0.80031,0.79829,0.80017,0,0
2015-06-05,15:00:00,0.80017,0.8025,0.7971,0.79913,0,0
2015-06-05,16:00:00,0.79913,0.79913,0.79601,0.79822,0,0
2015-06-05,17:00:00,0.79822,0.8029,0.79818,0.80172,0,0
2015-06-05,18:00:00,0.80174,0.80288,0.80065,0.8008,0,0
2015-06-05,19:00:00,0.80086,0.80137,0.80015,0.80115,0,0
2015-06-05,20:00:00,0.80117,0.80288,0.80114,0.80227,0,0
2015-06-05,21:00:00,0.80227,0.8041,0.802,0.80359,0,0
2015-06-05,22:00:00,0.80366,0.80397,0.80309,0.80393,0,0
2015-06-05,23:00:00,0.80392,0.80401,0.8039,0.80398,0,0
2015-06-08,01:00:00,0.80383,0.80383,0.80331,0.80336,0,0
2015-06-08,02:00:00,0.80337,0.80339,0.80243,0.80248,0,0
2015-06-08,03:00:00,0.8025,0.80306,0.80184,0.80187,0,0
2015-06-08,04:00:00,0.80189,0.80274,0.80189,0.80233,0,0
2015-06-08,05:00:00,0.80233,0.80272,0.80205,0.80227,0,0
2015-06-08,06:00:00,0.80227,0.80252,0.80213,0.80239,0,0
2015-06-08,07:00:00,0.80239,0.80261,0.80212,0.80257,0,0
2015-06-08,08:00:00,0.80257,0.80295,0.80248,0.80287,0,0
2015-06-08,09:00:00,0.80287,0.80445,0.80182,0.80387,0,0
2015-06-08,10:00:00,0.80388,0.80458,0.80335,0.8039,0,0
2015-06-08,11:00:00,0.80388,0.80394,0.8029,0.80339,0,0
2015-06-08,12:00:00,0.80339,0.8044,0.80328,0.80416,0,0
2015-06-08,13:00:00,0.80416,0.80423,0.8035,0.80351,0,0
2015-06-08,14:00:00,0.80353,0.8042,0.80339,0.8042,0,0
2015-06-08,15:00:00,0.8042,0.80658,0.80403,0.8059,0,0
2015-06-08,16:00:00,0.8059,0.8066,0.80515,0.80573,0,0
2015-06-08,17:00:00,0.80575,0.80585,0.80309,0.80315,0,0
2015-06-08,18:00:00,0.80316,0.80519,0.80316,0.80422,0,0
2015-06-08,19:00:00,0.80422,0.80447,0.80317,0.80407,0,0
2015-06-08,20:00:00,0.80407,0.80553,0.80383,0.80521,0,0
2015-06-08,21:00:00,0.80521,0.80634,0.80515,0.80594,0,0
2015-06-08,22:00:00,0.80596,0.80687,0.80583,0.80657,0,0
2015-06-08,23:00:00,0.80656,0.80753,0.80576,0.80579,0,0
2015-06-08,23:59:00,0.80577,0.80633,0.80577,0.80587,0,0
2015-06-09,01:00:00,0.80583,0.80585,0.80525,0.80535,0,0
2015-06-09,02:00:00,0.80535,0.8058,0.80535,0.80566,0,0
2015-06-09,03:00:00,0.80565,0.80565,0.8052,0.8055,0,0
2015-06-09,04:00:00,0.8055,0.80688,0.80533,0.80656,0,0
2015-06-09,05:00:00,0.80656,0.80669,0.80616,0.80665,0,0
2015-06-09,06:00:00,0.80665,0.80728,0.80659,0.80696,0,0
2015-06-09,07:00:00,0.80695,0.80697,0.80647,0.80665,0,0
2015-06-09,08:00:00,0.80665,0.80777,0.80665,0.80762,0,0
2015-06-09,09:00:00,0.80762,0.80762,0.806,0.80608,0,0
2015-06-09,10:00:00,0.80609,0.80634,0.80377,0.80418,0,0
2015-06-09,11:00:00,0.80418,0.80621,0.80405,0.80607,0,0
2015-06-09,12:00:00,0.80609,0.8071,0.80605,0.80666,0,0
2015-06-09,13:00:00,0.80671,0.80795,0.80603,0.80771,0,0
2015-06-09,14:00:00,0.80766,0.81092,0.80755,0.80881,0,0
2015-06-09,15:00:00,0.80882,0.81054,0.80882,0.80948,0,0
2015-06-09,16:00:00,0.80957,0.81185,0.8094,0.8105,0,0
2015-06-09,17:00:00,0.8105,0.81166,0.80917,0.81113,0,0
2015-06-09,18:00:00,0.81105,0.81248,0.81054,0.81185,0,0
2015-06-09,19:00:00,0.81195,0.81204,0.81091,0.81101,0,0
2015-06-09,20:00:00,0.81092,0.81152,0.81059,0.81082,0,0
2015-06-09,21:00:00,0.81073,0.81122,0.81024,0.81054,0,0
2015-06-09,22:00:00,0.81056,0.81056,0.80993,0.81002,0,0
2015-06-09,23:00:00,0.81001,0.81202,0.81001,0.81063,0,0
2015-06-09,23:59:00,0.81063,0.81117,0.81037,0.81037,0,0
2015-06-10,01:00:00,0.81052,0.81069,0.81014,0.81033,0,0
2015-06-10,02:00:00,0.81035,0.81061,0.81025,0.81025,0,0
2015-06-10,03:00:00,0.81025,0.81067,0.81001,0.81006,0,0
2015-06-10,04:00:00,0.81006,0.81047,0.81006,0.81012,0,0
2015-06-10,05:00:00,0.81012,0.81033,0.80962,0.80981,0,0
2015-06-10,06:00:00,0.80981,0.81012,0.80961,0.81012,0,0
2015-06-10,07:00:00,0.81012,0.81204,0.80976,0.81202,0,0
2015-06-10,08:00:00,0.81202,0.81264,0.8117,0.81262,0,0
2015-06-10,09:00:00,0.81262,0.81292,0.81234,0.8124,0,0
2015-06-10,10:00:00,0.81247,0.81673,0.81202,0.81584,0,0
2015-06-10,11:00:00,0.81584,0.81721,0.81503,0.81697,0,0
2015-06-10,12:00:00,0.81693,0.81774,0.81651,0.81661,0,0
2015-06-10,13:00:00,0.81661,0.81851,0.81583,0.8162,0,0
2015-06-10,14:00:00,0.81625,0.81694,0.81535,0.81639,0,0
2015-06-10,15:00:00,0.81639,0.81853,0.81601,0.81783,0,0
2015-06-10,16:00:00,0.81783,0.8195,0.81764,0.81824,0,0
2015-06-10,17:00:00,0.81824,0.81852,0.81482,0.81559,0,0
2015-06-10,18:00:00,0.81562,0.81633,0.81458,0.81512,0,0
2015-06-10,19:00:00,0.81512,0.81516,0.81431,0.81439,0,0
2015-06-10,20:00:00,0.81436,0.81448,0.81374,0.81411,0,0
2015-06-10,21:00:00,0.81409,0.81568,0.81403,0.81549,0,0
2015-06-10,22:00:00,0.81549,0.81571,0.81502,0.81557,0,0
2015-06-10,23:00:00,0.81557,0.81599,0.81503,0.81599,0,0
2015-06-10,23:59:00,0.81603,0.81604,0.81476,0.81487,0,0
2015-06-11,01:00:00,0.81494,0.81552,0.81492,0.81504,0,0
2015-06-11,02:00:00,0.81504,0.81512,0.8144,0.81448,0,0
2015-06-11,03:00:00,0.81448,0.81471,0.81427,0.81459,0,0
2015-06-11,04:00:00,0.81458,0.81527,0.81399,0.8143,0,0
2015-06-11,05:00:00,0.81429,0.81498,0.81399,0.81491,0,0
2015-06-11,06:00:00,0.81491,0.81508,0.81455,0.81476,0,0
2015-06-11,07:00:00,0.81476,0.81522,0.81439,0.8146,0,0
2015-06-11,08:00:00,0.81461,0.81474,0.81418,0.81453,0,0
2015-06-11,09:00:00,0.81453,0.8148,0.81389,0.81419,0,0
2015-06-11,10:00:00,0.81419,0.81419,0.81238,0.81302,0,0
2015-06-11,11:00:00,0.81302,0.81315,0.81218,0.81258,0,0
2015-06-11,12:00:00,0.81262,0.8127,0.8115,0.81251,0,0
2015-06-11,13:00:00,0.81251,0.81329,0.81251,0.8127,0,0
2015-06-11,14:00:00,0.8127,0.81324,0.81124,0.81124,0,0
2015-06-11,15:00:00,0.81127,0.81405,0.80955,0.81329,0,0
2015-06-11,16:00:00,0.81329,0.81338,0.81229,0.81262,0,0
2015-06-11,17:00:00,0.8126,0.81336,0.81171,0.81278,0,0
2015-06-11,18:00:00,0.81274,0.81319,0.81191,0.81201,0,0
2015-06-11,19:00:00,0.81211,0.81262,0.81131,0.81158,0,0
2015-06-11,20:00:00,0.81158,0.81242,0.81119,0.8123,0,0
2015-06-11,21:00:00,0.8123,0.81449,0.81229,0.81427,0,0
2015-06-11,22:00:00,0.81427,0.81494,0.81382,0.81453,0,0
2015-06-11,23:00:00,0.81453,0.81493,0.8132,0.8135,0,0
2015-06-11,23:59:00,0.81346,0.81363,0.8131,0.8131,0,0
2015-06-12,01:00:00,0.81315,0.81325,0.81312,0.81314,0,0
2015-06-12,02:00:00,0.81318,0.81358,0.81318,0.81347,0,0
2015-06-12,03:00:00,0.8135,0.81375,0.81323,0.81368,0,0
2015-06-12,04:00:00,0.81367,0.81409,0.81347,0.81386,0,0
2015-06-12,05:00:00,0.81386,0.81418,0.81368,0.81399,0,0
2015-06-12,06:00:00,0.81399,0.81448,0.81396,0.81405,0,0
2015-06-12,07:00:00,0.81405,0.81435,0.81329,0.81373,0,0
2015-06-12,08:00:00,0.81373,0.81437,0.81345,0.81395,0,0
2015-06-12,09:00:00,0.81396,0.81415,0.81318,0.81319,0,0
2015-06-12,10:00:00,0.81319,0.8136,0.81244,0.81255,0,0
2015-06-12,11:00:00,0.81254,0.81255,0.81108,0.81146,0,0
2015-06-12,12:00:00,0.81137,0.81216,0.81081,0.81197,0,0
2015-06-12,13:00:00,0.81197,0.81348,0.81187,0.81319,0,0
2015-06-12,14:00:00,0.81319,0.81379,0.81224,0.81345,0,0
2015-06-12,15:00:00,0.81338,0.81338,0.81162,0.81166,0,0
2015-06-12,16:00:00,0.81157,0.81177,0.80989,0.81117,0,0
2015-06-12,17:00:00,0.81117,0.81307,0.81012,0.81299,0,0
2015-06-12,18:00:00,0.8129,0.8135,0.81189,0.81256,0,0
2015-06-12,19:00:00,0.8126,0.81294,0.81206,0.81239,0,0
2015-06-12,20:00:00,0.81239,0.81261,0.81151,0.8126,0,0
2015-06-12,21:00:00,0.81239,0.81258,0.81137,0.81144,0,0
2015-06-12,22:00:00,0.81146,0.81247,0.81114,0.81227,0,0
2015-06-12,23:00:00,0.81227,0.81247,0.81227,0.81242,0,0
2015-06-15,01:00:00,0.81202,0.81229,0.81154,0.81224,0,0
2015-06-15,02:00:00,0.81224,0.81237,0.81179,0.81216,0,0
2015-06-15,03:00:00,0.81216,0.81216,0.81148,0.81166,0,0
2015-06-15,04:00:00,0.81164,0.81168,0.8107,0.81109,0,0
2015-06-15,05:00:00,0.81108,0.8113,0.81073,0.81095,0,0
2015-06-15,06:00:00,0.81095,0.81124,0.81083,0.8109,0,0
2015-06-15,07:00:00,0.8109,0.81129,0.81055,0.81086,0,0
2015-06-15,08:00:00,0.81086,0.81099,0.81038,0.81079,0,0
2015-06-15,09:00:00,0.81079,0.81195,0.81074,0.8118,0,0
2015-06-15,10:00:00,0.8118,0.81216,0.811,0.81129,0,0
2015-06-15,11:00:00,0.8113,0.8113,0.81037,0.81037,0,0
2015-06-15,12:00:00,0.81035,0.81066,0.80972,0.80988,0,0
2015-06-15,13:00:00,0.8098,0.8098,0.80919,0.80947,0,0
2015-06-15,14:00:00,0.80946,0.80993,0.80917,0.80922,0,0
2015-06-15,15:00:00,0.80921,0.81078,0.80904,0.80979,0,0
2015-06-15,16:00:00,0.80989,0.81118,0.80956,0.81084,0,0
2015-06-15,17:00:00,0.81085,0.81159,0.81023,0.81079,0,0
2015-06-15,18:00:00,0.81079,0.8116,0.81028,0.8116,0,0
2015-06-15,19:00:00,0.8116,0.81267,0.81148,0.81244,0,0
2015-06-15,20:00:00,0.81247,0.81318,0.8119,0.81213,0,0
2015-06-15,21:00:00,0.81215,0.81245,0.81159,0.81159,0,0
2015-06-15,22:00:00,0.81159,0.81229,0.81154,0.8119,0,0
2015-06-15,23:00:00,0.81191,0.81254,0.81144,0.81145,0,0
2015-06-15,23:59:00,0.81146,0.81179,0.8113,0.81166,0,0
2015-06-16,01:00:00,0.81159,0.81208,0.81128,0.81208,0,0
2015-06-16,02:00:00,0.81208,0.81208,0.8118,0.81196,0,0
2015-06-16,03:00:00,0.81195,0.81195,0.8113,0.81153,0,0
2015-06-16,04:00:00,0.81154,0.81191,0.81084,0.81185,0,0
2015-06-16,05:00:00,0.81184,0.81203,0.81154,0.81194,0,0
2015-06-16,06:00:00,0.81194,0.81198,0.81171,0.81191,0,0
2015-06-16,07:00:00,0.81191,0.81225,0.81184,0.81215,0,0
2015-06-16,08:00:00,0.81215,0.81216,0.81154,0.81193,0,0
2015-06-16,09:00:00,0.81204,0.81204,0.81101,0.81193,0,0
2015-06-16,10:00:00,0.81196,0.812,0.81064,0.81068,0,0
2015-06-16,11:00:00,0.8107,0.81092,0.80999,0.81064,0,0
2015-06-16,12:00:00,0.81064,0.81096,0.81006,0.81025,0,0
2015-06-16,13:00:00,0.81025,0.81068,0.81012,0.81027,0,0
2015-06-16,14:00:00,0.81027,0.81096,0.81014,0.81056,0,0
2015-06-16,15:00:00,0.81055,0.81137,0.81006,0.81073,0,0
2015-06-16,16:00:00,0.81073,0.81245,0.81022,0.81236,0,0
2015-06-16,17:00:00,0.81236,0.81262,0.81068,0.81079,0,0
2015-06-16,18:00:00,0.81081,0.81141,0.81066,0.81108,0,0
2015-06-16,19:00:00,0.81108,0.81108,0.80999,0.81053,0,0
2015-06-16,20:00:00,0.81053,0.81185,0.81033,0.81163,0,0
2015-06-16,21:00:00,0.81163,0.81233,0.81133,0.81193,0,0
2015-06-16,22:00:00,0.81193,0.81233,0.81169,0.81224,0,0
2015-06-16,23:00:00,0.81212,0.81403,0.81209,0.81329,0,0
2015-06-16,23:59:00,0.81338,0.81406,0.81334,0.81345,0,0
2015-06-17,01:00:00,0.81344,0.81377,0.81327,0.81355,0,0
2015-06-17,02:00:00,0.81355,0.81368,0.81327,0.81332,0,0
2015-06-17,03:00:00,0.81333,0.81344,0.81303,0.81341,0,0
2015-06-17,04:00:00,0.81342,0.81364,0.81328,0.8136,0,0
2015-06-17,05:00:00,0.8136,0.8137,0.81319,0.81329,0,0
2015-06-17,06:00:00,0.81329,0.81352,0.81298,0.8134,0,0
2015-06-17,07:00:00,0.8134,0.81346,0.81307,0.81327,0,0
2015-06-17,08:00:00,0.81327,0.81346,0.81297,0.81298,0,0
2015-06-17,09:00:00,0.813,0.8134,0.81198,0.81214,0,0
2015-06-17,10:00:00,0.81216,0.81229,0.81094,0.81127,0,0
2015-06-17,11:00:00,0.81127,0.81146,0.81081,0.8111,0,0
2015-06-17,12:00:00,0.8111,0.812,0.81108,0.81197,0,0
2015-06-17,13:00:00,0.81197,0.8126,0.81146,0.81211,0,0
2015-06-17,14:00:00,0.81212,0.81289,0.81189,0.81269,0,0
2015-06-17,15:00:00,0.81269,0.81269,0.81171,0.81189,0,0
2015-06-17,16:00:00,0.81189,0.81264,0.81177,0.81247,0,0
2015-06-17,17:00:00,0.81249,0.8126,0.81149,0.81171,0,0
2015-06-17,18:00:00,0.81177,0.81292,0.81171,0.81255,0,0
2015-06-17,19:00:00,0.81255,0.81255,0.81177,0.81197,0,0
2015-06-17,20:00:00,0.81197,0.81233,0.81145,0.81233,0,0
2015-06-17,21:00:00,0.8122,0.81769,0.81011,0.81768,0,0
2015-06-17,22:00:00,0.81774,0.81826,0.81665,0.81737,0,0
2015-06-17,23:00:00,0.81735,0.81787,0.81698,0.81784,0,0
2015-06-17,23:59:00,0.81784,0.81788,0.81743,0.81764,0,0
2015-06-18,01:00:00,0.81764,0.81769,0.81715,0.81742,0,0
2015-06-18,02:00:00,0.81739,0.81779,0.81733,0.81753,0,0
2015-06-18,03:00:00,0.81753,0.81778,0.81737,0.81744,0,0
2015-06-18,04:00:00,0.81744,0.81776,0.81723,0.81748,0,0
2015-06-18,05:00:00,0.81748,0.81796,0.81729,0.81794,0,0
2015-06-18,06:00:00,0.81794,0.81796,0.81743,0.8175,0,0
2015-06-18,07:00:00,0.81751,0.81804,0.81747,0.81779,0,0
2015-06-18,08:00:00,0.81779,0.8183,0.81764,0.81767,0,0
2015-06-18,09:00:00,0.81767,0.81832,0.81746,0.81824,0,0
2015-06-18,10:00:00,0.81822,0.81966,0.81807,0.81965,0,0
2015-06-18,11:00:00,0.81964,0.82198,0.81946,0.82125,0,0
2015-06-18,12:00:00,0.82125,0.82284,0.82113,0.82282,0,0
2015-06-18,13:00:00,0.82278,0.82281,0.82185,0.82203,0,0
2015-06-18,14:00:00,0.82202,0.82278,0.82163,0.82277,0,0
2015-06-18,15:00:00,0.82277,0.82455,0.82224,0.82341,0,0
2015-06-18,16:00:00,0.82342,0.82399,0.82221,0.82309,0,0
2015-06-18,17:00:00,0.82328,0.82328,0.81979,0.81991,0,0
2015-06-18,18:00:00,0.81984,0.82092,0.81897,0.81897,0,0
2015-06-18,19:00:00,0.81901,0.81953,0.81728,0.81782,0,0
2015-06-18,20:00:00,0.81782,0.81812,0.81631,0.81745,0,0
2015-06-18,21:00:00,0.81745,0.81814,0.8173,0.81746,0,0
2015-06-18,22:00:00,0.81743,0.81794,0.81726,0.81774,0,0
2015-06-18,23:00:00,0.81776,0.81814,0.81755,0.81814,0,0
2015-06-18,23:59:00,0.81814,0.81816,0.81756,0.81794,0,0
2015-06-19,01:00:00,0.818,0.81842,0.81789,0.81835,0,0
2015-06-19,02:00:00,0.81832,0.81838,0.81753,0.81789,0,0
2015-06-19,03:00:00,0.8179,0.81854,0.81751,0.81848,0,0
2015-06-19,04:00:00,0.8185,0.81861,0.81779,0.81802,0,0
2015-06-19,05:00:00,0.81803,0.8182,0.81778,0.81819,0,0
2015-06-19,06:00:00,0.81819,0.8182,0.81775,0.81786,0,0
2015-06-19,07:00:00,0.81786,0.81792,0.81739,0.81756,0,0
2015-06-19,08:00:00,0.81751,0.81792,0.81737,0.81787,0,0
2015-06-19,09:00:00,0.81787,0.81804,0.81728,0.8174,0,0
2015-06-19,10:00:00,0.8174,0.81843,0.81689,0.81791,0,0
2015-06-19,11:00:00,0.81791,0.81865,0.81769,0.8183,0,0
2015-06-19,12:00:00,0.8183,0.81851,0.81707,0.81779,0,0
2015-06-19,13:00:00,0.81779,0.8178,0.8167,0.81672,0,0
2015-06-19,14:00:00,0.81669,0.8167,0.81565,0.81575,0,0
2015-06-19,15:00:00,0.81575,0.81681,0.81358,0.8139,0,0
2015-06-19,16:00:00,0.8139,0.81661,0.8133,0.81561,0,0
2015-06-19,17:00:00,0.81561,0.81561,0.81358,0.81421,0,0
2015-06-19,18:00:00,0.81423,0.81451,0.81354,0.81442,0,0
2015-06-19,19:00:00,0.81442,0.81478,0.81401,0.81448,0,0
2015-06-19,20:00:00,0.81441,0.81553,0.81428,0.81531,0,0
2015-06-19,21:00:00,0.81529,0.81623,0.81529,0.81561,0,0
2015-06-19,22:00:00,0.81561,0.81567,0.81478,0.81516,0,0
2015-06-19,23:00:00,0.81524,0.81529,0.81516,0.81526,0,0
2015-06-22,01:00:00,0.81522,0.81536,0.81464,0.81507,0,0
2015-06-22,02:00:00,0.81507,0.81535,0.81452,0.81458,0,0
2015-06-22,03:00:00,0.81458,0.81507,0.8145,0.8149,0,0
2015-06-22,04:00:00,0.81489,0.81585,0.81489,0.81539,0,0
2015-06-22,05:00:00,0.81541,0.81572,0.81507,0.81565,0,0
2015-06-22,06:00:00,0.81565,0.81609,0.81561,0.81601,0,0
2015-06-22,07:00:00,0.81601,0.81651,0.81594,0.81598,0,0
2015-06-22,08:00:00,0.81599,0.81681,0.81575,0.81671,0,0
2015-06-22,09:00:00,0.81671,0.81674,0.81618,0.81639,0,0
2015-06-22,10:00:00,0.81639,0.81652,0.81526,0.81529,0,0
2015-06-22,11:00:00,0.81529,0.81563,0.8148,0.81562,0,0
2015-06-22,12:00:00,0.81562,0.8163,0.81534,0.81629,0,0
2015-06-22,13:00:00,0.81629,0.81778,0.8159,0.81707,0,0
2015-06-22,14:00:00,0.81707,0.8178,0.81669,0.81742,0,0
2015-06-22,15:00:00,0.81742,0.81842,0.81649,0.81683,0,0
2015-06-22,16:00:00,0.81683,0.81733,0.81472,0.815,0,0
2015-06-22,17:00:00,0.81498,0.81507,0.81391,0.81443,0,0
2015-06-22,18:00:00,0.81449,0.81449,0.8129,0.81378,0,0
2015-06-22,19:00:00,0.81381,0.81391,0.81111,0.81208,0,0
2015-06-22,20:00:00,0.81208,0.81258,0.81139,0.81158,0,0
2015-06-22,21:00:00,0.81158,0.81254,0.81151,0.81189,0,0
2015-06-22,22:00:00,0.81182,0.81191,0.81108,0.81127,0,0
2015-06-22,23:00:00,0.81126,0.81251,0.81126,0.81243,0,0
2015-06-22,23:59:00,0.81238,0.81247,0.81164,0.81212,0,0
2015-06-23,01:00:00,0.81208,0.81229,0.81195,0.812,0,0
2015-06-23,02:00:00,0.81198,0.81222,0.81195,0.81206,0,0
2015-06-23,03:00:00,0.81206,0.81206,0.81146,0.81148,0,0
2015-06-23,04:00:00,0.81148,0.81169,0.81114,0.81114,0,0
2015-06-23,05:00:00,0.81113,0.81119,0.81008,0.81014,0,0
2015-06-23,06:00:00,0.81017,0.81041,0.81007,0.81025,0,0
2015-06-23,07:00:00,0.81025,0.81039,0.8101,0.81037,0,0
2015-06-23,08:00:00,0.81035,0.81109,0.81033,0.81097,0,0
2015-06-23,09:00:00,0.81097,0.81131,0.81019,0.81105,0,0
2015-06-23,10:00:00,0.81106,0.81141,0.81008,0.8102,0,0
2015-06-23,11:00:00,0.81019,0.81099,0.80985,0.81068,0,0
2015-06-23,12:00:00,0.81068,0.81121,0.81029,0.81089,0,0
2015-06-23,13:00:00,0.81089,0.81092,0.80993,0.81018,0,0
2015-06-23,14:00:00,0.81016,0.81077,0.80997,0.81006,0,0
2015-06-23,15:00:00,0.81006,0.81206,0.80981,0.80991,0,0
2015-06-23,16:00:00,0.80999,0.81046,0.80758,0.80913,0,0
2015-06-23,17:00:00,0.80909,0.8119,0.80837,0.81066,0,0
2015-06-23,18:00:00,0.81069,0.812,0.81053,0.81121,0,0
2015-06-23,19:00:00,0.81121,0.81144,0.81059,0.81081,0,0
2015-06-23,20:00:00,0.81078,0.81092,0.81003,0.8103,0,0
2015-06-23,21:00:00,0.8103,0.8106,0.80997,0.81052,0,0
2015-06-23,22:00:00,0.81056,0.811,0.81033,0.81083,0,0
2015-06-23,23:00:00,0.81091,0.81126,0.81075,0.81121,0,0
2015-06-23,23:59:00,0.81121,0.81131,0.81056,0.81091,0,0
2015-06-24,01:00:00,0.81091,0.81126,0.81091,0.81122,0,0
2015-06-24,02:00:00,0.81122,0.81148,0.81105,0.81146,0,0
2015-06-24,03:00:00,0.81146,0.81185,0.81121,0.81127,0,0
2015-06-24,04:00:00,0.81128,0.81161,0.81108,0.81128,0,0
2015-06-24,05:00:00,0.81128,0.8118,0.81118,0.81168,0,0
2015-06-24,06:00:00,0.81168,0.81179,0.81127,0.8114,0,0
2015-06-24,07:00:00,0.81139,0.81168,0.81029,0.8105,0,0
2015-06-24,08:00:00,0.8105,0.81146,0.81045,0.81092,0,0
2015-06-24,09:00:00,0.81092,0.81158,0.81066,0.81113,0,0
2015-06-24,10:00:00,0.81113,0.81225,0.81069,0.81212,0,0
2015-06-24,11:00:00,0.81217,0.8145,0.81177,0.81377,0,0
2015-06-24,12:00:00,0.81377,0.8139,0.81284,0.81363,0,0
2015-06-24,13:00:00,0.81363,0.81363,0.81256,0.81274,0,0
2015-06-24,14:00:00,0.81279,0.81288,0.81219,0.81239,0,0
2015-06-24,15:00:00,0.81239,0.81296,0.81056,0.81073,0,0
2015-06-24,16:00:00,0.81068,0.81068,0.80811,0.80877,0,0
2015-06-24,17:00:00,0.80877,0.80877,0.80578,0.80662,0,0
2015-06-24,18:00:00,0.80667,0.80698,0.80497,0.80556,0,0
2015-06-24,19:00:00,0.80556,0.80707,0.80535,0.80706,0,0
2015-06-24,20:00:00,0.80705,0.80771,0.80687,0.80728,0,0
2015-06-24,21:00:00,0.80728,0.8074,0.80647,0.80698,0,0
2015-06-24,22:00:00,0.80695,0.80727,0.80654,0.80656,0,0
2015-06-24,23:00:00,0.80656,0.80757,0.80647,0.80757,0,0
2015-06-24,23:59:00,0.80757,0.80762,0.80722,0.80731,0,0
2015-06-25,01:00:00,0.80725,0.8074,0.80698,0.80725,0,0
2015-06-25,02:00:00,0.80725,0.80748,0.80717,0.80738,0,0
2015-06-25,03:00:00,0.80738,0.80753,0.80713,0.80727,0,0
2015-06-25,04:00:00,0.80727,0.80753,0.80682,0.80702,0,0
2015-06-25,05:00:00,0.80702,0.80764,0.80702,0.80762,0,0
2015-06-25,06:00:00,0.80766,0.80816,0.80753,0.80815,0,0
2015-06-25,07:00:00,0.80815,0.80836,0.80792,0.80803,0,0
2015-06-25,08:00:00,0.80803,0.80804,0.8071,0.80723,0,0
2015-06-25,09:00:00,0.80723,0.80767,0.8065,0.80665,0,0
2015-06-25,10:00:00,0.80666,0.80715,0.80655,0.80685,0,0
2015-06-25,11:00:00,0.80685,0.80798,0.80674,0.80753,0,0
2015-06-25,12:00:00,0.80753,0.80824,0.80739,0.80768,0,0
2015-06-25,13:00:00,0.80766,0.80803,0.80722,0.80733,0,0
2015-06-25,14:00:00,0.80733,0.80804,0.80721,0.80788,0,0
2015-06-25,15:00:00,0.80788,0.80824,0.80674,0.80785,0,0
2015-06-25,16:00:00,0.80785,0.81096,0.80783,0.81046,0,0
2015-06-25,17:00:00,0.81045,0.81092,0.80975,0.8098,0,0
2015-06-25,18:00:00,0.80974,0.81025,0.80961,0.80985,0,0
2015-06-25,19:00:00,0.80983,0.81009,0.80914,0.80988,0,0
2015-06-25,20:00:00,0.80995,0.81066,0.80973,0.81064,0,0
2015-06-25,21:00:00,0.81064,0.81172,0.81055,0.81172,0,0
2015-06-25,22:00:00,0.81175,0.81203,0.81131,0.81153,0,0
2015-06-25,23:00:00,0.81152,0.81215,0.81122,0.81127,0,0
2015-06-25,23:59:00,0.81128,0.81142,0.81098,0.81104,0,0
2015-06-26,01:00:00,0.81103,0.8111,0.81077,0.81091,0,0
2015-06-26,02:00:00,0.81092,0.8111,0.81083,0.81085,0,0
2015-06-26,03:00:00,0.8109,0.811,0.81038,0.81047,0,0
2015-06-26,04:00:00,0.81047,0.8105,0.80993,0.81013,0,0
2015-06-26,05:00:00,0.81012,0.8106,0.80991,0.8105,0,0
2015-06-26,06:00:00,0.81051,0.81073,0.81017,0.81032,0,0
2015-06-26,07:00:00,0.81031,0.81052,0.81019,0.8103,0,0
2015-06-26,08:00:00,0.81031,0.81042,0.81012,0.81029,0,0
2015-06-26,09:00:00,0.8103,0.8106,0.80924,0.8094,0,0
2015-06-26,10:00:00,0.8094,0.81012,0.80927,0.8094,0,0
2015-06-26,11:00:00,0.8094,0.80981,0.8089,0.80958,0,0
2015-06-26,12:00:00,0.80958,0.80974,0.80877,0.8089,0,0
2015-06-26,13:00:00,0.8089,0.81082,0.8089,0.8101,0,0
2015-06-26,14:00:00,0.81021,0.81039,0.80901,0.80932,0,0
2015-06-26,15:00:00,0.80932,0.80948,0.80838,0.80868,0,0
2015-06-26,16:00:00,0.80859,0.8093,0.80666,0.80905,0,0
2015-06-26,17:00:00,0.80915,0.80961,0.80749,0.80749,0,0
2015-06-26,18:00:00,0.80755,0.80941,0.80723,0.80917,0,0
2015-06-26,19:00:00,0.80917,0.81059,0.80904,0.81039,0,0
2015-06-26,20:00:00,0.81039,0.81131,0.81014,0.81121,0,0
2015-06-26,21:00:00,0.81121,0.81168,0.81105,0.81153,0,0
2015-06-26,22:00:00,0.81153,0.81204,0.81146,0.81193,0,0
2015-06-26,23:00:00,0.81193,0.81195,0.81191,0.81191,0,0
2015-06-29,01:00:00,0.80988,0.81054,0.80924,0.80967,0,0
2015-06-29,02:00:00,0.80967,0.81029,0.80953,0.80953,0,0
2015-06-29,03:00:00,0.80951,0.81113,0.80923,0.81023,0,0
2015-06-29,04:00:00,0.81023,0.81073,0.80981,0.80997,0,0
2015-06-29,05:00:00,0.80998,0.8106,0.80985,0.81028,0,0
2015-06-29,06:00:00,0.81027,0.81113,0.8101,0.81097,0,0
2015-06-29,07:00:00,0.81096,0.81104,0.81052,0.81075,0,0
2015-06-29,08:00:00,0.81075,0.81114,0.81039,0.81114,0,0
2015-06-29,09:00:00,0.81117,0.8123,0.81067,0.81203,0,0
2015-06-29,10:00:00,0.81202,0.81266,0.81119,0.81133,0,0
2015-06-29,11:00:00,0.81133,0.81181,0.81071,0.8111,0,0
2015-06-29,12:00:00,0.8111,0.81153,0.80905,0.80913,0,0
2015-06-29,13:00:00,0.80914,0.80953,0.80841,0.80917,0,0
2015-06-29,14:00:00,0.80917,0.80989,0.80775,0.80932,0,0
2015-06-29,15:00:00,0.80931,0.81034,0.80824,0.80919,0,0
2015-06-29,16:00:00,0.80919,0.80928,0.80689,0.80779,0,0
2015-06-29,17:00:00,0.80775,0.80828,0.80563,0.80766,0,0
2015-06-29,18:00:00,0.80768,0.80826,0.80713,0.80772,0,0
2015-06-29,19:00:00,0.80772,0.80794,0.80643,0.80665,0,0
2015-06-29,20:00:00,0.80683,0.80809,0.80682,0.80762,0,0
2015-06-29,21:00:00,0.80762,0.80877,0.80746,0.80847,0,0
2015-06-29,22:00:00,0.80847,0.80847,0.80691,0.80704,0,0
2015-06-29,23:00:00,0.80704,0.8072,0.80622,0.80626,0,0
2015-06-29,23:59:00,0.80617,0.80671,0.80617,0.80635,0,0
2015-06-30,01:00:00,0.80635,0.80647,0.80609,0.80619,0,0
2015-06-30,02:00:00,0.80612,0.80631,0.80557,0.80557,0,0
2015-06-30,03:00:00,0.80557,0.806,0.80517,0.80531,0,0
2015-06-30,04:00:00,0.8053,0.8057,0.80493,0.80541,0,0
2015-06-30,05:00:00,0.80541,0.8055,0.80498,0.80521,0,0
2015-06-30,06:00:00,0.80521,0.80606,0.80519,0.80552,0,0
2015-06-30,07:00:00,0.80611,0.80671,0.80552,0.80667,0,0
2015-06-30,08:00:00,0.80667,0.80693,0.80609,0.80675,0,0
2015-06-30,09:00:00,0.80674,0.8074,0.80634,0.80643,0,0
2015-06-30,10:00:00,0.80639,0.80675,0.8061,0.80648,0,0
2015-06-30,11:00:00,0.80651,0.80664,0.80558,0.80643,0,0
2015-06-30,12:00:00,0.80654,0.80723,0.80628,0.80691,0,0
2015-06-30,13:00:00,0.80691,0.80821,0.80682,0.8077,0,0
2015-06-30,14:00:00,0.8077,0.80815,0.80708,0.80753,0,0
2015-06-30,15:00:00,0.80755,0.80883,0.80454,0.80504,0,0
2015-06-30,16:00:00,0.80501,0.80545,0.80301,0.8043,0,0
2015-06-30,17:00:00,0.8043,0.8043,0.80095,0.80113,0,0
2015-06-30,18:00:00,0.80113,0.80193,0.80025,0.80164,0,0
2015-06-30,19:00:00,0.80169,0.80196,0.80004,0.80108,0,0
2015-06-30,20:00:00,0.8011,0.8011,0.80031,0.80088,0,0
2015-06-30,21:00:00,0.80088,0.80144,0.80022,0.80065,0,0
2015-06-30,22:00:00,0.80065,0.80115,0.8004,0.80074,0,0
2015-06-30,23:00:00,0.80069,0.80069,0.79999,0.80038,0,0
2015-06-30,23:59:00,0.80037,0.801,0.80037,0.8007,0,0
2015-07-01,01:00:00,0.80069,0.80115,0.80062,0.80104,0,0
2015-07-01,02:00:00,0.80104,0.80152,0.80099,0.80139,0,0
2015-07-01,03:00:00,0.8014,0.80155,0.80058,0.80061,0,0
2015-07-01,04:00:00,0.80061,0.80093,0.80028,0.80048,0,0
2015-07-01,05:00:00,0.80047,0.80094,0.8003,0.80066,0,0
2015-07-01,06:00:00,0.80066,0.80074,0.8003,0.80049,0,0
2015-07-01,07:00:00,0.80049,0.80049,0.79978,0.79996,0,0
2015-07-01,08:00:00,0.79996,0.79997,0.79957,0.79982,0,0
2015-07-01,09:00:00,0.79982,0.79991,0.79928,0.79991,0,0
2015-07-01,10:00:00,0.79991,0.80019,0.79932,0.80008,0,0
2015-07-01,11:00:00,0.80008,0.80035,0.79958,0.80009,0,0
2015-07-01,12:00:00,0.80009,0.80076,0.79919,0.79952,0,0
2015-07-01,13:00:00,0.79949,0.79955,0.79841,0.7988,0,0
2015-07-01,14:00:00,0.7988,0.79919,0.79848,0.79888,0,0
2015-07-01,15:00:00,0.79888,0.799,0.7971,0.79749,0,0
2015-07-01,16:00:00,0.79749,0.79762,0.79657,0.7969,0,0
2015-07-01,17:00:00,0.79678,0.79805,0.79555,0.79731,0,0
2015-07-01,18:00:00,0.7973,0.79749,0.7959,0.79612,0,0
2015-07-01,19:00:00,0.79613,0.79641,0.79551,0.79571,0,0
2015-07-01,20:00:00,0.79592,0.79592,0.79427,0.79445,0,0
2015-07-01,21:00:00,0.79438,0.79468,0.7938,0.79422,0,0
2015-07-01,22:00:00,0.79423,0.7947,0.79417,0.79467,0,0
2015-07-01,23:00:00,0.79469,0.79471,0.79417,0.79431,0,0
2015-07-01,23:59:00,0.79431,0.79504,0.79418,0.79458,0,0
2015-07-02,01:00:00,0.79448,0.79458,0.79411,0.79424,0,0
2015-07-02,02:00:00,0.79426,0.79448,0.79412,0.79428,0,0
2015-07-02,03:00:00,0.79428,0.79438,0.79388,0.7942,0,0
2015-07-02,04:00:00,0.79422,0.79454,0.79407,0.79438,0,0
2015-07-02,05:00:00,0.79438,0.79487,0.79425,0.79458,0,0
2015-07-02,06:00:00,0.79457,0.79487,0.79448,0.79476,0,0
2015-07-02,07:00:00,0.79476,0.79481,0.79451,0.79459,0,0
2015-07-02,08:00:00,0.79459,0.79465,0.79425,0.79431,0,0
2015-07-02,09:00:00,0.79431,0.79463,0.79405,0.79439,0,0
2015-07-02,10:00:00,0.79439,0.79448,0.79313,0.79364,0,0
2015-07-02,11:00:00,0.79373,0.79373,0.79228,0.79231,0,0
2015-07-02,12:00:00,0.79231,0.79275,0.79155,0.79269,0,0
2015-07-02,13:00:00,0.79269,0.79348,0.79202,0.79225,0,0
2015-07-02,14:00:00,0.79222,0.7938,0.79215,0.79225,0,0
2015-07-02,15:00:00,0.79225,0.7962,0.79225,0.7953,0,0
2015-07-02,16:00:00,0.7953,0.7959,0.79431,0.79496,0,0
2015-07-02,17:00:00,0.79496,0.79604,0.79467,0.79603,0,0
2015-07-02,18:00:00,0.79603,0.79622,0.79545,0.79575,0,0
2015-07-02,19:00:00,0.79575,0.79709,0.79575,0.79697,0,0
2015-07-02,20:00:00,0.79697,0.79704,0.79607,0.79629,0,0
2015-07-02,21:00:00,0.79629,0.79669,0.79577,0.79615,0,0
2015-07-02,22:00:00,0.79613,0.79721,0.7959,0.7971,0,0
2015-07-02,23:00:00,0.79712,0.79753,0.79686,0.79732,0,0
2015-07-02,23:59:00,0.79743,0.79757,0.79712,0.79733,0,0
2015-07-03,01:00:00,0.79723,0.79736,0.79684,0.79735,0,0
2015-07-03,02:00:00,0.79735,0.79737,0.797,0.79706,0,0
2015-07-03,03:00:00,0.79704,0.79736,0.79684,0.7972,0,0
2015-07-03,04:00:00,0.7972,0.79732,0.79599,0.79613,0,0
2015-07-03,05:00:00,0.79613,0.79652,0.79591,0.79635,0,0
2015-07-03,06:00:00,0.79635,0.79655,0.79599,0.79632,0,0
2015-07-03,07:00:00,0.79632,0.79662,0.79618,0.79641,0,0
2015-07-03,08:00:00,0.79641,0.79675,0.79628,0.79672,0,0
2015-07-03,09:00:00,0.79672,0.79672,0.79599,0.79651,0,0
2015-07-03,10:00:00,0.79651,0.79697,0.79596,0.79632,0,0
2015-07-03,11:00:00,0.79632,0.79658,0.79568,0.7962,0,0
2015-07-03,12:00:00,0.7962,0.79677,0.79611,0.79663,0,0
2015-07-03,13:00:00,0.79663,0.7968,0.79591,0.79637,0,0
2015-07-03,14:00:00,0.79637,0.79653,0.79547,0.79553,0,0
2015-07-03,15:00:00,0.79553,0.79553,0.79365,0.79462,0,0
2015-07-03,16:00:00,0.79465,0.79465,0.79347,0.79424,0,0
2015-07-03,17:00:00,0.79427,0.79549,0.79394,0.79549,0,0
2015-07-03,18:00:00,0.79548,0.7957,0.79463,0.79546,0,0
2015-07-03,19:00:00,0.79543,0.79612,0.79462,0.79499,0,0
2015-07-03,20:00:00,0.795,0.79643,0.79487,0.79587,0,0
2015-07-03,21:00:00,0.79586,0.79653,0.79582,0.79618,0,0
2015-07-03,22:00:00,0.79618,0.79646,0.79608,0.79617,0,0
2015-07-03,23:00:00,0.79617,0.79624,0.79607,0.79607,0,0
2015-07-06,01:00:00,0.79325,0.79433,0.79302,0.79382,0,0
2015-07-06,02:00:00,0.79382,0.79453,0.7927,0.79281,0,0
2015-07-06,03:00:00,0.7928,0.79385,0.7928,0.79352,0,0
2015-07-06,04:00:00,0.79354,0.7939,0.79302,0.79303,0,0
2015-07-06,05:00:00,0.79303,0.79326,0.79274,0.79295,0,0
2015-07-06,06:00:00,0.79295,0.79302,0.79274,0.79281,0,0
2015-07-06,07:00:00,0.79281,0.79359,0.79276,0.79293,0,0
2015-07-06,08:00:00,0.79293,0.79422,0.79265,0.79341,0,0
2015-07-06,09:00:00,0.79341,0.79453,0.79324,0.79431,0,0
2015-07-06,10:00:00,0.79429,0.79554,0.79419,0.79543,0,0
2015-07-06,11:00:00,0.79543,0.79596,0.79395,0.79414,0,0
2015-07-06,12:00:00,0.79414,0.79416,0.7933,0.79342,0,0
2015-07-06,13:00:00,0.79342,0.79363,0.79167,0.7918,0,0
2015-07-06,14:00:00,0.7918,0.79223,0.79135,0.79143,0,0
2015-07-06,15:00:00,0.79137,0.79209,0.79079,0.79116,0,0
2015-07-06,16:00:00,0.79116,0.79116,0.78993,0.79078,0,0
2015-07-06,17:00:00,0.79072,0.79277,0.78985,0.7923,0,0
2015-07-06,18:00:00,0.7923,0.79256,0.79135,0.79199,0,0
2015-07-06,19:00:00,0.79201,0.79286,0.79135,0.79181,0,0
2015-07-06,20:00:00,0.79181,0.79214,0.79039,0.79059,0,0
2015-07-06,21:00:00,0.79059,0.79059,0.78965,0.79023,0,0
2015-07-06,22:00:00,0.79023,0.79058,0.79002,0.79035,0,0
2015-07-06,23:00:00,0.79035,0.79056,0.79015,0.79041,0,0
2015-07-06,23:59:00,0.79044,0.79082,0.7902,0.79073,0,0
2015-07-07,01:00:00,0.79066,0.79075,0.79044,0.79063,0,0
2015-07-07,02:00:00,0.79063,0.79071,0.78969,0.78981,0,0
2015-07-07,03:00:00,0.78981,0.79014,0.7896,0.78985,0,0
2015-07-07,04:00:00,0.78985,0.79036,0.78973,0.79023,0,0
2015-07-07,05:00:00,0.79023,0.79033,0.78973,0.78985,0,0
2015-07-07,06:00:00,0.78983,0.78993,0.78947,0.78973,0,0
2015-07-07,07:00:00,0.78973,0.79035,0.78972,0.7901,0,0
2015-07-07,08:00:00,0.79011,0.79028,0.78973,0.78993,0,0
2015-07-07,09:00:00,0.78991,0.79025,0.78905,0.78938,0,0
2015-07-07,10:00:00,0.78938,0.78955,0.78759,0.78779,0,0
2015-07-07,11:00:00,0.7878,0.78816,0.787,0.78772,0,0
2015-07-07,12:00:00,0.78771,0.78816,0.78709,0.78815,0,0
2015-07-07,13:00:00,0.78815,0.78816,0.78552,0.78683,0,0
2015-07-07,14:00:00,0.78686,0.78696,0.78547,0.78553,0,0
2015-07-07,15:00:00,0.78554,0.78581,0.78382,0.78558,0,0
2015-07-07,16:00:00,0.78558,0.78558,0.78286,0.78312,0,0
2015-07-07,17:00:00,0.78311,0.78374,0.78248,0.78329,0,0
2015-07-07,18:00:00,0.78327,0.78557,0.78318,0.78495,0,0
2015-07-07,19:00:00,0.78489,0.785,0.78373,0.78418,0,0
2015-07-07,20:00:00,0.78415,0.78518,0.78406,0.78489,0,0
2015-07-07,21:00:00,0.78489,0.786,0.78436,0.7859,0,0
2015-07-07,22:00:00,0.78589,0.78887,0.78568,0.78674,0,0
2015-07-07,23:00:00,0.78663,0.78719,0.78598,0.78719,0,0
2015-07-07,23:59:00,0.78719,0.78719,0.78628,0.78649,0,0
2015-07-08,01:00:00,0.78646,0.7866,0.7859,0.78636,0,0
2015-07-08,02:00:00,0.78636,0.78664,0.78593,0.78608,0,0
2015-07-08,03:00:00,0.78608,0.78614,0.78575,0.78578,0,0
2015-07-08,04:00:00,0.78578,0.78598,0.78422,0.78518,0,0
2015-07-08,05:00:00,0.78518,0.78585,0.78508,0.78535,0,0
2015-07-08,06:00:00,0.78535,0.78569,0.78505,0.7855,0,0
2015-07-08,07:00:00,0.78548,0.78637,0.78548,0.78593,0,0
2015-07-08,08:00:00,0.78593,0.78629,0.78545,0.78547,0,0
2015-07-08,09:00:00,0.78547,0.78571,0.78394,0.78409,0,0
2015-07-08,10:00:00,0.78406,0.78531,0.78372,0.78518,0,0
2015-07-08,11:00:00,0.78516,0.78577,0.78422,0.78572,0,0
2015-07-08,12:00:00,0.78571,0.78808,0.78564,0.78778,0,0
2015-07-08,13:00:00,0.78779,0.78779,0.78572,0.7859,0,0
2015-07-08,14:00:00,0.7859,0.78719,0.7856,0.78564,0,0
2015-07-08,15:00:00,0.78564,0.78568,0.78324,0.78388,0,0
2015-07-08,16:00:00,0.78389,0.78675,0.78372,0.78539,0,0
2015-07-08,17:00:00,0.78535,0.78631,0.78418,0.78583,0,0
2015-07-08,18:00:00,0.78581,0.78717,0.78515,0.786,0,0
2015-07-08,19:00:00,0.78587,0.78627,0.78416,0.78426,0,0
2015-07-08,20:00:00,0.78426,0.78565,0.7838,0.78444,0,0
2015-07-08,21:00:00,0.78444,0.78539,0.78428,0.78472,0,0
2015-07-08,22:00:00,0.7847,0.78564,0.7847,0.78494,0,0
2015-07-08,23:00:00,0.78491,0.78505,0.78443,0.78448,0,0
2015-07-08,23:59:00,0.78448,0.78507,0.78448,0.78481,0,0
2015-07-09,01:00:00,0.78479,0.78506,0.78463,0.78498,0,0
2015-07-09,02:00:00,0.78495,0.78553,0.78473,0.78548,0,0
2015-07-09,03:00:00,0.78548,0.78548,0.78482,0.78523,0,0
2015-07-09,04:00:00,0.78522,0.78606,0.78522,0.78589,0,0
2015-07-09,05:00:00,0.78589,0.78683,0.7857,0.78603,0,0
2015-07-09,06:00:00,0.78603,0.78649,0.78595,0.78623,0,0
2015-07-09,07:00:00,0.78623,0.78653,0.78604,0.78652,0,0
2015-07-09,08:00:00,0.78652,0.7878,0.78643,0.7875,0,0
2015-07-09,09:00:00,0.78751,0.78795,0.78652,0.78674,0,0
2015-07-09,10:00:00,0.78683,0.78694,0.78531,0.78531,0,0
2015-07-09,11:00:00,0.78522,0.78634,0.78473,0.78583,0,0
2015-07-09,12:00:00,0.78586,0.78636,0.78543,0.78586,0,0
2015-07-09,13:00:00,0.78587,0.78627,0.78561,0.78602,0,0
2015-07-09,14:00:00,0.78602,0.78837,0.78593,0.78837,0,0
2015-07-09,15:00:00,0.78837,0.78946,0.78765,0.78822,0,0
2015-07-09,16:00:00,0.78823,0.78828,0.78712,0.78736,0,0
2015-07-09,17:00:00,0.78736,0.7878,0.78472,0.78507,0,0
2015-07-09,18:00:00,0.7851,0.78618,0.78503,0.78564,0,0
2015-07-09,19:00:00,0.78564,0.78694,0.78552,0.78614,0,0
2015-07-09,20:00:00,0.78613,0.78652,0.78524,0.7854,0,0
2015-07-09,21:00:00,0.7854,0.78649,0.78521,0.78623,0,0
2015-07-09,22:00:00,0.78623,0.78704,0.78611,0.787,0,0
2015-07-09,23:00:00,0.787,0.788,0.78687,0.78689,0,0
2015-07-09,23:59:00,0.7869,0.78731,0.7869,0.78711,0,0
2015-07-10,01:00:00,0.78712,0.78732,0.78669,0.78698,0,0
2015-07-10,02:00:00,0.78698,0.78704,0.78658,0.78681,0,0
2015-07-10,03:00:00,0.78681,0.78719,0.78657,0.78688,0,0
2015-07-10,04:00:00,0.78688,0.78753,0.78678,0.78731,0,0
2015-07-10,05:00:00,0.78729,0.78832,0.78715,0.78792,0,0
2015-07-10,06:00:00,0.78792,0.78841,0.7878,0.78837,0,0
2015-07-10,07:00:00,0.78837,0.78854,0.78813,0.78842,0,0
2015-07-10,08:00:00,0.78842,0.78897,0.78813,0.78884,0,0
2015-07-10,09:00:00,0.78884,0.78896,0.78757,0.78764,0,0
2015-07-10,10:00:00,0.78761,0.78809,0.78648,0.78661,0,0
2015-07-10,11:00:00,0.78661,0.78664,0.78587,0.7864,0,0
2015-07-10,12:00:00,0.78644,0.7879,0.78614,0.78719,0,0
2015-07-10,13:00:00,0.78719,0.78786,0.78649,0.78762,0,0
2015-07-10,14:00:00,0.78762,0.78864,0.78657,0.78705,0,0
2015-07-10,15:00:00,0.78704,0.78968,0.78653,0.78791,0,0
2015-07-10,16:00:00,0.78791,0.78883,0.78409,0.78535,0,0
2015-07-10,17:00:00,0.78535,0.78623,0.78451,0.78577,0,0
2015-07-10,18:00:00,0.78575,0.78673,0.78482,0.7866,0,0
2015-07-10,19:00:00,0.7866,0.7875,0.78579,0.78614,0,0
2015-07-10,20:00:00,0.78634,0.78635,0.78552,0.786,0,0
2015-07-10,21:00:00,0.78616,0.78812,0.78598,0.78782,0,0
2015-07-10,22:00:00,0.78782,0.78866,0.78774,0.78866,0,0
2015-07-10,23:00:00,0.78866,0.78872,0.78866,0.78871,0,0
2015-07-13,01:00:00,0.78762,0.78778,0.78746,0.78749,0,0
2015-07-13,02:00:00,0.78749,0.78816,0.78748,0.78754,0,0
2015-07-13,03:00:00,0.78753,0.78785,0.78738,0.78763,0,0
2015-07-13,04:00:00,0.78763,0.78775,0.78647,0.78669,0,0
2015-07-13,05:00:00,0.78666,0.78736,0.78649,0.78735,0,0
2015-07-13,06:00:00,0.78735,0.78864,0.78734,0.78753,0,0
2015-07-13,07:00:00,0.78753,0.78765,0.78712,0.78721,0,0
2015-07-13,08:00:00,0.78721,0.78786,0.78709,0.78767,0,0
2015-07-13,09:00:00,0.78767,0.78834,0.78683,0.78796,0,0
2015-07-13,10:00:00,0.78792,0.78841,0.78463,0.78531,0,0
2015-07-13,11:00:00,0.78531,0.78574,0.78463,0.78523,0,0
2015-07-13,12:00:00,0.78523,0.78683,0.78523,0.78677,0,0
2015-07-13,13:00:00,0.78675,0.78762,0.78574,0.78632,0,0
2015-07-13,14:00:00,0.78632,0.78736,0.78621,0.78644,0,0
2015-07-13,15:00:00,0.78644,0.78665,0.78523,0.7854,0,0
2015-07-13,16:00:00,0.7854,0.78543,0.78286,0.7831,0,0
2015-07-13,17:00:00,0.7831,0.78355,0.78183,0.78313,0,0
2015-07-13,18:00:00,0.78311,0.78426,0.7827,0.78352,0,0
2015-07-13,19:00:00,0.78352,0.78486,0.78323,0.7847,0,0
2015-07-13,20:00:00,0.7847,0.78472,0.78386,0.78414,0,0
2015-07-13,21:00:00,0.78414,0.78447,0.78344,0.78406,0,0
2015-07-13,22:00:00,0.78402,0.78576,0.78402,0.78484,0,0
2015-07-13,23:00:00,0.78484,0.78547,0.78479,0.78479,0,0
2015-07-13,23:59:00,0.78482,0.78516,0.78476,0.78509,0,0
2015-07-14,01:00:00,0.78497,0.78511,0.78482,0.78489,0,0
2015-07-14,02:00:00,0.78489,0.78498,0.78398,0.78414,0,0
2015-07-14,03:00:00,0.78414,0.7844,0.78347,0.78414,0,0
2015-07-14,04:00:00,0.78414,0.78481,0.78377,0.78431,0,0
2015-07-14,05:00:00,0.78431,0.78531,0.78427,0.7851,0,0
2015-07-14,06:00:00,0.7851,0.78531,0.78478,0.78501,0,0
2015-07-14,07:00:00,0.78501,0.78501,0.78441,0.78445,0,0
2015-07-14,08:00:00,0.78445,0.78466,0.78383,0.78459,0,0
2015-07-14,09:00:00,0.78459,0.78465,0.78185,0.78244,0,0
2015-07-14,10:00:00,0.7824,0.78274,0.78102,0.7813,0,0
2015-07-14,11:00:00,0.78134,0.78264,0.7813,0.78159,0,0
2015-07-14,12:00:00,0.78149,0.78269,0.78112,0.78211,0,0
2015-07-14,13:00:00,0.7821,0.78252,0.78095,0.78158,0,0
2015-07-14,14:00:00,0.78154,0.78307,0.78154,0.78278,0,0
2015-07-14,15:00:00,0.78274,0.78635,0.78269,0.78425,0,0
2015-07-14,16:00:00,0.78422,0.78502,0.78351,0.78444,0,0
2015-07-14,17:00:00,0.78441,0.78582,0.78336,0.78564,0,0
2015-07-14,18:00:00,0.78552,0.78552,0.78391,0.78444,0,0
2015-07-14,19:00:00,0.78452,0.78524,0.7843,0.78468,0,0
2015-07-14,20:00:00,0.78469,0.78545,0.78436,0.78455,0,0
2015-07-14,21:00:00,0.78455,0.78473,0.7841,0.78455,0,0
2015-07-14,22:00:00,0.78453,0.78497,0.78439,0.78493,0,0
2015-07-14,23:00:00,0.78489,0.78564,0.78484,0.78564,0,0
2015-07-14,23:59:00,0.78565,0.78576,0.78507,0.78543,0,0
2015-07-15,01:00:00,0.78535,0.78565,0.7851,0.78552,0,0
2015-07-15,02:00:00,0.7855,0.78566,0.78505,0.78518,0,0
2015-07-15,03:00:00,0.78516,0.78529,0.78443,0.78503,0,0
2015-07-15,04:00:00,0.78503,0.78582,0.78502,0.78574,0,0
2015-07-15,05:00:00,0.78581,0.78597,0.78506,0.78527,0,0
2015-07-15,06:00:00,0.78527,0.78576,0.78493,0.78566,0,0
2015-07-15,07:00:00,0.78566,0.78566,0.78516,0.78531,0,0
2015-07-15,08:00:00,0.78531,0.78531,0.78447,0.78489,0,0
2015-07-15,09:00:00,0.7849,0.78547,0.78413,0.78436,0,0
2015-07-15,10:00:00,0.78439,0.78463,0.78372,0.78399,0,0
2015-07-15,11:00:00,0.78399,0.78443,0.78348,0.78386,0,0
2015-07-15,12:00:00,0.78386,0.78446,0.78353,0.78353,0,0
2015-07-15,13:00:00,0.78353,0.78402,0.78311,0.78376,0,0
2015-07-15,14:00:00,0.78376,0.78519,0.78364,0.78491,0,0
2015-07-15,15:00:00,0.78491,0.78519,0.78207,0.78207,0,0
2015-07-15,16:00:00,0.78207,0.78243,0.78066,0.78171,0,0
2015-07-15,17:00:00,0.78171,0.78171,0.77351,0.7754,0,0
2015-07-15,18:00:00,0.77544,0.77584,0.77274,0.77293,0,0
2015-07-15,19:00:00,0.77296,0.77374,0.7718,0.77266,0,0
2015-07-15,20:00:00,0.77266,0.77338,0.77187,0.77285,0,0
2015-07-15,21:00:00,0.77285,0.77357,0.77265,0.77339,0,0
2015-07-15,22:00:00,0.77342,0.77426,0.77272,0.77405,0,0
2015-07-15,23:00:00,0.77403,0.77473,0.77383,0.7743,0,0
2015-07-15,23:59:00,0.7743,0.7745,0.77393,0.77419,0,0
2015-07-16,01:00:00,0.77418,0.77455,0.77383,0.77434,0,0
2015-07-16,02:00:00,0.77434,0.77452,0.77337,0.77342,0,0
2015-07-16,03:00:00,0.77343,0.77362,0.77298,0.773,0,0
2015-07-16,04:00:00,0.77296,0.77339,0.77272,0.77302,0,0
2015-07-16,05:00:00,0.773,0.77332,0.77284,0.77325,0,0
2015-07-16,06:00:00,0.77325,0.77357,0.77312,0.77329,0,0
2015-07-16,07:00:00,0.77329,0.77355,0.77313,0.77329,0,0
2015-07-16,08:00:00,0.77329,0.77334,0.7728,0.77332,0,0
2015-07-16,09:00:00,0.77332,0.77443,0.77325,0.77393,0,0
2015-07-16,10:00:00,0.77392,0.77411,0.77252,0.77268,0,0
2015-07-16,11:00:00,0.7727,0.77374,0.77255,0.77362,0,0
2015-07-16,12:00:00,0.77362,0.7742,0.77308,0.77313,0,0
2015-07-16,13:00:00,0.77313,0.77314,0.77251,0.77254,0,0
2015-07-16,14:00:00,0.77254,0.77317,0.77236,0.7728,0,0
2015-07-16,15:00:00,0.7728,0.77389,0.77222,0.7733,0,0
2015-07-16,16:00:00,0.77325,0.77468,0.77314,0.77438,0,0
2015-07-16,17:00:00,0.77442,0.77487,0.77314,0.77343,0,0
2015-07-16,18:00:00,0.77343,0.77361,0.77236,0.7729,0,0
2015-07-16,19:00:00,0.7729,0.7729,0.7717,0.77222,0,0
2015-07-16,20:00:00,0.77217,0.77301,0.7715,0.77193,0,0
2015-07-16,21:00:00,0.77192,0.77225,0.77118,0.7712,0,0
2015-07-16,22:00:00,0.77121,0.77183,0.77103,0.7711,0,0
2015-07-16,23:00:00,0.77111,0.77171,0.77108,0.77171,0,0
2015-07-16,23:59:00,0.7717,0.77186,0.7714,0.77169,0,0
2015-07-17,01:00:00,0.77169,0.77169,0.77111,0.77124,0,0
2015-07-17,02:00:00,0.77124,0.77134,0.77105,0.77111,0,0
2015-07-17,03:00:00,0.77111,0.77118,0.77082,0.77082,0,0
2015-07-17,04:00:00,0.77083,0.77118,0.7708,0.77116,0,0
2015-07-17,05:00:00,0.77116,0.77172,0.77114,0.77144,0,0
2015-07-17,06:00:00,0.77144,0.77192,0.77143,0.77183,0,0
2015-07-17,07:00:00,0.77183,0.77189,0.77163,0.77187,0,0
2015-07-17,08:00:00,0.77187,0.77187,0.77138,0.77163,0,0
2015-07-17,09:00:00,0.7716,0.77221,0.7714,0.77216,0,0
2015-07-17,10:00:00,0.77216,0.77231,0.77144,0.77148,0,0
2015-07-17,11:00:00,0.77146,0.7715,0.77018,0.77027,0,0
2015-07-17,12:00:00,0.77027,0.771,0.77027,0.77096,0,0
2015-07-17,13:00:00,0.77096,0.77115,0.77033,0.7704,0,0
2015-07-17,14:00:00,0.7704,0.7708,0.77028,0.77058,0,0
2015-07-17,15:00:00,0.77058,0.77171,0.76893,0.76994,0,0
2015-07-17,16:00:00,0.76995,0.77162,0.76978,0.76978,0,0
2015-07-17,17:00:00,0.76978,0.77082,0.76921,0.77074,0,0
2015-07-17,18:00:00,0.77062,0.77078,0.76927,0.76938,0,0
2015-07-17,19:00:00,0.76937,0.76985,0.76907,0.76977,0,0
2015-07-17,20:00:00,0.76982,0.76999,0.76938,0.76959,0,0
2015-07-17,21:00:00,0.76959,0.77026,0.76959,0.76989,0,0
2015-07-17,22:00:00,0.7699,0.77021,0.76978,0.77002,0,0
2015-07-17,23:00:00,0.77002,0.77002,0.76996,0.76999,0,0
2015-07-20,01:00:00,0.77023,0.77062,0.77018,0.77038,0,0
2015-07-20,02:00:00,0.77038,0.77057,0.76989,0.76994,0,0
2015-07-20,03:00:00,0.76992,0.77018,0.76973,0.77015,0,0
2015-07-20,04:00:00,0.77015,0.77028,0.76941,0.76989,0,0
2015-07-20,05:00:00,0.76987,0.77008,0.76937,0.76951,0,0
2015-07-20,06:00:00,0.76951,0.76965,0.76931,0.76953,0,0
2015-07-20,07:00:00,0.76953,0.7703,0.76947,0.77021,0,0
2015-07-20,08:00:00,0.77014,0.77051,0.76983,0.77036,0,0
2015-07-20,09:00:00,0.77032,0.77149,0.77015,0.77125,0,0
2015-07-20,10:00:00,0.77149,0.77202,0.77119,0.77172,0,0
2015-07-20,11:00:00,0.77166,0.77166,0.76982,0.77048,0,0
2015-07-20,12:00:00,0.77059,0.77077,0.76941,0.76982,0,0
2015-07-20,13:00:00,0.76976,0.77006,0.76929,0.76994,0,0
2015-07-20,14:00:00,0.77,0.77018,0.76929,0.76994,0,0
2015-07-20,15:00:00,0.77,0.77107,0.76959,0.76976,0,0
2015-07-20,16:00:00,0.77,0.77018,0.76829,0.76834,0,0
2015-07-20,17:00:00,0.76781,0.77096,0.76781,0.77096,0,0
2015-07-20,18:00:00,0.77096,0.77137,0.77015,0.77038,0,0
2015-07-20,19:00:00,0.77026,0.77083,0.76978,0.76979,0,0
2015-07-20,20:00:00,0.76978,0.76987,0.76927,0.76942,0,0
2015-07-20,21:00:00,0.76942,0.7701,0.76901,0.76909,0,0
2015-07-20,22:00:00,0.76911,0.76956,0.76895,0.76937,0,0
2015-07-20,23:00:00,0.76937,0.76958,0.76897,0.76958,0,0
2015-07-20,23:59:00,0.76956,0.76971,0.76909,0.7693,0,0
