Date,Time,Open,High,Low,Close,Volume,OpenInt
2015-04-22,01:00:00,1.35646,1.35701,1.35559,1.3564,0,0
2015-04-22,02:00:00,1.35638,1.35795,1.35628,1.35767,0,0
2015-04-22,03:00:00,1.35765,1.35795,1.3556,1.35581,0,0
2015-04-22,04:00:00,1.35581,1.35632,1.3473,1.34823,0,0
2015-04-22,05:00:00,1.34836,1.34903,1.34713,1.34824,0,0
2015-04-22,06:00:00,1.34822,1.34986,1.34815,1.34883,0,0
2015-04-22,07:00:00,1.34896,1.34961,1.34742,1.34827,0,0
2015-04-22,08:00:00,1.34824,1.34891,1.34759,1.34872,0,0
2015-04-22,09:00:00,1.34859,1.34981,1.34713,1.34969,0,0
2015-04-22,10:00:00,1.34967,1.35005,1.34546,1.34679,0,0
2015-04-22,11:00:00,1.34679,1.34996,1.34636,1.34772,0,0
2015-04-22,12:00:00,1.34762,1.34914,1.34698,1.34728,0,0
2015-04-22,13:00:00,1.34729,1.34791,1.34422,1.34436,0,0
2015-04-22,14:00:00,1.34458,1.34485,1.34206,1.34316,0,0
2015-04-22,15:00:00,1.34316,1.34328,1.32966,1.33407,0,0
2015-04-22,16:00:00,1.33423,1.3369,1.33382,1.33661,0,0
2015-04-22,17:00:00,1.33678,1.33857,1.33394,1.33415,0,0
2015-04-22,18:00:00,1.33415,1.33471,1.33039,1.33161,0,0
2015-04-22,19:00:00,1.33164,1.33186,1.33034,1.33097,0,0
2015-04-22,20:00:00,1.33106,1.33109,1.32827,1.32846,0,0
2015-04-22,21:00:00,1.32842,1.32974,1.32671,1.32671,0,0
2015-04-22,22:00:00,1.32673,1.32839,1.32606,1.32774,0,0
2015-04-22,23:00:00,1.32774,1.32826,1.32647,1.32706,0,0
2015-04-22,23:59:00,1.32706,1.33035,1.32697,1.32934,0,0
2015-04-23,01:00:00,1.32929,1.33191,1.32906,1.33084,0,0
2015-04-23,02:00:00,1.33086,1.33152,1.33039,1.33097,0,0
2015-04-23,03:00:00,1.33115,1.33294,1.33038,1.33071,0,0
2015-04-23,04:00:00,1.33101,1.33302,1.32979,1.3318,0,0
2015-04-23,05:00:00,1.3318,1.33377,1.3308,1.33284,0,0
2015-04-23,06:00:00,1.33297,1.33308,1.33062,1.33117,0,0
2015-04-23,07:00:00,1.33117,1.33142,1.32819,1.32836,0,0
2015-04-23,08:00:00,1.32836,1.33128,1.3283,1.33128,0,0
2015-04-23,09:00:00,1.33128,1.33605,1.33038,1.33564,0,0
2015-04-23,10:00:00,1.33552,1.3373,1.3329,1.33326,0,0
2015-04-23,11:00:00,1.33326,1.33794,1.33261,1.33745,0,0
2015-04-23,12:00:00,1.33741,1.34422,1.33688,1.34403,0,0
2015-04-23,13:00:00,1.34368,1.34596,1.34134,1.34192,0,0
2015-04-23,14:00:00,1.34184,1.34193,1.33852,1.3412,0,0
2015-04-23,15:00:00,1.3412,1.34324,1.34085,1.3432,0,0
2015-04-23,16:00:00,1.34318,1.34402,1.34007,1.34096,0,0
2015-04-23,17:00:00,1.341,1.34769,1.33978,1.34768,0,0
2015-04-23,18:00:00,1.34767,1.34824,1.34491,1.34522,0,0
2015-04-23,19:00:00,1.34522,1.34753,1.34385,1.34704,0,0
2015-04-23,20:00:00,1.34704,1.34782,1.34546,1.34652,0,0
2015-04-23,21:00:00,1.34657,1.3489,1.34644,1.3466,0,0
2015-04-23,22:00:00,1.34664,1.34787,1.3462,1.34712,0,0
2015-04-23,23:00:00,1.34711,1.34717,1.34534,1.34665,0,0
2015-04-23,23:59:00,1.34666,1.34743,1.34623,1.34664,0,0
2015-04-24,01:00:00,1.34678,1.34695,1.34543,1.34555,0,0
2015-04-24,02:00:00,1.34555,1.34668,1.34525,1.34561,0,0
2015-04-24,03:00:00,1.34561,1.34627,1.34346,1.3447,0,0
2015-04-24,04:00:00,1.34467,1.34636,1.34382,1.34566,0,0
2015-04-24,05:00:00,1.34562,1.34655,1.34449,1.34545,0,0
2015-04-24,06:00:00,1.34545,1.34593,1.34382,1.34441,0,0
2015-04-24,07:00:00,1.34465,1.3452,1.34409,1.34448,0,0
2015-04-24,08:00:00,1.3445,1.34474,1.34357,1.34419,0,0
2015-04-24,09:00:00,1.34418,1.34583,1.34263,1.34284,0,0
2015-04-24,10:00:00,1.34284,1.34496,1.34231,1.34405,0,0
2015-04-24,11:00:00,1.34403,1.34876,1.34217,1.34775,0,0
2015-04-24,12:00:00,1.34757,1.34946,1.34613,1.34619,0,0
2015-04-24,13:00:00,1.34623,1.34793,1.34548,1.34585,0,0
2015-04-24,14:00:00,1.34585,1.34791,1.34476,1.34488,0,0
2015-04-24,15:00:00,1.34488,1.345,1.3404,1.34296,0,0
2015-04-24,16:00:00,1.34289,1.34482,1.34155,1.34274,0,0
2015-04-24,17:00:00,1.34273,1.34376,1.34102,1.34135,0,0
2015-04-24,18:00:00,1.34135,1.34166,1.33782,1.34083,0,0
2015-04-24,19:00:00,1.34083,1.34083,1.33869,1.33931,0,0
2015-04-24,20:00:00,1.33924,1.34063,1.33871,1.34052,0,0
2015-04-24,21:00:00,1.34053,1.3412,1.33913,1.33947,0,0
2015-04-24,22:00:00,1.33947,1.34139,1.33923,1.33992,0,0
2015-04-24,23:00:00,1.33992,1.33993,1.33938,1.33938,0,0
2015-04-27,01:00:00,1.33914,1.34011,1.33897,1.33952,0,0
2015-04-27,02:00:00,1.33952,1.33977,1.33781,1.33912,0,0
2015-04-27,03:00:00,1.33912,1.33981,1.33872,1.33952,0,0
2015-04-27,04:00:00,1.33959,1.34053,1.33885,1.33931,0,0
2015-04-27,05:00:00,1.33929,1.33993,1.33825,1.33941,0,0
2015-04-27,06:00:00,1.33944,1.34096,1.33944,1.3405,0,0
2015-04-27,07:00:00,1.34043,1.34079,1.33948,1.33955,0,0
2015-04-27,08:00:00,1.33954,1.34061,1.33872,1.34004,0,0
2015-04-27,09:00:00,1.34057,1.34102,1.33911,1.33986,0,0
2015-04-27,10:00:00,1.3399,1.34083,1.33724,1.33888,0,0
2015-04-27,11:00:00,1.33883,1.33964,1.338,1.339,0,0
2015-04-27,12:00:00,1.339,1.34013,1.33764,1.3388,0,0
2015-04-27,13:00:00,1.3388,1.33918,1.33734,1.33882,0,0
2015-04-27,14:00:00,1.33885,1.33903,1.33703,1.33719,0,0
2015-04-27,15:00:00,1.33731,1.33835,1.3365,1.33746,0,0
2015-04-27,16:00:00,1.33746,1.33877,1.33588,1.3365,0,0
2015-04-27,17:00:00,1.33648,1.33718,1.3317,1.33434,0,0
2015-04-27,18:00:00,1.33432,1.33936,1.33432,1.33467,0,0
2015-04-27,19:00:00,1.33467,1.33744,1.33308,1.3371,0,0
2015-04-27,20:00:00,1.33708,1.33746,1.3314,1.33226,0,0
2015-04-27,21:00:00,1.33234,1.3337,1.33115,1.33242,0,0
2015-04-27,22:00:00,1.33234,1.3328,1.33144,1.33234,0,0
2015-04-27,23:00:00,1.33211,1.33355,1.33155,1.33244,0,0
2015-04-27,23:59:00,1.33244,1.33373,1.33167,1.3334,0,0
2015-04-28,01:00:00,1.33336,1.33506,1.33179,1.33251,0,0
2015-04-28,02:00:00,1.33248,1.33278,1.32978,1.33089,0,0
2015-04-28,03:00:00,1.33089,1.33197,1.32934,1.33159,0,0
2015-04-28,04:00:00,1.33145,1.33215,1.33081,1.33106,0,0
2015-04-28,05:00:00,1.33102,1.33161,1.33016,1.33019,0,0
2015-04-28,06:00:00,1.33019,1.33233,1.33017,1.33218,0,0
2015-04-28,07:00:00,1.33222,1.33267,1.33042,1.33075,0,0
2015-04-28,08:00:00,1.33074,1.3313,1.3295,1.32972,0,0
2015-04-28,09:00:00,1.32973,1.33081,1.32812,1.32852,0,0
2015-04-28,10:00:00,1.32847,1.32942,1.32606,1.32739,0,0
2015-04-28,11:00:00,1.32739,1.32776,1.32398,1.32419,0,0
2015-04-28,12:00:00,1.32419,1.32464,1.31864,1.3188,0,0
2015-04-28,13:00:00,1.31896,1.31896,1.31613,1.31733,0,0
2015-04-28,14:00:00,1.31733,1.31859,1.31094,1.31506,0,0
2015-04-28,15:00:00,1.31495,1.31513,1.3118,1.31189,0,0
2015-04-28,16:00:00,1.31189,1.31189,1.30806,1.31092,0,0
2015-04-28,17:00:00,1.3109,1.31509,1.30976,1.31455,0,0
2015-04-28,18:00:00,1.31442,1.31475,1.30726,1.30789,0,0
2015-04-28,19:00:00,1.30789,1.30843,1.3068,1.30741,0,0
2015-04-28,20:00:00,1.30746,1.30843,1.30641,1.30681,0,0
2015-04-28,21:00:00,1.30698,1.30846,1.3067,1.30748,0,0
2015-04-28,22:00:00,1.30742,1.30747,1.30478,1.30489,0,0
2015-04-28,23:00:00,1.30496,1.30552,1.30309,1.30453,0,0
2015-04-28,23:59:00,1.30453,1.30602,1.30401,1.30477,0,0
2015-04-29,01:00:00,1.30466,1.30578,1.30415,1.3049,0,0
2015-04-29,02:00:00,1.3049,1.30803,1.30488,1.30769,0,0
2015-04-29,03:00:00,1.30784,1.30984,1.30612,1.30656,0,0
2015-04-29,04:00:00,1.30656,1.30917,1.30643,1.30888,0,0
2015-04-29,05:00:00,1.3089,1.3099,1.30814,1.30938,0,0
2015-04-29,06:00:00,1.30938,1.31011,1.30802,1.30862,0,0
2015-04-29,07:00:00,1.30862,1.30945,1.30851,1.30886,0,0
2015-04-29,08:00:00,1.3087,1.30884,1.30718,1.30805,0,0
2015-04-29,09:00:00,1.30786,1.30831,1.30658,1.30708,0,0
2015-04-29,10:00:00,1.30698,1.31118,1.30698,1.31052,0,0
2015-04-29,11:00:00,1.31049,1.31281,1.30953,1.31255,0,0
2015-04-29,12:00:00,1.3126,1.31402,1.31064,1.31384,0,0
2015-04-29,13:00:00,1.31388,1.31395,1.31111,1.3115,0,0
2015-04-29,14:00:00,1.3115,1.3132,1.31012,1.31213,0,0
2015-04-29,15:00:00,1.31213,1.31567,1.31021,1.31076,0,0
2015-04-29,16:00:00,1.31076,1.31603,1.31039,1.31603,0,0
2015-04-29,17:00:00,1.31588,1.32246,1.31337,1.32244,0,0
2015-04-29,18:00:00,1.32277,1.32752,1.32234,1.3248,0,0
2015-04-29,19:00:00,1.3248,1.32674,1.32301,1.32332,0,0
2015-04-29,20:00:00,1.32301,1.32499,1.32286,1.32343,0,0
2015-04-29,21:00:00,1.32422,1.32617,1.32243,1.3246,0,0
2015-04-29,22:00:00,1.32459,1.3262,1.32425,1.326,0,0
2015-04-29,23:00:00,1.32612,1.32954,1.32512,1.32954,0,0
2015-04-29,23:59:00,1.32954,1.33301,1.32827,1.32986,0,0
2015-04-30,01:00:00,1.32993,1.3306,1.32927,1.33029,0,0
2015-04-30,02:00:00,1.33029,1.33061,1.3295,1.32999,0,0
2015-04-30,03:00:00,1.33,1.33051,1.32783,1.32816,0,0
2015-04-30,04:00:00,1.32816,1.33112,1.32671,1.33094,0,0
2015-04-30,05:00:00,1.33086,1.3323,1.32916,1.32991,0,0
2015-04-30,06:00:00,1.32989,1.33057,1.32947,1.32982,0,0
2015-04-30,07:00:00,1.32978,1.3326,1.32906,1.33055,0,0
2015-04-30,08:00:00,1.33057,1.33319,1.33025,1.33152,0,0
2015-04-30,09:00:00,1.33192,1.33494,1.33152,1.33297,0,0
2015-04-30,10:00:00,1.33305,1.34515,1.33241,1.34513,0,0
2015-04-30,11:00:00,1.34513,1.34837,1.34289,1.34524,0,0
2015-04-30,12:00:00,1.34498,1.34577,1.33964,1.33984,0,0
2015-04-30,13:00:00,1.33988,1.34987,1.33931,1.34944,0,0
2015-04-30,14:00:00,1.34944,1.35103,1.34806,1.34937,0,0
2015-04-30,15:00:00,1.34937,1.35135,1.34611,1.34766,0,0
2015-04-30,16:00:00,1.34771,1.34837,1.34303,1.34734,0,0
2015-04-30,17:00:00,1.34734,1.35312,1.34734,1.35309,0,0
2015-04-30,18:00:00,1.35304,1.35524,1.35052,1.3508,0,0
2015-04-30,19:00:00,1.35071,1.35173,1.34923,1.34988,0,0
2015-04-30,20:00:00,1.34992,1.35091,1.34816,1.34855,0,0
2015-04-30,21:00:00,1.34844,1.35688,1.34837,1.35688,0,0
2015-04-30,22:00:00,1.35676,1.35688,1.35419,1.35436,0,0
2015-04-30,23:00:00,1.35433,1.35708,1.35372,1.35679,0,0
2015-04-30,23:59:00,1.35679,1.35699,1.35442,1.3559,0,0
2015-05-01,01:00:00,1.35629,1.35695,1.35524,1.35635,0,0
2015-05-01,02:00:00,1.35634,1.3569,1.35489,1.35635,0,0
2015-05-01,03:00:00,1.35634,1.35766,1.3557,1.35766,0,0
2015-05-01,04:00:00,1.35745,1.35813,1.35576,1.35749,0,0
2015-05-01,05:00:00,1.35749,1.35954,1.35624,1.3565,0,0
2015-05-01,06:00:00,1.3565,1.35729,1.35601,1.3566,0,0
2015-05-01,07:00:00,1.3566,1.35824,1.3566,1.35823,0,0
2015-05-01,08:00:00,1.35823,1.35913,1.3563,1.35684,0,0
2015-05-01,09:00:00,1.35685,1.36319,1.35542,1.36266,0,0
2015-05-01,10:00:00,1.36267,1.36482,1.35957,1.36004,0,0
2015-05-01,11:00:00,1.35999,1.36176,1.35873,1.36047,0,0
2015-05-01,12:00:00,1.3606,1.36245,1.36031,1.36231,0,0
2015-05-01,13:00:00,1.36231,1.36588,1.36142,1.36385,0,0
2015-05-01,14:00:00,1.3638,1.36755,1.36356,1.36616,0,0
2015-05-01,15:00:00,1.36616,1.36961,1.36467,1.36782,0,0
2015-05-01,16:00:00,1.36781,1.36894,1.36554,1.36858,0,0
2015-05-01,17:00:00,1.36892,1.37187,1.36818,1.36984,0,0
2015-05-01,18:00:00,1.36984,1.37238,1.36858,1.37013,0,0
2015-05-01,19:00:00,1.37013,1.37139,1.36766,1.36779,0,0
2015-05-01,20:00:00,1.36774,1.3685,1.36622,1.36765,0,0
2015-05-01,21:00:00,1.36761,1.36862,1.36666,1.3679,0,0
2015-05-01,22:00:00,1.36828,1.36861,1.36679,1.36789,0,0
2015-05-01,23:00:00,1.36786,1.36786,1.36729,1.36763,0,0
2015-05-04,01:00:00,1.3671,1.36937,1.36559,1.36805,0,0
2015-05-04,02:00:00,1.36805,1.36884,1.36751,1.36878,0,0
2015-05-04,03:00:00,1.36878,1.37148,1.36866,1.37128,0,0
2015-05-04,04:00:00,1.37127,1.37289,1.36676,1.37057,0,0
2015-05-04,05:00:00,1.37057,1.37209,1.36839,1.36935,0,0
2015-05-04,06:00:00,1.36935,1.36985,1.36742,1.36742,0,0
2015-05-04,07:00:00,1.36744,1.36906,1.36713,1.36891,0,0
2015-05-04,08:00:00,1.3689,1.36929,1.36767,1.36803,0,0
2015-05-04,09:00:00,1.36783,1.36783,1.36374,1.36374,0,0
2015-05-04,10:00:00,1.36376,1.36476,1.36095,1.36304,0,0
2015-05-04,11:00:00,1.36295,1.36343,1.36077,1.36264,0,0
2015-05-04,12:00:00,1.36264,1.36391,1.36193,1.36279,0,0
2015-05-04,13:00:00,1.36279,1.36562,1.36193,1.36555,0,0
2015-05-04,14:00:00,1.36552,1.36668,1.36407,1.36482,0,0
2015-05-04,15:00:00,1.36482,1.368,1.36342,1.36752,0,0
2015-05-04,16:00:00,1.36796,1.37013,1.36731,1.36844,0,0
2015-05-04,17:00:00,1.36837,1.36912,1.36338,1.36514,0,0
2015-05-04,18:00:00,1.36503,1.36534,1.36258,1.36345,0,0
2015-05-04,19:00:00,1.36345,1.36418,1.36216,1.36236,0,0
2015-05-04,20:00:00,1.36239,1.36498,1.36233,1.36492,0,0
2015-05-04,21:00:00,1.36492,1.36515,1.3636,1.36395,0,0
2015-05-04,22:00:00,1.36395,1.36527,1.36378,1.36521,0,0
2015-05-04,23:00:00,1.36515,1.36728,1.3647,1.36656,0,0
2015-05-04,23:59:00,1.36654,1.36704,1.36608,1.36674,0,0
2015-05-05,01:00:00,1.36696,1.36725,1.3648,1.36502,0,0
2015-05-05,02:00:00,1.36502,1.36624,1.36463,1.36624,0,0
2015-05-05,03:00:00,1.36622,1.36632,1.36426,1.36613,0,0
2015-05-05,04:00:00,1.36614,1.36672,1.36384,1.36414,0,0
2015-05-05,05:00:00,1.36412,1.36445,1.36185,1.36228,0,0
2015-05-05,06:00:00,1.36242,1.36314,1.36107,1.36151,0,0
2015-05-05,07:00:00,1.36149,1.37086,1.35199,1.35276,0,0
2015-05-05,08:00:00,1.35274,1.35435,1.35027,1.3541,0,0
2015-05-05,09:00:00,1.35419,1.35761,1.35244,1.35675,0,0
2015-05-05,10:00:00,1.35675,1.35687,1.35169,1.35195,0,0
2015-05-05,11:00:00,1.35197,1.35479,1.34966,1.35469,0,0
2015-05-05,12:00:00,1.35467,1.35872,1.35462,1.35872,0,0
2015-05-05,13:00:00,1.3586,1.36092,1.35722,1.36092,0,0
2015-05-05,14:00:00,1.36092,1.36422,1.3576,1.36043,0,0
2015-05-05,15:00:00,1.36043,1.36163,1.35814,1.35839,0,0
2015-05-05,16:00:00,1.35844,1.35977,1.3565,1.3587,0,0
2015-05-05,17:00:00,1.35881,1.36284,1.3568,1.36098,0,0
2015-05-05,18:00:00,1.36098,1.36184,1.35847,1.35963,0,0
2015-05-05,19:00:00,1.35955,1.36062,1.35899,1.36054,0,0
2015-05-05,20:00:00,1.36054,1.36158,1.35872,1.35876,0,0
2015-05-05,21:00:00,1.35877,1.35966,1.35791,1.35938,0,0
2015-05-05,22:00:00,1.3594,1.35979,1.35798,1.35846,0,0
2015-05-05,23:00:00,1.35848,1.35965,1.35806,1.35912,0,0
2015-05-05,23:59:00,1.35912,1.35966,1.35855,1.35918,0,0
2015-05-06,01:00:00,1.3593,1.36103,1.35883,1.35967,0,0
2015-05-06,02:00:00,1.3597,1.36098,1.35918,1.35954,0,0
2015-05-06,03:00:00,1.35959,1.35959,1.35765,1.35847,0,0
2015-05-06,04:00:00,1.35847,1.36002,1.35614,1.35782,0,0
2015-05-06,05:00:00,1.35782,1.35818,1.35497,1.35587,0,0
2015-05-06,06:00:00,1.35585,1.35781,1.35499,1.35602,0,0
2015-05-06,07:00:00,1.35597,1.35753,1.35579,1.35662,0,0
2015-05-06,08:00:00,1.35662,1.35863,1.35631,1.35821,0,0
2015-05-06,09:00:00,1.35819,1.3602,1.35684,1.35905,0,0
2015-05-06,10:00:00,1.35905,1.35946,1.35608,1.35633,0,0
2015-05-06,11:00:00,1.35633,1.35774,1.35481,1.35543,0,0
2015-05-06,12:00:00,1.35543,1.35737,1.35338,1.35737,0,0
2015-05-06,13:00:00,1.3574,1.35817,1.35473,1.35493,0,0
2015-05-06,14:00:00,1.3548,1.35553,1.35173,1.35303,0,0
2015-05-06,15:00:00,1.35303,1.3573,1.35286,1.35647,0,0
2015-05-06,16:00:00,1.35662,1.36568,1.35437,1.36498,0,0
2015-05-06,17:00:00,1.36504,1.36662,1.36336,1.36529,0,0
2015-05-06,18:00:00,1.36527,1.36557,1.36356,1.36521,0,0
2015-05-06,19:00:00,1.36506,1.36671,1.36454,1.36669,0,0
2015-05-06,20:00:00,1.36669,1.36946,1.36655,1.3687,0,0
2015-05-06,21:00:00,1.3687,1.37269,1.36825,1.37106,0,0
2015-05-06,22:00:00,1.37106,1.37154,1.36912,1.36916,0,0
2015-05-06,23:00:00,1.36896,1.37105,1.36856,1.3698,0,0
2015-05-06,23:59:00,1.3698,1.37009,1.36781,1.36949,0,0
2015-05-07,01:00:00,1.36954,1.36985,1.36854,1.36965,0,0
2015-05-07,02:00:00,1.36965,1.37175,1.36958,1.37163,0,0
2015-05-07,03:00:00,1.37163,1.37256,1.37012,1.37015,0,0
2015-05-07,04:00:00,1.37018,1.37593,1.36774,1.36911,0,0
2015-05-07,05:00:00,1.36911,1.36995,1.36499,1.366,0,0
2015-05-07,06:00:00,1.36598,1.36671,1.36313,1.36671,0,0
2015-05-07,07:00:00,1.36672,1.36763,1.36565,1.36709,0,0
2015-05-07,08:00:00,1.36714,1.37007,1.36696,1.36904,0,0
2015-05-07,09:00:00,1.36904,1.37242,1.36738,1.3724,0,0
2015-05-07,10:00:00,1.37242,1.37793,1.37201,1.37752,0,0
2015-05-07,11:00:00,1.37752,1.38121,1.37707,1.37998,0,0
2015-05-07,12:00:00,1.37998,1.38625,1.37942,1.38584,0,0
2015-05-07,13:00:00,1.38584,1.38632,1.38174,1.38245,0,0
2015-05-07,14:00:00,1.38245,1.38267,1.37557,1.37585,0,0
2015-05-07,15:00:00,1.37583,1.37583,1.37056,1.37266,0,0
2015-05-07,16:00:00,1.37266,1.37466,1.36946,1.37463,0,0
2015-05-07,17:00:00,1.3743,1.3779,1.37311,1.37328,0,0
2015-05-07,18:00:00,1.37334,1.37466,1.37173,1.37409,0,0
2015-05-07,19:00:00,1.37409,1.37433,1.37116,1.37196,0,0
2015-05-07,20:00:00,1.37196,1.37407,1.37115,1.37321,0,0
2015-05-07,21:00:00,1.37321,1.37401,1.37163,1.37318,0,0
2015-05-07,22:00:00,1.37311,1.37401,1.37255,1.37328,0,0
2015-05-07,23:00:00,1.37328,1.37353,1.37224,1.37224,0,0
2015-05-07,23:59:00,1.37208,1.37381,1.36971,1.37044,0,0
2015-05-08,01:00:00,1.3709,1.37218,1.37017,1.37106,0,0
2015-05-08,02:00:00,1.37108,1.37328,1.37011,1.37315,0,0
2015-05-08,03:00:00,1.37315,1.37474,1.37273,1.37273,0,0
2015-05-08,04:00:00,1.37273,1.37802,1.36812,1.37332,0,0
2015-05-08,05:00:00,1.37333,1.37802,1.37287,1.37307,0,0
2015-05-08,06:00:00,1.37307,1.37429,1.37212,1.37254,0,0
2015-05-08,07:00:00,1.37254,1.37381,1.36917,1.36996,0,0
2015-05-08,08:00:00,1.36996,1.3732,1.36976,1.37129,0,0
2015-05-08,09:00:00,1.37129,1.37202,1.36708,1.36814,0,0
2015-05-08,10:00:00,1.36808,1.36859,1.36438,1.36767,0,0
2015-05-08,11:00:00,1.36767,1.37259,1.36767,1.37213,0,0
2015-05-08,12:00:00,1.37153,1.37197,1.36896,1.37097,0,0
2015-05-08,13:00:00,1.37062,1.37092,1.36574,1.36705,0,0
2015-05-08,14:00:00,1.36708,1.36796,1.3664,1.36715,0,0
2015-05-08,15:00:00,1.36715,1.36991,1.3636,1.3639,0,0
2015-05-08,16:00:00,1.36396,1.36602,1.3602,1.36294,0,0
2015-05-08,17:00:00,1.36312,1.36768,1.36236,1.36444,0,0
2015-05-08,18:00:00,1.36446,1.36524,1.36126,1.36257,0,0
2015-05-08,19:00:00,1.36262,1.36272,1.35665,1.35759,0,0
2015-05-08,20:00:00,1.35759,1.35801,1.35616,1.35665,0,0
2015-05-08,21:00:00,1.35675,1.35717,1.35554,1.35631,0,0
2015-05-08,22:00:00,1.35631,1.35637,1.3536,1.35447,0,0
2015-05-08,23:00:00,1.35447,1.3546,1.35447,1.3546,0,0
2015-05-11,01:00:00,1.35495,1.35583,1.3538,1.35464,0,0
2015-05-11,02:00:00,1.35464,1.35575,1.35369,1.35451,0,0
2015-05-11,03:00:00,1.35452,1.35595,1.35362,1.35372,0,0
2015-05-11,04:00:00,1.35498,1.35654,1.35332,1.35631,0,0
2015-05-11,05:00:00,1.35627,1.35839,1.35599,1.35726,0,0
2015-05-11,06:00:00,1.35726,1.35854,1.35677,1.35761,0,0
2015-05-11,07:00:00,1.35746,1.35783,1.35598,1.3572,0,0
2015-05-11,08:00:00,1.35724,1.35816,1.35652,1.35754,0,0
2015-05-11,09:00:00,1.35756,1.35867,1.35616,1.35776,0,0
2015-05-11,10:00:00,1.35762,1.35993,1.35606,1.3599,0,0
2015-05-11,11:00:00,1.35999,1.36251,1.35916,1.35965,0,0
2015-05-11,12:00:00,1.35955,1.3609,1.35883,1.3602,0,0
2015-05-11,13:00:00,1.36021,1.36149,1.35794,1.35875,0,0
2015-05-11,14:00:00,1.35875,1.35921,1.35526,1.35536,0,0
2015-05-11,15:00:00,1.35548,1.35779,1.35311,1.35325,0,0
2015-05-11,16:00:00,1.35325,1.35657,1.35216,1.35416,0,0
2015-05-11,17:00:00,1.35403,1.35632,1.3525,1.3525,0,0
2015-05-11,18:00:00,1.35247,1.35632,1.35207,1.35498,0,0
2015-05-11,19:00:00,1.35506,1.35612,1.35406,1.35462,0,0
2015-05-11,20:00:00,1.35462,1.35482,1.35226,1.35336,0,0
2015-05-11,21:00:00,1.35335,1.35478,1.35254,1.35478,0,0
2015-05-11,22:00:00,1.35487,1.3567,1.35464,1.35606,0,0
2015-05-11,23:00:00,1.35606,1.35685,1.35509,1.35667,0,0
2015-05-11,23:59:00,1.35667,1.35692,1.35534,1.35591,0,0
2015-05-12,01:00:00,1.35606,1.35719,1.35606,1.35701,0,0
2015-05-12,02:00:00,1.35701,1.35701,1.35389,1.35485,0,0
2015-05-12,03:00:00,1.35485,1.35568,1.35395,1.35506,0,0
2015-05-12,04:00:00,1.35503,1.35645,1.3527,1.35301,0,0
2015-05-12,05:00:00,1.35296,1.35379,1.35143,1.35351,0,0
2015-05-12,06:00:00,1.35351,1.35429,1.35299,1.35299,0,0
2015-05-12,07:00:00,1.35299,1.35331,1.35118,1.35209,0,0
2015-05-12,08:00:00,1.35209,1.35209,1.35016,1.35157,0,0
2015-05-12,09:00:00,1.35154,1.35358,1.35135,1.35282,0,0
2015-05-12,10:00:00,1.35282,1.35763,1.35172,1.35735,0,0
2015-05-12,11:00:00,1.35738,1.36082,1.35738,1.35911,0,0
2015-05-12,12:00:00,1.35895,1.36282,1.35801,1.36009,0,0
2015-05-12,13:00:00,1.36009,1.36023,1.35607,1.35763,0,0
2015-05-12,14:00:00,1.35768,1.35768,1.35455,1.3546,0,0
2015-05-12,15:00:00,1.3546,1.3552,1.35239,1.35405,0,0
2015-05-12,16:00:00,1.35405,1.35977,1.35405,1.35792,0,0
2015-05-12,17:00:00,1.35806,1.35857,1.35379,1.35396,0,0
2015-05-12,18:00:00,1.35407,1.35447,1.35035,1.35074,0,0
2015-05-12,19:00:00,1.35074,1.35362,1.35016,1.35053,0,0
2015-05-12,20:00:00,1.35053,1.35077,1.34818,1.34836,0,0
2015-05-12,21:00:00,1.34837,1.34844,1.34622,1.34768,0,0
2015-05-12,22:00:00,1.34749,1.34808,1.34689,1.34693,0,0
2015-05-12,23:00:00,1.3479,1.35009,1.34693,1.34883,0,0
2015-05-12,23:59:00,1.34891,1.3529,1.34625,1.34818,0,0
2015-05-13,01:00:00,1.34824,1.3494,1.3479,1.34854,0,0
2015-05-13,02:00:00,1.34854,1.34929,1.34712,1.34816,0,0
2015-05-13,03:00:00,1.34818,1.34819,1.34478,1.34774,0,0
2015-05-13,04:00:00,1.34781,1.34849,1.34613,1.34789,0,0
2015-05-13,05:00:00,1.34791,1.35168,1.34762,1.35026,0,0
2015-05-13,06:00:00,1.35026,1.35216,1.34949,1.35148,0,0
2015-05-13,07:00:00,1.35145,1.35309,1.35043,1.3524,0,0
2015-05-13,08:00:00,1.35248,1.35346,1.35084,1.35211,0,0
2015-05-13,09:00:00,1.35207,1.35541,1.35056,1.35475,0,0
2015-05-13,10:00:00,1.35479,1.35479,1.35012,1.35012,0,0
2015-05-13,11:00:00,1.35035,1.35118,1.34659,1.34679,0,0
2015-05-13,12:00:00,1.3468,1.34733,1.34224,1.34389,0,0
2015-05-13,13:00:00,1.34389,1.34395,1.34012,1.34039,0,0
2015-05-13,14:00:00,1.34035,1.34126,1.33946,1.33955,0,0
2015-05-13,15:00:00,1.33947,1.34244,1.33837,1.34127,0,0
2015-05-13,16:00:00,1.3413,1.34214,1.33908,1.34122,0,0
2015-05-13,17:00:00,1.34117,1.34643,1.33946,1.34599,0,0
2015-05-13,18:00:00,1.34617,1.34681,1.34288,1.34479,0,0
2015-05-13,19:00:00,1.34463,1.34569,1.34322,1.34448,0,0
2015-05-13,20:00:00,1.34448,1.34615,1.34313,1.34513,0,0
2015-05-13,21:00:00,1.34513,1.34725,1.34455,1.34665,0,0
2015-05-13,22:00:00,1.34665,1.34665,1.3446,1.34481,0,0
2015-05-13,23:00:00,1.34481,1.34575,1.34372,1.3445,0,0
2015-05-13,23:59:00,1.34452,1.34631,1.34443,1.34522,0,0
2015-05-14,01:00:00,1.34558,1.34571,1.34273,1.34285,0,0
2015-05-14,02:00:00,1.34285,1.34428,1.3419,1.34413,0,0
2015-05-14,03:00:00,1.34422,1.34443,1.34124,1.34232,0,0
2015-05-14,04:00:00,1.34232,1.34232,1.33643,1.33832,0,0
2015-05-14,05:00:00,1.33832,1.34332,1.33832,1.34289,0,0
2015-05-14,06:00:00,1.34291,1.34516,1.34268,1.3448,0,0
2015-05-14,07:00:00,1.34478,1.34501,1.34242,1.34467,0,0
2015-05-14,08:00:00,1.34469,1.34559,1.34316,1.34551,0,0
2015-05-14,09:00:00,1.34547,1.34772,1.34532,1.34719,0,0
2015-05-14,10:00:00,1.34719,1.35517,1.34693,1.35315,0,0
2015-05-14,11:00:00,1.35315,1.356,1.35213,1.3552,0,0
2015-05-14,12:00:00,1.35505,1.35759,1.3547,1.35643,0,0
2015-05-14,13:00:00,1.3564,1.3608,1.3549,1.35961,0,0
2015-05-14,14:00:00,1.35958,1.35958,1.35606,1.35785,0,0
2015-05-14,15:00:00,1.35791,1.35791,1.3513,1.35207,0,0
2015-05-14,16:00:00,1.35207,1.35209,1.34539,1.34577,0,0
2015-05-14,17:00:00,1.34608,1.3534,1.34546,1.35204,0,0
2015-05-14,18:00:00,1.35183,1.35573,1.35091,1.3528,0,0
2015-05-14,19:00:00,1.35274,1.35362,1.3523,1.3523,0,0
2015-05-14,20:00:00,1.35254,1.35488,1.35251,1.35424,0,0
2015-05-14,21:00:00,1.35426,1.35767,1.35344,1.3568,0,0
2015-05-14,22:00:00,1.35694,1.35756,1.35511,1.35575,0,0
2015-05-14,23:00:00,1.35575,1.35688,1.35533,1.35671,0,0
2015-05-14,23:59:00,1.35671,1.3572,1.35529,1.35641,0,0
2015-05-15,01:00:00,1.35644,1.35695,1.35529,1.35605,0,0
2015-05-15,02:00:00,1.35607,1.35639,1.35437,1.35543,0,0
2015-05-15,03:00:00,1.35546,1.36078,1.35441,1.35974,0,0
2015-05-15,04:00:00,1.35961,1.3601,1.35798,1.35838,0,0
2015-05-15,05:00:00,1.35836,1.36001,1.35817,1.35964,0,0
2015-05-15,06:00:00,1.35964,1.35971,1.35774,1.35799,0,0
2015-05-15,07:00:00,1.35799,1.3603,1.35798,1.35985,0,0
2015-05-15,08:00:00,1.35985,1.36113,1.35971,1.36044,0,0
2015-05-15,09:00:00,1.3604,1.36138,1.35643,1.36138,0,0
2015-05-15,10:00:00,1.36138,1.36329,1.35901,1.35975,0,0
2015-05-15,11:00:00,1.35972,1.36091,1.35773,1.35957,0,0
2015-05-15,12:00:00,1.35967,1.35986,1.35788,1.35888,0,0
2015-05-15,13:00:00,1.35878,1.35878,1.35591,1.35681,0,0
2015-05-15,14:00:00,1.35682,1.35705,1.35247,1.35359,0,0
2015-05-15,15:00:00,1.35369,1.35369,1.35104,1.35161,0,0
2015-05-15,16:00:00,1.35161,1.35161,1.34888,1.35028,0,0
2015-05-15,17:00:00,1.35034,1.35716,1.34966,1.35542,0,0
2015-05-15,18:00:00,1.35536,1.35638,1.35323,1.35334,0,0
2015-05-15,19:00:00,1.35336,1.35527,1.35332,1.35493,0,0
2015-05-15,20:00:00,1.35502,1.35673,1.3549,1.3563,0,0
2015-05-15,21:00:00,1.35633,1.35988,1.35563,1.35956,0,0
2015-05-15,22:00:00,1.35957,1.36035,1.35806,1.35806,0,0
2015-05-15,23:00:00,1.35812,1.35851,1.35812,1.35841,0,0
2015-05-18,01:00:00,1.35823,1.35968,1.35691,1.3586,0,0
2015-05-18,02:00:00,1.3586,1.36001,1.35661,1.35792,0,0
2015-05-18,03:00:00,1.35806,1.36259,1.3578,1.36109,0,0
2015-05-18,04:00:00,1.36107,1.36184,1.35836,1.35898,0,0
2015-05-18,05:00:00,1.35897,1.35947,1.35695,1.35868,0,0
2015-05-18,06:00:00,1.35868,1.3596,1.35812,1.35913,0,0
2015-05-18,07:00:00,1.35913,1.36009,1.35842,1.35943,0,0
2015-05-18,08:00:00,1.35943,1.36012,1.35878,1.35981,0,0
2015-05-18,09:00:00,1.35973,1.36032,1.35762,1.35893,0,0
2015-05-18,10:00:00,1.35881,1.36059,1.35718,1.35925,0,0
2015-05-18,11:00:00,1.35959,1.35959,1.35601,1.35666,0,0
2015-05-18,12:00:00,1.35695,1.35988,1.35535,1.35986,0,0
2015-05-18,13:00:00,1.35992,1.36357,1.35991,1.36198,0,0
2015-05-18,14:00:00,1.362,1.36228,1.35889,1.35939,0,0
2015-05-18,15:00:00,1.35955,1.36097,1.35681,1.36069,0,0
2015-05-18,16:00:00,1.36069,1.36132,1.35719,1.35746,0,0
2015-05-18,17:00:00,1.35744,1.35821,1.35424,1.3544,0,0
2015-05-18,18:00:00,1.35442,1.35474,1.35307,1.35382,0,0
2015-05-18,19:00:00,1.35391,1.35446,1.35254,1.3539,0,0
2015-05-18,20:00:00,1.35394,1.35512,1.35245,1.3537,0,0
2015-05-18,21:00:00,1.3537,1.35395,1.35292,1.35337,0,0
2015-05-18,22:00:00,1.35337,1.35351,1.3522,1.35281,0,0
2015-05-18,23:00:00,1.35281,1.35366,1.35094,1.35099,0,0
2015-05-18,23:59:00,1.35102,1.35176,1.35035,1.35082,0,0
2015-05-19,01:00:00,1.35069,1.35168,1.35044,1.3509,0,0
2015-05-19,02:00:00,1.35091,1.35117,1.34983,1.35069,0,0
2015-05-19,03:00:00,1.35076,1.3524,1.3501,1.35138,0,0
2015-05-19,04:00:00,1.35138,1.35615,1.35005,1.35446,0,0
2015-05-19,05:00:00,1.35446,1.35478,1.35116,1.35235,0,0
2015-05-19,06:00:00,1.35235,1.35244,1.34839,1.34952,0,0
2015-05-19,07:00:00,1.34949,1.35095,1.3494,1.35028,0,0
2015-05-19,08:00:00,1.35028,1.35074,1.34792,1.3496,0,0
2015-05-19,09:00:00,1.34981,1.35235,1.3492,1.35159,0,0
2015-05-19,10:00:00,1.35159,1.35159,1.34046,1.34585,0,0
2015-05-19,11:00:00,1.34585,1.34771,1.34243,1.34593,0,0
2015-05-19,12:00:00,1.3461,1.34859,1.34533,1.34773,0,0
2015-05-19,13:00:00,1.34773,1.34927,1.34699,1.3484,0,0
2015-05-19,14:00:00,1.34835,1.34877,1.34555,1.34784,0,0
2015-05-19,15:00:00,1.34791,1.34821,1.34437,1.34497,0,0
2015-05-19,16:00:00,1.34499,1.34828,1.34454,1.34707,0,0
2015-05-19,17:00:00,1.34695,1.34898,1.34572,1.34783,0,0
2015-05-19,18:00:00,1.34799,1.34962,1.34694,1.34818,0,0
2015-05-19,19:00:00,1.34815,1.34996,1.34796,1.34986,0,0
2015-05-19,20:00:00,1.34983,1.34987,1.34668,1.34745,0,0
2015-05-19,21:00:00,1.34745,1.34847,1.34719,1.34765,0,0
2015-05-19,22:00:00,1.34746,1.34946,1.34746,1.34749,0,0
2015-05-19,23:00:00,1.34739,1.3488,1.34732,1.34863,0,0
2015-05-19,23:59:00,1.34866,1.34879,1.34727,1.34747,0,0
2015-05-20,01:00:00,1.34751,1.34817,1.34712,1.34746,0,0
2015-05-20,02:00:00,1.34748,1.34802,1.34679,1.34701,0,0
2015-05-20,03:00:00,1.34675,1.3494,1.34652,1.34846,0,0
2015-05-20,04:00:00,1.34836,1.34902,1.34602,1.34645,0,0
2015-05-20,05:00:00,1.34658,1.34769,1.34591,1.34727,0,0
2015-05-20,06:00:00,1.34725,1.34793,1.34611,1.34753,0,0
2015-05-20,07:00:00,1.34753,1.34813,1.34682,1.34758,0,0
2015-05-20,08:00:00,1.34758,1.34883,1.34687,1.34816,0,0
2015-05-20,09:00:00,1.34787,1.34994,1.34571,1.34887,0,0
2015-05-20,10:00:00,1.34888,1.35062,1.34715,1.34955,0,0
2015-05-20,11:00:00,1.34961,1.35342,1.34895,1.35025,0,0
2015-05-20,12:00:00,1.35043,1.35179,1.34978,1.3502,0,0
2015-05-20,13:00:00,1.3502,1.35078,1.34771,1.34791,0,0
2015-05-20,14:00:00,1.34797,1.35107,1.34789,1.34917,0,0
2015-05-20,15:00:00,1.34915,1.35295,1.34814,1.3521,0,0
2015-05-20,16:00:00,1.3521,1.35291,1.3507,1.35256,0,0
2015-05-20,17:00:00,1.35256,1.35586,1.35239,1.35257,0,0
2015-05-20,18:00:00,1.35259,1.35319,1.35025,1.351,0,0
2015-05-20,19:00:00,1.35104,1.35428,1.35104,1.35324,0,0
2015-05-20,20:00:00,1.35324,1.35685,1.35324,1.35594,0,0
2015-05-20,21:00:00,1.35599,1.35656,1.35169,1.35277,0,0
2015-05-20,22:00:00,1.35265,1.35466,1.35235,1.35449,0,0
2015-05-20,23:00:00,1.35459,1.35591,1.35433,1.35503,0,0
2015-05-20,23:59:00,1.35503,1.3566,1.35472,1.35549,0,0
2015-05-21,01:00:00,1.35567,1.35677,1.35521,1.35543,0,0
2015-05-21,02:00:00,1.35543,1.35617,1.35474,1.35588,0,0
2015-05-21,03:00:00,1.35588,1.35644,1.35482,1.35582,0,0
2015-05-21,04:00:00,1.3558,1.35711,1.35455,1.35695,0,0
2015-05-21,05:00:00,1.35692,1.35692,1.35386,1.35548,0,0
2015-05-21,06:00:00,1.35548,1.35643,1.35525,1.35642,0,0
2015-05-21,07:00:00,1.35638,1.35638,1.35315,1.35315,0,0
2015-05-21,08:00:00,1.35315,1.35365,1.35204,1.35332,0,0
2015-05-21,09:00:00,1.35331,1.35452,1.34995,1.35139,0,0
2015-05-21,10:00:00,1.35139,1.35685,1.35139,1.35526,0,0
2015-05-21,11:00:00,1.35526,1.35871,1.35477,1.35592,0,0
2015-05-21,12:00:00,1.35591,1.35904,1.3554,1.35864,0,0
2015-05-21,13:00:00,1.35864,1.36156,1.35798,1.35903,0,0
2015-05-21,14:00:00,1.35906,1.36052,1.35799,1.35799,0,0
2015-05-21,15:00:00,1.35799,1.35924,1.35688,1.35834,0,0
2015-05-21,16:00:00,1.35824,1.35918,1.35655,1.35728,0,0
2015-05-21,17:00:00,1.35766,1.35918,1.35543,1.35614,0,0
2015-05-21,18:00:00,1.35636,1.35771,1.35545,1.35638,0,0
2015-05-21,19:00:00,1.35634,1.35743,1.3558,1.35743,0,0
2015-05-21,20:00:00,1.35743,1.35757,1.35557,1.35575,0,0
2015-05-21,21:00:00,1.35572,1.35615,1.35409,1.35416,0,0
2015-05-21,22:00:00,1.35403,1.35488,1.35302,1.35318,0,0
2015-05-21,23:00:00,1.35318,1.35384,1.35205,1.35223,0,0
2015-05-21,23:59:00,1.35223,1.35341,1.35109,1.35171,0,0
2015-05-22,01:00:00,1.35196,1.35273,1.35159,1.35159,0,0
2015-05-22,02:00:00,1.35157,1.35212,1.35025,1.35025,0,0
2015-05-22,03:00:00,1.35039,1.35138,1.34961,1.34971,0,0
2015-05-22,04:00:00,1.34971,1.35003,1.34921,1.34969,0,0
2015-05-22,05:00:00,1.34969,1.35122,1.34949,1.34987,0,0
2015-05-22,06:00:00,1.34987,1.35045,1.34907,1.34983,0,0
2015-05-22,07:00:00,1.34979,1.35032,1.34928,1.35032,0,0
2015-05-22,08:00:00,1.35023,1.35085,1.34954,1.3507,0,0
2015-05-22,09:00:00,1.3507,1.35199,1.35042,1.35082,0,0
2015-05-22,10:00:00,1.35082,1.35537,1.35037,1.35485,0,0
2015-05-22,11:00:00,1.35485,1.3578,1.35485,1.3578,0,0
2015-05-22,12:00:00,1.3578,1.36267,1.35748,1.36089,0,0
2015-05-22,13:00:00,1.36089,1.36407,1.36066,1.36153,0,0
2015-05-22,14:00:00,1.36144,1.36214,1.35798,1.35833,0,0
2015-05-22,15:00:00,1.35833,1.36174,1.35325,1.35488,0,0
2015-05-22,16:00:00,1.3553,1.3553,1.35203,1.35394,0,0
2015-05-22,17:00:00,1.35413,1.35598,1.35276,1.35589,0,0
2015-05-22,18:00:00,1.35585,1.35687,1.35455,1.35492,0,0
2015-05-22,19:00:00,1.35492,1.35564,1.35415,1.35481,0,0
2015-05-22,20:00:00,1.35498,1.35667,1.35336,1.35487,0,0
2015-05-22,21:00:00,1.35499,1.35602,1.35464,1.35548,0,0
2015-05-22,22:00:00,1.35551,1.35571,1.35448,1.35483,0,0
2015-05-22,23:00:00,1.35481,1.35513,1.3547,1.3547,0,0
2015-05-25,01:00:00,1.35586,1.35623,1.3538,1.35523,0,0
2015-05-25,02:00:00,1.35523,1.35719,1.35523,1.35705,0,0
2015-05-25,03:00:00,1.35704,1.3572,1.35519,1.35655,0,0
2015-05-25,04:00:00,1.35655,1.35689,1.35526,1.35576,0,0
2015-05-25,05:00:00,1.35581,1.35593,1.35489,1.35536,0,0
2015-05-25,06:00:00,1.35536,1.35603,1.35479,1.35544,0,0
2015-05-25,07:00:00,1.35553,1.35592,1.35458,1.35509,0,0
2015-05-25,08:00:00,1.35508,1.35801,1.35485,1.35721,0,0
2015-05-25,09:00:00,1.35721,1.35904,1.35625,1.35687,0,0
2015-05-25,10:00:00,1.35684,1.35793,1.35406,1.35425,0,0
2015-05-25,11:00:00,1.35425,1.35474,1.35324,1.35426,0,0
2015-05-25,12:00:00,1.35429,1.35558,1.35294,1.35337,0,0
2015-05-25,13:00:00,1.35337,1.35355,1.35212,1.35284,0,0
2015-05-25,14:00:00,1.35286,1.35491,1.35257,1.35467,0,0
2015-05-25,15:00:00,1.35465,1.35593,1.35453,1.35499,0,0
2015-05-25,16:00:00,1.35496,1.3558,1.35425,1.3546,0,0
2015-05-25,17:00:00,1.3546,1.35476,1.35253,1.35265,0,0
2015-05-25,18:00:00,1.35265,1.35313,1.35162,1.3524,0,0
2015-05-25,19:00:00,1.35239,1.35239,1.35052,1.35091,0,0
2015-05-25,20:00:00,1.35097,1.35168,1.35086,1.35145,0,0
2015-05-25,21:00:00,1.35145,1.35205,1.35102,1.35164,0,0
2015-05-25,22:00:00,1.35169,1.35245,1.3513,1.35162,0,0
2015-05-25,23:00:00,1.35178,1.35267,1.35139,1.35224,0,0
2015-05-25,23:59:00,1.35234,1.35284,1.3513,1.35198,0,0
2015-05-26,01:00:00,1.35182,1.3523,1.35105,1.35158,0,0
2015-05-26,02:00:00,1.35158,1.35193,1.35081,1.35142,0,0
2015-05-26,03:00:00,1.35156,1.35197,1.35066,1.35116,0,0
2015-05-26,04:00:00,1.35116,1.35151,1.34956,1.34963,0,0
2015-05-26,05:00:00,1.34963,1.35083,1.34924,1.34996,0,0
2015-05-26,06:00:00,1.34993,1.34993,1.34821,1.34836,0,0
2015-05-26,07:00:00,1.34834,1.34835,1.34714,1.34779,0,0
2015-05-26,08:00:00,1.34773,1.34909,1.34749,1.3479,0,0
2015-05-26,09:00:00,1.3478,1.3502,1.34673,1.34889,0,0
2015-05-26,10:00:00,1.34885,1.35361,1.34793,1.35241,0,0
2015-05-26,11:00:00,1.35239,1.35293,1.35105,1.35124,0,0
2015-05-26,12:00:00,1.35124,1.35308,1.35027,1.35272,0,0
2015-05-26,13:00:00,1.35272,1.35476,1.35047,1.35132,0,0
2015-05-26,14:00:00,1.3512,1.35368,1.35101,1.35351,0,0
2015-05-26,15:00:00,1.3536,1.3577,1.35187,1.35736,0,0
2015-05-26,16:00:00,1.35775,1.35987,1.35675,1.35934,0,0
2015-05-26,17:00:00,1.35969,1.36161,1.35765,1.36082,0,0
2015-05-26,18:00:00,1.36076,1.36127,1.35958,1.35985,0,0
2015-05-26,19:00:00,1.35991,1.36023,1.3591,1.35973,0,0
2015-05-26,20:00:00,1.35983,1.36002,1.3578,1.35832,0,0
2015-05-26,21:00:00,1.35832,1.35922,1.35633,1.35765,0,0
2015-05-26,22:00:00,1.35765,1.35829,1.35628,1.35663,0,0
2015-05-26,23:00:00,1.3566,1.35747,1.35542,1.35602,0,0
2015-05-26,23:59:00,1.35603,1.35724,1.35514,1.35586,0,0
2015-05-27,01:00:00,1.35602,1.35646,1.35544,1.35579,0,0
2015-05-27,02:00:00,1.35579,1.35696,1.35542,1.35645,0,0
2015-05-27,03:00:00,1.35645,1.35656,1.35484,1.3554,0,0
2015-05-27,04:00:00,1.3554,1.35767,1.3554,1.35616,0,0
2015-05-27,05:00:00,1.3561,1.35671,1.35421,1.35602,0,0
2015-05-27,06:00:00,1.35602,1.35641,1.35533,1.35575,0,0
2015-05-27,07:00:00,1.35581,1.35708,1.35517,1.3566,0,0
2015-05-27,08:00:00,1.35658,1.35795,1.35618,1.35742,0,0
2015-05-27,09:00:00,1.35737,1.35965,1.35656,1.3596,0,0
2015-05-27,10:00:00,1.3596,1.36285,1.35826,1.36245,0,0
2015-05-27,11:00:00,1.36245,1.36346,1.36177,1.36245,0,0
2015-05-27,12:00:00,1.36244,1.3644,1.36167,1.36295,0,0
2015-05-27,13:00:00,1.36295,1.36514,1.36172,1.36489,0,0
2015-05-27,14:00:00,1.36463,1.3654,1.363,1.36349,0,0
2015-05-27,15:00:00,1.36354,1.36491,1.36185,1.3627,0,0
2015-05-27,16:00:00,1.36265,1.36382,1.35914,1.36075,0,0
2015-05-27,17:00:00,1.36077,1.36365,1.36032,1.36248,0,0
2015-05-27,18:00:00,1.36254,1.36627,1.36209,1.3639,0,0
2015-05-27,19:00:00,1.36391,1.36495,1.363,1.36434,0,0
2015-05-27,20:00:00,1.36435,1.36538,1.36248,1.36334,0,0
2015-05-27,21:00:00,1.36334,1.36338,1.36045,1.36127,0,0
2015-05-27,22:00:00,1.36161,1.36202,1.36075,1.36097,0,0
2015-05-27,23:00:00,1.36097,1.36344,1.36097,1.36264,0,0
2015-05-27,23:59:00,1.36264,1.36382,1.36067,1.36084,0,0
2015-05-28,01:00:00,1.36098,1.36257,1.36094,1.36182,0,0
2015-05-28,02:00:00,1.3618,1.36242,1.36091,1.36091,0,0
2015-05-28,03:00:00,1.36093,1.36191,1.36053,1.36055,0,0
2015-05-28,04:00:00,1.36053,1.37065,1.35821,1.36966,0,0
2015-05-28,05:00:00,1.36969,1.37247,1.36966,1.3706,0,0
2015-05-28,06:00:00,1.37062,1.37307,1.37016,1.3716,0,0
2015-05-28,07:00:00,1.37166,1.37377,1.37165,1.37231,0,0
2015-05-28,08:00:00,1.37229,1.37268,1.36828,1.36929,0,0
2015-05-28,09:00:00,1.36929,1.37272,1.36877,1.37269,0,0
2015-05-28,10:00:00,1.37321,1.37757,1.37294,1.3762,0,0
2015-05-28,11:00:00,1.37618,1.378,1.37543,1.37696,0,0
2015-05-28,12:00:00,1.37696,1.37954,1.37602,1.37931,0,0
2015-05-28,13:00:00,1.37931,1.38087,1.3783,1.38058,0,0
2015-05-28,14:00:00,1.38063,1.38069,1.37706,1.37784,0,0
2015-05-28,15:00:00,1.37768,1.38034,1.37691,1.3796,0,0
2015-05-28,16:00:00,1.37962,1.38192,1.37798,1.38109,0,0
2015-05-28,17:00:00,1.38109,1.38477,1.38052,1.38407,0,0
2015-05-28,18:00:00,1.38425,1.38754,1.38371,1.3854,0,0
2015-05-28,19:00:00,1.38538,1.38695,1.38472,1.38488,0,0
2015-05-28,20:00:00,1.3849,1.38778,1.38452,1.38562,0,0
2015-05-28,21:00:00,1.38553,1.38641,1.38449,1.38587,0,0
2015-05-28,22:00:00,1.3859,1.38614,1.38447,1.38495,0,0
2015-05-28,23:00:00,1.38495,1.38599,1.38449,1.38493,0,0
2015-05-28,23:59:00,1.38493,1.38696,1.38321,1.38526,0,0
2015-05-29,01:00:00,1.38559,1.38588,1.38442,1.38552,0,0
2015-05-29,02:00:00,1.38554,1.38609,1.38471,1.38501,0,0
2015-05-29,03:00:00,1.38501,1.3861,1.3838,1.3861,0,0
2015-05-29,04:00:00,1.38613,1.38702,1.38324,1.384,0,0
2015-05-29,05:00:00,1.384,1.38478,1.38254,1.38442,0,0
2015-05-29,06:00:00,1.38442,1.38633,1.38398,1.38585,0,0
2015-05-29,07:00:00,1.38572,1.38617,1.38439,1.38517,0,0
2015-05-29,08:00:00,1.38517,1.38613,1.3836,1.3842,0,0
2015-05-29,09:00:00,1.38403,1.38419,1.37918,1.37952,0,0
2015-05-29,10:00:00,1.37902,1.38415,1.37861,1.38345,0,0
2015-05-29,11:00:00,1.38345,1.38585,1.3833,1.38385,0,0
2015-05-29,12:00:00,1.38385,1.38774,1.38356,1.38756,0,0
2015-05-29,13:00:00,1.38772,1.38895,1.38701,1.38861,0,0
2015-05-29,14:00:00,1.38866,1.38905,1.38532,1.38781,0,0
2015-05-29,15:00:00,1.38777,1.39218,1.3864,1.39159,0,0
2015-05-29,16:00:00,1.39154,1.39776,1.39055,1.3967,0,0
2015-05-29,17:00:00,1.39598,1.3961,1.38437,1.38437,0,0
2015-05-29,18:00:00,1.38418,1.38845,1.38281,1.38763,0,0
2015-05-29,19:00:00,1.38798,1.38942,1.38664,1.38679,0,0
2015-05-29,20:00:00,1.38684,1.38987,1.38684,1.38891,0,0
2015-05-29,21:00:00,1.38891,1.39097,1.38891,1.38971,0,0
2015-05-29,22:00:00,1.38971,1.39238,1.3893,1.3915,0,0
2015-05-29,23:00:00,1.39166,1.39166,1.39114,1.3912,0,0
2015-06-01,01:00:00,1.39139,1.39251,1.39081,1.39134,0,0
2015-06-01,02:00:00,1.39135,1.39202,1.38923,1.38979,0,0
2015-06-01,03:00:00,1.38993,1.39036,1.38696,1.38808,0,0
2015-06-01,04:00:00,1.38808,1.38983,1.38556,1.38636,0,0
2015-06-01,05:00:00,1.38643,1.38785,1.38485,1.3864,0,0
2015-06-01,06:00:00,1.3865,1.38797,1.38562,1.38757,0,0
2015-06-01,07:00:00,1.38759,1.38769,1.38539,1.38539,0,0
2015-06-01,08:00:00,1.38537,1.38725,1.38476,1.38589,0,0
2015-06-01,09:00:00,1.38589,1.38623,1.37964,1.38065,0,0
2015-06-01,10:00:00,1.38047,1.38117,1.37879,1.38075,0,0
2015-06-01,11:00:00,1.38068,1.38169,1.3795,1.38114,0,0
2015-06-01,12:00:00,1.38128,1.38544,1.38054,1.38414,0,0
2015-06-01,13:00:00,1.38414,1.38697,1.38338,1.38617,0,0
2015-06-01,14:00:00,1.38619,1.38668,1.38339,1.38642,0,0
2015-06-01,15:00:00,1.3863,1.38817,1.38542,1.38604,0,0
2015-06-01,16:00:00,1.38612,1.38983,1.38602,1.38832,0,0
2015-06-01,17:00:00,1.38856,1.39183,1.38772,1.38776,0,0
2015-06-01,18:00:00,1.38788,1.38902,1.3867,1.38763,0,0
2015-06-01,19:00:00,1.38759,1.38998,1.38752,1.38915,0,0
2015-06-01,20:00:00,1.38926,1.39146,1.38922,1.39062,0,0
2015-06-01,21:00:00,1.39062,1.39072,1.38921,1.39028,0,0
2015-06-01,22:00:00,1.39028,1.3908,1.38905,1.38983,0,0
2015-06-01,23:00:00,1.38982,1.39049,1.38905,1.38986,0,0
2015-06-01,23:59:00,1.38993,1.39124,1.38767,1.38902,0,0
2015-06-02,01:00:00,1.38927,1.38955,1.38871,1.38892,0,0
2015-06-02,02:00:00,1.38892,1.38965,1.38767,1.38816,0,0
2015-06-02,03:00:00,1.38816,1.38891,1.38664,1.3877,0,0
2015-06-02,04:00:00,1.3877,1.38794,1.38549,1.38664,0,0
2015-06-02,05:00:00,1.38664,1.38708,1.38598,1.38696,0,0
2015-06-02,06:00:00,1.38698,1.38717,1.38557,1.38677,0,0
2015-06-02,07:00:00,1.38672,1.38809,1.37817,1.37969,0,0
2015-06-02,08:00:00,1.37966,1.38016,1.37662,1.37673,0,0
2015-06-02,09:00:00,1.37673,1.37999,1.37639,1.37901,0,0
2015-06-02,10:00:00,1.37895,1.38025,1.37715,1.37818,0,0
2015-06-02,11:00:00,1.37813,1.38206,1.37747,1.38205,0,0
2015-06-02,12:00:00,1.38205,1.38527,1.38205,1.3838,0,0
2015-06-02,13:00:00,1.3838,1.38688,1.38245,1.38423,0,0
2015-06-02,14:00:00,1.38409,1.38563,1.37965,1.38035,0,0
2015-06-02,15:00:00,1.38038,1.38386,1.37915,1.38357,0,0
2015-06-02,16:00:00,1.38368,1.38653,1.38181,1.38307,0,0
2015-06-02,17:00:00,1.38306,1.38416,1.3796,1.38152,0,0
2015-06-02,18:00:00,1.38177,1.38425,1.38101,1.3812,0,0
2015-06-02,19:00:00,1.38115,1.38136,1.37729,1.3781,0,0
2015-06-02,20:00:00,1.37828,1.37897,1.37696,1.37846,0,0
2015-06-02,21:00:00,1.37846,1.37982,1.37831,1.37958,0,0
2015-06-02,22:00:00,1.37873,1.37992,1.37784,1.37877,0,0
2015-06-02,23:00:00,1.37877,1.37947,1.37801,1.37885,0,0
2015-06-02,23:59:00,1.37887,1.37904,1.37779,1.37888,0,0
2015-06-03,01:00:00,1.37863,1.37985,1.37818,1.37934,0,0
2015-06-03,02:00:00,1.3793,1.38044,1.37906,1.38039,0,0
2015-06-03,03:00:00,1.3804,1.3804,1.37892,1.3796,0,0
2015-06-03,04:00:00,1.37959,1.37967,1.37083,1.37098,0,0
2015-06-03,05:00:00,1.37078,1.37609,1.37078,1.37579,0,0
2015-06-03,06:00:00,1.37579,1.37636,1.37427,1.3743,0,0
2015-06-03,07:00:00,1.37476,1.37623,1.3743,1.37548,0,0
2015-06-03,08:00:00,1.37548,1.37662,1.37408,1.37484,0,0
2015-06-03,09:00:00,1.37482,1.37658,1.37254,1.3743,0,0
2015-06-03,10:00:00,1.37422,1.37422,1.37128,1.37397,0,0
2015-06-03,11:00:00,1.37386,1.37615,1.37327,1.37499,0,0
2015-06-03,12:00:00,1.37499,1.37563,1.37292,1.37515,0,0
2015-06-03,13:00:00,1.37517,1.37602,1.3737,1.37529,0,0
2015-06-03,14:00:00,1.37529,1.37608,1.37171,1.37214,0,0
2015-06-03,15:00:00,1.37213,1.37387,1.36772,1.37072,0,0
2015-06-03,16:00:00,1.37072,1.37629,1.37036,1.37578,0,0
2015-06-03,17:00:00,1.37489,1.37529,1.3696,1.37032,0,0
2015-06-03,18:00:00,1.37032,1.37382,1.37021,1.37243,0,0
2015-06-03,19:00:00,1.37236,1.37581,1.37236,1.37478,0,0
2015-06-03,20:00:00,1.37476,1.37564,1.3735,1.37362,0,0
2015-06-03,21:00:00,1.37365,1.37605,1.37365,1.37539,0,0
2015-06-03,22:00:00,1.37539,1.37539,1.3742,1.37451,0,0
2015-06-03,23:00:00,1.37451,1.37609,1.37429,1.37526,0,0
2015-06-03,23:59:00,1.37524,1.37632,1.37481,1.37621,0,0
2015-06-04,01:00:00,1.37622,1.37772,1.3759,1.37772,0,0
2015-06-04,02:00:00,1.37769,1.3777,1.37641,1.3769,0,0
2015-06-04,03:00:00,1.3769,1.37792,1.37674,1.37709,0,0
2015-06-04,04:00:00,1.37709,1.38734,1.37621,1.38541,0,0
2015-06-04,05:00:00,1.38536,1.38642,1.38428,1.38501,0,0
2015-06-04,06:00:00,1.38502,1.38578,1.38416,1.38445,0,0
2015-06-04,07:00:00,1.38448,1.38542,1.38356,1.38454,0,0
2015-06-04,08:00:00,1.38453,1.38801,1.38453,1.3871,0,0
2015-06-04,09:00:00,1.3871,1.3871,1.38405,1.38429,0,0
2015-06-04,10:00:00,1.38429,1.38617,1.38307,1.38561,0,0
2015-06-04,11:00:00,1.38556,1.39069,1.38478,1.38767,0,0
2015-06-04,12:00:00,1.3874,1.3908,1.3874,1.38866,0,0
2015-06-04,13:00:00,1.38866,1.38918,1.38663,1.38735,0,0
2015-06-04,14:00:00,1.38735,1.38887,1.38456,1.38482,0,0
2015-06-04,15:00:00,1.38482,1.38896,1.38465,1.3883,0,0
2015-06-04,16:00:00,1.3883,1.39207,1.38665,1.3907,0,0
2015-06-04,17:00:00,1.39101,1.39521,1.39012,1.39467,0,0
2015-06-04,18:00:00,1.39467,1.39612,1.39355,1.39465,0,0
2015-06-04,19:00:00,1.39472,1.39591,1.39426,1.39485,0,0
2015-06-04,20:00:00,1.39485,1.39682,1.39409,1.39413,0,0
2015-06-04,21:00:00,1.39407,1.39519,1.39389,1.39466,0,0
2015-06-04,22:00:00,1.39512,1.39555,1.39441,1.39507,0,0
2015-06-04,23:00:00,1.39513,1.39516,1.39306,1.39306,0,0
2015-06-04,23:59:00,1.39302,1.39507,1.39281,1.39465,0,0
2015-06-05,01:00:00,1.39469,1.39469,1.39299,1.39304,0,0
2015-06-05,02:00:00,1.39304,1.39312,1.39053,1.39141,0,0
2015-06-05,03:00:00,1.39141,1.39228,1.39025,1.39027,0,0
2015-06-05,04:00:00,1.39026,1.39053,1.38903,1.38948,0,0
2015-06-05,05:00:00,1.38949,1.39017,1.38898,1.38973,0,0
2015-06-05,06:00:00,1.38972,1.39027,1.38918,1.38954,0,0
2015-06-05,07:00:00,1.38954,1.39095,1.3892,1.39039,0,0
2015-06-05,08:00:00,1.39039,1.39127,1.38965,1.39127,0,0
2015-06-05,09:00:00,1.39139,1.39367,1.38987,1.39317,0,0
2015-06-05,10:00:00,1.39331,1.39928,1.39325,1.39711,0,0
2015-06-05,11:00:00,1.39711,1.39754,1.39331,1.39378,0,0
2015-06-05,12:00:00,1.39378,1.39471,1.39218,1.39465,0,0
2015-06-05,13:00:00,1.39467,1.39467,1.38872,1.38984,0,0
2015-06-05,14:00:00,1.38984,1.39175,1.38725,1.38927,0,0
2015-06-05,15:00:00,1.38927,1.3925,1.38515,1.38757,0,0
2015-06-05,16:00:00,1.38757,1.38852,1.38398,1.38511,0,0
2015-06-05,17:00:00,1.38511,1.38602,1.38152,1.38454,0,0
2015-06-05,18:00:00,1.38454,1.39156,1.38312,1.39031,0,0
2015-06-05,19:00:00,1.39048,1.3951,1.39036,1.39507,0,0
2015-06-05,20:00:00,1.3951,1.39633,1.3935,1.3956,0,0
2015-06-05,21:00:00,1.3956,1.3992,1.39548,1.39733,0,0
2015-06-05,22:00:00,1.39735,1.39818,1.39524,1.39545,0,0
2015-06-05,23:00:00,1.39527,1.39546,1.39527,1.39544,0,0
2015-06-08,01:00:00,1.3942,1.39557,1.3942,1.39477,0,0
2015-06-08,02:00:00,1.39475,1.39591,1.39465,1.39591,0,0
2015-06-08,03:00:00,1.39567,1.39586,1.39373,1.39529,0,0
2015-06-08,04:00:00,1.39517,1.39517,1.39272,1.39275,0,0
2015-06-08,05:00:00,1.39257,1.39468,1.39035,1.39428,0,0
2015-06-08,06:00:00,1.39428,1.39559,1.39418,1.39496,0,0
2015-06-08,07:00:00,1.395,1.39634,1.39495,1.39583,0,0
2015-06-08,08:00:00,1.39583,1.39607,1.39357,1.394,0,0
2015-06-08,09:00:00,1.39415,1.39627,1.39197,1.39352,0,0
2015-06-08,10:00:00,1.39356,1.39608,1.39269,1.39564,0,0
2015-06-08,11:00:00,1.39565,1.3992,1.39332,1.39349,0,0
2015-06-08,12:00:00,1.39346,1.39491,1.39094,1.39106,0,0
2015-06-08,13:00:00,1.39106,1.39368,1.39085,1.39359,0,0
2015-06-08,14:00:00,1.3935,1.39599,1.39349,1.3958,0,0
2015-06-08,15:00:00,1.3958,1.39926,1.39513,1.39587,0,0
2015-06-08,16:00:00,1.39588,1.39675,1.39351,1.39599,0,0
2015-06-08,17:00:00,1.39587,1.40015,1.39546,1.39921,0,0
2015-06-08,18:00:00,1.39923,1.40222,1.39754,1.4008,0,0
2015-06-08,19:00:00,1.4008,1.40261,1.40036,1.4022,0,0
2015-06-08,20:00:00,1.4022,1.40408,1.39947,1.40104,0,0
2015-06-08,21:00:00,1.40104,1.40128,1.39814,1.39814,0,0
2015-06-08,22:00:00,1.39829,1.3984,1.3968,1.39759,0,0
2015-06-08,23:00:00,1.39756,1.40091,1.39717,1.4,0,0
2015-06-08,23:59:00,1.40002,1.40149,1.39953,1.40109,0,0
2015-06-09,01:00:00,1.40108,1.40344,1.40096,1.40312,0,0
2015-06-09,02:00:00,1.40312,1.40331,1.40166,1.40245,0,0
2015-06-09,03:00:00,1.40251,1.40369,1.40191,1.40191,0,0
2015-06-09,04:00:00,1.40191,1.40351,1.39938,1.40073,0,0
2015-06-09,05:00:00,1.40073,1.40278,1.40073,1.40119,0,0
2015-06-09,06:00:00,1.40117,1.40312,1.40064,1.40304,0,0
2015-06-09,07:00:00,1.40307,1.40494,1.40229,1.40327,0,0
2015-06-09,08:00:00,1.40327,1.4047,1.40285,1.40443,0,0
2015-06-09,09:00:00,1.40443,1.40712,1.40268,1.40529,0,0
2015-06-09,10:00:00,1.40532,1.41035,1.40413,1.40955,0,0
2015-06-09,11:00:00,1.40955,1.41208,1.40557,1.40579,0,0
2015-06-09,12:00:00,1.40599,1.40704,1.40308,1.40381,0,0
2015-06-09,13:00:00,1.40391,1.40391,1.40134,1.40241,0,0
2015-06-09,14:00:00,1.40234,1.40315,1.39484,1.39484,0,0
2015-06-09,15:00:00,1.39499,1.39708,1.39413,1.39638,0,0
2015-06-09,16:00:00,1.39643,1.39771,1.39414,1.39765,0,0
2015-06-09,17:00:00,1.39732,1.3992,1.39647,1.39919,0,0
2015-06-09,18:00:00,1.3991,1.40123,1.39832,1.39968,0,0
2015-06-09,19:00:00,1.39959,1.40154,1.3987,1.3998,0,0
2015-06-09,20:00:00,1.39978,1.40018,1.39806,1.39965,0,0
2015-06-09,21:00:00,1.39965,1.40021,1.39743,1.39788,0,0
2015-06-09,22:00:00,1.39785,1.39868,1.39729,1.39771,0,0
2015-06-09,23:00:00,1.39771,1.3981,1.39603,1.39699,0,0
2015-06-09,23:59:00,1.39699,1.39746,1.39599,1.39676,0,0
2015-06-10,01:00:00,1.39672,1.39694,1.39615,1.39635,0,0
2015-06-10,02:00:00,1.39635,1.39836,1.39624,1.39817,0,0
2015-06-10,03:00:00,1.39817,1.40085,1.39657,1.39954,0,0
2015-06-10,04:00:00,1.39954,1.40067,1.39872,1.39954,0,0
2015-06-10,05:00:00,1.39954,1.40465,1.39797,1.40261,0,0
2015-06-10,06:00:00,1.4026,1.40501,1.40241,1.40241,0,0
2015-06-10,07:00:00,1.40241,1.40389,1.39564,1.39818,0,0
2015-06-10,08:00:00,1.39818,1.39895,1.38977,1.39148,0,0
2015-06-10,09:00:00,1.39148,1.39624,1.39007,1.39599,0,0
2015-06-10,10:00:00,1.3961,1.39787,1.3901,1.39083,0,0
2015-06-10,11:00:00,1.39083,1.3926,1.38866,1.38979,0,0
2015-06-10,12:00:00,1.38974,1.39016,1.38697,1.38727,0,0
2015-06-10,13:00:00,1.38728,1.39127,1.38537,1.39111,0,0
2015-06-10,14:00:00,1.39109,1.39236,1.38846,1.38859,0,0
2015-06-10,15:00:00,1.38861,1.39135,1.3884,1.39058,0,0
2015-06-10,16:00:00,1.39058,1.39221,1.38915,1.38915,0,0
2015-06-10,17:00:00,1.38924,1.3906,1.38785,1.38869,0,0
2015-06-10,18:00:00,1.38849,1.38954,1.38755,1.38868,0,0
2015-06-10,19:00:00,1.38879,1.3894,1.38357,1.38475,0,0
2015-06-10,20:00:00,1.38482,1.3858,1.382,1.38338,0,0
2015-06-10,21:00:00,1.38299,1.38381,1.38215,1.38303,0,0
2015-06-10,22:00:00,1.38315,1.38425,1.38315,1.38402,0,0
2015-06-10,23:00:00,1.38389,1.38414,1.38233,1.38322,0,0
2015-06-10,23:59:00,1.38332,1.39471,1.38332,1.38598,0,0
2015-06-11,01:00:00,1.38599,1.3872,1.38537,1.38671,0,0
2015-06-11,02:00:00,1.38671,1.38815,1.38603,1.38812,0,0
2015-06-11,03:00:00,1.38812,1.39087,1.38812,1.38937,0,0
2015-06-11,04:00:00,1.38937,1.3897,1.37694,1.37986,0,0
2015-06-11,05:00:00,1.37958,1.38148,1.37919,1.37967,0,0
2015-06-11,06:00:00,1.37964,1.38138,1.37898,1.38006,0,0
2015-06-11,07:00:00,1.38008,1.38136,1.37963,1.38008,0,0
2015-06-11,08:00:00,1.38006,1.38384,1.37981,1.38349,0,0
2015-06-11,09:00:00,1.38349,1.38563,1.38255,1.38306,0,0
2015-06-11,10:00:00,1.38305,1.38456,1.38179,1.38393,0,0
2015-06-11,11:00:00,1.38382,1.38406,1.37778,1.37962,0,0
2015-06-11,12:00:00,1.37957,1.38281,1.37926,1.38184,0,0
2015-06-11,13:00:00,1.38184,1.38461,1.38089,1.38461,0,0
2015-06-11,14:00:00,1.38458,1.38465,1.38187,1.38322,0,0
2015-06-11,15:00:00,1.38302,1.38428,1.38011,1.3816,0,0
2015-06-11,16:00:00,1.3815,1.38433,1.3812,1.38248,0,0
2015-06-11,17:00:00,1.38261,1.3846,1.37907,1.38382,0,0
2015-06-11,18:00:00,1.38376,1.38484,1.38075,1.38233,0,0
2015-06-11,19:00:00,1.38216,1.38297,1.38026,1.38171,0,0
2015-06-11,20:00:00,1.38188,1.38203,1.38055,1.38095,0,0
2015-06-11,21:00:00,1.38095,1.38173,1.37986,1.38118,0,0
2015-06-11,22:00:00,1.38113,1.38136,1.37957,1.38035,0,0
2015-06-11,23:00:00,1.38036,1.38176,1.37997,1.38142,0,0
2015-06-11,23:59:00,1.38175,1.38292,1.38076,1.38095,0,0
2015-06-12,01:00:00,1.38077,1.38201,1.38077,1.38139,0,0
2015-06-12,02:00:00,1.38139,1.38232,1.38072,1.38232,0,0
2015-06-12,03:00:00,1.3823,1.38351,1.38155,1.38203,0,0
2015-06-12,04:00:00,1.38217,1.38313,1.38114,1.38313,0,0
2015-06-12,05:00:00,1.38314,1.38377,1.38217,1.3829,0,0
2015-06-12,06:00:00,1.38286,1.38359,1.38238,1.38313,0,0
2015-06-12,07:00:00,1.38317,1.38453,1.38234,1.38341,0,0
2015-06-12,08:00:00,1.38344,1.38564,1.38303,1.38383,0,0
2015-06-12,09:00:00,1.38405,1.38731,1.38388,1.38589,0,0
2015-06-12,10:00:00,1.38593,1.38889,1.38593,1.38776,0,0
2015-06-12,11:00:00,1.38765,1.39177,1.38636,1.38804,0,0
2015-06-12,12:00:00,1.38807,1.38949,1.38712,1.38712,0,0
2015-06-12,13:00:00,1.3871,1.38944,1.38641,1.38944,0,0
2015-06-12,14:00:00,1.38944,1.3905,1.38865,1.38946,0,0
2015-06-12,15:00:00,1.38951,1.39543,1.38929,1.39536,0,0
2015-06-12,16:00:00,1.39551,1.39921,1.39364,1.39483,0,0
2015-06-12,17:00:00,1.39389,1.39637,1.39292,1.39473,0,0
2015-06-12,18:00:00,1.39478,1.39575,1.39245,1.39497,0,0
2015-06-12,19:00:00,1.39485,1.39606,1.3931,1.39375,0,0
2015-06-12,20:00:00,1.39387,1.39419,1.39183,1.39296,0,0
2015-06-12,21:00:00,1.39296,1.39363,1.39191,1.39248,0,0
2015-06-12,22:00:00,1.3925,1.39382,1.39099,1.39121,0,0
2015-06-12,23:00:00,1.39129,1.39161,1.39129,1.39153,0,0
2015-06-15,01:00:00,1.38933,1.39243,1.3893,1.39183,0,0
2015-06-15,02:00:00,1.39183,1.39212,1.39068,1.39179,0,0
2015-06-15,03:00:00,1.39179,1.39256,1.38853,1.3914,0,0
2015-06-15,04:00:00,1.39141,1.39177,1.38731,1.38731,0,0
2015-06-15,05:00:00,1.38734,1.38989,1.38691,1.38962,0,0
2015-06-15,06:00:00,1.38962,1.39067,1.38939,1.39037,0,0
2015-06-15,07:00:00,1.39036,1.39164,1.38986,1.39164,0,0
2015-06-15,08:00:00,1.39166,1.39185,1.38999,1.38999,0,0
2015-06-15,09:00:00,1.38998,1.39073,1.38762,1.39073,0,0
2015-06-15,10:00:00,1.39073,1.39118,1.38813,1.39026,0,0
2015-06-15,11:00:00,1.39016,1.39369,1.38997,1.39267,0,0
2015-06-15,12:00:00,1.3925,1.39311,1.38868,1.38911,0,0
2015-06-15,13:00:00,1.3892,1.39084,1.38586,1.38586,0,0
2015-06-15,14:00:00,1.38578,1.38578,1.37983,1.37989,0,0
2015-06-15,15:00:00,1.37987,1.37992,1.37469,1.37538,0,0
2015-06-15,16:00:00,1.37544,1.37618,1.37125,1.37606,0,0
2015-06-15,17:00:00,1.37607,1.37703,1.37378,1.37687,0,0
2015-06-15,18:00:00,1.3768,1.37724,1.37542,1.37689,0,0
2015-06-15,19:00:00,1.37689,1.37955,1.3762,1.37867,0,0
2015-06-15,20:00:00,1.37844,1.38078,1.3784,1.38067,0,0
2015-06-15,21:00:00,1.38068,1.38315,1.38059,1.38306,0,0
2015-06-15,22:00:00,1.38306,1.38817,1.38306,1.38689,0,0
2015-06-15,23:00:00,1.38689,1.38693,1.38513,1.38551,0,0
2015-06-15,23:59:00,1.38557,1.38679,1.38455,1.38539,0,0
2015-06-16,01:00:00,1.38547,1.38653,1.38503,1.38507,0,0
2015-06-16,02:00:00,1.38509,1.38645,1.38507,1.38616,0,0
2015-06-16,03:00:00,1.38616,1.38667,1.3848,1.38561,0,0
2015-06-16,04:00:00,1.38561,1.38731,1.3816,1.38322,0,0
2015-06-16,05:00:00,1.38322,1.38577,1.38321,1.38412,0,0
2015-06-16,06:00:00,1.38412,1.38643,1.38387,1.38592,0,0
2015-06-16,07:00:00,1.38594,1.38624,1.38453,1.38599,0,0
2015-06-16,08:00:00,1.386,1.38776,1.38564,1.3875,0,0
2015-06-16,09:00:00,1.38752,1.39153,1.38733,1.39108,0,0
2015-06-16,10:00:00,1.39108,1.39266,1.38896,1.38996,0,0
2015-06-16,11:00:00,1.38989,1.39279,1.38924,1.38936,0,0
2015-06-16,12:00:00,1.38936,1.3894,1.38615,1.38759,0,0
2015-06-16,13:00:00,1.38759,1.389,1.38579,1.38713,0,0
2015-06-16,14:00:00,1.38713,1.38819,1.38449,1.38527,0,0
2015-06-16,15:00:00,1.38517,1.38534,1.38307,1.38417,0,0
2015-06-16,16:00:00,1.38417,1.38455,1.38183,1.38367,0,0
2015-06-16,17:00:00,1.38367,1.38511,1.38159,1.38511,0,0
2015-06-16,18:00:00,1.38506,1.38511,1.38242,1.383,0,0
2015-06-16,19:00:00,1.383,1.38369,1.38214,1.38321,0,0
2015-06-16,20:00:00,1.38323,1.38536,1.38301,1.3852,0,0
2015-06-16,21:00:00,1.3852,1.3858,1.38417,1.38514,0,0
2015-06-16,22:00:00,1.38509,1.38566,1.38473,1.38494,0,0
2015-06-16,23:00:00,1.38478,1.38565,1.38348,1.38393,0,0
2015-06-16,23:59:00,1.3838,1.38437,1.38283,1.38393,0,0
2015-06-17,01:00:00,1.38395,1.3843,1.38299,1.38423,0,0
2015-06-17,02:00:00,1.38425,1.3857,1.38392,1.38567,0,0
2015-06-17,03:00:00,1.38562,1.38616,1.38478,1.38526,0,0
2015-06-17,04:00:00,1.38526,1.38978,1.38501,1.3893,0,0
2015-06-17,05:00:00,1.38934,1.39028,1.38868,1.39028,0,0
2015-06-17,06:00:00,1.39028,1.39205,1.38976,1.38976,0,0
2015-06-17,07:00:00,1.38976,1.39134,1.38976,1.39075,0,0
2015-06-17,08:00:00,1.3908,1.39151,1.39057,1.39069,0,0
2015-06-17,09:00:00,1.39065,1.39477,1.38969,1.39364,0,0
2015-06-17,10:00:00,1.39363,1.40646,1.39346,1.40215,0,0
2015-06-17,11:00:00,1.40215,1.4075,1.40154,1.40509,0,0
2015-06-17,12:00:00,1.40522,1.4057,1.40144,1.40173,0,0
2015-06-17,13:00:00,1.40166,1.40395,1.4006,1.40284,0,0
2015-06-17,14:00:00,1.40282,1.40416,1.40207,1.4041,0,0
2015-06-17,15:00:00,1.4041,1.40625,1.4035,1.40362,0,0
2015-06-17,16:00:00,1.40357,1.40545,1.40225,1.40367,0,0
2015-06-17,17:00:00,1.40375,1.40515,1.40064,1.40286,0,0
2015-06-17,18:00:00,1.4029,1.40756,1.402,1.40617,0,0
2015-06-17,19:00:00,1.40617,1.40873,1.40615,1.40802,0,0
2015-06-17,20:00:00,1.40802,1.40828,1.40634,1.40656,0,0
2015-06-17,21:00:00,1.40803,1.40815,1.39844,1.39881,0,0
2015-06-17,22:00:00,1.39937,1.40261,1.39766,1.40112,0,0
2015-06-17,23:00:00,1.40088,1.40088,1.39892,1.39965,0,0
2015-06-17,23:59:00,1.3995,1.40057,1.39789,1.39893,0,0
2015-06-18,01:00:00,1.3991,1.40416,1.39884,1.4019,0,0
2015-06-18,02:00:00,1.40191,1.40657,1.40109,1.4058,0,0
2015-06-18,03:00:00,1.4059,1.40783,1.40449,1.40562,0,0
2015-06-18,04:00:00,1.40562,1.40615,1.40306,1.40432,0,0
2015-06-18,05:00:00,1.40434,1.40644,1.40393,1.40427,0,0
2015-06-18,06:00:00,1.40413,1.40724,1.40412,1.40702,0,0
2015-06-18,07:00:00,1.407,1.40852,1.40681,1.40708,0,0
2015-06-18,08:00:00,1.40692,1.40775,1.40422,1.40473,0,0
2015-06-18,09:00:00,1.40473,1.40477,1.40113,1.40256,0,0
2015-06-18,10:00:00,1.40252,1.40319,1.39881,1.40012,0,0
2015-06-18,11:00:00,1.40008,1.40222,1.39886,1.39898,0,0
2015-06-18,12:00:00,1.39898,1.40024,1.39167,1.39446,0,0
2015-06-18,13:00:00,1.39455,1.39463,1.39236,1.39463,0,0
2015-06-18,14:00:00,1.39494,1.39523,1.39084,1.39169,0,0
2015-06-18,15:00:00,1.39169,1.39402,1.39063,1.39256,0,0
2015-06-18,16:00:00,1.39257,1.39391,1.39008,1.39053,0,0
2015-06-18,17:00:00,1.39042,1.39305,1.38971,1.39097,0,0
2015-06-18,18:00:00,1.39096,1.39256,1.3873,1.38863,0,0
2015-06-18,19:00:00,1.38864,1.38913,1.38528,1.38657,0,0
2015-06-18,20:00:00,1.38659,1.38944,1.38602,1.38885,0,0
2015-06-18,21:00:00,1.38885,1.39189,1.38823,1.3914,0,0
2015-06-18,22:00:00,1.39153,1.39217,1.39057,1.39173,0,0
2015-06-18,23:00:00,1.39179,1.39212,1.39071,1.39093,0,0
2015-06-18,23:59:00,1.39093,1.39238,1.39088,1.3909,0,0
2015-06-19,01:00:00,1.391,1.3919,1.39041,1.39148,0,0
2015-06-19,02:00:00,1.39148,1.39339,1.39148,1.39323,0,0
2015-06-19,03:00:00,1.39315,1.39509,1.39199,1.39211,0,0
2015-06-19,04:00:00,1.3921,1.3938,1.39151,1.3929,0,0
2015-06-19,05:00:00,1.39291,1.3946,1.39274,1.39374,0,0
2015-06-19,06:00:00,1.39374,1.39553,1.3937,1.3953,0,0
2015-06-19,07:00:00,1.3953,1.39744,1.39521,1.39667,0,0
2015-06-19,08:00:00,1.39667,1.39738,1.39615,1.39673,0,0
2015-06-19,09:00:00,1.39673,1.3973,1.39467,1.39603,0,0
2015-06-19,10:00:00,1.39603,1.39647,1.39312,1.39459,0,0
2015-06-19,11:00:00,1.39459,1.39561,1.39377,1.3949,0,0
2015-06-19,12:00:00,1.39486,1.39842,1.39426,1.39686,0,0
2015-06-19,13:00:00,1.39648,1.39889,1.39515,1.39729,0,0
2015-06-19,14:00:00,1.39765,1.39766,1.39374,1.39462,0,0
2015-06-19,15:00:00,1.39462,1.39868,1.39439,1.39793,0,0
2015-06-19,16:00:00,1.39791,1.39818,1.39496,1.39585,0,0
2015-06-19,17:00:00,1.39588,1.39815,1.39525,1.39777,0,0
2015-06-19,18:00:00,1.39774,1.40071,1.39774,1.39995,0,0
2015-06-19,19:00:00,1.39995,1.40219,1.3998,1.4001,0,0
2015-06-19,20:00:00,1.40005,1.40255,1.39941,1.4024,0,0
2015-06-19,21:00:00,1.40239,1.40466,1.40239,1.40361,0,0
2015-06-19,22:00:00,1.40361,1.4046,1.40296,1.40333,0,0
2015-06-19,23:00:00,1.40301,1.40332,1.40301,1.40325,0,0
2015-06-22,01:00:00,1.4034,1.40403,1.40163,1.4023,0,0
2015-06-22,02:00:00,1.4023,1.40314,1.40172,1.40199,0,0
2015-06-22,03:00:00,1.40189,1.40295,1.40143,1.40196,0,0
2015-06-22,04:00:00,1.40196,1.40265,1.40055,1.40153,0,0
2015-06-22,05:00:00,1.40154,1.40207,1.4007,1.40184,0,0
2015-06-22,06:00:00,1.40184,1.40252,1.40044,1.40055,0,0
2015-06-22,07:00:00,1.40055,1.40224,1.4001,1.40147,0,0
2015-06-22,08:00:00,1.40153,1.40228,1.39763,1.39824,0,0
2015-06-22,09:00:00,1.39835,1.40072,1.39742,1.39915,0,0
2015-06-22,10:00:00,1.39916,1.40111,1.39653,1.39856,0,0
2015-06-22,11:00:00,1.39856,1.399,1.39564,1.39801,0,0
2015-06-22,12:00:00,1.39803,1.39874,1.39594,1.3974,0,0
2015-06-22,13:00:00,1.39742,1.40078,1.39618,1.4003,0,0
2015-06-22,14:00:00,1.40014,1.40157,1.39751,1.39761,0,0
2015-06-22,15:00:00,1.39761,1.40359,1.39682,1.40015,0,0
2015-06-22,16:00:00,1.40029,1.40165,1.39552,1.3985,0,0
2015-06-22,17:00:00,1.39856,1.40696,1.398,1.40514,0,0
2015-06-22,18:00:00,1.40527,1.40812,1.40419,1.40507,0,0
2015-06-22,19:00:00,1.40507,1.40616,1.40299,1.40508,0,0
2015-06-22,20:00:00,1.40508,1.40546,1.40362,1.40362,0,0
2015-06-22,21:00:00,1.40362,1.40563,1.40268,1.40428,0,0
2015-06-22,22:00:00,1.40437,1.40526,1.40304,1.40403,0,0
2015-06-22,23:00:00,1.40402,1.40468,1.40294,1.40448,0,0
2015-06-22,23:59:00,1.40448,1.40499,1.40291,1.40365,0,0
2015-06-23,01:00:00,1.40369,1.40488,1.40321,1.40487,0,0
2015-06-23,02:00:00,1.40487,1.40497,1.40383,1.40383,0,0
2015-06-23,03:00:00,1.40361,1.40427,1.40196,1.40273,0,0
2015-06-23,04:00:00,1.40273,1.40597,1.40192,1.40516,0,0
2015-06-23,05:00:00,1.40521,1.40573,1.39915,1.4003,0,0
2015-06-23,06:00:00,1.40009,1.40046,1.39846,1.3993,0,0
2015-06-23,07:00:00,1.3993,1.40129,1.39903,1.39957,0,0
2015-06-23,08:00:00,1.39956,1.4002,1.39841,1.39855,0,0
2015-06-23,09:00:00,1.3985,1.39853,1.39322,1.39443,0,0
2015-06-23,10:00:00,1.39441,1.39666,1.39302,1.39652,0,0
2015-06-23,11:00:00,1.39638,1.39669,1.39113,1.3943,0,0
2015-06-23,12:00:00,1.39409,1.3947,1.39051,1.3918,0,0
2015-06-23,13:00:00,1.3918,1.3919,1.38857,1.39012,0,0
2015-06-23,14:00:00,1.39011,1.39176,1.38952,1.38979,0,0
2015-06-23,15:00:00,1.38979,1.39145,1.38615,1.38651,0,0
2015-06-23,16:00:00,1.38635,1.38783,1.38484,1.38562,0,0
2015-06-23,17:00:00,1.38612,1.38733,1.38476,1.38586,0,0
2015-06-23,18:00:00,1.38601,1.38601,1.38281,1.38393,0,0
2015-06-23,19:00:00,1.38382,1.38529,1.38295,1.38493,0,0
2015-06-23,20:00:00,1.38496,1.38577,1.38397,1.38535,0,0
2015-06-23,21:00:00,1.38515,1.38597,1.38287,1.38287,0,0
2015-06-23,22:00:00,1.38302,1.38451,1.38302,1.38377,0,0
2015-06-23,23:00:00,1.38395,1.38434,1.38185,1.38403,0,0
2015-06-23,23:59:00,1.38403,1.38507,1.38328,1.38363,0,0
2015-06-24,01:00:00,1.38374,1.38414,1.38306,1.38376,0,0
2015-06-24,02:00:00,1.38376,1.38406,1.38299,1.38348,0,0
2015-06-24,03:00:00,1.38346,1.38346,1.3809,1.38188,0,0
2015-06-24,04:00:00,1.38188,1.3848,1.38142,1.38452,0,0
2015-06-24,05:00:00,1.38452,1.38554,1.38415,1.38526,0,0
2015-06-24,06:00:00,1.38526,1.387,1.3843,1.3864,0,0
2015-06-24,07:00:00,1.38637,1.38819,1.38558,1.38761,0,0
2015-06-24,08:00:00,1.38753,1.38825,1.3867,1.38789,0,0
2015-06-24,09:00:00,1.3881,1.38985,1.38663,1.38864,0,0
2015-06-24,10:00:00,1.38864,1.38935,1.38604,1.38935,0,0
2015-06-24,11:00:00,1.38982,1.38982,1.38565,1.38592,0,0
2015-06-24,12:00:00,1.38581,1.38838,1.38318,1.38596,0,0
2015-06-24,13:00:00,1.38596,1.38686,1.38357,1.38606,0,0
2015-06-24,14:00:00,1.38615,1.38683,1.38501,1.38608,0,0
2015-06-24,15:00:00,1.3861,1.3871,1.38433,1.38609,0,0
2015-06-24,16:00:00,1.38591,1.38951,1.38493,1.38938,0,0
2015-06-24,17:00:00,1.38951,1.39185,1.38885,1.39088,0,0
2015-06-24,18:00:00,1.39096,1.39112,1.3884,1.38918,0,0
2015-06-24,19:00:00,1.38918,1.39,1.38552,1.38741,0,0
2015-06-24,20:00:00,1.38743,1.38975,1.38575,1.38868,0,0
2015-06-24,21:00:00,1.38868,1.38998,1.38815,1.38876,0,0
2015-06-24,22:00:00,1.3888,1.39001,1.38826,1.3896,0,0
2015-06-24,23:00:00,1.38952,1.3907,1.38939,1.39018,0,0
2015-06-24,23:59:00,1.39016,1.39114,1.38965,1.39048,0,0
2015-06-25,01:00:00,1.39035,1.39114,1.38913,1.39066,0,0
2015-06-25,02:00:00,1.39066,1.39066,1.38912,1.38975,0,0
2015-06-25,03:00:00,1.38973,1.38989,1.38733,1.38739,0,0
2015-06-25,04:00:00,1.38739,1.38751,1.38551,1.38621,0,0
2015-06-25,05:00:00,1.3862,1.38639,1.38449,1.38494,0,0
2015-06-25,06:00:00,1.38497,1.38515,1.38252,1.38309,0,0
2015-06-25,07:00:00,1.38309,1.38437,1.38308,1.38364,0,0
2015-06-25,08:00:00,1.38353,1.38499,1.38282,1.38418,0,0
2015-06-25,09:00:00,1.38445,1.38488,1.38248,1.38268,0,0
2015-06-25,10:00:00,1.38269,1.38613,1.38269,1.38377,0,0
2015-06-25,11:00:00,1.38378,1.38558,1.37927,1.38034,0,0
2015-06-25,12:00:00,1.38034,1.38035,1.37513,1.37604,0,0
2015-06-25,13:00:00,1.37606,1.37668,1.37439,1.37557,0,0
2015-06-25,14:00:00,1.37547,1.37645,1.37214,1.37544,0,0
2015-06-25,15:00:00,1.37544,1.37888,1.37437,1.37742,0,0
2015-06-25,16:00:00,1.37732,1.38318,1.37593,1.3795,0,0
2015-06-25,17:00:00,1.37942,1.38053,1.37684,1.37686,0,0
2015-06-25,18:00:00,1.37683,1.37786,1.37484,1.37781,0,0
2015-06-25,19:00:00,1.37772,1.38043,1.37772,1.37929,0,0
2015-06-25,20:00:00,1.37919,1.37962,1.37738,1.37759,0,0
2015-06-25,21:00:00,1.37759,1.38029,1.37755,1.37924,0,0
2015-06-25,22:00:00,1.37942,1.37997,1.37824,1.37825,0,0
2015-06-25,23:00:00,1.37837,1.38054,1.37837,1.3795,0,0
2015-06-25,23:59:00,1.37953,1.38178,1.37919,1.38099,0,0
2015-06-26,01:00:00,1.38102,1.38102,1.37953,1.3801,0,0
2015-06-26,02:00:00,1.38011,1.38109,1.37942,1.38109,0,0
2015-06-26,03:00:00,1.38087,1.3829,1.38054,1.38226,0,0
2015-06-26,04:00:00,1.38227,1.38569,1.38225,1.38416,0,0
2015-06-26,05:00:00,1.38415,1.38449,1.38224,1.383,0,0
2015-06-26,06:00:00,1.383,1.38509,1.3822,1.38467,0,0
2015-06-26,07:00:00,1.38462,1.38495,1.38245,1.38353,0,0
2015-06-26,08:00:00,1.38358,1.38445,1.38223,1.38263,0,0
2015-06-26,09:00:00,1.38267,1.38744,1.38231,1.38694,0,0
2015-06-26,10:00:00,1.38694,1.38992,1.38514,1.38983,0,0
2015-06-26,11:00:00,1.38985,1.39275,1.38985,1.3909,0,0
2015-06-26,12:00:00,1.39093,1.39418,1.3905,1.39337,0,0
2015-06-26,13:00:00,1.39337,1.39766,1.39305,1.3962,0,0
2015-06-26,14:00:00,1.39617,1.40001,1.39359,1.40001,0,0
2015-06-26,15:00:00,1.40001,1.40084,1.39811,1.39933,0,0
2015-06-26,16:00:00,1.39942,1.40164,1.39778,1.40164,0,0
2015-06-26,17:00:00,1.40147,1.4044,1.3997,1.39978,0,0
2015-06-26,18:00:00,1.39964,1.39991,1.39753,1.39801,0,0
2015-06-26,19:00:00,1.39801,1.39874,1.39611,1.39741,0,0
2015-06-26,20:00:00,1.39752,1.39979,1.39752,1.39827,0,0
2015-06-26,21:00:00,1.39827,1.39881,1.39481,1.39528,0,0
2015-06-26,22:00:00,1.39528,1.39908,1.39528,1.39848,0,0
2015-06-26,23:00:00,1.39848,1.39875,1.39848,1.39874,0,0
2015-06-29,01:00:00,1.39448,1.40007,1.39448,1.39799,0,0
2015-06-29,02:00:00,1.39799,1.39935,1.39267,1.39524,0,0
2015-06-29,03:00:00,1.39535,1.39944,1.39522,1.39739,0,0
2015-06-29,04:00:00,1.39739,1.39739,1.39286,1.39319,0,0
2015-06-29,05:00:00,1.39318,1.39408,1.38516,1.3905,0,0
2015-06-29,06:00:00,1.39038,1.39259,1.38992,1.39182,0,0
2015-06-29,07:00:00,1.39182,1.39259,1.39118,1.39225,0,0
2015-06-29,08:00:00,1.39225,1.39652,1.39214,1.39429,0,0
2015-06-29,09:00:00,1.39435,1.39683,1.39178,1.39576,0,0
2015-06-29,10:00:00,1.39578,1.39697,1.38856,1.39305,0,0
2015-06-29,11:00:00,1.39305,1.39583,1.39266,1.39351,0,0
2015-06-29,12:00:00,1.39352,1.39653,1.39287,1.39557,0,0
2015-06-29,13:00:00,1.39552,1.39938,1.39383,1.39791,0,0
2015-06-29,14:00:00,1.39791,1.39953,1.397,1.39921,0,0
2015-06-29,15:00:00,1.3992,1.40088,1.39842,1.39862,0,0
2015-06-29,16:00:00,1.39862,1.40302,1.3985,1.40249,0,0
2015-06-29,17:00:00,1.40254,1.40935,1.40254,1.40663,0,0
2015-06-29,18:00:00,1.40664,1.40733,1.40384,1.40395,0,0
2015-06-29,19:00:00,1.40395,1.40673,1.40279,1.40474,0,0
2015-06-29,20:00:00,1.40473,1.40496,1.40148,1.40319,0,0
2015-06-29,21:00:00,1.40319,1.4038,1.39998,1.402,0,0
2015-06-29,22:00:00,1.40205,1.40556,1.40127,1.4054,0,0
2015-06-29,23:00:00,1.40554,1.40794,1.40473,1.40792,0,0
2015-06-29,23:59:00,1.4079,1.40897,1.40731,1.40801,0,0
2015-06-30,01:00:00,1.40805,1.4085,1.40716,1.40807,0,0
2015-06-30,02:00:00,1.40807,1.40807,1.40647,1.40749,0,0
2015-06-30,03:00:00,1.40751,1.40827,1.40587,1.40703,0,0
2015-06-30,04:00:00,1.40703,1.40887,1.40428,1.40455,0,0
2015-06-30,05:00:00,1.40455,1.40766,1.40455,1.40558,0,0
2015-06-30,06:00:00,1.40558,1.40752,1.4018,1.4038,0,0
2015-06-30,07:00:00,1.40081,1.4038,1.39991,1.40003,0,0
2015-06-30,08:00:00,1.40003,1.40152,1.39881,1.39975,0,0
2015-06-30,09:00:00,1.39979,1.40067,1.39563,1.39817,0,0
2015-06-30,10:00:00,1.3984,1.39991,1.39633,1.39731,0,0
2015-06-30,11:00:00,1.39749,1.39988,1.39702,1.39766,0,0
2015-06-30,12:00:00,1.39775,1.40204,1.39661,1.40149,0,0
2015-06-30,13:00:00,1.4015,1.4031,1.39873,1.40077,0,0
2015-06-30,14:00:00,1.40119,1.4015,1.39721,1.39745,0,0
2015-06-30,15:00:00,1.39741,1.39894,1.39413,1.39459,0,0
2015-06-30,16:00:00,1.39462,1.39463,1.39134,1.39385,0,0
2015-06-30,17:00:00,1.39382,1.39626,1.39125,1.39165,0,0
2015-06-30,18:00:00,1.39093,1.39116,1.38544,1.38857,0,0
2015-06-30,19:00:00,1.38856,1.38979,1.38442,1.38713,0,0
2015-06-30,20:00:00,1.38709,1.38904,1.38587,1.38861,0,0
2015-06-30,21:00:00,1.38866,1.38959,1.38538,1.38588,0,0
2015-06-30,22:00:00,1.38579,1.38685,1.38543,1.38639,0,0
2015-06-30,23:00:00,1.38645,1.3878,1.38556,1.38708,0,0
2015-06-30,23:59:00,1.38707,1.38878,1.38538,1.38836,0,0
2015-07-01,01:00:00,1.38714,1.38914,1.38655,1.38861,0,0
2015-07-01,02:00:00,1.38864,1.39074,1.38753,1.3899,0,0
2015-07-01,03:00:00,1.38963,1.39109,1.3872,1.3882,0,0
2015-07-01,04:00:00,1.3882,1.39006,1.38429,1.38601,0,0
2015-07-01,05:00:00,1.38601,1.38605,1.38245,1.38414,0,0
2015-07-01,06:00:00,1.38414,1.38467,1.38264,1.38312,0,0
2015-07-01,07:00:00,1.38314,1.38499,1.38277,1.38452,0,0
2015-07-01,08:00:00,1.38452,1.38584,1.38386,1.38485,0,0
2015-07-01,09:00:00,1.38485,1.386,1.38271,1.3831,0,0
2015-07-01,10:00:00,1.38311,1.38359,1.37848,1.37973,0,0
2015-07-01,11:00:00,1.3798,1.38334,1.37798,1.38223,0,0
2015-07-01,12:00:00,1.3821,1.38448,1.37947,1.38146,0,0
2015-07-01,13:00:00,1.38146,1.38202,1.37694,1.37845,0,0
2015-07-01,14:00:00,1.37822,1.38234,1.37784,1.38227,0,0
2015-07-01,15:00:00,1.38227,1.38648,1.38129,1.38329,0,0
2015-07-01,16:00:00,1.38329,1.38433,1.38119,1.38406,0,0
2015-07-01,17:00:00,1.38421,1.3851,1.38108,1.38116,0,0
2015-07-01,18:00:00,1.38106,1.38228,1.37874,1.37981,0,0
2015-07-01,19:00:00,1.37983,1.38086,1.37822,1.37957,0,0
2015-07-01,20:00:00,1.37957,1.37992,1.37719,1.37809,0,0
2015-07-01,21:00:00,1.378,1.38042,1.378,1.37838,0,0
2015-07-01,22:00:00,1.3785,1.37972,1.37753,1.37892,0,0
2015-07-01,23:00:00,1.37898,1.37936,1.37794,1.37916,0,0
2015-07-01,23:59:00,1.37911,1.38039,1.37842,1.37897,0,0
2015-07-02,01:00:00,1.37901,1.38138,1.37866,1.38081,0,0
2015-07-02,02:00:00,1.38081,1.38087,1.37931,1.37997,0,0
2015-07-02,03:00:00,1.38,1.38001,1.37828,1.37828,0,0
2015-07-02,04:00:00,1.37828,1.383,1.37762,1.38078,0,0
2015-07-02,05:00:00,1.38069,1.38324,1.38032,1.38203,0,0
2015-07-02,06:00:00,1.38203,1.38213,1.37971,1.3805,0,0
2015-07-02,07:00:00,1.38043,1.38189,1.38019,1.38145,0,0
2015-07-02,08:00:00,1.38181,1.38352,1.38087,1.38307,0,0
2015-07-02,09:00:00,1.38305,1.38591,1.38183,1.3851,0,0
2015-07-02,10:00:00,1.3851,1.38694,1.38398,1.38465,0,0
2015-07-02,11:00:00,1.3846,1.38856,1.38441,1.38849,0,0
2015-07-02,12:00:00,1.38849,1.38927,1.38354,1.38368,0,0
2015-07-02,13:00:00,1.38369,1.38748,1.38349,1.38549,0,0
2015-07-02,14:00:00,1.38552,1.38782,1.3848,1.3867,0,0
2015-07-02,15:00:00,1.38676,1.3915,1.38304,1.39047,0,0
2015-07-02,16:00:00,1.39047,1.39265,1.38974,1.39256,0,0
2015-07-02,17:00:00,1.39256,1.39256,1.38739,1.38829,0,0
2015-07-02,18:00:00,1.38838,1.39022,1.38699,1.38889,0,0
2015-07-02,19:00:00,1.38889,1.38905,1.38659,1.38673,0,0
2015-07-02,20:00:00,1.38646,1.38888,1.38646,1.38888,0,0
2015-07-02,21:00:00,1.38887,1.3905,1.38841,1.3904,0,0
2015-07-02,22:00:00,1.39046,1.39046,1.38819,1.38866,0,0
2015-07-02,23:00:00,1.38881,1.38883,1.38729,1.38861,0,0
2015-07-02,23:59:00,1.38869,1.38902,1.38785,1.38834,0,0
2015-07-03,01:00:00,1.38832,1.38876,1.38753,1.38871,0,0
2015-07-03,02:00:00,1.38871,1.38909,1.38749,1.38762,0,0
2015-07-03,03:00:00,1.3876,1.38802,1.3865,1.38721,0,0
2015-07-03,04:00:00,1.38719,1.39608,1.38685,1.3956,0,0
2015-07-03,05:00:00,1.39562,1.39862,1.39526,1.39816,0,0
2015-07-03,06:00:00,1.39792,1.40076,1.39714,1.39786,0,0
2015-07-03,07:00:00,1.39784,1.39877,1.39662,1.39794,0,0
2015-07-03,08:00:00,1.39778,1.39932,1.39691,1.39881,0,0
2015-07-03,09:00:00,1.39889,1.40003,1.39832,1.39947,0,0
2015-07-03,10:00:00,1.3994,1.4049,1.39899,1.40412,0,0
2015-07-03,11:00:00,1.40412,1.40854,1.40412,1.40768,0,0
2015-07-03,12:00:00,1.40768,1.41082,1.40645,1.4093,0,0
2015-07-03,13:00:00,1.40929,1.41404,1.40912,1.41188,0,0
2015-07-03,14:00:00,1.41197,1.41216,1.40849,1.41024,0,0
2015-07-03,15:00:00,1.41024,1.41097,1.40785,1.41016,0,0
2015-07-03,16:00:00,1.41005,1.41439,1.41005,1.41419,0,0
2015-07-03,17:00:00,1.41425,1.41586,1.41234,1.41247,0,0
2015-07-03,18:00:00,1.41249,1.41498,1.41174,1.41369,0,0
2015-07-03,19:00:00,1.41354,1.41517,1.41017,1.41061,0,0
2015-07-03,20:00:00,1.4105,1.41227,1.40935,1.41065,0,0
2015-07-03,21:00:00,1.41065,1.41293,1.41065,1.41262,0,0
2015-07-03,22:00:00,1.41262,1.41429,1.41144,1.41269,0,0
2015-07-03,23:00:00,1.41269,1.41287,1.4126,1.41284,0,0
2015-07-06,01:00:00,1.41946,1.4205,1.41307,1.41613,0,0
2015-07-06,02:00:00,1.41613,1.41655,1.41282,1.41461,0,0
2015-07-06,03:00:00,1.41475,1.41475,1.4107,1.41148,0,0
2015-07-06,04:00:00,1.41148,1.41364,1.41132,1.41235,0,0
2015-07-06,05:00:00,1.41235,1.41619,1.41226,1.41307,0,0
2015-07-06,06:00:00,1.41307,1.41612,1.41283,1.41502,0,0
2015-07-06,07:00:00,1.41502,1.41804,1.4148,1.41618,0,0
2015-07-06,08:00:00,1.41622,1.41895,1.41477,1.41816,0,0
2015-07-06,09:00:00,1.41823,1.41825,1.40895,1.41158,0,0
2015-07-06,10:00:00,1.41137,1.41393,1.40978,1.41234,0,0
2015-07-06,11:00:00,1.41254,1.41432,1.4104,1.4117,0,0
2015-07-06,12:00:00,1.4117,1.41305,1.40846,1.40873,0,0
2015-07-06,13:00:00,1.40873,1.41328,1.40756,1.41202,0,0
2015-07-06,14:00:00,1.41202,1.4141,1.41071,1.41136,0,0
2015-07-06,15:00:00,1.41134,1.41159,1.40801,1.40812,0,0
2015-07-06,16:00:00,1.40806,1.40827,1.40649,1.40777,0,0
2015-07-06,17:00:00,1.40752,1.4114,1.40546,1.40728,0,0
2015-07-06,18:00:00,1.40728,1.41185,1.4066,1.40972,0,0
2015-07-06,19:00:00,1.40972,1.41296,1.40851,1.41221,0,0
2015-07-06,20:00:00,1.41221,1.41337,1.4108,1.41335,0,0
2015-07-06,21:00:00,1.41335,1.41563,1.41333,1.41497,0,0
2015-07-06,22:00:00,1.41499,1.41607,1.41416,1.41494,0,0
2015-07-06,23:00:00,1.41491,1.4157,1.41422,1.4148,0,0
2015-07-06,23:59:00,1.41477,1.41544,1.41427,1.41482,0,0
2015-07-07,01:00:00,1.41473,1.41618,1.41424,1.41618,0,0
2015-07-07,02:00:00,1.41618,1.41849,1.41592,1.41842,0,0
2015-07-07,03:00:00,1.41845,1.41845,1.41553,1.41757,0,0
2015-07-07,04:00:00,1.41757,1.41873,1.41509,1.41598,0,0
2015-07-07,05:00:00,1.41591,1.41734,1.41493,1.41734,0,0
2015-07-07,06:00:00,1.41734,1.41874,1.41686,1.41809,0,0
2015-07-07,07:00:00,1.41801,1.41926,1.41459,1.41569,0,0
2015-07-07,08:00:00,1.41575,1.41576,1.41264,1.4147,0,0
2015-07-07,09:00:00,1.41474,1.41565,1.41151,1.41326,0,0
2015-07-07,10:00:00,1.41326,1.42279,1.41313,1.42169,0,0
2015-07-07,11:00:00,1.42167,1.42371,1.41802,1.41866,0,0
2015-07-07,12:00:00,1.41887,1.42077,1.41805,1.4192,0,0
2015-07-07,13:00:00,1.4192,1.42233,1.41831,1.41849,0,0
2015-07-07,14:00:00,1.41886,1.41922,1.41677,1.41865,0,0
2015-07-07,15:00:00,1.41865,1.4199,1.41608,1.41694,0,0
2015-07-07,16:00:00,1.41696,1.42468,1.41668,1.42325,0,0
2015-07-07,17:00:00,1.42334,1.42341,1.41658,1.41705,0,0
2015-07-07,18:00:00,1.41676,1.42019,1.41661,1.41805,0,0
2015-07-07,19:00:00,1.41826,1.42045,1.41787,1.41806,0,0
2015-07-07,20:00:00,1.41806,1.41986,1.41622,1.41871,0,0
2015-07-07,21:00:00,1.41871,1.4209,1.41828,1.42019,0,0
2015-07-07,22:00:00,1.42018,1.42018,1.41576,1.41914,0,0
2015-07-07,23:00:00,1.41907,1.41981,1.41706,1.41747,0,0
2015-07-07,23:59:00,1.41747,1.41938,1.41696,1.41878,0,0
2015-07-08,01:00:00,1.41867,1.41895,1.41773,1.41808,0,0
2015-07-08,02:00:00,1.41808,1.41833,1.41608,1.4169,0,0
2015-07-08,03:00:00,1.41692,1.42099,1.41682,1.42074,0,0
2015-07-08,04:00:00,1.42076,1.42776,1.42039,1.42411,0,0
2015-07-08,05:00:00,1.42411,1.42508,1.42249,1.42407,0,0
2015-07-08,06:00:00,1.42399,1.42741,1.42398,1.42571,0,0
2015-07-08,07:00:00,1.42571,1.42854,1.424,1.42736,0,0
2015-07-08,08:00:00,1.42736,1.42776,1.42488,1.42756,0,0
2015-07-08,09:00:00,1.42774,1.43482,1.42699,1.43306,0,0
2015-07-08,10:00:00,1.4331,1.43555,1.43148,1.4351,0,0
2015-07-08,11:00:00,1.4352,1.43637,1.43187,1.43389,0,0
2015-07-08,12:00:00,1.43386,1.43438,1.42878,1.43025,0,0
2015-07-08,13:00:00,1.43023,1.43279,1.42261,1.42261,0,0
2015-07-08,14:00:00,1.42248,1.4226,1.41453,1.41794,0,0
2015-07-08,15:00:00,1.41786,1.42259,1.41707,1.41958,0,0
2015-07-08,16:00:00,1.41958,1.42072,1.417,1.41966,0,0
2015-07-08,17:00:00,1.41959,1.42021,1.41451,1.41545,0,0
2015-07-08,18:00:00,1.41539,1.42069,1.41451,1.42046,0,0
2015-07-08,19:00:00,1.42028,1.42073,1.41759,1.41929,0,0
2015-07-08,20:00:00,1.41927,1.42102,1.41854,1.41936,0,0
2015-07-08,21:00:00,1.4194,1.42516,1.41877,1.42516,0,0
2015-07-08,22:00:00,1.4251,1.42519,1.42304,1.42441,0,0
2015-07-08,23:00:00,1.42439,1.42513,1.42344,1.42386,0,0
2015-07-08,23:59:00,1.42386,1.42489,1.42271,1.42387,0,0
2015-07-09,01:00:00,1.42371,1.42461,1.42309,1.42339,0,0
2015-07-09,02:00:00,1.42339,1.42589,1.42314,1.42485,0,0
2015-07-09,03:00:00,1.42485,1.43065,1.42471,1.42846,0,0
2015-07-09,04:00:00,1.42846,1.42846,1.41967,1.42132,0,0
2015-07-09,05:00:00,1.42132,1.42194,1.41525,1.4183,0,0
2015-07-09,06:00:00,1.41849,1.41912,1.41592,1.41804,0,0
2015-07-09,07:00:00,1.41801,1.41935,1.41697,1.41707,0,0
2015-07-09,08:00:00,1.41732,1.41732,1.4136,1.41529,0,0
2015-07-09,09:00:00,1.41534,1.4176,1.41444,1.41647,0,0
2015-07-09,10:00:00,1.41643,1.41724,1.41201,1.41366,0,0
2015-07-09,11:00:00,1.41371,1.41472,1.41086,1.4124,0,0
2015-07-09,12:00:00,1.41236,1.41596,1.4119,1.41465,0,0
2015-07-09,13:00:00,1.41452,1.41911,1.41452,1.41763,0,0
2015-07-09,14:00:00,1.41721,1.41732,1.41278,1.41293,0,0
2015-07-09,15:00:00,1.41293,1.41301,1.4093,1.41092,0,0
2015-07-09,16:00:00,1.41041,1.41757,1.41007,1.41741,0,0
2015-07-09,17:00:00,1.41737,1.4209,1.41691,1.42084,0,0
2015-07-09,18:00:00,1.4209,1.42123,1.41525,1.41581,0,0
2015-07-09,19:00:00,1.41579,1.41799,1.4149,1.41785,0,0
2015-07-09,20:00:00,1.41788,1.41934,1.4172,1.41761,0,0
2015-07-09,21:00:00,1.41761,1.41933,1.416,1.41633,0,0
2015-07-09,22:00:00,1.41633,1.41812,1.41526,1.41579,0,0
2015-07-09,23:00:00,1.41579,1.41709,1.41338,1.41655,0,0
2015-07-09,23:59:00,1.41663,1.41688,1.41386,1.41572,0,0
2015-07-10,01:00:00,1.41563,1.41637,1.413,1.41472,0,0
2015-07-10,02:00:00,1.41473,1.41577,1.41359,1.41439,0,0
2015-07-10,03:00:00,1.41439,1.41554,1.41214,1.41287,0,0
2015-07-10,04:00:00,1.41299,1.41308,1.41109,1.41263,0,0
2015-07-10,05:00:00,1.41264,1.41331,1.40978,1.41155,0,0
2015-07-10,06:00:00,1.41155,1.41255,1.41101,1.41122,0,0
2015-07-10,07:00:00,1.41125,1.41255,1.41075,1.41255,0,0
2015-07-10,08:00:00,1.41252,1.41495,1.41125,1.41175,0,0
2015-07-10,09:00:00,1.4119,1.4151,1.41181,1.41442,0,0
2015-07-10,10:00:00,1.41438,1.42735,1.4133,1.42433,0,0
2015-07-10,11:00:00,1.42394,1.42951,1.4238,1.42631,0,0
2015-07-10,12:00:00,1.42631,1.43093,1.42602,1.4279,0,0
2015-07-10,13:00:00,1.42779,1.43056,1.42711,1.42809,0,0
2015-07-10,14:00:00,1.42809,1.43193,1.42593,1.43097,0,0
2015-07-10,15:00:00,1.43097,1.43346,1.42948,1.43125,0,0
2015-07-10,16:00:00,1.43125,1.43868,1.43023,1.43595,0,0
2015-07-10,17:00:00,1.43595,1.43707,1.43405,1.43506,0,0
2015-07-10,18:00:00,1.43513,1.43573,1.43045,1.43102,0,0
2015-07-10,19:00:00,1.43102,1.43337,1.43012,1.43138,0,0
2015-07-10,20:00:00,1.43138,1.43322,1.43073,1.43257,0,0
2015-07-10,21:00:00,1.4326,1.4326,1.42817,1.42817,0,0
2015-07-10,22:00:00,1.42839,1.42944,1.4268,1.42889,0,0
2015-07-10,23:00:00,1.42889,1.42947,1.42879,1.42945,0,0
2015-07-13,01:00:00,1.43216,1.43283,1.42832,1.43111,0,0
2015-07-13,02:00:00,1.43111,1.4332,1.42925,1.43318,0,0
2015-07-13,03:00:00,1.43343,1.43378,1.43193,1.43225,0,0
2015-07-13,04:00:00,1.43223,1.43405,1.43092,1.43258,0,0
2015-07-13,05:00:00,1.43259,1.43259,1.42893,1.42895,0,0
2015-07-13,06:00:00,1.42899,1.4298,1.425,1.42939,0,0
2015-07-13,07:00:00,1.42944,1.43021,1.42784,1.42854,0,0
2015-07-13,08:00:00,1.42854,1.42875,1.42677,1.42775,0,0
2015-07-13,09:00:00,1.42788,1.43178,1.42613,1.42978,0,0
2015-07-13,10:00:00,1.42975,1.43133,1.42364,1.425,0,0
2015-07-13,11:00:00,1.425,1.42621,1.42077,1.42159,0,0
2015-07-13,12:00:00,1.42159,1.42357,1.41993,1.42071,0,0
2015-07-13,13:00:00,1.42056,1.42183,1.41922,1.4208,0,0
2015-07-13,14:00:00,1.4208,1.42298,1.41938,1.41953,0,0
2015-07-13,15:00:00,1.41953,1.4227,1.41952,1.42244,0,0
2015-07-13,16:00:00,1.42247,1.42479,1.42187,1.42249,0,0
2015-07-13,17:00:00,1.4225,1.42739,1.42244,1.42536,0,0
2015-07-13,18:00:00,1.42549,1.42617,1.42187,1.42229,0,0
2015-07-13,19:00:00,1.42229,1.42317,1.42111,1.42167,0,0
2015-07-13,20:00:00,1.42167,1.42418,1.42167,1.4233,0,0
2015-07-13,21:00:00,1.4233,1.4233,1.42089,1.42124,0,0
2015-07-13,22:00:00,1.42123,1.42197,1.41999,1.4209,0,0
2015-07-13,23:00:00,1.4209,1.42183,1.42025,1.42103,0,0
2015-07-13,23:59:00,1.421,1.42229,1.41972,1.42218,0,0
2015-07-14,01:00:00,1.42238,1.42311,1.42095,1.42297,0,0
2015-07-14,02:00:00,1.42292,1.42328,1.42152,1.42304,0,0
2015-07-14,03:00:00,1.423,1.42334,1.41813,1.41816,0,0
2015-07-14,04:00:00,1.41816,1.42039,1.41484,1.41653,0,0
2015-07-14,05:00:00,1.41653,1.41748,1.41536,1.41673,0,0
2015-07-14,06:00:00,1.41667,1.41758,1.41563,1.41736,0,0
2015-07-14,07:00:00,1.41738,1.41748,1.41617,1.41716,0,0
2015-07-14,08:00:00,1.41714,1.41833,1.41574,1.41574,0,0
2015-07-14,09:00:00,1.41574,1.41619,1.41357,1.41467,0,0
2015-07-14,10:00:00,1.41444,1.42205,1.41262,1.42023,0,0
2015-07-14,11:00:00,1.42051,1.42884,1.42051,1.42726,0,0
2015-07-14,12:00:00,1.42713,1.42835,1.42234,1.42571,0,0
2015-07-14,13:00:00,1.42564,1.42593,1.42206,1.42213,0,0
2015-07-14,14:00:00,1.42211,1.42459,1.42161,1.42327,0,0
2015-07-14,15:00:00,1.42313,1.42458,1.41989,1.42304,0,0
2015-07-14,16:00:00,1.42314,1.42358,1.42036,1.42092,0,0
2015-07-14,17:00:00,1.42075,1.42126,1.41712,1.4188,0,0
2015-07-14,18:00:00,1.4187,1.42113,1.41857,1.41918,0,0
2015-07-14,19:00:00,1.41918,1.41934,1.41733,1.41912,0,0
2015-07-14,20:00:00,1.41914,1.42123,1.41846,1.41996,0,0
2015-07-14,21:00:00,1.41996,1.42123,1.41975,1.42062,0,0
2015-07-14,22:00:00,1.42064,1.42112,1.41995,1.42006,0,0
2015-07-14,23:00:00,1.42006,1.42058,1.41914,1.42027,0,0
2015-07-14,23:59:00,1.42036,1.42143,1.41902,1.41959,0,0
2015-07-15,01:00:00,1.42002,1.42064,1.41899,1.42034,0,0
2015-07-15,02:00:00,1.42036,1.42166,1.41901,1.42097,0,0
2015-07-15,03:00:00,1.42097,1.4216,1.4175,1.41974,0,0
2015-07-15,04:00:00,1.41974,1.42033,1.41527,1.41832,0,0
2015-07-15,05:00:00,1.41832,1.41832,1.41272,1.41546,0,0
2015-07-15,06:00:00,1.41546,1.41708,1.41494,1.41661,0,0
2015-07-15,07:00:00,1.41661,1.41751,1.41546,1.41608,0,0
2015-07-15,08:00:00,1.41609,1.41737,1.41561,1.41655,0,0
2015-07-15,09:00:00,1.41652,1.41709,1.41372,1.41409,0,0
2015-07-15,10:00:00,1.41418,1.41759,1.41368,1.41702,0,0
2015-07-15,11:00:00,1.41704,1.41943,1.41687,1.41705,0,0
2015-07-15,12:00:00,1.41714,1.41756,1.41469,1.41585,0,0
2015-07-15,13:00:00,1.41584,1.41668,1.41483,1.41571,0,0
2015-07-15,14:00:00,1.41571,1.41571,1.41236,1.41271,0,0
2015-07-15,15:00:00,1.41271,1.41533,1.41223,1.41431,0,0
2015-07-15,16:00:00,1.41431,1.41704,1.41266,1.41626,0,0
2015-07-15,17:00:00,1.41626,1.42131,1.41626,1.41804,0,0
2015-07-15,18:00:00,1.41825,1.42645,1.41753,1.42561,0,0
2015-07-15,19:00:00,1.42564,1.42805,1.42469,1.42502,0,0
2015-07-15,20:00:00,1.42502,1.42564,1.42335,1.42558,0,0
2015-07-15,21:00:00,1.42558,1.42593,1.42394,1.42457,0,0
2015-07-15,22:00:00,1.42439,1.4249,1.42299,1.42417,0,0
2015-07-15,23:00:00,1.42411,1.42463,1.42286,1.42371,0,0
2015-07-15,23:59:00,1.42361,1.42439,1.42293,1.42305,0,0
2015-07-16,01:00:00,1.42307,1.42468,1.42192,1.42291,0,0
2015-07-16,02:00:00,1.42291,1.42467,1.4219,1.42409,0,0
2015-07-16,03:00:00,1.42409,1.42525,1.42275,1.42401,0,0
2015-07-16,04:00:00,1.42428,1.42572,1.42373,1.42382,0,0
2015-07-16,05:00:00,1.42389,1.42533,1.4227,1.4227,0,0
2015-07-16,06:00:00,1.4227,1.42373,1.42131,1.4232,0,0
2015-07-16,07:00:00,1.42322,1.42574,1.42288,1.42455,0,0
2015-07-16,08:00:00,1.42455,1.42543,1.42201,1.42267,0,0
2015-07-16,09:00:00,1.42272,1.42393,1.41836,1.42026,0,0
2015-07-16,10:00:00,1.42018,1.42098,1.41666,1.41727,0,0
2015-07-16,11:00:00,1.41726,1.41867,1.41571,1.4176,0,0
2015-07-16,12:00:00,1.4176,1.41788,1.41463,1.41618,0,0
2015-07-16,13:00:00,1.41617,1.41617,1.41195,1.41284,0,0
2015-07-16,14:00:00,1.41284,1.41482,1.41104,1.41392,0,0
2015-07-16,15:00:00,1.41396,1.41603,1.41074,1.41084,0,0
2015-07-16,16:00:00,1.41079,1.41258,1.40975,1.41092,0,0
2015-07-16,17:00:00,1.41098,1.4115,1.40884,1.41124,0,0
2015-07-16,18:00:00,1.41124,1.41124,1.40677,1.40753,0,0
2015-07-16,19:00:00,1.40753,1.40799,1.40598,1.40714,0,0
2015-07-16,20:00:00,1.40716,1.41068,1.40675,1.41062,0,0
2015-07-16,21:00:00,1.41072,1.41098,1.40972,1.41035,0,0
2015-07-16,22:00:00,1.41028,1.41093,1.40942,1.41084,0,0
2015-07-16,23:00:00,1.41066,1.41131,1.40936,1.40991,0,0
2015-07-16,23:59:00,1.40986,1.4109,1.40913,1.4101,0,0
2015-07-17,01:00:00,1.41008,1.41016,1.4079,1.40911,0,0
2015-07-17,02:00:00,1.40915,1.40995,1.40842,1.40898,0,0
2015-07-17,03:00:00,1.40896,1.40947,1.40816,1.40939,0,0
2015-07-17,04:00:00,1.40936,1.41018,1.40791,1.41018,0,0
2015-07-17,05:00:00,1.41018,1.41059,1.40921,1.41028,0,0
2015-07-17,06:00:00,1.4103,1.41063,1.40878,1.4106,0,0
2015-07-17,07:00:00,1.41056,1.4115,1.40904,1.40929,0,0
2015-07-17,08:00:00,1.40929,1.41037,1.40908,1.40918,0,0
2015-07-17,09:00:00,1.4092,1.41196,1.40896,1.411,0,0
2015-07-17,10:00:00,1.411,1.41317,1.41024,1.41216,0,0
2015-07-17,11:00:00,1.41213,1.41263,1.4101,1.41177,0,0
2015-07-17,12:00:00,1.41173,1.41375,1.41088,1.41284,0,0
2015-07-17,13:00:00,1.41279,1.41306,1.41017,1.41052,0,0
2015-07-17,14:00:00,1.41062,1.41066,1.40884,1.41032,0,0
2015-07-17,15:00:00,1.41032,1.41232,1.40877,1.41124,0,0
2015-07-17,16:00:00,1.41136,1.41292,1.41056,1.41292,0,0
2015-07-17,17:00:00,1.41292,1.41292,1.41011,1.41085,0,0
2015-07-17,18:00:00,1.41082,1.41288,1.4102,1.41189,0,0
2015-07-17,19:00:00,1.41195,1.41201,1.41057,1.41131,0,0
2015-07-17,20:00:00,1.41128,1.41164,1.41068,1.41104,0,0
2015-07-17,21:00:00,1.41104,1.41152,1.40994,1.41084,0,0
2015-07-17,22:00:00,1.41074,1.41128,1.41024,1.41028,0,0
2015-07-17,23:00:00,1.41026,1.4103,1.41014,1.41014,0,0
2015-07-20,01:00:00,1.40989,1.41134,1.40942,1.41076,0,0
2015-07-20,02:00:00,1.41073,1.412,1.4099,1.41015,0,0
2015-07-20,03:00:00,1.41007,1.41177,1.40944,1.41064,0,0
2015-07-20,04:00:00,1.41066,1.41339,1.40969,1.41294,0,0
2015-07-20,05:00:00,1.41325,1.41561,1.41067,1.41488,0,0
2015-07-20,06:00:00,1.41512,1.41682,1.41413,1.41489,0,0
2015-07-20,07:00:00,1.41496,1.41534,1.41103,1.41123,0,0
2015-07-20,08:00:00,1.41136,1.41272,1.40987,1.40987,0,0
2015-07-20,09:00:00,1.41008,1.41066,1.40511,1.40603,0,0
2015-07-20,10:00:00,1.40488,1.40958,1.40459,1.40804,0,0
2015-07-20,11:00:00,1.40835,1.4098,1.40671,1.40865,0,0
2015-07-20,12:00:00,1.40902,1.40917,1.40569,1.40822,0,0
2015-07-20,13:00:00,1.40801,1.40945,1.40612,1.40887,0,0
2015-07-20,14:00:00,1.40871,1.40992,1.40695,1.40894,0,0
2015-07-20,15:00:00,1.40923,1.40923,1.40598,1.40702,0,0
2015-07-20,16:00:00,1.40718,1.41068,1.4051,1.41068,0,0
2015-07-20,17:00:00,1.41087,1.41195,1.40792,1.40883,0,0
2015-07-20,18:00:00,1.40888,1.40888,1.40606,1.40686,0,0
2015-07-20,19:00:00,1.40691,1.40759,1.40608,1.40718,0,0
2015-07-20,20:00:00,1.40699,1.40722,1.406,1.40662,0,0
2015-07-20,21:00:00,1.40662,1.40662,1.40525,1.40624,0,0
2015-07-20,22:00:00,1.40634,1.40711,1.40578,1.40685,0,0
2015-07-20,23:00:00,1.40685,1.40707,1.40612,1.40638,0,0
2015-07-20,23:59:00,1.40633,1.40745,1.40586,1.40709,0,0
