Date,Time,Open,High,Low,Close,Volume,OpenInt
2015-04-22,01:00:00,1.28508,1.28517,1.28442,1.28453,0,0
2015-04-22,02:00:00,1.28454,1.28546,1.28452,1.28488,0,0
2015-04-22,03:00:00,1.28485,1.28533,1.28424,1.28482,0,0
2015-04-22,04:00:00,1.28482,1.28543,1.28432,1.28436,0,0
2015-04-22,05:00:00,1.28435,1.28491,1.28355,1.28388,0,0
2015-04-22,06:00:00,1.28387,1.28459,1.28386,1.28432,0,0
2015-04-22,07:00:00,1.28433,1.28485,1.28377,1.28427,0,0
2015-04-22,08:00:00,1.28425,1.28497,1.28369,1.28376,0,0
2015-04-22,09:00:00,1.28373,1.28579,1.28351,1.28561,0,0
2015-04-22,10:00:00,1.28572,1.28601,1.28112,1.28188,0,0
2015-04-22,11:00:00,1.28188,1.28652,1.28163,1.28495,0,0
2015-04-22,12:00:00,1.28483,1.28604,1.28412,1.28422,0,0
2015-04-22,13:00:00,1.28422,1.28466,1.28176,1.28189,0,0
2015-04-22,14:00:00,1.28211,1.28241,1.27939,1.27939,0,0
2015-04-22,15:00:00,1.27939,1.2795,1.26864,1.27034,0,0
2015-04-22,16:00:00,1.27041,1.27081,1.26844,1.27061,0,0
2015-04-22,17:00:00,1.27063,1.27244,1.26848,1.26871,0,0
2015-04-22,18:00:00,1.26871,1.26953,1.26558,1.26748,0,0
2015-04-22,19:00:00,1.26749,1.26806,1.26485,1.26501,0,0
2015-04-22,20:00:00,1.2651,1.26554,1.26339,1.26339,0,0
2015-04-22,21:00:00,1.26334,1.26432,1.26151,1.26151,0,0
2015-04-22,22:00:00,1.26151,1.26234,1.25974,1.26053,0,0
2015-04-22,23:00:00,1.26049,1.26071,1.2592,1.2596,0,0
2015-04-22,23:59:00,1.2596,1.26209,1.25951,1.26145,0,0
2015-04-23,01:00:00,1.26139,1.26344,1.26097,1.26237,0,0
2015-04-23,02:00:00,1.26237,1.2636,1.26203,1.2627,0,0
2015-04-23,03:00:00,1.26272,1.26346,1.26135,1.26221,0,0
2015-04-23,04:00:00,1.2623,1.26322,1.26192,1.26264,0,0
2015-04-23,05:00:00,1.26265,1.26359,1.2625,1.26308,0,0
2015-04-23,06:00:00,1.26322,1.26322,1.26198,1.26289,0,0
2015-04-23,07:00:00,1.26293,1.26313,1.26151,1.26166,0,0
2015-04-23,08:00:00,1.26166,1.26323,1.26159,1.26279,0,0
2015-04-23,09:00:00,1.26279,1.26629,1.26217,1.266,0,0
2015-04-23,10:00:00,1.26588,1.26736,1.26229,1.26255,0,0
2015-04-23,11:00:00,1.26256,1.2676,1.26232,1.26723,0,0
2015-04-23,12:00:00,1.26716,1.27086,1.26621,1.27086,0,0
2015-04-23,13:00:00,1.27045,1.27187,1.26792,1.26847,0,0
2015-04-23,14:00:00,1.26843,1.26861,1.26526,1.2681,0,0
2015-04-23,15:00:00,1.26811,1.26927,1.26744,1.26911,0,0
2015-04-23,16:00:00,1.26916,1.27036,1.26655,1.26744,0,0
2015-04-23,17:00:00,1.26739,1.27357,1.26533,1.27306,0,0
2015-04-23,18:00:00,1.27309,1.27343,1.27105,1.2716,0,0
2015-04-23,19:00:00,1.2716,1.27213,1.26981,1.2717,0,0
2015-04-23,20:00:00,1.2717,1.27311,1.27097,1.27241,0,0
2015-04-23,21:00:00,1.27244,1.27389,1.27158,1.27184,0,0
2015-04-23,22:00:00,1.2718,1.27307,1.27168,1.27307,0,0
2015-04-23,23:00:00,1.2731,1.27348,1.27131,1.27215,0,0
2015-04-23,23:59:00,1.27224,1.27343,1.27196,1.27306,0,0
2015-04-24,01:00:00,1.27295,1.27295,1.27125,1.27146,0,0
2015-04-24,02:00:00,1.27146,1.27212,1.27093,1.27093,0,0
2015-04-24,03:00:00,1.27099,1.27217,1.27072,1.27197,0,0
2015-04-24,04:00:00,1.27197,1.27224,1.27112,1.27129,0,0
2015-04-24,05:00:00,1.2712,1.2712,1.27001,1.27044,0,0
2015-04-24,06:00:00,1.27044,1.27097,1.26938,1.26986,0,0
2015-04-24,07:00:00,1.26996,1.2705,1.26965,1.26993,0,0
2015-04-24,08:00:00,1.26994,1.27105,1.26966,1.27015,0,0
2015-04-24,09:00:00,1.27012,1.27359,1.26984,1.27208,0,0
2015-04-24,10:00:00,1.27208,1.27373,1.27108,1.2729,0,0
2015-04-24,11:00:00,1.2729,1.27442,1.27109,1.27278,0,0
2015-04-24,12:00:00,1.27272,1.27506,1.27164,1.27178,0,0
2015-04-24,13:00:00,1.27184,1.27274,1.27019,1.27064,0,0
2015-04-24,14:00:00,1.27064,1.27156,1.26954,1.26964,0,0
2015-04-24,15:00:00,1.26964,1.27138,1.26799,1.26977,0,0
2015-04-24,16:00:00,1.26974,1.27626,1.26928,1.27371,0,0
2015-04-24,17:00:00,1.27361,1.27754,1.27259,1.27698,0,0
2015-04-24,18:00:00,1.27698,1.27797,1.27493,1.27644,0,0
2015-04-24,19:00:00,1.27644,1.27648,1.27388,1.27448,0,0
2015-04-24,20:00:00,1.27459,1.2761,1.27434,1.27609,0,0
2015-04-24,21:00:00,1.27608,1.27612,1.27445,1.27582,0,0
2015-04-24,22:00:00,1.27582,1.27672,1.2755,1.27605,0,0
2015-04-24,23:00:00,1.27601,1.27601,1.27572,1.27581,0,0
2015-04-27,01:00:00,1.27681,1.27753,1.2767,1.27683,0,0
2015-04-27,02:00:00,1.27685,1.27718,1.27617,1.27627,0,0
2015-04-27,03:00:00,1.27627,1.27698,1.27451,1.275,0,0
2015-04-27,04:00:00,1.27512,1.27561,1.27418,1.27419,0,0
2015-04-27,05:00:00,1.27419,1.27463,1.27364,1.27391,0,0
2015-04-27,06:00:00,1.27393,1.2745,1.27356,1.27416,0,0
2015-04-27,07:00:00,1.27419,1.27431,1.27332,1.27357,0,0
2015-04-27,08:00:00,1.27364,1.27595,1.2735,1.27526,0,0
2015-04-27,09:00:00,1.27567,1.27575,1.27283,1.27331,0,0
2015-04-27,10:00:00,1.27331,1.27566,1.27114,1.2747,0,0
2015-04-27,11:00:00,1.27467,1.2753,1.27267,1.27332,0,0
2015-04-27,12:00:00,1.27333,1.27371,1.27242,1.27294,0,0
2015-04-27,13:00:00,1.27294,1.27295,1.27073,1.27206,0,0
2015-04-27,14:00:00,1.27212,1.27224,1.26982,1.26984,0,0
2015-04-27,15:00:00,1.26992,1.27123,1.26885,1.27118,0,0
2015-04-27,16:00:00,1.27116,1.27116,1.26739,1.26822,0,0
2015-04-27,17:00:00,1.26815,1.26917,1.2654,1.26917,0,0
2015-04-27,18:00:00,1.26927,1.2741,1.26927,1.26952,0,0
2015-04-27,19:00:00,1.26952,1.27194,1.26868,1.27157,0,0
2015-04-27,20:00:00,1.27157,1.27234,1.26651,1.26697,0,0
2015-04-27,21:00:00,1.26707,1.26782,1.26455,1.26455,0,0
2015-04-27,22:00:00,1.26458,1.2659,1.26456,1.26587,0,0
2015-04-27,23:00:00,1.26559,1.2663,1.26474,1.26559,0,0
2015-04-27,23:59:00,1.26559,1.26622,1.26452,1.26538,0,0
2015-04-28,01:00:00,1.2654,1.26634,1.26464,1.2658,0,0
2015-04-28,02:00:00,1.26564,1.26624,1.265,1.26603,0,0
2015-04-28,03:00:00,1.26603,1.26681,1.26514,1.2665,0,0
2015-04-28,04:00:00,1.26643,1.26746,1.26634,1.26699,0,0
2015-04-28,05:00:00,1.26712,1.26747,1.26672,1.26677,0,0
2015-04-28,06:00:00,1.26677,1.26805,1.26675,1.26796,0,0
2015-04-28,07:00:00,1.26801,1.26837,1.2675,1.26774,0,0
2015-04-28,08:00:00,1.26772,1.2684,1.26756,1.26782,0,0
2015-04-28,09:00:00,1.26785,1.26828,1.26648,1.26671,0,0
2015-04-28,10:00:00,1.26671,1.26748,1.2652,1.267,0,0
2015-04-28,11:00:00,1.26701,1.2675,1.2648,1.2652,0,0
2015-04-28,12:00:00,1.2652,1.26609,1.26031,1.26031,0,0
2015-04-28,13:00:00,1.26046,1.26266,1.25772,1.2617,0,0
2015-04-28,14:00:00,1.2617,1.26252,1.25905,1.26072,0,0
2015-04-28,15:00:00,1.26072,1.262,1.25888,1.25901,0,0
2015-04-28,16:00:00,1.25901,1.2617,1.25812,1.26169,0,0
2015-04-28,17:00:00,1.26157,1.26558,1.26036,1.26558,0,0
2015-04-28,18:00:00,1.26554,1.26554,1.25957,1.26016,0,0
2015-04-28,19:00:00,1.26016,1.26028,1.25888,1.25917,0,0
2015-04-28,20:00:00,1.25914,1.26143,1.25887,1.26098,0,0
2015-04-28,21:00:00,1.26108,1.26141,1.26007,1.26062,0,0
2015-04-28,22:00:00,1.26057,1.26067,1.25701,1.25818,0,0
2015-04-28,23:00:00,1.25823,1.25932,1.25801,1.25922,0,0
2015-04-28,23:59:00,1.25922,1.25976,1.25802,1.25871,0,0
2015-04-29,01:00:00,1.25892,1.25946,1.25862,1.25882,0,0
2015-04-29,02:00:00,1.25882,1.25905,1.2582,1.25904,0,0
2015-04-29,03:00:00,1.25905,1.26057,1.25867,1.26,0,0
2015-04-29,04:00:00,1.26,1.26023,1.25917,1.25969,0,0
2015-04-29,05:00:00,1.25967,1.26007,1.25881,1.25915,0,0
2015-04-29,06:00:00,1.25915,1.25933,1.25844,1.25879,0,0
2015-04-29,07:00:00,1.25879,1.25915,1.25821,1.25821,0,0
2015-04-29,08:00:00,1.25822,1.25822,1.25729,1.25812,0,0
2015-04-29,09:00:00,1.25793,1.25863,1.2565,1.25721,0,0
2015-04-29,10:00:00,1.25725,1.26,1.25701,1.25911,0,0
2015-04-29,11:00:00,1.25909,1.26081,1.25868,1.2604,0,0
2015-04-29,12:00:00,1.26045,1.26454,1.25932,1.26447,0,0
2015-04-29,13:00:00,1.26448,1.26459,1.26271,1.26292,0,0
2015-04-29,14:00:00,1.26292,1.26626,1.26202,1.26452,0,0
2015-04-29,15:00:00,1.26452,1.26864,1.2622,1.2622,0,0
2015-04-29,16:00:00,1.2622,1.26782,1.26169,1.26782,0,0
2015-04-29,17:00:00,1.26775,1.27507,1.2669,1.27494,0,0
2015-04-29,18:00:00,1.27522,1.27904,1.27484,1.27736,0,0
2015-04-29,19:00:00,1.27736,1.27884,1.27578,1.27676,0,0
2015-04-29,20:00:00,1.27641,1.28061,1.2763,1.28061,0,0
2015-04-29,21:00:00,1.28057,1.28057,1.27614,1.27865,0,0
2015-04-29,22:00:00,1.27865,1.27865,1.27676,1.2784,0,0
2015-04-29,23:00:00,1.27868,1.27961,1.27785,1.27954,0,0
2015-04-29,23:59:00,1.27954,1.27954,1.27716,1.27773,0,0
2015-04-30,01:00:00,1.27783,1.27852,1.27763,1.27844,0,0
2015-04-30,02:00:00,1.27844,1.27896,1.2782,1.27831,0,0
2015-04-30,03:00:00,1.27832,1.27935,1.27794,1.27907,0,0
2015-04-30,04:00:00,1.27908,1.2796,1.27809,1.27939,0,0
2015-04-30,05:00:00,1.27945,1.28018,1.27906,1.27938,0,0
2015-04-30,06:00:00,1.27938,1.27982,1.27923,1.27928,0,0
2015-04-30,07:00:00,1.27928,1.28019,1.27896,1.27956,0,0
2015-04-30,08:00:00,1.27956,1.27959,1.27848,1.27879,0,0
2015-04-30,09:00:00,1.27795,1.27975,1.27795,1.27851,0,0
2015-04-30,10:00:00,1.27858,1.28506,1.27815,1.28483,0,0
2015-04-30,11:00:00,1.28483,1.28771,1.28286,1.28492,0,0
2015-04-30,12:00:00,1.28447,1.28502,1.27985,1.28041,0,0
2015-04-30,13:00:00,1.28047,1.2873,1.27924,1.28652,0,0
2015-04-30,14:00:00,1.28653,1.2869,1.28523,1.28598,0,0
2015-04-30,15:00:00,1.28598,1.28689,1.2801,1.28203,0,0
2015-04-30,16:00:00,1.28206,1.28221,1.27794,1.2813,0,0
2015-04-30,17:00:00,1.28136,1.29258,1.28119,1.29252,0,0
2015-04-30,18:00:00,1.29247,1.29579,1.28752,1.28759,0,0
2015-04-30,19:00:00,1.28752,1.29016,1.28701,1.28879,0,0
2015-04-30,20:00:00,1.28882,1.28974,1.28766,1.2883,0,0
2015-04-30,21:00:00,1.28817,1.29827,1.28812,1.29817,0,0
2015-04-30,22:00:00,1.29819,1.29871,1.29265,1.29271,0,0
2015-04-30,23:00:00,1.29293,1.29518,1.29242,1.29518,0,0
2015-04-30,23:59:00,1.29518,1.29521,1.29279,1.29316,0,0
2015-05-01,01:00:00,1.29353,1.2943,1.29304,1.29418,0,0
2015-05-01,02:00:00,1.29418,1.29502,1.29343,1.29389,0,0
2015-05-01,03:00:00,1.29388,1.29476,1.29329,1.29442,0,0
2015-05-01,04:00:00,1.29446,1.29523,1.29395,1.29479,0,0
2015-05-01,05:00:00,1.29479,1.29539,1.29427,1.2943,0,0
2015-05-01,06:00:00,1.2943,1.29478,1.29421,1.29468,0,0
2015-05-01,07:00:00,1.29468,1.29524,1.29437,1.29516,0,0
2015-05-01,08:00:00,1.29516,1.2958,1.29501,1.2956,0,0
2015-05-01,09:00:00,1.29563,1.29788,1.29386,1.29672,0,0
2015-05-01,10:00:00,1.29674,1.2988,1.29495,1.29601,0,0
2015-05-01,11:00:00,1.296,1.29892,1.29582,1.29862,0,0
2015-05-01,12:00:00,1.29861,1.30022,1.29724,1.29728,0,0
2015-05-01,13:00:00,1.29724,1.30259,1.29641,1.30157,0,0
2015-05-01,14:00:00,1.30157,1.30388,1.30125,1.30267,0,0
2015-05-01,15:00:00,1.30267,1.30485,1.30172,1.30356,0,0
2015-05-01,16:00:00,1.30351,1.308,1.30123,1.3065,0,0
2015-05-01,17:00:00,1.3069,1.30884,1.30425,1.30543,0,0
2015-05-01,18:00:00,1.30543,1.30578,1.30356,1.30509,0,0
2015-05-01,19:00:00,1.30509,1.30585,1.30222,1.30257,0,0
2015-05-01,20:00:00,1.30257,1.30349,1.30175,1.30242,0,0
2015-05-01,21:00:00,1.30233,1.30334,1.30167,1.30258,0,0
2015-05-01,22:00:00,1.30276,1.30479,1.30256,1.30343,0,0
2015-05-01,23:00:00,1.30344,1.30351,1.30306,1.30351,0,0
2015-05-04,01:00:00,1.30265,1.30455,1.30236,1.30306,0,0
2015-05-04,02:00:00,1.30305,1.30355,1.30281,1.3031,0,0
2015-05-04,03:00:00,1.3031,1.30401,1.30297,1.30377,0,0
2015-05-04,04:00:00,1.30379,1.30471,1.30322,1.30447,0,0
2015-05-04,05:00:00,1.30447,1.30516,1.30435,1.30455,0,0
2015-05-04,06:00:00,1.30455,1.30482,1.30376,1.30378,0,0
2015-05-04,07:00:00,1.30378,1.3041,1.30328,1.30334,0,0
2015-05-04,08:00:00,1.30335,1.30376,1.30296,1.30366,0,0
2015-05-04,09:00:00,1.30348,1.30348,1.29799,1.29894,0,0
2015-05-04,10:00:00,1.29895,1.29946,1.2961,1.29689,0,0
2015-05-04,11:00:00,1.29681,1.298,1.29597,1.296,0,0
2015-05-04,12:00:00,1.296,1.29657,1.29399,1.29498,0,0
2015-05-04,13:00:00,1.29498,1.29716,1.29428,1.29607,0,0
2015-05-04,14:00:00,1.29611,1.29675,1.29442,1.29647,0,0
2015-05-04,15:00:00,1.29647,1.29727,1.29487,1.29703,0,0
2015-05-04,16:00:00,1.29721,1.2999,1.29683,1.29934,0,0
2015-05-04,17:00:00,1.2994,1.29967,1.29535,1.29724,0,0
2015-05-04,18:00:00,1.297,1.29749,1.29303,1.294,0,0
2015-05-04,19:00:00,1.294,1.29581,1.29383,1.29476,0,0
2015-05-04,20:00:00,1.29479,1.29732,1.2946,1.29675,0,0
2015-05-04,21:00:00,1.29675,1.29711,1.29472,1.29494,0,0
2015-05-04,22:00:00,1.2949,1.29553,1.29387,1.29525,0,0
2015-05-04,23:00:00,1.29524,1.29585,1.29428,1.29532,0,0
2015-05-04,23:59:00,1.29547,1.29557,1.29485,1.29485,0,0
2015-05-05,01:00:00,1.29502,1.29573,1.29426,1.29438,0,0
2015-05-05,02:00:00,1.29435,1.29533,1.29406,1.29512,0,0
2015-05-05,03:00:00,1.29512,1.29615,1.29465,1.296,0,0
2015-05-05,04:00:00,1.29603,1.29664,1.29511,1.29514,0,0
2015-05-05,05:00:00,1.29514,1.29574,1.29475,1.29529,0,0
2015-05-05,06:00:00,1.29529,1.29568,1.295,1.29527,0,0
2015-05-05,07:00:00,1.29527,1.29583,1.29399,1.29507,0,0
2015-05-05,08:00:00,1.29506,1.29575,1.29436,1.29536,0,0
2015-05-05,09:00:00,1.29536,1.29591,1.29328,1.29455,0,0
2015-05-05,10:00:00,1.29455,1.29498,1.28912,1.28951,0,0
2015-05-05,11:00:00,1.28959,1.29253,1.28787,1.2924,0,0
2015-05-05,12:00:00,1.29236,1.29425,1.29084,1.29418,0,0
2015-05-05,13:00:00,1.29405,1.29549,1.29232,1.29548,0,0
2015-05-05,14:00:00,1.29548,1.29997,1.2943,1.29541,0,0
2015-05-05,15:00:00,1.29541,1.29889,1.29357,1.29493,0,0
2015-05-05,16:00:00,1.29493,1.29621,1.29118,1.29392,0,0
2015-05-05,17:00:00,1.29402,1.29841,1.29147,1.29719,0,0
2015-05-05,18:00:00,1.29719,1.30069,1.29593,1.29975,0,0
2015-05-05,19:00:00,1.29956,1.30229,1.29919,1.30161,0,0
2015-05-05,20:00:00,1.30161,1.30323,1.30118,1.30118,0,0
2015-05-05,21:00:00,1.3012,1.30346,1.3008,1.30313,0,0
2015-05-05,22:00:00,1.30311,1.30349,1.30156,1.30231,0,0
2015-05-05,23:00:00,1.30234,1.303,1.30134,1.30269,0,0
2015-05-05,23:59:00,1.30269,1.30336,1.30178,1.30285,0,0
2015-05-06,01:00:00,1.30312,1.30323,1.30191,1.30265,0,0
2015-05-06,02:00:00,1.30264,1.30271,1.30181,1.30183,0,0
2015-05-06,03:00:00,1.30181,1.30313,1.30179,1.30301,0,0
2015-05-06,04:00:00,1.30301,1.30306,1.30163,1.30177,0,0
2015-05-06,05:00:00,1.30178,1.30246,1.30046,1.30103,0,0
2015-05-06,06:00:00,1.30101,1.30261,1.30038,1.30062,0,0
2015-05-06,07:00:00,1.30062,1.30137,1.30029,1.30103,0,0
2015-05-06,08:00:00,1.30103,1.3016,1.30071,1.30134,0,0
2015-05-06,09:00:00,1.30134,1.3049,1.30092,1.30451,0,0
2015-05-06,10:00:00,1.30451,1.30595,1.30224,1.30256,0,0
2015-05-06,11:00:00,1.30256,1.30476,1.30072,1.30072,0,0
2015-05-06,12:00:00,1.30072,1.30241,1.29872,1.30239,0,0
2015-05-06,13:00:00,1.30239,1.30325,1.30071,1.30192,0,0
2015-05-06,14:00:00,1.30181,1.30293,1.29999,1.30035,0,0
2015-05-06,15:00:00,1.30036,1.30474,1.30036,1.30474,0,0
2015-05-06,16:00:00,1.30484,1.31303,1.3027,1.3116,0,0
2015-05-06,17:00:00,1.31168,1.31194,1.30809,1.30993,0,0
2015-05-06,18:00:00,1.3099,1.31218,1.30863,1.31217,0,0
2015-05-06,19:00:00,1.31217,1.31481,1.31136,1.31136,0,0
2015-05-06,20:00:00,1.31136,1.31488,1.31136,1.31427,0,0
2015-05-06,21:00:00,1.31427,1.31787,1.31408,1.31555,0,0
2015-05-06,22:00:00,1.31555,1.31616,1.31424,1.31479,0,0
2015-05-06,23:00:00,1.31457,1.31512,1.31344,1.31482,0,0
2015-05-06,23:59:00,1.3149,1.31517,1.31364,1.31452,0,0
2015-05-07,01:00:00,1.31455,1.31476,1.31363,1.31413,0,0
2015-05-07,02:00:00,1.31413,1.31421,1.31327,1.31375,0,0
2015-05-07,03:00:00,1.31376,1.31475,1.3135,1.31464,0,0
2015-05-07,04:00:00,1.31463,1.31491,1.31359,1.31448,0,0
2015-05-07,05:00:00,1.31448,1.31486,1.31377,1.31423,0,0
2015-05-07,06:00:00,1.31422,1.31475,1.31347,1.31398,0,0
2015-05-07,07:00:00,1.31398,1.31419,1.31352,1.31374,0,0
2015-05-07,08:00:00,1.31375,1.31685,1.31353,1.31636,0,0
2015-05-07,09:00:00,1.31636,1.31832,1.31532,1.31832,0,0
2015-05-07,10:00:00,1.31832,1.32236,1.31791,1.3222,0,0
2015-05-07,11:00:00,1.3222,1.32441,1.3209,1.32392,0,0
2015-05-07,12:00:00,1.32378,1.3305,1.32336,1.3298,0,0
2015-05-07,13:00:00,1.3298,1.3298,1.32634,1.32824,0,0
2015-05-07,14:00:00,1.32824,1.32867,1.32182,1.32204,0,0
2015-05-07,15:00:00,1.32203,1.32231,1.31756,1.31929,0,0
2015-05-07,16:00:00,1.31929,1.32257,1.31804,1.32204,0,0
2015-05-07,17:00:00,1.32178,1.32573,1.32056,1.32071,0,0
2015-05-07,18:00:00,1.32069,1.32177,1.31887,1.32003,0,0
2015-05-07,19:00:00,1.31998,1.32019,1.31786,1.31801,0,0
2015-05-07,20:00:00,1.31802,1.31932,1.31668,1.3185,0,0
2015-05-07,21:00:00,1.31833,1.31881,1.31567,1.317,0,0
2015-05-07,22:00:00,1.31694,1.31694,1.31549,1.31556,0,0
2015-05-07,23:00:00,1.31555,1.31676,1.31455,1.31611,0,0
2015-05-07,23:59:00,1.31611,1.31682,1.31243,1.31333,0,0
2015-05-08,01:00:00,1.31383,1.31415,1.31198,1.31279,0,0
2015-05-08,02:00:00,1.31281,1.31387,1.31209,1.31334,0,0
2015-05-08,03:00:00,1.31334,1.31365,1.31237,1.31247,0,0
2015-05-08,04:00:00,1.31247,1.31368,1.31176,1.31187,0,0
2015-05-08,05:00:00,1.31193,1.31264,1.31062,1.31074,0,0
2015-05-08,06:00:00,1.31077,1.3113,1.31032,1.31087,0,0
2015-05-08,07:00:00,1.31087,1.31212,1.3107,1.31212,0,0
2015-05-08,08:00:00,1.31212,1.31337,1.312,1.31302,0,0
2015-05-08,09:00:00,1.31302,1.31323,1.30945,1.31021,0,0
2015-05-08,10:00:00,1.31013,1.31186,1.30878,1.31114,0,0
2015-05-08,11:00:00,1.31114,1.3147,1.31114,1.31283,0,0
2015-05-08,12:00:00,1.31226,1.31419,1.31116,1.31388,0,0
2015-05-08,13:00:00,1.31362,1.31378,1.30936,1.30977,0,0
2015-05-08,14:00:00,1.30969,1.30994,1.30829,1.30972,0,0
2015-05-08,15:00:00,1.30972,1.31283,1.30659,1.30918,0,0
2015-05-08,16:00:00,1.3093,1.31111,1.30758,1.30964,0,0
2015-05-08,17:00:00,1.30969,1.31096,1.3073,1.3084,0,0
2015-05-08,18:00:00,1.30821,1.30821,1.30248,1.30311,0,0
2015-05-08,19:00:00,1.3031,1.30351,1.29959,1.30065,0,0
2015-05-08,20:00:00,1.30065,1.30108,1.29755,1.2988,0,0
2015-05-08,21:00:00,1.29875,1.29995,1.29725,1.29886,0,0
2015-05-08,22:00:00,1.29884,1.29905,1.2977,1.29848,0,0
2015-05-08,23:00:00,1.29848,1.29848,1.29836,1.29836,0,0
2015-05-11,01:00:00,1.29811,1.29811,1.29697,1.29787,0,0
2015-05-11,02:00:00,1.29787,1.29828,1.29717,1.29781,0,0
2015-05-11,03:00:00,1.2978,1.29871,1.29727,1.29781,0,0
2015-05-11,04:00:00,1.29728,1.29744,1.29522,1.2965,0,0
2015-05-11,05:00:00,1.29654,1.29881,1.29649,1.29822,0,0
2015-05-11,06:00:00,1.29822,1.29823,1.29713,1.29784,0,0
2015-05-11,07:00:00,1.29784,1.29864,1.29764,1.29859,0,0
2015-05-11,08:00:00,1.29863,1.29909,1.29801,1.29865,0,0
2015-05-11,09:00:00,1.29865,1.30191,1.29833,1.30144,0,0
2015-05-11,10:00:00,1.30128,1.30182,1.29976,1.3018,0,0
2015-05-11,11:00:00,1.30175,1.3048,1.30167,1.30375,0,0
2015-05-11,12:00:00,1.30371,1.30464,1.30144,1.30304,0,0
2015-05-11,13:00:00,1.30305,1.304,1.30137,1.30159,0,0
2015-05-11,14:00:00,1.30159,1.30185,1.29692,1.29707,0,0
2015-05-11,15:00:00,1.29717,1.29842,1.29447,1.29454,0,0
2015-05-11,16:00:00,1.29454,1.29561,1.29261,1.29308,0,0
2015-05-11,17:00:00,1.29308,1.29519,1.293,1.29356,0,0
2015-05-11,18:00:00,1.29367,1.29739,1.2936,1.29562,0,0
2015-05-11,19:00:00,1.29563,1.2961,1.29346,1.29532,0,0
2015-05-11,20:00:00,1.29532,1.29548,1.29292,1.29393,0,0
2015-05-11,21:00:00,1.29393,1.29518,1.29308,1.29511,0,0
2015-05-11,22:00:00,1.29518,1.29675,1.29466,1.29616,0,0
2015-05-11,23:00:00,1.29615,1.29618,1.29464,1.29532,0,0
2015-05-11,23:59:00,1.29532,1.29564,1.29428,1.295,0,0
2015-05-12,01:00:00,1.29502,1.29529,1.29485,1.29489,0,0
2015-05-12,02:00:00,1.29489,1.29529,1.29383,1.2942,0,0
2015-05-12,03:00:00,1.29419,1.29492,1.29356,1.2943,0,0
2015-05-12,04:00:00,1.2943,1.29524,1.29397,1.29484,0,0
2015-05-12,05:00:00,1.29481,1.29543,1.29426,1.29507,0,0
2015-05-12,06:00:00,1.29507,1.29548,1.29448,1.29448,0,0
2015-05-12,07:00:00,1.29448,1.29575,1.29421,1.29562,0,0
2015-05-12,08:00:00,1.29563,1.29614,1.29502,1.29563,0,0
2015-05-12,09:00:00,1.29564,1.29921,1.29522,1.29809,0,0
2015-05-12,10:00:00,1.29809,1.30116,1.29659,1.3008,0,0
2015-05-12,11:00:00,1.30084,1.30577,1.30073,1.30401,0,0
2015-05-12,12:00:00,1.30384,1.30881,1.30351,1.3061,0,0
2015-05-12,13:00:00,1.3061,1.30646,1.30314,1.30348,0,0
2015-05-12,14:00:00,1.3034,1.30429,1.30081,1.30246,0,0
2015-05-12,15:00:00,1.30246,1.30246,1.29766,1.29766,0,0
2015-05-12,16:00:00,1.29766,1.3038,1.29763,1.3016,0,0
2015-05-12,17:00:00,1.30175,1.3024,1.29561,1.29568,0,0
2015-05-12,18:00:00,1.29581,1.29655,1.2935,1.29363,0,0
2015-05-12,19:00:00,1.29363,1.29575,1.29162,1.29164,0,0
2015-05-12,20:00:00,1.29164,1.2929,1.29046,1.29145,0,0
2015-05-12,21:00:00,1.29148,1.29246,1.29119,1.29215,0,0
2015-05-12,22:00:00,1.29193,1.29336,1.29166,1.29225,0,0
2015-05-12,23:00:00,1.29332,1.29362,1.29225,1.293,0,0
2015-05-12,23:59:00,1.29314,1.29398,1.29222,1.29251,0,0
2015-05-13,01:00:00,1.29256,1.29277,1.29213,1.29259,0,0
2015-05-13,02:00:00,1.29257,1.2932,1.29243,1.29319,0,0
2015-05-13,03:00:00,1.29325,1.29385,1.29215,1.29351,0,0
2015-05-13,04:00:00,1.29351,1.29372,1.29234,1.29328,0,0
2015-05-13,05:00:00,1.29328,1.29483,1.29322,1.29475,0,0
2015-05-13,06:00:00,1.29475,1.29596,1.29444,1.29577,0,0
2015-05-13,07:00:00,1.29575,1.29722,1.29524,1.29679,0,0
2015-05-13,08:00:00,1.29679,1.29699,1.2952,1.29522,0,0
2015-05-13,09:00:00,1.29529,1.29924,1.29432,1.29864,0,0
2015-05-13,10:00:00,1.29864,1.29864,1.29485,1.29486,0,0
2015-05-13,11:00:00,1.29502,1.29579,1.29102,1.29137,0,0
2015-05-13,12:00:00,1.29136,1.2928,1.28975,1.29073,0,0
2015-05-13,13:00:00,1.29073,1.29138,1.28985,1.29063,0,0
2015-05-13,14:00:00,1.29075,1.29176,1.29006,1.29089,0,0
2015-05-13,15:00:00,1.29082,1.29654,1.28941,1.29627,0,0
2015-05-13,16:00:00,1.2962,1.29954,1.29611,1.29922,0,0
2015-05-13,17:00:00,1.29923,1.3061,1.29783,1.30564,0,0
2015-05-13,18:00:00,1.30579,1.30586,1.30235,1.30447,0,0
2015-05-13,19:00:00,1.30431,1.30506,1.30112,1.30211,0,0
2015-05-13,20:00:00,1.30211,1.30427,1.3006,1.30286,0,0
2015-05-13,21:00:00,1.30286,1.30651,1.30232,1.30636,0,0
2015-05-13,22:00:00,1.30636,1.30636,1.30385,1.30405,0,0
2015-05-13,23:00:00,1.30405,1.30469,1.30364,1.30434,0,0
2015-05-13,23:59:00,1.30437,1.30469,1.30375,1.30376,0,0
2015-05-14,01:00:00,1.30416,1.30473,1.30346,1.30351,0,0
2015-05-14,02:00:00,1.30351,1.30399,1.30334,1.30357,0,0
2015-05-14,03:00:00,1.30365,1.30384,1.3031,1.30373,0,0
2015-05-14,04:00:00,1.30373,1.30418,1.3023,1.30287,0,0
2015-05-14,05:00:00,1.30287,1.30383,1.30278,1.30349,0,0
2015-05-14,06:00:00,1.30352,1.30453,1.30279,1.30406,0,0
2015-05-14,07:00:00,1.30405,1.30411,1.30307,1.30363,0,0
2015-05-14,08:00:00,1.30367,1.30406,1.3028,1.30367,0,0
2015-05-14,09:00:00,1.30366,1.30694,1.30297,1.3064,0,0
2015-05-14,10:00:00,1.3064,1.30888,1.30598,1.3069,0,0
2015-05-14,11:00:00,1.3069,1.309,1.30592,1.30857,0,0
2015-05-14,12:00:00,1.30838,1.31179,1.30776,1.31149,0,0
2015-05-14,13:00:00,1.31148,1.31588,1.31081,1.31522,0,0
2015-05-14,14:00:00,1.31522,1.31569,1.31201,1.31437,0,0
2015-05-14,15:00:00,1.3145,1.31458,1.30998,1.30999,0,0
2015-05-14,16:00:00,1.30999,1.31047,1.30515,1.30596,0,0
2015-05-14,17:00:00,1.30602,1.3087,1.30542,1.30729,0,0
2015-05-14,18:00:00,1.30719,1.31225,1.30569,1.31108,0,0
2015-05-14,19:00:00,1.31107,1.31328,1.31056,1.3132,0,0
2015-05-14,20:00:00,1.31339,1.31448,1.31166,1.31265,0,0
2015-05-14,21:00:00,1.31267,1.31391,1.31112,1.31365,0,0
2015-05-14,22:00:00,1.31364,1.31498,1.31249,1.31436,0,0
2015-05-14,23:00:00,1.31436,1.31506,1.31363,1.31372,0,0
2015-05-14,23:59:00,1.31372,1.31423,1.31291,1.31409,0,0
2015-05-15,01:00:00,1.31398,1.31438,1.31303,1.31303,0,0
2015-05-15,02:00:00,1.31304,1.31362,1.31254,1.31323,0,0
2015-05-15,03:00:00,1.31324,1.31354,1.31252,1.31283,0,0
2015-05-15,04:00:00,1.31283,1.31408,1.31249,1.31408,0,0
2015-05-15,05:00:00,1.31408,1.31548,1.31401,1.31449,0,0
2015-05-15,06:00:00,1.31449,1.3145,1.3136,1.31371,0,0
2015-05-15,07:00:00,1.31371,1.31431,1.31362,1.31409,0,0
2015-05-15,08:00:00,1.31409,1.31434,1.31256,1.31285,0,0
2015-05-15,09:00:00,1.31289,1.31451,1.31096,1.31451,0,0
2015-05-15,10:00:00,1.31451,1.31557,1.31028,1.31165,0,0
2015-05-15,11:00:00,1.31161,1.31335,1.30926,1.30958,0,0
2015-05-15,12:00:00,1.30956,1.30987,1.30747,1.30899,0,0
2015-05-15,13:00:00,1.3089,1.3089,1.30561,1.30687,0,0
2015-05-15,14:00:00,1.30691,1.30727,1.30264,1.30374,0,0
2015-05-15,15:00:00,1.30386,1.30427,1.30133,1.30277,0,0
2015-05-15,16:00:00,1.30277,1.30479,1.30232,1.30331,0,0
2015-05-15,17:00:00,1.30355,1.31092,1.30355,1.31092,0,0
2015-05-15,18:00:00,1.31087,1.31309,1.30861,1.30882,0,0
2015-05-15,19:00:00,1.30883,1.31038,1.30858,1.31036,0,0
2015-05-15,20:00:00,1.31051,1.31307,1.31035,1.31151,0,0
2015-05-15,21:00:00,1.31156,1.31439,1.31083,1.31396,0,0
2015-05-15,22:00:00,1.31395,1.31395,1.31207,1.31274,0,0
2015-05-15,23:00:00,1.31264,1.31318,1.31264,1.31311,0,0
2015-05-18,01:00:00,1.3124,1.31327,1.31088,1.31257,0,0
2015-05-18,02:00:00,1.31257,1.31288,1.31222,1.31251,0,0
2015-05-18,03:00:00,1.3125,1.31306,1.31117,1.31178,0,0
2015-05-18,04:00:00,1.31178,1.31248,1.3105,1.31093,0,0
2015-05-18,05:00:00,1.31091,1.3119,1.31033,1.31188,0,0
2015-05-18,06:00:00,1.31188,1.3123,1.31167,1.31201,0,0
2015-05-18,07:00:00,1.31205,1.31254,1.31144,1.31206,0,0
2015-05-18,08:00:00,1.31206,1.31208,1.30978,1.31052,0,0
2015-05-18,09:00:00,1.31054,1.31171,1.30959,1.31004,0,0
2015-05-18,10:00:00,1.3099,1.31089,1.30727,1.30919,0,0
2015-05-18,11:00:00,1.30944,1.3099,1.30722,1.30913,0,0
2015-05-18,12:00:00,1.30934,1.31144,1.30698,1.31115,0,0
2015-05-18,13:00:00,1.31121,1.31436,1.31121,1.31379,0,0
2015-05-18,14:00:00,1.31384,1.31413,1.31127,1.3118,0,0
2015-05-18,15:00:00,1.31197,1.31473,1.30945,1.3143,0,0
2015-05-18,16:00:00,1.3143,1.31724,1.31422,1.3146,0,0
2015-05-18,17:00:00,1.31479,1.31658,1.3141,1.31593,0,0
2015-05-18,18:00:00,1.31577,1.31776,1.31554,1.31599,0,0
2015-05-18,19:00:00,1.31619,1.31638,1.31432,1.31487,0,0
2015-05-18,20:00:00,1.3149,1.31543,1.31341,1.31353,0,0
2015-05-18,21:00:00,1.3135,1.31446,1.31232,1.31382,0,0
2015-05-18,22:00:00,1.31382,1.31433,1.3135,1.31407,0,0
2015-05-18,23:00:00,1.31407,1.31473,1.31251,1.31262,0,0
2015-05-18,23:59:00,1.31265,1.31306,1.31216,1.31249,0,0
2015-05-19,01:00:00,1.31253,1.31295,1.31197,1.31219,0,0
2015-05-19,02:00:00,1.31215,1.31241,1.31145,1.31148,0,0
2015-05-19,03:00:00,1.31148,1.31347,1.3114,1.3129,0,0
2015-05-19,04:00:00,1.31288,1.31344,1.31219,1.31279,0,0
2015-05-19,05:00:00,1.31278,1.31314,1.3106,1.31135,0,0
2015-05-19,06:00:00,1.31135,1.3116,1.30977,1.31001,0,0
2015-05-19,07:00:00,1.31,1.3104,1.3094,1.30951,0,0
2015-05-19,08:00:00,1.30951,1.31065,1.30921,1.31016,0,0
2015-05-19,09:00:00,1.31025,1.31405,1.3097,1.31267,0,0
2015-05-19,10:00:00,1.31267,1.31267,1.30107,1.30662,0,0
2015-05-19,11:00:00,1.30662,1.30794,1.30387,1.30702,0,0
2015-05-19,12:00:00,1.30716,1.31022,1.30637,1.30906,0,0
2015-05-19,13:00:00,1.30906,1.3101,1.30777,1.30862,0,0
2015-05-19,14:00:00,1.30865,1.30899,1.30608,1.30855,0,0
2015-05-19,15:00:00,1.30865,1.30878,1.30199,1.30317,0,0
2015-05-19,16:00:00,1.30321,1.3086,1.3025,1.3086,0,0
2015-05-19,17:00:00,1.30843,1.30993,1.30497,1.30543,0,0
2015-05-19,18:00:00,1.30551,1.30663,1.30363,1.30371,0,0
2015-05-19,19:00:00,1.30358,1.3058,1.30333,1.30558,0,0
2015-05-19,20:00:00,1.30557,1.30618,1.30367,1.30421,0,0
2015-05-19,21:00:00,1.30421,1.30526,1.30318,1.30377,0,0
2015-05-19,22:00:00,1.30362,1.3057,1.30362,1.30454,0,0
2015-05-19,23:00:00,1.30452,1.30577,1.3043,1.30562,0,0
2015-05-19,23:59:00,1.3056,1.30564,1.30459,1.3051,0,0
2015-05-20,01:00:00,1.30517,1.30526,1.30448,1.305,0,0
2015-05-20,02:00:00,1.30501,1.30521,1.30462,1.30483,0,0
2015-05-20,03:00:00,1.30479,1.30549,1.3045,1.30547,0,0
2015-05-20,04:00:00,1.30545,1.30614,1.30444,1.3045,0,0
2015-05-20,05:00:00,1.30463,1.30573,1.30452,1.30533,0,0
2015-05-20,06:00:00,1.30532,1.30537,1.30454,1.30509,0,0
2015-05-20,07:00:00,1.30509,1.30534,1.30449,1.30491,0,0
2015-05-20,08:00:00,1.30491,1.30671,1.30491,1.30518,0,0
2015-05-20,09:00:00,1.30505,1.30521,1.30307,1.30331,0,0
2015-05-20,10:00:00,1.30322,1.30383,1.30137,1.3027,0,0
2015-05-20,11:00:00,1.30276,1.30636,1.30249,1.30352,0,0
2015-05-20,12:00:00,1.3038,1.30643,1.30369,1.30492,0,0
2015-05-20,13:00:00,1.30492,1.30574,1.3007,1.30143,0,0
2015-05-20,14:00:00,1.30149,1.30338,1.30026,1.30135,0,0
2015-05-20,15:00:00,1.30132,1.30492,1.30109,1.30463,0,0
2015-05-20,16:00:00,1.30463,1.30469,1.30225,1.30421,0,0
2015-05-20,17:00:00,1.30421,1.3058,1.30246,1.30251,0,0
2015-05-20,18:00:00,1.30255,1.30255,1.29902,1.29943,0,0
2015-05-20,19:00:00,1.29944,1.30329,1.29944,1.30222,0,0
2015-05-20,20:00:00,1.30222,1.3043,1.30189,1.30216,0,0
2015-05-20,21:00:00,1.30231,1.30425,1.30121,1.30289,0,0
2015-05-20,22:00:00,1.30277,1.30361,1.30174,1.30252,0,0
2015-05-20,23:00:00,1.30272,1.30359,1.30216,1.3027,0,0
2015-05-20,23:59:00,1.3027,1.30351,1.30155,1.3028,0,0
2015-05-21,01:00:00,1.30292,1.30333,1.30222,1.30248,0,0
2015-05-21,02:00:00,1.30248,1.30395,1.30241,1.30395,0,0
2015-05-21,03:00:00,1.30395,1.30475,1.30332,1.30434,0,0
2015-05-21,04:00:00,1.30432,1.30465,1.30377,1.30428,0,0
2015-05-21,05:00:00,1.30428,1.30548,1.30391,1.30513,0,0
2015-05-21,06:00:00,1.30513,1.30566,1.30459,1.30543,0,0
2015-05-21,07:00:00,1.30542,1.30572,1.30415,1.30424,0,0
2015-05-21,08:00:00,1.30424,1.30449,1.30292,1.30427,0,0
2015-05-21,09:00:00,1.30426,1.30426,1.29928,1.30097,0,0
2015-05-21,10:00:00,1.30097,1.30575,1.30084,1.30397,0,0
2015-05-21,11:00:00,1.30397,1.30792,1.30351,1.30548,0,0
2015-05-21,12:00:00,1.30545,1.30758,1.305,1.30726,0,0
2015-05-21,13:00:00,1.30726,1.31002,1.30672,1.30877,0,0
2015-05-21,14:00:00,1.30879,1.31021,1.30803,1.30803,0,0
2015-05-21,15:00:00,1.30803,1.30976,1.30757,1.30791,0,0
2015-05-21,16:00:00,1.30772,1.30865,1.30665,1.30765,0,0
2015-05-21,17:00:00,1.30824,1.30995,1.30401,1.3049,0,0
2015-05-21,18:00:00,1.30502,1.30596,1.30391,1.30534,0,0
2015-05-21,19:00:00,1.30538,1.30615,1.3049,1.30589,0,0
2015-05-21,20:00:00,1.30589,1.30648,1.30486,1.30508,0,0
2015-05-21,21:00:00,1.30505,1.30526,1.30419,1.30442,0,0
2015-05-21,22:00:00,1.30439,1.305,1.30348,1.30355,0,0
2015-05-21,23:00:00,1.30355,1.30397,1.3023,1.3023,0,0
2015-05-21,23:59:00,1.3023,1.30293,1.30129,1.30192,0,0
2015-05-22,01:00:00,1.30224,1.30285,1.30197,1.30224,0,0
2015-05-22,02:00:00,1.30224,1.30235,1.3009,1.3009,0,0
2015-05-22,03:00:00,1.30092,1.30206,1.30092,1.30169,0,0
2015-05-22,04:00:00,1.30169,1.30189,1.30091,1.30108,0,0
2015-05-22,05:00:00,1.30108,1.30211,1.30077,1.30185,0,0
2015-05-22,06:00:00,1.30185,1.30239,1.30153,1.30231,0,0
2015-05-22,07:00:00,1.30231,1.30307,1.30222,1.30266,0,0
2015-05-22,08:00:00,1.30268,1.30358,1.30237,1.3033,0,0
2015-05-22,09:00:00,1.3033,1.3057,1.30312,1.30452,0,0
2015-05-22,10:00:00,1.30452,1.30617,1.30341,1.30567,0,0
2015-05-22,11:00:00,1.30567,1.30889,1.30567,1.30883,0,0
2015-05-22,12:00:00,1.30883,1.31242,1.30814,1.31068,0,0
2015-05-22,13:00:00,1.31077,1.313,1.31066,1.31078,0,0
2015-05-22,14:00:00,1.31069,1.31131,1.30667,1.30708,0,0
2015-05-22,15:00:00,1.30709,1.30855,1.30029,1.30186,0,0
2015-05-22,16:00:00,1.30211,1.30276,1.29871,1.30063,0,0
2015-05-22,17:00:00,1.30065,1.30417,1.30008,1.3033,0,0
2015-05-22,18:00:00,1.30326,1.3047,1.30201,1.30318,0,0
2015-05-22,19:00:00,1.30318,1.30524,1.30285,1.30483,0,0
2015-05-22,20:00:00,1.30489,1.30569,1.30337,1.30358,0,0
2015-05-22,21:00:00,1.30365,1.30484,1.30293,1.30375,0,0
2015-05-22,22:00:00,1.30373,1.30402,1.30259,1.30294,0,0
2015-05-22,23:00:00,1.30293,1.30293,1.30278,1.30284,0,0
2015-05-25,01:00:00,1.30302,1.3036,1.30183,1.30287,0,0
2015-05-25,02:00:00,1.30287,1.30358,1.30253,1.30347,0,0
2015-05-25,03:00:00,1.30345,1.30345,1.30163,1.30268,0,0
2015-05-25,04:00:00,1.30268,1.30325,1.30206,1.30253,0,0
2015-05-25,05:00:00,1.3025,1.30358,1.30238,1.30334,0,0
2015-05-25,06:00:00,1.30334,1.30415,1.30334,1.30372,0,0
2015-05-25,07:00:00,1.30372,1.30391,1.30341,1.30362,0,0
2015-05-25,08:00:00,1.30362,1.30488,1.30352,1.30468,0,0
2015-05-25,09:00:00,1.30468,1.30648,1.30425,1.30465,0,0
2015-05-25,10:00:00,1.30465,1.30539,1.30306,1.30322,0,0
2015-05-25,11:00:00,1.30322,1.30423,1.30245,1.30352,0,0
2015-05-25,12:00:00,1.30351,1.3042,1.30202,1.30277,0,0
2015-05-25,13:00:00,1.30278,1.30283,1.30126,1.30248,0,0
2015-05-25,14:00:00,1.30248,1.30396,1.30228,1.30351,0,0
2015-05-25,15:00:00,1.30353,1.30571,1.30341,1.30493,0,0
2015-05-25,16:00:00,1.30491,1.30549,1.30363,1.30406,0,0
2015-05-25,17:00:00,1.30406,1.3054,1.30243,1.30337,0,0
2015-05-25,18:00:00,1.30337,1.30353,1.30169,1.30266,0,0
2015-05-25,19:00:00,1.30268,1.30326,1.30167,1.302,0,0
2015-05-25,20:00:00,1.30209,1.3026,1.30196,1.30245,0,0
2015-05-25,21:00:00,1.30245,1.30279,1.30203,1.30233,0,0
2015-05-25,22:00:00,1.3023,1.30293,1.30165,1.30215,0,0
2015-05-25,23:00:00,1.3023,1.30327,1.30202,1.30285,0,0
2015-05-25,23:59:00,1.30294,1.30326,1.30196,1.30221,0,0
2015-05-26,01:00:00,1.30233,1.30271,1.30188,1.3024,0,0
2015-05-26,02:00:00,1.3024,1.30298,1.30209,1.30248,0,0
2015-05-26,03:00:00,1.30251,1.30259,1.30093,1.30167,0,0
2015-05-26,04:00:00,1.30167,1.30244,1.30085,1.30117,0,0
2015-05-26,05:00:00,1.30117,1.30203,1.30109,1.30176,0,0
2015-05-26,06:00:00,1.30175,1.30175,1.29985,1.30005,0,0
2015-05-26,07:00:00,1.30005,1.30025,1.29937,1.29937,0,0
2015-05-26,08:00:00,1.29932,1.29962,1.29872,1.29904,0,0
2015-05-26,09:00:00,1.29894,1.29944,1.29719,1.29782,0,0
2015-05-26,10:00:00,1.29779,1.3007,1.29689,1.29961,0,0
2015-05-26,11:00:00,1.29969,1.30121,1.29718,1.29983,0,0
2015-05-26,12:00:00,1.29983,1.30464,1.29983,1.30414,0,0
2015-05-26,13:00:00,1.30414,1.30604,1.30328,1.30415,0,0
2015-05-26,14:00:00,1.30404,1.30605,1.30377,1.30596,0,0
2015-05-26,15:00:00,1.30594,1.30714,1.30258,1.30619,0,0
2015-05-26,16:00:00,1.30638,1.30966,1.30603,1.30923,0,0
2015-05-26,17:00:00,1.30937,1.31098,1.30721,1.30864,0,0
2015-05-26,18:00:00,1.30862,1.30939,1.30752,1.30768,0,0
2015-05-26,19:00:00,1.30776,1.30927,1.30682,1.30891,0,0
2015-05-26,20:00:00,1.30899,1.3091,1.30636,1.30656,0,0
2015-05-26,21:00:00,1.30656,1.3072,1.30384,1.30472,0,0
2015-05-26,22:00:00,1.30472,1.30508,1.30335,1.30371,0,0
2015-05-26,23:00:00,1.30371,1.30493,1.30338,1.30402,0,0
2015-05-26,23:59:00,1.30413,1.30486,1.30288,1.30403,0,0
2015-05-27,01:00:00,1.30407,1.30495,1.30395,1.30395,0,0
2015-05-27,02:00:00,1.30395,1.30525,1.30389,1.30525,0,0
2015-05-27,03:00:00,1.30525,1.30525,1.30432,1.30471,0,0
2015-05-27,04:00:00,1.30471,1.30545,1.3044,1.30456,0,0
2015-05-27,05:00:00,1.30455,1.30597,1.30455,1.30577,0,0
2015-05-27,06:00:00,1.30577,1.30608,1.30538,1.30604,0,0
2015-05-27,07:00:00,1.30602,1.30664,1.30555,1.30631,0,0
2015-05-27,08:00:00,1.3063,1.30809,1.30628,1.30712,0,0
2015-05-27,09:00:00,1.307,1.30907,1.30678,1.30883,0,0
2015-05-27,10:00:00,1.30883,1.31052,1.30701,1.31013,0,0
2015-05-27,11:00:00,1.31013,1.31119,1.30923,1.31088,0,0
2015-05-27,12:00:00,1.31084,1.31371,1.31064,1.31183,0,0
2015-05-27,13:00:00,1.31183,1.31287,1.30986,1.31126,0,0
2015-05-27,14:00:00,1.31096,1.31169,1.30849,1.30998,0,0
2015-05-27,15:00:00,1.31,1.31113,1.30817,1.30817,0,0
2015-05-27,16:00:00,1.30811,1.30923,1.30573,1.30573,0,0
2015-05-27,17:00:00,1.30575,1.31209,1.30478,1.31198,0,0
2015-05-27,18:00:00,1.31197,1.31533,1.31085,1.31294,0,0
2015-05-27,19:00:00,1.31291,1.31385,1.31161,1.31361,0,0
2015-05-27,20:00:00,1.31362,1.31439,1.31207,1.3133,0,0
2015-05-27,21:00:00,1.3133,1.3133,1.31053,1.31054,0,0
2015-05-27,22:00:00,1.31074,1.31118,1.30983,1.31078,0,0
2015-05-27,23:00:00,1.31081,1.31207,1.31081,1.31156,0,0
2015-05-27,23:59:00,1.31156,1.31252,1.31047,1.31067,0,0
2015-05-28,01:00:00,1.31078,1.31171,1.31055,1.3114,0,0
2015-05-28,02:00:00,1.3114,1.31165,1.31108,1.31133,0,0
2015-05-28,03:00:00,1.31133,1.3125,1.31111,1.31195,0,0
2015-05-28,04:00:00,1.31196,1.31333,1.31149,1.31193,0,0
2015-05-28,05:00:00,1.31186,1.31324,1.31183,1.31288,0,0
2015-05-28,06:00:00,1.31285,1.31455,1.31263,1.31409,0,0
2015-05-28,07:00:00,1.3141,1.31573,1.31381,1.31556,0,0
2015-05-28,08:00:00,1.31553,1.31555,1.31306,1.3136,0,0
2015-05-28,09:00:00,1.3136,1.31565,1.31283,1.31496,0,0
2015-05-28,10:00:00,1.31527,1.31773,1.3145,1.31685,0,0
2015-05-28,11:00:00,1.31684,1.31886,1.31547,1.3184,0,0
2015-05-28,12:00:00,1.3184,1.31973,1.31777,1.31907,0,0
2015-05-28,13:00:00,1.31907,1.32107,1.31866,1.31974,0,0
2015-05-28,14:00:00,1.31972,1.31984,1.31414,1.31438,0,0
2015-05-28,15:00:00,1.31433,1.31753,1.31322,1.31683,0,0
2015-05-28,16:00:00,1.31688,1.32014,1.31575,1.31948,0,0
2015-05-28,17:00:00,1.31948,1.3224,1.31856,1.32225,0,0
2015-05-28,18:00:00,1.32242,1.32242,1.31868,1.31878,0,0
2015-05-28,19:00:00,1.31879,1.32027,1.31793,1.31914,0,0
2015-05-28,20:00:00,1.3193,1.32147,1.31788,1.31798,0,0
2015-05-28,21:00:00,1.318,1.31852,1.31692,1.31813,0,0
2015-05-28,22:00:00,1.31801,1.31857,1.31671,1.31696,0,0
2015-05-28,23:00:00,1.31696,1.3181,1.31674,1.31734,0,0
2015-05-28,23:59:00,1.31734,1.31915,1.31578,1.3171,0,0
2015-05-29,01:00:00,1.31749,1.31847,1.31701,1.31825,0,0
2015-05-29,02:00:00,1.31824,1.31847,1.31734,1.3176,0,0
2015-05-29,03:00:00,1.3176,1.31779,1.31627,1.31751,0,0
2015-05-29,04:00:00,1.31751,1.31769,1.31676,1.31749,0,0
2015-05-29,05:00:00,1.31749,1.3179,1.31712,1.3176,0,0
2015-05-29,06:00:00,1.3176,1.3188,1.31747,1.3188,0,0
2015-05-29,07:00:00,1.3188,1.31936,1.31789,1.31856,0,0
2015-05-29,08:00:00,1.31855,1.31867,1.3166,1.31698,0,0
2015-05-29,09:00:00,1.31686,1.3174,1.31358,1.31374,0,0
2015-05-29,10:00:00,1.31335,1.31782,1.31276,1.31733,0,0
2015-05-29,11:00:00,1.31733,1.31994,1.31733,1.31789,0,0
2015-05-29,12:00:00,1.3179,1.32135,1.31735,1.32118,0,0
2015-05-29,13:00:00,1.32132,1.32149,1.31956,1.32138,0,0
2015-05-29,14:00:00,1.32127,1.32176,1.31892,1.32074,0,0
2015-05-29,15:00:00,1.3208,1.3307,1.32012,1.32962,0,0
2015-05-29,16:00:00,1.32966,1.33475,1.32911,1.33421,0,0
2015-05-29,17:00:00,1.3335,1.33409,1.32276,1.32276,0,0
2015-05-29,18:00:00,1.32245,1.32634,1.32123,1.3247,0,0
2015-05-29,19:00:00,1.32495,1.32585,1.32301,1.32304,0,0
2015-05-29,20:00:00,1.32303,1.32603,1.32299,1.32507,0,0
2015-05-29,21:00:00,1.32507,1.32542,1.32316,1.32412,0,0
2015-05-29,22:00:00,1.32411,1.32474,1.32289,1.323,0,0
2015-05-29,23:00:00,1.32303,1.32334,1.32303,1.32315,0,0
2015-06-01,01:00:00,1.32393,1.32504,1.32331,1.32419,0,0
2015-06-01,02:00:00,1.32419,1.32508,1.32291,1.3231,0,0
2015-06-01,03:00:00,1.32313,1.32345,1.32174,1.32282,0,0
2015-06-01,04:00:00,1.32282,1.32301,1.32195,1.32216,0,0
2015-06-01,05:00:00,1.32216,1.32233,1.32158,1.3216,0,0
2015-06-01,06:00:00,1.3216,1.32257,1.32127,1.32207,0,0
2015-06-01,07:00:00,1.32209,1.32259,1.32145,1.32206,0,0
2015-06-01,08:00:00,1.32202,1.32229,1.32047,1.32103,0,0
2015-06-01,09:00:00,1.32103,1.3214,1.318,1.31853,0,0
2015-06-01,10:00:00,1.31839,1.3193,1.31655,1.31844,0,0
2015-06-01,11:00:00,1.31852,1.31943,1.31805,1.3187,0,0
2015-06-01,12:00:00,1.31882,1.32085,1.31731,1.31975,0,0
2015-06-01,13:00:00,1.31975,1.32124,1.31834,1.32069,0,0
2015-06-01,14:00:00,1.32064,1.32137,1.31875,1.3212,0,0
2015-06-01,15:00:00,1.32115,1.3242,1.32115,1.32394,0,0
2015-06-01,16:00:00,1.32395,1.32712,1.32373,1.32574,0,0
2015-06-01,17:00:00,1.32593,1.32873,1.3248,1.32532,0,0
2015-06-01,18:00:00,1.32541,1.32696,1.32447,1.32523,0,0
2015-06-01,19:00:00,1.32517,1.32648,1.32443,1.32555,0,0
2015-06-01,20:00:00,1.3257,1.32733,1.32554,1.32602,0,0
2015-06-01,21:00:00,1.32599,1.32613,1.32325,1.32447,0,0
2015-06-01,22:00:00,1.32447,1.32519,1.32407,1.32451,0,0
2015-06-01,23:00:00,1.32451,1.32529,1.32365,1.32369,0,0
2015-06-01,23:59:00,1.32372,1.32518,1.32186,1.32414,0,0
2015-06-02,01:00:00,1.32425,1.32468,1.32381,1.32442,0,0
2015-06-02,02:00:00,1.32442,1.32466,1.32326,1.32391,0,0
2015-06-02,03:00:00,1.32391,1.32568,1.32375,1.32537,0,0
2015-06-02,04:00:00,1.32537,1.32556,1.32499,1.32548,0,0
2015-06-02,05:00:00,1.32546,1.32564,1.32463,1.32519,0,0
2015-06-02,06:00:00,1.32518,1.32551,1.32468,1.32532,0,0
2015-06-02,07:00:00,1.32531,1.32587,1.32465,1.32488,0,0
2015-06-02,08:00:00,1.32489,1.3252,1.32314,1.32319,0,0
2015-06-02,09:00:00,1.3232,1.32797,1.32298,1.32767,0,0
2015-06-02,10:00:00,1.32767,1.32847,1.32534,1.32534,0,0
2015-06-02,11:00:00,1.3253,1.32912,1.32468,1.32912,0,0
2015-06-02,12:00:00,1.32912,1.33175,1.32887,1.33073,0,0
2015-06-02,13:00:00,1.33073,1.33351,1.3293,1.33182,0,0
2015-06-02,14:00:00,1.33166,1.33334,1.32722,1.32829,0,0
2015-06-02,15:00:00,1.32835,1.32997,1.32539,1.32953,0,0
2015-06-02,16:00:00,1.32965,1.33491,1.32883,1.33365,0,0
2015-06-02,17:00:00,1.33358,1.3353,1.33065,1.33167,0,0
2015-06-02,18:00:00,1.33186,1.3338,1.32947,1.32947,0,0
2015-06-02,19:00:00,1.32943,1.32977,1.32641,1.32781,0,0
2015-06-02,20:00:00,1.32788,1.32963,1.32777,1.32924,0,0
2015-06-02,21:00:00,1.32924,1.33144,1.32921,1.33065,0,0
2015-06-02,22:00:00,1.33055,1.33084,1.32916,1.32955,0,0
2015-06-02,23:00:00,1.32955,1.33022,1.32882,1.32899,0,0
2015-06-02,23:59:00,1.32905,1.32986,1.32893,1.32933,0,0
2015-06-03,01:00:00,1.32943,1.33016,1.32927,1.32968,0,0
2015-06-03,02:00:00,1.32972,1.33038,1.3295,1.33007,0,0
2015-06-03,03:00:00,1.33005,1.33005,1.3289,1.32949,0,0
2015-06-03,04:00:00,1.3295,1.32953,1.32717,1.32733,0,0
2015-06-03,05:00:00,1.32734,1.32931,1.32715,1.32903,0,0
2015-06-03,06:00:00,1.32905,1.32938,1.32821,1.32836,0,0
2015-06-03,07:00:00,1.3283,1.32925,1.3283,1.32906,0,0
2015-06-03,08:00:00,1.32906,1.33089,1.32822,1.32904,0,0
2015-06-03,09:00:00,1.32904,1.33163,1.32815,1.32913,0,0
2015-06-03,10:00:00,1.32905,1.32972,1.32611,1.32897,0,0
2015-06-03,11:00:00,1.32884,1.33072,1.32877,1.3291,0,0
2015-06-03,12:00:00,1.3291,1.33191,1.32766,1.3318,0,0
2015-06-03,13:00:00,1.33179,1.33179,1.32823,1.32997,0,0
2015-06-03,14:00:00,1.32997,1.33067,1.32592,1.32622,0,0
2015-06-03,15:00:00,1.32623,1.32942,1.32461,1.32942,0,0
2015-06-03,16:00:00,1.32942,1.33593,1.32901,1.33593,0,0
2015-06-03,17:00:00,1.33494,1.33504,1.32863,1.33106,0,0
2015-06-03,18:00:00,1.33106,1.33292,1.32975,1.33171,0,0
2015-06-03,19:00:00,1.3319,1.33379,1.33165,1.33245,0,0
2015-06-03,20:00:00,1.3325,1.33352,1.3317,1.33184,0,0
2015-06-03,21:00:00,1.33184,1.33243,1.33134,1.33142,0,0
2015-06-03,22:00:00,1.33142,1.33293,1.33124,1.33266,0,0
2015-06-03,23:00:00,1.33266,1.33406,1.33214,1.33337,0,0
2015-06-03,23:59:00,1.33337,1.33364,1.33247,1.33323,0,0
2015-06-04,01:00:00,1.33319,1.33398,1.33288,1.33395,0,0
2015-06-04,02:00:00,1.33395,1.33395,1.33233,1.33277,0,0
2015-06-04,03:00:00,1.33277,1.33332,1.33274,1.33292,0,0
2015-06-04,04:00:00,1.33295,1.33377,1.33217,1.33319,0,0
2015-06-04,05:00:00,1.33312,1.33343,1.33225,1.33263,0,0
2015-06-04,06:00:00,1.33263,1.33329,1.33247,1.333,0,0
2015-06-04,07:00:00,1.33303,1.33361,1.33291,1.33332,0,0
2015-06-04,08:00:00,1.33331,1.33448,1.33329,1.33435,0,0
2015-06-04,09:00:00,1.33435,1.33505,1.33216,1.33268,0,0
2015-06-04,10:00:00,1.33269,1.33411,1.33177,1.3341,0,0
2015-06-04,11:00:00,1.33408,1.34126,1.33408,1.33953,0,0
2015-06-04,12:00:00,1.33921,1.34151,1.33751,1.33895,0,0
2015-06-04,13:00:00,1.33895,1.33898,1.33674,1.33844,0,0
2015-06-04,14:00:00,1.33842,1.33941,1.33573,1.33573,0,0
2015-06-04,15:00:00,1.33573,1.33706,1.33434,1.33644,0,0
2015-06-04,16:00:00,1.33644,1.338,1.33557,1.33686,0,0
2015-06-04,17:00:00,1.33674,1.33792,1.33399,1.33423,0,0
2015-06-04,18:00:00,1.33423,1.33624,1.33368,1.3351,0,0
2015-06-04,19:00:00,1.33517,1.33828,1.33485,1.33746,0,0
2015-06-04,20:00:00,1.33746,1.33978,1.33655,1.33759,0,0
2015-06-04,21:00:00,1.33769,1.33979,1.33733,1.33927,0,0
2015-06-04,22:00:00,1.33953,1.34008,1.3389,1.33977,0,0
2015-06-04,23:00:00,1.33988,1.33996,1.33864,1.33891,0,0
2015-06-04,23:59:00,1.33898,1.33952,1.33854,1.33889,0,0
2015-06-05,01:00:00,1.33912,1.33912,1.33728,1.33752,0,0
2015-06-05,02:00:00,1.33749,1.33758,1.33561,1.33658,0,0
2015-06-05,03:00:00,1.33658,1.33704,1.33593,1.33631,0,0
2015-06-05,04:00:00,1.33631,1.33663,1.33575,1.33637,0,0
2015-06-05,05:00:00,1.33637,1.33688,1.33616,1.33669,0,0
2015-06-05,06:00:00,1.33669,1.33673,1.3361,1.33666,0,0
2015-06-05,07:00:00,1.33666,1.33822,1.3365,1.33758,0,0
2015-06-05,08:00:00,1.33758,1.33786,1.33685,1.33781,0,0
2015-06-05,09:00:00,1.33791,1.3403,1.33714,1.34015,0,0
2015-06-05,10:00:00,1.34025,1.34606,1.33996,1.34434,0,0
2015-06-05,11:00:00,1.34434,1.34583,1.34275,1.34301,0,0
2015-06-05,12:00:00,1.34301,1.34457,1.34207,1.34448,0,0
2015-06-05,13:00:00,1.34438,1.34438,1.33916,1.34052,0,0
2015-06-05,14:00:00,1.34048,1.34207,1.33823,1.33983,0,0
2015-06-05,15:00:00,1.33983,1.34044,1.32095,1.32315,0,0
2015-06-05,16:00:00,1.32315,1.32502,1.3208,1.3208,0,0
2015-06-05,17:00:00,1.3208,1.32156,1.31709,1.31709,0,0
2015-06-05,18:00:00,1.31705,1.324,1.31544,1.32319,0,0
2015-06-05,19:00:00,1.32328,1.32775,1.32324,1.32775,0,0
2015-06-05,20:00:00,1.32771,1.32911,1.32435,1.32561,0,0
2015-06-05,21:00:00,1.32561,1.32673,1.32433,1.32466,0,0
2015-06-05,22:00:00,1.32446,1.32511,1.32365,1.32365,0,0
2015-06-05,23:00:00,1.32348,1.32348,1.32313,1.32319,0,0
2015-06-08,01:00:00,1.32214,1.32394,1.32214,1.32355,0,0
2015-06-08,02:00:00,1.32351,1.32517,1.3234,1.32489,0,0
2015-06-08,03:00:00,1.3246,1.32559,1.32386,1.32407,0,0
2015-06-08,04:00:00,1.32393,1.32471,1.32354,1.32422,0,0
2015-06-08,05:00:00,1.32422,1.32435,1.32335,1.32374,0,0
2015-06-08,06:00:00,1.32374,1.32421,1.32353,1.32404,0,0
2015-06-08,07:00:00,1.32408,1.32421,1.32342,1.32359,0,0
2015-06-08,08:00:00,1.32359,1.3241,1.32302,1.32353,0,0
2015-06-08,09:00:00,1.32358,1.32631,1.32165,1.32341,0,0
2015-06-08,10:00:00,1.32346,1.32757,1.32346,1.3268,0,0
2015-06-08,11:00:00,1.32681,1.32782,1.32366,1.324,0,0
2015-06-08,12:00:00,1.324,1.32559,1.32243,1.32255,0,0
2015-06-08,13:00:00,1.32254,1.32382,1.32199,1.32378,0,0
2015-06-08,14:00:00,1.32381,1.32676,1.32378,1.32589,0,0
2015-06-08,15:00:00,1.32589,1.32666,1.32401,1.32401,0,0
2015-06-08,16:00:00,1.324,1.3261,1.32306,1.32474,0,0
2015-06-08,17:00:00,1.32465,1.33027,1.32465,1.3295,0,0
2015-06-08,18:00:00,1.32949,1.33399,1.32762,1.33222,0,0
2015-06-08,19:00:00,1.33222,1.33466,1.33211,1.33395,0,0
2015-06-08,20:00:00,1.33395,1.3378,1.33344,1.33703,0,0
2015-06-08,21:00:00,1.33703,1.33776,1.33498,1.33519,0,0
2015-06-08,22:00:00,1.33529,1.33591,1.33418,1.33514,0,0
2015-06-08,23:00:00,1.33515,1.33883,1.33483,1.33819,0,0
2015-06-08,23:59:00,1.33822,1.33822,1.33713,1.33757,0,0
2015-06-09,01:00:00,1.33776,1.33897,1.33767,1.33889,0,0
2015-06-09,02:00:00,1.33889,1.33889,1.33791,1.33826,0,0
2015-06-09,03:00:00,1.33828,1.33854,1.33768,1.33813,0,0
2015-06-09,04:00:00,1.33813,1.33998,1.33796,1.3381,0,0
2015-06-09,05:00:00,1.3381,1.33878,1.33788,1.33809,0,0
2015-06-09,06:00:00,1.33809,1.33819,1.33735,1.33772,0,0
2015-06-09,07:00:00,1.33773,1.33855,1.33736,1.33776,0,0
2015-06-09,08:00:00,1.33776,1.33847,1.33738,1.33793,0,0
2015-06-09,09:00:00,1.33793,1.33961,1.33606,1.33787,0,0
2015-06-09,10:00:00,1.33788,1.34277,1.33579,1.34205,0,0
2015-06-09,11:00:00,1.34205,1.34354,1.33704,1.33744,0,0
2015-06-09,12:00:00,1.33762,1.33854,1.33471,1.33498,0,0
2015-06-09,13:00:00,1.33488,1.33645,1.33367,1.33457,0,0
2015-06-09,14:00:00,1.33457,1.33524,1.32801,1.32801,0,0
2015-06-09,15:00:00,1.32814,1.32814,1.32359,1.32511,0,0
2015-06-09,16:00:00,1.32508,1.32675,1.32414,1.32632,0,0
2015-06-09,17:00:00,1.32625,1.32748,1.32341,1.32379,0,0
2015-06-09,18:00:00,1.32392,1.32617,1.32298,1.32493,0,0
2015-06-09,19:00:00,1.32474,1.32616,1.32252,1.32439,0,0
2015-06-09,20:00:00,1.32445,1.3252,1.32286,1.32507,0,0
2015-06-09,21:00:00,1.32507,1.32608,1.32408,1.32479,0,0
2015-06-09,22:00:00,1.32477,1.32643,1.32477,1.32598,0,0
2015-06-09,23:00:00,1.32598,1.32598,1.32288,1.32527,0,0
2015-06-09,23:59:00,1.32527,1.3256,1.32409,1.3253,0,0
2015-06-10,01:00:00,1.32515,1.32559,1.32466,1.32506,0,0
2015-06-10,02:00:00,1.32506,1.3269,1.32489,1.3264,0,0
2015-06-10,03:00:00,1.3264,1.32754,1.32607,1.32727,0,0
2015-06-10,04:00:00,1.32727,1.32747,1.32609,1.32666,0,0
2015-06-10,05:00:00,1.32666,1.32675,1.32515,1.32544,0,0
2015-06-10,06:00:00,1.32544,1.32575,1.32469,1.32495,0,0
2015-06-10,07:00:00,1.32495,1.32553,1.324,1.32486,0,0
2015-06-10,08:00:00,1.32485,1.32575,1.32353,1.32445,0,0
2015-06-10,09:00:00,1.32445,1.32647,1.32256,1.32615,0,0
2015-06-10,10:00:00,1.32619,1.32859,1.32524,1.32566,0,0
2015-06-10,11:00:00,1.32566,1.32761,1.32047,1.32047,0,0
2015-06-10,12:00:00,1.32061,1.32102,1.31738,1.31784,0,0
2015-06-10,13:00:00,1.31789,1.31915,1.31523,1.31915,0,0
2015-06-10,14:00:00,1.31901,1.32004,1.31744,1.31744,0,0
2015-06-10,15:00:00,1.31745,1.31828,1.31583,1.31721,0,0
2015-06-10,16:00:00,1.31721,1.31889,1.31611,1.31804,0,0
2015-06-10,17:00:00,1.31813,1.32126,1.3174,1.32033,0,0
2015-06-10,18:00:00,1.32027,1.32301,1.31901,1.31994,0,0
2015-06-10,19:00:00,1.32004,1.32098,1.31674,1.31859,0,0
2015-06-10,20:00:00,1.31861,1.32013,1.31744,1.3187,0,0
2015-06-10,21:00:00,1.31831,1.31882,1.31592,1.31592,0,0
2015-06-10,22:00:00,1.31604,1.31718,1.31604,1.31696,0,0
2015-06-10,23:00:00,1.31683,1.31723,1.31559,1.31561,0,0
2015-06-10,23:59:00,1.31555,1.31775,1.31555,1.31667,0,0
2015-06-11,01:00:00,1.31669,1.31712,1.31573,1.3164,0,0
2015-06-11,02:00:00,1.3164,1.31717,1.31598,1.31713,0,0
2015-06-11,03:00:00,1.31713,1.31749,1.3167,1.31674,0,0
2015-06-11,04:00:00,1.31675,1.31728,1.31543,1.3156,0,0
2015-06-11,05:00:00,1.31551,1.3162,1.31506,1.31559,0,0
2015-06-11,06:00:00,1.31559,1.31613,1.31538,1.31549,0,0
2015-06-11,07:00:00,1.3155,1.31638,1.31522,1.31595,0,0
2015-06-11,08:00:00,1.31593,1.31796,1.3158,1.31787,0,0
2015-06-11,09:00:00,1.31787,1.32052,1.31711,1.3183,0,0
2015-06-11,10:00:00,1.31836,1.31902,1.31562,1.31791,0,0
2015-06-11,11:00:00,1.318,1.31808,1.31312,1.31519,0,0
2015-06-11,12:00:00,1.31518,1.31577,1.31365,1.31523,0,0
2015-06-11,13:00:00,1.31523,1.31725,1.31422,1.31724,0,0
2015-06-11,14:00:00,1.3172,1.31743,1.31549,1.31598,0,0
2015-06-11,15:00:00,1.31597,1.31693,1.31218,1.31551,0,0
2015-06-11,16:00:00,1.31539,1.31555,1.31295,1.3141,0,0
2015-06-11,17:00:00,1.31416,1.31564,1.31155,1.31434,0,0
2015-06-11,18:00:00,1.31428,1.31661,1.31389,1.31499,0,0
2015-06-11,19:00:00,1.31481,1.31583,1.31421,1.31576,0,0
2015-06-11,20:00:00,1.31596,1.31651,1.31421,1.31452,0,0
2015-06-11,21:00:00,1.31452,1.3158,1.31359,1.3147,0,0
2015-06-11,22:00:00,1.31467,1.31606,1.31448,1.31576,0,0
2015-06-11,23:00:00,1.31578,1.31765,1.31523,1.31691,0,0
2015-06-11,23:59:00,1.31727,1.31845,1.31654,1.31687,0,0
2015-06-12,01:00:00,1.31671,1.31719,1.31644,1.31666,0,0
2015-06-12,02:00:00,1.31667,1.31688,1.31612,1.31634,0,0
2015-06-12,03:00:00,1.31628,1.31686,1.31607,1.31685,0,0
2015-06-12,04:00:00,1.31685,1.31711,1.31616,1.31711,0,0
2015-06-12,05:00:00,1.31713,1.31729,1.31615,1.31642,0,0
2015-06-12,06:00:00,1.3164,1.31685,1.3161,1.31615,0,0
2015-06-12,07:00:00,1.31622,1.31698,1.31527,1.31528,0,0
2015-06-12,08:00:00,1.31528,1.31618,1.31511,1.31551,0,0
2015-06-12,09:00:00,1.31573,1.3171,1.31542,1.31642,0,0
2015-06-12,10:00:00,1.31642,1.31885,1.31642,1.31711,0,0
2015-06-12,11:00:00,1.31703,1.31915,1.31245,1.31489,0,0
2015-06-12,12:00:00,1.31505,1.31786,1.31423,1.31682,0,0
2015-06-12,13:00:00,1.31682,1.31722,1.31499,1.31543,0,0
2015-06-12,14:00:00,1.31543,1.31717,1.31533,1.31693,0,0
2015-06-12,15:00:00,1.31698,1.32372,1.31698,1.32372,0,0
2015-06-12,16:00:00,1.32393,1.32909,1.3239,1.3264,0,0
2015-06-12,17:00:00,1.32567,1.32999,1.32534,1.3276,0,0
2015-06-12,18:00:00,1.32776,1.33019,1.32713,1.32874,0,0
2015-06-12,19:00:00,1.32866,1.32987,1.32746,1.32868,0,0
2015-06-12,20:00:00,1.32868,1.3295,1.32744,1.32744,0,0
2015-06-12,21:00:00,1.32744,1.32858,1.3268,1.32766,0,0
2015-06-12,22:00:00,1.32763,1.3278,1.32427,1.32454,0,0
2015-06-12,23:00:00,1.32463,1.32477,1.32447,1.32461,0,0
2015-06-15,01:00:00,1.32481,1.32565,1.32458,1.32481,0,0
2015-06-15,02:00:00,1.32481,1.32536,1.32426,1.32454,0,0
2015-06-15,03:00:00,1.32454,1.32454,1.32077,1.32277,0,0
2015-06-15,04:00:00,1.3228,1.323,1.32051,1.3207,0,0
2015-06-15,05:00:00,1.32074,1.32262,1.3204,1.32238,0,0
2015-06-15,06:00:00,1.32238,1.3236,1.32216,1.32333,0,0
2015-06-15,07:00:00,1.32333,1.32397,1.32276,1.32362,0,0
2015-06-15,08:00:00,1.32362,1.32377,1.3217,1.3217,0,0
2015-06-15,09:00:00,1.32166,1.32395,1.32087,1.32378,0,0
2015-06-15,10:00:00,1.32378,1.32458,1.32198,1.32374,0,0
2015-06-15,11:00:00,1.32373,1.32743,1.32322,1.32617,0,0
2015-06-15,12:00:00,1.32601,1.32722,1.32415,1.32481,0,0
2015-06-15,13:00:00,1.32495,1.32708,1.3233,1.32367,0,0
2015-06-15,14:00:00,1.32364,1.32366,1.31929,1.31968,0,0
2015-06-15,15:00:00,1.31967,1.31996,1.31636,1.31858,0,0
2015-06-15,16:00:00,1.31863,1.31913,1.31547,1.31804,0,0
2015-06-15,17:00:00,1.31798,1.3193,1.31647,1.31905,0,0
2015-06-15,18:00:00,1.319,1.31928,1.3165,1.3175,0,0
2015-06-15,19:00:00,1.3175,1.31867,1.31601,1.3184,0,0
2015-06-15,20:00:00,1.31829,1.31928,1.3166,1.31917,0,0
2015-06-15,21:00:00,1.31916,1.32303,1.31914,1.32303,0,0
2015-06-15,22:00:00,1.32303,1.32764,1.32303,1.32611,0,0
2015-06-15,23:00:00,1.32609,1.32626,1.32421,1.32592,0,0
2015-06-15,23:59:00,1.3259,1.32621,1.32454,1.32476,0,0
2015-06-16,01:00:00,1.32485,1.32591,1.32416,1.32417,0,0
2015-06-16,02:00:00,1.32417,1.32484,1.32409,1.32433,0,0
2015-06-16,03:00:00,1.32435,1.3245,1.32302,1.32402,0,0
2015-06-16,04:00:00,1.32402,1.32443,1.32277,1.32315,0,0
2015-06-16,05:00:00,1.32316,1.32443,1.32313,1.3239,0,0
2015-06-16,06:00:00,1.3239,1.32493,1.32386,1.32481,0,0
2015-06-16,07:00:00,1.32482,1.32501,1.32422,1.32426,0,0
2015-06-16,08:00:00,1.32428,1.32539,1.32374,1.32474,0,0
2015-06-16,09:00:00,1.32479,1.32779,1.3241,1.32744,0,0
2015-06-16,10:00:00,1.32744,1.32857,1.32593,1.32625,0,0
2015-06-16,11:00:00,1.32623,1.3286,1.32443,1.32443,0,0
2015-06-16,12:00:00,1.32443,1.32526,1.32283,1.32443,0,0
2015-06-16,13:00:00,1.32443,1.3262,1.32391,1.32454,0,0
2015-06-16,14:00:00,1.32454,1.32611,1.3226,1.32331,0,0
2015-06-16,15:00:00,1.3233,1.32415,1.32197,1.32322,0,0
2015-06-16,16:00:00,1.32322,1.32378,1.32157,1.32204,0,0
2015-06-16,17:00:00,1.32204,1.32464,1.32058,1.32464,0,0
2015-06-16,18:00:00,1.32455,1.32463,1.32137,1.32184,0,0
2015-06-16,19:00:00,1.32184,1.32312,1.32156,1.32239,0,0
2015-06-16,20:00:00,1.32237,1.32284,1.3204,1.32108,0,0
2015-06-16,21:00:00,1.32108,1.32193,1.32038,1.32098,0,0
2015-06-16,22:00:00,1.32098,1.32176,1.32019,1.32019,0,0
2015-06-16,23:00:00,1.32023,1.32092,1.31788,1.31909,0,0
2015-06-16,23:59:00,1.31877,1.31899,1.31784,1.31853,0,0
2015-06-17,01:00:00,1.31853,1.31899,1.31825,1.31898,0,0
2015-06-17,02:00:00,1.31898,1.31957,1.3187,1.31946,0,0
2015-06-17,03:00:00,1.31943,1.31969,1.31874,1.31939,0,0
2015-06-17,04:00:00,1.31939,1.32084,1.31925,1.32058,0,0
2015-06-17,05:00:00,1.32062,1.32085,1.32034,1.32069,0,0
2015-06-17,06:00:00,1.32068,1.32134,1.32064,1.3207,0,0
2015-06-17,07:00:00,1.3207,1.32102,1.3206,1.32062,0,0
2015-06-17,08:00:00,1.32062,1.32127,1.32037,1.32068,0,0
2015-06-17,09:00:00,1.32063,1.32501,1.31998,1.32411,0,0
2015-06-17,10:00:00,1.32411,1.33474,1.32393,1.33176,0,0
2015-06-17,11:00:00,1.33176,1.3341,1.33093,1.33093,0,0
2015-06-17,12:00:00,1.33104,1.33119,1.32711,1.32718,0,0
2015-06-17,13:00:00,1.32714,1.32752,1.32553,1.32555,0,0
2015-06-17,14:00:00,1.32554,1.32723,1.32553,1.32666,0,0
2015-06-17,15:00:00,1.32666,1.32986,1.32664,1.32847,0,0
2015-06-17,16:00:00,1.32848,1.32953,1.32773,1.328,0,0
2015-06-17,17:00:00,1.32803,1.32885,1.32296,1.32468,0,0
2015-06-17,18:00:00,1.32479,1.32876,1.32401,1.32675,0,0
2015-06-17,19:00:00,1.32675,1.33019,1.32675,1.32947,0,0
2015-06-17,20:00:00,1.32947,1.3305,1.32839,1.32964,0,0
2015-06-17,21:00:00,1.33023,1.33197,1.32616,1.32616,0,0
2015-06-17,22:00:00,1.3262,1.32887,1.32601,1.32743,0,0
2015-06-17,23:00:00,1.32729,1.3277,1.32603,1.32634,0,0
2015-06-17,23:59:00,1.3262,1.32723,1.32592,1.32619,0,0
2015-06-18,01:00:00,1.32627,1.32695,1.32599,1.32674,0,0
2015-06-18,02:00:00,1.32678,1.32818,1.32609,1.32779,0,0
2015-06-18,03:00:00,1.32785,1.32954,1.32785,1.32929,0,0
2015-06-18,04:00:00,1.32929,1.32933,1.32813,1.32837,0,0
2015-06-18,05:00:00,1.32837,1.32907,1.32817,1.32822,0,0
2015-06-18,06:00:00,1.32821,1.32928,1.32813,1.32913,0,0
2015-06-18,07:00:00,1.32912,1.32921,1.32826,1.32877,0,0
2015-06-18,08:00:00,1.32877,1.32957,1.32812,1.32846,0,0
2015-06-18,09:00:00,1.32846,1.32879,1.32549,1.32639,0,0
2015-06-18,10:00:00,1.3264,1.32793,1.32365,1.32733,0,0
2015-06-18,11:00:00,1.32731,1.32969,1.32598,1.32673,0,0
2015-06-18,12:00:00,1.32673,1.32785,1.32461,1.32724,0,0
2015-06-18,13:00:00,1.32734,1.32755,1.32519,1.32668,0,0
2015-06-18,14:00:00,1.32704,1.32844,1.32428,1.32522,0,0
2015-06-18,15:00:00,1.32522,1.32661,1.3226,1.32451,0,0
2015-06-18,16:00:00,1.32453,1.32841,1.32356,1.3252,0,0
2015-06-18,17:00:00,1.32487,1.32872,1.32448,1.32777,0,0
2015-06-18,18:00:00,1.32788,1.3296,1.32509,1.3274,0,0
2015-06-18,19:00:00,1.32738,1.32767,1.32269,1.32451,0,0
2015-06-18,20:00:00,1.32451,1.32685,1.32421,1.32583,0,0
2015-06-18,21:00:00,1.32583,1.32753,1.32515,1.32688,0,0
2015-06-18,22:00:00,1.32694,1.32795,1.3262,1.3276,0,0
2015-06-18,23:00:00,1.32763,1.32763,1.32606,1.32606,0,0
2015-06-18,23:59:00,1.32606,1.32772,1.32606,1.32661,0,0
2015-06-19,01:00:00,1.32649,1.32744,1.32629,1.32705,0,0
2015-06-19,02:00:00,1.32705,1.32724,1.32658,1.32692,0,0
2015-06-19,03:00:00,1.32689,1.32798,1.32678,1.32725,0,0
2015-06-19,04:00:00,1.32721,1.32765,1.32666,1.32688,0,0
2015-06-19,05:00:00,1.32686,1.32735,1.32669,1.32669,0,0
2015-06-19,06:00:00,1.32669,1.32764,1.32669,1.32746,0,0
2015-06-19,07:00:00,1.32746,1.32746,1.32661,1.32709,0,0
2015-06-19,08:00:00,1.3271,1.32735,1.32558,1.32616,0,0
2015-06-19,09:00:00,1.32616,1.32675,1.32496,1.32581,0,0
2015-06-19,10:00:00,1.32581,1.32629,1.3225,1.32371,0,0
2015-06-19,11:00:00,1.32371,1.32513,1.32255,1.32423,0,0
2015-06-19,12:00:00,1.32423,1.32671,1.32385,1.32468,0,0
2015-06-19,13:00:00,1.32432,1.32701,1.32302,1.32631,0,0
2015-06-19,14:00:00,1.32665,1.32722,1.32553,1.32597,0,0
2015-06-19,15:00:00,1.32597,1.33078,1.32517,1.33056,0,0
2015-06-19,16:00:00,1.33056,1.33102,1.32712,1.32867,0,0
2015-06-19,17:00:00,1.32867,1.33345,1.32867,1.33172,0,0
2015-06-19,18:00:00,1.33167,1.33425,1.33143,1.33339,0,0
2015-06-19,19:00:00,1.33339,1.33581,1.33339,1.33398,0,0
2015-06-19,20:00:00,1.33388,1.33633,1.33308,1.33599,0,0
2015-06-19,21:00:00,1.33602,1.33765,1.33599,1.33665,0,0
2015-06-19,22:00:00,1.33665,1.33849,1.33647,1.33739,0,0
2015-06-19,23:00:00,1.33731,1.33738,1.33713,1.33721,0,0
2015-06-22,01:00:00,1.33699,1.33795,1.33645,1.33657,0,0
2015-06-22,02:00:00,1.33657,1.33734,1.33642,1.33659,0,0
2015-06-22,03:00:00,1.33649,1.3374,1.33647,1.33723,0,0
2015-06-22,04:00:00,1.33726,1.3382,1.337,1.33702,0,0
2015-06-22,05:00:00,1.33698,1.33782,1.3362,1.33628,0,0
2015-06-22,06:00:00,1.33628,1.33675,1.33556,1.33572,0,0
2015-06-22,07:00:00,1.33572,1.33687,1.33557,1.33644,0,0
2015-06-22,08:00:00,1.33651,1.33699,1.33379,1.33453,0,0
2015-06-22,09:00:00,1.33453,1.33659,1.33362,1.33507,0,0
2015-06-22,10:00:00,1.33504,1.3363,1.33138,1.33236,0,0
2015-06-22,11:00:00,1.33236,1.33335,1.33029,1.3327,0,0
2015-06-22,12:00:00,1.3327,1.33304,1.33034,1.33129,0,0
2015-06-22,13:00:00,1.3313,1.33154,1.32863,1.32974,0,0
2015-06-22,14:00:00,1.32957,1.33016,1.32657,1.32667,0,0
2015-06-22,15:00:00,1.32667,1.33419,1.32581,1.33252,0,0
2015-06-22,16:00:00,1.33253,1.33427,1.32863,1.33296,0,0
2015-06-22,17:00:00,1.33304,1.3405,1.33227,1.3385,0,0
2015-06-22,18:00:00,1.33858,1.33989,1.33687,1.33728,0,0
2015-06-22,19:00:00,1.33724,1.3392,1.33516,1.33784,0,0
2015-06-22,20:00:00,1.33784,1.33802,1.33652,1.3369,0,0
2015-06-22,21:00:00,1.3369,1.33826,1.33567,1.33655,0,0
2015-06-22,22:00:00,1.33657,1.33726,1.33589,1.33717,0,0
2015-06-22,23:00:00,1.33715,1.33729,1.33573,1.33603,0,0
2015-06-22,23:59:00,1.3361,1.33749,1.33523,1.33621,0,0
2015-06-23,01:00:00,1.33627,1.33656,1.33588,1.3365,0,0
2015-06-23,02:00:00,1.33652,1.33703,1.3361,1.3361,0,0
2015-06-23,03:00:00,1.3359,1.33682,1.33572,1.33632,0,0
2015-06-23,04:00:00,1.33632,1.33654,1.33567,1.33579,0,0
2015-06-23,05:00:00,1.33581,1.33635,1.33,1.33062,0,0
2015-06-23,06:00:00,1.33038,1.33163,1.32918,1.32982,0,0
2015-06-23,07:00:00,1.32981,1.33138,1.32981,1.33044,0,0
2015-06-23,08:00:00,1.33043,1.33147,1.32985,1.33073,0,0
2015-06-23,09:00:00,1.33075,1.33091,1.32833,1.33029,0,0
2015-06-23,10:00:00,1.33031,1.33153,1.32865,1.33105,0,0
2015-06-23,11:00:00,1.33089,1.33118,1.32658,1.3284,0,0
2015-06-23,12:00:00,1.3282,1.32931,1.32451,1.32569,0,0
2015-06-23,13:00:00,1.32569,1.32577,1.32276,1.32334,0,0
2015-06-23,14:00:00,1.32336,1.32455,1.32235,1.32255,0,0
2015-06-23,15:00:00,1.32255,1.32337,1.31596,1.31695,0,0
2015-06-23,16:00:00,1.31683,1.32065,1.31555,1.31916,0,0
2015-06-23,17:00:00,1.3195,1.3219,1.31789,1.3206,0,0
2015-06-23,18:00:00,1.32067,1.32078,1.3181,1.32002,0,0
2015-06-23,19:00:00,1.32008,1.32015,1.31784,1.31929,0,0
2015-06-23,20:00:00,1.31936,1.32183,1.31933,1.32115,0,0
2015-06-23,21:00:00,1.32094,1.3222,1.31873,1.31883,0,0
2015-06-23,22:00:00,1.31893,1.31998,1.31893,1.31997,0,0
2015-06-23,23:00:00,1.31992,1.32043,1.31919,1.31987,0,0
2015-06-23,23:59:00,1.31987,1.32042,1.31931,1.31982,0,0
2015-06-24,01:00:00,1.31983,1.32004,1.31958,1.31983,0,0
2015-06-24,02:00:00,1.31983,1.32034,1.3197,1.32003,0,0
2015-06-24,03:00:00,1.32003,1.32029,1.31937,1.31955,0,0
2015-06-24,04:00:00,1.31954,1.32044,1.31944,1.3201,0,0
2015-06-24,05:00:00,1.3201,1.32052,1.31991,1.32029,0,0
2015-06-24,06:00:00,1.32028,1.32103,1.32007,1.32082,0,0
2015-06-24,07:00:00,1.32083,1.32147,1.32063,1.32084,0,0
2015-06-24,08:00:00,1.32083,1.32222,1.32063,1.32177,0,0
2015-06-24,09:00:00,1.32204,1.32412,1.32098,1.32347,0,0
2015-06-24,10:00:00,1.32347,1.32459,1.3215,1.32459,0,0
2015-06-24,11:00:00,1.32511,1.32511,1.32041,1.32068,0,0
2015-06-24,12:00:00,1.32056,1.32148,1.31808,1.31965,0,0
2015-06-24,13:00:00,1.31965,1.3205,1.31784,1.32,0,0
2015-06-24,14:00:00,1.32007,1.32124,1.31957,1.32118,0,0
2015-06-24,15:00:00,1.32118,1.32244,1.31917,1.32109,0,0
2015-06-24,16:00:00,1.32098,1.32452,1.3207,1.32403,0,0
2015-06-24,17:00:00,1.32403,1.3278,1.32403,1.32564,0,0
2015-06-24,18:00:00,1.32571,1.32701,1.32486,1.32583,0,0
2015-06-24,19:00:00,1.32583,1.32673,1.32307,1.3245,0,0
2015-06-24,20:00:00,1.32454,1.32734,1.32296,1.32659,0,0
2015-06-24,21:00:00,1.32659,1.32817,1.32606,1.32674,0,0
2015-06-24,22:00:00,1.32684,1.32768,1.32618,1.32735,0,0
2015-06-24,23:00:00,1.32735,1.32782,1.32613,1.32622,0,0
2015-06-24,23:59:00,1.3262,1.32694,1.3256,1.32672,0,0
2015-06-25,01:00:00,1.32676,1.32732,1.32588,1.32716,0,0
2015-06-25,02:00:00,1.32716,1.32721,1.32601,1.3266,0,0
2015-06-25,03:00:00,1.32656,1.32709,1.32612,1.32661,0,0
2015-06-25,04:00:00,1.32661,1.32673,1.3258,1.32624,0,0
2015-06-25,05:00:00,1.32623,1.3265,1.32548,1.32618,0,0
2015-06-25,06:00:00,1.32614,1.32664,1.32558,1.32558,0,0
2015-06-25,07:00:00,1.32558,1.32597,1.3248,1.32576,0,0
2015-06-25,08:00:00,1.32576,1.32727,1.32568,1.32691,0,0
2015-06-25,09:00:00,1.32716,1.32796,1.32482,1.32523,0,0
2015-06-25,10:00:00,1.32522,1.32835,1.32515,1.32566,0,0
2015-06-25,11:00:00,1.32568,1.32655,1.32167,1.32184,0,0
2015-06-25,12:00:00,1.32183,1.32183,1.31763,1.3189,0,0
2015-06-25,13:00:00,1.31894,1.3199,1.31674,1.31837,0,0
2015-06-25,14:00:00,1.31827,1.31874,1.31517,1.31782,0,0
2015-06-25,15:00:00,1.31782,1.32149,1.31707,1.31922,0,0
2015-06-25,16:00:00,1.31916,1.32135,1.31479,1.31661,0,0
2015-06-25,17:00:00,1.31656,1.31927,1.31611,1.31615,0,0
2015-06-25,18:00:00,1.31603,1.31757,1.31419,1.31694,0,0
2015-06-25,19:00:00,1.31687,1.32018,1.31685,1.31861,0,0
2015-06-25,20:00:00,1.31862,1.31908,1.31664,1.31664,0,0
2015-06-25,21:00:00,1.31664,1.31738,1.31562,1.31562,0,0
2015-06-25,22:00:00,1.31561,1.31654,1.31461,1.31461,0,0
2015-06-25,23:00:00,1.31474,1.31686,1.31474,1.31589,0,0
2015-06-25,23:59:00,1.3159,1.31761,1.31556,1.31681,0,0
2015-06-26,01:00:00,1.31686,1.31725,1.31638,1.31682,0,0
2015-06-26,02:00:00,1.31684,1.31715,1.31613,1.31674,0,0
2015-06-26,03:00:00,1.31666,1.31802,1.31665,1.31779,0,0
2015-06-26,04:00:00,1.31781,1.31897,1.31777,1.31842,0,0
2015-06-26,05:00:00,1.31842,1.31894,1.3177,1.31773,0,0
2015-06-26,06:00:00,1.31772,1.3188,1.31742,1.31864,0,0
2015-06-26,07:00:00,1.31867,1.31872,1.31784,1.31816,0,0
2015-06-26,08:00:00,1.31819,1.31854,1.31669,1.31691,0,0
2015-06-26,09:00:00,1.31689,1.32009,1.31654,1.31966,0,0
2015-06-26,10:00:00,1.31966,1.32332,1.31892,1.32332,0,0
2015-06-26,11:00:00,1.32332,1.32569,1.32328,1.32414,0,0
2015-06-26,12:00:00,1.32415,1.32558,1.32344,1.32479,0,0
2015-06-26,13:00:00,1.32477,1.32647,1.32389,1.32544,0,0
2015-06-26,14:00:00,1.32541,1.32628,1.32274,1.32491,0,0
2015-06-26,15:00:00,1.32491,1.32642,1.32313,1.32313,0,0
2015-06-26,16:00:00,1.32325,1.32626,1.32281,1.32512,0,0
2015-06-26,17:00:00,1.32483,1.32685,1.32311,1.32458,0,0
2015-06-26,18:00:00,1.32455,1.32474,1.32074,1.3215,0,0
2015-06-26,19:00:00,1.3215,1.32212,1.31823,1.31933,0,0
2015-06-26,20:00:00,1.31943,1.32086,1.31817,1.31869,0,0
2015-06-26,21:00:00,1.31869,1.31923,1.31546,1.31561,0,0
2015-06-26,22:00:00,1.31561,1.31886,1.31561,1.31862,0,0
2015-06-26,23:00:00,1.31862,1.31896,1.31862,1.31895,0,0
2015-06-29,01:00:00,1.31263,1.31742,1.31123,1.31523,0,0
2015-06-29,02:00:00,1.31523,1.31601,1.313,1.31341,0,0
2015-06-29,03:00:00,1.31344,1.3169,1.31344,1.31622,0,0
2015-06-29,04:00:00,1.31624,1.31644,1.31435,1.31455,0,0
2015-06-29,05:00:00,1.31454,1.31559,1.31405,1.3143,0,0
2015-06-29,06:00:00,1.31423,1.31526,1.31384,1.31402,0,0
2015-06-29,07:00:00,1.31402,1.31475,1.3131,1.31378,0,0
2015-06-29,08:00:00,1.31378,1.3154,1.31262,1.31482,0,0
2015-06-29,09:00:00,1.31489,1.31819,1.31278,1.31633,0,0
2015-06-29,10:00:00,1.31634,1.31733,1.30752,1.313,0,0
2015-06-29,11:00:00,1.313,1.31629,1.31247,1.31573,0,0
2015-06-29,12:00:00,1.31574,1.32016,1.31509,1.31983,0,0
2015-06-29,13:00:00,1.31978,1.32451,1.31942,1.32353,0,0
2015-06-29,14:00:00,1.32353,1.32603,1.32284,1.32328,0,0
2015-06-29,15:00:00,1.32327,1.32749,1.3225,1.32521,0,0
2015-06-29,16:00:00,1.32521,1.32945,1.32469,1.32875,0,0
2015-06-29,17:00:00,1.32881,1.33701,1.32881,1.33255,0,0
2015-06-29,18:00:00,1.33253,1.33616,1.33139,1.33413,0,0
2015-06-29,19:00:00,1.33413,1.33875,1.3334,1.33822,0,0
2015-06-29,20:00:00,1.33795,1.33889,1.33641,1.33804,0,0
2015-06-29,21:00:00,1.33804,1.33867,1.33454,1.33626,0,0
2015-06-29,22:00:00,1.33629,1.33881,1.33518,1.33863,0,0
2015-06-29,23:00:00,1.33878,1.34103,1.33798,1.34094,0,0
2015-06-29,23:59:00,1.34108,1.34108,1.34019,1.34076,0,0
2015-06-30,01:00:00,1.3408,1.34087,1.33974,1.3401,0,0
2015-06-30,02:00:00,1.3401,1.34072,1.33957,1.34058,0,0
2015-06-30,03:00:00,1.34058,1.34065,1.33965,1.34047,0,0
2015-06-30,04:00:00,1.34048,1.34059,1.33891,1.33897,0,0
2015-06-30,05:00:00,1.33897,1.3401,1.33866,1.3391,0,0
2015-06-30,06:00:00,1.3391,1.3391,1.33484,1.33694,0,0
2015-06-30,07:00:00,1.33342,1.33694,1.33194,1.33216,0,0
2015-06-30,08:00:00,1.33216,1.3334,1.33144,1.33215,0,0
2015-06-30,09:00:00,1.33215,1.33382,1.32877,1.32997,0,0
2015-06-30,10:00:00,1.33041,1.33391,1.32932,1.33086,0,0
2015-06-30,11:00:00,1.33102,1.33376,1.33046,1.33106,0,0
2015-06-30,12:00:00,1.33098,1.33429,1.3308,1.33324,0,0
2015-06-30,13:00:00,1.33324,1.33335,1.33063,1.33158,0,0
2015-06-30,14:00:00,1.33197,1.33222,1.32983,1.3299,0,0
2015-06-30,15:00:00,1.3299,1.33664,1.32784,1.33526,0,0
2015-06-30,16:00:00,1.33539,1.33798,1.33449,1.3371,0,0
2015-06-30,17:00:00,1.3371,1.34123,1.33485,1.33485,0,0
2015-06-30,18:00:00,1.33415,1.33539,1.33008,1.33412,0,0
2015-06-30,19:00:00,1.33417,1.33567,1.33051,1.33475,0,0
2015-06-30,20:00:00,1.33473,1.33718,1.33372,1.33632,0,0
2015-06-30,21:00:00,1.33632,1.3373,1.3348,1.3356,0,0
2015-06-30,22:00:00,1.33549,1.33634,1.33446,1.33578,0,0
2015-06-30,23:00:00,1.33594,1.33685,1.3353,1.33549,0,0
2015-06-30,23:59:00,1.33568,1.3359,1.33328,1.33589,0,0
2015-07-01,01:00:00,1.33514,1.33533,1.33317,1.33353,0,0
2015-07-01,02:00:00,1.33355,1.33508,1.33341,1.33408,0,0
2015-07-01,03:00:00,1.33408,1.33654,1.33311,1.33643,0,0
2015-07-01,04:00:00,1.33643,1.33662,1.33544,1.33605,0,0
2015-07-01,05:00:00,1.33605,1.33622,1.33497,1.33518,0,0
2015-07-01,06:00:00,1.33518,1.33603,1.33516,1.33552,0,0
2015-07-01,07:00:00,1.33552,1.33579,1.33479,1.33563,0,0
2015-07-01,08:00:00,1.33563,1.33642,1.33554,1.33581,0,0
2015-07-01,09:00:00,1.33581,1.33621,1.33426,1.33439,0,0
2015-07-01,10:00:00,1.33438,1.33448,1.32947,1.33029,0,0
2015-07-01,11:00:00,1.33044,1.33359,1.32711,1.33239,0,0
2015-07-01,12:00:00,1.33235,1.33436,1.3297,1.33212,0,0
2015-07-01,13:00:00,1.33212,1.33252,1.32857,1.32919,0,0
2015-07-01,14:00:00,1.32909,1.33017,1.32825,1.3296,0,0
2015-07-01,15:00:00,1.3296,1.33374,1.32726,1.33163,0,0
2015-07-01,16:00:00,1.33163,1.33228,1.32794,1.32982,0,0
2015-07-01,17:00:00,1.33015,1.33298,1.32787,1.32787,0,0
2015-07-01,18:00:00,1.3278,1.3291,1.32729,1.32806,0,0
2015-07-01,19:00:00,1.32805,1.32886,1.32723,1.32817,0,0
2015-07-01,20:00:00,1.32793,1.32912,1.32616,1.32797,0,0
2015-07-01,21:00:00,1.32786,1.32915,1.32669,1.32688,0,0
2015-07-01,22:00:00,1.32683,1.32804,1.3263,1.32768,0,0
2015-07-01,23:00:00,1.3276,1.32837,1.32704,1.32738,0,0
2015-07-01,23:59:00,1.32735,1.32881,1.32625,1.32747,0,0
2015-07-02,01:00:00,1.32767,1.32802,1.32707,1.32782,0,0
2015-07-02,02:00:00,1.32778,1.32787,1.32686,1.32702,0,0
2015-07-02,03:00:00,1.32697,1.32815,1.32667,1.32782,0,0
2015-07-02,04:00:00,1.32779,1.32863,1.32763,1.32779,0,0
2015-07-02,05:00:00,1.3278,1.32977,1.32762,1.32941,0,0
2015-07-02,06:00:00,1.32941,1.32992,1.32903,1.32945,0,0
2015-07-02,07:00:00,1.32945,1.33023,1.32923,1.33003,0,0
2015-07-02,08:00:00,1.33049,1.33199,1.32986,1.33188,0,0
2015-07-02,09:00:00,1.33187,1.33187,1.32987,1.33127,0,0
2015-07-02,10:00:00,1.33127,1.33185,1.32842,1.32849,0,0
2015-07-02,11:00:00,1.32836,1.33272,1.3282,1.33266,0,0
2015-07-02,12:00:00,1.33266,1.33321,1.3282,1.32832,0,0
2015-07-02,13:00:00,1.32829,1.3308,1.32742,1.32984,0,0
2015-07-02,14:00:00,1.32988,1.32998,1.32666,1.32891,0,0
2015-07-02,15:00:00,1.32897,1.3335,1.32686,1.33276,0,0
2015-07-02,16:00:00,1.33276,1.33458,1.33125,1.33426,0,0
2015-07-02,17:00:00,1.33426,1.3349,1.33061,1.33128,0,0
2015-07-02,18:00:00,1.33138,1.33234,1.33,1.33153,0,0
2015-07-02,19:00:00,1.33153,1.33172,1.32821,1.32841,0,0
2015-07-02,20:00:00,1.32814,1.33002,1.32814,1.33002,0,0
2015-07-02,21:00:00,1.33,1.33121,1.32909,1.33109,0,0
2015-07-02,22:00:00,1.33117,1.33117,1.32925,1.3296,0,0
2015-07-02,23:00:00,1.32972,1.32982,1.32877,1.32924,0,0
2015-07-02,23:59:00,1.3291,1.32979,1.32879,1.32928,0,0
2015-07-03,01:00:00,1.32944,1.3304,1.32914,1.32999,0,0
2015-07-03,02:00:00,1.32999,1.33031,1.32936,1.32947,0,0
2015-07-03,03:00:00,1.32946,1.3306,1.32936,1.32993,0,0
2015-07-03,04:00:00,1.32993,1.33183,1.32974,1.33169,0,0
2015-07-03,05:00:00,1.33169,1.33201,1.33104,1.33146,0,0
2015-07-03,06:00:00,1.33139,1.3319,1.33115,1.33138,0,0
2015-07-03,07:00:00,1.33138,1.33234,1.33126,1.33185,0,0
2015-07-03,08:00:00,1.33185,1.33291,1.3316,1.33215,0,0
2015-07-03,09:00:00,1.33218,1.3335,1.33194,1.33253,0,0
2015-07-03,10:00:00,1.3325,1.33333,1.33138,1.33272,0,0
2015-07-03,11:00:00,1.33272,1.33542,1.33272,1.33295,0,0
2015-07-03,12:00:00,1.33295,1.33438,1.33264,1.33358,0,0
2015-07-03,13:00:00,1.3336,1.3346,1.33287,1.33313,0,0
2015-07-03,14:00:00,1.33323,1.33432,1.33216,1.33385,0,0
2015-07-03,15:00:00,1.33385,1.33567,1.33303,1.33531,0,0
2015-07-03,16:00:00,1.33527,1.33882,1.33527,1.33795,0,0
2015-07-03,17:00:00,1.33796,1.33914,1.33475,1.33483,0,0
2015-07-03,18:00:00,1.33486,1.33778,1.33411,1.33554,0,0
2015-07-03,19:00:00,1.33544,1.33739,1.33357,1.33402,0,0
2015-07-03,20:00:00,1.33392,1.33543,1.33239,1.33355,0,0
2015-07-03,21:00:00,1.33355,1.33518,1.33328,1.33418,0,0
2015-07-03,22:00:00,1.33418,1.33584,1.33385,1.33577,0,0
2015-07-03,23:00:00,1.33577,1.33583,1.33553,1.33583,0,0
2015-07-06,01:00:00,1.3362,1.33834,1.33312,1.33609,0,0
2015-07-06,02:00:00,1.33609,1.33712,1.33562,1.33562,0,0
2015-07-06,03:00:00,1.33564,1.33636,1.335,1.33613,0,0
2015-07-06,04:00:00,1.33613,1.33775,1.33585,1.33653,0,0
2015-07-06,05:00:00,1.33653,1.33726,1.33588,1.33599,0,0
2015-07-06,06:00:00,1.33599,1.33636,1.33503,1.33553,0,0
2015-07-06,07:00:00,1.33553,1.33605,1.33406,1.33572,0,0
2015-07-06,08:00:00,1.33577,1.33846,1.33527,1.33838,0,0
2015-07-06,09:00:00,1.33858,1.33865,1.33255,1.33458,0,0
2015-07-06,10:00:00,1.33447,1.3355,1.33284,1.33354,0,0
2015-07-06,11:00:00,1.33376,1.33467,1.33268,1.3334,0,0
2015-07-06,12:00:00,1.3334,1.33474,1.3334,1.3338,0,0
2015-07-06,13:00:00,1.3338,1.336,1.33235,1.33564,0,0
2015-07-06,14:00:00,1.33564,1.33784,1.33426,1.33567,0,0
2015-07-06,15:00:00,1.33578,1.33635,1.33377,1.33576,0,0
2015-07-06,16:00:00,1.33571,1.33819,1.33524,1.33742,0,0
2015-07-06,17:00:00,1.33734,1.34043,1.33655,1.33753,0,0
2015-07-06,18:00:00,1.33753,1.34059,1.33634,1.3384,0,0
2015-07-06,19:00:00,1.33836,1.34151,1.33748,1.34055,0,0
2015-07-06,20:00:00,1.34055,1.343,1.34019,1.34213,0,0
2015-07-06,21:00:00,1.34213,1.34441,1.34175,1.34216,0,0
2015-07-06,22:00:00,1.34216,1.34292,1.34145,1.34237,0,0
2015-07-06,23:00:00,1.34238,1.34275,1.34182,1.34226,0,0
2015-07-06,23:59:00,1.34219,1.34262,1.34156,1.34172,0,0
2015-07-07,01:00:00,1.34175,1.34242,1.34144,1.34193,0,0
2015-07-07,02:00:00,1.34193,1.34268,1.34169,1.34248,0,0
2015-07-07,03:00:00,1.34249,1.34249,1.34134,1.3422,0,0
2015-07-07,04:00:00,1.3422,1.34294,1.34069,1.34114,0,0
2015-07-07,05:00:00,1.34111,1.34226,1.34064,1.34215,0,0
2015-07-07,06:00:00,1.34219,1.34243,1.34125,1.34142,0,0
2015-07-07,07:00:00,1.34142,1.34158,1.34062,1.34104,0,0
2015-07-07,08:00:00,1.34102,1.34174,1.34037,1.3417,0,0
2015-07-07,09:00:00,1.34177,1.34182,1.3392,1.33997,0,0
2015-07-07,10:00:00,1.33997,1.34405,1.33939,1.34235,0,0
2015-07-07,11:00:00,1.34247,1.34364,1.33975,1.3398,0,0
2015-07-07,12:00:00,1.3399,1.34151,1.33923,1.34,0,0
2015-07-07,13:00:00,1.34,1.34203,1.33995,1.34052,0,0
2015-07-07,14:00:00,1.34086,1.34193,1.33921,1.34088,0,0
2015-07-07,15:00:00,1.34088,1.34323,1.33877,1.33936,0,0
2015-07-07,16:00:00,1.3394,1.34706,1.339,1.34645,0,0
2015-07-07,17:00:00,1.34649,1.34675,1.34221,1.34335,0,0
2015-07-07,18:00:00,1.34309,1.34618,1.34228,1.34336,0,0
2015-07-07,19:00:00,1.34366,1.34527,1.34272,1.34295,0,0
2015-07-07,20:00:00,1.34295,1.34453,1.34152,1.34368,0,0
2015-07-07,21:00:00,1.34368,1.34612,1.34338,1.34438,0,0
2015-07-07,22:00:00,1.34438,1.34517,1.3418,1.34421,0,0
2015-07-07,23:00:00,1.34437,1.34437,1.34186,1.34186,0,0
2015-07-07,23:59:00,1.34186,1.34333,1.34177,1.34295,0,0
2015-07-08,01:00:00,1.34297,1.34345,1.34207,1.34326,0,0
2015-07-08,02:00:00,1.34326,1.34455,1.34285,1.34372,0,0
2015-07-08,03:00:00,1.34372,1.34463,1.34345,1.3443,0,0
2015-07-08,04:00:00,1.34431,1.34639,1.34403,1.34517,0,0
2015-07-08,05:00:00,1.34517,1.34543,1.34454,1.34472,0,0
2015-07-08,06:00:00,1.34472,1.34616,1.34427,1.34549,0,0
2015-07-08,07:00:00,1.34552,1.34572,1.34464,1.34561,0,0
2015-07-08,08:00:00,1.34561,1.34669,1.3452,1.34633,0,0
2015-07-08,09:00:00,1.34631,1.35046,1.3461,1.34996,0,0
2015-07-08,10:00:00,1.35001,1.35164,1.3488,1.35133,0,0
2015-07-08,11:00:00,1.35148,1.35208,1.34951,1.35036,0,0
2015-07-08,12:00:00,1.35036,1.35178,1.34631,1.34699,0,0
2015-07-08,13:00:00,1.34695,1.35107,1.34302,1.34302,0,0
2015-07-08,14:00:00,1.34292,1.34317,1.3368,1.34051,0,0
2015-07-08,15:00:00,1.34041,1.34625,1.33911,1.34348,0,0
2015-07-08,16:00:00,1.34347,1.34479,1.34022,1.34225,0,0
2015-07-08,17:00:00,1.34223,1.34261,1.33867,1.33967,0,0
2015-07-08,18:00:00,1.33969,1.34539,1.33932,1.34539,0,0
2015-07-08,19:00:00,1.34544,1.34636,1.34296,1.34546,0,0
2015-07-08,20:00:00,1.34544,1.34688,1.3427,1.34486,0,0
2015-07-08,21:00:00,1.3449,1.34732,1.34453,1.34732,0,0
2015-07-08,22:00:00,1.34746,1.34775,1.34635,1.34717,0,0
2015-07-08,23:00:00,1.34721,1.3485,1.34688,1.34848,0,0
2015-07-08,23:59:00,1.34848,1.34848,1.34663,1.34745,0,0
2015-07-09,01:00:00,1.34746,1.34827,1.34715,1.34751,0,0
2015-07-09,02:00:00,1.34754,1.34781,1.34607,1.34613,0,0
2015-07-09,03:00:00,1.34613,1.34787,1.34613,1.34686,0,0
2015-07-09,04:00:00,1.34686,1.3469,1.34519,1.3455,0,0
2015-07-09,05:00:00,1.3455,1.34643,1.34458,1.34597,0,0
2015-07-09,06:00:00,1.34595,1.34609,1.34531,1.3456,0,0
2015-07-09,07:00:00,1.34558,1.3463,1.34523,1.3456,0,0
2015-07-09,08:00:00,1.34584,1.34628,1.34454,1.34494,0,0
2015-07-09,09:00:00,1.34493,1.34697,1.34438,1.34697,0,0
2015-07-09,10:00:00,1.34677,1.34723,1.34257,1.3428,0,0
2015-07-09,11:00:00,1.34299,1.34357,1.3395,1.33977,0,0
2015-07-09,12:00:00,1.33972,1.34094,1.3373,1.33766,0,0
2015-07-09,13:00:00,1.33764,1.34007,1.33725,1.34002,0,0
2015-07-09,14:00:00,1.33958,1.33971,1.33515,1.33531,0,0
2015-07-09,15:00:00,1.33531,1.33643,1.33268,1.3345,0,0
2015-07-09,16:00:00,1.33409,1.3413,1.33382,1.34047,0,0
2015-07-09,17:00:00,1.3404,1.34431,1.3404,1.34431,0,0
2015-07-09,18:00:00,1.34432,1.34463,1.33993,1.34024,0,0
2015-07-09,19:00:00,1.34025,1.34181,1.33887,1.34177,0,0
2015-07-09,20:00:00,1.34178,1.34312,1.3406,1.34193,0,0
2015-07-09,21:00:00,1.34193,1.34321,1.34024,1.34082,0,0
2015-07-09,22:00:00,1.34082,1.3417,1.33963,1.33987,0,0
2015-07-09,23:00:00,1.33988,1.34086,1.3387,1.34068,0,0
2015-07-09,23:59:00,1.34073,1.34076,1.3384,1.34027,0,0
2015-07-10,01:00:00,1.34006,1.34118,1.33965,1.34042,0,0
2015-07-10,02:00:00,1.34046,1.34137,1.33978,1.34093,0,0
2015-07-10,03:00:00,1.34093,1.34182,1.34078,1.34175,0,0
2015-07-10,04:00:00,1.34175,1.34281,1.34138,1.34189,0,0
2015-07-10,05:00:00,1.3419,1.34218,1.34056,1.34135,0,0
2015-07-10,06:00:00,1.34135,1.34147,1.34026,1.34039,0,0
2015-07-10,07:00:00,1.34038,1.3408,1.33981,1.34029,0,0
2015-07-10,08:00:00,1.34027,1.34079,1.33948,1.33959,0,0
2015-07-10,09:00:00,1.33962,1.34224,1.33959,1.34163,0,0
2015-07-10,10:00:00,1.34162,1.35316,1.34038,1.35074,0,0
2015-07-10,11:00:00,1.35043,1.35541,1.35018,1.35164,0,0
2015-07-10,12:00:00,1.35164,1.35678,1.3511,1.35487,0,0
2015-07-10,13:00:00,1.35478,1.35725,1.35442,1.35614,0,0
2015-07-10,14:00:00,1.35614,1.35934,1.35542,1.35787,0,0
2015-07-10,15:00:00,1.35789,1.36006,1.35355,1.35528,0,0
2015-07-10,16:00:00,1.35528,1.36048,1.35418,1.35787,0,0
2015-07-10,17:00:00,1.35787,1.3588,1.35453,1.35526,0,0
2015-07-10,18:00:00,1.35532,1.35585,1.35067,1.3509,0,0
2015-07-10,19:00:00,1.3509,1.35225,1.34955,1.35079,0,0
2015-07-10,20:00:00,1.35079,1.35264,1.35029,1.35213,0,0
2015-07-10,21:00:00,1.35209,1.35209,1.34795,1.34827,0,0
2015-07-10,22:00:00,1.34832,1.34939,1.34769,1.34886,0,0
2015-07-10,23:00:00,1.34886,1.34897,1.34874,1.34897,0,0
2015-07-13,01:00:00,1.35025,1.35081,1.34849,1.34968,0,0
2015-07-13,02:00:00,1.34969,1.3506,1.34918,1.3506,0,0
2015-07-13,03:00:00,1.35061,1.35156,1.34979,1.35155,0,0
2015-07-13,04:00:00,1.35153,1.35266,1.35116,1.35219,0,0
2015-07-13,05:00:00,1.35219,1.35252,1.35085,1.35109,0,0
2015-07-13,06:00:00,1.35111,1.35113,1.34865,1.35018,0,0
2015-07-13,07:00:00,1.35016,1.35106,1.3501,1.35039,0,0
2015-07-13,08:00:00,1.35039,1.35063,1.3491,1.35012,0,0
2015-07-13,09:00:00,1.3501,1.35483,1.34989,1.35346,0,0
2015-07-13,10:00:00,1.3535,1.35351,1.34574,1.34713,0,0
2015-07-13,11:00:00,1.34713,1.34719,1.34174,1.34397,0,0
2015-07-13,12:00:00,1.34397,1.34502,1.34257,1.34301,0,0
2015-07-13,13:00:00,1.34289,1.34386,1.34205,1.3424,0,0
2015-07-13,14:00:00,1.3424,1.34295,1.34105,1.34161,0,0
2015-07-13,15:00:00,1.34161,1.34338,1.3408,1.34332,0,0
2015-07-13,16:00:00,1.34334,1.34643,1.34223,1.34605,0,0
2015-07-13,17:00:00,1.34608,1.34714,1.34403,1.34423,0,0
2015-07-13,18:00:00,1.34428,1.34634,1.34385,1.34447,0,0
2015-07-13,19:00:00,1.34447,1.34499,1.34275,1.34311,0,0
2015-07-13,20:00:00,1.34311,1.34453,1.3431,1.34373,0,0
2015-07-13,21:00:00,1.34373,1.34461,1.342,1.34242,0,0
2015-07-13,22:00:00,1.3424,1.34271,1.34028,1.34113,0,0
2015-07-13,23:00:00,1.34113,1.34124,1.33998,1.34098,0,0
2015-07-13,23:59:00,1.34089,1.34124,1.34034,1.34099,0,0
2015-07-14,01:00:00,1.34125,1.34161,1.34021,1.34123,0,0
2015-07-14,02:00:00,1.34118,1.34179,1.34066,1.34128,0,0
2015-07-14,03:00:00,1.3413,1.34177,1.33875,1.33959,0,0
2015-07-14,04:00:00,1.33959,1.34075,1.33941,1.34046,0,0
2015-07-14,05:00:00,1.34046,1.34094,1.34,1.3402,0,0
2015-07-14,06:00:00,1.34019,1.34105,1.33983,1.34103,0,0
2015-07-14,07:00:00,1.34104,1.34143,1.34079,1.341,0,0
2015-07-14,08:00:00,1.34098,1.34177,1.34012,1.34012,0,0
2015-07-14,09:00:00,1.34012,1.34426,1.33869,1.34293,0,0
2015-07-14,10:00:00,1.34276,1.3509,1.34113,1.34992,0,0
2015-07-14,11:00:00,1.35002,1.35641,1.35001,1.35492,0,0
2015-07-14,12:00:00,1.35493,1.35602,1.35194,1.35431,0,0
2015-07-14,13:00:00,1.35433,1.35592,1.35214,1.35248,0,0
2015-07-14,14:00:00,1.35243,1.35304,1.35092,1.3515,0,0
2015-07-14,15:00:00,1.35144,1.35388,1.35005,1.35303,0,0
2015-07-14,16:00:00,1.35315,1.3543,1.34878,1.34915,0,0
2015-07-14,17:00:00,1.34906,1.34995,1.34324,1.345,0,0
2015-07-14,18:00:00,1.34515,1.34947,1.34515,1.34754,0,0
2015-07-14,19:00:00,1.34754,1.34804,1.34553,1.34772,0,0
2015-07-14,20:00:00,1.34772,1.34927,1.34683,1.34841,0,0
2015-07-14,21:00:00,1.34841,1.34954,1.34808,1.34869,0,0
2015-07-14,22:00:00,1.34875,1.34919,1.34747,1.34776,0,0
2015-07-14,23:00:00,1.34776,1.34818,1.34672,1.34715,0,0
2015-07-14,23:59:00,1.34721,1.34873,1.34643,1.34681,0,0
2015-07-15,01:00:00,1.34709,1.34792,1.34641,1.34737,0,0
2015-07-15,02:00:00,1.34737,1.34801,1.34629,1.34767,0,0
2015-07-15,03:00:00,1.3477,1.3478,1.34597,1.34676,0,0
2015-07-15,04:00:00,1.34676,1.34697,1.34603,1.34612,0,0
2015-07-15,05:00:00,1.34612,1.34689,1.34556,1.34641,0,0
2015-07-15,06:00:00,1.34641,1.34705,1.34618,1.34687,0,0
2015-07-15,07:00:00,1.34689,1.34732,1.34654,1.34699,0,0
2015-07-15,08:00:00,1.34701,1.34749,1.34632,1.34694,0,0
2015-07-15,09:00:00,1.34693,1.34821,1.3464,1.34711,0,0
2015-07-15,10:00:00,1.34723,1.34914,1.34596,1.34853,0,0
2015-07-15,11:00:00,1.34853,1.34971,1.34755,1.34791,0,0
2015-07-15,12:00:00,1.34798,1.34851,1.34621,1.34713,0,0
2015-07-15,13:00:00,1.34711,1.34847,1.34645,1.34658,0,0
2015-07-15,14:00:00,1.34658,1.34658,1.34221,1.34264,0,0
2015-07-15,15:00:00,1.34264,1.34607,1.34216,1.34559,0,0
2015-07-15,16:00:00,1.34559,1.3466,1.34244,1.34431,0,0
2015-07-15,17:00:00,1.34431,1.35827,1.34431,1.35345,0,0
2015-07-15,18:00:00,1.35357,1.35888,1.3528,1.35859,0,0
2015-07-15,19:00:00,1.35857,1.36002,1.35807,1.35896,0,0
2015-07-15,20:00:00,1.35896,1.35945,1.35687,1.35943,0,0
2015-07-15,21:00:00,1.35943,1.35972,1.35766,1.35783,0,0
2015-07-15,22:00:00,1.35747,1.35884,1.35626,1.35774,0,0
2015-07-15,23:00:00,1.35772,1.35809,1.35548,1.35671,0,0
2015-07-15,23:59:00,1.35664,1.35727,1.35625,1.35678,0,0
2015-07-16,01:00:00,1.35679,1.3573,1.35602,1.35649,0,0
2015-07-16,02:00:00,1.35649,1.35769,1.35649,1.35694,0,0
2015-07-16,03:00:00,1.3569,1.35786,1.3566,1.35763,0,0
2015-07-16,04:00:00,1.35771,1.35806,1.35636,1.35695,0,0
2015-07-16,05:00:00,1.35699,1.35784,1.35616,1.35672,0,0
2015-07-16,06:00:00,1.35672,1.35692,1.35551,1.35642,0,0
2015-07-16,07:00:00,1.35642,1.35659,1.3557,1.35592,0,0
2015-07-16,08:00:00,1.35591,1.35628,1.3534,1.35367,0,0
2015-07-16,09:00:00,1.35371,1.35508,1.3532,1.35459,0,0
2015-07-16,10:00:00,1.35455,1.35645,1.35195,1.35258,0,0
2015-07-16,11:00:00,1.35249,1.35449,1.35232,1.35371,0,0
2015-07-16,12:00:00,1.35371,1.35465,1.35227,1.35444,0,0
2015-07-16,13:00:00,1.35443,1.3545,1.35221,1.35278,0,0
2015-07-16,14:00:00,1.35278,1.35377,1.35086,1.35252,0,0
2015-07-16,15:00:00,1.35252,1.35437,1.34904,1.34943,0,0
2015-07-16,16:00:00,1.34943,1.35353,1.34913,1.35223,0,0
2015-07-16,17:00:00,1.35221,1.35443,1.35131,1.35429,0,0
2015-07-16,18:00:00,1.35429,1.35484,1.352,1.3529,0,0
2015-07-16,19:00:00,1.3529,1.35354,1.35118,1.35155,0,0
2015-07-16,20:00:00,1.35164,1.35363,1.3512,1.35326,0,0
2015-07-16,21:00:00,1.35325,1.35414,1.35209,1.35398,0,0
2015-07-16,22:00:00,1.35397,1.35452,1.35296,1.35434,0,0
2015-07-16,23:00:00,1.35436,1.35465,1.35272,1.35285,0,0
2015-07-16,23:59:00,1.35282,1.354,1.35271,1.35324,0,0
2015-07-17,01:00:00,1.35324,1.3544,1.35222,1.3542,0,0
2015-07-17,02:00:00,1.35425,1.35469,1.35327,1.35463,0,0
2015-07-17,03:00:00,1.35463,1.35505,1.35406,1.35495,0,0
2015-07-17,04:00:00,1.35494,1.35559,1.35403,1.3554,0,0
2015-07-17,05:00:00,1.3554,1.35551,1.35425,1.35538,0,0
2015-07-17,06:00:00,1.3554,1.35555,1.35348,1.35448,0,0
2015-07-17,07:00:00,1.35448,1.35464,1.35363,1.35426,0,0
2015-07-17,08:00:00,1.35426,1.35513,1.35361,1.35402,0,0
2015-07-17,09:00:00,1.35409,1.35482,1.35275,1.3538,0,0
2015-07-17,10:00:00,1.3538,1.35557,1.35269,1.35512,0,0
2015-07-17,11:00:00,1.35512,1.35661,1.35455,1.3555,0,0
2015-07-17,12:00:00,1.35543,1.356,1.35418,1.35527,0,0
2015-07-17,13:00:00,1.35526,1.35554,1.35293,1.35385,0,0
2015-07-17,14:00:00,1.35395,1.35503,1.3526,1.35497,0,0
2015-07-17,15:00:00,1.35497,1.35536,1.35146,1.35288,0,0
2015-07-17,16:00:00,1.35299,1.35372,1.35037,1.35324,0,0
2015-07-17,17:00:00,1.35324,1.35326,1.35046,1.35163,0,0
2015-07-17,18:00:00,1.35181,1.35387,1.35161,1.35246,0,0
2015-07-17,19:00:00,1.35252,1.35362,1.35215,1.35305,0,0
2015-07-17,20:00:00,1.35297,1.35314,1.35203,1.35234,0,0
2015-07-17,21:00:00,1.35234,1.35257,1.35083,1.35203,0,0
2015-07-17,22:00:00,1.35192,1.35247,1.35159,1.35201,0,0
2015-07-17,23:00:00,1.35202,1.3521,1.35189,1.35189,0,0
2015-07-20,01:00:00,1.34986,1.35107,1.34905,1.35095,0,0
2015-07-20,02:00:00,1.35092,1.35104,1.3492,1.34943,0,0
2015-07-20,03:00:00,1.34942,1.3511,1.34925,1.35038,0,0
2015-07-20,04:00:00,1.35038,1.35075,1.34975,1.34982,0,0
2015-07-20,05:00:00,1.34974,1.34994,1.3487,1.34973,0,0
2015-07-20,06:00:00,1.34966,1.35025,1.34928,1.34928,0,0
2015-07-20,07:00:00,1.34928,1.34962,1.34813,1.34832,0,0
2015-07-20,08:00:00,1.34847,1.34887,1.34753,1.34753,0,0
2015-07-20,09:00:00,1.34762,1.34814,1.34603,1.34712,0,0
2015-07-20,10:00:00,1.34642,1.34974,1.34642,1.34881,0,0
2015-07-20,11:00:00,1.34891,1.35001,1.34812,1.34889,0,0
2015-07-20,12:00:00,1.34868,1.34914,1.34775,1.34863,0,0
2015-07-20,13:00:00,1.34873,1.35023,1.34769,1.34954,0,0
2015-07-20,14:00:00,1.34958,1.35073,1.34883,1.3501,0,0
2015-07-20,15:00:00,1.35028,1.35056,1.3469,1.34887,0,0
2015-07-20,16:00:00,1.34873,1.35066,1.34703,1.3494,0,0
2015-07-20,17:00:00,1.34968,1.35188,1.34748,1.34765,0,0
2015-07-20,18:00:00,1.34767,1.34915,1.34707,1.34774,0,0
2015-07-20,19:00:00,1.3479,1.34882,1.34701,1.34836,0,0
2015-07-20,20:00:00,1.34837,1.34904,1.34777,1.34847,0,0
2015-07-20,21:00:00,1.34847,1.34856,1.3473,1.34839,0,0
2015-07-20,22:00:00,1.3484,1.34889,1.34795,1.34868,0,0
2015-07-20,23:00:00,1.34868,1.34875,1.34717,1.34717,0,0
2015-07-20,23:59:00,1.34717,1.3481,1.34693,1.34789,0,0
