Date,Time,Open,High,Low,Close,Volume,OpenInt
2015-04-22,01:00:00,0.97462,0.97512,0.97438,0.9747,0,0
2015-04-22,02:00:00,0.97469,0.97529,0.9746,0.97511,0,0
2015-04-22,03:00:00,0.9751,0.97599,0.97498,0.97588,0,0
2015-04-22,04:00:00,0.97591,0.97658,0.97573,0.97599,0,0
2015-04-22,05:00:00,0.97597,0.97634,0.9754,0.97554,0,0
2015-04-22,06:00:00,0.97554,0.9763,0.97554,0.97588,0,0
2015-04-22,07:00:00,0.97588,0.97634,0.97554,0.97594,0,0
2015-04-22,08:00:00,0.97596,0.97607,0.97503,0.97536,0,0
2015-04-22,09:00:00,0.97539,0.97583,0.97414,0.97473,0,0
2015-04-22,10:00:00,0.97474,0.97528,0.97361,0.9746,0,0
2015-04-22,11:00:00,0.97461,0.97616,0.97398,0.97485,0,0
2015-04-22,12:00:00,0.9748,0.97512,0.97367,0.97419,0,0
2015-04-22,13:00:00,0.9742,0.97424,0.97264,0.97276,0,0
2015-04-22,14:00:00,0.97286,0.97298,0.97119,0.97178,0,0
2015-04-22,15:00:00,0.97179,0.97193,0.96446,0.96736,0,0
2015-04-22,16:00:00,0.96727,0.96801,0.96609,0.96685,0,0
2015-04-22,17:00:00,0.96695,0.96755,0.96551,0.96565,0,0
2015-04-22,18:00:00,0.96564,0.96571,0.96316,0.96454,0,0
2015-04-22,19:00:00,0.96453,0.96464,0.96378,0.96388,0,0
2015-04-22,20:00:00,0.96389,0.96398,0.96202,0.96203,0,0
2015-04-22,21:00:00,0.96201,0.96272,0.96013,0.96017,0,0
2015-04-22,22:00:00,0.96032,0.96118,0.95906,0.961,0,0
2015-04-22,23:00:00,0.96093,0.96106,0.95963,0.95963,0,0
2015-04-22,23:59:00,0.95968,0.96126,0.95959,0.96063,0,0
2015-04-23,01:00:00,0.96064,0.96235,0.96054,0.96167,0,0
2015-04-23,02:00:00,0.96179,0.96221,0.96142,0.96154,0,0
2015-04-23,03:00:00,0.96155,0.96206,0.96135,0.96148,0,0
2015-04-23,04:00:00,0.96146,0.96279,0.96126,0.96247,0,0
2015-04-23,05:00:00,0.96249,0.96315,0.96235,0.96283,0,0
2015-04-23,06:00:00,0.96285,0.96305,0.96222,0.96302,0,0
2015-04-23,07:00:00,0.96301,0.96312,0.96186,0.96272,0,0
2015-04-23,08:00:00,0.9627,0.96327,0.9625,0.96316,0,0
2015-04-23,09:00:00,0.96316,0.96584,0.96268,0.96542,0,0
2015-04-23,10:00:00,0.96543,0.96775,0.96464,0.9647,0,0
2015-04-23,11:00:00,0.96463,0.96506,0.96341,0.96448,0,0
2015-04-23,12:00:00,0.96434,0.96559,0.96403,0.96552,0,0
2015-04-23,13:00:00,0.96554,0.96602,0.96427,0.96466,0,0
2015-04-23,14:00:00,0.9647,0.96489,0.96238,0.96304,0,0
2015-04-23,15:00:00,0.96279,0.96439,0.96231,0.96403,0,0
2015-04-23,16:00:00,0.96405,0.96497,0.9635,0.96493,0,0
2015-04-23,17:00:00,0.96495,0.96917,0.96396,0.96917,0,0
2015-04-23,18:00:00,0.96901,0.96957,0.96834,0.96908,0,0
2015-04-23,19:00:00,0.96911,0.96919,0.96749,0.96823,0,0
2015-04-23,20:00:00,0.96826,0.96826,0.96661,0.96774,0,0
2015-04-23,21:00:00,0.96767,0.968,0.96715,0.96763,0,0
2015-04-23,22:00:00,0.96746,0.96828,0.96701,0.9682,0,0
2015-04-23,23:00:00,0.96819,0.9684,0.96725,0.96776,0,0
2015-04-23,23:59:00,0.96787,0.96836,0.96785,0.9682,0,0
2015-04-24,01:00:00,0.9682,0.9682,0.9672,0.96733,0,0
2015-04-24,02:00:00,0.96741,0.968,0.96703,0.96743,0,0
2015-04-24,03:00:00,0.96733,0.96814,0.96725,0.96767,0,0
2015-04-24,04:00:00,0.96769,0.96819,0.96736,0.96752,0,0
2015-04-24,05:00:00,0.96747,0.96815,0.9669,0.96813,0,0
2015-04-24,06:00:00,0.96808,0.96907,0.96808,0.96838,0,0
2015-04-24,07:00:00,0.9684,0.96841,0.9677,0.9677,0,0
2015-04-24,08:00:00,0.96772,0.96789,0.96683,0.96683,0,0
2015-04-24,09:00:00,0.96682,0.96737,0.96435,0.96441,0,0
2015-04-24,10:00:00,0.96437,0.96522,0.96349,0.96437,0,0
2015-04-24,11:00:00,0.96444,0.96578,0.96368,0.96439,0,0
2015-04-24,12:00:00,0.96438,0.96686,0.96415,0.96585,0,0
2015-04-24,13:00:00,0.96582,0.96834,0.96568,0.96803,0,0
2015-04-24,14:00:00,0.96809,0.96826,0.96686,0.96733,0,0
2015-04-24,15:00:00,0.96733,0.96739,0.96472,0.96657,0,0
2015-04-24,16:00:00,0.96661,0.96862,0.96618,0.9684,0,0
2015-04-24,17:00:00,0.96833,0.96833,0.96576,0.96579,0,0
2015-04-24,18:00:00,0.96577,0.96615,0.96435,0.96457,0,0
2015-04-24,19:00:00,0.96467,0.96481,0.96329,0.96437,0,0
2015-04-24,20:00:00,0.96432,0.96547,0.96417,0.96546,0,0
2015-04-24,21:00:00,0.96543,0.96543,0.96464,0.96467,0,0
2015-04-24,22:00:00,0.96464,0.96542,0.96459,0.96486,0,0
2015-04-24,23:00:00,0.96483,0.96495,0.96481,0.96495,0,0
2015-04-27,01:00:00,0.96446,0.965,0.96418,0.96468,0,0
2015-04-27,02:00:00,0.96468,0.96511,0.96426,0.96497,0,0
2015-04-27,03:00:00,0.96497,0.96527,0.9645,0.96476,0,0
2015-04-27,04:00:00,0.96482,0.96529,0.96467,0.9651,0,0
2015-04-27,05:00:00,0.96513,0.96517,0.96467,0.96479,0,0
2015-04-27,06:00:00,0.96478,0.96542,0.96463,0.96502,0,0
2015-04-27,07:00:00,0.96501,0.96511,0.96424,0.9646,0,0
2015-04-27,08:00:00,0.9646,0.96514,0.9645,0.96496,0,0
2015-04-27,09:00:00,0.96486,0.965,0.96276,0.96315,0,0
2015-04-27,10:00:00,0.96306,0.9639,0.96219,0.96374,0,0
2015-04-27,11:00:00,0.96376,0.9656,0.96357,0.96541,0,0
2015-04-27,12:00:00,0.96541,0.96583,0.96476,0.96549,0,0
2015-04-27,13:00:00,0.96548,0.96572,0.96478,0.96509,0,0
2015-04-27,14:00:00,0.96502,0.9652,0.96389,0.96398,0,0
2015-04-27,15:00:00,0.96402,0.96475,0.96347,0.96366,0,0
2015-04-27,16:00:00,0.9636,0.96403,0.96326,0.96386,0,0
2015-04-27,17:00:00,0.96385,0.96423,0.963,0.96412,0,0
2015-04-27,18:00:00,0.96417,0.96641,0.96275,0.96291,0,0
2015-04-27,19:00:00,0.96306,0.96352,0.96217,0.9634,0,0
2015-04-27,20:00:00,0.96332,0.96371,0.9613,0.96155,0,0
2015-04-27,21:00:00,0.96154,0.96181,0.9608,0.96141,0,0
2015-04-27,22:00:00,0.9614,0.96153,0.96042,0.96042,0,0
2015-04-27,23:00:00,0.96034,0.96186,0.96011,0.96146,0,0
2015-04-27,23:59:00,0.96152,0.96192,0.96064,0.96157,0,0
2015-04-28,01:00:00,0.96159,0.96278,0.9613,0.9623,0,0
2015-04-28,02:00:00,0.96231,0.96255,0.96195,0.96245,0,0
2015-04-28,03:00:00,0.96245,0.96292,0.96214,0.96251,0,0
2015-04-28,04:00:00,0.96251,0.96298,0.96248,0.9628,0,0
2015-04-28,05:00:00,0.96279,0.96303,0.96257,0.9626,0,0
2015-04-28,06:00:00,0.96259,0.96327,0.96259,0.96303,0,0
2015-04-28,07:00:00,0.96308,0.96319,0.96283,0.96297,0,0
2015-04-28,08:00:00,0.96297,0.9634,0.96279,0.96279,0,0
2015-04-28,09:00:00,0.96278,0.96321,0.96179,0.96193,0,0
2015-04-28,10:00:00,0.96192,0.96264,0.96058,0.96164,0,0
2015-04-28,11:00:00,0.9617,0.96196,0.95912,0.95919,0,0
2015-04-28,12:00:00,0.95922,0.95957,0.95635,0.95677,0,0
2015-04-28,13:00:00,0.95677,0.95684,0.95454,0.9562,0,0
2015-04-28,14:00:00,0.95624,0.95659,0.95448,0.95533,0,0
2015-04-28,15:00:00,0.95532,0.9563,0.95493,0.95507,0,0
2015-04-28,16:00:00,0.95518,0.95518,0.95383,0.95485,0,0
2015-04-28,17:00:00,0.95487,0.95785,0.95433,0.95774,0,0
2015-04-28,18:00:00,0.95775,0.95775,0.95455,0.95488,0,0
2015-04-28,19:00:00,0.95485,0.95542,0.95437,0.95458,0,0
2015-04-28,20:00:00,0.95457,0.95487,0.95384,0.95423,0,0
2015-04-28,21:00:00,0.95423,0.95494,0.95414,0.95448,0,0
2015-04-28,22:00:00,0.95441,0.95475,0.95289,0.95308,0,0
2015-04-28,23:00:00,0.95311,0.95331,0.95251,0.95295,0,0
2015-04-28,23:59:00,0.95331,0.954,0.95276,0.95369,0,0
2015-04-29,01:00:00,0.95369,0.95375,0.95304,0.95334,0,0
2015-04-29,02:00:00,0.95329,0.95353,0.9531,0.95353,0,0
2015-04-29,03:00:00,0.95351,0.954,0.95301,0.95347,0,0
2015-04-29,04:00:00,0.95343,0.95389,0.95326,0.95371,0,0
2015-04-29,05:00:00,0.9537,0.95378,0.95314,0.95327,0,0
2015-04-29,06:00:00,0.95326,0.95352,0.95296,0.95336,0,0
2015-04-29,07:00:00,0.95333,0.95376,0.9533,0.95337,0,0
2015-04-29,08:00:00,0.95334,0.95344,0.9528,0.95329,0,0
2015-04-29,09:00:00,0.9533,0.95342,0.95197,0.95248,0,0
2015-04-29,10:00:00,0.95258,0.95321,0.95188,0.95268,0,0
2015-04-29,11:00:00,0.95268,0.95298,0.952,0.95248,0,0
2015-04-29,12:00:00,0.95253,0.95315,0.95157,0.95257,0,0
2015-04-29,13:00:00,0.95258,0.95258,0.95159,0.95245,0,0
2015-04-29,14:00:00,0.95246,0.95452,0.95205,0.95365,0,0
2015-04-29,15:00:00,0.95375,0.95558,0.95224,0.9523,0,0
2015-04-29,16:00:00,0.95254,0.95621,0.95227,0.95611,0,0
2015-04-29,17:00:00,0.95626,0.95687,0.95386,0.95614,0,0
2015-04-29,18:00:00,0.95618,0.9573,0.95523,0.95638,0,0
2015-04-29,19:00:00,0.95641,0.95768,0.95517,0.95643,0,0
2015-04-29,20:00:00,0.9565,0.95692,0.95514,0.95654,0,0
2015-04-29,21:00:00,0.95662,0.95904,0.95594,0.95778,0,0
2015-04-29,22:00:00,0.95786,0.95804,0.95681,0.95714,0,0
2015-04-29,23:00:00,0.95715,0.95763,0.95636,0.95669,0,0
2015-04-29,23:59:00,0.9565,0.95679,0.95605,0.95654,0,0
2015-04-30,01:00:00,0.95658,0.95715,0.95646,0.95696,0,0
2015-04-30,02:00:00,0.95691,0.95721,0.95672,0.95694,0,0
2015-04-30,03:00:00,0.95694,0.958,0.95672,0.95786,0,0
2015-04-30,04:00:00,0.95786,0.95787,0.95635,0.95636,0,0
2015-04-30,05:00:00,0.95637,0.95713,0.95637,0.9569,0,0
2015-04-30,06:00:00,0.95688,0.9577,0.95688,0.95751,0,0
2015-04-30,07:00:00,0.95751,0.95831,0.95724,0.95788,0,0
2015-04-30,08:00:00,0.95788,0.95854,0.9577,0.9585,0,0
2015-04-30,09:00:00,0.95874,0.95874,0.95582,0.95597,0,0
2015-04-30,10:00:00,0.95595,0.95703,0.95275,0.9536,0,0
2015-04-30,11:00:00,0.95371,0.95421,0.95174,0.9529,0,0
2015-04-30,12:00:00,0.95293,0.95294,0.95082,0.95182,0,0
2015-04-30,13:00:00,0.95186,0.95525,0.95152,0.95449,0,0
2015-04-30,14:00:00,0.95456,0.95547,0.95358,0.95471,0,0
2015-04-30,15:00:00,0.9547,0.95497,0.95326,0.95383,0,0
2015-04-30,16:00:00,0.95383,0.95426,0.95195,0.95319,0,0
2015-04-30,17:00:00,0.95313,0.9539,0.95106,0.9527,0,0
2015-04-30,18:00:00,0.95266,0.95315,0.95014,0.9519,0,0
2015-04-30,19:00:00,0.95192,0.95308,0.95029,0.95048,0,0
2015-04-30,20:00:00,0.95049,0.95206,0.95034,0.95187,0,0
2015-04-30,21:00:00,0.9519,0.95591,0.95153,0.95397,0,0
2015-04-30,22:00:00,0.95392,0.95483,0.95297,0.95463,0,0
2015-04-30,23:00:00,0.95474,0.95592,0.95456,0.95563,0,0
2015-04-30,23:59:00,0.95544,0.95607,0.95515,0.95545,0,0
2015-05-01,01:00:00,0.95562,0.9557,0.95503,0.95558,0,0
2015-05-01,02:00:00,0.9555,0.95583,0.95508,0.95539,0,0
2015-05-01,03:00:00,0.95526,0.95553,0.95453,0.95546,0,0
2015-05-01,04:00:00,0.95546,0.95556,0.95484,0.95502,0,0
2015-05-01,05:00:00,0.95502,0.95552,0.95481,0.95511,0,0
2015-05-01,06:00:00,0.95505,0.95537,0.95489,0.9553,0,0
2015-05-01,07:00:00,0.9553,0.95608,0.9552,0.95601,0,0
2015-05-01,08:00:00,0.95601,0.95607,0.95546,0.95554,0,0
2015-05-01,09:00:00,0.95552,0.95664,0.95384,0.95391,0,0
2015-05-01,10:00:00,0.95385,0.95538,0.95209,0.95273,0,0
2015-05-01,11:00:00,0.95276,0.95434,0.95249,0.95352,0,0
2015-05-01,12:00:00,0.95361,0.95497,0.95344,0.95471,0,0
2015-05-01,13:00:00,0.95472,0.95532,0.95378,0.95467,0,0
2015-05-01,14:00:00,0.95472,0.95644,0.95449,0.95541,0,0
2015-05-01,15:00:00,0.9554,0.95561,0.95376,0.95482,0,0
2015-05-01,16:00:00,0.95481,0.9556,0.95387,0.95497,0,0
2015-05-01,17:00:00,0.95503,0.95692,0.95434,0.95662,0,0
2015-05-01,18:00:00,0.95654,0.95741,0.95565,0.95625,0,0
2015-05-01,19:00:00,0.95628,0.95716,0.9557,0.95682,0,0
2015-05-01,20:00:00,0.95681,0.95692,0.95606,0.95615,0,0
2015-05-01,21:00:00,0.95615,0.95709,0.95585,0.9564,0,0
2015-05-01,22:00:00,0.95634,0.95667,0.95551,0.95644,0,0
2015-05-01,23:00:00,0.9564,0.95641,0.95584,0.95617,0,0
2015-05-04,01:00:00,0.9567,0.9579,0.9567,0.95763,0,0
2015-05-04,02:00:00,0.95762,0.95789,0.9574,0.95752,0,0
2015-05-04,03:00:00,0.95752,0.95785,0.95714,0.95753,0,0
2015-05-04,04:00:00,0.95754,0.95761,0.95667,0.95709,0,0
2015-05-04,05:00:00,0.95709,0.95767,0.95697,0.95744,0,0
2015-05-04,06:00:00,0.95744,0.95765,0.95721,0.95722,0,0
2015-05-04,07:00:00,0.95723,0.95748,0.95677,0.95686,0,0
2015-05-04,08:00:00,0.95686,0.9569,0.95615,0.95651,0,0
2015-05-04,09:00:00,0.95635,0.9564,0.95435,0.95456,0,0
2015-05-04,10:00:00,0.95456,0.95639,0.95422,0.95591,0,0
2015-05-04,11:00:00,0.95635,0.95796,0.95615,0.95783,0,0
2015-05-04,12:00:00,0.95781,0.95924,0.95696,0.95908,0,0
2015-05-04,13:00:00,0.95901,0.96021,0.95836,0.96009,0,0
2015-05-04,14:00:00,0.96012,0.96057,0.95961,0.95989,0,0
2015-05-04,15:00:00,0.95992,0.95994,0.95827,0.95929,0,0
2015-05-04,16:00:00,0.95929,0.96101,0.95852,0.9607,0,0
2015-05-04,17:00:00,0.96084,0.96092,0.95875,0.95907,0,0
2015-05-04,18:00:00,0.95906,0.9594,0.95806,0.95893,0,0
2015-05-04,19:00:00,0.95891,0.95906,0.95812,0.95812,0,0
2015-05-04,20:00:00,0.95821,0.96027,0.95807,0.95997,0,0
2015-05-04,21:00:00,0.95997,0.96101,0.95974,0.96066,0,0
2015-05-04,22:00:00,0.96059,0.96092,0.95991,0.96033,0,0
2015-05-04,23:00:00,0.96044,0.96115,0.96027,0.96078,0,0
2015-05-04,23:59:00,0.96079,0.96104,0.9605,0.96063,0,0
2015-05-05,01:00:00,0.96063,0.96098,0.96003,0.96023,0,0
2015-05-05,02:00:00,0.96022,0.96064,0.96005,0.96059,0,0
2015-05-05,03:00:00,0.9606,0.96088,0.96042,0.96058,0,0
2015-05-05,04:00:00,0.96058,0.96063,0.95982,0.96012,0,0
2015-05-05,05:00:00,0.96011,0.96017,0.95969,0.96,0,0
2015-05-05,06:00:00,0.96001,0.96041,0.95992,0.96016,0,0
2015-05-05,07:00:00,0.96017,0.96095,0.95984,0.96059,0,0
2015-05-05,08:00:00,0.96057,0.96065,0.95986,0.96034,0,0
2015-05-05,09:00:00,0.96034,0.96272,0.95911,0.96253,0,0
2015-05-05,10:00:00,0.96255,0.96264,0.96007,0.96032,0,0
2015-05-05,11:00:00,0.96037,0.96124,0.95942,0.96119,0,0
2015-05-05,12:00:00,0.96114,0.96228,0.96102,0.96227,0,0
2015-05-05,13:00:00,0.96231,0.96322,0.96175,0.96265,0,0
2015-05-05,14:00:00,0.96264,0.96514,0.96121,0.96372,0,0
2015-05-05,15:00:00,0.96373,0.96396,0.96238,0.9628,0,0
2015-05-05,16:00:00,0.9627,0.96349,0.96258,0.9627,0,0
2015-05-05,17:00:00,0.96262,0.96601,0.96262,0.96587,0,0
2015-05-05,18:00:00,0.96589,0.96646,0.96475,0.96603,0,0
2015-05-05,19:00:00,0.96604,0.96604,0.96471,0.96536,0,0
2015-05-05,20:00:00,0.96538,0.96591,0.96448,0.96474,0,0
2015-05-05,21:00:00,0.96473,0.96488,0.96375,0.96445,0,0
2015-05-05,22:00:00,0.96443,0.96448,0.96363,0.96406,0,0
2015-05-05,23:00:00,0.9641,0.96504,0.96401,0.96501,0,0
2015-05-05,23:59:00,0.965,0.96513,0.9646,0.96507,0,0
2015-05-06,01:00:00,0.96498,0.96519,0.96421,0.96455,0,0
2015-05-06,02:00:00,0.96455,0.96461,0.96394,0.96431,0,0
2015-05-06,03:00:00,0.96431,0.96448,0.96396,0.9644,0,0
2015-05-06,04:00:00,0.9644,0.96461,0.96378,0.96383,0,0
2015-05-06,05:00:00,0.96386,0.96419,0.96286,0.96296,0,0
2015-05-06,06:00:00,0.96296,0.96338,0.96229,0.96242,0,0
2015-05-06,07:00:00,0.96241,0.96284,0.96217,0.96233,0,0
2015-05-06,08:00:00,0.96228,0.96275,0.9618,0.96214,0,0
2015-05-06,09:00:00,0.96217,0.96341,0.96164,0.96297,0,0
2015-05-06,10:00:00,0.96277,0.96372,0.96233,0.96256,0,0
2015-05-06,11:00:00,0.96241,0.96407,0.9622,0.96321,0,0
2015-05-06,12:00:00,0.96319,0.96484,0.96316,0.96477,0,0
2015-05-06,13:00:00,0.96477,0.96487,0.96348,0.96366,0,0
2015-05-06,14:00:00,0.96367,0.96419,0.96341,0.96398,0,0
2015-05-06,15:00:00,0.96397,0.96456,0.96286,0.96335,0,0
2015-05-06,16:00:00,0.96325,0.96534,0.96196,0.96501,0,0
2015-05-06,17:00:00,0.96492,0.96552,0.96348,0.96405,0,0
2015-05-06,18:00:00,0.9639,0.96433,0.96244,0.96308,0,0
2015-05-06,19:00:00,0.96312,0.96386,0.96211,0.9624,0,0
2015-05-06,20:00:00,0.96238,0.96279,0.96196,0.96268,0,0
2015-05-06,21:00:00,0.96267,0.96289,0.96204,0.96204,0,0
2015-05-06,22:00:00,0.96214,0.96254,0.96169,0.96205,0,0
2015-05-06,23:00:00,0.96204,0.96245,0.96174,0.96191,0,0
2015-05-06,23:59:00,0.96202,0.96249,0.96142,0.96226,0,0
2015-05-07,01:00:00,0.96259,0.96259,0.96202,0.96227,0,0
2015-05-07,02:00:00,0.96223,0.96239,0.9618,0.96209,0,0
2015-05-07,03:00:00,0.96209,0.96311,0.96197,0.96291,0,0
2015-05-07,04:00:00,0.96288,0.96326,0.96204,0.96267,0,0
2015-05-07,05:00:00,0.96269,0.96269,0.96198,0.96233,0,0
2015-05-07,06:00:00,0.96233,0.96233,0.96155,0.96178,0,0
2015-05-07,07:00:00,0.96178,0.96197,0.96149,0.96158,0,0
2015-05-07,08:00:00,0.96157,0.96272,0.96147,0.96224,0,0
2015-05-07,09:00:00,0.96224,0.96415,0.96125,0.96411,0,0
2015-05-07,10:00:00,0.96411,0.96429,0.96208,0.9639,0,0
2015-05-07,11:00:00,0.96408,0.96562,0.9635,0.96558,0,0
2015-05-07,12:00:00,0.96556,0.96875,0.96535,0.96864,0,0
2015-05-07,13:00:00,0.96861,0.97043,0.96841,0.97005,0,0
2015-05-07,14:00:00,0.9701,0.97026,0.96792,0.96835,0,0
2015-05-07,15:00:00,0.96834,0.96843,0.96649,0.96725,0,0
2015-05-07,16:00:00,0.96721,0.96749,0.96614,0.96734,0,0
2015-05-07,17:00:00,0.96732,0.96882,0.96524,0.96533,0,0
2015-05-07,18:00:00,0.96531,0.96559,0.96341,0.96364,0,0
2015-05-07,19:00:00,0.96367,0.96367,0.96229,0.96262,0,0
2015-05-07,20:00:00,0.96262,0.96347,0.96231,0.96287,0,0
2015-05-07,21:00:00,0.96287,0.96317,0.96209,0.96304,0,0
2015-05-07,22:00:00,0.96301,0.96341,0.96264,0.96313,0,0
2015-05-07,23:00:00,0.96296,0.96332,0.96272,0.96296,0,0
2015-05-07,23:59:00,0.96295,0.96474,0.96246,0.96362,0,0
2015-05-08,01:00:00,0.96361,0.96512,0.96361,0.96442,0,0
2015-05-08,02:00:00,0.96442,0.96505,0.96419,0.96473,0,0
2015-05-08,03:00:00,0.96473,0.96479,0.96345,0.96389,0,0
2015-05-08,04:00:00,0.96393,0.9648,0.96364,0.96425,0,0
2015-05-08,05:00:00,0.96423,0.966,0.96413,0.96574,0,0
2015-05-08,06:00:00,0.96573,0.96622,0.96519,0.96584,0,0
2015-05-08,07:00:00,0.96586,0.96634,0.96519,0.96631,0,0
2015-05-08,08:00:00,0.96628,0.96746,0.96615,0.96697,0,0
2015-05-08,09:00:00,0.96695,0.9678,0.96557,0.96674,0,0
2015-05-08,10:00:00,0.96674,0.96743,0.9644,0.96569,0,0
2015-05-08,11:00:00,0.96585,0.96622,0.96481,0.96575,0,0
2015-05-08,12:00:00,0.96576,0.96633,0.96471,0.9662,0,0
2015-05-08,13:00:00,0.96623,0.96632,0.96439,0.96457,0,0
2015-05-08,14:00:00,0.96446,0.96477,0.96346,0.96401,0,0
2015-05-08,15:00:00,0.96405,0.9646,0.96127,0.96156,0,0
2015-05-08,16:00:00,0.96164,0.96348,0.9614,0.96322,0,0
2015-05-08,17:00:00,0.96317,0.96441,0.96066,0.96068,0,0
2015-05-08,18:00:00,0.96065,0.96133,0.95863,0.95914,0,0
2015-05-08,19:00:00,0.95913,0.96011,0.95835,0.95835,0,0
2015-05-08,20:00:00,0.95835,0.9587,0.95725,0.95777,0,0
2015-05-08,21:00:00,0.95795,0.95887,0.95745,0.95838,0,0
2015-05-08,22:00:00,0.95831,0.95853,0.95763,0.95832,0,0
2015-05-08,23:00:00,0.95835,0.95835,0.95835,0.95835,0,0
2015-05-11,01:00:00,0.95867,0.95887,0.95809,0.95845,0,0
2015-05-11,02:00:00,0.95845,0.95889,0.95836,0.95875,0,0
2015-05-11,03:00:00,0.95873,0.96026,0.9586,0.96026,0,0
2015-05-11,04:00:00,0.96027,0.96055,0.95946,0.96016,0,0
2015-05-11,05:00:00,0.96029,0.96067,0.95985,0.96034,0,0
2015-05-11,06:00:00,0.96032,0.96077,0.96,0.96045,0,0
2015-05-11,07:00:00,0.96046,0.96068,0.96032,0.96066,0,0
2015-05-11,08:00:00,0.96065,0.96102,0.9605,0.9606,0,0
2015-05-11,09:00:00,0.96062,0.96122,0.95973,0.95991,0,0
2015-05-11,10:00:00,0.95989,0.96194,0.95836,0.96194,0,0
2015-05-11,11:00:00,0.96198,0.96276,0.96124,0.96194,0,0
2015-05-11,12:00:00,0.96201,0.96266,0.96074,0.96156,0,0
2015-05-11,13:00:00,0.9614,0.96266,0.96086,0.96214,0,0
2015-05-11,14:00:00,0.96214,0.96242,0.96081,0.96105,0,0
2015-05-11,15:00:00,0.96103,0.96203,0.96043,0.96043,0,0
2015-05-11,16:00:00,0.96029,0.96085,0.95935,0.96024,0,0
2015-05-11,17:00:00,0.96011,0.961,0.95953,0.96031,0,0
2015-05-11,18:00:00,0.96028,0.96159,0.96008,0.96056,0,0
2015-05-11,19:00:00,0.96048,0.96065,0.95935,0.95938,0,0
2015-05-11,20:00:00,0.95923,0.95955,0.95898,0.95909,0,0
2015-05-11,21:00:00,0.95906,0.95991,0.95901,0.95987,0,0
2015-05-11,22:00:00,0.95987,0.96043,0.95922,0.95988,0,0
2015-05-11,23:00:00,0.95986,0.96001,0.95931,0.95962,0,0
2015-05-11,23:59:00,0.95957,0.95987,0.9592,0.95983,0,0
2015-05-12,01:00:00,0.95985,0.96009,0.95956,0.95996,0,0
2015-05-12,02:00:00,0.9599,0.96016,0.95972,0.95999,0,0
2015-05-12,03:00:00,0.95999,0.96013,0.95956,0.95981,0,0
2015-05-12,04:00:00,0.95981,0.96065,0.95961,0.96003,0,0
2015-05-12,05:00:00,0.96011,0.96024,0.95941,0.95961,0,0
2015-05-12,06:00:00,0.9596,0.96003,0.95936,0.95958,0,0
2015-05-12,07:00:00,0.95956,0.95986,0.95922,0.95938,0,0
2015-05-12,08:00:00,0.95934,0.95934,0.95842,0.95875,0,0
2015-05-12,09:00:00,0.95876,0.96013,0.95828,0.96013,0,0
2015-05-12,10:00:00,0.96014,0.96024,0.958,0.95949,0,0
2015-05-12,11:00:00,0.95951,0.96127,0.95903,0.96044,0,0
2015-05-12,12:00:00,0.96053,0.9629,0.96039,0.96227,0,0
2015-05-12,13:00:00,0.96225,0.96292,0.9618,0.96219,0,0
2015-05-12,14:00:00,0.96221,0.96272,0.96167,0.96246,0,0
2015-05-12,15:00:00,0.9624,0.96252,0.96028,0.96072,0,0
2015-05-12,16:00:00,0.96069,0.96235,0.96057,0.96131,0,0
2015-05-12,17:00:00,0.96149,0.96183,0.95974,0.96061,0,0
2015-05-12,18:00:00,0.96069,0.96097,0.95991,0.95999,0,0
2015-05-12,19:00:00,0.95998,0.9601,0.95874,0.9595,0,0
2015-05-12,20:00:00,0.95952,0.95983,0.95847,0.95935,0,0
2015-05-12,21:00:00,0.95919,0.96013,0.95908,0.9599,0,0
2015-05-12,22:00:00,0.95988,0.96013,0.95965,0.95968,0,0
2015-05-12,23:00:00,0.9596,0.96001,0.95943,0.95957,0,0
2015-05-12,23:59:00,0.95952,0.96024,0.9592,0.95957,0,0
2015-05-13,01:00:00,0.95962,0.95986,0.95947,0.95968,0,0
2015-05-13,02:00:00,0.95968,0.96007,0.95958,0.96007,0,0
2015-05-13,03:00:00,0.96002,0.96019,0.95907,0.95945,0,0
2015-05-13,04:00:00,0.95949,0.95974,0.95909,0.95928,0,0
2015-05-13,05:00:00,0.95936,0.95977,0.95887,0.95906,0,0
2015-05-13,06:00:00,0.95906,0.95942,0.95895,0.9592,0,0
2015-05-13,07:00:00,0.95923,0.9593,0.95872,0.95907,0,0
2015-05-13,08:00:00,0.95907,0.95926,0.95839,0.95866,0,0
2015-05-13,09:00:00,0.95888,0.96102,0.95799,0.96054,0,0
2015-05-13,10:00:00,0.9606,0.96087,0.95923,0.95925,0,0
2015-05-13,11:00:00,0.95918,0.96107,0.9591,0.95982,0,0
2015-05-13,12:00:00,0.95987,0.96127,0.95954,0.96006,0,0
2015-05-13,13:00:00,0.96004,0.96058,0.95943,0.95997,0,0
2015-05-13,14:00:00,0.95989,0.96059,0.95928,0.95963,0,0
2015-05-13,15:00:00,0.95966,0.9608,0.95829,0.95918,0,0
2015-05-13,16:00:00,0.95924,0.95973,0.9578,0.95894,0,0
2015-05-13,17:00:00,0.95885,0.96067,0.95835,0.96045,0,0
2015-05-13,18:00:00,0.96042,0.96042,0.95834,0.95973,0,0
2015-05-13,19:00:00,0.95976,0.96009,0.95878,0.95924,0,0
2015-05-13,20:00:00,0.95929,0.96046,0.95828,0.96004,0,0
2015-05-13,21:00:00,0.96002,0.96072,0.95979,0.96043,0,0
2015-05-13,22:00:00,0.96046,0.96098,0.96006,0.96075,0,0
2015-05-13,23:00:00,0.9608,0.961,0.96052,0.96063,0,0
2015-05-13,23:59:00,0.96068,0.96105,0.96029,0.96054,0,0
2015-05-14,01:00:00,0.96054,0.96099,0.96035,0.96059,0,0
2015-05-14,02:00:00,0.96059,0.96088,0.96039,0.96088,0,0
2015-05-14,03:00:00,0.96088,0.96094,0.96046,0.96065,0,0
2015-05-14,04:00:00,0.96065,0.96081,0.9603,0.96061,0,0
2015-05-14,05:00:00,0.96045,0.96115,0.96034,0.96109,0,0
2015-05-14,06:00:00,0.96111,0.96113,0.96067,0.96087,0,0
2015-05-14,07:00:00,0.96082,0.9611,0.96064,0.96106,0,0
2015-05-14,08:00:00,0.96104,0.96115,0.96048,0.96064,0,0
2015-05-14,09:00:00,0.96071,0.96114,0.95882,0.95963,0,0
2015-05-14,10:00:00,0.95961,0.96043,0.95898,0.95973,0,0
2015-05-14,11:00:00,0.95981,0.96034,0.95867,0.95952,0,0
2015-05-14,12:00:00,0.9597,0.96194,0.95932,0.96187,0,0
2015-05-14,13:00:00,0.9618,0.96264,0.96108,0.96264,0,0
2015-05-14,14:00:00,0.96264,0.963,0.96148,0.96294,0,0
2015-05-14,15:00:00,0.96287,0.96305,0.96063,0.96154,0,0
2015-05-14,16:00:00,0.96146,0.96232,0.95965,0.96013,0,0
2015-05-14,17:00:00,0.96016,0.96126,0.95925,0.96017,0,0
2015-05-14,18:00:00,0.96025,0.96258,0.95985,0.96164,0,0
2015-05-14,19:00:00,0.96171,0.96206,0.9615,0.96182,0,0
2015-05-14,20:00:00,0.96179,0.96207,0.96126,0.96154,0,0
2015-05-14,21:00:00,0.96161,0.96182,0.96092,0.96094,0,0
2015-05-14,22:00:00,0.96093,0.96104,0.96005,0.96024,0,0
2015-05-14,23:00:00,0.96028,0.96086,0.96,0.96082,0,0
2015-05-14,23:59:00,0.9608,0.96104,0.96022,0.96069,0,0
2015-05-15,01:00:00,0.96065,0.96099,0.96047,0.96079,0,0
2015-05-15,02:00:00,0.96078,0.96125,0.96072,0.96096,0,0
2015-05-15,03:00:00,0.96097,0.961,0.96013,0.96018,0,0
2015-05-15,04:00:00,0.96018,0.96055,0.95999,0.9601,0,0
2015-05-15,05:00:00,0.96012,0.96041,0.95992,0.96037,0,0
2015-05-15,06:00:00,0.96037,0.96052,0.9601,0.96033,0,0
2015-05-15,07:00:00,0.96032,0.96044,0.95995,0.96006,0,0
2015-05-15,08:00:00,0.96005,0.9609,0.95992,0.96079,0,0
2015-05-15,09:00:00,0.96076,0.96144,0.96021,0.96078,0,0
2015-05-15,10:00:00,0.9608,0.96136,0.95927,0.96017,0,0
2015-05-15,11:00:00,0.96023,0.9603,0.95874,0.95958,0,0
2015-05-15,12:00:00,0.95955,0.95968,0.95889,0.95936,0,0
2015-05-15,13:00:00,0.95937,0.95937,0.9561,0.95662,0,0
2015-05-15,14:00:00,0.95669,0.95697,0.95415,0.95608,0,0
2015-05-15,15:00:00,0.95607,0.95607,0.95404,0.95412,0,0
2015-05-15,16:00:00,0.95411,0.95433,0.95251,0.95265,0,0
2015-05-15,17:00:00,0.95283,0.95567,0.95179,0.95434,0,0
2015-05-15,18:00:00,0.95438,0.95522,0.95356,0.95366,0,0
2015-05-15,19:00:00,0.95365,0.9542,0.95281,0.95286,0,0
2015-05-15,20:00:00,0.95287,0.95362,0.95281,0.9533,0,0
2015-05-15,21:00:00,0.95331,0.95445,0.9523,0.95428,0,0
2015-05-15,22:00:00,0.95428,0.95449,0.95373,0.95386,0,0
2015-05-15,23:00:00,0.95386,0.95406,0.95386,0.95406,0,0
2015-05-18,01:00:00,0.9543,0.95475,0.95306,0.95445,0,0
2015-05-18,02:00:00,0.95445,0.95467,0.9542,0.95451,0,0
2015-05-18,03:00:00,0.95451,0.95475,0.9534,0.95356,0,0
2015-05-18,04:00:00,0.95349,0.95389,0.95255,0.95274,0,0
2015-05-18,05:00:00,0.95272,0.95287,0.95212,0.95273,0,0
2015-05-18,06:00:00,0.95276,0.95347,0.9527,0.95336,0,0
2015-05-18,07:00:00,0.95337,0.9538,0.95302,0.9537,0,0
2015-05-18,08:00:00,0.9537,0.95372,0.95291,0.95293,0,0
2015-05-18,09:00:00,0.95299,0.95367,0.95299,0.95362,0,0
2015-05-18,10:00:00,0.95372,0.95445,0.95244,0.95433,0,0
2015-05-18,11:00:00,0.95431,0.95537,0.95376,0.95475,0,0
2015-05-18,12:00:00,0.95475,0.95492,0.95352,0.95471,0,0
2015-05-18,13:00:00,0.95472,0.95596,0.95457,0.95475,0,0
2015-05-18,14:00:00,0.95476,0.95522,0.95388,0.95425,0,0
2015-05-18,15:00:00,0.95423,0.95527,0.95366,0.95508,0,0
2015-05-18,16:00:00,0.95522,0.95623,0.95498,0.95623,0,0
2015-05-18,17:00:00,0.95624,0.9567,0.95436,0.95447,0,0
2015-05-18,18:00:00,0.95445,0.95478,0.95403,0.95408,0,0
2015-05-18,19:00:00,0.9541,0.95445,0.95366,0.95394,0,0
2015-05-18,20:00:00,0.95396,0.95548,0.95362,0.95516,0,0
2015-05-18,21:00:00,0.9552,0.95567,0.955,0.95548,0,0
2015-05-18,22:00:00,0.95554,0.95562,0.95485,0.95524,0,0
2015-05-18,23:00:00,0.9552,0.95567,0.95399,0.95411,0,0
2015-05-18,23:59:00,0.95409,0.95449,0.95386,0.95425,0,0
2015-05-19,01:00:00,0.95424,0.95443,0.95405,0.95419,0,0
2015-05-19,02:00:00,0.9542,0.9542,0.95341,0.95348,0,0
2015-05-19,03:00:00,0.95341,0.95423,0.95328,0.95414,0,0
2015-05-19,04:00:00,0.95414,0.95561,0.95406,0.95527,0,0
2015-05-19,05:00:00,0.95527,0.95611,0.95514,0.95562,0,0
2015-05-19,06:00:00,0.95562,0.95596,0.95444,0.95449,0,0
2015-05-19,07:00:00,0.95447,0.95508,0.95447,0.95456,0,0
2015-05-19,08:00:00,0.95456,0.95468,0.95366,0.95428,0,0
2015-05-19,09:00:00,0.95422,0.95734,0.95416,0.95606,0,0
2015-05-19,10:00:00,0.95603,0.95997,0.95603,0.95997,0,0
2015-05-19,11:00:00,0.9602,0.96099,0.9583,0.9586,0,0
2015-05-19,12:00:00,0.95897,0.95999,0.95844,0.95904,0,0
2015-05-19,13:00:00,0.95906,0.95956,0.95836,0.95879,0,0
2015-05-19,14:00:00,0.95853,0.96108,0.95851,0.96072,0,0
2015-05-19,15:00:00,0.96068,0.96113,0.95785,0.95823,0,0
2015-05-19,16:00:00,0.95815,0.9596,0.95797,0.9588,0,0
2015-05-19,17:00:00,0.95884,0.95918,0.95707,0.95789,0,0
2015-05-19,18:00:00,0.95786,0.95852,0.95721,0.9573,0,0
2015-05-19,19:00:00,0.95726,0.95859,0.9571,0.95818,0,0
2015-05-19,20:00:00,0.95823,0.95873,0.95698,0.95706,0,0
2015-05-19,21:00:00,0.9572,0.9572,0.95629,0.95632,0,0
2015-05-19,22:00:00,0.95628,0.95735,0.95628,0.95662,0,0
2015-05-19,23:00:00,0.95659,0.95755,0.95643,0.95729,0,0
2015-05-19,23:59:00,0.95722,0.9576,0.95696,0.95747,0,0
2015-05-20,01:00:00,0.95749,0.95754,0.95694,0.95725,0,0
2015-05-20,02:00:00,0.95724,0.95756,0.95698,0.95756,0,0
2015-05-20,03:00:00,0.95755,0.95837,0.95724,0.95821,0,0
2015-05-20,04:00:00,0.95821,0.95854,0.95773,0.95783,0,0
2015-05-20,05:00:00,0.95785,0.95834,0.95777,0.95823,0,0
2015-05-20,06:00:00,0.95823,0.95862,0.95799,0.9585,0,0
2015-05-20,07:00:00,0.9585,0.95885,0.95835,0.95864,0,0
2015-05-20,08:00:00,0.95865,0.9606,0.9584,0.96053,0,0
2015-05-20,09:00:00,0.96045,0.96179,0.95886,0.9607,0,0
2015-05-20,10:00:00,0.96067,0.96125,0.95932,0.95934,0,0
2015-05-20,11:00:00,0.95939,0.96089,0.95852,0.9599,0,0
2015-05-20,12:00:00,0.95989,0.96016,0.95865,0.95935,0,0
2015-05-20,13:00:00,0.95939,0.95963,0.95858,0.95903,0,0
2015-05-20,14:00:00,0.95896,0.96009,0.95878,0.95917,0,0
2015-05-20,15:00:00,0.95918,0.95993,0.95822,0.95958,0,0
2015-05-20,16:00:00,0.95965,0.96064,0.95905,0.96048,0,0
2015-05-20,17:00:00,0.96077,0.96094,0.95945,0.95957,0,0
2015-05-20,18:00:00,0.95939,0.96097,0.95918,0.96051,0,0
2015-05-20,19:00:00,0.96049,0.96204,0.96046,0.96129,0,0
2015-05-20,20:00:00,0.96146,0.96252,0.96127,0.96231,0,0
2015-05-20,21:00:00,0.96227,0.96234,0.96046,0.96144,0,0
2015-05-20,22:00:00,0.96147,0.96228,0.96086,0.96167,0,0
2015-05-20,23:00:00,0.96175,0.96239,0.96169,0.96185,0,0
2015-05-20,23:59:00,0.96191,0.96254,0.9615,0.96219,0,0
2015-05-21,01:00:00,0.96219,0.96237,0.96183,0.962,0,0
2015-05-21,02:00:00,0.962,0.96244,0.962,0.96218,0,0
2015-05-21,03:00:00,0.96217,0.96234,0.96168,0.96206,0,0
2015-05-21,04:00:00,0.96204,0.96236,0.96163,0.96189,0,0
2015-05-21,05:00:00,0.9619,0.9626,0.96178,0.96248,0,0
2015-05-21,06:00:00,0.96248,0.96265,0.9624,0.96254,0,0
2015-05-21,07:00:00,0.96254,0.96271,0.96199,0.96208,0,0
2015-05-21,08:00:00,0.96197,0.96231,0.96121,0.96221,0,0
2015-05-21,09:00:00,0.96222,0.96287,0.96039,0.9615,0,0
2015-05-21,10:00:00,0.96156,0.96194,0.96008,0.96052,0,0
2015-05-21,11:00:00,0.96054,0.96148,0.95983,0.96146,0,0
2015-05-21,12:00:00,0.96144,0.96217,0.96039,0.96207,0,0
2015-05-21,13:00:00,0.96207,0.96229,0.96043,0.96102,0,0
2015-05-21,14:00:00,0.96094,0.96279,0.96089,0.96142,0,0
2015-05-21,15:00:00,0.96149,0.9622,0.96097,0.96153,0,0
2015-05-21,16:00:00,0.96167,0.96248,0.96111,0.96169,0,0
2015-05-21,17:00:00,0.96186,0.96186,0.96008,0.96065,0,0
2015-05-21,18:00:00,0.96062,0.96206,0.96036,0.96156,0,0
2015-05-21,19:00:00,0.96153,0.96196,0.96124,0.96169,0,0
2015-05-21,20:00:00,0.96167,0.96177,0.96112,0.9614,0,0
2015-05-21,21:00:00,0.96145,0.96168,0.96025,0.96026,0,0
2015-05-21,22:00:00,0.96019,0.96089,0.96019,0.96065,0,0
2015-05-21,23:00:00,0.96066,0.96097,0.96046,0.96069,0,0
2015-05-21,23:59:00,0.9607,0.96142,0.96019,0.9607,0,0
2015-05-22,01:00:00,0.96066,0.96114,0.9606,0.96074,0,0
2015-05-22,02:00:00,0.96073,0.961,0.95988,0.95993,0,0
2015-05-22,03:00:00,0.95977,0.96049,0.95977,0.96022,0,0
2015-05-22,04:00:00,0.9602,0.96058,0.95958,0.95974,0,0
2015-05-22,05:00:00,0.95975,0.96002,0.95931,0.95991,0,0
2015-05-22,06:00:00,0.95991,0.95996,0.95933,0.95954,0,0
2015-05-22,07:00:00,0.95955,0.95979,0.95932,0.95967,0,0
2015-05-22,08:00:00,0.95965,0.95995,0.95925,0.95962,0,0
2015-05-22,09:00:00,0.95964,0.96033,0.959,0.95991,0,0
2015-05-22,10:00:00,0.95992,0.96027,0.95899,0.95992,0,0
2015-05-22,11:00:00,0.95989,0.96092,0.95904,0.96033,0,0
2015-05-22,12:00:00,0.96038,0.96131,0.95977,0.96035,0,0
2015-05-22,13:00:00,0.96043,0.961,0.95994,0.95995,0,0
2015-05-22,14:00:00,0.95996,0.96032,0.95941,0.9597,0,0
2015-05-22,15:00:00,0.95971,0.96116,0.95696,0.95882,0,0
2015-05-22,16:00:00,0.95865,0.96138,0.95795,0.96095,0,0
2015-05-22,17:00:00,0.96093,0.96265,0.96085,0.9622,0,0
2015-05-22,18:00:00,0.96218,0.96283,0.96117,0.96121,0,0
2015-05-22,19:00:00,0.96119,0.962,0.96081,0.96107,0,0
2015-05-22,20:00:00,0.96116,0.96202,0.96116,0.96163,0,0
2015-05-22,21:00:00,0.96163,0.96267,0.9614,0.9625,0,0
2015-05-22,22:00:00,0.96249,0.96281,0.96186,0.96215,0,0
2015-05-22,23:00:00,0.96211,0.96211,0.96191,0.96192,0,0
2015-05-25,01:00:00,0.96501,0.96501,0.96321,0.96386,0,0
2015-05-25,02:00:00,0.96382,0.96481,0.96338,0.96445,0,0
2015-05-25,03:00:00,0.96446,0.965,0.96352,0.96483,0,0
2015-05-25,04:00:00,0.96481,0.96501,0.96456,0.96476,0,0
2015-05-25,05:00:00,0.96476,0.96539,0.96471,0.96525,0,0
2015-05-25,06:00:00,0.96526,0.9654,0.96486,0.96533,0,0
2015-05-25,07:00:00,0.96532,0.9658,0.9652,0.96564,0,0
2015-05-25,08:00:00,0.96563,0.96644,0.96554,0.96639,0,0
2015-05-25,09:00:00,0.96637,0.96691,0.96559,0.96574,0,0
2015-05-25,10:00:00,0.96582,0.96659,0.96578,0.96612,0,0
2015-05-25,11:00:00,0.96613,0.9666,0.96567,0.96617,0,0
2015-05-25,12:00:00,0.96618,0.96657,0.96576,0.96584,0,0
2015-05-25,13:00:00,0.96586,0.96604,0.96523,0.96601,0,0
2015-05-25,14:00:00,0.966,0.9664,0.96579,0.96625,0,0
2015-05-25,15:00:00,0.96625,0.96652,0.96566,0.96571,0,0
2015-05-25,16:00:00,0.96567,0.96708,0.96548,0.96606,0,0
2015-05-25,17:00:00,0.96603,0.96607,0.96456,0.9652,0,0
2015-05-25,18:00:00,0.9652,0.96575,0.9645,0.96502,0,0
2015-05-25,19:00:00,0.96502,0.96507,0.96296,0.96308,0,0
2015-05-25,20:00:00,0.96326,0.96371,0.96292,0.96371,0,0
2015-05-25,21:00:00,0.9637,0.96378,0.96316,0.96343,0,0
2015-05-25,22:00:00,0.96352,0.96389,0.96316,0.96344,0,0
2015-05-25,23:00:00,0.96335,0.96406,0.96311,0.96391,0,0
2015-05-25,23:59:00,0.96391,0.96411,0.96312,0.96338,0,0
2015-05-26,01:00:00,0.96338,0.96392,0.96295,0.96371,0,0
2015-05-26,02:00:00,0.96372,0.96403,0.96357,0.96394,0,0
2015-05-26,03:00:00,0.96393,0.96544,0.96342,0.96527,0,0
2015-05-26,04:00:00,0.96527,0.96568,0.96474,0.96516,0,0
2015-05-26,05:00:00,0.96515,0.96555,0.96492,0.96544,0,0
2015-05-26,06:00:00,0.96544,0.9658,0.96513,0.96521,0,0
2015-05-26,07:00:00,0.9652,0.9653,0.96464,0.96507,0,0
2015-05-26,08:00:00,0.96507,0.96571,0.96488,0.96518,0,0
2015-05-26,09:00:00,0.96517,0.96587,0.96455,0.96564,0,0
2015-05-26,10:00:00,0.96563,0.96652,0.96481,0.96621,0,0
2015-05-26,11:00:00,0.96622,0.96643,0.96476,0.96574,0,0
2015-05-26,12:00:00,0.96571,0.9678,0.96563,0.96746,0,0
2015-05-26,13:00:00,0.96745,0.96863,0.96668,0.9667,0,0
2015-05-26,14:00:00,0.96661,0.9677,0.96549,0.96609,0,0
2015-05-26,15:00:00,0.96605,0.9663,0.96513,0.96565,0,0
2015-05-26,16:00:00,0.96579,0.96641,0.96521,0.9657,0,0
2015-05-26,17:00:00,0.96579,0.96695,0.96574,0.96671,0,0
2015-05-26,18:00:00,0.96655,0.96764,0.96654,0.96739,0,0
2015-05-26,19:00:00,0.96733,0.96771,0.96675,0.96681,0,0
2015-05-26,20:00:00,0.96685,0.96753,0.96626,0.96719,0,0
2015-05-26,21:00:00,0.96712,0.96743,0.96504,0.96538,0,0
2015-05-26,22:00:00,0.96534,0.96601,0.96467,0.96474,0,0
2015-05-26,23:00:00,0.9648,0.96524,0.96417,0.96479,0,0
2015-05-26,23:59:00,0.96476,0.96484,0.96383,0.96468,0,0
2015-05-27,01:00:00,0.96457,0.96476,0.96405,0.96425,0,0
2015-05-27,02:00:00,0.96417,0.96507,0.96417,0.96495,0,0
2015-05-27,03:00:00,0.96495,0.96522,0.96446,0.96501,0,0
2015-05-27,04:00:00,0.96504,0.96559,0.96496,0.96534,0,0
2015-05-27,05:00:00,0.96531,0.96572,0.96501,0.96566,0,0
2015-05-27,06:00:00,0.96565,0.96571,0.96518,0.96561,0,0
2015-05-27,07:00:00,0.9656,0.96578,0.96535,0.96545,0,0
2015-05-27,08:00:00,0.96549,0.96567,0.96468,0.96512,0,0
2015-05-27,09:00:00,0.96522,0.96683,0.96459,0.96678,0,0
2015-05-27,10:00:00,0.96671,0.96689,0.96552,0.96638,0,0
2015-05-27,11:00:00,0.96638,0.96678,0.96606,0.96617,0,0
2015-05-27,12:00:00,0.9662,0.96751,0.96612,0.96679,0,0
2015-05-27,13:00:00,0.96686,0.96813,0.96648,0.96792,0,0
2015-05-27,14:00:00,0.96784,0.96826,0.9665,0.96767,0,0
2015-05-27,15:00:00,0.96768,0.96936,0.96747,0.96813,0,0
2015-05-27,16:00:00,0.96816,0.96883,0.96608,0.96732,0,0
2015-05-27,17:00:00,0.96735,0.96762,0.96539,0.96632,0,0
2015-05-27,18:00:00,0.96632,0.96745,0.96583,0.96603,0,0
2015-05-27,19:00:00,0.96598,0.96693,0.96571,0.96674,0,0
2015-05-27,20:00:00,0.96672,0.96711,0.96535,0.96571,0,0
2015-05-27,21:00:00,0.96572,0.96598,0.96481,0.96517,0,0
2015-05-27,22:00:00,0.96521,0.96553,0.96437,0.96509,0,0
2015-05-27,23:00:00,0.96515,0.96598,0.96491,0.96598,0,0
2015-05-27,23:59:00,0.96576,0.96625,0.96514,0.96545,0,0
2015-05-28,01:00:00,0.96536,0.96617,0.96524,0.96568,0,0
2015-05-28,02:00:00,0.96568,0.96626,0.96568,0.966,0,0
2015-05-28,03:00:00,0.966,0.96657,0.9653,0.96577,0,0
2015-05-28,04:00:00,0.96575,0.9662,0.96551,0.96578,0,0
2015-05-28,05:00:00,0.96576,0.96664,0.96566,0.96664,0,0
2015-05-28,06:00:00,0.96657,0.96682,0.96599,0.96603,0,0
2015-05-28,07:00:00,0.96603,0.9668,0.96578,0.96634,0,0
2015-05-28,08:00:00,0.96636,0.96651,0.96558,0.96619,0,0
2015-05-28,09:00:00,0.9662,0.96668,0.96509,0.96662,0,0
2015-05-28,10:00:00,0.96661,0.96746,0.96644,0.96679,0,0
2015-05-28,11:00:00,0.96675,0.96714,0.96588,0.96607,0,0
2015-05-28,12:00:00,0.96606,0.96668,0.96562,0.96626,0,0
2015-05-28,13:00:00,0.96625,0.96704,0.96567,0.9668,0,0
2015-05-28,14:00:00,0.96688,0.96773,0.96662,0.96725,0,0
2015-05-28,15:00:00,0.96713,0.96731,0.96506,0.9669,0,0
2015-05-28,16:00:00,0.96692,0.96795,0.96644,0.9672,0,0
2015-05-28,17:00:00,0.96741,0.96875,0.96725,0.96849,0,0
2015-05-28,18:00:00,0.9686,0.96974,0.96817,0.96874,0,0
2015-05-28,19:00:00,0.96878,0.97036,0.9682,0.96855,0,0
2015-05-28,20:00:00,0.96857,0.97013,0.96819,0.96918,0,0
2015-05-28,21:00:00,0.96916,0.96965,0.96829,0.96835,0,0
2015-05-28,22:00:00,0.96844,0.96893,0.96778,0.96789,0,0
2015-05-28,23:00:00,0.96786,0.96842,0.96729,0.96766,0,0
2015-05-28,23:59:00,0.96778,0.9685,0.96637,0.96717,0,0
2015-05-29,01:00:00,0.96739,0.96769,0.96679,0.96727,0,0
2015-05-29,02:00:00,0.96727,0.96747,0.96716,0.96731,0,0
2015-05-29,03:00:00,0.96731,0.96813,0.96719,0.96806,0,0
2015-05-29,04:00:00,0.96806,0.96807,0.96733,0.96784,0,0
2015-05-29,05:00:00,0.96785,0.96844,0.96766,0.96828,0,0
2015-05-29,06:00:00,0.9683,0.96902,0.96809,0.96899,0,0
2015-05-29,07:00:00,0.96899,0.96935,0.96851,0.96927,0,0
2015-05-29,08:00:00,0.96924,0.96965,0.96798,0.96798,0,0
2015-05-29,09:00:00,0.96792,0.96803,0.96561,0.96582,0,0
2015-05-29,10:00:00,0.9656,0.96705,0.96523,0.96611,0,0
2015-05-29,11:00:00,0.9662,0.96731,0.96573,0.96643,0,0
2015-05-29,12:00:00,0.96619,0.96794,0.96595,0.96748,0,0
2015-05-29,13:00:00,0.96741,0.9691,0.96717,0.96908,0,0
2015-05-29,14:00:00,0.969,0.96929,0.96663,0.96725,0,0
2015-05-29,15:00:00,0.96731,0.96936,0.9669,0.96898,0,0
2015-05-29,16:00:00,0.96897,0.97273,0.9684,0.97164,0,0
2015-05-29,17:00:00,0.97146,0.97153,0.96668,0.96672,0,0
2015-05-29,18:00:00,0.96655,0.96736,0.96492,0.96692,0,0
2015-05-29,19:00:00,0.96697,0.96762,0.96615,0.96731,0,0
2015-05-29,20:00:00,0.96731,0.96892,0.96717,0.96848,0,0
2015-05-29,21:00:00,0.96855,0.96913,0.96845,0.96882,0,0
2015-05-29,22:00:00,0.96877,0.96892,0.96848,0.96879,0,0
2015-05-29,23:00:00,0.96871,0.96877,0.9686,0.9687,0,0
2015-06-01,01:00:00,0.9688,0.9696,0.96818,0.96904,0,0
2015-06-01,02:00:00,0.96905,0.96981,0.96903,0.96936,0,0
2015-06-01,03:00:00,0.96935,0.96998,0.96844,0.96983,0,0
2015-06-01,04:00:00,0.96984,0.97002,0.96929,0.96948,0,0
2015-06-01,05:00:00,0.96952,0.96953,0.96861,0.96866,0,0
2015-06-01,06:00:00,0.96869,0.96914,0.96834,0.96913,0,0
2015-06-01,07:00:00,0.96913,0.96916,0.96817,0.9682,0,0
2015-06-01,08:00:00,0.96821,0.96827,0.96745,0.96792,0,0
2015-06-01,09:00:00,0.96786,0.96803,0.9665,0.96729,0,0
2015-06-01,10:00:00,0.96747,0.96868,0.96605,0.96849,0,0
2015-06-01,11:00:00,0.96859,0.96931,0.96757,0.96912,0,0
2015-06-01,12:00:00,0.96904,0.96918,0.96747,0.96795,0,0
2015-06-01,13:00:00,0.96791,0.96882,0.96765,0.96847,0,0
2015-06-01,14:00:00,0.96849,0.9686,0.96715,0.96836,0,0
2015-06-01,15:00:00,0.96843,0.96864,0.96735,0.9681,0,0
2015-06-01,16:00:00,0.96803,0.96903,0.96782,0.96838,0,0
2015-06-01,17:00:00,0.96853,0.97126,0.96849,0.96965,0,0
2015-06-01,18:00:00,0.96986,0.97019,0.96756,0.96774,0,0
2015-06-01,19:00:00,0.96776,0.96798,0.96707,0.96743,0,0
2015-06-01,20:00:00,0.96744,0.96836,0.96701,0.96779,0,0
2015-06-01,21:00:00,0.96782,0.96829,0.96701,0.96712,0,0
2015-06-01,22:00:00,0.96711,0.96756,0.96677,0.96756,0,0
2015-06-01,23:00:00,0.96757,0.96782,0.96704,0.96743,0,0
2015-06-01,23:59:00,0.96743,0.96847,0.9663,0.96796,0,0
2015-06-02,01:00:00,0.96784,0.96791,0.96731,0.96755,0,0
2015-06-02,02:00:00,0.96755,0.96811,0.96744,0.96775,0,0
2015-06-02,03:00:00,0.96776,0.96843,0.96738,0.96793,0,0
2015-06-02,04:00:00,0.96794,0.9685,0.9679,0.96819,0,0
2015-06-02,05:00:00,0.96818,0.96855,0.968,0.96836,0,0
2015-06-02,06:00:00,0.96837,0.96884,0.96819,0.96873,0,0
2015-06-02,07:00:00,0.96873,0.96894,0.96815,0.96827,0,0
2015-06-02,08:00:00,0.96832,0.96854,0.96784,0.96796,0,0
2015-06-02,09:00:00,0.96793,0.96974,0.96791,0.96923,0,0
2015-06-02,10:00:00,0.96906,0.96937,0.9667,0.96752,0,0
2015-06-02,11:00:00,0.96727,0.96775,0.96693,0.9673,0,0
2015-06-02,12:00:00,0.96733,0.96866,0.96695,0.96761,0,0
2015-06-02,13:00:00,0.96767,0.96767,0.96432,0.96497,0,0
2015-06-02,14:00:00,0.96503,0.96514,0.96255,0.96314,0,0
2015-06-02,15:00:00,0.96313,0.96359,0.961,0.96115,0,0
2015-06-02,16:00:00,0.96116,0.96294,0.95861,0.9628,0,0
2015-06-02,17:00:00,0.96276,0.9629,0.96129,0.96193,0,0
2015-06-02,18:00:00,0.96189,0.96348,0.96151,0.96159,0,0
2015-06-02,19:00:00,0.96159,0.96159,0.95934,0.95938,0,0
2015-06-02,20:00:00,0.95924,0.96024,0.95904,0.96008,0,0
2015-06-02,21:00:00,0.96001,0.96094,0.95989,0.96078,0,0
2015-06-02,22:00:00,0.96072,0.96182,0.96051,0.96141,0,0
2015-06-02,23:00:00,0.96144,0.96169,0.96091,0.9611,0,0
2015-06-02,23:59:00,0.96111,0.96119,0.96053,0.96092,0,0
2015-06-03,01:00:00,0.9609,0.96122,0.96075,0.96081,0,0
2015-06-03,02:00:00,0.96081,0.96111,0.96056,0.96086,0,0
2015-06-03,03:00:00,0.96091,0.96117,0.96047,0.96085,0,0
2015-06-03,04:00:00,0.96091,0.96099,0.95891,0.95903,0,0
2015-06-03,05:00:00,0.95904,0.96077,0.95903,0.9607,0,0
2015-06-03,06:00:00,0.9607,0.96084,0.96016,0.96032,0,0
2015-06-03,07:00:00,0.96014,0.96035,0.95953,0.96014,0,0
2015-06-03,08:00:00,0.9602,0.96024,0.95914,0.95969,0,0
2015-06-03,09:00:00,0.95965,0.96068,0.95907,0.96004,0,0
2015-06-03,10:00:00,0.96009,0.96122,0.95977,0.96089,0,0
2015-06-03,11:00:00,0.96095,0.96155,0.96,0.9602,0,0
2015-06-03,12:00:00,0.96045,0.96167,0.96026,0.96119,0,0
2015-06-03,13:00:00,0.96118,0.96135,0.95981,0.96028,0,0
2015-06-03,14:00:00,0.96026,0.96138,0.95859,0.95905,0,0
2015-06-03,15:00:00,0.95906,0.95946,0.95397,0.95649,0,0
2015-06-03,16:00:00,0.95653,0.95671,0.95324,0.95544,0,0
2015-06-03,17:00:00,0.95548,0.95548,0.94884,0.9493,0,0
2015-06-03,18:00:00,0.94935,0.95105,0.94866,0.9491,0,0
2015-06-03,19:00:00,0.94913,0.95098,0.9491,0.95076,0,0
2015-06-03,20:00:00,0.95076,0.95076,0.94981,0.9499,0,0
2015-06-03,21:00:00,0.94996,0.95042,0.94985,0.94999,0,0
2015-06-03,22:00:00,0.94983,0.95007,0.94877,0.94922,0,0
2015-06-03,23:00:00,0.94926,0.95026,0.94926,0.94971,0,0
2015-06-03,23:59:00,0.94978,0.95033,0.94946,0.95017,0,0
2015-06-04,01:00:00,0.95017,0.95065,0.94978,0.9505,0,0
2015-06-04,02:00:00,0.95055,0.95065,0.94982,0.95016,0,0
2015-06-04,03:00:00,0.95018,0.95059,0.94988,0.95044,0,0
2015-06-04,04:00:00,0.95044,0.95064,0.94978,0.95017,0,0
2015-06-04,05:00:00,0.95015,0.95032,0.94958,0.94988,0,0
2015-06-04,06:00:00,0.94986,0.94995,0.94939,0.94974,0,0
2015-06-04,07:00:00,0.94974,0.95019,0.94961,0.94985,0,0
2015-06-04,08:00:00,0.94985,0.95044,0.94985,0.9503,0,0
2015-06-04,09:00:00,0.95033,0.9511,0.94999,0.95078,0,0
2015-06-04,10:00:00,0.95079,0.95091,0.94869,0.94916,0,0
2015-06-04,11:00:00,0.94912,0.94969,0.9457,0.94837,0,0
2015-06-04,12:00:00,0.94852,0.94912,0.94697,0.94746,0,0
2015-06-04,13:00:00,0.94746,0.94757,0.94588,0.94708,0,0
2015-06-04,14:00:00,0.94704,0.94868,0.9468,0.9475,0,0
2015-06-04,15:00:00,0.94747,0.94955,0.9471,0.94935,0,0
2015-06-04,16:00:00,0.94931,0.95164,0.94919,0.94953,0,0
2015-06-04,17:00:00,0.94947,0.95071,0.94826,0.94885,0,0
2015-06-04,18:00:00,0.94882,0.95055,0.94832,0.94963,0,0
2015-06-04,19:00:00,0.94965,0.95057,0.94837,0.94951,0,0
2015-06-04,20:00:00,0.94958,0.95277,0.94938,0.95277,0,0
2015-06-04,21:00:00,0.95278,0.95375,0.95278,0.95339,0,0
2015-06-04,22:00:00,0.95336,0.95405,0.9531,0.9535,0,0
2015-06-04,23:00:00,0.95354,0.95354,0.95281,0.95304,0,0
2015-06-04,23:59:00,0.95297,0.95415,0.95231,0.95388,0,0
2015-06-05,01:00:00,0.95395,0.9547,0.9536,0.95464,0,0
2015-06-05,02:00:00,0.95464,0.95546,0.95428,0.95434,0,0
2015-06-05,03:00:00,0.95432,0.95434,0.95344,0.9539,0,0
2015-06-05,04:00:00,0.95388,0.95435,0.95359,0.95401,0,0
2015-06-05,05:00:00,0.95398,0.95408,0.9537,0.95395,0,0
2015-06-05,06:00:00,0.95394,0.95432,0.95382,0.95431,0,0
2015-06-05,07:00:00,0.95431,0.95477,0.95401,0.95464,0,0
2015-06-05,08:00:00,0.95464,0.9548,0.95405,0.95462,0,0
2015-06-05,09:00:00,0.95451,0.95451,0.95302,0.95348,0,0
2015-06-05,10:00:00,0.95353,0.95439,0.95223,0.95246,0,0
2015-06-05,11:00:00,0.95246,0.95354,0.95215,0.95236,0,0
2015-06-05,12:00:00,0.95239,0.95313,0.9521,0.95302,0,0
2015-06-05,13:00:00,0.95301,0.95379,0.95238,0.9537,0,0
2015-06-05,14:00:00,0.9537,0.95529,0.95333,0.95477,0,0
2015-06-05,15:00:00,0.95472,0.95606,0.95276,0.9528,0,0
2015-06-05,16:00:00,0.95292,0.95339,0.95108,0.95234,0,0
2015-06-05,17:00:00,0.95234,0.95238,0.95045,0.95058,0,0
2015-06-05,18:00:00,0.95057,0.95449,0.94917,0.95408,0,0
2015-06-05,19:00:00,0.95404,0.95626,0.95376,0.95626,0,0
2015-06-05,20:00:00,0.9563,0.95698,0.95535,0.95663,0,0
2015-06-05,21:00:00,0.95676,0.95772,0.95646,0.95726,0,0
2015-06-05,22:00:00,0.95728,0.95781,0.9569,0.95757,0,0
2015-06-05,23:00:00,0.9574,0.9574,0.95728,0.95729,0,0
2015-06-08,01:00:00,0.95752,0.95772,0.9571,0.95718,0,0
2015-06-08,02:00:00,0.95719,0.95772,0.95708,0.95749,0,0
2015-06-08,03:00:00,0.95741,0.95789,0.95725,0.95775,0,0
2015-06-08,04:00:00,0.95772,0.95777,0.95729,0.95736,0,0
2015-06-08,05:00:00,0.95739,0.95754,0.95656,0.95668,0,0
2015-06-08,06:00:00,0.95668,0.95683,0.9565,0.95677,0,0
2015-06-08,07:00:00,0.95676,0.95701,0.95643,0.95654,0,0
2015-06-08,08:00:00,0.95653,0.95664,0.95585,0.95589,0,0
2015-06-08,09:00:00,0.95567,0.95758,0.95519,0.95585,0,0
2015-06-08,10:00:00,0.9558,0.9568,0.95454,0.9551,0,0
2015-06-08,11:00:00,0.95521,0.95708,0.95512,0.95659,0,0
2015-06-08,12:00:00,0.95653,0.95671,0.95521,0.95564,0,0
2015-06-08,13:00:00,0.9556,0.95636,0.95523,0.95561,0,0
2015-06-08,14:00:00,0.95557,0.95636,0.95485,0.95572,0,0
2015-06-08,15:00:00,0.95565,0.95572,0.95392,0.95426,0,0
2015-06-08,16:00:00,0.95416,0.95424,0.95151,0.95252,0,0
2015-06-08,17:00:00,0.95275,0.95395,0.95264,0.95279,0,0
2015-06-08,18:00:00,0.95282,0.95524,0.95243,0.95404,0,0
2015-06-08,19:00:00,0.95399,0.95506,0.95385,0.9549,0,0
2015-06-08,20:00:00,0.95465,0.95593,0.95394,0.95566,0,0
2015-06-08,21:00:00,0.95572,0.95572,0.95404,0.95446,0,0
2015-06-08,22:00:00,0.95441,0.95469,0.95382,0.95408,0,0
2015-06-08,23:00:00,0.95405,0.95564,0.95385,0.95491,0,0
2015-06-08,23:59:00,0.95491,0.95581,0.9544,0.95562,0,0
2015-06-09,01:00:00,0.95567,0.95591,0.95506,0.95587,0,0
2015-06-09,02:00:00,0.95587,0.95594,0.95544,0.9558,0,0
2015-06-09,03:00:00,0.9558,0.95592,0.95508,0.95543,0,0
2015-06-09,04:00:00,0.95548,0.95578,0.95307,0.9532,0,0
2015-06-09,05:00:00,0.95381,0.95381,0.95293,0.95335,0,0
2015-06-09,06:00:00,0.95336,0.95375,0.95325,0.95374,0,0
2015-06-09,07:00:00,0.95374,0.95455,0.95349,0.95405,0,0
2015-06-09,08:00:00,0.95405,0.95425,0.9526,0.95296,0,0
2015-06-09,09:00:00,0.95295,0.95505,0.9529,0.95473,0,0
2015-06-09,10:00:00,0.95461,0.95627,0.95409,0.95575,0,0
2015-06-09,11:00:00,0.95566,0.95748,0.95524,0.95585,0,0
2015-06-09,12:00:00,0.95587,0.95674,0.9551,0.95546,0,0
2015-06-09,13:00:00,0.9555,0.95758,0.95466,0.95701,0,0
2015-06-09,14:00:00,0.95693,0.95719,0.95512,0.95569,0,0
2015-06-09,15:00:00,0.95555,0.95618,0.95482,0.95561,0,0
2015-06-09,16:00:00,0.95556,0.95656,0.95503,0.95556,0,0
2015-06-09,17:00:00,0.95546,0.95633,0.95494,0.95502,0,0
2015-06-09,18:00:00,0.95502,0.95502,0.95325,0.9534,0,0
2015-06-09,19:00:00,0.95343,0.9539,0.95257,0.95299,0,0
2015-06-09,20:00:00,0.953,0.95307,0.95198,0.95201,0,0
2015-06-09,21:00:00,0.95208,0.95224,0.95119,0.95187,0,0
2015-06-09,22:00:00,0.95189,0.95272,0.95189,0.95262,0,0
2015-06-09,23:00:00,0.95258,0.95262,0.95204,0.95218,0,0
2015-06-09,23:59:00,0.95225,0.95261,0.95222,0.95244,0,0
2015-06-10,01:00:00,0.95244,0.95267,0.95223,0.95243,0,0
2015-06-10,02:00:00,0.95243,0.95243,0.95133,0.95168,0,0
2015-06-10,03:00:00,0.95168,0.95203,0.95123,0.95167,0,0
2015-06-10,04:00:00,0.95167,0.95198,0.9516,0.95197,0,0
2015-06-10,05:00:00,0.95198,0.95199,0.95103,0.95115,0,0
2015-06-10,06:00:00,0.95114,0.95182,0.95096,0.95143,0,0
2015-06-10,07:00:00,0.95143,0.95268,0.95097,0.95241,0,0
2015-06-10,08:00:00,0.95242,0.95277,0.95127,0.95172,0,0
2015-06-10,09:00:00,0.95169,0.95398,0.95146,0.95371,0,0
2015-06-10,10:00:00,0.95364,0.95364,0.95133,0.9519,0,0
2015-06-10,11:00:00,0.95196,0.95371,0.95113,0.95324,0,0
2015-06-10,12:00:00,0.95322,0.95383,0.9518,0.95237,0,0
2015-06-10,13:00:00,0.95239,0.95339,0.95229,0.95331,0,0
2015-06-10,14:00:00,0.95331,0.95467,0.95297,0.95303,0,0
2015-06-10,15:00:00,0.95304,0.95417,0.95249,0.95274,0,0
2015-06-10,16:00:00,0.95268,0.95302,0.95139,0.95274,0,0
2015-06-10,17:00:00,0.95276,0.9541,0.95274,0.95274,0,0
2015-06-10,18:00:00,0.9527,0.95298,0.95084,0.95167,0,0
2015-06-10,19:00:00,0.95165,0.95195,0.94965,0.94991,0,0
2015-06-10,20:00:00,0.94997,0.95013,0.94814,0.94855,0,0
2015-06-10,21:00:00,0.94855,0.94914,0.94823,0.94839,0,0
2015-06-10,22:00:00,0.94839,0.94889,0.94797,0.94802,0,0
2015-06-10,23:00:00,0.94808,0.94818,0.94749,0.94799,0,0
2015-06-10,23:59:00,0.94816,0.94874,0.94751,0.94788,0,0
2015-06-11,01:00:00,0.94763,0.9485,0.94745,0.94748,0,0
2015-06-11,02:00:00,0.94748,0.94857,0.94747,0.94851,0,0
2015-06-11,03:00:00,0.94851,0.94924,0.94846,0.94912,0,0
2015-06-11,04:00:00,0.94915,0.94971,0.94893,0.94908,0,0
2015-06-11,05:00:00,0.94912,0.94925,0.94858,0.94864,0,0
2015-06-11,06:00:00,0.94856,0.94894,0.94834,0.94841,0,0
2015-06-11,07:00:00,0.94841,0.94858,0.94802,0.94846,0,0
2015-06-11,08:00:00,0.94846,0.94986,0.94823,0.94976,0,0
2015-06-11,09:00:00,0.94975,0.95028,0.9489,0.9499,0,0
2015-06-11,10:00:00,0.94991,0.95134,0.94954,0.95132,0,0
2015-06-11,11:00:00,0.95123,0.95156,0.94742,0.94866,0,0
2015-06-11,12:00:00,0.94866,0.94942,0.94755,0.9486,0,0
2015-06-11,13:00:00,0.94859,0.95019,0.9479,0.9501,0,0
2015-06-11,14:00:00,0.95014,0.95074,0.9497,0.9504,0,0
2015-06-11,15:00:00,0.95033,0.95167,0.94996,0.9505,0,0
2015-06-11,16:00:00,0.95046,0.95274,0.95022,0.95106,0,0
2015-06-11,17:00:00,0.95109,0.95206,0.94947,0.95092,0,0
2015-06-11,18:00:00,0.95088,0.95134,0.94954,0.9502,0,0
2015-06-11,19:00:00,0.95025,0.95086,0.94978,0.95011,0,0
2015-06-11,20:00:00,0.95016,0.9505,0.94968,0.95044,0,0
2015-06-11,21:00:00,0.95033,0.9508,0.95001,0.9504,0,0
2015-06-11,22:00:00,0.95036,0.95155,0.95021,0.95091,0,0
2015-06-11,23:00:00,0.95091,0.95186,0.95083,0.95186,0,0
2015-06-11,23:59:00,0.95192,0.95298,0.95162,0.95275,0,0
2015-06-12,01:00:00,0.95255,0.95276,0.95215,0.95258,0,0
2015-06-12,02:00:00,0.95258,0.95266,0.95204,0.95212,0,0
2015-06-12,03:00:00,0.95212,0.9522,0.95171,0.95215,0,0
2015-06-12,04:00:00,0.95218,0.95258,0.95179,0.95258,0,0
2015-06-12,05:00:00,0.95257,0.95262,0.95195,0.95205,0,0
2015-06-12,06:00:00,0.95205,0.95208,0.95164,0.95178,0,0
2015-06-12,07:00:00,0.95179,0.9534,0.95176,0.95289,0,0
2015-06-12,08:00:00,0.95289,0.95376,0.95254,0.95287,0,0
2015-06-12,09:00:00,0.95277,0.95495,0.95277,0.95415,0,0
2015-06-12,10:00:00,0.95415,0.95466,0.95333,0.95368,0,0
2015-06-12,11:00:00,0.95374,0.95605,0.95339,0.95549,0,0
2015-06-12,12:00:00,0.9555,0.95781,0.95513,0.95645,0,0
2015-06-12,13:00:00,0.9565,0.95656,0.95538,0.95643,0,0
2015-06-12,14:00:00,0.95637,0.95685,0.95591,0.95599,0,0
2015-06-12,15:00:00,0.956,0.95769,0.95508,0.95728,0,0
2015-06-12,16:00:00,0.9573,0.95881,0.95709,0.95751,0,0
2015-06-12,17:00:00,0.95751,0.95906,0.95751,0.95769,0,0
2015-06-12,18:00:00,0.95763,0.95867,0.95648,0.95733,0,0
2015-06-12,19:00:00,0.95738,0.95778,0.95684,0.95742,0,0
2015-06-12,20:00:00,0.95743,0.95758,0.95637,0.95642,0,0
2015-06-12,21:00:00,0.9564,0.95691,0.95563,0.95679,0,0
2015-06-12,22:00:00,0.9568,0.95694,0.95577,0.95606,0,0
2015-06-12,23:00:00,0.95613,0.95624,0.95613,0.95622,0,0
2015-06-15,01:00:00,0.95909,0.95937,0.95846,0.95852,0,0
2015-06-15,02:00:00,0.95851,0.95896,0.95837,0.95839,0,0
2015-06-15,03:00:00,0.95839,0.95851,0.95561,0.95665,0,0
2015-06-15,04:00:00,0.95664,0.95693,0.9559,0.95596,0,0
2015-06-15,05:00:00,0.95604,0.95711,0.95569,0.95678,0,0
2015-06-15,06:00:00,0.95677,0.95709,0.95662,0.95663,0,0
2015-06-15,07:00:00,0.95663,0.95709,0.9564,0.95695,0,0
2015-06-15,08:00:00,0.95701,0.95788,0.9569,0.9574,0,0
2015-06-15,09:00:00,0.9574,0.9575,0.95624,0.95701,0,0
2015-06-15,10:00:00,0.95703,0.95703,0.95494,0.95585,0,0
2015-06-15,11:00:00,0.95586,0.95651,0.95524,0.95609,0,0
2015-06-15,12:00:00,0.9561,0.95745,0.95561,0.95668,0,0
2015-06-15,13:00:00,0.95669,0.95689,0.95518,0.95518,0,0
2015-06-15,14:00:00,0.95522,0.95526,0.95242,0.95245,0,0
2015-06-15,15:00:00,0.95248,0.95268,0.95067,0.95144,0,0
2015-06-15,16:00:00,0.95143,0.95149,0.94935,0.95135,0,0
2015-06-15,17:00:00,0.95142,0.95177,0.94968,0.95037,0,0
2015-06-15,18:00:00,0.95022,0.9505,0.94922,0.94928,0,0
2015-06-15,19:00:00,0.94917,0.94959,0.9485,0.94923,0,0
2015-06-15,20:00:00,0.94929,0.95162,0.94918,0.95161,0,0
2015-06-15,21:00:00,0.95154,0.95229,0.95112,0.9517,0,0
2015-06-15,22:00:00,0.95176,0.95467,0.95176,0.95424,0,0
2015-06-15,23:00:00,0.95409,0.95438,0.9532,0.95349,0,0
2015-06-15,23:59:00,0.95341,0.95406,0.95302,0.9531,0,0
2015-06-16,01:00:00,0.95311,0.954,0.95309,0.95358,0,0
2015-06-16,02:00:00,0.95358,0.95378,0.95332,0.95368,0,0
2015-06-16,03:00:00,0.95368,0.95384,0.95268,0.95302,0,0
2015-06-16,04:00:00,0.95303,0.9534,0.95271,0.95289,0,0
2015-06-16,05:00:00,0.95284,0.95386,0.95283,0.95356,0,0
2015-06-16,06:00:00,0.95357,0.95407,0.95356,0.95366,0,0
2015-06-16,07:00:00,0.95364,0.95381,0.95321,0.95334,0,0
2015-06-16,08:00:00,0.95329,0.95408,0.95325,0.95361,0,0
2015-06-16,09:00:00,0.95362,0.95454,0.95228,0.95249,0,0
2015-06-16,10:00:00,0.95253,0.95344,0.95166,0.95227,0,0
2015-06-16,11:00:00,0.95227,0.95404,0.95187,0.95352,0,0
2015-06-16,12:00:00,0.95362,0.95447,0.95251,0.95382,0,0
2015-06-16,13:00:00,0.95379,0.95425,0.95314,0.95401,0,0
2015-06-16,14:00:00,0.95409,0.95486,0.95338,0.95483,0,0
2015-06-16,15:00:00,0.95486,0.9562,0.95465,0.95504,0,0
2015-06-16,16:00:00,0.95505,0.95524,0.95405,0.95509,0,0
2015-06-16,17:00:00,0.95512,0.95646,0.95452,0.95578,0,0
2015-06-16,18:00:00,0.95587,0.95591,0.95396,0.95419,0,0
2015-06-16,19:00:00,0.95416,0.95453,0.95353,0.95354,0,0
2015-06-16,20:00:00,0.95352,0.95436,0.95334,0.95436,0,0
2015-06-16,21:00:00,0.95441,0.95471,0.95402,0.95423,0,0
2015-06-16,22:00:00,0.95422,0.95443,0.95376,0.95392,0,0
2015-06-16,23:00:00,0.95389,0.95412,0.95337,0.95364,0,0
2015-06-16,23:59:00,0.95368,0.9541,0.95346,0.9538,0,0
2015-06-17,01:00:00,0.95377,0.95412,0.95356,0.95409,0,0
2015-06-17,02:00:00,0.95408,0.95474,0.95399,0.9546,0,0
2015-06-17,03:00:00,0.95462,0.95468,0.9541,0.95443,0,0
2015-06-17,04:00:00,0.95443,0.95478,0.95424,0.95448,0,0
2015-06-17,05:00:00,0.95446,0.95467,0.95429,0.95445,0,0
2015-06-17,06:00:00,0.95445,0.95451,0.95379,0.95388,0,0
2015-06-17,07:00:00,0.95388,0.95428,0.95388,0.95401,0,0
2015-06-17,08:00:00,0.95394,0.95474,0.95383,0.9546,0,0
2015-06-17,09:00:00,0.95458,0.95549,0.95429,0.95515,0,0
2015-06-17,10:00:00,0.95507,0.96122,0.95486,0.95859,0,0
2015-06-17,11:00:00,0.95842,0.95979,0.95796,0.95859,0,0
2015-06-17,12:00:00,0.95865,0.95889,0.95602,0.95658,0,0
2015-06-17,13:00:00,0.95657,0.9571,0.95567,0.95669,0,0
2015-06-17,14:00:00,0.95664,0.95777,0.95631,0.95685,0,0
2015-06-17,15:00:00,0.95668,0.9578,0.95631,0.95734,0,0
2015-06-17,16:00:00,0.95731,0.95822,0.95712,0.95764,0,0
2015-06-17,17:00:00,0.95765,0.95804,0.95624,0.95731,0,0
2015-06-17,18:00:00,0.9575,0.95927,0.95692,0.95894,0,0
2015-06-17,19:00:00,0.95902,0.95946,0.95818,0.95834,0,0
2015-06-17,20:00:00,0.95835,0.95904,0.9577,0.95904,0,0
2015-06-17,21:00:00,0.95946,0.96009,0.95607,0.95695,0,0
2015-06-17,22:00:00,0.95684,0.95768,0.95613,0.95649,0,0
2015-06-17,23:00:00,0.95631,0.95717,0.95615,0.95669,0,0
2015-06-17,23:59:00,0.95696,0.95719,0.95618,0.95618,0,0
2015-06-18,01:00:00,0.95617,0.9569,0.95616,0.95623,0,0
2015-06-18,02:00:00,0.95622,0.95651,0.95501,0.95533,0,0
2015-06-18,03:00:00,0.95536,0.95658,0.95536,0.95641,0,0
2015-06-18,04:00:00,0.95633,0.95665,0.95594,0.95636,0,0
2015-06-18,05:00:00,0.95636,0.95684,0.95625,0.95628,0,0
2015-06-18,06:00:00,0.95627,0.95648,0.95586,0.95635,0,0
2015-06-18,07:00:00,0.95632,0.95639,0.95552,0.95625,0,0
2015-06-18,08:00:00,0.95614,0.95689,0.95588,0.95675,0,0
2015-06-18,09:00:00,0.95669,0.95726,0.95571,0.95648,0,0
2015-06-18,10:00:00,0.95649,0.95751,0.95501,0.95603,0,0
2015-06-18,11:00:00,0.956,0.95737,0.95555,0.95709,0,0
2015-06-18,12:00:00,0.9569,0.95732,0.95542,0.95646,0,0
2015-06-18,13:00:00,0.95644,0.9574,0.95503,0.9571,0,0
2015-06-18,14:00:00,0.95719,0.95792,0.95539,0.95617,0,0
2015-06-18,15:00:00,0.95613,0.95735,0.95532,0.95734,0,0
2015-06-18,16:00:00,0.95736,0.95793,0.95623,0.95623,0,0
2015-06-18,17:00:00,0.95621,0.95691,0.95463,0.95473,0,0
2015-06-18,18:00:00,0.95478,0.95575,0.95287,0.95349,0,0
2015-06-18,19:00:00,0.95341,0.9538,0.94925,0.95233,0,0
2015-06-18,20:00:00,0.95232,0.95386,0.95183,0.9536,0,0
2015-06-18,21:00:00,0.95356,0.95436,0.95282,0.95393,0,0
2015-06-18,22:00:00,0.954,0.95485,0.95376,0.95431,0,0
2015-06-18,23:00:00,0.95438,0.9551,0.95424,0.95504,0,0
2015-06-18,23:59:00,0.95564,0.95564,0.95438,0.95447,0,0
2015-06-19,01:00:00,0.95452,0.95501,0.95312,0.95492,0,0
2015-06-19,02:00:00,0.95492,0.95492,0.95422,0.95436,0,0
2015-06-19,03:00:00,0.95436,0.95497,0.95422,0.95422,0,0
2015-06-19,04:00:00,0.95424,0.95443,0.95414,0.95425,0,0
2015-06-19,05:00:00,0.9543,0.95448,0.9542,0.9543,0,0
2015-06-19,06:00:00,0.95434,0.95471,0.95422,0.95465,0,0
2015-06-19,07:00:00,0.95465,0.95557,0.95434,0.95557,0,0
2015-06-19,08:00:00,0.95554,0.95586,0.95532,0.95583,0,0
2015-06-19,09:00:00,0.95584,0.95598,0.95514,0.95534,0,0
2015-06-19,10:00:00,0.95532,0.9569,0.9552,0.95668,0,0
2015-06-19,11:00:00,0.95675,0.95848,0.95635,0.95788,0,0
2015-06-19,12:00:00,0.95782,0.95836,0.95718,0.95718,0,0
2015-06-19,13:00:00,0.95726,0.95881,0.95715,0.9588,0,0
2015-06-19,14:00:00,0.95866,0.95888,0.95616,0.95665,0,0
2015-06-19,15:00:00,0.95671,0.9573,0.95622,0.95704,0,0
2015-06-19,16:00:00,0.95699,0.9572,0.9554,0.95559,0,0
2015-06-19,17:00:00,0.95562,0.95701,0.95444,0.95699,0,0
2015-06-19,18:00:00,0.957,0.9584,0.95684,0.95812,0,0
2015-06-19,19:00:00,0.95818,0.95904,0.95778,0.9578,0,0
2015-06-19,20:00:00,0.95771,0.95922,0.95709,0.95912,0,0
2015-06-19,21:00:00,0.95912,0.96046,0.9591,0.96025,0,0
2015-06-19,22:00:00,0.96025,0.961,0.95994,0.96093,0,0
2015-06-19,23:00:00,0.96094,0.96108,0.96094,0.96097,0,0
2015-06-22,01:00:00,0.95892,0.95969,0.95877,0.95885,0,0
2015-06-22,02:00:00,0.95891,0.95893,0.95812,0.95821,0,0
2015-06-22,03:00:00,0.95819,0.95858,0.95805,0.95843,0,0
2015-06-22,04:00:00,0.95841,0.95931,0.95833,0.95846,0,0
2015-06-22,05:00:00,0.95844,0.95888,0.95764,0.95809,0,0
2015-06-22,06:00:00,0.95809,0.95809,0.95741,0.95755,0,0
2015-06-22,07:00:00,0.95755,0.95758,0.95684,0.95693,0,0
2015-06-22,08:00:00,0.95693,0.95747,0.95564,0.95591,0,0
2015-06-22,09:00:00,0.95587,0.95768,0.95541,0.95651,0,0
2015-06-22,10:00:00,0.9565,0.95923,0.9565,0.95923,0,0
2015-06-22,11:00:00,0.95964,0.95964,0.95745,0.9584,0,0
2015-06-22,12:00:00,0.95833,0.95854,0.95655,0.95659,0,0
2015-06-22,13:00:00,0.95662,0.95784,0.95592,0.95775,0,0
2015-06-22,14:00:00,0.95763,0.95787,0.95591,0.95611,0,0
2015-06-22,15:00:00,0.95611,0.96054,0.95557,0.95806,0,0
2015-06-22,16:00:00,0.95814,0.95942,0.95432,0.95552,0,0
2015-06-22,17:00:00,0.95552,0.95792,0.95415,0.95652,0,0
2015-06-22,18:00:00,0.95649,0.95694,0.95512,0.95628,0,0
2015-06-22,19:00:00,0.95625,0.95706,0.95526,0.95617,0,0
2015-06-22,20:00:00,0.9561,0.95698,0.95561,0.95658,0,0
2015-06-22,21:00:00,0.95658,0.95762,0.9561,0.95714,0,0
2015-06-22,22:00:00,0.95712,0.95757,0.95657,0.95697,0,0
2015-06-22,23:00:00,0.9569,0.9572,0.95643,0.9571,0,0
2015-06-22,23:59:00,0.95679,0.95766,0.95665,0.95695,0,0
2015-06-23,01:00:00,0.9569,0.95705,0.95652,0.95684,0,0
2015-06-23,02:00:00,0.95684,0.95692,0.95613,0.95613,0,0
2015-06-23,03:00:00,0.95616,0.95686,0.95614,0.9565,0,0
2015-06-23,04:00:00,0.95651,0.95732,0.9564,0.95703,0,0
2015-06-23,05:00:00,0.95707,0.95765,0.95617,0.95715,0,0
2015-06-23,06:00:00,0.95725,0.95731,0.95619,0.95652,0,0
2015-06-23,07:00:00,0.95659,0.9576,0.95642,0.95643,0,0
2015-06-23,08:00:00,0.95643,0.95719,0.95631,0.95662,0,0
2015-06-23,09:00:00,0.95661,0.95803,0.9563,0.95786,0,0
2015-06-23,10:00:00,0.95788,0.9585,0.95643,0.95759,0,0
2015-06-23,11:00:00,0.95761,0.95826,0.9566,0.95799,0,0
2015-06-23,12:00:00,0.9579,0.95815,0.95598,0.95676,0,0
2015-06-23,13:00:00,0.95685,0.95685,0.95499,0.95559,0,0
2015-06-23,14:00:00,0.95562,0.95705,0.95551,0.95632,0,0
2015-06-23,15:00:00,0.95629,0.95732,0.95499,0.95499,0,0
2015-06-23,16:00:00,0.95495,0.95698,0.95473,0.95653,0,0
2015-06-23,17:00:00,0.95663,0.9579,0.95644,0.95717,0,0
2015-06-23,18:00:00,0.95717,0.95786,0.9567,0.95707,0,0
2015-06-23,19:00:00,0.95709,0.95778,0.95671,0.95745,0,0
2015-06-23,20:00:00,0.95746,0.95884,0.95736,0.95884,0,0
2015-06-23,21:00:00,0.95884,0.9592,0.95719,0.95731,0,0
2015-06-23,22:00:00,0.95737,0.95897,0.95733,0.95871,0,0
2015-06-23,23:00:00,0.95863,0.95882,0.9577,0.95877,0,0
2015-06-23,23:59:00,0.95868,0.95929,0.95842,0.95844,0,0
2015-06-24,01:00:00,0.9584,0.95894,0.95835,0.95838,0,0
2015-06-24,02:00:00,0.95837,0.95885,0.95833,0.95856,0,0
2015-06-24,03:00:00,0.95857,0.95894,0.95826,0.9589,0,0
2015-06-24,04:00:00,0.95892,0.9593,0.95876,0.959,0,0
2015-06-24,05:00:00,0.95895,0.959,0.95798,0.95802,0,0
2015-06-24,06:00:00,0.95802,0.95832,0.95787,0.95809,0,0
2015-06-24,07:00:00,0.95807,0.95844,0.95789,0.95807,0,0
2015-06-24,08:00:00,0.95807,0.9582,0.95653,0.95748,0,0
2015-06-24,09:00:00,0.95746,0.95902,0.95679,0.95868,0,0
2015-06-24,10:00:00,0.95871,0.95926,0.95722,0.95899,0,0
2015-06-24,11:00:00,0.95901,0.95901,0.95764,0.95778,0,0
2015-06-24,12:00:00,0.95783,0.9587,0.95694,0.95782,0,0
2015-06-24,13:00:00,0.95791,0.95869,0.95753,0.95794,0,0
2015-06-24,14:00:00,0.95791,0.95818,0.9563,0.95705,0,0
2015-06-24,15:00:00,0.95722,0.95782,0.95659,0.9567,0,0
2015-06-24,16:00:00,0.95671,0.95765,0.95584,0.95725,0,0
2015-06-24,17:00:00,0.95738,0.95738,0.95568,0.95607,0,0
2015-06-24,18:00:00,0.95604,0.95632,0.95471,0.95558,0,0
2015-06-24,19:00:00,0.95561,0.95594,0.95471,0.95561,0,0
2015-06-24,20:00:00,0.95565,0.95609,0.95494,0.95539,0,0
2015-06-24,21:00:00,0.95539,0.95598,0.95488,0.95548,0,0
2015-06-24,22:00:00,0.9554,0.95629,0.95521,0.95618,0,0
2015-06-24,23:00:00,0.95618,0.95632,0.95565,0.95578,0,0
2015-06-24,23:59:00,0.95577,0.95625,0.95519,0.956,0,0
2015-06-25,01:00:00,0.956,0.95626,0.95542,0.95606,0,0
2015-06-25,02:00:00,0.95606,0.95644,0.9555,0.95577,0,0
2015-06-25,03:00:00,0.95579,0.95613,0.95544,0.95592,0,0
2015-06-25,04:00:00,0.9559,0.95595,0.95539,0.95546,0,0
2015-06-25,05:00:00,0.95547,0.95555,0.95489,0.955,0,0
2015-06-25,06:00:00,0.95498,0.95557,0.95473,0.95524,0,0
2015-06-25,07:00:00,0.95524,0.95587,0.95502,0.9558,0,0
2015-06-25,08:00:00,0.95581,0.95665,0.95559,0.95644,0,0
2015-06-25,09:00:00,0.9562,0.95665,0.95495,0.95507,0,0
2015-06-25,10:00:00,0.95532,0.95629,0.95465,0.95465,0,0
2015-06-25,11:00:00,0.95465,0.95519,0.95254,0.95411,0,0
2015-06-25,12:00:00,0.95411,0.95571,0.95245,0.95374,0,0
2015-06-25,13:00:00,0.95371,0.9538,0.94839,0.95043,0,0
2015-06-25,14:00:00,0.95024,0.9505,0.94816,0.95019,0,0
2015-06-25,15:00:00,0.95001,0.95186,0.94942,0.9511,0,0
2015-06-25,16:00:00,0.95113,0.95531,0.95014,0.95296,0,0
2015-06-25,17:00:00,0.95307,0.95488,0.95217,0.95224,0,0
2015-06-25,18:00:00,0.9523,0.95296,0.95124,0.9527,0,0
2015-06-25,19:00:00,0.95274,0.95403,0.9527,0.95309,0,0
2015-06-25,20:00:00,0.95318,0.95349,0.95247,0.95268,0,0
2015-06-25,21:00:00,0.95269,0.95398,0.95263,0.95337,0,0
2015-06-25,22:00:00,0.95338,0.95356,0.95217,0.95225,0,0
2015-06-25,23:00:00,0.95245,0.95356,0.95234,0.95285,0,0
2015-06-25,23:59:00,0.95262,0.95392,0.95262,0.95351,0,0
2015-06-26,01:00:00,0.9535,0.95353,0.95305,0.95332,0,0
2015-06-26,02:00:00,0.95332,0.95348,0.95268,0.95304,0,0
2015-06-26,03:00:00,0.95301,0.95517,0.95299,0.9548,0,0
2015-06-26,04:00:00,0.95479,0.95536,0.95456,0.9549,0,0
2015-06-26,05:00:00,0.9549,0.95537,0.95463,0.95463,0,0
2015-06-26,06:00:00,0.9546,0.95531,0.95448,0.95514,0,0
2015-06-26,07:00:00,0.95509,0.95514,0.95431,0.95471,0,0
2015-06-26,08:00:00,0.95471,0.95522,0.95354,0.95366,0,0
2015-06-26,09:00:00,0.95365,0.95443,0.95308,0.95388,0,0
2015-06-26,10:00:00,0.95377,0.95597,0.95365,0.95596,0,0
2015-06-26,11:00:00,0.95596,0.95685,0.9553,0.95678,0,0
2015-06-26,12:00:00,0.95678,0.95734,0.95595,0.95734,0,0
2015-06-26,13:00:00,0.95728,0.95972,0.95673,0.95857,0,0
2015-06-26,14:00:00,0.95856,0.95861,0.95688,0.95746,0,0
2015-06-26,15:00:00,0.95746,0.95785,0.95639,0.95701,0,0
2015-06-26,16:00:00,0.95704,0.95901,0.95685,0.95888,0,0
2015-06-26,17:00:00,0.95873,0.96031,0.957,0.96027,0,0
2015-06-26,18:00:00,0.96034,0.96058,0.95845,0.95855,0,0
2015-06-26,19:00:00,0.95856,0.95902,0.95772,0.95837,0,0
2015-06-26,20:00:00,0.95872,0.95979,0.95872,0.95899,0,0
2015-06-26,21:00:00,0.95899,0.9591,0.95664,0.95687,0,0
2015-06-26,22:00:00,0.9569,0.95853,0.9567,0.95851,0,0
2015-06-26,23:00:00,0.9586,0.95869,0.95858,0.95864,0,0
2015-06-29,01:00:00,0.96731,0.96957,0.96731,0.96894,0,0
2015-06-29,02:00:00,0.96892,0.9696,0.96842,0.96882,0,0
2015-06-29,03:00:00,0.9688,0.969,0.9665,0.96796,0,0
2015-06-29,04:00:00,0.96796,0.96826,0.96725,0.9674,0,0
2015-06-29,05:00:00,0.96748,0.96768,0.96697,0.96705,0,0
2015-06-29,06:00:00,0.96708,0.96776,0.96682,0.96744,0,0
2015-06-29,07:00:00,0.96746,0.96785,0.96721,0.96744,0,0
2015-06-29,08:00:00,0.96742,0.96891,0.96702,0.968,0,0
2015-06-29,09:00:00,0.96807,0.96807,0.96332,0.96351,0,0
2015-06-29,10:00:00,0.96365,0.96437,0.95807,0.9622,0,0
2015-06-29,11:00:00,0.96229,0.96298,0.95938,0.95986,0,0
2015-06-29,12:00:00,0.95985,0.9632,0.95976,0.96253,0,0
2015-06-29,13:00:00,0.96246,0.96358,0.96154,0.96287,0,0
2015-06-29,14:00:00,0.9627,0.96478,0.96261,0.96406,0,0
2015-06-29,15:00:00,0.9641,0.9652,0.96356,0.96388,0,0
2015-06-29,16:00:00,0.96389,0.9657,0.96381,0.96568,0,0
2015-06-29,17:00:00,0.96572,0.96611,0.96442,0.9654,0,0
2015-06-29,18:00:00,0.96525,0.96563,0.96249,0.96383,0,0
2015-06-29,19:00:00,0.96383,0.96534,0.9625,0.96276,0,0
2015-06-29,20:00:00,0.96277,0.96333,0.9589,0.96123,0,0
2015-06-29,21:00:00,0.96117,0.96149,0.95912,0.96002,0,0
2015-06-29,22:00:00,0.96009,0.96105,0.9594,0.96105,0,0
2015-06-29,23:00:00,0.96105,0.96224,0.96029,0.96224,0,0
2015-06-29,23:59:00,0.96208,0.96264,0.96181,0.96261,0,0
2015-06-30,01:00:00,0.9627,0.96358,0.9623,0.96329,0,0
2015-06-30,02:00:00,0.9632,0.96339,0.96241,0.96257,0,0
2015-06-30,03:00:00,0.96257,0.96401,0.96257,0.96385,0,0
2015-06-30,04:00:00,0.96386,0.9642,0.96337,0.96337,0,0
2015-06-30,05:00:00,0.96342,0.96401,0.96324,0.96398,0,0
2015-06-30,06:00:00,0.96396,0.96397,0.96142,0.96208,0,0
2015-06-30,07:00:00,0.96071,0.96208,0.95986,0.95995,0,0
2015-06-30,08:00:00,0.95991,0.96105,0.95968,0.96105,0,0
2015-06-30,09:00:00,0.96093,0.96238,0.9597,0.961,0,0
2015-06-30,10:00:00,0.96091,0.96212,0.96033,0.96124,0,0
2015-06-30,11:00:00,0.96124,0.96384,0.96103,0.96345,0,0
2015-06-30,12:00:00,0.9633,0.96367,0.96151,0.96179,0,0
2015-06-30,13:00:00,0.96173,0.96209,0.96015,0.96195,0,0
2015-06-30,14:00:00,0.9619,0.96211,0.96077,0.96185,0,0
2015-06-30,15:00:00,0.96171,0.96171,0.95832,0.95866,0,0
2015-06-30,16:00:00,0.95864,0.96017,0.95706,0.96017,0,0
2015-06-30,17:00:00,0.96022,0.96191,0.95946,0.95946,0,0
2015-06-30,18:00:00,0.95946,0.96112,0.9572,0.95913,0,0
2015-06-30,19:00:00,0.95921,0.95967,0.95663,0.95876,0,0
2015-06-30,20:00:00,0.95876,0.95997,0.95827,0.95978,0,0
2015-06-30,21:00:00,0.95993,0.96033,0.959,0.95939,0,0
2015-06-30,22:00:00,0.95939,0.95983,0.95878,0.95934,0,0
2015-06-30,23:00:00,0.95939,0.96035,0.95929,0.95972,0,0
2015-06-30,23:59:00,0.95886,0.96011,0.95827,0.9599,0,0
2015-07-01,01:00:00,0.95972,0.95986,0.9588,0.9598,0,0
2015-07-01,02:00:00,0.9598,0.96092,0.95978,0.96028,0,0
2015-07-01,03:00:00,0.96028,0.96117,0.9595,0.96093,0,0
2015-07-01,04:00:00,0.96081,0.9612,0.95989,0.95997,0,0
2015-07-01,05:00:00,0.95999,0.96037,0.9598,0.96009,0,0
2015-07-01,06:00:00,0.96005,0.96018,0.95963,0.95965,0,0
2015-07-01,07:00:00,0.95965,0.95971,0.95917,0.9592,0,0
2015-07-01,08:00:00,0.9592,0.96001,0.95894,0.95998,0,0
2015-07-01,09:00:00,0.96003,0.96046,0.95876,0.95929,0,0
2015-07-01,10:00:00,0.95922,0.95934,0.95734,0.95782,0,0
2015-07-01,11:00:00,0.95779,0.95795,0.95608,0.95629,0,0
2015-07-01,12:00:00,0.95638,0.95843,0.95489,0.95732,0,0
2015-07-01,13:00:00,0.95734,0.95767,0.95522,0.95564,0,0
2015-07-01,14:00:00,0.95568,0.95662,0.95502,0.95662,0,0
2015-07-01,15:00:00,0.95662,0.95879,0.95513,0.95703,0,0
2015-07-01,16:00:00,0.95699,0.95755,0.95565,0.95753,0,0
2015-07-01,17:00:00,0.95748,0.95837,0.953,0.953,0,0
2015-07-01,18:00:00,0.95294,0.95478,0.95294,0.95396,0,0
2015-07-01,19:00:00,0.95396,0.95512,0.95325,0.95424,0,0
2015-07-01,20:00:00,0.95428,0.95482,0.95326,0.95381,0,0
2015-07-01,21:00:00,0.95377,0.95483,0.9537,0.95386,0,0
2015-07-01,22:00:00,0.95386,0.95467,0.95364,0.95449,0,0
2015-07-01,23:00:00,0.95438,0.9546,0.95378,0.95392,0,0
2015-07-01,23:59:00,0.95417,0.95492,0.95382,0.95424,0,0
2015-07-02,01:00:00,0.95425,0.95496,0.95383,0.95485,0,0
2015-07-02,02:00:00,0.95487,0.95525,0.95429,0.95492,0,0
2015-07-02,03:00:00,0.95495,0.95503,0.95434,0.95474,0,0
2015-07-02,04:00:00,0.95474,0.95501,0.9545,0.95457,0,0
2015-07-02,05:00:00,0.95456,0.95536,0.95375,0.95411,0,0
2015-07-02,06:00:00,0.95409,0.95448,0.95385,0.95439,0,0
2015-07-02,07:00:00,0.9544,0.95486,0.95412,0.95486,0,0
2015-07-02,08:00:00,0.95468,0.95577,0.95432,0.95546,0,0
2015-07-02,09:00:00,0.95539,0.95549,0.95438,0.95498,0,0
2015-07-02,10:00:00,0.95508,0.95538,0.95324,0.95328,0,0
2015-07-02,11:00:00,0.95323,0.95414,0.95275,0.95332,0,0
2015-07-02,12:00:00,0.95332,0.95353,0.9502,0.95021,0,0
2015-07-02,13:00:00,0.95023,0.95185,0.95008,0.95158,0,0
2015-07-02,14:00:00,0.95159,0.95163,0.95054,0.95074,0,0
2015-07-02,15:00:00,0.95073,0.9555,0.95035,0.95528,0,0
2015-07-02,16:00:00,0.95516,0.95713,0.95487,0.95698,0,0
2015-07-02,17:00:00,0.95701,0.95701,0.95422,0.95431,0,0
2015-07-02,18:00:00,0.95424,0.95579,0.95337,0.95545,0,0
2015-07-02,19:00:00,0.95542,0.95562,0.95399,0.95399,0,0
2015-07-02,20:00:00,0.95398,0.95543,0.95398,0.95542,0,0
2015-07-02,21:00:00,0.95543,0.95607,0.95519,0.95607,0,0
2015-07-02,22:00:00,0.95607,0.95638,0.95544,0.956,0,0
2015-07-02,23:00:00,0.95598,0.95628,0.95575,0.95611,0,0
2015-07-02,23:59:00,0.95614,0.95651,0.95593,0.95594,0,0
2015-07-03,01:00:00,0.95597,0.95638,0.95572,0.95626,0,0
2015-07-03,02:00:00,0.95629,0.95643,0.95582,0.95587,0,0
2015-07-03,03:00:00,0.95587,0.95643,0.95555,0.95628,0,0
2015-07-03,04:00:00,0.95628,0.95641,0.95583,0.95609,0,0
2015-07-03,05:00:00,0.95607,0.9563,0.95572,0.95583,0,0
2015-07-03,06:00:00,0.95588,0.95598,0.9554,0.95568,0,0
2015-07-03,07:00:00,0.95568,0.95646,0.95565,0.95613,0,0
2015-07-03,08:00:00,0.95605,0.95691,0.95582,0.95678,0,0
2015-07-03,09:00:00,0.95671,0.95714,0.95606,0.95657,0,0
2015-07-03,10:00:00,0.95663,0.95671,0.95493,0.95588,0,0
2015-07-03,11:00:00,0.9559,0.95639,0.95537,0.95568,0,0
2015-07-03,12:00:00,0.95595,0.95625,0.95516,0.95591,0,0
2015-07-03,13:00:00,0.95589,0.9561,0.95545,0.95592,0,0
2015-07-03,14:00:00,0.9559,0.9566,0.95564,0.95619,0,0
2015-07-03,15:00:00,0.95619,0.95687,0.95528,0.95664,0,0
2015-07-03,16:00:00,0.95662,0.95769,0.95624,0.95751,0,0
2015-07-03,17:00:00,0.95752,0.95836,0.95665,0.95666,0,0
2015-07-03,18:00:00,0.9566,0.95776,0.95609,0.95731,0,0
2015-07-03,19:00:00,0.95731,0.95821,0.95673,0.95788,0,0
2015-07-03,20:00:00,0.95786,0.95786,0.9557,0.95638,0,0
2015-07-03,21:00:00,0.95642,0.95785,0.95641,0.9574,0,0
2015-07-03,22:00:00,0.95735,0.95783,0.95672,0.9575,0,0
2015-07-03,23:00:00,0.9575,0.95751,0.95741,0.95744,0,0
2015-07-06,01:00:00,0.96364,0.96491,0.95972,0.96223,0,0
2015-07-06,02:00:00,0.96225,0.96349,0.96156,0.96309,0,0
2015-07-06,03:00:00,0.9631,0.9631,0.96141,0.96206,0,0
2015-07-06,04:00:00,0.96211,0.96211,0.9597,0.95988,0,0
2015-07-06,05:00:00,0.95992,0.96042,0.95901,0.95932,0,0
2015-07-06,06:00:00,0.95935,0.96017,0.95918,0.95938,0,0
2015-07-06,07:00:00,0.95935,0.96055,0.95892,0.96028,0,0
2015-07-06,08:00:00,0.96029,0.96143,0.95839,0.95961,0,0
2015-07-06,09:00:00,0.95944,0.95989,0.95755,0.95876,0,0
2015-07-06,10:00:00,0.95879,0.9595,0.95719,0.95725,0,0
2015-07-06,11:00:00,0.95734,0.95765,0.95625,0.95725,0,0
2015-07-06,12:00:00,0.95724,0.95814,0.95718,0.95784,0,0
2015-07-06,13:00:00,0.95781,0.95916,0.95749,0.95864,0,0
2015-07-06,14:00:00,0.95864,0.96073,0.95809,0.95997,0,0
2015-07-06,15:00:00,0.95988,0.96013,0.95781,0.95781,0,0
2015-07-06,16:00:00,0.95786,0.95846,0.95739,0.95776,0,0
2015-07-06,17:00:00,0.9578,0.95875,0.95668,0.95683,0,0
2015-07-06,18:00:00,0.95687,0.95867,0.95638,0.9571,0,0
2015-07-06,19:00:00,0.95714,0.9589,0.95681,0.95853,0,0
2015-07-06,20:00:00,0.95847,0.95885,0.95744,0.95881,0,0
2015-07-06,21:00:00,0.95887,0.96088,0.95887,0.96013,0,0
2015-07-06,22:00:00,0.96018,0.96027,0.95956,0.95991,0,0
2015-07-06,23:00:00,0.95982,0.95989,0.95929,0.95957,0,0
2015-07-06,23:59:00,0.95956,0.95983,0.95923,0.95961,0,0
2015-07-07,01:00:00,0.95955,0.95999,0.95939,0.95973,0,0
2015-07-07,02:00:00,0.95973,0.9601,0.95952,0.95976,0,0
2015-07-07,03:00:00,0.95981,0.96011,0.95912,0.9596,0,0
2015-07-07,04:00:00,0.9596,0.96016,0.95941,0.96006,0,0
2015-07-07,05:00:00,0.96007,0.96084,0.95987,0.96084,0,0
2015-07-07,06:00:00,0.96083,0.96112,0.96019,0.96021,0,0
2015-07-07,07:00:00,0.96021,0.96072,0.96003,0.96039,0,0
2015-07-07,08:00:00,0.96038,0.96044,0.95969,0.95996,0,0
2015-07-07,09:00:00,0.96001,0.96035,0.95917,0.95917,0,0
2015-07-07,10:00:00,0.95937,0.96146,0.95884,0.96094,0,0
2015-07-07,11:00:00,0.9609,0.96263,0.96027,0.9625,0,0
2015-07-07,12:00:00,0.9625,0.96266,0.96069,0.96101,0,0
2015-07-07,13:00:00,0.961,0.96232,0.96028,0.96028,0,0
2015-07-07,14:00:00,0.96018,0.96168,0.96016,0.9615,0,0
2015-07-07,15:00:00,0.96153,0.9639,0.96125,0.96277,0,0
2015-07-07,16:00:00,0.96277,0.96467,0.9622,0.96286,0,0
2015-07-07,17:00:00,0.96294,0.96361,0.96179,0.96217,0,0
2015-07-07,18:00:00,0.96216,0.9635,0.96173,0.96304,0,0
2015-07-07,19:00:00,0.96303,0.96325,0.9617,0.96253,0,0
2015-07-07,20:00:00,0.96268,0.96315,0.96074,0.96186,0,0
2015-07-07,21:00:00,0.96184,0.96313,0.96184,0.96258,0,0
2015-07-07,22:00:00,0.96258,0.96258,0.95818,0.95973,0,0
2015-07-07,23:00:00,0.95955,0.96048,0.95914,0.95929,0,0
2015-07-07,23:59:00,0.95924,0.96107,0.95924,0.96041,0,0
2015-07-08,01:00:00,0.9604,0.96078,0.95956,0.95983,0,0
2015-07-08,02:00:00,0.95982,0.96004,0.95924,0.95958,0,0
2015-07-08,03:00:00,0.95958,0.96103,0.95958,0.96081,0,0
2015-07-08,04:00:00,0.96078,0.96169,0.96062,0.96093,0,0
2015-07-08,05:00:00,0.96102,0.96162,0.9608,0.9614,0,0
2015-07-08,06:00:00,0.96141,0.96177,0.96095,0.96158,0,0
2015-07-08,07:00:00,0.96159,0.9616,0.96016,0.96064,0,0
2015-07-08,08:00:00,0.96065,0.96113,0.96038,0.96092,0,0
2015-07-08,09:00:00,0.96086,0.96141,0.96023,0.96085,0,0
2015-07-08,10:00:00,0.96085,0.96217,0.95953,0.96059,0,0
2015-07-08,11:00:00,0.96052,0.96146,0.95989,0.96074,0,0
2015-07-08,12:00:00,0.96067,0.9616,0.96001,0.96088,0,0
2015-07-08,13:00:00,0.96094,0.96192,0.9585,0.9585,0,0
2015-07-08,14:00:00,0.95852,0.95856,0.95486,0.95495,0,0
2015-07-08,15:00:00,0.95495,0.95648,0.95322,0.95427,0,0
2015-07-08,16:00:00,0.95427,0.95483,0.95181,0.95483,0,0
2015-07-08,17:00:00,0.95482,0.95557,0.95092,0.95131,0,0
2015-07-08,18:00:00,0.95148,0.955,0.9507,0.95497,0,0
2015-07-08,19:00:00,0.955,0.9553,0.95314,0.95506,0,0
2015-07-08,20:00:00,0.955,0.9557,0.95412,0.95477,0,0
2015-07-08,21:00:00,0.95478,0.95597,0.95386,0.95594,0,0
2015-07-08,22:00:00,0.95594,0.95607,0.95514,0.95531,0,0
2015-07-08,23:00:00,0.9553,0.95566,0.95457,0.95499,0,0
2015-07-08,23:59:00,0.95503,0.95522,0.95457,0.95494,0,0
2015-07-09,01:00:00,0.95496,0.95553,0.95486,0.95505,0,0
2015-07-09,02:00:00,0.95503,0.9555,0.95481,0.95506,0,0
2015-07-09,03:00:00,0.95506,0.9558,0.95465,0.9558,0,0
2015-07-09,04:00:00,0.95573,0.95584,0.95499,0.95509,0,0
2015-07-09,05:00:00,0.9552,0.95584,0.95482,0.95544,0,0
2015-07-09,06:00:00,0.95543,0.95559,0.95504,0.95506,0,0
2015-07-09,07:00:00,0.95507,0.95568,0.95457,0.95568,0,0
2015-07-09,08:00:00,0.95553,0.95571,0.95364,0.95423,0,0
2015-07-09,09:00:00,0.95431,0.95506,0.95311,0.95466,0,0
2015-07-09,10:00:00,0.95464,0.95586,0.95443,0.9554,0,0
2015-07-09,11:00:00,0.95541,0.95553,0.95326,0.95326,0,0
2015-07-09,12:00:00,0.95329,0.95499,0.95254,0.95272,0,0
2015-07-09,13:00:00,0.95293,0.95431,0.95214,0.95374,0,0
2015-07-09,14:00:00,0.95367,0.95405,0.95194,0.95195,0,0
2015-07-09,15:00:00,0.95192,0.95402,0.9517,0.95284,0,0
2015-07-09,16:00:00,0.95287,0.9552,0.95268,0.95446,0,0
2015-07-09,17:00:00,0.95439,0.95569,0.95366,0.95544,0,0
2015-07-09,18:00:00,0.95561,0.95582,0.95487,0.95509,0,0
2015-07-09,19:00:00,0.9552,0.95864,0.95502,0.95864,0,0
2015-07-09,20:00:00,0.95847,0.95876,0.95777,0.95808,0,0
2015-07-09,21:00:00,0.95815,0.95857,0.95703,0.95718,0,0
2015-07-09,22:00:00,0.95718,0.95732,0.95611,0.95633,0,0
2015-07-09,23:00:00,0.95645,0.95663,0.95537,0.95603,0,0
2015-07-09,23:59:00,0.95601,0.95626,0.95411,0.95502,0,0
2015-07-10,01:00:00,0.95506,0.95506,0.95232,0.9529,0,0
2015-07-10,02:00:00,0.95289,0.9541,0.95265,0.95386,0,0
2015-07-10,03:00:00,0.9539,0.95457,0.95345,0.95346,0,0
2015-07-10,04:00:00,0.95349,0.95408,0.95253,0.95318,0,0
2015-07-10,05:00:00,0.9532,0.95341,0.95223,0.95248,0,0
2015-07-10,06:00:00,0.95247,0.95254,0.95213,0.95216,0,0
2015-07-10,07:00:00,0.95217,0.95247,0.95192,0.95223,0,0
2015-07-10,08:00:00,0.95224,0.95226,0.94999,0.95067,0,0
2015-07-10,09:00:00,0.95056,0.95266,0.95,0.95247,0,0
2015-07-10,10:00:00,0.95237,0.95713,0.95182,0.95577,0,0
2015-07-10,11:00:00,0.9558,0.95903,0.95563,0.95641,0,0
2015-07-10,12:00:00,0.95641,0.95733,0.95468,0.95553,0,0
2015-07-10,13:00:00,0.95543,0.95655,0.95392,0.95429,0,0
2015-07-10,14:00:00,0.95431,0.95631,0.95325,0.95552,0,0
2015-07-10,15:00:00,0.9555,0.95619,0.95371,0.95374,0,0
2015-07-10,16:00:00,0.95367,0.95601,0.95328,0.9538,0,0
2015-07-10,17:00:00,0.95393,0.95459,0.95299,0.95312,0,0
2015-07-10,18:00:00,0.95312,0.95402,0.95259,0.95294,0,0
2015-07-10,19:00:00,0.95291,0.95447,0.95217,0.95425,0,0
2015-07-10,20:00:00,0.95425,0.95455,0.95356,0.95431,0,0
2015-07-10,21:00:00,0.95428,0.95459,0.95353,0.95453,0,0
2015-07-10,22:00:00,0.95455,0.95491,0.95385,0.95444,0,0
2015-07-10,23:00:00,0.95455,0.95459,0.95435,0.95458,0,0
2015-07-13,01:00:00,0.95632,0.95632,0.95431,0.95576,0,0
2015-07-13,02:00:00,0.95581,0.956,0.9545,0.95568,0,0
2015-07-13,03:00:00,0.95569,0.95632,0.95478,0.95604,0,0
2015-07-13,04:00:00,0.95604,0.95695,0.95595,0.95629,0,0
2015-07-13,05:00:00,0.95636,0.95654,0.95563,0.95585,0,0
2015-07-13,06:00:00,0.95585,0.95586,0.95437,0.95501,0,0
2015-07-13,07:00:00,0.95501,0.9551,0.95449,0.95483,0,0
2015-07-13,08:00:00,0.95484,0.95495,0.95374,0.95443,0,0
2015-07-13,09:00:00,0.9544,0.95568,0.95286,0.95333,0,0
2015-07-13,10:00:00,0.95334,0.95567,0.95175,0.9531,0,0
2015-07-13,11:00:00,0.95316,0.95452,0.95123,0.9538,0,0
2015-07-13,12:00:00,0.95392,0.95458,0.95315,0.95358,0,0
2015-07-13,13:00:00,0.95345,0.95416,0.9532,0.95374,0,0
2015-07-13,14:00:00,0.95392,0.95453,0.95313,0.95354,0,0
2015-07-13,15:00:00,0.95342,0.95512,0.95324,0.95393,0,0
2015-07-13,16:00:00,0.95392,0.95489,0.9539,0.95409,0,0
2015-07-13,17:00:00,0.95396,0.95684,0.95353,0.95628,0,0
2015-07-13,18:00:00,0.95629,0.95673,0.95548,0.95595,0,0
2015-07-13,19:00:00,0.956,0.95648,0.95539,0.95644,0,0
2015-07-13,20:00:00,0.95671,0.9575,0.95649,0.95739,0,0
2015-07-13,21:00:00,0.95737,0.95742,0.95653,0.95707,0,0
2015-07-13,22:00:00,0.95701,0.95769,0.9562,0.95709,0,0
2015-07-13,23:00:00,0.95709,0.95709,0.95596,0.95658,0,0
2015-07-13,23:59:00,0.95659,0.95703,0.95607,0.95665,0,0
2015-07-14,01:00:00,0.95659,0.95699,0.95607,0.95635,0,0
2015-07-14,02:00:00,0.95636,0.95774,0.95618,0.95765,0,0
2015-07-14,03:00:00,0.95756,0.9577,0.9557,0.95606,0,0
2015-07-14,04:00:00,0.95605,0.95612,0.95551,0.95569,0,0
2015-07-14,05:00:00,0.95564,0.9563,0.95561,0.95605,0,0
2015-07-14,06:00:00,0.95605,0.9565,0.95585,0.95611,0,0
2015-07-14,07:00:00,0.95611,0.95656,0.95603,0.95605,0,0
2015-07-14,08:00:00,0.95606,0.95649,0.95554,0.95614,0,0
2015-07-14,09:00:00,0.95615,0.95751,0.95587,0.95688,0,0
2015-07-14,10:00:00,0.95689,0.96094,0.95631,0.95961,0,0
2015-07-14,11:00:00,0.95956,0.96123,0.95933,0.96019,0,0
2015-07-14,12:00:00,0.96066,0.96121,0.95905,0.95989,0,0
2015-07-14,13:00:00,0.95985,0.96028,0.95887,0.95907,0,0
2015-07-14,14:00:00,0.95908,0.95968,0.9584,0.95936,0,0
2015-07-14,15:00:00,0.9594,0.96051,0.95877,0.95991,0,0
2015-07-14,16:00:00,0.95966,0.96035,0.95876,0.9588,0,0
2015-07-14,17:00:00,0.95865,0.96071,0.95853,0.9606,0,0
2015-07-14,18:00:00,0.96064,0.961,0.9596,0.9596,0,0
2015-07-14,19:00:00,0.95962,0.96067,0.95943,0.9605,0,0
2015-07-14,20:00:00,0.9605,0.96126,0.96042,0.96114,0,0
2015-07-14,21:00:00,0.96113,0.9615,0.96084,0.96108,0,0
2015-07-14,22:00:00,0.96109,0.96155,0.96071,0.96128,0,0
2015-07-14,23:00:00,0.96125,0.9616,0.96068,0.9615,0,0
2015-07-14,23:59:00,0.96137,0.96239,0.96079,0.96097,0,0
2015-07-15,01:00:00,0.96098,0.96138,0.96016,0.96102,0,0
2015-07-15,02:00:00,0.96102,0.96149,0.96013,0.9614,0,0
2015-07-15,03:00:00,0.9614,0.96163,0.96103,0.96144,0,0
2015-07-15,04:00:00,0.96121,0.96165,0.9612,0.96134,0,0
2015-07-15,05:00:00,0.9613,0.96166,0.96107,0.96144,0,0
2015-07-15,06:00:00,0.96144,0.96162,0.96114,0.96147,0,0
2015-07-15,07:00:00,0.96147,0.96179,0.9614,0.96154,0,0
2015-07-15,08:00:00,0.96154,0.96177,0.96094,0.96133,0,0
2015-07-15,09:00:00,0.96138,0.96152,0.95985,0.96049,0,0
2015-07-15,10:00:00,0.96048,0.96072,0.95895,0.95984,0,0
2015-07-15,11:00:00,0.9598,0.95989,0.95818,0.95822,0,0
2015-07-15,12:00:00,0.95831,0.95852,0.95751,0.95779,0,0
2015-07-15,13:00:00,0.9578,0.95835,0.95742,0.9577,0,0
2015-07-15,14:00:00,0.95776,0.9582,0.95656,0.9576,0,0
2015-07-15,15:00:00,0.95761,0.95956,0.95755,0.95903,0,0
2015-07-15,16:00:00,0.959,0.95952,0.95837,0.959,0,0
2015-07-15,17:00:00,0.95894,0.95928,0.95746,0.95786,0,0
2015-07-15,18:00:00,0.95786,0.95873,0.95711,0.95785,0,0
2015-07-15,19:00:00,0.95777,0.95918,0.95771,0.95903,0,0
2015-07-15,20:00:00,0.95901,0.95964,0.95865,0.95962,0,0
2015-07-15,21:00:00,0.95963,0.96,0.95903,0.95903,0,0
2015-07-15,22:00:00,0.95918,0.95965,0.95877,0.95945,0,0
2015-07-15,23:00:00,0.95947,0.95977,0.95891,0.95928,0,0
2015-07-15,23:59:00,0.95926,0.95967,0.95911,0.95961,0,0
2015-07-16,01:00:00,0.95955,0.95992,0.9584,0.9585,0,0
2015-07-16,02:00:00,0.95846,0.95977,0.95845,0.95956,0,0
2015-07-16,03:00:00,0.95949,0.96002,0.95933,0.95971,0,0
2015-07-16,04:00:00,0.95972,0.96063,0.95966,0.96029,0,0
2015-07-16,05:00:00,0.9603,0.96048,0.95952,0.95962,0,0
2015-07-16,06:00:00,0.9596,0.95963,0.95874,0.95929,0,0
2015-07-16,07:00:00,0.95928,0.95968,0.9589,0.95934,0,0
2015-07-16,08:00:00,0.95935,0.95993,0.95831,0.95834,0,0
2015-07-16,09:00:00,0.95851,0.95951,0.95793,0.95877,0,0
2015-07-16,10:00:00,0.95875,0.95939,0.95803,0.95882,0,0
2015-07-16,11:00:00,0.95884,0.96046,0.95839,0.96026,0,0
2015-07-16,12:00:00,0.96032,0.96049,0.95919,0.9603,0,0
2015-07-16,13:00:00,0.96021,0.96062,0.95953,0.95996,0,0
2015-07-16,14:00:00,0.95997,0.96097,0.95909,0.96087,0,0
2015-07-16,15:00:00,0.9609,0.96171,0.96023,0.96116,0,0
2015-07-16,16:00:00,0.96109,0.96147,0.95988,0.95997,0,0
2015-07-16,17:00:00,0.96037,0.96039,0.95909,0.9603,0,0
2015-07-16,18:00:00,0.9602,0.96055,0.95901,0.95952,0,0
2015-07-16,19:00:00,0.95959,0.96026,0.95942,0.95962,0,0
2015-07-16,20:00:00,0.95964,0.95988,0.95903,0.95987,0,0
2015-07-16,21:00:00,0.95988,0.9603,0.95962,0.96027,0,0
2015-07-16,22:00:00,0.96031,0.96043,0.95968,0.96007,0,0
2015-07-16,23:00:00,0.9602,0.96057,0.9592,0.95999,0,0
2015-07-16,23:59:00,0.96004,0.96044,0.95966,0.96017,0,0
2015-07-17,01:00:00,0.96017,0.9605,0.95928,0.95996,0,0
2015-07-17,02:00:00,0.95998,0.96034,0.95934,0.95977,0,0
2015-07-17,03:00:00,0.95981,0.96018,0.9595,0.96002,0,0
2015-07-17,04:00:00,0.96003,0.96006,0.9591,0.95969,0,0
2015-07-17,05:00:00,0.9597,0.96013,0.95931,0.95973,0,0
2015-07-17,06:00:00,0.95975,0.95975,0.95832,0.95909,0,0
2015-07-17,07:00:00,0.9591,0.9596,0.95894,0.95943,0,0
2015-07-17,08:00:00,0.95943,0.96008,0.95913,0.95992,0,0
2015-07-17,09:00:00,0.9599,0.96047,0.95923,0.96031,0,0
2015-07-17,10:00:00,0.96022,0.96042,0.95921,0.96017,0,0
2015-07-17,11:00:00,0.96013,0.96068,0.95866,0.95877,0,0
2015-07-17,12:00:00,0.95876,0.95974,0.95832,0.95974,0,0
2015-07-17,13:00:00,0.95978,0.95978,0.95848,0.95856,0,0
2015-07-17,14:00:00,0.95852,0.9588,0.95772,0.95841,0,0
2015-07-17,15:00:00,0.95838,0.95913,0.95803,0.95878,0,0
2015-07-17,16:00:00,0.95882,0.95968,0.95868,0.95944,0,0
2015-07-17,17:00:00,0.95946,0.9598,0.9586,0.95966,0,0
2015-07-17,18:00:00,0.95973,0.96018,0.95914,0.9592,0,0
2015-07-17,19:00:00,0.95918,0.96011,0.95911,0.95934,0,0
2015-07-17,20:00:00,0.95936,0.95981,0.95925,0.95945,0,0
2015-07-17,21:00:00,0.95945,0.95965,0.95872,0.9595,0,0
2015-07-17,22:00:00,0.95955,0.96004,0.95918,0.95998,0,0
2015-07-17,23:00:00,0.95998,0.95999,0.95987,0.95987,0,0
2015-07-20,01:00:00,0.95983,0.96032,0.95893,0.96018,0,0
2015-07-20,02:00:00,0.96016,0.96037,0.95922,0.95934,0,0
2015-07-20,03:00:00,0.95937,0.96035,0.95918,0.96001,0,0
2015-07-20,04:00:00,0.96001,0.96033,0.95981,0.9602,0,0
2015-07-20,05:00:00,0.96022,0.96022,0.95908,0.95953,0,0
2015-07-20,06:00:00,0.95951,0.9599,0.95931,0.9595,0,0
2015-07-20,07:00:00,0.9595,0.95953,0.95891,0.95894,0,0
2015-07-20,08:00:00,0.95896,0.95933,0.95864,0.95864,0,0
2015-07-20,09:00:00,0.95868,0.95915,0.95754,0.95836,0,0
2015-07-20,10:00:00,0.95816,0.95924,0.95728,0.9583,0,0
2015-07-20,11:00:00,0.95832,0.95849,0.95723,0.95795,0,0
2015-07-20,12:00:00,0.95777,0.95873,0.95712,0.95793,0,0
2015-07-20,13:00:00,0.95778,0.9591,0.95768,0.95863,0,0
2015-07-20,14:00:00,0.95865,0.95945,0.95781,0.95833,0,0
2015-07-20,15:00:00,0.95862,0.95863,0.95687,0.95723,0,0
2015-07-20,16:00:00,0.95696,0.9578,0.95662,0.95699,0,0
2015-07-20,17:00:00,0.95692,0.95712,0.95609,0.9564,0,0
2015-07-20,18:00:00,0.95642,0.95763,0.95628,0.95695,0,0
2015-07-20,19:00:00,0.95694,0.95741,0.95641,0.95741,0,0
2015-07-20,20:00:00,0.9574,0.95762,0.95664,0.95755,0,0
2015-07-20,21:00:00,0.95753,0.9579,0.95699,0.95773,0,0
2015-07-20,22:00:00,0.95765,0.95792,0.95724,0.95767,0,0
2015-07-20,23:00:00,0.95769,0.95889,0.95744,0.95771,0,0
2015-07-20,23:59:00,0.9577,0.95825,0.95742,0.95825,0,0
