Date,Time,Open,High,Low,Close,Volume,OpenInt
2015-04-22,01:00:00,0.70112,0.7014,0.7009,0.70118,0,0
2015-04-22,02:00:00,0.70118,0.70145,0.70108,0.70134,0,0
2015-04-22,03:00:00,0.70135,0.70144,0.70106,0.70118,0,0
2015-04-22,04:00:00,0.70119,0.70172,0.70099,0.70118,0,0
2015-04-22,05:00:00,0.70118,0.70144,0.70082,0.7009,0,0
2015-04-22,06:00:00,0.70088,0.70127,0.70087,0.70102,0,0
2015-04-22,07:00:00,0.70102,0.70133,0.70091,0.70124,0,0
2015-04-22,08:00:00,0.70124,0.70142,0.70088,0.70116,0,0
2015-04-22,09:00:00,0.70112,0.7024,0.70075,0.70229,0,0
2015-04-22,10:00:00,0.70234,0.70245,0.69999,0.70056,0,0
2015-04-22,11:00:00,0.70056,0.70231,0.70045,0.70075,0,0
2015-04-22,12:00:00,0.70066,0.70086,0.69876,0.69908,0,0
2015-04-22,13:00:00,0.69908,0.69931,0.69659,0.69678,0,0
2015-04-22,14:00:00,0.69668,0.69673,0.69374,0.69379,0,0
2015-04-22,15:00:00,0.69378,0.69384,0.68757,0.68954,0,0
2015-04-22,16:00:00,0.68953,0.69079,0.68905,0.69076,0,0
2015-04-22,17:00:00,0.69099,0.69109,0.68866,0.68871,0,0
2015-04-22,18:00:00,0.68864,0.68877,0.68671,0.68871,0,0
2015-04-22,19:00:00,0.68871,0.68881,0.68776,0.68809,0,0
2015-04-22,20:00:00,0.68813,0.68819,0.68661,0.68664,0,0
2015-04-22,21:00:00,0.6866,0.6869,0.68532,0.68536,0,0
2015-04-22,22:00:00,0.68541,0.68607,0.6848,0.68544,0,0
2015-04-22,23:00:00,0.68538,0.68552,0.68444,0.68448,0,0
2015-04-22,23:59:00,0.68452,0.68556,0.68442,0.6851,0,0
2015-04-23,01:00:00,0.68511,0.68617,0.68497,0.68559,0,0
2015-04-23,02:00:00,0.68566,0.68634,0.68556,0.68578,0,0
2015-04-23,03:00:00,0.68585,0.68623,0.68489,0.68498,0,0
2015-04-23,04:00:00,0.68496,0.68564,0.68484,0.68554,0,0
2015-04-23,05:00:00,0.68557,0.68597,0.68538,0.68591,0,0
2015-04-23,06:00:00,0.6859,0.68622,0.6856,0.68622,0,0
2015-04-23,07:00:00,0.68623,0.68626,0.6855,0.68571,0,0
2015-04-23,08:00:00,0.68571,0.68636,0.68565,0.68623,0,0
2015-04-23,09:00:00,0.68618,0.68845,0.68597,0.68823,0,0
2015-04-23,10:00:00,0.68817,0.68928,0.68768,0.68795,0,0
2015-04-23,11:00:00,0.68793,0.69112,0.68779,0.68976,0,0
2015-04-23,12:00:00,0.68971,0.69176,0.68913,0.69176,0,0
2015-04-23,13:00:00,0.69173,0.6921,0.69044,0.69053,0,0
2015-04-23,14:00:00,0.69051,0.69088,0.68932,0.69007,0,0
2015-04-23,15:00:00,0.69001,0.69172,0.68997,0.69172,0,0
2015-04-23,16:00:00,0.6917,0.69252,0.69125,0.69214,0,0
2015-04-23,17:00:00,0.69211,0.69572,0.69098,0.69545,0,0
2015-04-23,18:00:00,0.69533,0.69629,0.69502,0.69574,0,0
2015-04-23,19:00:00,0.69579,0.69639,0.69509,0.69624,0,0
2015-04-23,20:00:00,0.69623,0.69653,0.69569,0.69613,0,0
2015-04-23,21:00:00,0.69604,0.69636,0.69564,0.69574,0,0
2015-04-23,22:00:00,0.69568,0.69617,0.69546,0.69599,0,0
2015-04-23,23:00:00,0.69601,0.69615,0.69533,0.69571,0,0
2015-04-23,23:59:00,0.6958,0.69613,0.69567,0.69583,0,0
2015-04-24,01:00:00,0.69583,0.69594,0.69509,0.69513,0,0
2015-04-24,02:00:00,0.69514,0.6957,0.69512,0.69515,0,0
2015-04-24,03:00:00,0.69503,0.69582,0.69498,0.6958,0,0
2015-04-24,04:00:00,0.69579,0.69619,0.69537,0.69578,0,0
2015-04-24,05:00:00,0.69571,0.69573,0.69503,0.69528,0,0
2015-04-24,06:00:00,0.69528,0.69575,0.69482,0.69518,0,0
2015-04-24,07:00:00,0.69512,0.69521,0.69459,0.69484,0,0
2015-04-24,08:00:00,0.69486,0.69505,0.69443,0.6945,0,0
2015-04-24,09:00:00,0.6945,0.6962,0.69372,0.69383,0,0
2015-04-24,10:00:00,0.69376,0.69436,0.69299,0.69311,0,0
2015-04-24,11:00:00,0.69315,0.6948,0.69296,0.69313,0,0
2015-04-24,12:00:00,0.69314,0.69432,0.69271,0.69313,0,0
2015-04-24,13:00:00,0.69311,0.69359,0.69233,0.69263,0,0
2015-04-24,14:00:00,0.6927,0.69329,0.69214,0.69302,0,0
2015-04-24,15:00:00,0.69304,0.6933,0.69091,0.69155,0,0
2015-04-24,16:00:00,0.69153,0.69312,0.69129,0.6924,0,0
2015-04-24,17:00:00,0.69237,0.69294,0.69161,0.69188,0,0
2015-04-24,18:00:00,0.69187,0.69224,0.6907,0.69127,0,0
2015-04-24,19:00:00,0.69132,0.69132,0.69009,0.69012,0,0
2015-04-24,20:00:00,0.69011,0.691,0.68992,0.691,0,0
2015-04-24,21:00:00,0.69098,0.69129,0.69056,0.69079,0,0
2015-04-24,22:00:00,0.69076,0.6913,0.69068,0.69076,0,0
2015-04-24,23:00:00,0.69075,0.69084,0.69072,0.6908,0,0
2015-04-27,01:00:00,0.69045,0.69106,0.69035,0.69076,0,0
2015-04-27,02:00:00,0.69076,0.69117,0.69056,0.69101,0,0
2015-04-27,03:00:00,0.691,0.69124,0.69057,0.69073,0,0
2015-04-27,04:00:00,0.69074,0.69125,0.69057,0.69085,0,0
2015-04-27,05:00:00,0.69085,0.69085,0.69014,0.69032,0,0
2015-04-27,06:00:00,0.69032,0.69049,0.68995,0.69033,0,0
2015-04-27,07:00:00,0.69033,0.69037,0.6896,0.68985,0,0
2015-04-27,08:00:00,0.68985,0.69116,0.68985,0.6911,0,0
2015-04-27,09:00:00,0.69103,0.69121,0.68965,0.6901,0,0
2015-04-27,10:00:00,0.69007,0.69072,0.68874,0.69048,0,0
2015-04-27,11:00:00,0.69046,0.69086,0.69022,0.69064,0,0
2015-04-27,12:00:00,0.69063,0.6914,0.69062,0.69134,0,0
2015-04-27,13:00:00,0.69142,0.69157,0.69058,0.69157,0,0
2015-04-27,14:00:00,0.6916,0.6919,0.69071,0.69096,0,0
2015-04-27,15:00:00,0.69098,0.69132,0.69029,0.69042,0,0
2015-04-27,16:00:00,0.69043,0.69089,0.68971,0.69014,0,0
2015-04-27,17:00:00,0.69013,0.6905,0.68918,0.68989,0,0
2015-04-27,18:00:00,0.68988,0.69136,0.68826,0.68839,0,0
2015-04-27,19:00:00,0.6885,0.6896,0.68824,0.68918,0,0
2015-04-27,20:00:00,0.68916,0.68949,0.68673,0.68691,0,0
2015-04-27,21:00:00,0.68698,0.68755,0.68661,0.68716,0,0
2015-04-27,22:00:00,0.68714,0.68726,0.68677,0.68677,0,0
2015-04-27,23:00:00,0.68677,0.68742,0.68649,0.68724,0,0
2015-04-27,23:59:00,0.68725,0.68753,0.68661,0.68724,0,0
2015-04-28,01:00:00,0.68728,0.68769,0.68687,0.68736,0,0
2015-04-28,02:00:00,0.68734,0.68775,0.68722,0.68765,0,0
2015-04-28,03:00:00,0.68766,0.68778,0.68721,0.68745,0,0
2015-04-28,04:00:00,0.68746,0.68798,0.68745,0.68771,0,0
2015-04-28,05:00:00,0.68768,0.68777,0.68747,0.68758,0,0
2015-04-28,06:00:00,0.68758,0.68803,0.68755,0.68787,0,0
2015-04-28,07:00:00,0.68792,0.688,0.68727,0.68729,0,0
2015-04-28,08:00:00,0.68729,0.68783,0.68725,0.68756,0,0
2015-04-28,09:00:00,0.68758,0.6878,0.68641,0.68664,0,0
2015-04-28,10:00:00,0.68663,0.68709,0.6861,0.6861,0,0
2015-04-28,11:00:00,0.68613,0.68884,0.68567,0.68752,0,0
2015-04-28,12:00:00,0.68755,0.68778,0.68433,0.68462,0,0
2015-04-28,13:00:00,0.68462,0.68494,0.68211,0.68433,0,0
2015-04-28,14:00:00,0.68434,0.6849,0.68275,0.68381,0,0
2015-04-28,15:00:00,0.68379,0.6838,0.68265,0.68296,0,0
2015-04-28,16:00:00,0.683,0.68301,0.68187,0.68296,0,0
2015-04-28,17:00:00,0.68314,0.68647,0.68289,0.68635,0,0
2015-04-28,18:00:00,0.6864,0.68658,0.68363,0.68403,0,0
2015-04-28,19:00:00,0.68397,0.68422,0.68342,0.68364,0,0
2015-04-28,20:00:00,0.68364,0.68415,0.68331,0.68395,0,0
2015-04-28,21:00:00,0.68395,0.68419,0.68324,0.68324,0,0
2015-04-28,22:00:00,0.68321,0.68341,0.68207,0.68243,0,0
2015-04-28,23:00:00,0.68247,0.68262,0.68177,0.68223,0,0
2015-04-28,23:59:00,0.68246,0.68277,0.68194,0.68246,0,0
2015-04-29,01:00:00,0.68245,0.68256,0.68179,0.68216,0,0
2015-04-29,02:00:00,0.68212,0.68228,0.68183,0.68216,0,0
2015-04-29,03:00:00,0.68214,0.68267,0.68186,0.68234,0,0
2015-04-29,04:00:00,0.68231,0.68248,0.68178,0.68213,0,0
2015-04-29,05:00:00,0.68212,0.68218,0.68158,0.68169,0,0
2015-04-29,06:00:00,0.68165,0.68183,0.68156,0.68177,0,0
2015-04-29,07:00:00,0.68176,0.68201,0.6814,0.68149,0,0
2015-04-29,08:00:00,0.68146,0.68163,0.6809,0.68152,0,0
2015-04-29,09:00:00,0.68153,0.68176,0.68018,0.68046,0,0
2015-04-29,10:00:00,0.68049,0.68126,0.67973,0.68085,0,0
2015-04-29,11:00:00,0.68085,0.68141,0.68018,0.68121,0,0
2015-04-29,12:00:00,0.68118,0.68237,0.68058,0.68215,0,0
2015-04-29,13:00:00,0.6821,0.68229,0.68136,0.68141,0,0
2015-04-29,14:00:00,0.68137,0.68358,0.68125,0.68301,0,0
2015-04-29,15:00:00,0.68299,0.68597,0.68186,0.68269,0,0
2015-04-29,16:00:00,0.68299,0.687,0.68239,0.68694,0,0
2015-04-29,17:00:00,0.68705,0.68986,0.68639,0.68986,0,0
2015-04-29,18:00:00,0.68986,0.6909,0.68901,0.69009,0,0
2015-04-29,19:00:00,0.69015,0.69095,0.68934,0.68956,0,0
2015-04-29,20:00:00,0.68961,0.69076,0.6894,0.69041,0,0
2015-04-29,21:00:00,0.6905,0.6905,0.68883,0.68977,0,0
2015-04-29,22:00:00,0.68979,0.68983,0.68874,0.68931,0,0
2015-04-29,23:00:00,0.68933,0.68971,0.68921,0.68962,0,0
2015-04-29,23:59:00,0.68956,0.68959,0.68892,0.68903,0,0
2015-04-30,01:00:00,0.68908,0.68963,0.68908,0.68956,0,0
2015-04-30,02:00:00,0.68959,0.68973,0.68934,0.68934,0,0
2015-04-30,03:00:00,0.68934,0.68971,0.68916,0.68969,0,0
2015-04-30,04:00:00,0.68969,0.68969,0.6891,0.68923,0,0
2015-04-30,05:00:00,0.68924,0.68957,0.6892,0.68943,0,0
2015-04-30,06:00:00,0.68946,0.6897,0.68931,0.68955,0,0
2015-04-30,07:00:00,0.68955,0.69011,0.6894,0.68986,0,0
2015-04-30,08:00:00,0.68989,0.69009,0.68948,0.68949,0,0
2015-04-30,09:00:00,0.6894,0.68974,0.68849,0.68861,0,0
2015-04-30,10:00:00,0.68863,0.69238,0.68835,0.69208,0,0
2015-04-30,11:00:00,0.69214,0.69273,0.69044,0.69105,0,0
2015-04-30,12:00:00,0.69111,0.69115,0.68816,0.68946,0,0
2015-04-30,13:00:00,0.68949,0.69301,0.68927,0.69262,0,0
2015-04-30,14:00:00,0.69259,0.69325,0.69202,0.69311,0,0
2015-04-30,15:00:00,0.69323,0.69354,0.69198,0.69254,0,0
2015-04-30,16:00:00,0.69258,0.69268,0.68955,0.69143,0,0
2015-04-30,17:00:00,0.69147,0.69499,0.69144,0.69438,0,0
2015-04-30,18:00:00,0.69438,0.695,0.69256,0.69326,0,0
2015-04-30,19:00:00,0.69327,0.69538,0.69309,0.69513,0,0
2015-04-30,20:00:00,0.6951,0.69554,0.69474,0.6954,0,0
2015-04-30,21:00:00,0.6954,0.69934,0.69523,0.69921,0,0
2015-04-30,22:00:00,0.69928,0.69943,0.69768,0.69816,0,0
2015-04-30,23:00:00,0.69821,0.69867,0.69757,0.69867,0,0
2015-04-30,23:59:00,0.69857,0.69883,0.69781,0.6982,0,0
2015-05-01,01:00:00,0.69829,0.69829,0.69768,0.69798,0,0
2015-05-01,02:00:00,0.69791,0.69817,0.69762,0.69763,0,0
2015-05-01,03:00:00,0.69755,0.69768,0.69718,0.69763,0,0
2015-05-01,04:00:00,0.69763,0.69792,0.69741,0.69783,0,0
2015-05-01,05:00:00,0.69782,0.69804,0.69762,0.69767,0,0
2015-05-01,06:00:00,0.69767,0.69791,0.6976,0.69784,0,0
2015-05-01,07:00:00,0.69784,0.69819,0.69766,0.6981,0,0
2015-05-01,08:00:00,0.6981,0.6984,0.69796,0.69819,0,0
2015-05-01,09:00:00,0.69817,0.7002,0.69784,0.69896,0,0
2015-05-01,10:00:00,0.69893,0.69966,0.6964,0.69674,0,0
2015-05-01,11:00:00,0.69689,0.70212,0.6968,0.70201,0,0
2015-05-01,12:00:00,0.70196,0.70241,0.70141,0.70166,0,0
2015-05-01,13:00:00,0.70173,0.70453,0.70133,0.70427,0,0
2015-05-01,14:00:00,0.70425,0.7052,0.70367,0.70455,0,0
2015-05-01,15:00:00,0.70451,0.70609,0.70436,0.70541,0,0
2015-05-01,16:00:00,0.70542,0.70825,0.7046,0.70825,0,0
2015-05-01,17:00:00,0.70828,0.70831,0.70566,0.70723,0,0
2015-05-01,18:00:00,0.70721,0.70852,0.70655,0.70723,0,0
2015-05-01,19:00:00,0.70725,0.7082,0.70686,0.70748,0,0
2015-05-01,20:00:00,0.70745,0.70766,0.70664,0.7067,0,0
2015-05-01,21:00:00,0.70672,0.70789,0.70644,0.70736,0,0
2015-05-01,22:00:00,0.70735,0.70805,0.70713,0.70781,0,0
2015-05-01,23:00:00,0.70773,0.70773,0.70753,0.70765,0,0
2015-05-04,01:00:00,0.70733,0.70777,0.70665,0.70688,0,0
2015-05-04,02:00:00,0.70688,0.70744,0.70673,0.707,0,0
2015-05-04,03:00:00,0.707,0.70739,0.70684,0.70719,0,0
2015-05-04,04:00:00,0.70721,0.7073,0.70646,0.70707,0,0
2015-05-04,05:00:00,0.70707,0.70722,0.70671,0.70689,0,0
2015-05-04,06:00:00,0.70689,0.70695,0.70649,0.70652,0,0
2015-05-04,07:00:00,0.70653,0.70682,0.7065,0.70677,0,0
2015-05-04,08:00:00,0.70677,0.70725,0.70674,0.70712,0,0
2015-05-04,09:00:00,0.707,0.70702,0.70518,0.70534,0,0
2015-05-04,10:00:00,0.70532,0.70561,0.70413,0.70424,0,0
2015-05-04,11:00:00,0.70447,0.70516,0.70371,0.70437,0,0
2015-05-04,12:00:00,0.70437,0.70606,0.70436,0.70591,0,0
2015-05-04,13:00:00,0.7059,0.70771,0.70566,0.70771,0,0
2015-05-04,14:00:00,0.7077,0.70805,0.70692,0.70802,0,0
2015-05-04,15:00:00,0.70801,0.70834,0.70718,0.70827,0,0
2015-05-04,16:00:00,0.70834,0.70953,0.70803,0.70929,0,0
2015-05-04,17:00:00,0.70937,0.70954,0.70717,0.70817,0,0
2015-05-04,18:00:00,0.7082,0.70839,0.70656,0.70699,0,0
2015-05-04,19:00:00,0.70696,0.70777,0.70672,0.70697,0,0
2015-05-04,20:00:00,0.70703,0.70831,0.70688,0.70823,0,0
2015-05-04,21:00:00,0.70823,0.7083,0.7077,0.70772,0,0
2015-05-04,22:00:00,0.70769,0.70838,0.70763,0.70809,0,0
2015-05-04,23:00:00,0.70814,0.7087,0.70792,0.70836,0,0
2015-05-04,23:59:00,0.70828,0.70853,0.70814,0.70818,0,0
2015-05-05,01:00:00,0.70818,0.70865,0.70783,0.70795,0,0
2015-05-05,02:00:00,0.70795,0.70826,0.70788,0.70826,0,0
2015-05-05,03:00:00,0.70825,0.70826,0.70784,0.708,0,0
2015-05-05,04:00:00,0.708,0.70819,0.70733,0.70737,0,0
2015-05-05,05:00:00,0.70737,0.70751,0.70702,0.70738,0,0
2015-05-05,06:00:00,0.70739,0.70745,0.70712,0.70731,0,0
2015-05-05,07:00:00,0.7073,0.7075,0.70667,0.70701,0,0
2015-05-05,08:00:00,0.70699,0.70729,0.7065,0.70673,0,0
2015-05-05,09:00:00,0.70671,0.70701,0.7057,0.70657,0,0
2015-05-05,10:00:00,0.70653,0.70694,0.70332,0.7034,0,0
2015-05-05,11:00:00,0.70342,0.70529,0.70236,0.70529,0,0
2015-05-05,12:00:00,0.70525,0.70768,0.70525,0.70765,0,0
2015-05-05,13:00:00,0.7076,0.7082,0.70678,0.70783,0,0
2015-05-05,14:00:00,0.70783,0.71066,0.70726,0.70887,0,0
2015-05-05,15:00:00,0.70891,0.70911,0.70792,0.70867,0,0
2015-05-05,16:00:00,0.70862,0.70945,0.70767,0.70774,0,0
2015-05-05,17:00:00,0.70777,0.71156,0.70642,0.71114,0,0
2015-05-05,18:00:00,0.7112,0.71186,0.71072,0.71133,0,0
2015-05-05,19:00:00,0.71129,0.7117,0.71071,0.71124,0,0
2015-05-05,20:00:00,0.71127,0.71169,0.71087,0.71087,0,0
2015-05-05,21:00:00,0.71086,0.71159,0.71076,0.7115,0,0
2015-05-05,22:00:00,0.71149,0.71179,0.71093,0.71121,0,0
2015-05-05,23:00:00,0.71119,0.71119,0.71052,0.71099,0,0
2015-05-05,23:59:00,0.71093,0.71143,0.71072,0.71109,0,0
2015-05-06,01:00:00,0.71108,0.71123,0.7105,0.71083,0,0
2015-05-06,02:00:00,0.71083,0.71101,0.71039,0.71068,0,0
2015-05-06,03:00:00,0.71072,0.71091,0.71063,0.71079,0,0
2015-05-06,04:00:00,0.71079,0.71084,0.71044,0.71071,0,0
2015-05-06,05:00:00,0.71074,0.71084,0.71037,0.71073,0,0
2015-05-06,06:00:00,0.71074,0.71157,0.7106,0.7108,0,0
2015-05-06,07:00:00,0.71078,0.71104,0.71035,0.71063,0,0
2015-05-06,08:00:00,0.71061,0.71082,0.71031,0.71063,0,0
2015-05-06,09:00:00,0.71062,0.71197,0.71022,0.71119,0,0
2015-05-06,10:00:00,0.71114,0.71325,0.71004,0.71277,0,0
2015-05-06,11:00:00,0.7128,0.71429,0.7125,0.71268,0,0
2015-05-06,12:00:00,0.71267,0.71277,0.71158,0.71275,0,0
2015-05-06,13:00:00,0.71273,0.71316,0.71076,0.71091,0,0
2015-05-06,14:00:00,0.71088,0.71142,0.7106,0.71102,0,0
2015-05-06,15:00:00,0.71102,0.71408,0.71076,0.71374,0,0
2015-05-06,16:00:00,0.71371,0.71736,0.71309,0.71686,0,0
2015-05-06,17:00:00,0.71675,0.71786,0.71557,0.71778,0,0
2015-05-06,18:00:00,0.71772,0.71806,0.71604,0.71675,0,0
2015-05-06,19:00:00,0.71679,0.71737,0.71546,0.71546,0,0
2015-05-06,20:00:00,0.71539,0.71605,0.71523,0.71599,0,0
2015-05-06,21:00:00,0.71593,0.71721,0.71589,0.71649,0,0
2015-05-06,22:00:00,0.71665,0.71666,0.71573,0.71581,0,0
2015-05-06,23:00:00,0.7158,0.71628,0.7156,0.71595,0,0
2015-05-06,23:59:00,0.71598,0.71628,0.71565,0.71598,0,0
2015-05-07,01:00:00,0.71622,0.71622,0.71581,0.71619,0,0
2015-05-07,02:00:00,0.71616,0.71625,0.71577,0.71586,0,0
2015-05-07,03:00:00,0.71583,0.7162,0.7158,0.71605,0,0
2015-05-07,04:00:00,0.71603,0.71621,0.71567,0.71604,0,0
2015-05-07,05:00:00,0.71599,0.71609,0.71554,0.71584,0,0
2015-05-07,06:00:00,0.71585,0.71607,0.71556,0.71583,0,0
2015-05-07,07:00:00,0.71583,0.71598,0.71564,0.71575,0,0
2015-05-07,08:00:00,0.71574,0.71734,0.71557,0.71664,0,0
2015-05-07,09:00:00,0.71657,0.71936,0.71653,0.71935,0,0
2015-05-07,10:00:00,0.71931,0.7202,0.71868,0.7201,0,0
2015-05-07,11:00:00,0.7202,0.72233,0.71961,0.72188,0,0
2015-05-07,12:00:00,0.72171,0.72339,0.72142,0.72332,0,0
2015-05-07,13:00:00,0.72326,0.72371,0.72136,0.72311,0,0
2015-05-07,14:00:00,0.72314,0.72317,0.71933,0.71943,0,0
2015-05-07,15:00:00,0.71944,0.71944,0.71658,0.71746,0,0
2015-05-07,16:00:00,0.71755,0.7185,0.71628,0.71809,0,0
2015-05-07,17:00:00,0.71805,0.7182,0.71496,0.71508,0,0
2015-05-07,18:00:00,0.71517,0.71538,0.71333,0.71415,0,0
2015-05-07,19:00:00,0.71424,0.71428,0.71266,0.71292,0,0
2015-05-07,20:00:00,0.71301,0.71301,0.71194,0.71238,0,0
2015-05-07,21:00:00,0.71236,0.71242,0.71016,0.71117,0,0
2015-05-07,22:00:00,0.71111,0.7114,0.7106,0.71112,0,0
2015-05-07,23:00:00,0.71103,0.71162,0.71076,0.71161,0,0
2015-05-07,23:59:00,0.71175,0.71177,0.70176,0.70336,0,0
2015-05-08,01:00:00,0.70329,0.70473,0.70284,0.7044,0,0
2015-05-08,02:00:00,0.7044,0.70517,0.70363,0.70461,0,0
2015-05-08,03:00:00,0.70461,0.70493,0.70385,0.70391,0,0
2015-05-08,04:00:00,0.70394,0.70411,0.70203,0.70209,0,0
2015-05-08,05:00:00,0.70211,0.7024,0.69873,0.69883,0,0
2015-05-08,06:00:00,0.69879,0.70042,0.69845,0.69978,0,0
2015-05-08,07:00:00,0.6998,0.70003,0.6978,0.69865,0,0
2015-05-08,08:00:00,0.69869,0.70088,0.69845,0.70059,0,0
2015-05-08,09:00:00,0.70054,0.70233,0.6998,0.70023,0,0
2015-05-08,10:00:00,0.7002,0.70132,0.6978,0.70001,0,0
2015-05-08,11:00:00,0.70009,0.70234,0.69985,0.70094,0,0
2015-05-08,12:00:00,0.70086,0.70362,0.70079,0.70341,0,0
2015-05-08,13:00:00,0.70342,0.70364,0.70129,0.70137,0,0
2015-05-08,14:00:00,0.70124,0.70147,0.70044,0.70145,0,0
2015-05-08,15:00:00,0.70136,0.70387,0.7004,0.70189,0,0
2015-05-08,16:00:00,0.70188,0.70305,0.70088,0.70155,0,0
2015-05-08,17:00:00,0.70149,0.70244,0.69908,0.69915,0,0
2015-05-08,18:00:00,0.69906,0.69906,0.69716,0.69769,0,0
2015-05-08,19:00:00,0.69768,0.69776,0.69571,0.69597,0,0
2015-05-08,20:00:00,0.69613,0.69613,0.69511,0.69533,0,0
2015-05-08,21:00:00,0.69544,0.69558,0.69478,0.69492,0,0
2015-05-08,22:00:00,0.69477,0.69522,0.69461,0.69485,0,0
2015-05-08,23:00:00,0.69492,0.69492,0.69492,0.69492,0,0
2015-05-11,01:00:00,0.6949,0.69524,0.6947,0.69512,0,0
2015-05-11,02:00:00,0.69512,0.6956,0.69505,0.69531,0,0
2015-05-11,03:00:00,0.6953,0.6958,0.69503,0.69523,0,0
2015-05-11,04:00:00,0.69522,0.69522,0.69402,0.69459,0,0
2015-05-11,05:00:00,0.69468,0.69528,0.69447,0.69473,0,0
2015-05-11,06:00:00,0.69471,0.69475,0.69416,0.6943,0,0
2015-05-11,07:00:00,0.69431,0.69478,0.69412,0.69477,0,0
2015-05-11,08:00:00,0.69476,0.69502,0.69435,0.69467,0,0
2015-05-11,09:00:00,0.69466,0.69646,0.69438,0.69608,0,0
2015-05-11,10:00:00,0.69608,0.6967,0.69498,0.69581,0,0
2015-05-11,11:00:00,0.69584,0.69765,0.69557,0.6973,0,0
2015-05-11,12:00:00,0.69728,0.69798,0.69434,0.69476,0,0
2015-05-11,13:00:00,0.6947,0.6952,0.69279,0.69313,0,0
2015-05-11,14:00:00,0.69309,0.69375,0.6916,0.69168,0,0
2015-05-11,15:00:00,0.69165,0.69234,0.6897,0.68977,0,0
2015-05-11,16:00:00,0.68968,0.69059,0.68849,0.68858,0,0
2015-05-11,17:00:00,0.68843,0.68941,0.6879,0.6879,0,0
2015-05-11,18:00:00,0.68798,0.68894,0.68598,0.68633,0,0
2015-05-11,19:00:00,0.68631,0.68691,0.68561,0.68679,0,0
2015-05-11,20:00:00,0.68684,0.68684,0.68546,0.68632,0,0
2015-05-11,21:00:00,0.68631,0.68718,0.68623,0.68685,0,0
2015-05-11,22:00:00,0.68686,0.68722,0.68622,0.68656,0,0
2015-05-11,23:00:00,0.68657,0.68704,0.68637,0.68681,0,0
2015-05-11,23:59:00,0.6868,0.68717,0.68642,0.68681,0,0
2015-05-12,01:00:00,0.68683,0.68737,0.68676,0.68714,0,0
2015-05-12,02:00:00,0.6871,0.68717,0.68668,0.68686,0,0
2015-05-12,03:00:00,0.68686,0.68717,0.68641,0.68684,0,0
2015-05-12,04:00:00,0.68684,0.68737,0.68674,0.68719,0,0
2015-05-12,05:00:00,0.68722,0.68789,0.68707,0.68773,0,0
2015-05-12,06:00:00,0.68772,0.68792,0.68745,0.68747,0,0
2015-05-12,07:00:00,0.68747,0.68815,0.68741,0.68804,0,0
2015-05-12,08:00:00,0.68803,0.68839,0.68773,0.68803,0,0
2015-05-12,09:00:00,0.68803,0.68967,0.6878,0.68917,0,0
2015-05-12,10:00:00,0.68927,0.69246,0.68889,0.69231,0,0
2015-05-12,11:00:00,0.69234,0.69329,0.69025,0.69157,0,0
2015-05-12,12:00:00,0.69168,0.69218,0.69064,0.69123,0,0
2015-05-12,13:00:00,0.69122,0.69195,0.68991,0.69092,0,0
2015-05-12,14:00:00,0.69092,0.69092,0.6893,0.68943,0,0
2015-05-12,15:00:00,0.68947,0.68968,0.68854,0.68926,0,0
2015-05-12,16:00:00,0.68924,0.69217,0.68917,0.69085,0,0
2015-05-12,17:00:00,0.69109,0.6913,0.68923,0.68978,0,0
2015-05-12,18:00:00,0.68984,0.6899,0.68793,0.688,0,0
2015-05-12,19:00:00,0.68792,0.68814,0.68657,0.68657,0,0
2015-05-12,20:00:00,0.6866,0.68706,0.68625,0.68675,0,0
2015-05-12,21:00:00,0.68665,0.68709,0.6861,0.68689,0,0
2015-05-12,22:00:00,0.68683,0.68712,0.68653,0.68654,0,0
2015-05-12,23:00:00,0.68642,0.68688,0.68629,0.68657,0,0
2015-05-12,23:59:00,0.68658,0.68734,0.68642,0.68719,0,0
2015-05-13,01:00:00,0.68707,0.68721,0.68659,0.68697,0,0
2015-05-13,02:00:00,0.68697,0.68741,0.68694,0.68739,0,0
2015-05-13,03:00:00,0.68733,0.68734,0.68691,0.68729,0,0
2015-05-13,04:00:00,0.68733,0.68742,0.6868,0.68722,0,0
2015-05-13,05:00:00,0.68725,0.68768,0.68709,0.68747,0,0
2015-05-13,06:00:00,0.68747,0.6879,0.68736,0.68775,0,0
2015-05-13,07:00:00,0.68775,0.68792,0.68748,0.68774,0,0
2015-05-13,08:00:00,0.68773,0.68789,0.68706,0.68714,0,0
2015-05-13,09:00:00,0.68712,0.69004,0.68671,0.68991,0,0
2015-05-13,10:00:00,0.68995,0.68995,0.68714,0.68736,0,0
2015-05-13,11:00:00,0.68734,0.68838,0.68515,0.68536,0,0
2015-05-13,12:00:00,0.68534,0.68892,0.68449,0.68841,0,0
2015-05-13,13:00:00,0.68844,0.68914,0.68706,0.68706,0,0
2015-05-13,14:00:00,0.68702,0.68987,0.68699,0.68859,0,0
2015-05-13,15:00:00,0.6886,0.69198,0.68844,0.69093,0,0
2015-05-13,16:00:00,0.69092,0.69246,0.69057,0.6921,0,0
2015-05-13,17:00:00,0.69216,0.69342,0.69169,0.69303,0,0
2015-05-13,18:00:00,0.69304,0.69384,0.69244,0.69308,0,0
2015-05-13,19:00:00,0.69311,0.69338,0.69217,0.69282,0,0
2015-05-13,20:00:00,0.69283,0.69342,0.692,0.69274,0,0
2015-05-13,21:00:00,0.69265,0.69306,0.69246,0.69281,0,0
2015-05-13,22:00:00,0.69284,0.69317,0.69223,0.69236,0,0
2015-05-13,23:00:00,0.6924,0.69306,0.69231,0.69281,0,0
2015-05-13,23:59:00,0.69279,0.69301,0.69252,0.69266,0,0
2015-05-14,01:00:00,0.69266,0.69313,0.69266,0.69279,0,0
2015-05-14,02:00:00,0.69279,0.69297,0.69259,0.69286,0,0
2015-05-14,03:00:00,0.69286,0.69291,0.6926,0.69287,0,0
2015-05-14,04:00:00,0.69287,0.69306,0.69241,0.69282,0,0
2015-05-14,05:00:00,0.69297,0.69338,0.69281,0.69297,0,0
2015-05-14,06:00:00,0.69298,0.69364,0.69281,0.69351,0,0
2015-05-14,07:00:00,0.69351,0.69362,0.69308,0.69349,0,0
2015-05-14,08:00:00,0.69348,0.69375,0.69328,0.69373,0,0
2015-05-14,09:00:00,0.69373,0.69501,0.69338,0.6947,0,0
2015-05-14,10:00:00,0.69474,0.69519,0.69341,0.69365,0,0
2015-05-14,11:00:00,0.69374,0.69441,0.69304,0.69413,0,0
2015-05-14,12:00:00,0.69425,0.69565,0.69382,0.69556,0,0
2015-05-14,13:00:00,0.69554,0.69708,0.69521,0.69683,0,0
2015-05-14,14:00:00,0.69679,0.69703,0.69479,0.69594,0,0
2015-05-14,15:00:00,0.69586,0.69626,0.69426,0.6948,0,0
2015-05-14,16:00:00,0.69474,0.69527,0.69265,0.69319,0,0
2015-05-14,17:00:00,0.69321,0.69405,0.69304,0.69344,0,0
2015-05-14,18:00:00,0.69349,0.69415,0.69262,0.69335,0,0
2015-05-14,19:00:00,0.6934,0.69469,0.69323,0.6945,0,0
2015-05-14,20:00:00,0.69448,0.69467,0.69411,0.69447,0,0
2015-05-14,21:00:00,0.69444,0.69496,0.69413,0.69456,0,0
2015-05-14,22:00:00,0.69457,0.6947,0.6941,0.69458,0,0
2015-05-14,23:00:00,0.69456,0.69506,0.69418,0.69491,0,0
2015-05-14,23:59:00,0.69487,0.69505,0.69439,0.69466,0,0
2015-05-15,01:00:00,0.69466,0.69482,0.69447,0.6946,0,0
2015-05-15,02:00:00,0.69459,0.69475,0.69442,0.69475,0,0
2015-05-15,03:00:00,0.69474,0.69477,0.69431,0.69446,0,0
2015-05-15,04:00:00,0.69446,0.69474,0.69423,0.69454,0,0
2015-05-15,05:00:00,0.69453,0.69483,0.69442,0.6945,0,0
2015-05-15,06:00:00,0.69451,0.69468,0.69432,0.69458,0,0
2015-05-15,07:00:00,0.69457,0.69477,0.6945,0.69462,0,0
2015-05-15,08:00:00,0.69462,0.69469,0.6936,0.69366,0,0
2015-05-15,09:00:00,0.69367,0.69501,0.69285,0.69501,0,0
2015-05-15,10:00:00,0.69507,0.69534,0.69317,0.69371,0,0
2015-05-15,11:00:00,0.69374,0.69407,0.692,0.69233,0,0
2015-05-15,12:00:00,0.69217,0.69264,0.69165,0.69232,0,0
2015-05-15,13:00:00,0.69221,0.69238,0.69058,0.69113,0,0
2015-05-15,14:00:00,0.69112,0.69174,0.68956,0.68994,0,0
2015-05-15,15:00:00,0.68991,0.68994,0.68782,0.68782,0,0
2015-05-15,16:00:00,0.68783,0.68809,0.68666,0.68698,0,0
2015-05-15,17:00:00,0.68722,0.69142,0.68718,0.69137,0,0
2015-05-15,18:00:00,0.69132,0.69203,0.69086,0.691,0,0
2015-05-15,19:00:00,0.69099,0.69177,0.6906,0.6912,0,0
2015-05-15,20:00:00,0.69118,0.69273,0.69118,0.69237,0,0
2015-05-15,21:00:00,0.69237,0.69487,0.69236,0.69454,0,0
2015-05-15,22:00:00,0.69453,0.69493,0.69394,0.69394,0,0
2015-05-15,23:00:00,0.69396,0.69419,0.69396,0.69416,0,0
2015-05-18,01:00:00,0.69427,0.69427,0.69355,0.69388,0,0
2015-05-18,02:00:00,0.69389,0.69407,0.69361,0.69407,0,0
2015-05-18,03:00:00,0.69407,0.69419,0.69318,0.69341,0,0
2015-05-18,04:00:00,0.69336,0.69367,0.69255,0.69272,0,0
2015-05-18,05:00:00,0.69285,0.69312,0.6924,0.69312,0,0
2015-05-18,06:00:00,0.69312,0.69338,0.69308,0.69332,0,0
2015-05-18,07:00:00,0.69333,0.69351,0.69296,0.69338,0,0
2015-05-18,08:00:00,0.69338,0.69338,0.69259,0.69318,0,0
2015-05-18,09:00:00,0.69318,0.694,0.69297,0.69319,0,0
2015-05-18,10:00:00,0.69319,0.69428,0.6926,0.69315,0,0
2015-05-18,11:00:00,0.69311,0.69398,0.69268,0.69398,0,0
2015-05-18,12:00:00,0.69398,0.69446,0.6925,0.69402,0,0
2015-05-18,13:00:00,0.69408,0.6957,0.69375,0.69499,0,0
2015-05-18,14:00:00,0.69505,0.69538,0.69349,0.6943,0,0
2015-05-18,15:00:00,0.6943,0.69445,0.69344,0.69411,0,0
2015-05-18,16:00:00,0.69414,0.69439,0.69134,0.6922,0,0
2015-05-18,17:00:00,0.69215,0.69285,0.69156,0.69163,0,0
2015-05-18,18:00:00,0.69168,0.69174,0.69066,0.6909,0,0
2015-05-18,19:00:00,0.69091,0.69117,0.6902,0.69087,0,0
2015-05-18,20:00:00,0.69089,0.69134,0.69052,0.69064,0,0
2015-05-18,21:00:00,0.69061,0.69082,0.68981,0.68981,0,0
2015-05-18,22:00:00,0.68979,0.69058,0.68967,0.69016,0,0
2015-05-18,23:00:00,0.69013,0.69054,0.6896,0.68969,0,0
2015-05-18,23:59:00,0.68971,0.68996,0.68947,0.68972,0,0
2015-05-19,01:00:00,0.68971,0.68971,0.68949,0.68958,0,0
2015-05-19,02:00:00,0.68958,0.68976,0.68936,0.68939,0,0
2015-05-19,03:00:00,0.68934,0.68988,0.68926,0.68957,0,0
2015-05-19,04:00:00,0.68956,0.6902,0.68948,0.69014,0,0
2015-05-19,05:00:00,0.69007,0.69028,0.68976,0.68993,0,0
2015-05-19,06:00:00,0.68993,0.69013,0.68926,0.68927,0,0
2015-05-19,07:00:00,0.68928,0.68968,0.68926,0.68932,0,0
2015-05-19,08:00:00,0.68932,0.68959,0.68924,0.68943,0,0
2015-05-19,09:00:00,0.68938,0.6904,0.68923,0.68983,0,0
2015-05-19,10:00:00,0.68982,0.68983,0.68458,0.6883,0,0
2015-05-19,11:00:00,0.68846,0.69061,0.68753,0.69009,0,0
2015-05-19,12:00:00,0.69002,0.69194,0.6899,0.69136,0,0
2015-05-19,13:00:00,0.69139,0.69292,0.69133,0.69263,0,0
2015-05-19,14:00:00,0.69265,0.69375,0.69219,0.69374,0,0
2015-05-19,15:00:00,0.69374,0.694,0.68964,0.68973,0,0
2015-05-19,16:00:00,0.68972,0.69022,0.68892,0.68927,0,0
2015-05-19,17:00:00,0.68925,0.68938,0.6874,0.68753,0,0
2015-05-19,18:00:00,0.68742,0.6886,0.68739,0.6876,0,0
2015-05-19,19:00:00,0.68768,0.68893,0.68753,0.68889,0,0
2015-05-19,20:00:00,0.68892,0.68903,0.68757,0.68791,0,0
2015-05-19,21:00:00,0.68793,0.6888,0.68776,0.68834,0,0
2015-05-19,22:00:00,0.68824,0.68877,0.68784,0.68784,0,0
2015-05-19,23:00:00,0.68779,0.68843,0.68776,0.6881,0,0
2015-05-19,23:59:00,0.688,0.68844,0.68775,0.68794,0,0
2015-05-20,01:00:00,0.68797,0.68799,0.68764,0.68789,0,0
2015-05-20,02:00:00,0.68788,0.68796,0.68766,0.68784,0,0
2015-05-20,03:00:00,0.68782,0.68801,0.68746,0.68797,0,0
2015-05-20,04:00:00,0.68798,0.6882,0.68744,0.68785,0,0
2015-05-20,05:00:00,0.68785,0.68822,0.68774,0.6881,0,0
2015-05-20,06:00:00,0.68809,0.68836,0.68779,0.68828,0,0
2015-05-20,07:00:00,0.68829,0.68847,0.68799,0.68829,0,0
2015-05-20,08:00:00,0.68829,0.68902,0.6881,0.68815,0,0
2015-05-20,09:00:00,0.68797,0.68846,0.68712,0.68749,0,0
2015-05-20,10:00:00,0.68749,0.68827,0.68654,0.68742,0,0
2015-05-20,11:00:00,0.68744,0.68837,0.68619,0.6876,0,0
2015-05-20,12:00:00,0.6876,0.6885,0.68657,0.68683,0,0
2015-05-20,13:00:00,0.68685,0.68705,0.68517,0.68543,0,0
2015-05-20,14:00:00,0.68539,0.68701,0.68538,0.68646,0,0
2015-05-20,15:00:00,0.68646,0.68729,0.68583,0.68672,0,0
2015-05-20,16:00:00,0.68684,0.6871,0.68446,0.68513,0,0
2015-05-20,17:00:00,0.68534,0.68663,0.68484,0.68499,0,0
2015-05-20,18:00:00,0.68488,0.68563,0.68435,0.68474,0,0
2015-05-20,19:00:00,0.68474,0.68647,0.68472,0.68621,0,0
2015-05-20,20:00:00,0.68619,0.68826,0.68612,0.68778,0,0
2015-05-20,21:00:00,0.68778,0.68853,0.68693,0.68741,0,0
2015-05-20,22:00:00,0.68741,0.68791,0.68693,0.68739,0,0
2015-05-20,23:00:00,0.68746,0.68765,0.68678,0.68678,0,0
2015-05-20,23:59:00,0.6868,0.68743,0.68664,0.68724,0,0
2015-05-21,01:00:00,0.68723,0.68723,0.6868,0.68689,0,0
2015-05-21,02:00:00,0.68689,0.68733,0.68687,0.68727,0,0
2015-05-21,03:00:00,0.68727,0.68808,0.68705,0.68775,0,0
2015-05-21,04:00:00,0.68773,0.6879,0.68739,0.68775,0,0
2015-05-21,05:00:00,0.68775,0.68833,0.68773,0.68821,0,0
2015-05-21,06:00:00,0.68821,0.68838,0.68793,0.68824,0,0
2015-05-21,07:00:00,0.68825,0.68868,0.68793,0.68795,0,0
2015-05-21,08:00:00,0.688,0.68847,0.68729,0.68833,0,0
2015-05-21,09:00:00,0.68834,0.68834,0.68628,0.68762,0,0
2015-05-21,10:00:00,0.6875,0.68829,0.68698,0.68736,0,0
2015-05-21,11:00:00,0.68731,0.68808,0.68437,0.68474,0,0
2015-05-21,12:00:00,0.68472,0.68515,0.68397,0.68433,0,0
2015-05-21,13:00:00,0.68428,0.68514,0.68352,0.68397,0,0
2015-05-21,14:00:00,0.6839,0.68443,0.68275,0.68278,0,0
2015-05-21,15:00:00,0.68284,0.68343,0.68217,0.68257,0,0
2015-05-21,16:00:00,0.68257,0.68354,0.68221,0.68246,0,0
2015-05-21,17:00:00,0.6825,0.68327,0.68126,0.68186,0,0
2015-05-21,18:00:00,0.68192,0.68278,0.68175,0.6826,0,0
2015-05-21,19:00:00,0.68268,0.68323,0.68227,0.68305,0,0
2015-05-21,20:00:00,0.68306,0.68312,0.68201,0.68208,0,0
2015-05-21,21:00:00,0.68209,0.6827,0.68188,0.68207,0,0
2015-05-21,22:00:00,0.68207,0.68234,0.6816,0.68169,0,0
2015-05-21,23:00:00,0.68168,0.68193,0.68154,0.68164,0,0
2015-05-21,23:59:00,0.68158,0.68192,0.68116,0.6814,0,0
2015-05-22,01:00:00,0.68137,0.68177,0.68137,0.68148,0,0
2015-05-22,02:00:00,0.68148,0.68163,0.68101,0.68111,0,0
2015-05-22,03:00:00,0.68098,0.68163,0.68098,0.68136,0,0
2015-05-22,04:00:00,0.68135,0.68179,0.68102,0.68119,0,0
2015-05-22,05:00:00,0.6812,0.68224,0.6811,0.68214,0,0
2015-05-22,06:00:00,0.68214,0.68224,0.68189,0.68223,0,0
2015-05-22,07:00:00,0.68223,0.68263,0.68201,0.68227,0,0
2015-05-22,08:00:00,0.68225,0.68253,0.68208,0.68241,0,0
2015-05-22,09:00:00,0.68243,0.68339,0.68238,0.6829,0,0
2015-05-22,10:00:00,0.68294,0.68391,0.68252,0.68348,0,0
2015-05-22,11:00:00,0.68351,0.68572,0.6835,0.685,0,0
2015-05-22,12:00:00,0.68502,0.68691,0.6844,0.68644,0,0
2015-05-22,13:00:00,0.68647,0.68804,0.68637,0.6864,0,0
2015-05-22,14:00:00,0.68641,0.68733,0.68507,0.68527,0,0
2015-05-22,15:00:00,0.68527,0.68576,0.68202,0.68379,0,0
2015-05-22,16:00:00,0.68357,0.68359,0.68219,0.68336,0,0
2015-05-22,17:00:00,0.68331,0.68456,0.68243,0.68452,0,0
2015-05-22,18:00:00,0.6845,0.68518,0.68412,0.68494,0,0
2015-05-22,19:00:00,0.68493,0.68562,0.68475,0.68508,0,0
2015-05-22,20:00:00,0.68508,0.68532,0.68427,0.68438,0,0
2015-05-22,21:00:00,0.68439,0.68505,0.68422,0.68459,0,0
2015-05-22,22:00:00,0.68459,0.68465,0.68402,0.68436,0,0
2015-05-22,23:00:00,0.6844,0.68442,0.68437,0.68437,0,0
2015-05-25,01:00:00,0.68516,0.68516,0.68432,0.68478,0,0
2015-05-25,02:00:00,0.68484,0.68515,0.68464,0.68512,0,0
2015-05-25,03:00:00,0.68511,0.68511,0.68401,0.68466,0,0
2015-05-25,04:00:00,0.6847,0.68479,0.68442,0.68452,0,0
2015-05-25,05:00:00,0.68452,0.68531,0.68445,0.68516,0,0
2015-05-25,06:00:00,0.68519,0.68555,0.68511,0.68541,0,0
2015-05-25,07:00:00,0.6854,0.68549,0.68527,0.68549,0,0
2015-05-25,08:00:00,0.68549,0.68601,0.68529,0.6859,0,0
2015-05-25,09:00:00,0.68589,0.68664,0.68532,0.6857,0,0
2015-05-25,10:00:00,0.68577,0.68588,0.68372,0.68381,0,0
2015-05-25,11:00:00,0.68382,0.68474,0.68355,0.68473,0,0
2015-05-25,12:00:00,0.68473,0.68515,0.68423,0.68435,0,0
2015-05-25,13:00:00,0.68434,0.68449,0.684,0.68448,0,0
2015-05-25,14:00:00,0.68446,0.68557,0.68426,0.68534,0,0
2015-05-25,15:00:00,0.68533,0.68624,0.68527,0.68593,0,0
2015-05-25,16:00:00,0.68591,0.6864,0.68547,0.68555,0,0
2015-05-25,17:00:00,0.68553,0.68557,0.68456,0.6848,0,0
2015-05-25,18:00:00,0.68481,0.68508,0.68436,0.68468,0,0
2015-05-25,19:00:00,0.68463,0.68467,0.68367,0.68376,0,0
2015-05-25,20:00:00,0.68401,0.68401,0.68363,0.68363,0,0
2015-05-25,21:00:00,0.68363,0.6838,0.6836,0.68369,0,0
2015-05-25,22:00:00,0.68372,0.68406,0.68356,0.68378,0,0
2015-05-25,23:00:00,0.68372,0.68414,0.68348,0.68398,0,0
2015-05-25,23:59:00,0.68398,0.68408,0.68352,0.68371,0,0
2015-05-26,01:00:00,0.68371,0.6839,0.68354,0.68374,0,0
2015-05-26,02:00:00,0.68374,0.68383,0.68334,0.68343,0,0
2015-05-26,03:00:00,0.68344,0.68365,0.68299,0.6835,0,0
2015-05-26,04:00:00,0.6835,0.68401,0.6831,0.68386,0,0
2015-05-26,05:00:00,0.68385,0.68449,0.68383,0.68422,0,0
2015-05-26,06:00:00,0.68421,0.68421,0.68356,0.68363,0,0
2015-05-26,07:00:00,0.68361,0.68361,0.68305,0.68309,0,0
2015-05-26,08:00:00,0.68309,0.68342,0.68286,0.68295,0,0
2015-05-26,09:00:00,0.68289,0.68352,0.68189,0.68239,0,0
2015-05-26,10:00:00,0.68238,0.68356,0.68202,0.68327,0,0
2015-05-26,11:00:00,0.68329,0.68371,0.68258,0.68276,0,0
2015-05-26,12:00:00,0.68274,0.68572,0.68264,0.68549,0,0
2015-05-26,13:00:00,0.68539,0.68605,0.68382,0.68401,0,0
2015-05-26,14:00:00,0.68401,0.68543,0.68397,0.68524,0,0
2015-05-26,15:00:00,0.68527,0.68559,0.68429,0.68469,0,0
2015-05-26,16:00:00,0.68473,0.68577,0.68438,0.68546,0,0
2015-05-26,17:00:00,0.6856,0.6856,0.68419,0.68484,0,0
2015-05-26,18:00:00,0.6847,0.68486,0.6833,0.68339,0,0
2015-05-26,19:00:00,0.68332,0.68404,0.68307,0.68394,0,0
2015-05-26,20:00:00,0.68397,0.68398,0.68294,0.68304,0,0
2015-05-26,21:00:00,0.68299,0.68338,0.68198,0.68219,0,0
2015-05-26,22:00:00,0.68217,0.6823,0.68185,0.68206,0,0
2015-05-26,23:00:00,0.68205,0.68233,0.68168,0.68178,0,0
2015-05-26,23:59:00,0.68182,0.68208,0.68139,0.68192,0,0
2015-05-27,01:00:00,0.68184,0.68215,0.6817,0.68194,0,0
2015-05-27,02:00:00,0.68195,0.68242,0.68181,0.68242,0,0
2015-05-27,03:00:00,0.68242,0.68243,0.68198,0.6822,0,0
2015-05-27,04:00:00,0.68219,0.68241,0.68184,0.68221,0,0
2015-05-27,05:00:00,0.68218,0.68271,0.68206,0.68257,0,0
2015-05-27,06:00:00,0.68256,0.68277,0.68235,0.68266,0,0
2015-05-27,07:00:00,0.68266,0.68292,0.68243,0.68243,0,0
2015-05-27,08:00:00,0.68251,0.68325,0.68239,0.68246,0,0
2015-05-27,09:00:00,0.68239,0.68497,0.68223,0.68494,0,0
2015-05-27,10:00:00,0.68489,0.68496,0.6836,0.68417,0,0
2015-05-27,11:00:00,0.68417,0.68529,0.68381,0.68498,0,0
2015-05-27,12:00:00,0.68495,0.68559,0.6847,0.68491,0,0
2015-05-27,13:00:00,0.68488,0.68492,0.68392,0.68453,0,0
2015-05-27,14:00:00,0.68464,0.6852,0.68331,0.6839,0,0
2015-05-27,15:00:00,0.68387,0.68504,0.68344,0.68362,0,0
2015-05-27,16:00:00,0.68366,0.68532,0.68353,0.68494,0,0
2015-05-27,17:00:00,0.6849,0.68644,0.68465,0.68578,0,0
2015-05-27,18:00:00,0.68571,0.68768,0.68532,0.68636,0,0
2015-05-27,19:00:00,0.68637,0.68659,0.68563,0.68645,0,0
2015-05-27,20:00:00,0.68645,0.68704,0.68604,0.68627,0,0
2015-05-27,21:00:00,0.68627,0.68627,0.68492,0.68529,0,0
2015-05-27,22:00:00,0.68533,0.68579,0.68499,0.68551,0,0
2015-05-27,23:00:00,0.68555,0.686,0.68529,0.686,0,0
2015-05-27,23:59:00,0.68585,0.68612,0.68537,0.68544,0,0
2015-05-28,01:00:00,0.68539,0.68606,0.6853,0.6859,0,0
2015-05-28,02:00:00,0.6859,0.68601,0.68575,0.68589,0,0
2015-05-28,03:00:00,0.68589,0.68664,0.6858,0.68639,0,0
2015-05-28,04:00:00,0.68642,0.68673,0.68583,0.68605,0,0
2015-05-28,05:00:00,0.68603,0.68662,0.68587,0.68614,0,0
2015-05-28,06:00:00,0.68619,0.68704,0.68604,0.68656,0,0
2015-05-28,07:00:00,0.68656,0.68706,0.68647,0.68695,0,0
2015-05-28,08:00:00,0.68694,0.68703,0.68626,0.68658,0,0
2015-05-28,09:00:00,0.68658,0.68771,0.68597,0.6876,0,0
2015-05-28,10:00:00,0.68759,0.68849,0.68721,0.68825,0,0
2015-05-28,11:00:00,0.68826,0.68963,0.68652,0.68932,0,0
2015-05-28,12:00:00,0.68926,0.69004,0.68881,0.69002,0,0
2015-05-28,13:00:00,0.69002,0.6914,0.68987,0.691,0,0
2015-05-28,14:00:00,0.69095,0.69161,0.68898,0.68922,0,0
2015-05-28,15:00:00,0.68911,0.68989,0.68819,0.68945,0,0
2015-05-28,16:00:00,0.68943,0.68946,0.68876,0.68917,0,0
2015-05-28,17:00:00,0.68915,0.69162,0.68878,0.69157,0,0
2015-05-28,18:00:00,0.69154,0.69222,0.6913,0.69141,0,0
2015-05-28,19:00:00,0.69148,0.69221,0.69103,0.69184,0,0
2015-05-28,20:00:00,0.69187,0.69292,0.69177,0.69225,0,0
2015-05-28,21:00:00,0.69228,0.69256,0.69199,0.69231,0,0
2015-05-28,22:00:00,0.69236,0.69244,0.6918,0.69195,0,0
2015-05-28,23:00:00,0.69188,0.69233,0.69157,0.69181,0,0
2015-05-28,23:59:00,0.69177,0.69284,0.6907,0.69202,0,0
2015-05-29,01:00:00,0.6921,0.69271,0.6919,0.69252,0,0
2015-05-29,02:00:00,0.69251,0.69256,0.69207,0.69217,0,0
2015-05-29,03:00:00,0.69217,0.69248,0.69192,0.69242,0,0
2015-05-29,04:00:00,0.69243,0.69261,0.69152,0.69186,0,0
2015-05-29,05:00:00,0.69185,0.69193,0.69153,0.6918,0,0
2015-05-29,06:00:00,0.6918,0.69246,0.69178,0.69246,0,0
2015-05-29,07:00:00,0.69242,0.69292,0.69222,0.69259,0,0
2015-05-29,08:00:00,0.69256,0.6926,0.69129,0.69141,0,0
2015-05-29,09:00:00,0.69134,0.69166,0.68998,0.69007,0,0
2015-05-29,10:00:00,0.69004,0.69235,0.68982,0.69209,0,0
2015-05-29,11:00:00,0.6921,0.69344,0.69178,0.69309,0,0
2015-05-29,12:00:00,0.69288,0.69525,0.69237,0.69514,0,0
2015-05-29,13:00:00,0.69512,0.69657,0.69494,0.69636,0,0
2015-05-29,14:00:00,0.69651,0.69696,0.6949,0.6961,0,0
2015-05-29,15:00:00,0.69611,0.69703,0.69519,0.69604,0,0
2015-05-29,16:00:00,0.69604,0.69921,0.69554,0.69865,0,0
2015-05-29,17:00:00,0.69833,0.69864,0.69456,0.69456,0,0
2015-05-29,18:00:00,0.69434,0.69576,0.69356,0.69563,0,0
2015-05-29,19:00:00,0.69559,0.69658,0.69509,0.6951,0,0
2015-05-29,20:00:00,0.6951,0.69607,0.69503,0.69559,0,0
2015-05-29,21:00:00,0.69561,0.69613,0.69556,0.69577,0,0
2015-05-29,22:00:00,0.69573,0.69637,0.69555,0.69608,0,0
2015-05-29,23:00:00,0.69602,0.69602,0.6958,0.6958,0,0
2015-06-01,01:00:00,0.69588,0.69601,0.69519,0.69524,0,0
2015-06-01,02:00:00,0.69525,0.69562,0.69472,0.69487,0,0
2015-06-01,03:00:00,0.69483,0.6951,0.69419,0.69485,0,0
2015-06-01,04:00:00,0.69485,0.69495,0.69408,0.6941,0,0
2015-06-01,05:00:00,0.69413,0.6943,0.69363,0.69364,0,0
2015-06-01,06:00:00,0.69367,0.69419,0.69344,0.6941,0,0
2015-06-01,07:00:00,0.6941,0.69415,0.69368,0.6938,0,0
2015-06-01,08:00:00,0.6938,0.69381,0.69287,0.69317,0,0
2015-06-01,09:00:00,0.69318,0.69331,0.69166,0.69278,0,0
2015-06-01,10:00:00,0.69281,0.69298,0.69106,0.69243,0,0
2015-06-01,11:00:00,0.69246,0.69367,0.69212,0.69347,0,0
2015-06-01,12:00:00,0.69347,0.69504,0.69297,0.69439,0,0
2015-06-01,13:00:00,0.6943,0.69592,0.69403,0.6957,0,0
2015-06-01,14:00:00,0.69564,0.69573,0.69428,0.69566,0,0
2015-06-01,15:00:00,0.69563,0.69685,0.69497,0.69526,0,0
2015-06-01,16:00:00,0.69536,0.69648,0.69514,0.69593,0,0
2015-06-01,17:00:00,0.69588,0.69674,0.69477,0.69481,0,0
2015-06-01,18:00:00,0.69496,0.69596,0.69464,0.6954,0,0
2015-06-01,19:00:00,0.69541,0.69597,0.69478,0.6955,0,0
2015-06-01,20:00:00,0.69557,0.69616,0.69519,0.69553,0,0
2015-06-01,21:00:00,0.69556,0.69579,0.69504,0.69549,0,0
2015-06-01,22:00:00,0.69557,0.69581,0.69529,0.69544,0,0
2015-06-01,23:00:00,0.69545,0.69579,0.69522,0.69545,0,0
2015-06-01,23:59:00,0.69545,0.69626,0.69464,0.69554,0,0
2015-06-02,01:00:00,0.69555,0.6957,0.69529,0.69554,0,0
2015-06-02,02:00:00,0.69553,0.69563,0.69528,0.6955,0,0
2015-06-02,03:00:00,0.69553,0.69599,0.69544,0.69588,0,0
2015-06-02,04:00:00,0.6959,0.69607,0.69573,0.69591,0,0
2015-06-02,05:00:00,0.69591,0.69599,0.69565,0.69585,0,0
2015-06-02,06:00:00,0.69586,0.69624,0.69577,0.69622,0,0
2015-06-02,07:00:00,0.69622,0.69652,0.69618,0.6963,0,0
2015-06-02,08:00:00,0.6963,0.69643,0.69557,0.69568,0,0
2015-06-02,09:00:00,0.69567,0.69776,0.69522,0.6977,0,0
2015-06-02,10:00:00,0.69766,0.69878,0.69723,0.69773,0,0
2015-06-02,11:00:00,0.69757,0.69792,0.69612,0.69697,0,0
2015-06-02,12:00:00,0.69699,0.69804,0.69616,0.69621,0,0
2015-06-02,13:00:00,0.69611,0.69825,0.6957,0.69781,0,0
2015-06-02,14:00:00,0.69781,0.69893,0.69723,0.69757,0,0
2015-06-02,15:00:00,0.69759,0.69819,0.69647,0.69803,0,0
2015-06-02,16:00:00,0.69803,0.70094,0.69759,0.69934,0,0
2015-06-02,17:00:00,0.69933,0.69993,0.69801,0.69835,0,0
2015-06-02,18:00:00,0.69838,0.69932,0.69794,0.69804,0,0
2015-06-02,19:00:00,0.69802,0.69862,0.69743,0.69842,0,0
2015-06-02,20:00:00,0.69802,0.69866,0.6978,0.69856,0,0
2015-06-02,21:00:00,0.69856,0.69902,0.69845,0.69901,0,0
2015-06-02,22:00:00,0.69908,0.69908,0.69837,0.69856,0,0
2015-06-02,23:00:00,0.69856,0.69875,0.69831,0.69846,0,0
2015-06-02,23:59:00,0.69847,0.69865,0.6982,0.69845,0,0
2015-06-03,01:00:00,0.6984,0.69871,0.69835,0.69836,0,0
2015-06-03,02:00:00,0.69836,0.69861,0.69832,0.6985,0,0
2015-06-03,03:00:00,0.69848,0.69851,0.698,0.69826,0,0
2015-06-03,04:00:00,0.69827,0.69863,0.69766,0.69769,0,0
2015-06-03,05:00:00,0.6977,0.69872,0.69768,0.69864,0,0
2015-06-03,06:00:00,0.69862,0.69862,0.69801,0.69805,0,0
2015-06-03,07:00:00,0.69795,0.69835,0.69795,0.69824,0,0
2015-06-03,08:00:00,0.69825,0.69889,0.6976,0.6976,0,0
2015-06-03,09:00:00,0.69752,0.6993,0.69723,0.69839,0,0
2015-06-03,10:00:00,0.69835,0.69835,0.6966,0.69705,0,0
2015-06-03,11:00:00,0.69706,0.70147,0.69706,0.69991,0,0
2015-06-03,12:00:00,0.70006,0.70052,0.69928,0.69997,0,0
2015-06-03,13:00:00,0.69986,0.7,0.69826,0.69879,0,0
2015-06-03,14:00:00,0.69871,0.69918,0.69733,0.69749,0,0
2015-06-03,15:00:00,0.69749,0.69813,0.69509,0.69664,0,0
2015-06-03,16:00:00,0.69667,0.7003,0.69658,0.70011,0,0
2015-06-03,17:00:00,0.70017,0.70054,0.69726,0.69757,0,0
2015-06-03,18:00:00,0.69757,0.69812,0.69715,0.69765,0,0
2015-06-03,19:00:00,0.69778,0.6984,0.69759,0.69804,0,0
2015-06-03,20:00:00,0.69805,0.69838,0.6974,0.69761,0,0
2015-06-03,21:00:00,0.69766,0.69824,0.69765,0.69786,0,0
2015-06-03,22:00:00,0.69783,0.6982,0.69749,0.69799,0,0
2015-06-03,23:00:00,0.69804,0.6986,0.6977,0.69806,0,0
2015-06-03,23:59:00,0.69797,0.6987,0.69787,0.69826,0,0
2015-06-04,01:00:00,0.69826,0.69865,0.69811,0.69865,0,0
2015-06-04,02:00:00,0.69862,0.69865,0.69795,0.69812,0,0
2015-06-04,03:00:00,0.69814,0.69848,0.69805,0.69826,0,0
2015-06-04,04:00:00,0.69826,0.69863,0.69797,0.69814,0,0
2015-06-04,05:00:00,0.69816,0.69833,0.69778,0.69812,0,0
2015-06-04,06:00:00,0.69816,0.6984,0.69799,0.69818,0,0
2015-06-04,07:00:00,0.69821,0.6986,0.69813,0.69836,0,0
2015-06-04,08:00:00,0.69837,0.69864,0.6983,0.69841,0,0
2015-06-04,09:00:00,0.69841,0.69936,0.69767,0.69775,0,0
2015-06-04,10:00:00,0.6978,0.69787,0.69628,0.69699,0,0
2015-06-04,11:00:00,0.69699,0.69944,0.69697,0.69826,0,0
2015-06-04,12:00:00,0.69842,0.6991,0.69643,0.69705,0,0
2015-06-04,13:00:00,0.69694,0.6979,0.69646,0.69711,0,0
2015-06-04,14:00:00,0.6971,0.69811,0.69685,0.69745,0,0
2015-06-04,15:00:00,0.69747,0.69751,0.69607,0.69658,0,0
2015-06-04,16:00:00,0.69655,0.69756,0.69585,0.6965,0,0
2015-06-04,17:00:00,0.6965,0.6974,0.69581,0.69678,0,0
2015-06-04,18:00:00,0.69674,0.69724,0.69609,0.69649,0,0
2015-06-04,19:00:00,0.69654,0.6975,0.69619,0.69684,0,0
2015-06-04,20:00:00,0.69683,0.6974,0.69615,0.69684,0,0
2015-06-04,21:00:00,0.69686,0.69761,0.69677,0.69754,0,0
2015-06-04,22:00:00,0.6974,0.69787,0.69732,0.69753,0,0
2015-06-04,23:00:00,0.69754,0.69765,0.697,0.69703,0,0
2015-06-04,23:59:00,0.697,0.69774,0.697,0.6971,0,0
2015-06-05,01:00:00,0.69716,0.69734,0.69646,0.69654,0,0
2015-06-05,02:00:00,0.69653,0.69678,0.69561,0.69636,0,0
2015-06-05,03:00:00,0.69635,0.69638,0.69575,0.6961,0,0
2015-06-05,04:00:00,0.69609,0.69642,0.69578,0.69637,0,0
2015-06-05,05:00:00,0.69635,0.69654,0.69626,0.69647,0,0
2015-06-05,06:00:00,0.69646,0.69649,0.69614,0.69648,0,0
2015-06-05,07:00:00,0.69648,0.69718,0.69638,0.69702,0,0
2015-06-05,08:00:00,0.69702,0.69753,0.6969,0.69753,0,0
2015-06-05,09:00:00,0.69754,0.69931,0.69753,0.69931,0,0
2015-06-05,10:00:00,0.69932,0.70153,0.69906,0.70091,0,0
2015-06-05,11:00:00,0.70091,0.70108,0.69988,0.70065,0,0
2015-06-05,12:00:00,0.70065,0.70074,0.69984,0.70053,0,0
2015-06-05,13:00:00,0.70057,0.70062,0.69877,0.69949,0,0
2015-06-05,14:00:00,0.69948,0.7003,0.69875,0.69915,0,0
2015-06-05,15:00:00,0.6991,0.69983,0.69395,0.69395,0,0
2015-06-05,16:00:00,0.69398,0.69465,0.6923,0.693,0,0
2015-06-05,17:00:00,0.69288,0.6944,0.69266,0.69281,0,0
2015-06-05,18:00:00,0.6928,0.69483,0.69228,0.69423,0,0
2015-06-05,19:00:00,0.69416,0.69641,0.69403,0.6964,0,0
2015-06-05,20:00:00,0.69652,0.69734,0.69558,0.69638,0,0
2015-06-05,21:00:00,0.69644,0.6976,0.69612,0.69683,0,0
2015-06-05,22:00:00,0.69689,0.69716,0.69646,0.69678,0,0
2015-06-05,23:00:00,0.69667,0.69667,0.69644,0.69644,0,0
2015-06-08,01:00:00,0.69623,0.69674,0.69623,0.69644,0,0
2015-06-08,02:00:00,0.69642,0.69683,0.69634,0.69646,0,0
2015-06-08,03:00:00,0.69646,0.69675,0.69593,0.696,0,0
2015-06-08,04:00:00,0.69597,0.69616,0.69577,0.69604,0,0
2015-06-08,05:00:00,0.69603,0.69604,0.69545,0.69576,0,0
2015-06-08,06:00:00,0.69576,0.696,0.69571,0.69596,0,0
2015-06-08,07:00:00,0.69596,0.69609,0.69567,0.69587,0,0
2015-06-08,08:00:00,0.69587,0.69611,0.69552,0.69588,0,0
2015-06-08,09:00:00,0.69595,0.69739,0.69495,0.69582,0,0
2015-06-08,10:00:00,0.6958,0.69869,0.6958,0.69824,0,0
2015-06-08,11:00:00,0.69826,0.69894,0.69688,0.69839,0,0
2015-06-08,12:00:00,0.69841,0.699,0.69803,0.69824,0,0
2015-06-08,13:00:00,0.69822,0.69855,0.69777,0.69813,0,0
2015-06-08,14:00:00,0.69811,0.69907,0.69811,0.69895,0,0
2015-06-08,15:00:00,0.69894,0.69967,0.69843,0.6986,0,0
2015-06-08,16:00:00,0.69858,0.69886,0.69761,0.69818,0,0
2015-06-08,17:00:00,0.69827,0.69999,0.69806,0.69903,0,0
2015-06-08,18:00:00,0.69905,0.70219,0.69873,0.70124,0,0
2015-06-08,19:00:00,0.70122,0.70156,0.70072,0.70087,0,0
2015-06-08,20:00:00,0.70056,0.70245,0.70042,0.70217,0,0
2015-06-08,21:00:00,0.70218,0.70248,0.70152,0.70184,0,0
2015-06-08,22:00:00,0.70184,0.70212,0.70137,0.70182,0,0
2015-06-08,23:00:00,0.70179,0.70347,0.70157,0.70251,0,0
2015-06-08,23:59:00,0.70242,0.70271,0.70206,0.70255,0,0
2015-06-09,01:00:00,0.70257,0.70298,0.70244,0.70283,0,0
2015-06-09,02:00:00,0.70283,0.70293,0.70248,0.70276,0,0
2015-06-09,03:00:00,0.70273,0.70299,0.70248,0.70268,0,0
2015-06-09,04:00:00,0.70268,0.70365,0.70255,0.7028,0,0
2015-06-09,05:00:00,0.70311,0.70311,0.70275,0.70288,0,0
2015-06-09,06:00:00,0.70289,0.70304,0.70273,0.70302,0,0
2015-06-09,07:00:00,0.703,0.70345,0.70274,0.7031,0,0
2015-06-09,08:00:00,0.70311,0.70332,0.70283,0.70295,0,0
2015-06-09,09:00:00,0.70297,0.70367,0.70149,0.70284,0,0
2015-06-09,10:00:00,0.70282,0.70631,0.70234,0.70606,0,0
2015-06-09,11:00:00,0.70595,0.70715,0.7049,0.70525,0,0
2015-06-09,12:00:00,0.70525,0.70578,0.70419,0.70431,0,0
2015-06-09,13:00:00,0.70431,0.705,0.7037,0.70496,0,0
2015-06-09,14:00:00,0.70505,0.70553,0.70168,0.702,0,0
2015-06-09,15:00:00,0.70195,0.70298,0.70067,0.70136,0,0
2015-06-09,16:00:00,0.70136,0.70255,0.70136,0.70206,0,0
2015-06-09,17:00:00,0.70222,0.70305,0.70053,0.70108,0,0
2015-06-09,18:00:00,0.7011,0.70132,0.69915,0.69926,0,0
2015-06-09,19:00:00,0.69926,0.70004,0.69853,0.69879,0,0
2015-06-09,20:00:00,0.69879,0.69894,0.69805,0.69853,0,0
2015-06-09,21:00:00,0.69852,0.69867,0.69811,0.69847,0,0
2015-06-09,22:00:00,0.69846,0.69863,0.69809,0.69821,0,0
2015-06-09,23:00:00,0.69823,0.69845,0.69808,0.69833,0,0
2015-06-09,23:59:00,0.69833,0.69846,0.69802,0.69824,0,0
2015-06-10,01:00:00,0.69824,0.69825,0.69805,0.6982,0,0
2015-06-10,02:00:00,0.69816,0.6987,0.69809,0.69844,0,0
2015-06-10,03:00:00,0.69843,0.69888,0.69824,0.69868,0,0
2015-06-10,04:00:00,0.69867,0.69889,0.69825,0.69841,0,0
2015-06-10,05:00:00,0.69842,0.69842,0.69774,0.69779,0,0
2015-06-10,06:00:00,0.69778,0.69831,0.69771,0.69802,0,0
2015-06-10,07:00:00,0.69805,0.69834,0.69733,0.69774,0,0
2015-06-10,08:00:00,0.69774,0.69816,0.69696,0.69739,0,0
2015-06-10,09:00:00,0.69738,0.69909,0.69726,0.69903,0,0
2015-06-10,10:00:00,0.69915,0.70067,0.69915,0.6999,0,0
2015-06-10,11:00:00,0.6999,0.70067,0.69861,0.69887,0,0
2015-06-10,12:00:00,0.69887,0.69889,0.69598,0.696,0,0
2015-06-10,13:00:00,0.696,0.69648,0.69505,0.69628,0,0
2015-06-10,14:00:00,0.69633,0.69694,0.69434,0.69455,0,0
2015-06-10,15:00:00,0.69454,0.69514,0.69406,0.69486,0,0
2015-06-10,16:00:00,0.69486,0.69544,0.69431,0.6944,0,0
2015-06-10,17:00:00,0.69431,0.6953,0.69284,0.69293,0,0
2015-06-10,18:00:00,0.69291,0.69406,0.69271,0.69289,0,0
2015-06-10,19:00:00,0.69289,0.69415,0.69206,0.69248,0,0
2015-06-10,20:00:00,0.69248,0.69259,0.69115,0.69173,0,0
2015-06-10,21:00:00,0.69172,0.69194,0.69107,0.69117,0,0
2015-06-10,22:00:00,0.69115,0.69154,0.69094,0.69117,0,0
2015-06-10,23:00:00,0.69132,0.6915,0.69107,0.69125,0,0
2015-06-10,23:59:00,0.69138,0.6921,0.69109,0.69178,0,0
2015-06-11,01:00:00,0.6916,0.6919,0.69129,0.69184,0,0
2015-06-11,02:00:00,0.69184,0.69226,0.69175,0.69209,0,0
2015-06-11,03:00:00,0.69204,0.69234,0.69193,0.69207,0,0
2015-06-11,04:00:00,0.69208,0.69258,0.69135,0.69141,0,0
2015-06-11,05:00:00,0.69145,0.6919,0.69131,0.69174,0,0
2015-06-11,06:00:00,0.69173,0.69204,0.69152,0.69164,0,0
2015-06-11,07:00:00,0.69165,0.69204,0.69127,0.69184,0,0
2015-06-11,08:00:00,0.69184,0.69306,0.69172,0.69298,0,0
2015-06-11,09:00:00,0.69303,0.69484,0.6927,0.69406,0,0
2015-06-11,10:00:00,0.69408,0.69498,0.69305,0.6936,0,0
2015-06-11,11:00:00,0.6935,0.69365,0.69005,0.69111,0,0
2015-06-11,12:00:00,0.6912,0.6917,0.68991,0.69112,0,0
2015-06-11,13:00:00,0.69108,0.69213,0.6907,0.69205,0,0
2015-06-11,14:00:00,0.69211,0.69211,0.69088,0.69106,0,0
2015-06-11,15:00:00,0.69105,0.69164,0.68881,0.69034,0,0
2015-06-11,16:00:00,0.69027,0.69072,0.68942,0.6897,0,0
2015-06-11,17:00:00,0.68967,0.69019,0.68768,0.6895,0,0
2015-06-11,18:00:00,0.68944,0.69009,0.68879,0.68916,0,0
2015-06-11,19:00:00,0.68916,0.68961,0.68864,0.68929,0,0
2015-06-11,20:00:00,0.68929,0.6893,0.68867,0.68895,0,0
2015-06-11,21:00:00,0.68891,0.68986,0.68887,0.68981,0,0
2015-06-11,22:00:00,0.68983,0.69062,0.68964,0.69014,0,0
2015-06-11,23:00:00,0.6901,0.69062,0.68981,0.69056,0,0
2015-06-11,23:59:00,0.69061,0.69112,0.69009,0.6903,0,0
2015-06-12,01:00:00,0.69027,0.69051,0.69003,0.69033,0,0
2015-06-12,02:00:00,0.69036,0.69051,0.6901,0.6901,0,0
2015-06-12,03:00:00,0.69011,0.69045,0.69002,0.69035,0,0
2015-06-12,04:00:00,0.69036,0.69052,0.68996,0.69052,0,0
2015-06-12,05:00:00,0.69052,0.69077,0.69031,0.69048,0,0
2015-06-12,06:00:00,0.69048,0.69077,0.69035,0.69047,0,0
2015-06-12,07:00:00,0.69049,0.69099,0.69012,0.69014,0,0
2015-06-12,08:00:00,0.69014,0.69061,0.69013,0.69051,0,0
2015-06-12,09:00:00,0.69053,0.69106,0.69015,0.69019,0,0
2015-06-12,10:00:00,0.69019,0.69127,0.69001,0.69028,0,0
2015-06-12,11:00:00,0.69028,0.69088,0.68818,0.68918,0,0
2015-06-12,12:00:00,0.68921,0.69073,0.68842,0.69036,0,0
2015-06-12,13:00:00,0.69039,0.69062,0.68969,0.68995,0,0
2015-06-12,14:00:00,0.68996,0.69176,0.68995,0.69169,0,0
2015-06-12,15:00:00,0.69166,0.69369,0.69133,0.69355,0,0
2015-06-12,16:00:00,0.69356,0.6952,0.69348,0.69375,0,0
2015-06-12,17:00:00,0.69374,0.69406,0.69265,0.69316,0,0
2015-06-12,18:00:00,0.69318,0.69369,0.69224,0.6927,0,0
2015-06-12,19:00:00,0.6927,0.69444,0.69227,0.6939,0,0
2015-06-12,20:00:00,0.69394,0.69401,0.69304,0.69309,0,0
2015-06-12,21:00:00,0.69307,0.69313,0.69244,0.69266,0,0
2015-06-12,22:00:00,0.69268,0.69269,0.69142,0.69147,0,0
2015-06-12,23:00:00,0.69152,0.69158,0.69149,0.69158,0,0
2015-06-15,01:00:00,0.69136,0.69166,0.69112,0.69135,0,0
2015-06-15,02:00:00,0.69137,0.69169,0.69104,0.6911,0,0
2015-06-15,03:00:00,0.69109,0.69113,0.68933,0.69037,0,0
2015-06-15,04:00:00,0.69039,0.69049,0.68903,0.68904,0,0
2015-06-15,05:00:00,0.68915,0.69019,0.68897,0.69013,0,0
2015-06-15,06:00:00,0.69013,0.6905,0.69008,0.69039,0,0
2015-06-15,07:00:00,0.69039,0.69073,0.69034,0.69067,0,0
2015-06-15,08:00:00,0.69073,0.6908,0.69001,0.69002,0,0
2015-06-15,09:00:00,0.69,0.69154,0.68936,0.69149,0,0
2015-06-15,10:00:00,0.69143,0.69171,0.69065,0.69146,0,0
2015-06-15,11:00:00,0.69142,0.69282,0.69122,0.69228,0,0
2015-06-15,12:00:00,0.69213,0.69324,0.69178,0.692,0,0
2015-06-15,13:00:00,0.69202,0.69315,0.69124,0.69135,0,0
2015-06-15,14:00:00,0.69139,0.69147,0.68888,0.68893,0,0
2015-06-15,15:00:00,0.68895,0.68899,0.68756,0.68769,0,0
2015-06-15,16:00:00,0.68769,0.68847,0.68648,0.68833,0,0
2015-06-15,17:00:00,0.68834,0.6888,0.68733,0.68805,0,0
2015-06-15,18:00:00,0.68797,0.68801,0.68642,0.68664,0,0
2015-06-15,19:00:00,0.68677,0.68754,0.68628,0.68733,0,0
2015-06-15,20:00:00,0.6873,0.68783,0.68626,0.68783,0,0
2015-06-15,21:00:00,0.6877,0.68854,0.68762,0.68807,0,0
2015-06-15,22:00:00,0.68812,0.69056,0.68812,0.69002,0,0
2015-06-15,23:00:00,0.68997,0.6902,0.68946,0.68965,0,0
2015-06-15,23:59:00,0.68954,0.68983,0.68918,0.68941,0,0
2015-06-16,01:00:00,0.68942,0.68966,0.68924,0.68934,0,0
2015-06-16,02:00:00,0.68934,0.68957,0.68925,0.68937,0,0
2015-06-16,03:00:00,0.68938,0.68953,0.68864,0.68902,0,0
2015-06-16,04:00:00,0.68891,0.68901,0.68802,0.68833,0,0
2015-06-16,05:00:00,0.68831,0.68887,0.68817,0.68865,0,0
2015-06-16,06:00:00,0.68864,0.68911,0.6886,0.68897,0,0
2015-06-16,07:00:00,0.68897,0.68909,0.68875,0.68892,0,0
2015-06-16,08:00:00,0.68891,0.6893,0.68855,0.68913,0,0
2015-06-16,09:00:00,0.68915,0.69059,0.68879,0.68988,0,0
2015-06-16,10:00:00,0.68991,0.69035,0.68933,0.68954,0,0
2015-06-16,11:00:00,0.68947,0.69103,0.6888,0.6906,0,0
2015-06-16,12:00:00,0.69062,0.69066,0.68871,0.68923,0,0
2015-06-16,13:00:00,0.68924,0.68938,0.6885,0.6887,0,0
2015-06-16,14:00:00,0.68879,0.6888,0.68634,0.68645,0,0
2015-06-16,15:00:00,0.68643,0.68692,0.68564,0.68691,0,0
2015-06-16,16:00:00,0.68687,0.6874,0.68602,0.68687,0,0
2015-06-16,17:00:00,0.68689,0.68723,0.68601,0.68719,0,0
2015-06-16,18:00:00,0.68729,0.68744,0.6857,0.6857,0,0
2015-06-16,19:00:00,0.68571,0.68592,0.6852,0.68551,0,0
2015-06-16,20:00:00,0.68556,0.68578,0.68495,0.68573,0,0
2015-06-16,21:00:00,0.68572,0.68596,0.6851,0.68539,0,0
2015-06-16,22:00:00,0.68538,0.68576,0.68527,0.68551,0,0
2015-06-16,23:00:00,0.68549,0.68582,0.68526,0.68544,0,0
2015-06-16,23:59:00,0.68551,0.68562,0.6853,0.6854,0,0
2015-06-17,01:00:00,0.6854,0.68585,0.68526,0.68584,0,0
2015-06-17,02:00:00,0.68583,0.68625,0.68569,0.68617,0,0
2015-06-17,03:00:00,0.68618,0.68629,0.68585,0.68621,0,0
2015-06-17,04:00:00,0.68621,0.68694,0.68616,0.68686,0,0
2015-06-17,05:00:00,0.68684,0.68687,0.68653,0.68672,0,0
2015-06-17,06:00:00,0.68672,0.687,0.68659,0.68677,0,0
2015-06-17,07:00:00,0.68677,0.68696,0.6866,0.6867,0,0
2015-06-17,08:00:00,0.68672,0.68696,0.68648,0.68665,0,0
2015-06-17,09:00:00,0.68666,0.68809,0.68627,0.68735,0,0
2015-06-17,10:00:00,0.68734,0.69245,0.68734,0.69102,0,0
2015-06-17,11:00:00,0.69088,0.69121,0.68649,0.68664,0,0
2015-06-17,12:00:00,0.68664,0.6867,0.68458,0.68462,0,0
2015-06-17,13:00:00,0.68463,0.68484,0.68366,0.68377,0,0
2015-06-17,14:00:00,0.68382,0.68552,0.68359,0.68543,0,0
2015-06-17,15:00:00,0.6854,0.68614,0.68507,0.6851,0,0
2015-06-17,16:00:00,0.68511,0.68628,0.68503,0.68579,0,0
2015-06-17,17:00:00,0.68577,0.68597,0.68409,0.68454,0,0
2015-06-17,18:00:00,0.68463,0.68694,0.68428,0.6865,0,0
2015-06-17,19:00:00,0.6866,0.687,0.68615,0.6867,0,0
2015-06-17,20:00:00,0.68671,0.68696,0.68588,0.68641,0,0
2015-06-17,21:00:00,0.68671,0.6874,0.68438,0.68515,0,0
2015-06-17,22:00:00,0.68508,0.68615,0.68486,0.68509,0,0
2015-06-17,23:00:00,0.68493,0.68574,0.68463,0.68503,0,0
2015-06-17,23:59:00,0.68522,0.6854,0.68467,0.68493,0,0
2015-06-18,01:00:00,0.68495,0.68519,0.68469,0.68512,0,0
2015-06-18,02:00:00,0.68512,0.6853,0.68438,0.68499,0,0
2015-06-18,03:00:00,0.68501,0.68624,0.68501,0.68611,0,0
2015-06-18,04:00:00,0.68609,0.68615,0.68528,0.68558,0,0
2015-06-18,05:00:00,0.68558,0.68585,0.68553,0.68558,0,0
2015-06-18,06:00:00,0.68562,0.68601,0.68558,0.68598,0,0
2015-06-18,07:00:00,0.68597,0.68652,0.68588,0.68645,0,0
2015-06-18,08:00:00,0.6864,0.68685,0.68605,0.68672,0,0
2015-06-18,09:00:00,0.68672,0.68708,0.68557,0.68611,0,0
2015-06-18,10:00:00,0.68614,0.68615,0.68409,0.68462,0,0
2015-06-18,11:00:00,0.68479,0.68674,0.68448,0.68565,0,0
2015-06-18,12:00:00,0.6855,0.68608,0.68422,0.68606,0,0
2015-06-18,13:00:00,0.68604,0.68611,0.68459,0.68588,0,0
2015-06-18,14:00:00,0.686,0.68649,0.68447,0.68514,0,0
2015-06-18,15:00:00,0.68519,0.68634,0.68427,0.68574,0,0
2015-06-18,16:00:00,0.68583,0.687,0.68579,0.6859,0,0
2015-06-18,17:00:00,0.6859,0.68629,0.68508,0.68555,0,0
2015-06-18,18:00:00,0.6855,0.68636,0.68421,0.68466,0,0
2015-06-18,19:00:00,0.68462,0.68466,0.68228,0.68262,0,0
2015-06-18,20:00:00,0.68256,0.68356,0.68239,0.68329,0,0
2015-06-18,21:00:00,0.68327,0.68379,0.68272,0.68337,0,0
2015-06-18,22:00:00,0.68333,0.68345,0.68288,0.68336,0,0
2015-06-18,23:00:00,0.68339,0.68358,0.68309,0.6832,0,0
2015-06-18,23:59:00,0.68348,0.68378,0.68322,0.68334,0,0
2015-06-19,01:00:00,0.68337,0.68397,0.68322,0.6839,0,0
2015-06-19,02:00:00,0.6839,0.6839,0.68338,0.68346,0,0
2015-06-19,03:00:00,0.68346,0.68382,0.68329,0.68344,0,0
2015-06-19,04:00:00,0.68342,0.68361,0.68323,0.6834,0,0
2015-06-19,05:00:00,0.68334,0.6835,0.68315,0.68315,0,0
2015-06-19,06:00:00,0.68319,0.68344,0.6831,0.68336,0,0
2015-06-19,07:00:00,0.68336,0.68348,0.68292,0.68331,0,0
2015-06-19,08:00:00,0.68328,0.68353,0.68305,0.68351,0,0
2015-06-19,09:00:00,0.68348,0.68357,0.68254,0.68308,0,0
2015-06-19,10:00:00,0.6831,0.6834,0.68194,0.68286,0,0
2015-06-19,11:00:00,0.68295,0.68362,0.68251,0.68355,0,0
2015-06-19,12:00:00,0.68353,0.68419,0.68302,0.68313,0,0
2015-06-19,13:00:00,0.68316,0.6838,0.68231,0.6838,0,0
2015-06-19,14:00:00,0.68373,0.68403,0.68252,0.68265,0,0
2015-06-19,15:00:00,0.68269,0.68305,0.68201,0.68246,0,0
2015-06-19,16:00:00,0.68243,0.68288,0.68135,0.6823,0,0
2015-06-19,17:00:00,0.68228,0.68301,0.68187,0.68265,0,0
2015-06-19,18:00:00,0.68262,0.68427,0.68249,0.68396,0,0
2015-06-19,19:00:00,0.68399,0.68546,0.68397,0.68426,0,0
2015-06-19,20:00:00,0.6844,0.68602,0.6842,0.68602,0,0
2015-06-19,21:00:00,0.68602,0.68697,0.68602,0.68646,0,0
2015-06-19,22:00:00,0.68648,0.68718,0.68633,0.68691,0,0
2015-06-19,23:00:00,0.68692,0.68692,0.68678,0.68678,0,0
2015-06-22,01:00:00,0.68682,0.68695,0.68613,0.68626,0,0
2015-06-22,02:00:00,0.68627,0.68642,0.68589,0.68589,0,0
2015-06-22,03:00:00,0.68587,0.68649,0.68583,0.68626,0,0
2015-06-22,04:00:00,0.68629,0.68688,0.68622,0.68638,0,0
2015-06-22,05:00:00,0.6864,0.68666,0.68582,0.68596,0,0
2015-06-22,06:00:00,0.68595,0.68615,0.68572,0.68586,0,0
2015-06-22,07:00:00,0.68586,0.68611,0.68575,0.68584,0,0
2015-06-22,08:00:00,0.68584,0.68591,0.68505,0.68532,0,0
2015-06-22,09:00:00,0.6853,0.68626,0.68486,0.68518,0,0
2015-06-22,10:00:00,0.68517,0.68628,0.68428,0.68508,0,0
2015-06-22,11:00:00,0.68535,0.68549,0.68389,0.68481,0,0
2015-06-22,12:00:00,0.68483,0.68571,0.68445,0.68537,0,0
2015-06-22,13:00:00,0.6854,0.68684,0.68478,0.68676,0,0
2015-06-22,14:00:00,0.68666,0.68717,0.68528,0.68551,0,0
2015-06-22,15:00:00,0.68545,0.68923,0.68528,0.68765,0,0
2015-06-22,16:00:00,0.68769,0.6885,0.68533,0.68613,0,0
2015-06-22,17:00:00,0.68615,0.68932,0.68505,0.6892,0,0
2015-06-22,18:00:00,0.68919,0.6893,0.68763,0.68779,0,0
2015-06-22,19:00:00,0.68778,0.68778,0.68587,0.68625,0,0
2015-06-22,20:00:00,0.68631,0.68663,0.68584,0.68584,0,0
2015-06-22,21:00:00,0.68585,0.68641,0.68548,0.68553,0,0
2015-06-22,22:00:00,0.68549,0.68589,0.68526,0.68582,0,0
2015-06-22,23:00:00,0.68576,0.68595,0.6854,0.68589,0,0
2015-06-22,23:59:00,0.6857,0.68624,0.68526,0.68577,0,0
2015-06-23,01:00:00,0.68575,0.68591,0.68563,0.68579,0,0
2015-06-23,02:00:00,0.68579,0.68592,0.68544,0.68544,0,0
2015-06-23,03:00:00,0.68542,0.68586,0.68541,0.68548,0,0
2015-06-23,04:00:00,0.68548,0.68702,0.68523,0.68626,0,0
2015-06-23,05:00:00,0.68629,0.68694,0.68346,0.6835,0,0
2015-06-23,06:00:00,0.68354,0.68394,0.68277,0.68327,0,0
2015-06-23,07:00:00,0.68326,0.68405,0.68326,0.68353,0,0
2015-06-23,08:00:00,0.68353,0.68396,0.68309,0.68373,0,0
2015-06-23,09:00:00,0.68374,0.68383,0.6822,0.68268,0,0
2015-06-23,10:00:00,0.68271,0.6835,0.68186,0.68328,0,0
2015-06-23,11:00:00,0.6833,0.68345,0.68141,0.68192,0,0
2015-06-23,12:00:00,0.68174,0.68198,0.67962,0.68037,0,0
2015-06-23,13:00:00,0.68038,0.68063,0.67938,0.6795,0,0
2015-06-23,14:00:00,0.67958,0.67973,0.67879,0.6792,0,0
2015-06-23,15:00:00,0.67914,0.67983,0.6774,0.6774,0,0
2015-06-23,16:00:00,0.67738,0.67856,0.67713,0.67792,0,0
2015-06-23,17:00:00,0.67795,0.68129,0.67791,0.68065,0,0
2015-06-23,18:00:00,0.68065,0.68092,0.67964,0.67996,0,0
2015-06-23,19:00:00,0.67996,0.68071,0.67961,0.68049,0,0
2015-06-23,20:00:00,0.68048,0.68125,0.68048,0.68118,0,0
2015-06-23,21:00:00,0.68118,0.68156,0.6802,0.68028,0,0
2015-06-23,22:00:00,0.68033,0.68084,0.68015,0.6804,0,0
2015-06-23,23:00:00,0.68046,0.6809,0.68032,0.68075,0,0
2015-06-23,23:59:00,0.68063,0.68071,0.68039,0.68055,0,0
2015-06-24,01:00:00,0.68048,0.68075,0.68043,0.68066,0,0
2015-06-24,02:00:00,0.68064,0.68071,0.68051,0.68061,0,0
2015-06-24,03:00:00,0.68063,0.68072,0.68014,0.68029,0,0
2015-06-24,04:00:00,0.68028,0.68094,0.68021,0.68069,0,0
2015-06-24,05:00:00,0.68068,0.681,0.68054,0.68072,0,0
2015-06-24,06:00:00,0.68072,0.68084,0.68053,0.68076,0,0
2015-06-24,07:00:00,0.68076,0.68109,0.68009,0.68019,0,0
2015-06-24,08:00:00,0.68019,0.68076,0.67974,0.68066,0,0
2015-06-24,09:00:00,0.68062,0.68072,0.6794,0.6794,0,0
2015-06-24,10:00:00,0.67944,0.68185,0.67902,0.68185,0,0
2015-06-24,11:00:00,0.68189,0.68189,0.68024,0.68051,0,0
2015-06-24,12:00:00,0.68043,0.68098,0.67958,0.68076,0,0
2015-06-24,13:00:00,0.68077,0.68106,0.68005,0.68102,0,0
2015-06-24,14:00:00,0.68105,0.68118,0.68043,0.68114,0,0
2015-06-24,15:00:00,0.68124,0.68198,0.67989,0.67989,0,0
2015-06-24,16:00:00,0.67991,0.68029,0.67927,0.68011,0,0
2015-06-24,17:00:00,0.68024,0.68078,0.67998,0.68041,0,0
2015-06-24,18:00:00,0.68026,0.68164,0.67984,0.68115,0,0
2015-06-24,19:00:00,0.68123,0.68183,0.68083,0.6815,0,0
2015-06-24,20:00:00,0.68153,0.68262,0.68113,0.6821,0,0
2015-06-24,21:00:00,0.68208,0.68259,0.68182,0.68192,0,0
2015-06-24,22:00:00,0.68194,0.68249,0.68177,0.68205,0,0
2015-06-24,23:00:00,0.68202,0.68227,0.68181,0.68192,0,0
2015-06-24,23:59:00,0.68192,0.68216,0.68155,0.68198,0,0
2015-06-25,01:00:00,0.68199,0.68218,0.68156,0.68205,0,0
2015-06-25,02:00:00,0.68205,0.68224,0.68158,0.68198,0,0
2015-06-25,03:00:00,0.68198,0.68237,0.68187,0.68229,0,0
2015-06-25,04:00:00,0.68228,0.68237,0.68188,0.68206,0,0
2015-06-25,05:00:00,0.68207,0.68235,0.68188,0.68225,0,0
2015-06-25,06:00:00,0.68224,0.68266,0.68221,0.68239,0,0
2015-06-25,07:00:00,0.6824,0.68259,0.68213,0.68254,0,0
2015-06-25,08:00:00,0.68254,0.68326,0.68236,0.68309,0,0
2015-06-25,09:00:00,0.68282,0.68333,0.68076,0.681,0,0
2015-06-25,10:00:00,0.68117,0.68185,0.68094,0.68095,0,0
2015-06-25,11:00:00,0.68099,0.68162,0.67953,0.68013,0,0
2015-06-25,12:00:00,0.68014,0.68031,0.67843,0.67898,0,0
2015-06-25,13:00:00,0.67893,0.6791,0.67693,0.67737,0,0
2015-06-25,14:00:00,0.67728,0.67738,0.67592,0.67677,0,0
2015-06-25,15:00:00,0.6766,0.67836,0.67651,0.67678,0,0
2015-06-25,16:00:00,0.67677,0.67923,0.67602,0.67755,0,0
2015-06-25,17:00:00,0.67757,0.67878,0.67739,0.67779,0,0
2015-06-25,18:00:00,0.67779,0.67838,0.67665,0.67817,0,0
2015-06-25,19:00:00,0.67819,0.67927,0.67812,0.67867,0,0
2015-06-25,20:00:00,0.67874,0.67885,0.67787,0.67799,0,0
2015-06-25,21:00:00,0.67799,0.67912,0.67795,0.67876,0,0
2015-06-25,22:00:00,0.6788,0.67887,0.67793,0.67799,0,0
2015-06-25,23:00:00,0.67817,0.67857,0.67798,0.678,0,0
2015-06-25,23:59:00,0.67775,0.6787,0.67773,0.67845,0,0
2015-06-26,01:00:00,0.67848,0.67848,0.67793,0.67805,0,0
2015-06-26,02:00:00,0.67806,0.67819,0.67785,0.67809,0,0
2015-06-26,03:00:00,0.67808,0.67885,0.67808,0.67874,0,0
2015-06-26,04:00:00,0.67872,0.67904,0.67858,0.6788,0,0
2015-06-26,05:00:00,0.67881,0.67884,0.6783,0.6783,0,0
2015-06-26,06:00:00,0.6783,0.67855,0.67813,0.67849,0,0
2015-06-26,07:00:00,0.67849,0.67871,0.67837,0.67867,0,0
2015-06-26,08:00:00,0.67867,0.67882,0.67782,0.67796,0,0
2015-06-26,09:00:00,0.67793,0.67906,0.67775,0.67863,0,0
2015-06-26,10:00:00,0.67862,0.68013,0.67862,0.68001,0,0
2015-06-26,11:00:00,0.67996,0.68067,0.67982,0.68057,0,0
2015-06-26,12:00:00,0.6806,0.68123,0.68009,0.68072,0,0
2015-06-26,13:00:00,0.68069,0.68312,0.68044,0.68218,0,0
2015-06-26,14:00:00,0.6822,0.6825,0.68125,0.68175,0,0
2015-06-26,15:00:00,0.68181,0.68209,0.68031,0.6805,0,0
2015-06-26,16:00:00,0.68052,0.68107,0.67972,0.68089,0,0
2015-06-26,17:00:00,0.68078,0.68183,0.67968,0.67999,0,0
2015-06-26,18:00:00,0.68002,0.68015,0.67903,0.67944,0,0
2015-06-26,19:00:00,0.67944,0.67982,0.67856,0.67947,0,0
2015-06-26,20:00:00,0.67966,0.68065,0.67949,0.67999,0,0
2015-06-26,21:00:00,0.67999,0.68028,0.67865,0.6787,0,0
2015-06-26,22:00:00,0.67876,0.68037,0.67873,0.68003,0,0
2015-06-26,23:00:00,0.6801,0.68032,0.6801,0.68025,0,0
2015-06-29,01:00:00,0.6773,0.67975,0.67684,0.67788,0,0
2015-06-29,02:00:00,0.67787,0.67839,0.67743,0.67767,0,0
2015-06-29,03:00:00,0.67769,0.67968,0.67734,0.67906,0,0
2015-06-29,04:00:00,0.67906,0.67906,0.67785,0.67791,0,0
2015-06-29,05:00:00,0.67793,0.67862,0.6776,0.6777,0,0
2015-06-29,06:00:00,0.67771,0.67835,0.67761,0.678,0,0
2015-06-29,07:00:00,0.67801,0.6784,0.67786,0.67816,0,0
2015-06-29,08:00:00,0.6782,0.67896,0.67748,0.67843,0,0
2015-06-29,09:00:00,0.67846,0.6814,0.67765,0.68077,0,0
2015-06-29,10:00:00,0.68082,0.68122,0.67574,0.67857,0,0
2015-06-29,11:00:00,0.67859,0.67992,0.67812,0.67963,0,0
2015-06-29,12:00:00,0.67962,0.68075,0.67915,0.68035,0,0
2015-06-29,13:00:00,0.68031,0.68271,0.67991,0.68245,0,0
2015-06-29,14:00:00,0.68238,0.68328,0.68157,0.68216,0,0
2015-06-29,15:00:00,0.68216,0.68313,0.6814,0.68148,0,0
2015-06-29,16:00:00,0.68153,0.68308,0.6809,0.68295,0,0
2015-06-29,17:00:00,0.68311,0.68533,0.6831,0.68362,0,0
2015-06-29,18:00:00,0.68365,0.68402,0.68273,0.68363,0,0
2015-06-29,19:00:00,0.68361,0.68671,0.68275,0.68585,0,0
2015-06-29,20:00:00,0.68588,0.68729,0.68528,0.68611,0,0
2015-06-29,21:00:00,0.6861,0.68702,0.68557,0.68648,0,0
2015-06-29,22:00:00,0.68642,0.68691,0.68566,0.68681,0,0
2015-06-29,23:00:00,0.6869,0.6872,0.68626,0.68696,0,0
2015-06-29,23:59:00,0.68687,0.68724,0.68685,0.68718,0,0
2015-06-30,01:00:00,0.6872,0.68738,0.68665,0.68686,0,0
2015-06-30,02:00:00,0.68683,0.68691,0.68651,0.68664,0,0
2015-06-30,03:00:00,0.68664,0.68664,0.686,0.68622,0,0
2015-06-30,04:00:00,0.68624,0.68652,0.68552,0.68554,0,0
2015-06-30,05:00:00,0.6856,0.68605,0.6854,0.68558,0,0
2015-06-30,06:00:00,0.68559,0.6857,0.68423,0.68481,0,0
2015-06-30,07:00:00,0.68356,0.68481,0.68309,0.68313,0,0
2015-06-30,08:00:00,0.68314,0.68389,0.68314,0.68359,0,0
2015-06-30,09:00:00,0.68359,0.68442,0.68263,0.68333,0,0
2015-06-30,10:00:00,0.68326,0.68437,0.68276,0.68348,0,0
2015-06-30,11:00:00,0.68348,0.68353,0.6821,0.68284,0,0
2015-06-30,12:00:00,0.68279,0.68425,0.68264,0.684,0,0
2015-06-30,13:00:00,0.684,0.68511,0.6835,0.68443,0,0
2015-06-30,14:00:00,0.68449,0.6846,0.68347,0.68378,0,0
2015-06-30,15:00:00,0.68366,0.68389,0.68207,0.6822,0,0
2015-06-30,16:00:00,0.68219,0.68268,0.68125,0.68268,0,0
2015-06-30,17:00:00,0.68262,0.68311,0.67964,0.67964,0,0
2015-06-30,18:00:00,0.67964,0.6803,0.67837,0.68023,0,0
2015-06-30,19:00:00,0.68026,0.68074,0.67842,0.67999,0,0
2015-06-30,20:00:00,0.67999,0.68041,0.67929,0.68008,0,0
2015-06-30,21:00:00,0.68008,0.68026,0.67936,0.67961,0,0
2015-06-30,22:00:00,0.67966,0.68073,0.67963,0.68073,0,0
2015-06-30,23:00:00,0.6807,0.68093,0.68034,0.68058,0,0
2015-06-30,23:59:00,0.68054,0.68089,0.67957,0.68075,0,0
2015-07-01,01:00:00,0.68062,0.68116,0.68002,0.68116,0,0
2015-07-01,02:00:00,0.68116,0.68204,0.68112,0.6816,0,0
2015-07-01,03:00:00,0.6816,0.68219,0.68105,0.68156,0,0
2015-07-01,04:00:00,0.68155,0.68186,0.68107,0.68139,0,0
2015-07-01,05:00:00,0.68139,0.68148,0.68093,0.68117,0,0
2015-07-01,06:00:00,0.68119,0.68137,0.68099,0.68101,0,0
2015-07-01,07:00:00,0.68101,0.68101,0.68039,0.68047,0,0
2015-07-01,08:00:00,0.68047,0.68074,0.68037,0.68063,0,0
2015-07-01,09:00:00,0.68069,0.68096,0.67946,0.67977,0,0
2015-07-01,10:00:00,0.67965,0.67977,0.67683,0.67751,0,0
2015-07-01,11:00:00,0.67737,0.6812,0.67605,0.68055,0,0
2015-07-01,12:00:00,0.68064,0.68181,0.67928,0.68005,0,0
2015-07-01,13:00:00,0.68004,0.68031,0.67794,0.67802,0,0
2015-07-01,14:00:00,0.67803,0.67861,0.67766,0.67846,0,0
2015-07-01,15:00:00,0.67849,0.6795,0.67712,0.67864,0,0
2015-07-01,16:00:00,0.6786,0.67884,0.67679,0.67818,0,0
2015-07-01,17:00:00,0.67817,0.67901,0.6772,0.6772,0,0
2015-07-01,18:00:00,0.67721,0.67788,0.67667,0.67706,0,0
2015-07-01,19:00:00,0.67706,0.67761,0.67642,0.67667,0,0
2015-07-01,20:00:00,0.67676,0.6769,0.67579,0.67629,0,0
2015-07-01,21:00:00,0.67636,0.67656,0.67545,0.67547,0,0
2015-07-01,22:00:00,0.67545,0.67584,0.67519,0.67543,0,0
2015-07-01,23:00:00,0.67538,0.67572,0.67508,0.67509,0,0
2015-07-01,23:59:00,0.67528,0.67603,0.67505,0.67545,0,0
2015-07-02,01:00:00,0.67545,0.67569,0.67522,0.67566,0,0
2015-07-02,02:00:00,0.67562,0.67565,0.67519,0.67546,0,0
2015-07-02,03:00:00,0.67547,0.67581,0.67523,0.6757,0,0
2015-07-02,04:00:00,0.67566,0.67633,0.67566,0.67612,0,0
2015-07-02,05:00:00,0.67611,0.67709,0.67592,0.67663,0,0
2015-07-02,06:00:00,0.67661,0.67691,0.67644,0.67677,0,0
2015-07-02,07:00:00,0.67677,0.67705,0.67656,0.67705,0,0
2015-07-02,08:00:00,0.677,0.67773,0.67677,0.67749,0,0
2015-07-02,09:00:00,0.6775,0.67813,0.67677,0.67785,0,0
2015-07-02,10:00:00,0.67801,0.6781,0.67609,0.67625,0,0
2015-07-02,11:00:00,0.67625,0.67698,0.67572,0.67672,0,0
2015-07-02,12:00:00,0.67673,0.6768,0.67422,0.67424,0,0
2015-07-02,13:00:00,0.67423,0.67572,0.67415,0.67556,0,0
2015-07-02,14:00:00,0.67556,0.67622,0.67481,0.67566,0,0
2015-07-02,15:00:00,0.67567,0.67921,0.67518,0.6788,0,0
2015-07-02,16:00:00,0.67872,0.67956,0.67841,0.67945,0,0
2015-07-02,17:00:00,0.67949,0.68012,0.67827,0.679,0,0
2015-07-02,18:00:00,0.67909,0.67939,0.67815,0.67863,0,0
2015-07-02,19:00:00,0.67863,0.67894,0.67805,0.6781,0,0
2015-07-02,20:00:00,0.67811,0.67876,0.67788,0.67872,0,0
2015-07-02,21:00:00,0.67875,0.67937,0.67838,0.67937,0,0
2015-07-02,22:00:00,0.67937,0.67958,0.67889,0.67923,0,0
2015-07-02,23:00:00,0.67909,0.67917,0.67874,0.67897,0,0
2015-07-02,23:59:00,0.67903,0.67923,0.67886,0.67908,0,0
2015-07-03,01:00:00,0.6791,0.67954,0.67872,0.6794,0,0
2015-07-03,02:00:00,0.67942,0.67945,0.67886,0.67886,0,0
2015-07-03,03:00:00,0.67886,0.67919,0.67875,0.67907,0,0
2015-07-03,04:00:00,0.67906,0.67925,0.6789,0.67919,0,0
2015-07-03,05:00:00,0.67917,0.6794,0.679,0.67914,0,0
2015-07-03,06:00:00,0.67917,0.67929,0.679,0.67906,0,0
2015-07-03,07:00:00,0.67907,0.67985,0.67905,0.6795,0,0
2015-07-03,08:00:00,0.67952,0.67994,0.67946,0.67973,0,0
2015-07-03,09:00:00,0.6797,0.6802,0.67939,0.67985,0,0
2015-07-03,10:00:00,0.67995,0.68019,0.67922,0.67994,0,0
2015-07-03,11:00:00,0.67989,0.68067,0.67916,0.67916,0,0
2015-07-03,12:00:00,0.67947,0.68001,0.67897,0.67951,0,0
2015-07-03,13:00:00,0.67955,0.67962,0.67884,0.67914,0,0
2015-07-03,14:00:00,0.67916,0.67943,0.67842,0.67896,0,0
2015-07-03,15:00:00,0.67897,0.67951,0.67831,0.67932,0,0
2015-07-03,16:00:00,0.67933,0.68101,0.67925,0.68081,0,0
2015-07-03,17:00:00,0.68087,0.68152,0.6805,0.68057,0,0
2015-07-03,18:00:00,0.68055,0.68291,0.68012,0.68211,0,0
2015-07-03,19:00:00,0.68212,0.68283,0.6807,0.68072,0,0
2015-07-03,20:00:00,0.6806,0.68209,0.6806,0.68123,0,0
2015-07-03,21:00:00,0.68123,0.6824,0.68115,0.68152,0,0
2015-07-03,22:00:00,0.68153,0.68235,0.68139,0.68235,0,0
2015-07-03,23:00:00,0.68235,0.68235,0.68226,0.68226,0,0
2015-07-06,01:00:00,0.68174,0.68209,0.68003,0.6815,0,0
2015-07-06,02:00:00,0.68152,0.68185,0.68094,0.68094,0,0
2015-07-06,03:00:00,0.68095,0.68184,0.68059,0.68173,0,0
2015-07-06,04:00:00,0.68174,0.68212,0.68113,0.6812,0,0
2015-07-06,05:00:00,0.68121,0.68135,0.68084,0.68099,0,0
2015-07-06,06:00:00,0.68098,0.68109,0.6804,0.6806,0,0
2015-07-06,07:00:00,0.68064,0.68094,0.68036,0.68082,0,0
2015-07-06,08:00:00,0.68083,0.68165,0.68013,0.68133,0,0
2015-07-06,09:00:00,0.68129,0.68162,0.68004,0.68152,0,0
2015-07-06,10:00:00,0.68151,0.68256,0.68096,0.68133,0,0
2015-07-06,11:00:00,0.6813,0.68155,0.68041,0.68047,0,0
2015-07-06,12:00:00,0.68051,0.68123,0.67976,0.67993,0,0
2015-07-06,13:00:00,0.67991,0.6801,0.67938,0.67971,0,0
2015-07-06,14:00:00,0.67975,0.68094,0.67904,0.67966,0,0
2015-07-06,15:00:00,0.67964,0.68004,0.67902,0.67951,0,0
2015-07-06,16:00:00,0.67952,0.67986,0.679,0.67947,0,0
2015-07-06,17:00:00,0.67973,0.68099,0.67886,0.67917,0,0
2015-07-06,18:00:00,0.67926,0.67992,0.67854,0.67866,0,0
2015-07-06,19:00:00,0.67868,0.68018,0.67858,0.67956,0,0
2015-07-06,20:00:00,0.67954,0.67993,0.67886,0.67976,0,0
2015-07-06,21:00:00,0.67976,0.68027,0.6796,0.67972,0,0
2015-07-06,22:00:00,0.67976,0.67996,0.67946,0.67995,0,0
2015-07-06,23:00:00,0.67999,0.68001,0.67962,0.67985,0,0
2015-07-06,23:59:00,0.67983,0.68006,0.67965,0.67992,0,0
2015-07-07,01:00:00,0.67984,0.68019,0.67975,0.67994,0,0
2015-07-07,02:00:00,0.67994,0.68002,0.67971,0.67974,0,0
2015-07-07,03:00:00,0.67977,0.67988,0.67913,0.67975,0,0
2015-07-07,04:00:00,0.67975,0.6801,0.6793,0.67967,0,0
2015-07-07,05:00:00,0.67966,0.67998,0.67955,0.67998,0,0
2015-07-07,06:00:00,0.67998,0.6801,0.67947,0.67953,0,0
2015-07-07,07:00:00,0.67954,0.67982,0.67937,0.67959,0,0
2015-07-07,08:00:00,0.6796,0.67963,0.67905,0.67923,0,0
2015-07-07,09:00:00,0.67926,0.68022,0.67888,0.67943,0,0
2015-07-07,10:00:00,0.67952,0.68141,0.67913,0.68041,0,0
2015-07-07,11:00:00,0.68034,0.68076,0.67897,0.68057,0,0
2015-07-07,12:00:00,0.68065,0.682,0.68016,0.6813,0,0
2015-07-07,13:00:00,0.68129,0.68326,0.68128,0.6824,0,0
2015-07-07,14:00:00,0.68225,0.68254,0.68147,0.68207,0,0
2015-07-07,15:00:00,0.68207,0.68269,0.68111,0.68181,0,0
2015-07-07,16:00:00,0.68181,0.68355,0.68132,0.68296,0,0
2015-07-07,17:00:00,0.6829,0.68358,0.68166,0.68227,0,0
2015-07-07,18:00:00,0.68244,0.68334,0.68223,0.68278,0,0
2015-07-07,19:00:00,0.68277,0.68383,0.68256,0.68256,0,0
2015-07-07,20:00:00,0.68272,0.68346,0.68216,0.68285,0,0
2015-07-07,21:00:00,0.6829,0.68419,0.68281,0.68413,0,0
2015-07-07,22:00:00,0.68417,0.68461,0.68331,0.68371,0,0
2015-07-07,23:00:00,0.68362,0.68384,0.683,0.68314,0,0
2015-07-07,23:59:00,0.68316,0.68375,0.68277,0.6833,0,0
2015-07-08,01:00:00,0.68334,0.68337,0.68287,0.68323,0,0
2015-07-08,02:00:00,0.68324,0.68352,0.68314,0.68317,0,0
2015-07-08,03:00:00,0.68316,0.68388,0.6831,0.68378,0,0
2015-07-08,04:00:00,0.68373,0.68463,0.68361,0.68407,0,0
2015-07-08,05:00:00,0.68408,0.68461,0.68396,0.68422,0,0
2015-07-08,06:00:00,0.68422,0.68494,0.68404,0.68474,0,0
2015-07-08,07:00:00,0.68475,0.68511,0.68464,0.685,0,0
2015-07-08,08:00:00,0.68501,0.68547,0.68402,0.68416,0,0
2015-07-08,09:00:00,0.68427,0.68612,0.68368,0.68596,0,0
2015-07-08,10:00:00,0.68595,0.68798,0.68592,0.68769,0,0
2015-07-08,11:00:00,0.68775,0.68859,0.68687,0.68859,0,0
2015-07-08,12:00:00,0.68857,0.68968,0.68839,0.68868,0,0
2015-07-08,13:00:00,0.68871,0.69117,0.68699,0.68699,0,0
2015-07-08,14:00:00,0.68706,0.68712,0.68452,0.6847,0,0
2015-07-08,15:00:00,0.68463,0.68637,0.6842,0.6853,0,0
2015-07-08,16:00:00,0.68534,0.687,0.68488,0.68606,0,0
2015-07-08,17:00:00,0.68603,0.68665,0.68501,0.68571,0,0
2015-07-08,18:00:00,0.68571,0.68875,0.6854,0.6887,0,0
2015-07-08,19:00:00,0.68869,0.68869,0.68722,0.68809,0,0
2015-07-08,20:00:00,0.6881,0.68884,0.68721,0.68773,0,0
2015-07-08,21:00:00,0.68777,0.68866,0.68728,0.68862,0,0
2015-07-08,22:00:00,0.6886,0.68876,0.68812,0.68844,0,0
2015-07-08,23:00:00,0.68849,0.68864,0.68819,0.68863,0,0
2015-07-08,23:59:00,0.68858,0.68882,0.68793,0.68824,0,0
2015-07-09,01:00:00,0.68823,0.68837,0.68785,0.68817,0,0
2015-07-09,02:00:00,0.68816,0.68819,0.688,0.68809,0,0
2015-07-09,03:00:00,0.68809,0.68871,0.68801,0.68838,0,0
2015-07-09,04:00:00,0.68832,0.68866,0.68804,0.68833,0,0
2015-07-09,05:00:00,0.68835,0.68847,0.68782,0.68797,0,0
2015-07-09,06:00:00,0.68797,0.68838,0.68772,0.68811,0,0
2015-07-09,07:00:00,0.68811,0.68821,0.6878,0.68816,0,0
2015-07-09,08:00:00,0.68805,0.68902,0.6872,0.68767,0,0
2015-07-09,09:00:00,0.68771,0.68833,0.68715,0.68805,0,0
2015-07-09,10:00:00,0.68795,0.68834,0.68534,0.6854,0,0
2015-07-09,11:00:00,0.68535,0.68565,0.68391,0.68425,0,0
2015-07-09,12:00:00,0.68424,0.68534,0.68282,0.68291,0,0
2015-07-09,13:00:00,0.68302,0.68482,0.68284,0.68433,0,0
2015-07-09,14:00:00,0.68452,0.68492,0.68343,0.68363,0,0
2015-07-09,15:00:00,0.6836,0.68416,0.68302,0.68346,0,0
2015-07-09,16:00:00,0.68346,0.68624,0.6833,0.68539,0,0
2015-07-09,17:00:00,0.68539,0.6859,0.68383,0.6859,0,0
2015-07-09,18:00:00,0.68597,0.68612,0.68449,0.68487,0,0
2015-07-09,19:00:00,0.6849,0.68712,0.68482,0.68706,0,0
2015-07-09,20:00:00,0.68685,0.68736,0.68616,0.68668,0,0
2015-07-09,21:00:00,0.68667,0.68717,0.68588,0.68619,0,0
2015-07-09,22:00:00,0.68617,0.68634,0.68542,0.68565,0,0
2015-07-09,23:00:00,0.68568,0.68608,0.6855,0.68597,0,0
2015-07-09,23:59:00,0.686,0.68608,0.68501,0.68594,0,0
2015-07-10,01:00:00,0.68604,0.68661,0.68554,0.68615,0,0
2015-07-10,02:00:00,0.68614,0.68643,0.68588,0.68641,0,0
2015-07-10,03:00:00,0.68644,0.68709,0.68632,0.68685,0,0
2015-07-10,04:00:00,0.68685,0.68736,0.6863,0.68673,0,0
2015-07-10,05:00:00,0.68676,0.68699,0.68618,0.68664,0,0
2015-07-10,06:00:00,0.68665,0.68668,0.68601,0.68627,0,0
2015-07-10,07:00:00,0.68626,0.68664,0.68598,0.68615,0,0
2015-07-10,08:00:00,0.68615,0.68646,0.68551,0.68576,0,0
2015-07-10,09:00:00,0.68573,0.68666,0.68551,0.68599,0,0
2015-07-10,10:00:00,0.68606,0.68935,0.68517,0.6877,0,0
2015-07-10,11:00:00,0.68768,0.6898,0.68754,0.68769,0,0
2015-07-10,12:00:00,0.68772,0.68943,0.68729,0.68862,0,0
2015-07-10,13:00:00,0.68866,0.68953,0.68788,0.6881,0,0
2015-07-10,14:00:00,0.68811,0.68943,0.68744,0.68873,0,0
2015-07-10,15:00:00,0.68873,0.68932,0.68786,0.68792,0,0
2015-07-10,16:00:00,0.68789,0.68923,0.68697,0.68728,0,0
2015-07-10,17:00:00,0.68741,0.68776,0.6864,0.68662,0,0
2015-07-10,18:00:00,0.68666,0.68692,0.68537,0.68549,0,0
2015-07-10,19:00:00,0.68537,0.6865,0.68537,0.68595,0,0
2015-07-10,20:00:00,0.68592,0.68663,0.68562,0.68581,0,0
2015-07-10,21:00:00,0.68587,0.68588,0.68504,0.68515,0,0
2015-07-10,22:00:00,0.68516,0.68578,0.68492,0.68571,0,0
2015-07-10,23:00:00,0.68573,0.68585,0.68573,0.68584,0,0
2015-07-13,01:00:00,0.68623,0.68623,0.68494,0.68564,0,0
2015-07-13,02:00:00,0.68567,0.68576,0.68528,0.6856,0,0
2015-07-13,03:00:00,0.68563,0.68653,0.68562,0.68647,0,0
2015-07-13,04:00:00,0.68647,0.68676,0.68593,0.68642,0,0
2015-07-13,05:00:00,0.68645,0.68662,0.68591,0.68591,0,0
2015-07-13,06:00:00,0.68591,0.68604,0.68501,0.68596,0,0
2015-07-13,07:00:00,0.68596,0.68627,0.6858,0.68597,0,0
2015-07-13,08:00:00,0.68598,0.68605,0.68531,0.6854,0,0
2015-07-13,09:00:00,0.68541,0.68646,0.68513,0.68596,0,0
2015-07-13,10:00:00,0.68597,0.68598,0.68089,0.68185,0,0
2015-07-13,11:00:00,0.68179,0.68186,0.67855,0.67975,0,0
2015-07-13,12:00:00,0.67963,0.68058,0.67788,0.67842,0,0
2015-07-13,13:00:00,0.67838,0.67854,0.67787,0.6784,0,0
2015-07-13,14:00:00,0.67849,0.67965,0.67846,0.67918,0,0
2015-07-13,15:00:00,0.6791,0.67963,0.67838,0.67934,0,0
2015-07-13,16:00:00,0.67932,0.67933,0.67821,0.67838,0,0
2015-07-13,17:00:00,0.67846,0.67896,0.67769,0.67797,0,0
2015-07-13,18:00:00,0.67812,0.67909,0.67799,0.67889,0,0
2015-07-13,19:00:00,0.67893,0.67997,0.67879,0.67958,0,0
2015-07-13,20:00:00,0.67974,0.6807,0.6796,0.68034,0,0
2015-07-13,21:00:00,0.68027,0.6804,0.6797,0.67976,0,0
2015-07-13,22:00:00,0.67973,0.68011,0.67956,0.67957,0,0
2015-07-13,23:00:00,0.67959,0.67998,0.67918,0.67953,0,0
2015-07-13,23:59:00,0.67958,0.67979,0.67933,0.67974,0,0
2015-07-14,01:00:00,0.67974,0.67994,0.67939,0.67964,0,0
2015-07-14,02:00:00,0.67965,0.67975,0.67932,0.67949,0,0
2015-07-14,03:00:00,0.67949,0.67969,0.67795,0.67869,0,0
2015-07-14,04:00:00,0.67868,0.67913,0.67842,0.67892,0,0
2015-07-14,05:00:00,0.67888,0.67959,0.67878,0.67941,0,0
2015-07-14,06:00:00,0.6794,0.67969,0.67927,0.67967,0,0
2015-07-14,07:00:00,0.67967,0.67975,0.67939,0.67947,0,0
2015-07-14,08:00:00,0.67944,0.67985,0.67926,0.67926,0,0
2015-07-14,09:00:00,0.67926,0.68018,0.67883,0.6794,0,0
2015-07-14,10:00:00,0.6794,0.68302,0.67899,0.68221,0,0
2015-07-14,11:00:00,0.68219,0.68564,0.68219,0.6847,0,0
2015-07-14,12:00:00,0.68497,0.68497,0.67925,0.67969,0,0
2015-07-14,13:00:00,0.67973,0.68045,0.67835,0.67863,0,0
2015-07-14,14:00:00,0.6788,0.67926,0.67799,0.67921,0,0
2015-07-14,15:00:00,0.67923,0.68097,0.67917,0.67998,0,0
2015-07-14,16:00:00,0.67983,0.68054,0.67898,0.67915,0,0
2015-07-14,17:00:00,0.67906,0.67976,0.67833,0.67864,0,0
2015-07-14,18:00:00,0.67862,0.67931,0.67813,0.67832,0,0
2015-07-14,19:00:00,0.67832,0.67869,0.67765,0.67858,0,0
2015-07-14,20:00:00,0.67858,0.67874,0.67675,0.67675,0,0
2015-07-14,21:00:00,0.67663,0.67747,0.67645,0.67688,0,0
2015-07-14,22:00:00,0.67684,0.67719,0.67657,0.67658,0,0
2015-07-14,23:00:00,0.67655,0.67698,0.67634,0.67691,0,0
2015-07-14,23:59:00,0.67687,0.67759,0.67644,0.67668,0,0
2015-07-15,01:00:00,0.67669,0.6771,0.67641,0.67694,0,0
2015-07-15,02:00:00,0.67694,0.67707,0.67632,0.6768,0,0
2015-07-15,03:00:00,0.6768,0.67682,0.67564,0.67577,0,0
2015-07-15,04:00:00,0.67559,0.67618,0.67555,0.67598,0,0
2015-07-15,05:00:00,0.67604,0.67618,0.67569,0.67587,0,0
2015-07-15,06:00:00,0.67588,0.67645,0.67571,0.67634,0,0
2015-07-15,07:00:00,0.67634,0.67647,0.67607,0.67618,0,0
2015-07-15,08:00:00,0.67617,0.67631,0.67536,0.67562,0,0
2015-07-15,09:00:00,0.67569,0.67629,0.67462,0.67463,0,0
2015-07-15,10:00:00,0.67454,0.67554,0.67406,0.67534,0,0
2015-07-15,11:00:00,0.67535,0.67775,0.67504,0.67556,0,0
2015-07-15,12:00:00,0.67565,0.67682,0.67514,0.6759,0,0
2015-07-15,13:00:00,0.6759,0.67599,0.67497,0.6751,0,0
2015-07-15,14:00:00,0.67513,0.6755,0.67416,0.67455,0,0
2015-07-15,15:00:00,0.67455,0.67578,0.67404,0.67432,0,0
2015-07-15,16:00:00,0.67432,0.67466,0.67354,0.67421,0,0
2015-07-15,17:00:00,0.67416,0.67453,0.67199,0.67222,0,0
2015-07-15,18:00:00,0.67222,0.67273,0.67168,0.67229,0,0
2015-07-15,19:00:00,0.67225,0.67269,0.67125,0.67182,0,0
2015-07-15,20:00:00,0.67185,0.67186,0.67075,0.67152,0,0
2015-07-15,21:00:00,0.67152,0.67233,0.67137,0.67174,0,0
2015-07-15,22:00:00,0.67186,0.67199,0.67146,0.6719,0,0
2015-07-15,23:00:00,0.6719,0.67202,0.67123,0.67165,0,0
2015-07-15,23:59:00,0.67159,0.67193,0.67146,0.67187,0,0
2015-07-16,01:00:00,0.6718,0.67195,0.67145,0.67172,0,0
2015-07-16,02:00:00,0.67173,0.67214,0.67151,0.67161,0,0
2015-07-16,03:00:00,0.67159,0.67175,0.67128,0.67145,0,0
2015-07-16,04:00:00,0.67146,0.67183,0.6713,0.67135,0,0
2015-07-16,05:00:00,0.67135,0.67169,0.67105,0.67127,0,0
2015-07-16,06:00:00,0.67127,0.67148,0.67078,0.67124,0,0
2015-07-16,07:00:00,0.67123,0.67144,0.67098,0.67116,0,0
2015-07-16,08:00:00,0.6712,0.67144,0.67019,0.67033,0,0
2015-07-16,09:00:00,0.67048,0.67147,0.67022,0.6707,0,0
2015-07-16,10:00:00,0.6706,0.67105,0.66852,0.66911,0,0
2015-07-16,11:00:00,0.6691,0.6708,0.66906,0.67058,0,0
2015-07-16,12:00:00,0.67052,0.67083,0.66961,0.67057,0,0
2015-07-16,13:00:00,0.67051,0.67065,0.6691,0.66937,0,0
2015-07-16,14:00:00,0.66938,0.67173,0.66906,0.67117,0,0
2015-07-16,15:00:00,0.67116,0.67211,0.66934,0.66946,0,0
2015-07-16,16:00:00,0.6694,0.67129,0.6692,0.67117,0,0
2015-07-16,17:00:00,0.67131,0.67188,0.67064,0.67177,0,0
2015-07-16,18:00:00,0.67177,0.67177,0.66998,0.67033,0,0
2015-07-16,19:00:00,0.67032,0.67038,0.66844,0.66868,0,0
2015-07-16,20:00:00,0.66869,0.66938,0.66841,0.66907,0,0
2015-07-16,21:00:00,0.66906,0.66918,0.66818,0.66906,0,0
2015-07-16,22:00:00,0.66903,0.66926,0.66884,0.66901,0,0
2015-07-16,23:00:00,0.66908,0.66922,0.66849,0.66878,0,0
2015-07-16,23:59:00,0.66881,0.66928,0.66875,0.66918,0,0
2015-07-17,01:00:00,0.66918,0.66923,0.66848,0.66914,0,0
2015-07-17,02:00:00,0.66918,0.66937,0.66884,0.6691,0,0
2015-07-17,03:00:00,0.66909,0.66931,0.66886,0.66931,0,0
2015-07-17,04:00:00,0.6692,0.66934,0.66885,0.66923,0,0
2015-07-17,05:00:00,0.66922,0.66929,0.66831,0.66891,0,0
2015-07-17,06:00:00,0.66892,0.669,0.6683,0.66887,0,0
2015-07-17,07:00:00,0.66888,0.66898,0.66843,0.66865,0,0
2015-07-17,08:00:00,0.66865,0.66904,0.66799,0.6683,0,0
2015-07-17,09:00:00,0.66832,0.66841,0.66656,0.66735,0,0
2015-07-17,10:00:00,0.66726,0.66804,0.66679,0.66739,0,0
2015-07-17,11:00:00,0.66743,0.66825,0.66719,0.6673,0,0
2015-07-17,12:00:00,0.66733,0.6687,0.66686,0.6684,0,0
2015-07-17,13:00:00,0.66838,0.66855,0.66767,0.66844,0,0
2015-07-17,14:00:00,0.66852,0.6689,0.66768,0.6689,0,0
2015-07-17,15:00:00,0.66888,0.67001,0.66847,0.66856,0,0
2015-07-17,16:00:00,0.66854,0.66927,0.66836,0.66877,0,0
2015-07-17,17:00:00,0.66886,0.66893,0.66537,0.66634,0,0
2015-07-17,18:00:00,0.66643,0.66669,0.66597,0.66605,0,0
2015-07-17,19:00:00,0.66601,0.66652,0.66587,0.66647,0,0
2015-07-17,20:00:00,0.6665,0.66728,0.66622,0.66691,0,0
2015-07-17,21:00:00,0.66691,0.66698,0.66653,0.66665,0,0
2015-07-17,22:00:00,0.6667,0.66714,0.6665,0.66709,0,0
2015-07-17,23:00:00,0.66708,0.66709,0.66701,0.66701,0,0
2015-07-20,01:00:00,0.66632,0.66707,0.66597,0.66688,0,0
2015-07-20,02:00:00,0.66686,0.66691,0.66585,0.66585,0,0
2015-07-20,03:00:00,0.66587,0.66659,0.66578,0.66634,0,0
2015-07-20,04:00:00,0.66636,0.66681,0.66624,0.66661,0,0
2015-07-20,05:00:00,0.66654,0.66654,0.66592,0.66641,0,0
2015-07-20,06:00:00,0.66638,0.66641,0.66598,0.66598,0,0
2015-07-20,07:00:00,0.66598,0.6662,0.66586,0.66588,0,0
2015-07-20,08:00:00,0.66589,0.66599,0.66558,0.66564,0,0
2015-07-20,09:00:00,0.66572,0.66608,0.66487,0.66525,0,0
2015-07-20,10:00:00,0.66511,0.66712,0.6649,0.66712,0,0
2015-07-20,11:00:00,0.66708,0.66743,0.66632,0.66732,0,0
2015-07-20,12:00:00,0.66743,0.66812,0.66701,0.66736,0,0
2015-07-20,13:00:00,0.66725,0.66795,0.66656,0.66771,0,0
2015-07-20,14:00:00,0.66778,0.66885,0.66667,0.6683,0,0
2015-07-20,15:00:00,0.66843,0.66843,0.66701,0.66701,0,0
2015-07-20,16:00:00,0.66725,0.66753,0.66584,0.66667,0,0
2015-07-20,17:00:00,0.6666,0.66743,0.66645,0.66649,0,0
2015-07-20,18:00:00,0.66637,0.66677,0.66581,0.66607,0,0
2015-07-20,19:00:00,0.66615,0.66661,0.66576,0.66626,0,0
2015-07-20,20:00:00,0.66619,0.6664,0.66605,0.66626,0,0
2015-07-20,21:00:00,0.66626,0.66635,0.66573,0.66614,0,0
2015-07-20,22:00:00,0.66605,0.66697,0.66604,0.66649,0,0
2015-07-20,23:00:00,0.66652,0.66661,0.66596,0.66611,0,0
2015-07-20,23:59:00,0.66616,0.6665,0.66574,0.66646,0,0
