Date,Time,Open,High,Low,Close,Volume,OpenInt
2015-04-22,01:00:00,125.258,125.285,125.18,125.232,0,0
2015-04-22,02:00:00,125.232,125.36,125.216,125.301,0,0
2015-04-22,03:00:00,125.304,125.308,125.207,125.218,0,0
2015-04-22,04:00:00,125.225,125.334,125.217,125.228,0,0
2015-04-22,05:00:00,125.227,125.327,125.227,125.245,0,0
2015-04-22,06:00:00,125.245,125.303,125.22,125.227,0,0
2015-04-22,07:00:00,125.227,125.293,125.197,125.268,0,0
2015-04-22,08:00:00,125.269,125.28,125.122,125.244,0,0
2015-04-22,09:00:00,125.24,125.483,125.122,125.429,0,0
2015-04-22,10:00:00,125.431,125.531,125.231,125.312,0,0
2015-04-22,11:00:00,125.311,125.694,125.168,125.493,0,0
2015-04-22,12:00:00,125.487,125.623,125.477,125.502,0,0
2015-04-22,13:00:00,125.5,125.527,125.084,125.137,0,0
2015-04-22,14:00:00,125.114,125.177,124.953,124.966,0,0
2015-04-22,15:00:00,124.962,124.978,123.844,124.159,0,0
2015-04-22,16:00:00,124.156,124.378,124.046,124.378,0,0
2015-04-22,17:00:00,124.415,124.42,124.095,124.098,0,0
2015-04-22,18:00:00,124.086,124.122,123.754,124.063,0,0
2015-04-22,19:00:00,124.063,124.094,123.848,123.968,0,0
2015-04-22,20:00:00,123.964,123.977,123.744,123.744,0,0
2015-04-22,21:00:00,123.742,123.873,123.572,123.581,0,0
2015-04-22,22:00:00,123.591,123.742,123.483,123.619,0,0
2015-04-22,23:00:00,123.612,123.624,123.399,123.415,0,0
2015-04-22,23:59:00,123.424,123.642,123.412,123.526,0,0
2015-04-23,01:00:00,123.527,123.758,123.514,123.699,0,0
2015-04-23,02:00:00,123.714,123.804,123.681,123.692,0,0
2015-04-23,03:00:00,123.691,123.788,123.534,123.565,0,0
2015-04-23,04:00:00,123.561,123.629,123.493,123.617,0,0
2015-04-23,05:00:00,123.614,123.663,123.553,123.586,0,0
2015-04-23,06:00:00,123.575,123.663,123.538,123.658,0,0
2015-04-23,07:00:00,123.657,123.663,123.359,123.39,0,0
2015-04-23,08:00:00,123.382,123.607,123.382,123.603,0,0
2015-04-23,09:00:00,123.6,123.709,123.51,123.665,0,0
2015-04-23,10:00:00,123.657,123.864,123.48,123.591,0,0
2015-04-23,11:00:00,123.586,124.165,123.563,124.134,0,0
2015-04-23,12:00:00,124.127,124.596,124.122,124.593,0,0
2015-04-23,13:00:00,124.59,124.634,124.285,124.292,0,0
2015-04-23,14:00:00,124.282,124.509,124.139,124.463,0,0
2015-04-23,15:00:00,124.457,124.583,124.302,124.499,0,0
2015-04-23,16:00:00,124.497,124.597,124.314,124.487,0,0
2015-04-23,17:00:00,124.478,125.422,124.342,125.273,0,0
2015-04-23,18:00:00,125.258,125.368,125.142,125.306,0,0
2015-04-23,19:00:00,125.311,125.497,125.173,125.464,0,0
2015-04-23,20:00:00,125.465,125.489,125.221,125.284,0,0
2015-04-23,21:00:00,125.281,125.4,125.122,125.152,0,0
2015-04-23,22:00:00,125.154,125.261,125.137,125.261,0,0
2015-04-23,23:00:00,125.264,125.31,125.168,125.265,0,0
2015-04-23,23:59:00,125.286,125.331,125.248,125.304,0,0
2015-04-24,01:00:00,125.303,125.328,125.159,125.174,0,0
2015-04-24,02:00:00,125.177,125.223,125.106,125.107,0,0
2015-04-24,03:00:00,125.084,125.208,125.052,125.198,0,0
2015-04-24,04:00:00,125.198,125.233,125.011,125.044,0,0
2015-04-24,05:00:00,125.041,125.054,124.936,124.952,0,0
2015-04-24,06:00:00,124.953,125.058,124.876,124.952,0,0
2015-04-24,07:00:00,124.947,125.008,124.912,124.954,0,0
2015-04-24,08:00:00,124.961,125.039,124.921,124.942,0,0
2015-04-24,09:00:00,124.947,125.212,124.857,124.989,0,0
2015-04-24,10:00:00,124.983,125.22,124.972,125.158,0,0
2015-04-24,11:00:00,125.167,125.536,125.121,125.434,0,0
2015-04-24,12:00:00,125.431,125.561,125.303,125.325,0,0
2015-04-24,13:00:00,125.325,125.338,125.093,125.147,0,0
2015-04-24,14:00:00,125.148,125.286,125.136,125.224,0,0
2015-04-24,15:00:00,125.227,125.286,124.933,125.024,0,0
2015-04-24,16:00:00,125.02,125.169,124.737,124.833,0,0
2015-04-24,17:00:00,124.834,124.967,124.629,124.855,0,0
2015-04-24,18:00:00,124.847,124.953,124.626,124.82,0,0
2015-04-24,19:00:00,124.818,124.818,124.575,124.589,0,0
2015-04-24,20:00:00,124.589,124.734,124.559,124.714,0,0
2015-04-24,21:00:00,124.713,124.713,124.613,124.626,0,0
2015-04-24,22:00:00,124.63,124.691,124.619,124.647,0,0
2015-04-24,23:00:00,124.638,124.647,124.635,124.641,0,0
2015-04-27,01:00:00,124.61,124.692,124.591,124.609,0,0
2015-04-27,02:00:00,124.608,124.754,124.602,124.695,0,0
2015-04-27,03:00:00,124.694,124.731,124.646,124.699,0,0
2015-04-27,04:00:00,124.705,124.784,124.669,124.685,0,0
2015-04-27,05:00:00,124.685,124.708,124.585,124.613,0,0
2015-04-27,06:00:00,124.612,124.637,124.528,124.581,0,0
2015-04-27,07:00:00,124.581,124.676,124.551,124.665,0,0
2015-04-27,08:00:00,124.665,124.844,124.647,124.808,0,0
2015-04-27,09:00:00,124.794,124.835,124.532,124.589,0,0
2015-04-27,10:00:00,124.598,124.888,124.428,124.718,0,0
2015-04-27,11:00:00,124.719,124.746,124.543,124.674,0,0
2015-04-27,12:00:00,124.674,124.865,124.627,124.746,0,0
2015-04-27,13:00:00,124.748,124.865,124.592,124.865,0,0
2015-04-27,14:00:00,124.869,124.89,124.669,124.735,0,0
2015-04-27,15:00:00,124.728,124.768,124.615,124.724,0,0
2015-04-27,16:00:00,124.732,124.921,124.674,124.915,0,0
2015-04-27,17:00:00,124.905,125.044,124.726,125.005,0,0
2015-04-27,18:00:00,125.007,125.461,124.915,124.936,0,0
2015-04-27,19:00:00,124.954,125.168,124.918,124.961,0,0
2015-04-27,20:00:00,124.961,125.024,124.538,124.542,0,0
2015-04-27,21:00:00,124.551,124.631,124.457,124.572,0,0
2015-04-27,22:00:00,124.572,124.648,124.534,124.56,0,0
2015-04-27,23:00:00,124.548,124.693,124.474,124.661,0,0
2015-04-27,23:59:00,124.661,124.687,124.549,124.646,0,0
2015-04-28,01:00:00,124.656,124.722,124.559,124.663,0,0
2015-04-28,02:00:00,124.655,124.736,124.635,124.713,0,0
2015-04-28,03:00:00,124.714,124.764,124.594,124.747,0,0
2015-04-28,04:00:00,124.747,124.801,124.662,124.747,0,0
2015-04-28,05:00:00,124.74,124.765,124.66,124.661,0,0
2015-04-28,06:00:00,124.659,124.794,124.659,124.761,0,0
2015-04-28,07:00:00,124.773,124.799,124.703,124.706,0,0
2015-04-28,08:00:00,124.706,124.835,124.685,124.767,0,0
2015-04-28,09:00:00,124.768,124.862,124.512,124.547,0,0
2015-04-28,10:00:00,124.547,124.696,124.492,124.559,0,0
2015-04-28,11:00:00,124.555,124.645,124.415,124.492,0,0
2015-04-28,12:00:00,124.501,124.567,124.19,124.232,0,0
2015-04-28,13:00:00,124.234,124.455,123.963,124.373,0,0
2015-04-28,14:00:00,124.373,124.409,124.135,124.362,0,0
2015-04-28,15:00:00,124.354,124.471,124.202,124.231,0,0
2015-04-28,16:00:00,124.236,124.379,124.053,124.378,0,0
2015-04-28,17:00:00,124.428,124.988,124.379,124.972,0,0
2015-04-28,18:00:00,124.981,125.016,124.468,124.551,0,0
2015-04-28,19:00:00,124.544,124.589,124.451,124.531,0,0
2015-04-28,20:00:00,124.53,124.696,124.47,124.654,0,0
2015-04-28,21:00:00,124.65,124.705,124.502,124.548,0,0
2015-04-28,22:00:00,124.549,124.559,124.264,124.325,0,0
2015-04-28,23:00:00,124.331,124.429,124.296,124.399,0,0
2015-04-28,23:59:00,124.433,124.479,124.315,124.409,0,0
2015-04-29,01:00:00,124.408,124.441,124.312,124.345,0,0
2015-04-29,02:00:00,124.34,124.349,124.25,124.28,0,0
2015-04-29,03:00:00,124.28,124.362,124.27,124.358,0,0
2015-04-29,04:00:00,124.356,124.382,124.262,124.369,0,0
2015-04-29,05:00:00,124.369,124.369,124.26,124.265,0,0
2015-04-29,06:00:00,124.259,124.312,124.259,124.302,0,0
2015-04-29,07:00:00,124.3,124.305,124.224,124.227,0,0
2015-04-29,08:00:00,124.23,124.276,124.168,124.259,0,0
2015-04-29,09:00:00,124.259,124.384,124.141,124.347,0,0
2015-04-29,10:00:00,124.35,124.628,124.288,124.602,0,0
2015-04-29,11:00:00,124.602,124.976,124.594,124.941,0,0
2015-04-29,12:00:00,124.959,125.101,124.832,125.094,0,0
2015-04-29,13:00:00,125.096,125.098,124.874,124.949,0,0
2015-04-29,14:00:00,124.958,125.198,124.861,125.08,0,0
2015-04-29,15:00:00,125.083,125.681,124.939,125.166,0,0
2015-04-29,16:00:00,125.232,126.026,125.144,126.009,0,0
2015-04-29,17:00:00,126.027,126.772,125.912,126.772,0,0
2015-04-29,18:00:00,126.788,127.188,126.625,126.952,0,0
2015-04-29,19:00:00,126.976,127.156,126.538,126.539,0,0
2015-04-29,20:00:00,126.542,126.677,126.481,126.578,0,0
2015-04-29,21:00:00,126.593,126.724,126.35,126.628,0,0
2015-04-29,22:00:00,126.652,126.652,126.508,126.594,0,0
2015-04-29,23:00:00,126.598,126.732,126.592,126.716,0,0
2015-04-29,23:59:00,126.689,126.757,126.628,126.628,0,0
2015-04-30,01:00:00,126.636,126.687,126.608,126.65,0,0
2015-04-30,02:00:00,126.655,126.691,126.507,126.523,0,0
2015-04-30,03:00:00,126.526,126.688,126.513,126.684,0,0
2015-04-30,04:00:00,126.684,126.688,126.505,126.505,0,0
2015-04-30,05:00:00,126.499,126.552,126.279,126.361,0,0
2015-04-30,06:00:00,126.361,126.519,126.336,126.492,0,0
2015-04-30,07:00:00,126.501,126.514,126.133,126.227,0,0
2015-04-30,08:00:00,126.227,126.233,126.002,126.046,0,0
2015-04-30,09:00:00,125.933,126.378,125.933,126.247,0,0
2015-04-30,10:00:00,126.279,127.283,126.239,127.23,0,0
2015-04-30,11:00:00,127.241,127.434,126.886,126.97,0,0
2015-04-30,12:00:00,126.99,127.044,126.375,126.381,0,0
2015-04-30,13:00:00,126.383,127.173,126.285,127.087,0,0
2015-04-30,14:00:00,127.075,127.159,126.908,127.076,0,0
2015-04-30,15:00:00,127.079,127.154,126.826,127.054,0,0
2015-04-30,16:00:00,127.045,127.063,126.581,126.92,0,0
2015-04-30,17:00:00,126.918,127.726,126.918,127.708,0,0
2015-04-30,18:00:00,127.682,127.926,127.339,127.358,0,0
2015-04-30,19:00:00,127.368,127.562,127.329,127.53,0,0
2015-04-30,20:00:00,127.532,127.565,127.335,127.423,0,0
2015-04-30,21:00:00,127.427,128.263,127.413,128.245,0,0
2015-04-30,22:00:00,128.239,128.239,127.798,127.962,0,0
2015-04-30,23:00:00,128.002,128.093,127.897,128.039,0,0
2015-04-30,23:59:00,128.015,128.1,127.935,127.959,0,0
2015-05-01,01:00:00,127.982,128.026,127.941,127.998,0,0
2015-05-01,02:00:00,127.986,128.059,127.924,127.985,0,0
2015-05-01,03:00:00,127.963,128.18,127.948,128.164,0,0
2015-05-01,04:00:00,128.154,128.183,128.029,128.105,0,0
2015-05-01,05:00:00,128.106,128.189,128.09,128.109,0,0
2015-05-01,06:00:00,128.109,128.168,128.099,128.16,0,0
2015-05-01,07:00:00,128.16,128.219,128.075,128.2,0,0
2015-05-01,08:00:00,128.198,128.375,128.171,128.348,0,0
2015-05-01,09:00:00,128.351,128.656,128.178,128.536,0,0
2015-05-01,10:00:00,128.524,128.7,128.395,128.471,0,0
2015-05-01,11:00:00,128.474,128.644,128.473,128.602,0,0
2015-05-01,12:00:00,128.584,128.859,128.526,128.551,0,0
2015-05-01,13:00:00,128.554,128.987,128.481,128.921,0,0
2015-05-01,14:00:00,128.918,129.152,128.833,128.833,0,0
2015-05-01,15:00:00,128.832,128.94,128.694,128.889,0,0
2015-05-01,16:00:00,128.89,129.08,128.823,128.977,0,0
2015-05-01,17:00:00,129.05,129.141,128.703,128.909,0,0
2015-05-01,18:00:00,128.911,128.949,128.658,128.688,0,0
2015-05-01,19:00:00,128.688,128.895,128.565,128.622,0,0
2015-05-01,20:00:00,128.622,128.796,128.622,128.738,0,0
2015-05-01,21:00:00,128.738,128.8,128.683,128.745,0,0
2015-05-01,22:00:00,128.749,128.869,128.662,128.835,0,0
2015-05-01,23:00:00,128.822,128.833,128.795,128.833,0,0
2015-05-04,01:00:00,128.765,128.9,128.752,128.763,0,0
2015-05-04,02:00:00,128.761,128.804,128.698,128.713,0,0
2015-05-04,03:00:00,128.713,128.755,128.59,128.724,0,0
2015-05-04,04:00:00,128.725,128.761,128.641,128.723,0,0
2015-05-04,05:00:00,128.723,128.74,128.575,128.633,0,0
2015-05-04,06:00:00,128.633,128.643,128.575,128.595,0,0
2015-05-04,07:00:00,128.595,128.641,128.586,128.604,0,0
2015-05-04,08:00:00,128.606,128.719,128.579,128.628,0,0
2015-05-04,09:00:00,128.613,128.724,128.137,128.203,0,0
2015-05-04,10:00:00,128.2,128.253,128.057,128.119,0,0
2015-05-04,11:00:00,128.12,128.263,128.043,128.185,0,0
2015-05-04,12:00:00,128.186,128.315,128.182,128.268,0,0
2015-05-04,13:00:00,128.261,128.563,128.188,128.518,0,0
2015-05-04,14:00:00,128.519,128.63,128.451,128.519,0,0
2015-05-04,15:00:00,128.514,128.867,128.474,128.839,0,0
2015-05-04,16:00:00,128.838,128.986,128.772,128.89,0,0
2015-05-04,17:00:00,128.888,128.894,128.438,128.631,0,0
2015-05-04,18:00:00,128.643,128.666,128.411,128.519,0,0
2015-05-04,19:00:00,128.519,128.637,128.455,128.463,0,0
2015-05-04,20:00:00,128.473,128.689,128.434,128.683,0,0
2015-05-04,21:00:00,128.682,128.682,128.434,128.539,0,0
2015-05-04,22:00:00,128.527,128.688,128.514,128.62,0,0
2015-05-04,23:00:00,128.631,128.753,128.583,128.662,0,0
2015-05-04,23:59:00,128.655,128.707,128.63,128.677,0,0
2015-05-05,01:00:00,128.679,128.729,128.562,128.567,0,0
2015-05-05,02:00:00,128.567,128.642,128.547,128.641,0,0
2015-05-05,03:00:00,128.64,128.665,128.566,128.633,0,0
2015-05-05,04:00:00,128.633,128.687,128.541,128.561,0,0
2015-05-05,05:00:00,128.561,128.593,128.468,128.511,0,0
2015-05-05,06:00:00,128.513,128.531,128.413,128.429,0,0
2015-05-05,07:00:00,128.427,128.48,128.292,128.341,0,0
2015-05-05,08:00:00,128.337,128.46,128.316,128.338,0,0
2015-05-05,09:00:00,128.345,128.486,128.15,128.246,0,0
2015-05-05,10:00:00,128.234,128.352,127.855,127.89,0,0
2015-05-05,11:00:00,127.894,128.31,127.787,128.306,0,0
2015-05-05,12:00:00,128.306,128.694,128.283,128.682,0,0
2015-05-05,13:00:00,128.675,128.984,128.552,128.977,0,0
2015-05-05,14:00:00,128.975,129.454,128.867,129.123,0,0
2015-05-05,15:00:00,129.121,129.323,128.963,129.025,0,0
2015-05-05,16:00:00,129.017,129.233,128.911,129.233,0,0
2015-05-05,17:00:00,129.244,129.73,128.968,129.668,0,0
2015-05-05,18:00:00,129.669,129.669,129.378,129.399,0,0
2015-05-05,19:00:00,129.396,129.672,129.372,129.599,0,0
2015-05-05,20:00:00,129.598,129.689,129.499,129.501,0,0
2015-05-05,21:00:00,129.498,129.523,129.349,129.393,0,0
2015-05-05,22:00:00,129.383,129.432,129.236,129.31,0,0
2015-05-05,23:00:00,129.303,129.4,129.253,129.381,0,0
2015-05-05,23:59:00,129.362,129.415,129.318,129.373,0,0
2015-05-06,01:00:00,129.377,129.419,129.287,129.322,0,0
2015-05-06,02:00:00,129.321,129.365,129.244,129.306,0,0
2015-05-06,03:00:00,129.306,129.366,129.266,129.357,0,0
2015-05-06,04:00:00,129.357,129.43,129.3,129.404,0,0
2015-05-06,05:00:00,129.409,129.551,129.354,129.52,0,0
2015-05-06,06:00:00,129.52,129.764,129.492,129.61,0,0
2015-05-06,07:00:00,129.615,129.694,129.528,129.643,0,0
2015-05-06,08:00:00,129.645,129.655,129.484,129.514,0,0
2015-05-06,09:00:00,129.511,129.798,129.468,129.728,0,0
2015-05-06,10:00:00,129.713,129.858,129.43,129.601,0,0
2015-05-06,11:00:00,129.6,129.871,129.508,129.517,0,0
2015-05-06,12:00:00,129.515,129.681,129.361,129.649,0,0
2015-05-06,13:00:00,129.649,129.828,129.622,129.655,0,0
2015-05-06,14:00:00,129.648,129.764,129.525,129.642,0,0
2015-05-06,15:00:00,129.649,130.018,129.649,129.955,0,0
2015-05-06,16:00:00,129.954,130.709,129.765,130.592,0,0
2015-05-06,17:00:00,130.579,130.839,130.487,130.655,0,0
2015-05-06,18:00:00,130.644,130.704,130.395,130.509,0,0
2015-05-06,19:00:00,130.502,130.569,130.326,130.327,0,0
2015-05-06,20:00:00,130.335,130.428,130.299,130.329,0,0
2015-05-06,21:00:00,130.321,130.591,130.306,130.318,0,0
2015-05-06,22:00:00,130.348,130.46,130.26,130.427,0,0
2015-05-06,23:00:00,130.427,130.457,130.373,130.389,0,0
2015-05-06,23:59:00,130.4,130.453,130.329,130.383,0,0
2015-05-07,01:00:00,130.426,130.434,130.352,130.368,0,0
2015-05-07,02:00:00,130.362,130.372,130.256,130.264,0,0
2015-05-07,03:00:00,130.256,130.372,130.195,130.268,0,0
2015-05-07,04:00:00,130.267,130.386,130.248,130.385,0,0
2015-05-07,05:00:00,130.385,130.486,130.31,130.466,0,0
2015-05-07,06:00:00,130.464,130.501,130.301,130.351,0,0
2015-05-07,07:00:00,130.354,130.388,130.316,130.324,0,0
2015-05-07,08:00:00,130.315,130.7,130.286,130.582,0,0
2015-05-07,09:00:00,130.576,130.703,130.469,130.659,0,0
2015-05-07,10:00:00,130.649,130.855,130.607,130.851,0,0
2015-05-07,11:00:00,130.832,130.882,130.61,130.859,0,0
2015-05-07,12:00:00,130.849,131.414,130.791,131.376,0,0
2015-05-07,13:00:00,131.387,131.388,130.877,131.059,0,0
2015-05-07,14:00:00,131.063,131.064,130.425,130.425,0,0
2015-05-07,15:00:00,130.422,130.452,130.101,130.347,0,0
2015-05-07,16:00:00,130.373,130.406,130.019,130.082,0,0
2015-05-07,17:00:00,130.082,130.291,129.868,129.882,0,0
2015-05-07,18:00:00,129.912,130.221,129.747,130.197,0,0
2015-05-07,19:00:00,130.188,130.198,129.942,129.944,0,0
2015-05-07,20:00:00,129.94,130.076,129.821,129.95,0,0
2015-05-07,21:00:00,129.95,130.093,129.868,129.973,0,0
2015-05-07,22:00:00,129.962,130.044,129.928,130,0,0
2015-05-07,23:00:00,129.981,130.041,129.899,129.908,0,0
2015-05-07,23:59:00,129.907,129.965,129.686,129.801,0,0
2015-05-08,01:00:00,129.791,129.927,129.745,129.797,0,0
2015-05-08,02:00:00,129.797,129.904,129.765,129.867,0,0
2015-05-08,03:00:00,129.871,129.978,129.805,129.904,0,0
2015-05-08,04:00:00,129.9,130.119,129.854,129.993,0,0
2015-05-08,05:00:00,130.004,130.039,129.849,129.87,0,0
2015-05-08,06:00:00,129.87,129.887,129.728,129.771,0,0
2015-05-08,07:00:00,129.773,129.934,129.732,129.932,0,0
2015-05-08,08:00:00,129.928,130.078,129.902,129.981,0,0
2015-05-08,09:00:00,129.983,129.983,129.668,129.829,0,0
2015-05-08,10:00:00,129.817,130.013,129.76,129.993,0,0
2015-05-08,11:00:00,129.995,130.374,129.995,130.273,0,0
2015-05-08,12:00:00,130.273,130.387,130.085,130.321,0,0
2015-05-08,13:00:00,130.309,130.335,129.878,129.882,0,0
2015-05-08,14:00:00,129.865,130.001,129.85,129.887,0,0
2015-05-08,15:00:00,129.882,130.315,129.454,129.69,0,0
2015-05-08,16:00:00,129.695,129.804,129.386,129.521,0,0
2015-05-08,17:00:00,129.528,129.535,129.107,129.133,0,0
2015-05-08,18:00:00,129.127,129.358,128.933,129.154,0,0
2015-05-08,19:00:00,129.153,129.175,128.691,128.753,0,0
2015-05-08,20:00:00,128.752,128.847,128.663,128.737,0,0
2015-05-08,21:00:00,128.75,128.75,128.561,128.652,0,0
2015-05-08,22:00:00,128.656,128.678,128.537,128.583,0,0
2015-05-08,23:00:00,128.597,128.597,128.597,128.597,0,0
2015-05-11,01:00:00,128.598,128.639,128.542,128.595,0,0
2015-05-11,02:00:00,128.596,128.637,128.556,128.599,0,0
2015-05-11,03:00:00,128.597,128.673,128.409,128.409,0,0
2015-05-11,04:00:00,128.408,128.436,128.252,128.404,0,0
2015-05-11,05:00:00,128.411,128.519,128.386,128.437,0,0
2015-05-11,06:00:00,128.434,128.445,128.24,128.277,0,0
2015-05-11,07:00:00,128.279,128.42,128.258,128.42,0,0
2015-05-11,08:00:00,128.418,128.54,128.349,128.427,0,0
2015-05-11,09:00:00,128.426,128.865,128.363,128.794,0,0
2015-05-11,10:00:00,128.788,128.821,128.528,128.782,0,0
2015-05-11,11:00:00,128.789,129.044,128.765,128.859,0,0
2015-05-11,12:00:00,128.855,128.915,128.638,128.703,0,0
2015-05-11,13:00:00,128.692,128.785,128.618,128.662,0,0
2015-05-11,14:00:00,128.648,128.706,128.37,128.402,0,0
2015-05-11,15:00:00,128.409,128.701,128.311,128.312,0,0
2015-05-11,16:00:00,128.304,128.63,128.228,128.395,0,0
2015-05-11,17:00:00,128.398,128.683,128.326,128.387,0,0
2015-05-11,18:00:00,128.399,128.696,128.377,128.482,0,0
2015-05-11,19:00:00,128.482,128.574,128.404,128.487,0,0
2015-05-11,20:00:00,128.503,128.584,128.369,128.491,0,0
2015-05-11,21:00:00,128.489,128.602,128.453,128.591,0,0
2015-05-11,22:00:00,128.588,128.669,128.558,128.568,0,0
2015-05-11,23:00:00,128.568,128.636,128.527,128.541,0,0
2015-05-11,23:59:00,128.54,128.606,128.533,128.583,0,0
2015-05-12,01:00:00,128.587,128.624,128.568,128.575,0,0
2015-05-12,02:00:00,128.567,128.577,128.467,128.53,0,0
2015-05-12,03:00:00,128.53,128.594,128.358,128.443,0,0
2015-05-12,04:00:00,128.443,128.599,128.41,128.599,0,0
2015-05-12,05:00:00,128.606,128.794,128.568,128.712,0,0
2015-05-12,06:00:00,128.711,128.749,128.629,128.649,0,0
2015-05-12,07:00:00,128.648,128.814,128.642,128.813,0,0
2015-05-12,08:00:00,128.812,128.96,128.772,128.804,0,0
2015-05-12,09:00:00,128.795,129.063,128.757,128.952,0,0
2015-05-12,10:00:00,128.957,129.322,128.844,129.288,0,0
2015-05-12,11:00:00,129.289,129.958,129.289,129.789,0,0
2015-05-12,12:00:00,129.807,130.248,129.772,130.047,0,0
2015-05-12,13:00:00,130.043,130.091,129.88,129.89,0,0
2015-05-12,14:00:00,129.883,129.988,129.719,129.753,0,0
2015-05-12,15:00:00,129.75,129.776,129.546,129.587,0,0
2015-05-12,16:00:00,129.579,130.033,129.568,129.834,0,0
2015-05-12,17:00:00,129.837,129.906,129.485,129.527,0,0
2015-05-12,18:00:00,129.545,129.554,129.269,129.285,0,0
2015-05-12,19:00:00,129.262,129.445,129.166,129.188,0,0
2015-05-12,20:00:00,129.191,129.205,129.043,129.142,0,0
2015-05-12,21:00:00,129.128,129.187,129.101,129.103,0,0
2015-05-12,22:00:00,129.103,129.116,128.995,128.998,0,0
2015-05-12,23:00:00,128.976,129.044,128.95,128.968,0,0
2015-05-12,23:59:00,128.974,129.154,128.928,129.045,0,0
2015-05-13,01:00:00,129.066,129.093,129.005,129.028,0,0
2015-05-13,02:00:00,129.028,129.091,129.026,129.091,0,0
2015-05-13,03:00:00,129.089,129.109,128.94,129.038,0,0
2015-05-13,04:00:00,129.041,129.106,128.906,128.963,0,0
2015-05-13,05:00:00,128.966,129.121,128.945,129.102,0,0
2015-05-13,06:00:00,129.103,129.341,129.088,129.291,0,0
2015-05-13,07:00:00,129.292,129.424,129.266,129.321,0,0
2015-05-13,08:00:00,129.321,129.335,129.185,129.193,0,0
2015-05-13,09:00:00,129.184,129.598,129.067,129.514,0,0
2015-05-13,10:00:00,129.509,129.533,129.28,129.323,0,0
2015-05-13,11:00:00,129.316,129.389,129.075,129.095,0,0
2015-05-13,12:00:00,129.1,129.351,128.926,129.127,0,0
2015-05-13,13:00:00,129.122,129.158,128.926,129.048,0,0
2015-05-13,14:00:00,129.041,129.18,128.993,129.052,0,0
2015-05-13,15:00:00,129.054,129.594,128.909,129.468,0,0
2015-05-13,16:00:00,129.459,129.633,129.275,129.566,0,0
2015-05-13,17:00:00,129.564,129.885,129.526,129.84,0,0
2015-05-13,18:00:00,129.834,130.041,129.727,129.978,0,0
2015-05-13,19:00:00,129.984,130.029,129.828,129.893,0,0
2015-05-13,20:00:00,129.894,130.05,129.75,129.891,0,0
2015-05-13,21:00:00,129.879,129.973,129.831,129.941,0,0
2015-05-13,22:00:00,129.948,129.948,129.806,129.84,0,0
2015-05-13,23:00:00,129.848,130.007,129.809,129.97,0,0
2015-05-13,23:59:00,129.969,129.989,129.906,129.928,0,0
2015-05-14,01:00:00,129.962,130.023,129.907,129.92,0,0
2015-05-14,02:00:00,129.922,130.004,129.903,129.954,0,0
2015-05-14,03:00:00,129.958,130.059,129.893,130.033,0,0
2015-05-14,04:00:00,130.033,130.077,129.97,130.043,0,0
2015-05-14,05:00:00,130.098,130.144,130.001,130.009,0,0
2015-05-14,06:00:00,130.007,130.209,130.005,130.168,0,0
2015-05-14,07:00:00,130.173,130.201,130.103,130.185,0,0
2015-05-14,08:00:00,130.184,130.216,130.118,130.211,0,0
2015-05-14,09:00:00,130.205,130.34,130.045,130.268,0,0
2015-05-14,10:00:00,130.283,130.424,130.22,130.272,0,0
2015-05-14,11:00:00,130.277,130.523,130.217,130.442,0,0
2015-05-14,12:00:00,130.454,130.967,130.404,130.949,0,0
2015-05-14,13:00:00,130.949,131.294,130.873,131.243,0,0
2015-05-14,14:00:00,131.224,131.262,130.903,131.183,0,0
2015-05-14,15:00:00,131.158,131.196,130.612,130.721,0,0
2015-05-14,16:00:00,130.69,130.706,130.188,130.248,0,0
2015-05-14,17:00:00,130.266,130.425,130.184,130.278,0,0
2015-05-14,18:00:00,130.29,130.401,130.125,130.315,0,0
2015-05-14,19:00:00,130.318,130.437,130.275,130.372,0,0
2015-05-14,20:00:00,130.372,130.468,130.307,130.429,0,0
2015-05-14,21:00:00,130.42,130.623,130.364,130.56,0,0
2015-05-14,22:00:00,130.563,130.617,130.502,130.55,0,0
2015-05-14,23:00:00,130.546,130.696,130.51,130.653,0,0
2015-05-14,23:59:00,130.651,130.702,130.58,130.615,0,0
2015-05-15,01:00:00,130.621,130.659,130.598,130.609,0,0
2015-05-15,02:00:00,130.608,130.632,130.564,130.624,0,0
2015-05-15,03:00:00,130.631,130.716,130.567,130.675,0,0
2015-05-15,04:00:00,130.675,130.798,130.666,130.788,0,0
2015-05-15,05:00:00,130.787,130.884,130.741,130.769,0,0
2015-05-15,06:00:00,130.769,130.804,130.678,130.755,0,0
2015-05-15,07:00:00,130.751,130.819,130.729,130.787,0,0
2015-05-15,08:00:00,130.787,130.808,130.656,130.682,0,0
2015-05-15,09:00:00,130.675,130.934,130.609,130.934,0,0
2015-05-15,10:00:00,130.949,131.013,130.517,130.595,0,0
2015-05-15,11:00:00,130.597,130.682,130.245,130.307,0,0
2015-05-15,12:00:00,130.277,130.451,130.161,130.381,0,0
2015-05-15,13:00:00,130.349,130.491,130.194,130.218,0,0
2015-05-15,14:00:00,130.222,130.236,129.848,129.921,0,0
2015-05-15,15:00:00,129.932,129.932,129.594,129.62,0,0
2015-05-15,16:00:00,129.618,129.618,129.37,129.398,0,0
2015-05-15,17:00:00,129.425,130.229,129.41,130.221,0,0
2015-05-15,18:00:00,130.227,130.333,130.078,130.084,0,0
2015-05-15,19:00:00,130.084,130.199,130.02,130.081,0,0
2015-05-15,20:00:00,130.08,130.26,130.054,130.116,0,0
2015-05-15,21:00:00,130.116,130.565,130.1,130.487,0,0
2015-05-15,22:00:00,130.486,130.486,130.305,130.308,0,0
2015-05-15,23:00:00,130.311,130.338,130.31,130.334,0,0
2015-05-18,01:00:00,130.384,130.43,130.228,130.395,0,0
2015-05-18,02:00:00,130.395,130.419,130.353,130.378,0,0
2015-05-18,03:00:00,130.379,130.444,130.273,130.43,0,0
2015-05-18,04:00:00,130.424,130.446,130.276,130.284,0,0
2015-05-18,05:00:00,130.284,130.319,130.206,130.319,0,0
2015-05-18,06:00:00,130.326,130.405,130.318,130.379,0,0
2015-05-18,07:00:00,130.38,130.466,130.324,130.453,0,0
2015-05-18,08:00:00,130.453,130.474,130.313,130.453,0,0
2015-05-18,09:00:00,130.452,130.548,130.229,130.248,0,0
2015-05-18,10:00:00,130.252,130.283,129.944,130.184,0,0
2015-05-18,11:00:00,130.171,130.171,129.907,130.112,0,0
2015-05-18,12:00:00,130.112,130.309,129.853,130.295,0,0
2015-05-18,13:00:00,130.304,130.546,130.274,130.459,0,0
2015-05-18,14:00:00,130.462,130.489,130.144,130.257,0,0
2015-05-18,15:00:00,130.257,130.315,130.016,130.233,0,0
2015-05-18,16:00:00,130.244,130.326,129.892,129.921,0,0
2015-05-18,17:00:00,129.918,130.062,129.793,129.987,0,0
2015-05-18,18:00:00,129.99,130.04,129.791,129.801,0,0
2015-05-18,19:00:00,129.802,129.887,129.579,129.793,0,0
2015-05-18,20:00:00,129.792,129.863,129.679,129.698,0,0
2015-05-18,21:00:00,129.693,129.698,129.55,129.613,0,0
2015-05-18,22:00:00,129.619,129.657,129.575,129.626,0,0
2015-05-18,23:00:00,129.62,129.694,129.51,129.524,0,0
2015-05-18,23:59:00,129.528,129.581,129.505,129.552,0,0
2015-05-19,01:00:00,129.552,129.572,129.518,129.559,0,0
2015-05-19,02:00:00,129.558,129.559,129.463,129.477,0,0
2015-05-19,03:00:00,129.471,129.518,129.402,129.425,0,0
2015-05-19,04:00:00,129.424,129.455,129.37,129.435,0,0
2015-05-19,05:00:00,129.422,129.547,129.414,129.523,0,0
2015-05-19,06:00:00,129.523,129.564,129.376,129.439,0,0
2015-05-19,07:00:00,129.436,129.509,129.415,129.429,0,0
2015-05-19,08:00:00,129.432,129.554,129.428,129.515,0,0
2015-05-19,09:00:00,129.499,129.726,129.369,129.633,0,0
2015-05-19,10:00:00,129.633,129.636,128.196,128.79,0,0
2015-05-19,11:00:00,128.819,128.933,128.623,128.79,0,0
2015-05-19,12:00:00,128.76,129.063,128.733,129.025,0,0
2015-05-19,13:00:00,129.023,129.117,128.921,129.055,0,0
2015-05-19,14:00:00,129.058,129.138,128.852,129.138,0,0
2015-05-19,15:00:00,129.143,129.185,128.429,128.48,0,0
2015-05-19,16:00:00,128.481,128.89,128.459,128.818,0,0
2015-05-19,17:00:00,128.804,128.873,128.607,128.673,0,0
2015-05-19,18:00:00,128.642,128.853,128.601,128.708,0,0
2015-05-19,19:00:00,128.706,128.81,128.637,128.81,0,0
2015-05-19,20:00:00,128.81,128.841,128.625,128.726,0,0
2015-05-19,21:00:00,128.731,128.856,128.713,128.779,0,0
2015-05-19,22:00:00,128.762,128.926,128.76,128.76,0,0
2015-05-19,23:00:00,128.747,128.844,128.733,128.818,0,0
2015-05-19,23:59:00,128.815,128.844,128.721,128.745,0,0
2015-05-20,01:00:00,128.757,128.797,128.72,128.776,0,0
2015-05-20,02:00:00,128.774,128.784,128.687,128.729,0,0
2015-05-20,03:00:00,128.728,128.952,128.688,128.95,0,0
2015-05-20,04:00:00,128.95,129.013,128.944,128.96,0,0
2015-05-20,05:00:00,128.968,129.093,128.949,129.091,0,0
2015-05-20,06:00:00,129.095,129.125,129.053,129.054,0,0
2015-05-20,07:00:00,129.056,129.118,129.034,129.091,0,0
2015-05-20,08:00:00,129.091,129.227,129.029,129.029,0,0
2015-05-20,09:00:00,128.986,129.059,128.759,128.827,0,0
2015-05-20,10:00:00,128.823,128.923,128.694,128.827,0,0
2015-05-20,11:00:00,128.827,129.191,128.799,128.924,0,0
2015-05-20,12:00:00,128.917,129.072,128.832,128.918,0,0
2015-05-20,13:00:00,128.919,128.984,128.651,128.715,0,0
2015-05-20,14:00:00,128.715,128.979,128.71,128.852,0,0
2015-05-20,15:00:00,128.849,129.21,128.809,129.173,0,0
2015-05-20,16:00:00,129.182,129.188,128.939,129.044,0,0
2015-05-20,17:00:00,129.081,129.248,129.013,129.143,0,0
2015-05-20,18:00:00,129.12,129.28,128.983,129.088,0,0
2015-05-20,19:00:00,129.08,129.386,129.06,129.354,0,0
2015-05-20,20:00:00,129.359,129.601,129.243,129.52,0,0
2015-05-20,21:00:00,129.516,129.659,129.323,129.482,0,0
2015-05-20,22:00:00,129.49,129.534,129.381,129.489,0,0
2015-05-20,23:00:00,129.496,129.549,129.473,129.485,0,0
2015-05-20,23:59:00,129.476,129.598,129.407,129.448,0,0
2015-05-21,01:00:00,129.448,129.473,129.382,129.396,0,0
2015-05-21,02:00:00,129.396,129.504,129.375,129.472,0,0
2015-05-21,03:00:00,129.471,129.555,129.441,129.497,0,0
2015-05-21,04:00:00,129.494,129.61,129.476,129.584,0,0
2015-05-21,05:00:00,129.58,129.715,129.557,129.682,0,0
2015-05-21,06:00:00,129.685,129.755,129.639,129.722,0,0
2015-05-21,07:00:00,129.721,129.739,129.522,129.522,0,0
2015-05-21,08:00:00,129.536,129.554,129.382,129.491,0,0
2015-05-21,09:00:00,129.485,129.485,129.043,129.25,0,0
2015-05-21,10:00:00,129.232,129.629,129.232,129.45,0,0
2015-05-21,11:00:00,129.432,129.762,129.42,129.63,0,0
2015-05-21,12:00:00,129.616,129.755,129.551,129.725,0,0
2015-05-21,13:00:00,129.699,130.078,129.677,129.808,0,0
2015-05-21,14:00:00,129.808,129.921,129.654,129.664,0,0
2015-05-21,15:00:00,129.677,129.759,129.557,129.572,0,0
2015-05-21,16:00:00,129.57,129.691,129.379,129.487,0,0
2015-05-21,17:00:00,129.465,129.659,129.353,129.418,0,0
2015-05-21,18:00:00,129.429,129.579,129.385,129.514,0,0
2015-05-21,19:00:00,129.521,129.614,129.46,129.613,0,0
2015-05-21,20:00:00,129.613,129.62,129.438,129.442,0,0
2015-05-21,21:00:00,129.443,129.511,129.289,129.292,0,0
2015-05-21,22:00:00,129.297,129.347,129.177,129.196,0,0
2015-05-21,23:00:00,129.189,129.272,129.164,129.206,0,0
2015-05-21,23:59:00,129.202,129.281,129.139,129.207,0,0
2015-05-22,01:00:00,129.201,129.272,129.187,129.195,0,0
2015-05-22,02:00:00,129.194,129.233,129.083,129.091,0,0
2015-05-22,03:00:00,129.081,129.216,129.081,129.151,0,0
2015-05-22,04:00:00,129.144,129.187,129.074,129.101,0,0
2015-05-22,05:00:00,129.104,129.258,129.079,129.123,0,0
2015-05-22,06:00:00,129.123,129.226,129.084,129.21,0,0
2015-05-22,07:00:00,129.21,129.262,129.102,129.17,0,0
2015-05-22,08:00:00,129.171,129.25,129.085,129.23,0,0
2015-05-22,09:00:00,129.247,129.394,129.221,129.266,0,0
2015-05-22,10:00:00,129.254,129.378,129.124,129.329,0,0
2015-05-22,11:00:00,129.323,129.577,129.323,129.565,0,0
2015-05-22,12:00:00,129.563,129.965,129.538,129.796,0,0
2015-05-22,13:00:00,129.801,130.006,129.762,129.788,0,0
2015-05-22,14:00:00,129.791,129.859,129.499,129.559,0,0
2015-05-22,15:00:00,129.561,129.677,128.902,129.054,0,0
2015-05-22,16:00:00,129.034,129.034,128.532,128.739,0,0
2015-05-22,17:00:00,128.713,128.89,128.57,128.842,0,0
2015-05-22,18:00:00,128.842,128.937,128.737,128.807,0,0
2015-05-22,19:00:00,128.804,128.911,128.75,128.911,0,0
2015-05-22,20:00:00,128.905,128.917,128.692,128.715,0,0
2015-05-22,21:00:00,128.716,128.843,128.636,128.809,0,0
2015-05-22,22:00:00,128.809,128.824,128.679,128.728,0,0
2015-05-22,23:00:00,128.733,128.753,128.733,128.742,0,0
2015-05-25,01:00:00,128.788,128.888,128.688,128.846,0,0
2015-05-25,02:00:00,128.854,128.905,128.802,128.866,0,0
2015-05-25,03:00:00,128.864,128.98,128.802,128.893,0,0
2015-05-25,04:00:00,128.903,128.982,128.863,128.933,0,0
2015-05-25,05:00:00,128.934,129.06,128.916,129.023,0,0
2015-05-25,06:00:00,129.032,129.075,129.015,129.03,0,0
2015-05-25,07:00:00,129.026,129.087,129.011,129.053,0,0
2015-05-25,08:00:00,129.051,129.161,129.012,129.125,0,0
2015-05-25,09:00:00,129.133,129.288,129.07,129.202,0,0
2015-05-25,10:00:00,129.221,129.273,128.922,128.954,0,0
2015-05-25,11:00:00,128.956,128.968,128.833,128.942,0,0
2015-05-25,12:00:00,128.943,129.082,128.803,128.845,0,0
2015-05-25,13:00:00,128.845,128.851,128.739,128.808,0,0
2015-05-25,14:00:00,128.803,128.926,128.776,128.909,0,0
2015-05-25,15:00:00,128.908,128.972,128.863,128.871,0,0
2015-05-25,16:00:00,128.868,128.96,128.755,128.781,0,0
2015-05-25,17:00:00,128.777,128.782,128.621,128.647,0,0
2015-05-25,18:00:00,128.646,128.718,128.581,128.644,0,0
2015-05-25,19:00:00,128.632,128.641,128.472,128.494,0,0
2015-05-25,20:00:00,128.546,128.546,128.476,128.506,0,0
2015-05-25,21:00:00,128.503,128.54,128.5,128.532,0,0
2015-05-25,22:00:00,128.539,128.602,128.506,128.549,0,0
2015-05-25,23:00:00,128.538,128.646,128.521,128.628,0,0
2015-05-25,23:59:00,128.628,128.638,128.535,128.569,0,0
2015-05-26,01:00:00,128.569,128.651,128.534,128.62,0,0
2015-05-26,02:00:00,128.634,128.635,128.573,128.624,0,0
2015-05-26,03:00:00,128.623,128.633,128.509,128.572,0,0
2015-05-26,04:00:00,128.572,128.643,128.508,128.552,0,0
2015-05-26,05:00:00,128.546,128.753,128.54,128.708,0,0
2015-05-26,06:00:00,128.708,128.728,128.579,128.619,0,0
2015-05-26,07:00:00,128.618,128.647,128.57,128.607,0,0
2015-05-26,08:00:00,128.607,128.683,128.56,128.626,0,0
2015-05-26,09:00:00,128.617,129.142,128.593,128.902,0,0
2015-05-26,10:00:00,128.885,129.142,128.871,129.039,0,0
2015-05-26,11:00:00,129.037,129.22,128.949,129.141,0,0
2015-05-26,12:00:00,129.144,129.467,129.14,129.442,0,0
2015-05-26,13:00:00,129.446,129.61,129.212,129.263,0,0
2015-05-26,14:00:00,129.271,129.443,129.244,129.441,0,0
2015-05-26,15:00:00,129.448,129.783,129.316,129.751,0,0
2015-05-26,16:00:00,129.755,129.958,129.662,129.776,0,0
2015-05-26,17:00:00,129.791,129.898,129.499,129.65,0,0
2015-05-26,18:00:00,129.612,129.726,129.475,129.495,0,0
2015-05-26,19:00:00,129.484,129.532,129.403,129.43,0,0
2015-05-26,20:00:00,129.43,129.44,129.263,129.306,0,0
2015-05-26,21:00:00,129.305,129.419,129.124,129.14,0,0
2015-05-26,22:00:00,129.144,129.18,129.09,129.138,0,0
2015-05-26,23:00:00,129.138,129.237,129.092,129.122,0,0
2015-05-26,23:59:00,129.141,129.16,129.037,129.069,0,0
2015-05-27,01:00:00,129.064,129.179,129.064,129.141,0,0
2015-05-27,02:00:00,129.14,129.218,129.083,129.207,0,0
2015-05-27,03:00:00,129.207,129.229,129.093,129.168,0,0
2015-05-27,04:00:00,129.163,129.329,129.163,129.231,0,0
2015-05-27,05:00:00,129.229,129.302,129.193,129.231,0,0
2015-05-27,06:00:00,129.244,129.331,129.24,129.309,0,0
2015-05-27,07:00:00,129.311,129.444,129.302,129.409,0,0
2015-05-27,08:00:00,129.416,129.501,129.359,129.398,0,0
2015-05-27,09:00:00,129.394,129.813,129.374,129.802,0,0
2015-05-27,10:00:00,129.795,129.837,129.617,129.776,0,0
2015-05-27,11:00:00,129.775,129.916,129.712,129.833,0,0
2015-05-27,12:00:00,129.836,130.116,129.823,130.083,0,0
2015-05-27,13:00:00,130.082,130.318,130.005,130.136,0,0
2015-05-27,14:00:00,130.169,130.239,129.943,130.03,0,0
2015-05-27,15:00:00,130.025,130.18,129.754,129.766,0,0
2015-05-27,16:00:00,129.77,129.955,129.522,129.834,0,0
2015-05-27,17:00:00,129.83,130.233,129.807,130.096,0,0
2015-05-27,18:00:00,130.105,130.427,129.999,130.167,0,0
2015-05-27,19:00:00,130.156,130.318,130.134,130.306,0,0
2015-05-27,20:00:00,130.311,130.501,130.264,130.339,0,0
2015-05-27,21:00:00,130.34,130.373,130.104,130.201,0,0
2015-05-27,22:00:00,130.197,130.245,130.143,130.199,0,0
2015-05-27,23:00:00,130.214,130.267,130.127,130.267,0,0
2015-05-27,23:59:00,130.231,130.312,130.168,130.19,0,0
2015-05-28,01:00:00,130.187,130.308,130.164,130.287,0,0
2015-05-28,02:00:00,130.287,130.31,130.244,130.262,0,0
2015-05-28,03:00:00,130.254,130.368,130.207,130.323,0,0
2015-05-28,04:00:00,130.326,130.418,130.266,130.414,0,0
2015-05-28,05:00:00,130.432,130.814,130.414,130.716,0,0
2015-05-28,06:00:00,130.715,130.919,130.664,130.78,0,0
2015-05-28,07:00:00,130.78,130.925,130.706,130.769,0,0
2015-05-28,08:00:00,130.769,130.801,130.46,130.61,0,0
2015-05-28,09:00:00,130.6,130.835,130.516,130.726,0,0
2015-05-28,10:00:00,130.719,130.835,130.557,130.779,0,0
2015-05-28,11:00:00,130.787,131.021,130.717,130.942,0,0
2015-05-28,12:00:00,130.935,131.138,130.833,131.134,0,0
2015-05-28,13:00:00,131.135,131.239,131.018,131.104,0,0
2015-05-28,14:00:00,131.102,131.151,130.801,130.848,0,0
2015-05-28,15:00:00,130.834,130.932,130.634,130.83,0,0
2015-05-28,16:00:00,130.83,131.01,130.744,130.939,0,0
2015-05-28,17:00:00,130.93,131.38,130.874,131.38,0,0
2015-05-28,18:00:00,131.375,131.421,131.217,131.302,0,0
2015-05-28,19:00:00,131.309,131.413,131.082,131.096,0,0
2015-05-28,20:00:00,131.102,131.298,131.013,131.149,0,0
2015-05-28,21:00:00,131.146,131.44,131.146,131.422,0,0
2015-05-28,22:00:00,131.42,131.496,131.354,131.354,0,0
2015-05-28,23:00:00,131.342,131.455,131.279,131.323,0,0
2015-05-28,23:59:00,131.33,131.497,131.151,131.376,0,0
2015-05-29,01:00:00,131.395,131.434,131.286,131.337,0,0
2015-05-29,02:00:00,131.335,131.42,131.243,131.296,0,0
2015-05-29,03:00:00,131.296,131.329,131.132,131.263,0,0
2015-05-29,04:00:00,131.268,131.29,131.139,131.197,0,0
2015-05-29,05:00:00,131.197,131.26,131.118,131.211,0,0
2015-05-29,06:00:00,131.209,131.374,131.199,131.369,0,0
2015-05-29,07:00:00,131.369,131.47,131.302,131.415,0,0
2015-05-29,08:00:00,131.405,131.439,131.299,131.321,0,0
2015-05-29,09:00:00,131.301,131.373,130.817,130.817,0,0
2015-05-29,10:00:00,130.811,131.131,130.77,131.044,0,0
2015-05-29,11:00:00,131.056,131.35,131.014,131.139,0,0
2015-05-29,12:00:00,131.11,131.533,131.085,131.53,0,0
2015-05-29,13:00:00,131.523,131.568,131.377,131.53,0,0
2015-05-29,14:00:00,131.544,131.578,131.375,131.557,0,0
2015-05-29,15:00:00,131.561,131.888,131.39,131.808,0,0
2015-05-29,16:00:00,131.814,132.464,131.756,132.294,0,0
2015-05-29,17:00:00,132.261,132.364,131.473,131.485,0,0
2015-05-29,18:00:00,131.454,131.826,131.362,131.807,0,0
2015-05-29,19:00:00,131.799,131.957,131.727,131.738,0,0
2015-05-29,20:00:00,131.739,132.065,131.739,131.984,0,0
2015-05-29,21:00:00,131.992,132.053,131.94,131.972,0,0
2015-05-29,22:00:00,131.991,132.113,131.949,132.059,0,0
2015-05-29,23:00:00,132.051,132.053,132.011,132.011,0,0
2015-06-01,01:00:00,132.09,132.09,131.97,131.991,0,0
2015-06-01,02:00:00,131.994,132.046,131.901,131.966,0,0
2015-06-01,03:00:00,131.977,131.981,131.754,131.837,0,0
2015-06-01,04:00:00,131.837,131.905,131.708,131.724,0,0
2015-06-01,05:00:00,131.743,131.774,131.645,131.693,0,0
2015-06-01,06:00:00,131.692,131.787,131.641,131.708,0,0
2015-06-01,07:00:00,131.708,131.709,131.606,131.624,0,0
2015-06-01,08:00:00,131.624,131.686,131.553,131.686,0,0
2015-06-01,09:00:00,131.681,131.699,131.265,131.277,0,0
2015-06-01,10:00:00,131.288,131.336,131.034,131.168,0,0
2015-06-01,11:00:00,131.173,131.226,130.943,131.043,0,0
2015-06-01,12:00:00,131.049,131.168,130.911,131.124,0,0
2015-06-01,13:00:00,131.113,131.312,130.987,131.235,0,0
2015-06-01,14:00:00,131.233,131.433,131.086,131.396,0,0
2015-06-01,15:00:00,131.393,131.517,131.274,131.337,0,0
2015-06-01,16:00:00,131.351,131.807,131.335,131.746,0,0
2015-06-01,17:00:00,131.755,131.944,131.544,131.584,0,0
2015-06-01,18:00:00,131.599,131.706,131.442,131.643,0,0
2015-06-01,19:00:00,131.644,131.953,131.625,131.897,0,0
2015-06-01,20:00:00,131.906,132.07,131.883,132.003,0,0
2015-06-01,21:00:00,132.01,132.027,131.92,132.01,0,0
2015-06-01,22:00:00,132.01,132.053,131.876,131.893,0,0
2015-06-01,23:00:00,131.902,132.018,131.854,131.915,0,0
2015-06-01,23:59:00,131.899,132.065,131.698,131.906,0,0
2015-06-02,01:00:00,131.897,131.992,131.885,131.973,0,0
2015-06-02,02:00:00,131.976,132.041,131.952,131.974,0,0
2015-06-02,03:00:00,131.981,132.083,131.936,132.056,0,0
2015-06-02,04:00:00,132.059,132.086,132.017,132.085,0,0
2015-06-02,05:00:00,132.087,132.22,131.957,132.038,0,0
2015-06-02,06:00:00,132.037,132.105,131.919,132.052,0,0
2015-06-02,07:00:00,132.052,132.071,131.939,131.99,0,0
2015-06-02,08:00:00,131.978,132.076,131.887,131.892,0,0
2015-06-02,09:00:00,131.891,132.296,131.795,132.246,0,0
2015-06-02,10:00:00,132.224,132.336,132.016,132.021,0,0
2015-06-02,11:00:00,131.989,132.277,131.912,132.261,0,0
2015-06-02,12:00:00,132.283,132.589,132.283,132.494,0,0
2015-06-02,13:00:00,132.495,132.845,132.416,132.686,0,0
2015-06-02,14:00:00,132.688,132.889,132.413,132.467,0,0
2015-06-02,15:00:00,132.471,132.63,132.238,132.618,0,0
2015-06-02,16:00:00,132.62,133.175,132.62,132.976,0,0
2015-06-02,17:00:00,132.978,133.117,132.606,132.853,0,0
2015-06-02,18:00:00,132.852,133.083,132.838,132.902,0,0
2015-06-02,19:00:00,132.897,133.049,132.8,132.96,0,0
2015-06-02,20:00:00,132.951,132.998,132.852,132.985,0,0
2015-06-02,21:00:00,132.985,133.134,132.933,133.134,0,0
2015-06-02,22:00:00,133.171,133.171,132.92,132.984,0,0
2015-06-02,23:00:00,132.985,133.05,132.94,133.017,0,0
2015-06-02,23:59:00,133.015,133.036,132.932,132.972,0,0
2015-06-03,01:00:00,132.965,133.027,132.92,132.922,0,0
2015-06-03,02:00:00,132.922,132.963,132.846,132.891,0,0
2015-06-03,03:00:00,132.889,132.995,132.829,132.944,0,0
2015-06-03,04:00:00,132.941,132.95,132.741,132.754,0,0
2015-06-03,05:00:00,132.759,132.927,132.723,132.916,0,0
2015-06-03,06:00:00,132.916,132.951,132.861,132.877,0,0
2015-06-03,07:00:00,132.857,132.908,132.794,132.833,0,0
2015-06-03,08:00:00,132.842,132.981,132.798,132.833,0,0
2015-06-03,09:00:00,132.834,133.159,132.756,132.921,0,0
2015-06-03,10:00:00,132.919,132.965,132.616,132.911,0,0
2015-06-03,11:00:00,132.919,133.096,132.879,132.879,0,0
2015-06-03,12:00:00,132.921,133.047,132.756,132.967,0,0
2015-06-03,13:00:00,132.959,133.096,132.83,132.927,0,0
2015-06-03,14:00:00,132.912,133.027,132.622,132.669,0,0
2015-06-03,15:00:00,132.667,132.813,132.209,132.561,0,0
2015-06-03,16:00:00,132.558,133.253,132.556,133.2,0,0
2015-06-03,17:00:00,133.205,133.246,132.708,132.749,0,0
2015-06-03,18:00:00,132.753,133.067,132.732,132.864,0,0
2015-06-03,19:00:00,132.867,133.175,132.867,133.092,0,0
2015-06-03,20:00:00,133.092,133.115,132.917,132.939,0,0
2015-06-03,21:00:00,132.947,133.064,132.873,132.9,0,0
2015-06-03,22:00:00,132.887,132.992,132.878,132.967,0,0
2015-06-03,23:00:00,132.959,133.072,132.944,133.027,0,0
2015-06-03,23:59:00,133.041,133.071,132.968,133.053,0,0
2015-06-04,01:00:00,133.054,133.115,132.979,133.115,0,0
2015-06-04,02:00:00,133.11,133.132,132.985,133.006,0,0
2015-06-04,03:00:00,133.011,133.129,133.01,133.083,0,0
2015-06-04,04:00:00,133.083,133.285,133.062,133.247,0,0
2015-06-04,05:00:00,133.243,133.294,133.165,133.235,0,0
2015-06-04,06:00:00,133.235,133.279,133.184,133.188,0,0
2015-06-04,07:00:00,133.188,133.278,133.188,133.23,0,0
2015-06-04,08:00:00,133.235,133.253,133.047,133.107,0,0
2015-06-04,09:00:00,133.103,133.181,132.664,132.775,0,0
2015-06-04,10:00:00,132.778,132.887,132.592,132.823,0,0
2015-06-04,11:00:00,132.821,133.438,132.726,133.38,0,0
2015-06-04,12:00:00,133.395,133.596,133.329,133.452,0,0
2015-06-04,13:00:00,133.442,133.499,133.328,133.458,0,0
2015-06-04,14:00:00,133.458,133.563,133.111,133.125,0,0
2015-06-04,15:00:00,133.138,133.312,133.049,133.297,0,0
2015-06-04,16:00:00,133.298,133.327,133.068,133.122,0,0
2015-06-04,17:00:00,133.126,133.403,133.078,133.274,0,0
2015-06-04,18:00:00,133.269,133.357,133.191,133.317,0,0
2015-06-04,19:00:00,133.33,133.677,133.284,133.48,0,0
2015-06-04,20:00:00,133.473,133.537,133.068,133.18,0,0
2015-06-04,21:00:00,133.192,133.358,133.168,133.32,0,0
2015-06-04,22:00:00,133.33,133.357,133.211,133.256,0,0
2015-06-04,23:00:00,133.286,133.3,133.204,133.204,0,0
2015-06-04,23:59:00,133.193,133.308,133.182,133.251,0,0
2015-06-05,01:00:00,133.261,133.271,133.076,133.106,0,0
2015-06-05,02:00:00,133.103,133.151,132.921,133.038,0,0
2015-06-05,03:00:00,133.044,133.161,133.031,133.108,0,0
2015-06-05,04:00:00,133.107,133.139,132.993,133.119,0,0
2015-06-05,05:00:00,133.13,133.145,133.066,133.079,0,0
2015-06-05,06:00:00,133.078,133.172,133.062,133.172,0,0
2015-06-05,07:00:00,133.172,133.335,133.143,133.252,0,0
2015-06-05,08:00:00,133.261,133.333,133.194,133.333,0,0
2015-06-05,09:00:00,133.345,133.505,133.266,133.501,0,0
2015-06-05,10:00:00,133.507,134.081,133.476,133.924,0,0
2015-06-05,11:00:00,133.92,134.024,133.748,133.778,0,0
2015-06-05,12:00:00,133.779,133.974,133.682,133.948,0,0
2015-06-05,13:00:00,133.948,133.948,133.52,133.581,0,0
2015-06-05,14:00:00,133.574,133.79,133.554,133.74,0,0
2015-06-05,15:00:00,133.731,133.796,132.839,132.858,0,0
2015-06-05,16:00:00,132.866,132.898,132.38,132.508,0,0
2015-06-05,17:00:00,132.504,132.928,132.488,132.674,0,0
2015-06-05,18:00:00,132.678,133.127,132.624,133.101,0,0
2015-06-05,19:00:00,133.104,133.514,133.043,133.513,0,0
2015-06-05,20:00:00,133.538,133.689,133.375,133.574,0,0
2015-06-05,21:00:00,133.582,133.869,133.551,133.697,0,0
2015-06-05,22:00:00,133.696,133.746,133.589,133.686,0,0
2015-06-05,23:00:00,133.654,133.666,133.648,133.666,0,0
2015-06-08,01:00:00,133.461,133.647,133.456,133.603,0,0
2015-06-08,02:00:00,133.614,133.659,133.538,133.538,0,0
2015-06-08,03:00:00,133.537,133.571,133.301,133.332,0,0
2015-06-08,04:00:00,133.326,133.376,133.187,133.2,0,0
2015-06-08,05:00:00,133.203,133.208,133.073,133.207,0,0
2015-06-08,06:00:00,133.23,133.283,133.182,133.266,0,0
2015-06-08,07:00:00,133.276,133.326,133.215,133.286,0,0
2015-06-08,08:00:00,133.289,133.372,133.224,133.34,0,0
2015-06-08,09:00:00,133.361,133.486,133.082,133.173,0,0
2015-06-08,10:00:00,133.178,133.636,133.178,133.557,0,0
2015-06-08,11:00:00,133.566,133.794,133.332,133.361,0,0
2015-06-08,12:00:00,133.365,133.537,133.215,133.225,0,0
2015-06-08,13:00:00,133.213,133.325,133.154,133.309,0,0
2015-06-08,14:00:00,133.31,133.658,133.306,133.595,0,0
2015-06-08,15:00:00,133.592,133.86,133.496,133.503,0,0
2015-06-08,16:00:00,133.5,133.664,133.382,133.541,0,0
2015-06-08,17:00:00,133.545,133.934,133.511,133.837,0,0
2015-06-08,18:00:00,133.841,134.193,133.762,134.02,0,0
2015-06-08,19:00:00,134.022,134.193,134.001,134.139,0,0
2015-06-08,20:00:00,134.112,134.461,134.097,134.313,0,0
2015-06-08,21:00:00,134.302,134.341,134.072,134.112,0,0
2015-06-08,22:00:00,134.105,134.118,133.914,133.973,0,0
2015-06-08,23:00:00,133.968,134.346,133.968,134.235,0,0
2015-06-08,23:59:00,134.222,134.36,134.18,134.304,0,0
2015-06-09,01:00:00,134.286,134.383,134.246,134.375,0,0
2015-06-09,02:00:00,134.375,134.407,134.304,134.324,0,0
2015-06-09,03:00:00,134.324,134.437,134.292,134.312,0,0
2015-06-09,04:00:00,134.31,134.502,134.266,134.331,0,0
2015-06-09,05:00:00,134.405,134.405,134.307,134.351,0,0
2015-06-09,06:00:00,134.352,134.431,134.311,134.431,0,0
2015-06-09,07:00:00,134.434,134.48,134.383,134.419,0,0
2015-06-09,08:00:00,134.42,134.42,134.234,134.303,0,0
2015-06-09,09:00:00,134.298,134.373,133.956,134.19,0,0
2015-06-09,10:00:00,134.189,134.48,133.936,134.405,0,0
2015-06-09,11:00:00,134.39,134.618,133.948,134.009,0,0
2015-06-09,12:00:00,134.029,134.078,133.629,133.666,0,0
2015-06-09,13:00:00,133.657,133.734,133.439,133.728,0,0
2015-06-09,14:00:00,133.749,133.875,133.323,133.335,0,0
2015-06-09,15:00:00,133.32,133.45,133.221,133.337,0,0
2015-06-09,16:00:00,133.34,133.724,133.269,133.644,0,0
2015-06-09,17:00:00,133.674,133.696,133.397,133.546,0,0
2015-06-09,18:00:00,133.548,133.815,133.511,133.562,0,0
2015-06-09,19:00:00,133.564,133.673,133.39,133.496,0,0
2015-06-09,20:00:00,133.495,133.681,133.39,133.662,0,0
2015-06-09,21:00:00,133.661,133.692,133.513,133.545,0,0
2015-06-09,22:00:00,133.54,133.607,133.515,133.565,0,0
2015-06-09,23:00:00,133.566,133.605,133.529,133.593,0,0
2015-06-09,23:59:00,133.597,133.597,133.506,133.537,0,0
2015-06-10,01:00:00,133.537,133.599,133.517,133.597,0,0
2015-06-10,02:00:00,133.598,133.709,133.558,133.646,0,0
2015-06-10,03:00:00,133.645,133.828,133.645,133.77,0,0
2015-06-10,04:00:00,133.759,133.821,133.65,133.691,0,0
2015-06-10,05:00:00,133.693,133.705,133.6,133.627,0,0
2015-06-10,06:00:00,133.625,133.755,133.625,133.692,0,0
2015-06-10,07:00:00,133.692,133.692,132.142,132.307,0,0
2015-06-10,08:00:00,132.326,132.396,131.9,132.09,0,0
2015-06-10,09:00:00,132.124,132.572,131.931,132.545,0,0
2015-06-10,10:00:00,132.591,132.812,132.537,132.702,0,0
2015-06-10,11:00:00,132.708,132.958,132.308,132.33,0,0
2015-06-10,12:00:00,132.328,132.453,132.141,132.141,0,0
2015-06-10,13:00:00,132.142,132.663,132.115,132.633,0,0
2015-06-10,14:00:00,132.634,132.71,132.246,132.247,0,0
2015-06-10,15:00:00,132.244,132.413,132.107,132.19,0,0
2015-06-10,16:00:00,132.18,132.598,132.18,132.302,0,0
2015-06-10,17:00:00,132.291,132.452,132.003,132.082,0,0
2015-06-10,18:00:00,132.049,132.419,131.989,132.055,0,0
2015-06-10,19:00:00,132.044,132.115,131.734,131.828,0,0
2015-06-10,20:00:00,131.833,131.87,131.573,131.646,0,0
2015-06-10,21:00:00,131.648,131.779,131.603,131.67,0,0
2015-06-10,22:00:00,131.678,131.778,131.657,131.706,0,0
2015-06-10,23:00:00,131.706,131.752,131.624,131.712,0,0
2015-06-10,23:59:00,131.726,131.845,131.644,131.71,0,0
2015-06-11,01:00:00,131.711,131.789,131.666,131.737,0,0
2015-06-11,02:00:00,131.738,131.825,131.71,131.82,0,0
2015-06-11,03:00:00,131.824,132.006,131.824,131.971,0,0
2015-06-11,04:00:00,131.973,131.98,131.791,131.913,0,0
2015-06-11,05:00:00,131.912,131.971,131.808,131.945,0,0
2015-06-11,06:00:00,131.928,131.98,131.902,131.939,0,0
2015-06-11,07:00:00,131.94,132.11,131.864,132.083,0,0
2015-06-11,08:00:00,132.092,132.257,132.024,132.239,0,0
2015-06-11,09:00:00,132.247,132.49,132.19,132.272,0,0
2015-06-11,10:00:00,132.26,132.441,132.098,132.375,0,0
2015-06-11,11:00:00,132.349,132.361,131.788,132.068,0,0
2015-06-11,12:00:00,132.071,132.263,131.99,132.11,0,0
2015-06-11,13:00:00,132.112,132.368,132.079,132.361,0,0
2015-06-11,14:00:00,132.363,132.37,132.093,132.109,0,0
2015-06-11,15:00:00,132.112,132.24,131.858,132.096,0,0
2015-06-11,16:00:00,132.094,132.204,131.928,132.077,0,0
2015-06-11,17:00:00,132.077,132.215,131.766,132.1,0,0
2015-06-11,18:00:00,132.104,132.294,131.922,132.01,0,0
2015-06-11,19:00:00,132.009,132.082,131.866,132.046,0,0
2015-06-11,20:00:00,132.047,132.066,131.915,131.988,0,0
2015-06-11,21:00:00,131.987,132.145,131.987,132.105,0,0
2015-06-11,22:00:00,132.108,132.316,132.087,132.261,0,0
2015-06-11,23:00:00,132.254,132.291,132.143,132.248,0,0
2015-06-11,23:59:00,132.263,132.398,132.207,132.234,0,0
2015-06-12,01:00:00,132.228,132.336,132.174,132.271,0,0
2015-06-12,02:00:00,132.271,132.404,132.236,132.327,0,0
2015-06-12,03:00:00,132.341,132.381,132.251,132.281,0,0
2015-06-12,04:00:00,132.292,132.408,132.216,132.408,0,0
2015-06-12,05:00:00,132.432,132.432,132.258,132.307,0,0
2015-06-12,06:00:00,132.308,132.406,132.279,132.325,0,0
2015-06-12,07:00:00,132.329,132.383,132.014,132.127,0,0
2015-06-12,08:00:00,132.124,132.25,132.097,132.199,0,0
2015-06-12,09:00:00,132.196,132.372,132.172,132.262,0,0
2015-06-12,10:00:00,132.261,132.589,132.261,132.391,0,0
2015-06-12,11:00:00,132.399,132.597,131.761,132.027,0,0
2015-06-12,12:00:00,132.032,132.371,131.946,132.269,0,0
2015-06-12,13:00:00,132.266,132.462,132.208,132.411,0,0
2015-06-12,14:00:00,132.411,132.475,132.232,132.394,0,0
2015-06-12,15:00:00,132.393,132.954,132.363,132.917,0,0
2015-06-12,16:00:00,132.925,133.225,132.775,132.816,0,0
2015-06-12,17:00:00,132.834,133.149,132.743,133.051,0,0
2015-06-12,18:00:00,133.041,133.242,132.967,133.062,0,0
2015-06-12,19:00:00,133.059,133.263,132.975,133.16,0,0
2015-06-12,20:00:00,133.158,133.223,133.048,133.113,0,0
2015-06-12,21:00:00,133.116,133.177,132.966,132.982,0,0
2015-06-12,22:00:00,132.989,132.995,132.741,132.764,0,0
2015-06-12,23:00:00,132.78,132.807,132.78,132.797,0,0
2015-06-15,01:00:00,132.559,132.745,132.559,132.672,0,0
2015-06-15,02:00:00,132.683,132.737,132.57,132.629,0,0
2015-06-15,03:00:00,132.636,132.66,132.322,132.57,0,0
2015-06-15,04:00:00,132.57,132.599,132.268,132.275,0,0
2015-06-15,05:00:00,132.278,132.432,132.226,132.431,0,0
2015-06-15,06:00:00,132.432,132.511,132.4,132.459,0,0
2015-06-15,07:00:00,132.458,132.525,132.392,132.499,0,0
2015-06-15,08:00:00,132.51,132.532,132.352,132.352,0,0
2015-06-15,09:00:00,132.359,132.647,132.256,132.644,0,0
2015-06-15,10:00:00,132.641,132.753,132.464,132.657,0,0
2015-06-15,11:00:00,132.646,132.963,132.571,132.719,0,0
2015-06-15,12:00:00,132.712,132.816,132.51,132.575,0,0
2015-06-15,13:00:00,132.579,132.759,132.376,132.435,0,0
2015-06-15,14:00:00,132.443,132.452,131.915,131.916,0,0
2015-06-15,15:00:00,131.922,131.932,131.72,131.788,0,0
2015-06-15,16:00:00,131.788,131.833,131.509,131.822,0,0
2015-06-15,17:00:00,131.823,132.056,131.749,132.049,0,0
2015-06-15,18:00:00,132.039,132.071,131.801,131.934,0,0
2015-06-15,19:00:00,131.957,132.238,131.834,132.212,0,0
2015-06-15,20:00:00,132.206,132.322,132.043,132.278,0,0
2015-06-15,21:00:00,132.259,132.516,132.255,132.511,0,0
2015-06-15,22:00:00,132.509,133.002,132.509,132.85,0,0
2015-06-15,23:00:00,132.838,132.871,132.716,132.783,0,0
2015-06-15,23:59:00,132.767,132.86,132.669,132.696,0,0
2015-06-16,01:00:00,132.694,132.765,132.685,132.718,0,0
2015-06-16,02:00:00,132.715,132.755,132.69,132.717,0,0
2015-06-16,03:00:00,132.719,132.743,132.572,132.615,0,0
2015-06-16,04:00:00,132.616,132.909,132.524,132.711,0,0
2015-06-16,05:00:00,132.714,132.882,132.713,132.782,0,0
2015-06-16,06:00:00,132.785,132.929,132.773,132.895,0,0
2015-06-16,07:00:00,132.891,132.953,132.872,132.903,0,0
2015-06-16,08:00:00,132.902,132.971,132.778,132.929,0,0
2015-06-16,09:00:00,132.931,133.236,132.759,133.224,0,0
2015-06-16,10:00:00,133.24,133.264,132.708,132.777,0,0
2015-06-16,11:00:00,132.771,133.048,132.641,132.686,0,0
2015-06-16,12:00:00,132.678,132.734,132.492,132.581,0,0
2015-06-16,13:00:00,132.583,132.803,132.514,132.58,0,0
2015-06-16,14:00:00,132.6,132.741,132.415,132.44,0,0
2015-06-16,15:00:00,132.441,132.46,132.2,132.396,0,0
2015-06-16,16:00:00,132.389,132.586,132.273,132.509,0,0
2015-06-16,17:00:00,132.504,132.568,132.29,132.563,0,0
2015-06-16,18:00:00,132.563,132.584,132.234,132.294,0,0
2015-06-16,19:00:00,132.303,132.341,132.197,132.266,0,0
2015-06-16,20:00:00,132.273,132.325,132.194,132.31,0,0
2015-06-16,21:00:00,132.306,132.386,132.272,132.324,0,0
2015-06-16,22:00:00,132.313,132.388,132.291,132.291,0,0
2015-06-16,23:00:00,132.29,132.425,132.29,132.321,0,0
2015-06-16,23:59:00,132.323,132.374,132.315,132.331,0,0
2015-06-17,01:00:00,132.331,132.411,132.29,132.4,0,0
2015-06-17,02:00:00,132.399,132.488,132.383,132.488,0,0
2015-06-17,03:00:00,132.486,132.493,132.398,132.465,0,0
2015-06-17,04:00:00,132.463,132.61,132.439,132.559,0,0
2015-06-17,05:00:00,132.559,132.601,132.534,132.588,0,0
2015-06-17,06:00:00,132.588,132.659,132.575,132.61,0,0
2015-06-17,07:00:00,132.611,132.652,132.577,132.612,0,0
2015-06-17,08:00:00,132.619,132.777,132.61,132.649,0,0
2015-06-17,09:00:00,132.658,132.959,132.604,132.867,0,0
2015-06-17,10:00:00,132.864,133.94,132.842,133.6,0,0
2015-06-17,11:00:00,133.569,133.84,133.531,133.71,0,0
2015-06-17,12:00:00,133.726,133.755,133.518,133.542,0,0
2015-06-17,13:00:00,133.538,133.595,133.386,133.393,0,0
2015-06-17,14:00:00,133.393,133.588,133.393,133.541,0,0
2015-06-17,15:00:00,133.554,133.893,133.5,133.717,0,0
2015-06-17,16:00:00,133.723,133.922,133.723,133.857,0,0
2015-06-17,17:00:00,133.867,133.903,133.492,133.597,0,0
2015-06-17,18:00:00,133.63,134.072,133.579,133.95,0,0
2015-06-17,19:00:00,133.982,134.171,133.926,134.097,0,0
2015-06-17,20:00:00,134.096,134.24,133.99,134.24,0,0
2015-06-17,21:00:00,134.337,134.337,133.711,133.808,0,0
2015-06-17,22:00:00,133.792,133.993,133.79,133.869,0,0
2015-06-17,23:00:00,133.85,133.935,133.801,133.875,0,0
2015-06-17,23:59:00,133.908,133.939,133.772,133.836,0,0
2015-06-18,01:00:00,133.839,133.942,133.819,133.917,0,0
2015-06-18,02:00:00,133.921,134.203,133.888,134.149,0,0
2015-06-18,03:00:00,134.154,134.199,134.053,134.101,0,0
2015-06-18,04:00:00,134.102,134.115,133.77,133.836,0,0
2015-06-18,05:00:00,133.838,133.933,133.706,133.706,0,0
2015-06-18,06:00:00,133.711,133.823,133.699,133.81,0,0
2015-06-18,07:00:00,133.803,133.811,133.72,133.776,0,0
2015-06-18,08:00:00,133.777,133.801,133.529,133.59,0,0
2015-06-18,09:00:00,133.588,133.644,133.4,133.583,0,0
2015-06-18,10:00:00,133.575,133.706,133.324,133.649,0,0
2015-06-18,11:00:00,133.657,134.002,133.589,133.809,0,0
2015-06-18,12:00:00,133.78,133.864,133.505,133.854,0,0
2015-06-18,13:00:00,133.847,133.861,133.613,133.83,0,0
2015-06-18,14:00:00,133.855,133.983,133.655,133.76,0,0
2015-06-18,15:00:00,133.767,133.973,133.602,133.824,0,0
2015-06-18,16:00:00,133.839,134.058,133.828,133.863,0,0
2015-06-18,17:00:00,133.877,134.059,133.74,133.883,0,0
2015-06-18,18:00:00,133.887,134.032,133.531,133.609,0,0
2015-06-18,19:00:00,133.585,133.669,133.17,133.267,0,0
2015-06-18,20:00:00,133.255,133.381,133.179,133.35,0,0
2015-06-18,21:00:00,133.344,133.497,133.281,133.44,0,0
2015-06-18,22:00:00,133.452,133.462,133.321,133.428,0,0
2015-06-18,23:00:00,133.444,133.469,133.38,133.399,0,0
2015-06-18,23:59:00,133.481,133.506,133.398,133.411,0,0
2015-06-19,01:00:00,133.419,133.534,133.391,133.505,0,0
2015-06-19,02:00:00,133.505,133.551,133.468,133.49,0,0
2015-06-19,03:00:00,133.491,133.64,133.463,133.484,0,0
2015-06-19,04:00:00,133.485,133.509,133.426,133.455,0,0
2015-06-19,05:00:00,133.458,133.491,133.423,133.453,0,0
2015-06-19,06:00:00,133.458,133.55,133.407,133.534,0,0
2015-06-19,07:00:00,133.531,133.561,133.434,133.503,0,0
2015-06-19,08:00:00,133.498,133.571,133.473,133.568,0,0
2015-06-19,09:00:00,133.563,133.567,133.341,133.412,0,0
2015-06-19,10:00:00,133.419,133.458,133.071,133.29,0,0
2015-06-19,11:00:00,133.317,133.446,133.282,133.305,0,0
2015-06-19,12:00:00,133.286,133.559,133.259,133.284,0,0
2015-06-19,13:00:00,133.294,133.494,133.153,133.423,0,0
2015-06-19,14:00:00,133.397,133.435,133.16,133.208,0,0
2015-06-19,15:00:00,133.21,133.36,133.133,133.219,0,0
2015-06-19,16:00:00,133.213,133.213,132.848,132.92,0,0
2015-06-19,17:00:00,132.937,133.103,132.884,133.102,0,0
2015-06-19,18:00:00,133.094,133.312,133.076,133.261,0,0
2015-06-19,19:00:00,133.27,133.45,133.209,133.213,0,0
2015-06-19,20:00:00,133.212,133.574,133.181,133.57,0,0
2015-06-19,21:00:00,133.562,133.79,133.562,133.736,0,0
2015-06-19,22:00:00,133.735,133.84,133.662,133.813,0,0
2015-06-19,23:00:00,133.819,133.824,133.777,133.78,0,0
2015-06-22,01:00:00,134.012,134.012,133.743,133.758,0,0
2015-06-22,02:00:00,133.777,133.807,133.642,133.663,0,0
2015-06-22,03:00:00,133.665,133.83,133.656,133.704,0,0
2015-06-22,04:00:00,133.704,133.859,133.685,133.801,0,0
2015-06-22,05:00:00,133.801,133.851,133.739,133.832,0,0
2015-06-22,06:00:00,133.841,133.876,133.734,133.745,0,0
2015-06-22,07:00:00,133.748,133.936,133.732,133.86,0,0
2015-06-22,08:00:00,133.862,133.874,133.651,133.716,0,0
2015-06-22,09:00:00,133.712,134.087,133.63,133.863,0,0
2015-06-22,10:00:00,133.861,134.188,133.651,133.746,0,0
2015-06-22,11:00:00,133.792,133.827,133.514,133.72,0,0
2015-06-22,12:00:00,133.718,133.842,133.658,133.811,0,0
2015-06-22,13:00:00,133.82,134.01,133.679,133.866,0,0
2015-06-22,14:00:00,133.85,134.008,133.698,133.728,0,0
2015-06-22,15:00:00,133.72,134.279,133.615,133.944,0,0
2015-06-22,16:00:00,133.951,134.198,133.548,133.743,0,0
2015-06-22,17:00:00,133.75,134.522,133.641,134.329,0,0
2015-06-22,18:00:00,134.321,134.386,134.132,134.158,0,0
2015-06-22,19:00:00,134.163,134.163,133.812,133.971,0,0
2015-06-22,20:00:00,133.965,134.042,133.844,133.875,0,0
2015-06-22,21:00:00,133.874,134.084,133.866,133.883,0,0
2015-06-22,22:00:00,133.875,133.954,133.759,133.825,0,0
2015-06-22,23:00:00,133.818,133.92,133.787,133.893,0,0
2015-06-22,23:59:00,133.863,133.943,133.78,133.867,0,0
2015-06-23,01:00:00,133.867,133.897,133.837,133.895,0,0
2015-06-23,02:00:00,133.895,133.983,133.859,133.879,0,0
2015-06-23,03:00:00,133.887,133.918,133.818,133.867,0,0
2015-06-23,04:00:00,133.87,133.978,133.855,133.95,0,0
2015-06-23,05:00:00,133.952,133.952,133.303,133.356,0,0
2015-06-23,06:00:00,133.356,133.432,133.201,133.29,0,0
2015-06-23,07:00:00,133.29,133.479,133.28,133.421,0,0
2015-06-23,08:00:00,133.421,133.538,133.357,133.401,0,0
2015-06-23,09:00:00,133.414,133.433,133.158,133.4,0,0
2015-06-23,10:00:00,133.398,133.547,133.242,133.384,0,0
2015-06-23,11:00:00,133.368,133.394,132.978,133.147,0,0
2015-06-23,12:00:00,133.122,133.167,132.721,132.876,0,0
2015-06-23,13:00:00,132.875,132.877,132.607,132.614,0,0
2015-06-23,14:00:00,132.629,132.774,132.572,132.658,0,0
2015-06-23,15:00:00,132.645,132.797,132.302,132.355,0,0
2015-06-23,16:00:00,132.345,132.485,132.219,132.436,0,0
2015-06-23,17:00:00,132.459,132.747,132.408,132.638,0,0
2015-06-23,18:00:00,132.629,132.715,132.427,132.482,0,0
2015-06-23,19:00:00,132.479,132.521,132.357,132.496,0,0
2015-06-23,20:00:00,132.492,132.605,132.453,132.584,0,0
2015-06-23,21:00:00,132.584,132.668,132.458,132.499,0,0
2015-06-23,22:00:00,132.514,132.665,132.514,132.622,0,0
2015-06-23,23:00:00,132.626,132.715,132.586,132.706,0,0
2015-06-23,23:59:00,132.692,132.697,132.616,132.627,0,0
2015-06-24,01:00:00,132.628,132.692,132.623,132.676,0,0
2015-06-24,02:00:00,132.675,132.688,132.624,132.681,0,0
2015-06-24,03:00:00,132.69,132.713,132.589,132.631,0,0
2015-06-24,04:00:00,132.633,132.724,132.633,132.659,0,0
2015-06-24,05:00:00,132.661,132.764,132.638,132.764,0,0
2015-06-24,06:00:00,132.764,132.821,132.715,132.803,0,0
2015-06-24,07:00:00,132.803,132.855,132.766,132.804,0,0
2015-06-24,08:00:00,132.804,133.012,132.789,132.968,0,0
2015-06-24,09:00:00,132.943,133.062,132.832,133.022,0,0
2015-06-24,10:00:00,133.033,133.388,132.932,133.388,0,0
2015-06-24,11:00:00,133.382,133.382,133.097,133.119,0,0
2015-06-24,12:00:00,133.112,133.175,132.712,132.86,0,0
2015-06-24,13:00:00,132.844,132.997,132.729,132.971,0,0
2015-06-24,14:00:00,132.967,133.015,132.881,132.987,0,0
2015-06-24,15:00:00,133.016,133.035,132.764,132.799,0,0
2015-06-24,16:00:00,132.8,132.933,132.708,132.903,0,0
2015-06-24,17:00:00,132.916,133.073,132.791,132.987,0,0
2015-06-24,18:00:00,132.975,133.018,132.693,132.698,0,0
2015-06-24,19:00:00,132.713,132.764,132.49,132.583,0,0
2015-06-24,20:00:00,132.588,132.685,132.397,132.598,0,0
2015-06-24,21:00:00,132.597,132.644,132.509,132.581,0,0
2015-06-24,22:00:00,132.582,132.722,132.543,132.607,0,0
2015-06-24,23:00:00,132.601,132.743,132.581,132.644,0,0
2015-06-24,23:59:00,132.649,132.722,132.581,132.713,0,0
2015-06-25,01:00:00,132.712,132.715,132.598,132.705,0,0
2015-06-25,02:00:00,132.704,132.749,132.617,132.655,0,0
2015-06-25,03:00:00,132.662,132.716,132.627,132.652,0,0
2015-06-25,04:00:00,132.654,132.685,132.593,132.607,0,0
2015-06-25,05:00:00,132.606,132.611,132.494,132.517,0,0
2015-06-25,06:00:00,132.513,132.557,132.399,132.445,0,0
2015-06-25,07:00:00,132.443,132.485,132.315,132.439,0,0
2015-06-25,08:00:00,132.44,132.49,132.332,132.448,0,0
2015-06-25,09:00:00,132.416,132.595,132.251,132.295,0,0
2015-06-25,10:00:00,132.326,132.626,132.283,132.379,0,0
2015-06-25,11:00:00,132.38,132.473,132.051,132.051,0,0
2015-06-25,12:00:00,132.052,132.058,131.334,131.49,0,0
2015-06-25,13:00:00,131.506,131.736,131.412,131.615,0,0
2015-06-25,14:00:00,131.582,131.642,131.335,131.552,0,0
2015-06-25,15:00:00,131.529,131.882,131.487,131.726,0,0
2015-06-25,16:00:00,131.723,132.205,131.591,131.922,0,0
2015-06-25,17:00:00,131.931,132.054,131.821,131.821,0,0
2015-06-25,18:00:00,131.832,131.916,131.625,131.854,0,0
2015-06-25,19:00:00,131.859,132.084,131.857,131.998,0,0
2015-06-25,20:00:00,132.011,132.023,131.869,131.907,0,0
2015-06-25,21:00:00,131.907,132.071,131.861,132.009,0,0
2015-06-25,22:00:00,132.009,132.032,131.873,131.885,0,0
2015-06-25,23:00:00,131.922,132.091,131.89,131.982,0,0
2015-06-25,23:59:00,131.949,132.143,131.949,132.063,0,0
2015-06-26,01:00:00,132.064,132.068,131.957,131.962,0,0
2015-06-26,02:00:00,131.963,131.992,131.904,131.96,0,0
2015-06-26,03:00:00,131.961,132.026,131.909,131.95,0,0
2015-06-26,04:00:00,131.951,132.016,131.796,131.814,0,0
2015-06-26,05:00:00,131.815,131.863,131.627,131.658,0,0
2015-06-26,06:00:00,131.659,131.833,131.657,131.821,0,0
2015-06-26,07:00:00,131.83,131.869,131.779,131.803,0,0
2015-06-26,08:00:00,131.801,131.804,131.619,131.649,0,0
2015-06-26,09:00:00,131.647,131.917,131.631,131.844,0,0
2015-06-26,10:00:00,131.845,132.2,131.705,132.143,0,0
2015-06-26,11:00:00,132.14,132.357,132.134,132.293,0,0
2015-06-26,12:00:00,132.293,132.379,132.177,132.306,0,0
2015-06-26,13:00:00,132.307,132.674,132.271,132.514,0,0
2015-06-26,14:00:00,132.527,132.645,132.316,132.548,0,0
2015-06-26,15:00:00,132.546,132.691,132.428,132.467,0,0
2015-06-26,16:00:00,132.445,132.829,132.351,132.803,0,0
2015-06-26,17:00:00,132.779,132.955,132.541,132.571,0,0
2015-06-26,18:00:00,132.576,132.65,132.456,132.512,0,0
2015-06-26,19:00:00,132.515,132.566,132.299,132.423,0,0
2015-06-26,20:00:00,132.46,132.605,132.425,132.502,0,0
2015-06-26,21:00:00,132.505,132.536,132.218,132.23,0,0
2015-06-26,22:00:00,132.249,132.543,132.241,132.543,0,0
2015-06-26,23:00:00,132.55,132.577,132.55,132.568,0,0
2015-06-29,01:00:00,130.45,130.674,129.678,130.521,0,0
2015-06-29,02:00:00,130.523,130.755,130.283,130.349,0,0
2015-06-29,03:00:00,130.354,131.263,130.236,131.129,0,0
2015-06-29,04:00:00,131.128,131.304,131.056,131.144,0,0
2015-06-29,05:00:00,131.167,131.235,131.092,131.112,0,0
2015-06-29,06:00:00,131.115,131.161,130.854,130.956,0,0
2015-06-29,07:00:00,130.957,130.981,130.502,130.631,0,0
2015-06-29,08:00:00,130.632,130.773,130.278,130.586,0,0
2015-06-29,09:00:00,130.587,131.445,130.357,131.337,0,0
2015-06-29,10:00:00,131.347,131.418,130.379,130.946,0,0
2015-06-29,11:00:00,130.945,131.328,130.81,131.227,0,0
2015-06-29,12:00:00,131.229,131.362,131.11,131.278,0,0
2015-06-29,13:00:00,131.275,131.634,131.139,131.56,0,0
2015-06-29,14:00:00,131.554,131.772,131.456,131.672,0,0
2015-06-29,15:00:00,131.663,131.905,131.639,131.71,0,0
2015-06-29,16:00:00,131.718,132.017,131.59,131.932,0,0
2015-06-29,17:00:00,131.973,132.344,131.966,132.008,0,0
2015-06-29,18:00:00,132.016,132.169,131.953,132.019,0,0
2015-06-29,19:00:00,132.023,132.285,131.953,132.203,0,0
2015-06-29,20:00:00,132.209,132.466,132.098,132.325,0,0
2015-06-29,21:00:00,132.333,132.403,132.138,132.269,0,0
2015-06-29,22:00:00,132.258,132.369,132.093,132.359,0,0
2015-06-29,23:00:00,132.357,132.512,132.284,132.486,0,0
2015-06-29,23:59:00,132.461,132.537,132.459,132.505,0,0
2015-06-30,01:00:00,132.494,132.526,132.358,132.403,0,0
2015-06-30,02:00:00,132.397,132.541,132.36,132.473,0,0
2015-06-30,03:00:00,132.474,132.517,132.138,132.184,0,0
2015-06-30,04:00:00,132.179,132.222,132.065,132.076,0,0
2015-06-30,05:00:00,132.09,132.13,131.742,131.776,0,0
2015-06-30,06:00:00,131.778,131.921,131.605,131.835,0,0
2015-06-30,07:00:00,131.478,131.835,131.396,131.412,0,0
2015-06-30,08:00:00,131.4,131.52,131.366,131.443,0,0
2015-06-30,09:00:00,131.443,131.701,131.204,131.296,0,0
2015-06-30,10:00:00,131.291,131.454,131.143,131.228,0,0
2015-06-30,11:00:00,131.226,131.326,130.896,131.007,0,0
2015-06-30,12:00:00,130.996,131.758,130.989,131.684,0,0
2015-06-30,13:00:00,131.681,131.887,131.447,131.696,0,0
2015-06-30,14:00:00,131.704,131.716,131.456,131.571,0,0
2015-06-30,15:00:00,131.548,131.739,131.458,131.584,0,0
2015-06-30,16:00:00,131.58,131.656,131.34,131.512,0,0
2015-06-30,17:00:00,131.519,131.605,130.787,130.787,0,0
2015-06-30,18:00:00,130.787,130.874,130.429,130.612,0,0
2015-06-30,19:00:00,130.621,130.751,130.271,130.574,0,0
2015-06-30,20:00:00,130.573,130.904,130.46,130.904,0,0
2015-06-30,21:00:00,130.904,131.016,130.679,130.793,0,0
2015-06-30,22:00:00,130.793,130.958,130.761,130.927,0,0
2015-06-30,23:00:00,130.918,130.99,130.833,130.952,0,0
2015-06-30,23:59:00,130.941,130.99,130.776,130.931,0,0
2015-07-01,01:00:00,130.903,130.903,130.715,130.778,0,0
2015-07-01,02:00:00,130.778,130.953,130.769,130.867,0,0
2015-07-01,03:00:00,130.884,131.158,130.788,131.106,0,0
2015-07-01,04:00:00,131.105,131.215,130.976,131.043,0,0
2015-07-01,05:00:00,131.043,131.061,130.903,130.909,0,0
2015-07-01,06:00:00,130.917,131.003,130.912,130.96,0,0
2015-07-01,07:00:00,130.959,130.975,130.853,130.885,0,0
2015-07-01,08:00:00,130.885,131.09,130.885,131.059,0,0
2015-07-01,09:00:00,131.063,131.099,130.912,130.931,0,0
2015-07-01,10:00:00,130.899,130.906,130.41,130.528,0,0
2015-07-01,11:00:00,130.512,131.021,130.276,130.916,0,0
2015-07-01,12:00:00,130.949,131.402,130.69,130.83,0,0
2015-07-01,13:00:00,130.822,130.903,130.41,130.501,0,0
2015-07-01,14:00:00,130.511,130.613,130.46,130.587,0,0
2015-07-01,15:00:00,130.59,130.868,130.358,130.627,0,0
2015-07-01,16:00:00,130.628,130.692,130.281,130.514,0,0
2015-07-01,17:00:00,130.517,130.635,130.151,130.151,0,0
2015-07-01,18:00:00,130.151,130.245,130.015,130.077,0,0
2015-07-01,19:00:00,130.076,130.191,129.946,130.032,0,0
2015-07-01,20:00:00,130.036,130.053,129.851,129.891,0,0
2015-07-01,21:00:00,129.889,130.011,129.796,129.802,0,0
2015-07-01,22:00:00,129.802,129.942,129.8,129.928,0,0
2015-07-01,23:00:00,129.915,129.962,129.814,129.867,0,0
2015-07-01,23:59:00,129.906,130.028,129.846,129.927,0,0
2015-07-02,01:00:00,129.928,129.967,129.892,129.962,0,0
2015-07-02,02:00:00,129.962,130.006,129.879,129.993,0,0
2015-07-02,03:00:00,129.989,130.13,129.945,130.1,0,0
2015-07-02,04:00:00,130.102,130.262,130.091,130.217,0,0
2015-07-02,05:00:00,130.222,130.39,130.184,130.305,0,0
2015-07-02,06:00:00,130.302,130.369,130.25,130.297,0,0
2015-07-02,07:00:00,130.297,130.41,130.265,130.41,0,0
2015-07-02,08:00:00,130.404,130.546,130.342,130.526,0,0
2015-07-02,09:00:00,130.518,130.57,130.339,130.512,0,0
2015-07-02,10:00:00,130.544,130.569,130.161,130.205,0,0
2015-07-02,11:00:00,130.19,130.548,130.176,130.438,0,0
2015-07-02,12:00:00,130.416,130.432,129.976,129.978,0,0
2015-07-02,13:00:00,129.972,130.201,129.948,130.097,0,0
2015-07-02,14:00:00,130.088,130.181,130.027,130.069,0,0
2015-07-02,15:00:00,130.071,130.538,129.863,130.487,0,0
2015-07-02,16:00:00,130.462,130.602,130.37,130.55,0,0
2015-07-02,17:00:00,130.546,130.635,130.335,130.433,0,0
2015-07-02,18:00:00,130.424,130.545,130.253,130.477,0,0
2015-07-02,19:00:00,130.477,130.524,130.336,130.336,0,0
2015-07-02,20:00:00,130.334,130.425,130.218,130.372,0,0
2015-07-02,21:00:00,130.36,130.442,130.287,130.437,0,0
2015-07-02,22:00:00,130.437,130.508,130.366,130.423,0,0
2015-07-02,23:00:00,130.384,130.453,130.337,130.434,0,0
2015-07-02,23:59:00,130.433,130.465,130.404,130.423,0,0
2015-07-03,01:00:00,130.43,130.541,130.39,130.502,0,0
2015-07-03,02:00:00,130.506,130.508,130.403,130.403,0,0
2015-07-03,03:00:00,130.404,130.43,130.23,130.378,0,0
2015-07-03,04:00:00,130.378,130.429,130.305,130.375,0,0
2015-07-03,05:00:00,130.37,130.502,130.36,130.497,0,0
2015-07-03,06:00:00,130.504,130.549,130.449,130.454,0,0
2015-07-03,07:00:00,130.454,130.609,130.452,130.583,0,0
2015-07-03,08:00:00,130.58,130.729,130.569,130.65,0,0
2015-07-03,09:00:00,130.649,130.754,130.56,130.64,0,0
2015-07-03,10:00:00,130.64,130.743,130.511,130.696,0,0
2015-07-03,11:00:00,130.686,130.855,130.596,130.596,0,0
2015-07-03,12:00:00,130.651,130.7,130.497,130.604,0,0
2015-07-03,13:00:00,130.614,130.632,130.49,130.574,0,0
2015-07-03,14:00:00,130.576,130.586,130.396,130.427,0,0
2015-07-03,15:00:00,130.424,130.424,130.087,130.285,0,0
2015-07-03,16:00:00,130.288,130.504,130.255,130.332,0,0
2015-07-03,17:00:00,130.343,130.565,130.288,130.296,0,0
2015-07-03,18:00:00,130.302,130.423,130.213,130.3,0,0
2015-07-03,19:00:00,130.3,130.569,130.222,130.239,0,0
2015-07-03,20:00:00,130.241,130.404,130.224,130.298,0,0
2015-07-03,21:00:00,130.298,130.518,130.297,130.492,0,0
2015-07-03,22:00:00,130.493,130.552,130.391,130.529,0,0
2015-07-03,23:00:00,130.529,130.554,130.524,130.551,0,0
2015-07-06,01:00:00,129.314,129.914,129.152,129.793,0,0
2015-07-06,02:00:00,129.793,129.829,129.627,129.631,0,0
2015-07-06,03:00:00,129.632,130.013,129.605,129.875,0,0
2015-07-06,04:00:00,129.876,130.218,129.843,130.028,0,0
2015-07-06,05:00:00,130.049,130.056,129.809,129.833,0,0
2015-07-06,06:00:00,129.847,129.894,129.656,129.7,0,0
2015-07-06,07:00:00,129.704,129.713,129.456,129.571,0,0
2015-07-06,08:00:00,129.57,130.159,129.37,130.031,0,0
2015-07-06,09:00:00,130.023,130.091,129.788,129.995,0,0
2015-07-06,10:00:00,130.001,130.162,129.877,130.114,0,0
2015-07-06,11:00:00,130.109,130.203,129.759,129.796,0,0
2015-07-06,12:00:00,129.797,129.911,129.76,129.821,0,0
2015-07-06,13:00:00,129.817,129.881,129.646,129.836,0,0
2015-07-06,14:00:00,129.843,130.05,129.745,129.756,0,0
2015-07-06,15:00:00,129.755,129.781,129.576,129.616,0,0
2015-07-06,16:00:00,129.617,129.732,129.443,129.702,0,0
2015-07-06,17:00:00,129.716,130.182,129.703,129.985,0,0
2015-07-06,18:00:00,129.981,130.16,129.772,129.889,0,0
2015-07-06,19:00:00,129.893,130.172,129.827,130.075,0,0
2015-07-06,20:00:00,130.078,130.131,129.776,129.914,0,0
2015-07-06,21:00:00,129.912,129.973,129.784,129.854,0,0
2015-07-06,22:00:00,129.867,129.997,129.856,129.974,0,0
2015-07-06,23:00:00,129.978,130.049,129.948,130.039,0,0
2015-07-06,23:59:00,130.034,130.062,130.005,130.04,0,0
2015-07-07,01:00:00,130.03,130.119,130.007,130.074,0,0
2015-07-07,02:00:00,130.076,130.106,130.02,130.067,0,0
2015-07-07,03:00:00,130.072,130.188,129.994,130.186,0,0
2015-07-07,04:00:00,130.184,130.197,129.971,130.041,0,0
2015-07-07,05:00:00,130.043,130.088,129.949,130.063,0,0
2015-07-07,06:00:00,130.063,130.076,129.923,129.945,0,0
2015-07-07,07:00:00,129.947,129.995,129.854,129.973,0,0
2015-07-07,08:00:00,129.97,130.007,129.88,129.972,0,0
2015-07-07,09:00:00,129.981,130.02,129.779,129.806,0,0
2015-07-07,10:00:00,129.834,130.074,129.755,129.801,0,0
2015-07-07,11:00:00,129.796,129.864,129.397,129.461,0,0
2015-07-07,12:00:00,129.464,129.607,129.323,129.436,0,0
2015-07-07,13:00:00,129.432,129.522,129.153,129.255,0,0
2015-07-07,14:00:00,129.217,129.248,128.833,128.949,0,0
2015-07-07,15:00:00,128.953,129.035,128.743,128.868,0,0
2015-07-07,16:00:00,128.873,129.2,128.774,129.046,0,0
2015-07-07,17:00:00,129.051,129.051,128.528,128.575,0,0
2015-07-07,18:00:00,128.593,128.841,128.507,128.838,0,0
2015-07-07,19:00:00,128.846,128.921,128.743,128.762,0,0
2015-07-07,20:00:00,128.78,129.09,128.766,129.09,0,0
2015-07-07,21:00:00,129.104,129.398,129.085,129.359,0,0
2015-07-07,22:00:00,129.359,129.928,129.298,129.643,0,0
2015-07-07,23:00:00,129.626,129.684,129.406,129.435,0,0
2015-07-07,23:59:00,129.433,129.561,129.234,129.353,0,0
2015-07-08,01:00:00,129.344,129.392,129.271,129.375,0,0
2015-07-08,02:00:00,129.39,129.505,129.377,129.433,0,0
2015-07-08,03:00:00,129.431,129.464,129.201,129.223,0,0
2015-07-08,04:00:00,129.222,129.226,128.801,129.063,0,0
2015-07-08,05:00:00,129.052,129.227,128.959,129.069,0,0
2015-07-08,06:00:00,129.066,129.107,128.881,129.007,0,0
2015-07-08,07:00:00,129.006,129.217,128.916,128.966,0,0
2015-07-08,08:00:00,128.984,129.162,128.951,129.009,0,0
2015-07-08,09:00:00,129.017,129.106,128.837,128.852,0,0
2015-07-08,10:00:00,128.839,129.091,128.61,129.091,0,0
2015-07-08,11:00:00,129.102,129.195,128.79,129.054,0,0
2015-07-08,12:00:00,129.038,129.232,128.891,128.929,0,0
2015-07-08,13:00:00,128.937,128.966,128.268,128.268,0,0
2015-07-08,14:00:00,128.289,128.309,127.838,127.854,0,0
2015-07-08,15:00:00,127.842,128.063,127.755,127.881,0,0
2015-07-08,16:00:00,127.873,127.873,127.512,127.666,0,0
2015-07-08,17:00:00,127.658,127.667,127.363,127.437,0,0
2015-07-08,18:00:00,127.43,127.468,127.175,127.447,0,0
2015-07-08,19:00:00,127.453,127.63,127.323,127.416,0,0
2015-07-08,20:00:00,127.417,127.608,127.374,127.433,0,0
2015-07-08,21:00:00,127.432,127.562,127.358,127.533,0,0
2015-07-08,22:00:00,127.539,127.698,127.397,127.577,0,0
2015-07-08,23:00:00,127.595,127.739,127.579,127.688,0,0
2015-07-08,23:59:00,127.696,127.696,127.532,127.563,0,0
2015-07-09,01:00:00,127.535,127.649,127.412,127.645,0,0
2015-07-09,02:00:00,127.645,127.819,127.637,127.819,0,0
2015-07-09,03:00:00,127.829,127.835,127.547,127.662,0,0
2015-07-09,04:00:00,127.654,127.919,127.654,127.876,0,0
2015-07-09,05:00:00,127.909,128.3,127.898,128.084,0,0
2015-07-09,06:00:00,128.084,128.334,128.084,128.208,0,0
2015-07-09,07:00:00,128.207,128.439,128.149,128.439,0,0
2015-07-09,08:00:00,128.425,128.773,128.407,128.686,0,0
2015-07-09,09:00:00,128.689,128.856,128.484,128.647,0,0
2015-07-09,10:00:00,128.626,128.626,127.906,127.923,0,0
2015-07-09,11:00:00,127.904,128.095,127.741,127.818,0,0
2015-07-09,12:00:00,127.817,127.904,127.617,127.648,0,0
2015-07-09,13:00:00,127.67,127.918,127.598,127.878,0,0
2015-07-09,14:00:00,127.885,128.068,127.8,127.901,0,0
2015-07-09,15:00:00,127.904,127.996,127.704,127.768,0,0
2015-07-09,16:00:00,127.77,128.233,127.733,127.952,0,0
2015-07-09,17:00:00,127.953,128.068,127.752,128.036,0,0
2015-07-09,18:00:00,128.048,128.093,127.621,127.64,0,0
2015-07-09,19:00:00,127.657,127.985,127.642,127.97,0,0
2015-07-09,20:00:00,127.948,128.05,127.77,127.909,0,0
2015-07-09,21:00:00,127.904,128.031,127.806,127.896,0,0
2015-07-09,22:00:00,127.902,128.046,127.869,127.905,0,0
2015-07-09,23:00:00,127.906,128.044,127.874,128.015,0,0
2015-07-09,23:59:00,128.028,128.199,127.8,128.199,0,0
2015-07-10,01:00:00,128.171,128.552,128.133,128.48,0,0
2015-07-10,02:00:00,128.48,128.49,128.306,128.412,0,0
2015-07-10,03:00:00,128.418,128.539,128.236,128.506,0,0
2015-07-10,04:00:00,128.502,128.864,128.49,128.793,0,0
2015-07-10,05:00:00,128.79,128.967,128.661,128.964,0,0
2015-07-10,06:00:00,128.957,128.98,128.775,128.852,0,0
2015-07-10,07:00:00,128.855,128.884,128.648,128.68,0,0
2015-07-10,08:00:00,128.682,128.995,128.584,128.845,0,0
2015-07-10,09:00:00,128.814,129.082,128.767,128.809,0,0
2015-07-10,10:00:00,128.822,130.062,128.612,129.806,0,0
2015-07-10,11:00:00,129.806,130.216,129.745,129.822,0,0
2015-07-10,12:00:00,129.818,130.632,129.758,130.428,0,0
2015-07-10,13:00:00,130.418,130.748,130.418,130.683,0,0
2015-07-10,14:00:00,130.682,131.196,130.645,130.729,0,0
2015-07-10,15:00:00,130.723,130.948,130.609,130.76,0,0
2015-07-10,16:00:00,130.762,131.005,130.664,130.766,0,0
2015-07-10,17:00:00,130.796,130.88,130.581,130.644,0,0
2015-07-10,18:00:00,130.635,130.662,130.259,130.435,0,0
2015-07-10,19:00:00,130.413,130.627,130.361,130.444,0,0
2015-07-10,20:00:00,130.445,130.546,130.333,130.53,0,0
2015-07-10,21:00:00,130.526,130.544,130.399,130.496,0,0
2015-07-10,22:00:00,130.49,130.669,130.479,130.664,0,0
2015-07-10,23:00:00,130.678,130.678,130.624,130.65,0,0
2015-07-13,01:00:00,130.57,130.57,130.166,130.189,0,0
2015-07-13,02:00:00,130.189,130.38,130.138,130.303,0,0
2015-07-13,03:00:00,130.301,130.428,130.227,130.408,0,0
2015-07-13,04:00:00,130.409,130.43,130.274,130.368,0,0
2015-07-13,05:00:00,130.367,130.435,130.313,130.423,0,0
2015-07-13,06:00:00,130.444,130.604,130.275,130.424,0,0
2015-07-13,07:00:00,130.429,130.497,130.261,130.317,0,0
2015-07-13,08:00:00,130.332,130.411,130.278,130.382,0,0
2015-07-13,09:00:00,130.384,131.347,130.271,131.194,0,0
2015-07-13,10:00:00,131.184,131.186,130.237,130.47,0,0
2015-07-13,11:00:00,130.466,130.499,129.963,130.294,0,0
2015-07-13,12:00:00,130.276,130.511,130.238,130.412,0,0
2015-07-13,13:00:00,130.399,130.407,130.203,130.247,0,0
2015-07-13,14:00:00,130.25,130.373,130.165,130.191,0,0
2015-07-13,15:00:00,130.183,130.231,130.033,130.217,0,0
2015-07-13,16:00:00,130.21,130.251,130.06,130.09,0,0
2015-07-13,17:00:00,130.118,130.215,129.951,129.966,0,0
2015-07-13,18:00:00,129.986,130.117,129.911,129.949,0,0
2015-07-13,19:00:00,129.954,130.101,129.915,130.029,0,0
2015-07-13,20:00:00,130.069,130.102,129.976,130.031,0,0
2015-07-13,21:00:00,130.027,130.058,129.932,129.943,0,0
2015-07-13,22:00:00,129.93,130.004,129.885,129.923,0,0
2015-07-13,23:00:00,129.922,129.982,129.855,129.901,0,0
2015-07-13,23:59:00,129.899,129.983,129.874,129.979,0,0
2015-07-14,01:00:00,129.978,130.092,129.867,130.088,0,0
2015-07-14,02:00:00,130.089,130.097,129.969,130.012,0,0
2015-07-14,03:00:00,130.014,130.078,129.77,129.907,0,0
2015-07-14,04:00:00,129.903,129.932,129.785,129.853,0,0
2015-07-14,05:00:00,129.845,129.969,129.845,129.934,0,0
2015-07-14,06:00:00,129.931,129.965,129.869,129.959,0,0
2015-07-14,07:00:00,129.959,130.004,129.913,129.936,0,0
2015-07-14,08:00:00,129.936,129.942,129.612,129.618,0,0
2015-07-14,09:00:00,129.618,129.759,129.494,129.696,0,0
2015-07-14,10:00:00,129.697,130.388,129.535,130.226,0,0
2015-07-14,11:00:00,130.223,130.853,130.223,130.713,0,0
2015-07-14,12:00:00,130.789,130.849,130.481,130.725,0,0
2015-07-14,13:00:00,130.719,130.811,130.391,130.43,0,0
2015-07-14,14:00:00,130.445,130.539,130.35,130.475,0,0
2015-07-14,15:00:00,130.487,130.874,130.435,130.613,0,0
2015-07-14,16:00:00,130.579,130.688,130.47,130.478,0,0
2015-07-14,17:00:00,130.468,130.506,130.254,130.416,0,0
2015-07-14,18:00:00,130.408,130.568,130.406,130.435,0,0
2015-07-14,19:00:00,130.435,130.458,130.29,130.458,0,0
2015-07-14,20:00:00,130.461,130.495,130.366,130.454,0,0
2015-07-14,21:00:00,130.443,130.568,130.434,130.521,0,0
2015-07-14,22:00:00,130.521,130.549,130.458,130.513,0,0
2015-07-14,23:00:00,130.508,130.616,130.425,130.598,0,0
2015-07-14,23:59:00,130.597,130.73,130.511,130.514,0,0
2015-07-15,01:00:00,130.516,130.605,130.46,130.544,0,0
2015-07-15,02:00:00,130.545,130.576,130.422,130.51,0,0
2015-07-15,03:00:00,130.514,130.523,130.325,130.391,0,0
2015-07-15,04:00:00,130.354,130.563,130.354,130.544,0,0
2015-07-15,05:00:00,130.533,130.624,130.504,130.537,0,0
2015-07-15,06:00:00,130.537,130.648,130.478,130.624,0,0
2015-07-15,07:00:00,130.63,130.658,130.505,130.557,0,0
2015-07-15,08:00:00,130.556,130.609,130.403,130.511,0,0
2015-07-15,09:00:00,130.516,130.651,130.415,130.498,0,0
2015-07-15,10:00:00,130.493,130.657,130.361,130.602,0,0
2015-07-15,11:00:00,130.598,130.751,130.564,130.573,0,0
2015-07-15,12:00:00,130.596,130.626,130.433,130.449,0,0
2015-07-15,13:00:00,130.449,130.545,130.394,130.394,0,0
2015-07-15,14:00:00,130.4,130.4,130.173,130.177,0,0
2015-07-15,15:00:00,130.177,130.412,130.141,130.222,0,0
2015-07-15,16:00:00,130.23,130.263,130.077,130.172,0,0
2015-07-15,17:00:00,130.169,130.309,129.818,130.077,0,0
2015-07-15,18:00:00,130.086,130.258,129.987,130.098,0,0
2015-07-15,19:00:00,130.091,130.184,129.984,130.07,0,0
2015-07-15,20:00:00,130.072,130.075,129.877,130.053,0,0
2015-07-15,21:00:00,130.054,130.07,129.887,129.887,0,0
2015-07-15,22:00:00,129.911,130.092,129.868,130.089,0,0
2015-07-15,23:00:00,130.079,130.087,129.926,130.017,0,0
2015-07-15,23:59:00,129.995,130.032,129.967,130.012,0,0
2015-07-16,01:00:00,130.012,130.223,129.989,130.201,0,0
2015-07-16,02:00:00,130.199,130.269,130.037,130.047,0,0
2015-07-16,03:00:00,130.054,130.1,129.979,130.012,0,0
2015-07-16,04:00:00,130.02,130.07,129.813,129.946,0,0
2015-07-16,05:00:00,129.952,130.032,129.854,129.923,0,0
2015-07-16,06:00:00,129.924,129.96,129.791,129.862,0,0
2015-07-16,07:00:00,129.861,129.881,129.776,129.833,0,0
2015-07-16,08:00:00,129.841,129.849,129.665,129.697,0,0
2015-07-16,09:00:00,129.733,129.886,129.661,129.822,0,0
2015-07-16,10:00:00,129.794,129.897,129.489,129.529,0,0
2015-07-16,11:00:00,129.526,129.814,129.515,129.778,0,0
2015-07-16,12:00:00,129.766,129.836,129.636,129.802,0,0
2015-07-16,13:00:00,129.79,129.83,129.612,129.651,0,0
2015-07-16,14:00:00,129.648,129.733,129.503,129.652,0,0
2015-07-16,15:00:00,129.651,129.952,129.526,129.537,0,0
2015-07-16,16:00:00,129.532,129.894,129.517,129.85,0,0
2015-07-16,17:00:00,129.886,129.92,129.71,129.92,0,0
2015-07-16,18:00:00,129.915,129.928,129.709,129.709,0,0
2015-07-16,19:00:00,129.707,129.722,129.473,129.494,0,0
2015-07-16,20:00:00,129.494,129.644,129.491,129.608,0,0
2015-07-16,21:00:00,129.612,129.675,129.514,129.611,0,0
2015-07-16,22:00:00,129.613,129.667,129.569,129.617,0,0
2015-07-16,23:00:00,129.622,129.678,129.513,129.606,0,0
2015-07-16,23:59:00,129.611,129.69,129.595,129.635,0,0
2015-07-17,01:00:00,129.636,129.681,129.518,129.673,0,0
2015-07-17,02:00:00,129.673,129.717,129.597,129.705,0,0
2015-07-17,03:00:00,129.697,129.749,129.637,129.72,0,0
2015-07-17,04:00:00,129.72,129.771,129.638,129.754,0,0
2015-07-17,05:00:00,129.754,129.772,129.673,129.741,0,0
2015-07-17,06:00:00,129.744,129.763,129.609,129.716,0,0
2015-07-17,07:00:00,129.718,129.726,129.606,129.694,0,0
2015-07-17,08:00:00,129.681,129.697,129.543,129.601,0,0
2015-07-17,09:00:00,129.612,129.702,129.516,129.654,0,0
2015-07-17,10:00:00,129.638,129.7,129.501,129.637,0,0
2015-07-17,11:00:00,129.631,129.712,129.536,129.536,0,0
2015-07-17,12:00:00,129.543,129.676,129.505,129.631,0,0
2015-07-17,13:00:00,129.635,129.654,129.383,129.402,0,0
2015-07-17,14:00:00,129.389,129.488,129.307,129.488,0,0
2015-07-17,15:00:00,129.484,129.484,129.238,129.266,0,0
2015-07-17,16:00:00,129.269,129.371,129.105,129.226,0,0
2015-07-17,17:00:00,129.225,129.227,128.985,129.138,0,0
2015-07-17,18:00:00,129.145,129.228,129.023,129.041,0,0
2015-07-17,19:00:00,129.038,129.192,129.036,129.191,0,0
2015-07-17,20:00:00,129.188,129.194,129.096,129.11,0,0
2015-07-17,21:00:00,129.11,129.184,129.1,129.162,0,0
2015-07-17,22:00:00,129.17,129.221,129.093,129.163,0,0
2015-07-17,23:00:00,129.16,129.167,129.152,129.152,0,0
2015-07-20,01:00:00,129.073,129.169,128.952,129.151,0,0
2015-07-20,02:00:00,129.15,129.185,128.957,128.984,0,0
2015-07-20,03:00:00,128.978,129.117,128.964,129.072,0,0
2015-07-20,04:00:00,129.072,129.097,128.98,129.026,0,0
2015-07-20,05:00:00,129.021,129.021,128.925,128.98,0,0
2015-07-20,06:00:00,128.973,129.004,128.927,128.942,0,0
2015-07-20,07:00:00,128.953,128.985,128.896,128.921,0,0
2015-07-20,08:00:00,128.922,128.967,128.886,128.886,0,0
2015-07-20,09:00:00,128.893,128.99,128.843,128.977,0,0
2015-07-20,10:00:00,128.95,129.313,128.945,129.229,0,0
2015-07-20,11:00:00,129.242,129.242,129.031,129.162,0,0
2015-07-20,12:00:00,129.152,129.216,128.945,129.028,0,0
2015-07-20,13:00:00,128.927,129.115,128.903,129.104,0,0
2015-07-20,14:00:00,129.118,129.207,128.926,129.137,0,0
2015-07-20,15:00:00,129.148,129.229,129.027,129.052,0,0
2015-07-20,16:00:00,129.028,129.092,128.924,128.937,0,0
2015-07-20,17:00:00,128.954,129.133,128.951,129.097,0,0
2015-07-20,18:00:00,129.094,129.206,128.979,128.994,0,0
2015-07-20,19:00:00,128.991,129.088,128.975,129,0,0
2015-07-20,20:00:00,128.998,129.02,128.898,128.943,0,0
2015-07-20,21:00:00,128.945,128.958,128.818,128.89,0,0
2015-07-20,22:00:00,128.882,128.984,128.881,128.971,0,0
2015-07-20,23:00:00,128.972,128.972,128.829,128.831,0,0
2015-07-20,23:59:00,128.856,128.911,128.796,128.911,0,0
