Date,Time,Open,High,Low,Close,Volume,OpenInt
2015-04-22,01:00:00,3.88612,3.88827,3.88507,3.88601,0,0
2015-04-22,02:00:00,3.88601,3.89064,3.88563,3.89038,0,0
2015-04-22,03:00:00,3.89043,3.89409,3.88988,3.8932,0,0
2015-04-22,04:00:00,3.89338,3.89623,3.89271,3.89384,0,0
2015-04-22,05:00:00,3.89384,3.89528,3.89119,3.89209,0,0
2015-04-22,06:00:00,3.89202,3.89463,3.89202,3.89296,0,0
2015-04-22,07:00:00,3.89296,3.89468,3.89006,3.89318,0,0
2015-04-22,08:00:00,3.89322,3.89416,3.89073,3.89151,0,0
2015-04-22,09:00:00,3.89151,3.89247,3.88354,3.88952,0,0
2015-04-22,10:00:00,3.88956,3.89393,3.8828,3.8935,0,0
2015-04-22,11:00:00,3.8934,3.9055,3.89156,3.90125,0,0
2015-04-22,12:00:00,3.90117,3.90709,3.89756,3.89931,0,0
2015-04-22,13:00:00,3.89927,3.90003,3.88935,3.88984,0,0
2015-04-22,14:00:00,3.89019,3.89528,3.88503,3.89095,0,0
2015-04-22,15:00:00,3.89073,3.89124,3.85541,3.86776,0,0
2015-04-22,16:00:00,3.86741,3.87406,3.86358,3.86751,0,0
2015-04-22,17:00:00,3.86822,3.86964,3.85659,3.85659,0,0
2015-04-22,18:00:00,3.85628,3.85669,3.84324,3.85024,0,0
2015-04-22,19:00:00,3.85013,3.85065,3.84354,3.84384,0,0
2015-04-22,20:00:00,3.84391,3.84458,3.83825,3.83825,0,0
2015-04-22,21:00:00,3.83814,3.84074,3.82955,3.82983,0,0
2015-04-22,22:00:00,3.83048,3.83314,3.82494,3.83251,0,0
2015-04-22,23:00:00,3.83227,3.83278,3.82713,3.82713,0,0
2015-04-22,23:59:00,3.82748,3.83366,3.82694,3.83126,0,0
2015-04-23,01:00:00,3.8313,3.83874,3.83062,3.83624,0,0
2015-04-23,02:00:00,3.83716,3.84044,3.83627,3.83784,0,0
2015-04-23,03:00:00,3.8379,3.84,3.83664,3.83786,0,0
2015-04-23,04:00:00,3.83778,3.84288,3.83648,3.84162,0,0
2015-04-23,05:00:00,3.84174,3.84375,3.84065,3.84116,0,0
2015-04-23,06:00:00,3.84116,3.84364,3.8391,3.8436,0,0
2015-04-23,07:00:00,3.84352,3.84388,3.83752,3.84136,0,0
2015-04-23,08:00:00,3.84105,3.84382,3.83895,3.84182,0,0
2015-04-23,09:00:00,3.84125,3.85931,3.83976,3.85771,0,0
2015-04-23,10:00:00,3.85782,3.86589,3.85443,3.86113,0,0
2015-04-23,11:00:00,3.86081,3.87366,3.85786,3.86519,0,0
2015-04-23,12:00:00,3.86458,3.87414,3.86184,3.87364,0,0
2015-04-23,13:00:00,3.87394,3.88017,3.8681,3.87066,0,0
2015-04-23,14:00:00,3.87084,3.87168,3.86293,3.86628,0,0
2015-04-23,15:00:00,3.86525,3.87281,3.86457,3.87075,0,0
2015-04-23,16:00:00,3.87085,3.87264,3.86444,3.86604,0,0
2015-04-23,17:00:00,3.8669,3.88101,3.86089,3.88005,0,0
2015-04-23,18:00:00,3.87948,3.88271,3.87717,3.88092,0,0
2015-04-23,19:00:00,3.8812,3.88168,3.87092,3.87746,0,0
2015-04-23,20:00:00,3.87746,3.87835,3.86748,3.87125,0,0
2015-04-23,21:00:00,3.87102,3.87388,3.86748,3.86957,0,0
2015-04-23,22:00:00,3.86893,3.87317,3.86781,3.87293,0,0
2015-04-23,23:00:00,3.87293,3.87364,3.86923,3.87094,0,0
2015-04-23,23:59:00,3.8706,3.87341,3.8706,3.87283,0,0
2015-04-24,01:00:00,3.87283,3.87294,3.86878,3.86929,0,0
2015-04-24,02:00:00,3.86972,3.87243,3.86852,3.86999,0,0
2015-04-24,03:00:00,3.86934,3.87292,3.86907,3.87104,0,0
2015-04-24,04:00:00,3.87104,3.87278,3.86834,3.8699,0,0
2015-04-24,05:00:00,3.86984,3.87221,3.86766,3.87183,0,0
2015-04-24,06:00:00,3.87197,3.87598,3.87145,3.87322,0,0
2015-04-24,07:00:00,3.87295,3.87342,3.86883,3.86938,0,0
2015-04-24,08:00:00,3.86946,3.87119,3.86686,3.86775,0,0
2015-04-24,09:00:00,3.86762,3.8709,3.86447,3.86578,0,0
2015-04-24,10:00:00,3.86563,3.87107,3.8618,3.86563,0,0
2015-04-24,11:00:00,3.86616,3.87493,3.86303,3.87322,0,0
2015-04-24,12:00:00,3.873,3.87888,3.86634,3.87267,0,0
2015-04-24,13:00:00,3.87274,3.8833,3.87193,3.88078,0,0
2015-04-24,14:00:00,3.8809,3.88879,3.87659,3.8833,0,0
2015-04-24,15:00:00,3.88336,3.88367,3.87214,3.87757,0,0
2015-04-24,16:00:00,3.87745,3.89288,3.87404,3.89092,0,0
2015-04-24,17:00:00,3.89072,3.89801,3.8869,3.88812,0,0
2015-04-24,18:00:00,3.88777,3.89649,3.88395,3.88986,0,0
2015-04-24,19:00:00,3.89024,3.89688,3.88526,3.89545,0,0
2015-04-24,20:00:00,3.8958,3.9055,3.89481,3.90074,0,0
2015-04-24,21:00:00,3.90219,3.90614,3.89803,3.90091,0,0
2015-04-24,22:00:00,3.90099,3.9013,3.89576,3.89604,0,0
2015-04-24,23:00:00,3.89561,3.89622,3.89561,3.89618,0,0
2015-04-27,01:00:00,3.89132,3.89246,3.88892,3.89078,0,0
2015-04-27,02:00:00,3.89076,3.89554,3.88983,3.89233,0,0
2015-04-27,03:00:00,3.89259,3.89757,3.89001,3.89109,0,0
2015-04-27,04:00:00,3.89099,3.8947,3.88997,3.89146,0,0
2015-04-27,05:00:00,3.89138,3.89385,3.89045,3.89159,0,0
2015-04-27,06:00:00,3.89154,3.89922,3.88962,3.89747,0,0
2015-04-27,07:00:00,3.89747,3.89779,3.89096,3.89181,0,0
2015-04-27,08:00:00,3.89181,3.89896,3.88999,3.89687,0,0
2015-04-27,09:00:00,3.89646,3.89701,3.88664,3.8884,0,0
2015-04-27,10:00:00,3.88823,3.89385,3.88185,3.8888,0,0
2015-04-27,11:00:00,3.88857,3.88919,3.87967,3.88126,0,0
2015-04-27,12:00:00,3.88124,3.88244,3.87483,3.88192,0,0
2015-04-27,13:00:00,3.88188,3.88219,3.87093,3.87146,0,0
2015-04-27,14:00:00,3.87184,3.87351,3.8683,3.8685,0,0
2015-04-27,15:00:00,3.86854,3.86962,3.85261,3.85399,0,0
2015-04-27,16:00:00,3.85373,3.85827,3.85036,3.85211,0,0
2015-04-27,17:00:00,3.8519,3.85315,3.83879,3.84293,0,0
2015-04-27,18:00:00,3.84324,3.85288,3.83992,3.84027,0,0
2015-04-27,19:00:00,3.84079,3.84423,3.83789,3.84358,0,0
2015-04-27,20:00:00,3.84321,3.84486,3.83521,3.83687,0,0
2015-04-27,21:00:00,3.837,3.83745,3.83355,3.83606,0,0
2015-04-27,22:00:00,3.83585,3.83653,3.83158,3.83158,0,0
2015-04-27,23:00:00,3.83112,3.83711,3.82994,3.83539,0,0
2015-04-27,23:59:00,3.8339,3.83741,3.83037,3.83501,0,0
2015-04-28,01:00:00,3.8351,3.83969,3.83384,3.83773,0,0
2015-04-28,02:00:00,3.83771,3.83878,3.83588,3.83873,0,0
2015-04-28,03:00:00,3.83873,3.84103,3.83689,3.83947,0,0
2015-04-28,04:00:00,3.83947,3.84084,3.83876,3.83988,0,0
2015-04-28,05:00:00,3.83984,3.84086,3.83872,3.83897,0,0
2015-04-28,06:00:00,3.83885,3.8418,3.83885,3.84107,0,0
2015-04-28,07:00:00,3.84078,3.84141,3.83973,3.84037,0,0
2015-04-28,08:00:00,3.84037,3.84214,3.83766,3.83891,0,0
2015-04-28,09:00:00,3.83887,3.84212,3.83715,3.84119,0,0
2015-04-28,10:00:00,3.84114,3.84996,3.83491,3.84938,0,0
2015-04-28,11:00:00,3.84996,3.8562,3.84308,3.84321,0,0
2015-04-28,12:00:00,3.84333,3.84497,3.82614,3.82969,0,0
2015-04-28,13:00:00,3.82984,3.83296,3.82085,3.83024,0,0
2015-04-28,14:00:00,3.83067,3.83141,3.82259,3.82529,0,0
2015-04-28,15:00:00,3.8252,3.82615,3.81965,3.82153,0,0
2015-04-28,16:00:00,3.82197,3.82198,3.81425,3.81913,0,0
2015-04-28,17:00:00,3.81924,3.83714,3.8148,3.83423,0,0
2015-04-28,18:00:00,3.83427,3.83427,3.81765,3.8189,0,0
2015-04-28,19:00:00,3.81869,3.81917,3.81246,3.81326,0,0
2015-04-28,20:00:00,3.81297,3.81551,3.81126,3.81343,0,0
2015-04-28,21:00:00,3.81331,3.81766,3.81168,3.81675,0,0
2015-04-28,22:00:00,3.81624,3.81816,3.80719,3.80767,0,0
2015-04-28,23:00:00,3.80795,3.80888,3.80509,3.80822,0,0
2015-04-28,23:59:00,3.80866,3.81229,3.8057,3.80976,0,0
2015-04-29,01:00:00,3.80981,3.81218,3.80805,3.81034,0,0
2015-04-29,02:00:00,3.81011,3.81183,3.80979,3.81167,0,0
2015-04-29,03:00:00,3.81165,3.81369,3.80951,3.8115,0,0
2015-04-29,04:00:00,3.81138,3.81331,3.81067,3.81269,0,0
2015-04-29,05:00:00,3.81269,3.81298,3.81053,3.81094,0,0
2015-04-29,06:00:00,3.81074,3.81206,3.80978,3.81146,0,0
2015-04-29,07:00:00,3.81139,3.81243,3.80952,3.80996,0,0
2015-04-29,08:00:00,3.80961,3.81114,3.80832,3.81058,0,0
2015-04-29,09:00:00,3.81058,3.81165,3.80662,3.81122,0,0
2015-04-29,10:00:00,3.8116,3.81516,3.81009,3.81292,0,0
2015-04-29,11:00:00,3.81274,3.81741,3.81047,3.81576,0,0
2015-04-29,12:00:00,3.81587,3.82546,3.81316,3.82188,0,0
2015-04-29,13:00:00,3.82202,3.82401,3.81657,3.82172,0,0
2015-04-29,14:00:00,3.82155,3.83021,3.81986,3.82553,0,0
2015-04-29,15:00:00,3.82594,3.84027,3.81965,3.82551,0,0
2015-04-29,16:00:00,3.8269,3.83497,3.82349,3.83436,0,0
2015-04-29,17:00:00,3.83513,3.84259,3.83126,3.83972,0,0
2015-04-29,18:00:00,3.83987,3.84595,3.83166,3.84004,0,0
2015-04-29,19:00:00,3.83916,3.8467,3.83313,3.84512,0,0
2015-04-29,20:00:00,3.84481,3.84549,3.82789,3.83521,0,0
2015-04-29,21:00:00,3.83551,3.84317,3.83235,3.84199,0,0
2015-04-29,22:00:00,3.84233,3.84312,3.83585,3.83659,0,0
2015-04-29,23:00:00,3.83643,3.83982,3.83378,3.83719,0,0
2015-04-29,23:59:00,3.83751,3.83863,3.83423,3.83725,0,0
2015-04-30,01:00:00,3.83751,3.84011,3.83683,3.83837,0,0
2015-04-30,02:00:00,3.83843,3.83964,3.83737,3.83848,0,0
2015-04-30,03:00:00,3.83848,3.84255,3.83733,3.84184,0,0
2015-04-30,04:00:00,3.84184,3.84199,3.83601,3.8362,0,0
2015-04-30,05:00:00,3.83598,3.83977,3.83321,3.83586,0,0
2015-04-30,06:00:00,3.83838,3.84252,3.83591,3.83936,0,0
2015-04-30,07:00:00,3.83936,3.84312,3.83638,3.83801,0,0
2015-04-30,08:00:00,3.83801,3.84828,3.83725,3.84815,0,0
2015-04-30,09:00:00,3.84886,3.85029,3.84249,3.84311,0,0
2015-04-30,10:00:00,3.8432,3.85713,3.84243,3.85021,0,0
2015-04-30,11:00:00,3.85032,3.85383,3.83753,3.84344,0,0
2015-04-30,12:00:00,3.84332,3.84519,3.82396,3.82972,0,0
2015-04-30,13:00:00,3.83001,3.8471,3.82812,3.84407,0,0
2015-04-30,14:00:00,3.84442,3.8474,3.83526,3.83831,0,0
2015-04-30,15:00:00,3.83811,3.84187,3.83399,3.83817,0,0
2015-04-30,16:00:00,3.83839,3.84639,3.83065,3.84149,0,0
2015-04-30,17:00:00,3.84114,3.85548,3.83498,3.85198,0,0
2015-04-30,18:00:00,3.85178,3.85768,3.84452,3.85182,0,0
2015-04-30,19:00:00,3.85201,3.85652,3.83675,3.83973,0,0
2015-04-30,20:00:00,3.84003,3.8494,3.83915,3.84764,0,0
2015-04-30,21:00:00,3.84764,3.86757,3.84632,3.86012,0,0
2015-04-30,22:00:00,3.86013,3.86377,3.85461,3.85809,0,0
2015-04-30,23:00:00,3.85867,3.86513,3.8578,3.86281,0,0
2015-04-30,23:59:00,3.86264,3.86748,3.85895,3.86146,0,0
2015-05-01,01:00:00,3.86263,3.86263,3.85639,3.86047,0,0
2015-05-01,02:00:00,3.86027,3.86133,3.85671,3.8593,0,0
2015-05-01,03:00:00,3.85893,3.85998,3.85246,3.85701,0,0
2015-05-01,04:00:00,3.85701,3.86037,3.85336,3.85522,0,0
2015-05-01,05:00:00,3.85531,3.85893,3.85207,3.85329,0,0
2015-05-01,06:00:00,3.85271,3.86141,3.85051,3.85379,0,0
2015-05-01,07:00:00,3.85379,3.85874,3.85037,3.85599,0,0
2015-05-01,08:00:00,3.85588,3.85673,3.85487,3.8555,0,0
2015-05-01,09:00:00,3.85518,3.86531,3.85294,3.85414,0,0
2015-05-01,10:00:00,3.85346,3.86256,3.84514,3.85002,0,0
2015-05-01,11:00:00,3.84955,3.85969,3.84846,3.85395,0,0
2015-05-01,12:00:00,3.85428,3.86463,3.85362,3.86364,0,0
2015-05-01,13:00:00,3.86366,3.86988,3.86116,3.86498,0,0
2015-05-01,14:00:00,3.8651,3.87114,3.86459,3.8681,0,0
2015-05-01,15:00:00,3.86814,3.8747,3.86481,3.87467,0,0
2015-05-01,16:00:00,3.87476,3.8932,3.87476,3.88625,0,0
2015-05-01,17:00:00,3.88686,3.89976,3.88415,3.89684,0,0
2015-05-01,18:00:00,3.89672,3.90119,3.8936,3.89686,0,0
2015-05-01,19:00:00,3.89686,3.90064,3.89452,3.89846,0,0
2015-05-01,20:00:00,3.89837,3.89837,3.88845,3.89084,0,0
2015-05-01,21:00:00,3.89084,3.89797,3.88821,3.89528,0,0
2015-05-01,22:00:00,3.89537,3.89643,3.89163,3.89564,0,0
2015-05-01,23:00:00,3.89528,3.89551,3.89326,3.89456,0,0
2015-05-04,01:00:00,3.89249,3.89742,3.88945,3.89404,0,0
2015-05-04,02:00:00,3.89403,3.89665,3.8933,3.89463,0,0
2015-05-04,03:00:00,3.89463,3.8954,3.89237,3.89438,0,0
2015-05-04,04:00:00,3.89439,3.89459,3.89074,3.89256,0,0
2015-05-04,05:00:00,3.89256,3.89514,3.89223,3.89434,0,0
2015-05-04,06:00:00,3.89434,3.89555,3.89285,3.8932,0,0
2015-05-04,07:00:00,3.89324,3.8941,3.891,3.89135,0,0
2015-05-04,08:00:00,3.89135,3.89292,3.88662,3.88697,0,0
2015-05-04,09:00:00,3.88682,3.88741,3.87052,3.87276,0,0
2015-05-04,10:00:00,3.8728,3.87884,3.86463,3.86607,0,0
2015-05-04,11:00:00,3.86779,3.8794,3.86711,3.87616,0,0
2015-05-04,12:00:00,3.87617,3.87979,3.86928,3.87979,0,0
2015-05-04,13:00:00,3.87949,3.88046,3.87392,3.87992,0,0
2015-05-04,14:00:00,3.88014,3.88282,3.87639,3.88009,0,0
2015-05-04,15:00:00,3.88019,3.88151,3.87534,3.87814,0,0
2015-05-04,16:00:00,3.87815,3.87815,3.8636,3.86917,0,0
2015-05-04,17:00:00,3.86948,3.87027,3.86007,3.86121,0,0
2015-05-04,18:00:00,3.86147,3.86951,3.85846,3.8687,0,0
2015-05-04,19:00:00,3.86865,3.86865,3.86019,3.86021,0,0
2015-05-04,20:00:00,3.86067,3.87315,3.86002,3.87248,0,0
2015-05-04,21:00:00,3.8726,3.87519,3.8714,3.87358,0,0
2015-05-04,22:00:00,3.87333,3.87374,3.86884,3.87057,0,0
2015-05-04,23:00:00,3.87105,3.8734,3.8701,3.87215,0,0
2015-05-04,23:59:00,3.87126,3.87324,3.8686,3.87017,0,0
2015-05-05,01:00:00,3.87017,3.87171,3.86735,3.86822,0,0
2015-05-05,02:00:00,3.8682,3.87019,3.86752,3.87005,0,0
2015-05-05,03:00:00,3.87004,3.87123,3.86931,3.86994,0,0
2015-05-05,04:00:00,3.86994,3.87031,3.86692,3.86822,0,0
2015-05-05,05:00:00,3.86822,3.87072,3.86753,3.86963,0,0
2015-05-05,06:00:00,3.86967,3.87164,3.86945,3.87081,0,0
2015-05-05,07:00:00,3.87077,3.87331,3.86922,3.87207,0,0
2015-05-05,08:00:00,3.87196,3.87245,3.86758,3.86962,0,0
2015-05-05,09:00:00,3.86928,3.88107,3.86577,3.87976,0,0
2015-05-05,10:00:00,3.87992,3.88049,3.86486,3.86712,0,0
2015-05-05,11:00:00,3.86724,3.86773,3.85731,3.86239,0,0
2015-05-05,12:00:00,3.86238,3.86579,3.85957,3.86442,0,0
2015-05-05,13:00:00,3.86449,3.86915,3.86303,3.86831,0,0
2015-05-05,14:00:00,3.86836,3.87915,3.86274,3.87071,0,0
2015-05-05,15:00:00,3.87074,3.87587,3.86826,3.87199,0,0
2015-05-05,16:00:00,3.87166,3.88017,3.86992,3.87681,0,0
2015-05-05,17:00:00,3.87745,3.89848,3.87745,3.89685,0,0
2015-05-05,18:00:00,3.89716,3.89942,3.89223,3.89471,0,0
2015-05-05,19:00:00,3.89489,3.89583,3.88992,3.89239,0,0
2015-05-05,20:00:00,3.89239,3.89395,3.88945,3.88945,0,0
2015-05-05,21:00:00,3.88941,3.89018,3.88576,3.88821,0,0
2015-05-05,22:00:00,3.88809,3.8883,3.88403,3.88504,0,0
2015-05-05,23:00:00,3.88497,3.88887,3.88479,3.88856,0,0
2015-05-05,23:59:00,3.88859,3.88907,3.88693,3.88828,0,0
2015-05-06,01:00:00,3.88789,3.88879,3.88469,3.88627,0,0
2015-05-06,02:00:00,3.88627,3.88931,3.88403,3.88886,0,0
2015-05-06,03:00:00,3.88886,3.88963,3.88672,3.88868,0,0
2015-05-06,04:00:00,3.88847,3.88939,3.88565,3.88636,0,0
2015-05-06,05:00:00,3.88642,3.88662,3.88027,3.88034,0,0
2015-05-06,06:00:00,3.88035,3.88219,3.87859,3.87906,0,0
2015-05-06,07:00:00,3.87888,3.88063,3.87797,3.87856,0,0
2015-05-06,08:00:00,3.87849,3.88212,3.87665,3.88005,0,0
2015-05-06,09:00:00,3.87958,3.89664,3.87907,3.89398,0,0
2015-05-06,10:00:00,3.8935,3.91148,3.89159,3.90888,0,0
2015-05-06,11:00:00,3.90844,3.91204,3.90112,3.90567,0,0
2015-05-06,12:00:00,3.90522,3.91348,3.90128,3.91163,0,0
2015-05-06,13:00:00,3.91163,3.9131,3.9033,3.90356,0,0
2015-05-06,14:00:00,3.90383,3.90727,3.89641,3.90079,0,0
2015-05-06,15:00:00,3.90068,3.91218,3.89824,3.90492,0,0
2015-05-06,16:00:00,3.90491,3.92073,3.89987,3.91583,0,0
2015-05-06,17:00:00,3.91527,3.91899,3.89352,3.89674,0,0
2015-05-06,18:00:00,3.89723,3.9037,3.8887,3.89039,0,0
2015-05-06,19:00:00,3.89045,3.89657,3.8884,3.89073,0,0
2015-05-06,20:00:00,3.8907,3.89131,3.88692,3.89069,0,0
2015-05-06,21:00:00,3.89076,3.89614,3.88896,3.89279,0,0
2015-05-06,22:00:00,3.89324,3.89431,3.89101,3.89255,0,0
2015-05-06,23:00:00,3.89236,3.89594,3.89053,3.89141,0,0
2015-05-06,23:59:00,3.89216,3.89405,3.8897,3.89292,0,0
2015-05-07,01:00:00,3.89445,3.89445,3.89182,3.8928,0,0
2015-05-07,02:00:00,3.8927,3.89317,3.89094,3.89182,0,0
2015-05-07,03:00:00,3.89174,3.8958,3.89074,3.89485,0,0
2015-05-07,04:00:00,3.89476,3.89625,3.89192,3.89478,0,0
2015-05-07,05:00:00,3.89491,3.89491,3.89165,3.89298,0,0
2015-05-07,06:00:00,3.89298,3.89318,3.89045,3.89138,0,0
2015-05-07,07:00:00,3.89132,3.89217,3.88967,3.89008,0,0
2015-05-07,08:00:00,3.89004,3.9006,3.88972,3.89874,0,0
2015-05-07,09:00:00,3.89856,3.91137,3.89561,3.91137,0,0
2015-05-07,10:00:00,3.91117,3.9239,3.90465,3.92351,0,0
2015-05-07,11:00:00,3.92344,3.93751,3.92166,3.9287,0,0
2015-05-07,12:00:00,3.92872,3.95575,3.9285,3.9505,0,0
2015-05-07,13:00:00,3.95017,3.95211,3.93994,3.94122,0,0
2015-05-07,14:00:00,3.9413,3.94337,3.92086,3.92173,0,0
2015-05-07,15:00:00,3.92061,3.92306,3.90636,3.91797,0,0
2015-05-07,16:00:00,3.91794,3.91794,3.90574,3.90716,0,0
2015-05-07,17:00:00,3.90703,3.92221,3.90605,3.90719,0,0
2015-05-07,18:00:00,3.9069,3.9096,3.90006,3.9047,0,0
2015-05-07,19:00:00,3.9047,3.90486,3.89427,3.89599,0,0
2015-05-07,20:00:00,3.89584,3.89911,3.89228,3.89599,0,0
2015-05-07,21:00:00,3.89599,3.89899,3.89427,3.8977,0,0
2015-05-07,22:00:00,3.89753,3.89963,3.89588,3.897,0,0
2015-05-07,23:00:00,3.89645,3.89723,3.89453,3.89563,0,0
2015-05-07,23:59:00,3.89662,3.90262,3.89339,3.89834,0,0
2015-05-08,01:00:00,3.89762,3.90275,3.89714,3.90033,0,0
2015-05-08,02:00:00,3.90033,3.90363,3.89937,3.90271,0,0
2015-05-08,03:00:00,3.90267,3.90281,3.89669,3.89865,0,0
2015-05-08,04:00:00,3.89875,3.90158,3.89767,3.89955,0,0
2015-05-08,05:00:00,3.89936,3.9066,3.89901,3.90546,0,0
2015-05-08,06:00:00,3.90546,3.90688,3.90342,3.90616,0,0
2015-05-08,07:00:00,3.90611,3.90825,3.90346,3.90815,0,0
2015-05-08,08:00:00,3.90802,3.91128,3.90544,3.9083,0,0
2015-05-08,09:00:00,3.91053,3.9125,3.90003,3.90792,0,0
2015-05-08,10:00:00,3.90906,3.91416,3.89978,3.90589,0,0
2015-05-08,11:00:00,3.90555,3.91895,3.90419,3.91668,0,0
2015-05-08,12:00:00,3.91678,3.93198,3.91475,3.92981,0,0
2015-05-08,13:00:00,3.92993,3.93143,3.91831,3.92424,0,0
2015-05-08,14:00:00,3.92388,3.92557,3.91922,3.92243,0,0
2015-05-08,15:00:00,3.92267,3.9344,3.90661,3.91018,0,0
2015-05-08,16:00:00,3.91039,3.91223,3.89366,3.90345,0,0
2015-05-08,17:00:00,3.90345,3.90631,3.88873,3.88873,0,0
2015-05-08,18:00:00,3.88846,3.89345,3.88076,3.88391,0,0
2015-05-08,19:00:00,3.88378,3.8889,3.8784,3.8784,0,0
2015-05-08,20:00:00,3.8784,3.87966,3.87434,3.87514,0,0
2015-05-08,21:00:00,3.87558,3.88015,3.87358,3.87782,0,0
2015-05-08,22:00:00,3.87774,3.87836,3.87427,3.87707,0,0
2015-05-08,23:00:00,3.87728,3.87728,3.87728,3.87728,0,0
2015-05-11,01:00:00,3.8978,3.89817,3.88963,3.89213,0,0
2015-05-11,02:00:00,3.89213,3.89538,3.89095,3.89313,0,0
2015-05-11,03:00:00,3.89305,3.90098,3.89216,3.90098,0,0
2015-05-11,04:00:00,3.90101,3.90231,3.89474,3.89857,0,0
2015-05-11,05:00:00,3.89893,3.89984,3.89649,3.89797,0,0
2015-05-11,06:00:00,3.89793,3.90374,3.89663,3.9023,0,0
2015-05-11,07:00:00,3.9023,3.90339,3.90068,3.9033,0,0
2015-05-11,08:00:00,3.90315,3.91436,3.89983,3.90096,0,0
2015-05-11,09:00:00,3.8999,3.90539,3.897,3.89763,0,0
2015-05-11,10:00:00,3.89748,3.91811,3.89037,3.91807,0,0
2015-05-11,11:00:00,3.91797,3.92327,3.91256,3.92198,0,0
2015-05-11,12:00:00,3.92234,3.92234,3.91251,3.91589,0,0
2015-05-11,13:00:00,3.91527,3.91715,3.91057,3.91129,0,0
2015-05-11,14:00:00,3.9113,3.91367,3.90453,3.90473,0,0
2015-05-11,15:00:00,3.90474,3.91709,3.90466,3.90781,0,0
2015-05-11,16:00:00,3.90723,3.90779,3.89929,3.90243,0,0
2015-05-11,17:00:00,3.90184,3.90841,3.89929,3.90334,0,0
2015-05-11,18:00:00,3.90317,3.91418,3.90294,3.91012,0,0
2015-05-11,19:00:00,3.90969,3.91529,3.90882,3.91069,0,0
2015-05-11,20:00:00,3.91033,3.91219,3.90937,3.90991,0,0
2015-05-11,21:00:00,3.90991,3.91381,3.90977,3.91374,0,0
2015-05-11,22:00:00,3.91369,3.92216,3.91369,3.91747,0,0
2015-05-11,23:00:00,3.91752,3.91882,3.91336,3.91631,0,0
2015-05-11,23:59:00,3.91586,3.91806,3.9138,3.91776,0,0
2015-05-12,01:00:00,3.91798,3.91941,3.91136,3.91724,0,0
2015-05-12,02:00:00,3.91699,3.91852,3.91651,3.9175,0,0
2015-05-12,03:00:00,3.91742,3.91816,3.91568,3.9169,0,0
2015-05-12,04:00:00,3.9169,3.9202,3.91581,3.91765,0,0
2015-05-12,05:00:00,3.91794,3.91873,3.91512,3.91622,0,0
2015-05-12,06:00:00,3.91583,3.91805,3.91398,3.91695,0,0
2015-05-12,07:00:00,3.91695,3.91867,3.9157,3.91645,0,0
2015-05-12,08:00:00,3.91643,3.91643,3.91031,3.91443,0,0
2015-05-12,09:00:00,3.91517,3.93385,3.91302,3.93382,0,0
2015-05-12,10:00:00,3.93381,3.93439,3.9227,3.92945,0,0
2015-05-12,11:00:00,3.93027,3.94472,3.92745,3.93947,0,0
2015-05-12,12:00:00,3.93965,3.95135,3.93885,3.94564,0,0
2015-05-12,13:00:00,3.94561,3.94655,3.93216,3.93397,0,0
2015-05-12,14:00:00,3.93452,3.94872,3.93262,3.94741,0,0
2015-05-12,15:00:00,3.94724,3.94915,3.93532,3.93871,0,0
2015-05-12,16:00:00,3.93909,3.9537,3.93909,3.94479,0,0
2015-05-12,17:00:00,3.9462,3.94883,3.93315,3.93666,0,0
2015-05-12,18:00:00,3.93688,3.93898,3.93175,3.93175,0,0
2015-05-12,19:00:00,3.9318,3.93493,3.92665,3.93327,0,0
2015-05-12,20:00:00,3.93311,3.93471,3.92767,3.93184,0,0
2015-05-12,21:00:00,3.93146,3.93574,3.93048,3.9346,0,0
2015-05-12,22:00:00,3.93452,3.93568,3.93386,3.9342,0,0
2015-05-12,23:00:00,3.93534,3.93653,3.93326,3.93398,0,0
2015-05-12,23:59:00,3.93402,3.93677,3.93192,3.93389,0,0
2015-05-13,01:00:00,3.93416,3.93515,3.93009,3.93152,0,0
2015-05-13,02:00:00,3.93152,3.93323,3.92892,3.9304,0,0
2015-05-13,03:00:00,3.93032,3.93469,3.92755,3.93444,0,0
2015-05-13,04:00:00,3.93461,3.93583,3.93273,3.93345,0,0
2015-05-13,05:00:00,3.93385,3.93576,3.93111,3.932,0,0
2015-05-13,06:00:00,3.93195,3.93346,3.93129,3.9324,0,0
2015-05-13,07:00:00,3.93244,3.93288,3.93035,3.93197,0,0
2015-05-13,08:00:00,3.93197,3.93319,3.92729,3.92948,0,0
2015-05-13,09:00:00,3.93074,3.93686,3.92291,3.93276,0,0
2015-05-13,10:00:00,3.93316,3.93372,3.90618,3.9065,0,0
2015-05-13,11:00:00,3.9067,3.91468,3.9067,3.91178,0,0
2015-05-13,12:00:00,3.9121,3.91788,3.91062,3.91402,0,0
2015-05-13,13:00:00,3.91385,3.92343,3.91283,3.91903,0,0
2015-05-13,14:00:00,3.91869,3.92288,3.91671,3.92064,0,0
2015-05-13,15:00:00,3.92061,3.93738,3.9017,3.90914,0,0
2015-05-13,16:00:00,3.9093,3.91627,3.89972,3.91549,0,0
2015-05-13,17:00:00,3.91491,3.93045,3.90887,3.92945,0,0
2015-05-13,18:00:00,3.92918,3.93032,3.92327,3.92937,0,0
2015-05-13,19:00:00,3.9295,3.93336,3.92784,3.93104,0,0
2015-05-13,20:00:00,3.93119,3.93444,3.92344,3.93202,0,0
2015-05-13,21:00:00,3.93189,3.93605,3.93053,3.9358,0,0
2015-05-13,22:00:00,3.93599,3.93865,3.9338,3.93732,0,0
2015-05-13,23:00:00,3.93753,3.93903,3.93601,3.93769,0,0
2015-05-13,23:59:00,3.93752,3.93883,3.93527,3.93787,0,0
2015-05-14,01:00:00,3.93781,3.93978,3.93531,3.93584,0,0
2015-05-14,02:00:00,3.93589,3.93721,3.93371,3.93493,0,0
2015-05-14,03:00:00,3.93493,3.94,3.93346,3.93923,0,0
2015-05-14,04:00:00,3.93923,3.9404,3.93469,3.93527,0,0
2015-05-14,05:00:00,3.9354,3.93701,3.93272,3.93654,0,0
2015-05-14,06:00:00,3.93646,3.93673,3.93472,3.93573,0,0
2015-05-14,07:00:00,3.93577,3.93638,3.93415,3.93595,0,0
2015-05-14,08:00:00,3.93587,3.93712,3.93416,3.93661,0,0
2015-05-14,09:00:00,3.93676,3.94001,3.9304,3.93948,0,0
2015-05-14,10:00:00,3.93928,3.94136,3.92979,3.93155,0,0
2015-05-14,11:00:00,3.93151,3.93433,3.92541,3.92933,0,0
2015-05-14,12:00:00,3.92998,3.94166,3.92674,3.93947,0,0
2015-05-14,13:00:00,3.93929,3.94147,3.93591,3.93937,0,0
2015-05-14,14:00:00,3.93944,3.94112,3.93056,3.93248,0,0
2015-05-14,15:00:00,3.93213,3.93536,3.91692,3.91721,0,0
2015-05-14,16:00:00,3.91671,3.91893,3.90719,3.9088,0,0
2015-05-14,17:00:00,3.90893,3.91276,3.90213,3.90507,0,0
2015-05-14,18:00:00,3.9052,3.91582,3.90412,3.91303,0,0
2015-05-14,19:00:00,3.91329,3.91621,3.91225,3.91354,0,0
2015-05-14,20:00:00,3.91339,3.91621,3.91212,3.91314,0,0
2015-05-14,21:00:00,3.91327,3.91434,3.90844,3.90867,0,0
2015-05-14,22:00:00,3.90867,3.90886,3.90574,3.90671,0,0
2015-05-14,23:00:00,3.90675,3.90923,3.90521,3.90739,0,0
2015-05-14,23:59:00,3.9071,3.90913,3.90508,3.90896,0,0
2015-05-15,01:00:00,3.90877,3.91074,3.90795,3.90865,0,0
2015-05-15,02:00:00,3.90925,3.91329,3.9087,3.91032,0,0
2015-05-15,03:00:00,3.91036,3.91047,3.90708,3.90708,0,0
2015-05-15,04:00:00,3.90718,3.9086,3.90456,3.90595,0,0
2015-05-15,05:00:00,3.90591,3.90848,3.90314,3.90635,0,0
2015-05-15,06:00:00,3.90635,3.90932,3.90598,3.90847,0,0
2015-05-15,07:00:00,3.90843,3.90902,3.90484,3.90564,0,0
2015-05-15,08:00:00,3.90526,3.91083,3.90448,3.91006,0,0
2015-05-15,09:00:00,3.90977,3.911,3.90123,3.9047,0,0
2015-05-15,10:00:00,3.90461,3.90686,3.88679,3.89007,0,0
2015-05-15,11:00:00,3.89023,3.89592,3.88511,3.89335,0,0
2015-05-15,12:00:00,3.89326,3.89326,3.88338,3.88615,0,0
2015-05-15,13:00:00,3.88626,3.88626,3.87238,3.87702,0,0
2015-05-15,14:00:00,3.87723,3.8798,3.8651,3.86722,0,0
2015-05-15,15:00:00,3.86722,3.86722,3.85656,3.86289,0,0
2015-05-15,16:00:00,3.8628,3.87038,3.85994,3.86174,0,0
2015-05-15,17:00:00,3.86261,3.87882,3.8592,3.86816,0,0
2015-05-15,18:00:00,3.86784,3.87009,3.86315,3.86431,0,0
2015-05-15,19:00:00,3.86427,3.8669,3.85775,3.85787,0,0
2015-05-15,20:00:00,3.85797,3.861,3.85685,3.85914,0,0
2015-05-15,21:00:00,3.8593,3.86242,3.85508,3.86054,0,0
2015-05-15,22:00:00,3.86045,3.8605,3.85358,3.8542,0,0
2015-05-15,23:00:00,3.85426,3.85504,3.85373,3.85457,0,0
2015-05-18,01:00:00,3.86213,3.86362,3.85524,3.86233,0,0
2015-05-18,02:00:00,3.86233,3.8638,3.86058,3.86305,0,0
2015-05-18,03:00:00,3.86305,3.8635,3.85637,3.85692,0,0
2015-05-18,04:00:00,3.85667,3.85981,3.84997,3.84997,0,0
2015-05-18,05:00:00,3.85009,3.85786,3.84822,3.85544,0,0
2015-05-18,06:00:00,3.85544,3.86098,3.85417,3.85997,0,0
2015-05-18,07:00:00,3.86002,3.8627,3.85723,3.8621,0,0
2015-05-18,08:00:00,3.8621,3.86216,3.85766,3.85783,0,0
2015-05-18,09:00:00,3.85783,3.8614,3.85482,3.86123,0,0
2015-05-18,10:00:00,3.86162,3.86255,3.85378,3.85671,0,0
2015-05-18,11:00:00,3.85615,3.86533,3.85381,3.86201,0,0
2015-05-18,12:00:00,3.86201,3.87066,3.86017,3.8703,0,0
2015-05-18,13:00:00,3.87031,3.87905,3.87013,3.87495,0,0
2015-05-18,14:00:00,3.87506,3.87707,3.87274,3.87475,0,0
2015-05-18,15:00:00,3.87475,3.88056,3.87158,3.87932,0,0
2015-05-18,16:00:00,3.87982,3.8848,3.87674,3.88477,0,0
2015-05-18,17:00:00,3.88487,3.88673,3.88091,3.88275,0,0
2015-05-18,18:00:00,3.88272,3.89173,3.88212,3.88963,0,0
2015-05-18,19:00:00,3.88969,3.88998,3.883,3.88354,0,0
2015-05-18,20:00:00,3.88365,3.89215,3.88211,3.89051,0,0
2015-05-18,21:00:00,3.89049,3.89316,3.88976,3.89241,0,0
2015-05-18,22:00:00,3.89266,3.89324,3.88989,3.89142,0,0
2015-05-18,23:00:00,3.89125,3.89322,3.88681,3.88738,0,0
2015-05-18,23:59:00,3.88645,3.88935,3.88594,3.88843,0,0
2015-05-19,01:00:00,3.88842,3.89111,3.88748,3.88808,0,0
2015-05-19,02:00:00,3.88847,3.88847,3.88529,3.88563,0,0
2015-05-19,03:00:00,3.88534,3.88871,3.88483,3.88809,0,0
2015-05-19,04:00:00,3.88805,3.89359,3.88774,3.89249,0,0
2015-05-19,05:00:00,3.89219,3.89591,3.89192,3.89463,0,0
2015-05-19,06:00:00,3.89459,3.89615,3.88987,3.89004,0,0
2015-05-19,07:00:00,3.89008,3.89216,3.88988,3.89004,0,0
2015-05-19,08:00:00,3.88998,3.89072,3.88639,3.88964,0,0
2015-05-19,09:00:00,3.88959,3.89792,3.8862,3.88683,0,0
2015-05-19,10:00:00,3.88677,3.89082,3.86456,3.87956,0,0
2015-05-19,11:00:00,3.8804,3.88528,3.87578,3.87851,0,0
2015-05-19,12:00:00,3.87932,3.88863,3.87604,3.88617,0,0
2015-05-19,13:00:00,3.88637,3.89166,3.88575,3.8878,0,0
2015-05-19,14:00:00,3.88703,3.89952,3.88613,3.89292,0,0
2015-05-19,15:00:00,3.89278,3.89773,3.88021,3.88682,0,0
2015-05-19,16:00:00,3.88632,3.89883,3.88443,3.8965,0,0
2015-05-19,17:00:00,3.89685,3.90099,3.88777,3.89036,0,0
2015-05-19,18:00:00,3.8896,3.89251,3.88125,3.88143,0,0
2015-05-19,19:00:00,3.88156,3.88848,3.87817,3.87984,0,0
2015-05-19,20:00:00,3.87988,3.88424,3.87304,3.87431,0,0
2015-05-19,21:00:00,3.87479,3.87511,3.87186,3.87186,0,0
2015-05-19,22:00:00,3.87169,3.87582,3.87169,3.87294,0,0
2015-05-19,23:00:00,3.87314,3.87966,3.8724,3.87766,0,0
2015-05-19,23:59:00,3.87761,3.87991,3.87623,3.87945,0,0
2015-05-20,01:00:00,3.87952,3.88003,3.87767,3.8791,0,0
2015-05-20,02:00:00,3.8788,3.87972,3.87779,3.87972,0,0
2015-05-20,03:00:00,3.87968,3.88318,3.87851,3.88254,0,0
2015-05-20,04:00:00,3.88254,3.88403,3.87953,3.88009,0,0
2015-05-20,05:00:00,3.88013,3.8826,3.87973,3.88211,0,0
2015-05-20,06:00:00,3.88201,3.88363,3.881,3.88313,0,0
2015-05-20,07:00:00,3.88313,3.88587,3.88204,3.88302,0,0
2015-05-20,08:00:00,3.88299,3.89187,3.88223,3.8913,0,0
2015-05-20,09:00:00,3.89122,3.89424,3.88447,3.89112,0,0
2015-05-20,10:00:00,3.8911,3.89527,3.8852,3.89007,0,0
2015-05-20,11:00:00,3.89009,3.9003,3.88879,3.89764,0,0
2015-05-20,12:00:00,3.89752,3.90011,3.88848,3.88952,0,0
2015-05-20,13:00:00,3.88972,3.8939,3.88401,3.89087,0,0
2015-05-20,14:00:00,3.89095,3.89494,3.8884,3.89021,0,0
2015-05-20,15:00:00,3.89021,3.91093,3.89015,3.90951,0,0
2015-05-20,16:00:00,3.90988,3.91906,3.90868,3.91851,0,0
2015-05-20,17:00:00,3.91961,3.9262,3.91423,3.91674,0,0
2015-05-20,18:00:00,3.91614,3.92436,3.91518,3.92273,0,0
2015-05-20,19:00:00,3.92378,3.92717,3.92094,3.92404,0,0
2015-05-20,20:00:00,3.92451,3.92991,3.92385,3.92586,0,0
2015-05-20,21:00:00,3.92586,3.92586,3.91594,3.91963,0,0
2015-05-20,22:00:00,3.91984,3.92474,3.91733,3.92257,0,0
2015-05-20,23:00:00,3.92276,3.9241,3.91939,3.92047,0,0
2015-05-20,23:59:00,3.921,3.92754,3.91892,3.92707,0,0
2015-05-21,01:00:00,3.92707,3.9322,3.92498,3.92664,0,0
2015-05-21,02:00:00,3.92729,3.92908,3.92649,3.92816,0,0
2015-05-21,03:00:00,3.92818,3.93141,3.9255,3.92917,0,0
2015-05-21,04:00:00,3.92957,3.9307,3.92286,3.92791,0,0
2015-05-21,05:00:00,3.92769,3.93301,3.92736,3.93239,0,0
2015-05-21,06:00:00,3.93239,3.9332,3.932,3.93277,0,0
2015-05-21,07:00:00,3.93277,3.93378,3.93082,3.93098,0,0
2015-05-21,08:00:00,3.93086,3.9319,3.92738,3.93158,0,0
2015-05-21,09:00:00,3.93166,3.93394,3.92187,3.92442,0,0
2015-05-21,10:00:00,3.92609,3.93125,3.92016,3.92553,0,0
2015-05-21,11:00:00,3.92565,3.92727,3.91885,3.92717,0,0
2015-05-21,12:00:00,3.92697,3.93334,3.92468,3.93283,0,0
2015-05-21,13:00:00,3.93277,3.94412,3.93135,3.93485,0,0
2015-05-21,14:00:00,3.93471,3.94406,3.93471,3.93977,0,0
2015-05-21,15:00:00,3.9402,3.94746,3.93501,3.94394,0,0
2015-05-21,16:00:00,3.94473,3.94752,3.94018,3.94528,0,0
2015-05-21,17:00:00,3.9457,3.94954,3.93154,3.93277,0,0
2015-05-21,18:00:00,3.93275,3.94109,3.93046,3.93812,0,0
2015-05-21,19:00:00,3.93807,3.94005,3.93473,3.93583,0,0
2015-05-21,20:00:00,3.93572,3.94007,3.93395,3.93912,0,0
2015-05-21,21:00:00,3.93928,3.94125,3.93477,3.93487,0,0
2015-05-21,22:00:00,3.93446,3.93732,3.93446,3.93616,0,0
2015-05-21,23:00:00,3.9362,3.93713,3.93522,3.93618,0,0
2015-05-21,23:59:00,3.93568,3.9374,3.92962,3.93118,0,0
2015-05-22,01:00:00,3.93122,3.93431,3.93106,3.93152,0,0
2015-05-22,02:00:00,3.93267,3.93371,3.92827,3.92847,0,0
2015-05-22,03:00:00,3.92809,3.93244,3.92767,3.93226,0,0
2015-05-22,04:00:00,3.93218,3.93369,3.92892,3.93104,0,0
2015-05-22,05:00:00,3.93104,3.93388,3.92759,3.93361,0,0
2015-05-22,06:00:00,3.93361,3.93385,3.92965,3.93096,0,0
2015-05-22,07:00:00,3.93106,3.93246,3.93046,3.93187,0,0
2015-05-22,08:00:00,3.93175,3.9334,3.9304,3.93192,0,0
2015-05-22,09:00:00,3.93067,3.93353,3.92793,3.93166,0,0
2015-05-22,10:00:00,3.93162,3.93293,3.92493,3.92995,0,0
2015-05-22,11:00:00,3.92983,3.93726,3.92576,3.93561,0,0
2015-05-22,12:00:00,3.93586,3.93946,3.93094,3.93787,0,0
2015-05-22,13:00:00,3.93825,3.94432,3.93282,3.93306,0,0
2015-05-22,14:00:00,3.93309,3.93737,3.93137,3.93338,0,0
2015-05-22,15:00:00,3.93338,3.94122,3.92731,3.93163,0,0
2015-05-22,16:00:00,3.93115,3.93926,3.92651,3.9377,0,0
2015-05-22,17:00:00,3.93735,3.95484,3.93726,3.94713,0,0
2015-05-22,18:00:00,3.94742,3.95139,3.9403,3.94463,0,0
2015-05-22,19:00:00,3.94467,3.94791,3.94247,3.94536,0,0
2015-05-22,20:00:00,3.94569,3.95416,3.94434,3.9509,0,0
2015-05-22,21:00:00,3.9509,3.95515,3.94999,3.95453,0,0
2015-05-22,22:00:00,3.95453,3.95545,3.95198,3.95271,0,0
2015-05-22,23:00:00,3.95267,3.95267,3.95128,3.95128,0,0
2015-05-25,01:00:00,3.98413,3.98413,3.97459,3.98193,0,0
2015-05-25,02:00:00,3.98199,3.98555,3.9797,3.98377,0,0
2015-05-25,03:00:00,3.98373,3.98599,3.98006,3.98536,0,0
2015-05-25,04:00:00,3.98533,3.98648,3.98275,3.98427,0,0
2015-05-25,05:00:00,3.98382,3.98791,3.98344,3.98729,0,0
2015-05-25,06:00:00,3.98732,3.98832,3.98528,3.98805,0,0
2015-05-25,07:00:00,3.98805,3.98895,3.98679,3.98817,0,0
2015-05-25,08:00:00,3.98827,3.99299,3.98776,3.99245,0,0
2015-05-25,09:00:00,3.9923,3.99474,3.98467,3.98512,0,0
2015-05-25,10:00:00,3.98544,3.98557,3.97155,3.97752,0,0
2015-05-25,11:00:00,3.97757,3.97947,3.9734,3.97539,0,0
2015-05-25,12:00:00,3.97547,3.97784,3.96998,3.97254,0,0
2015-05-25,13:00:00,3.97263,3.97336,3.96645,3.96812,0,0
2015-05-25,14:00:00,3.96816,3.97064,3.96745,3.96927,0,0
2015-05-25,15:00:00,3.96927,3.97075,3.96374,3.96404,0,0
2015-05-25,16:00:00,3.96387,3.96834,3.96163,3.9628,0,0
2015-05-25,17:00:00,3.96267,3.96474,3.95871,3.96138,0,0
2015-05-25,18:00:00,3.96138,3.96186,3.95726,3.9607,0,0
2015-05-25,19:00:00,3.96068,3.96091,3.95173,3.95235,0,0
2015-05-25,20:00:00,3.95254,3.95472,3.95141,3.95472,0,0
2015-05-25,21:00:00,3.95472,3.95503,3.95238,3.95351,0,0
2015-05-25,22:00:00,3.95372,3.95684,3.95294,3.95465,0,0
2015-05-25,23:00:00,3.95431,3.95751,3.95324,3.95652,0,0
2015-05-25,23:59:00,3.95578,3.95722,3.95262,3.95371,0,0
2015-05-26,01:00:00,3.95371,3.95571,3.95266,3.95483,0,0
2015-05-26,02:00:00,3.95476,3.95641,3.954,3.9559,0,0
2015-05-26,03:00:00,3.9559,3.96134,3.95404,3.96008,0,0
2015-05-26,04:00:00,3.96008,3.96198,3.95789,3.95991,0,0
2015-05-26,05:00:00,3.95991,3.962,3.95897,3.96023,0,0
2015-05-26,06:00:00,3.96023,3.9623,3.95886,3.95931,0,0
2015-05-26,07:00:00,3.95919,3.96146,3.95763,3.96068,0,0
2015-05-26,08:00:00,3.96068,3.96328,3.95986,3.96128,0,0
2015-05-26,09:00:00,3.96132,3.97285,3.95998,3.97168,0,0
2015-05-26,10:00:00,3.97178,3.98112,3.96495,3.98092,0,0
2015-05-26,11:00:00,3.98078,3.98974,3.97854,3.98662,0,0
2015-05-26,12:00:00,3.98639,4.00292,3.98633,4.00015,0,0
2015-05-26,13:00:00,4.00005,4.00509,3.99732,3.99894,0,0
2015-05-26,14:00:00,3.99845,4.00231,3.99343,3.99756,0,0
2015-05-26,15:00:00,3.9974,4.00708,3.99659,4.00062,0,0
2015-05-26,16:00:00,4.00165,4.00335,3.99628,4.00274,0,0
2015-05-26,17:00:00,4.00314,4.01124,4.00278,4.0069,0,0
2015-05-26,18:00:00,4.00578,4.01652,4.00397,4.01412,0,0
2015-05-26,19:00:00,4.01374,4.01568,4.01067,4.01521,0,0
2015-05-26,20:00:00,4.01521,4.01865,4.01319,4.01655,0,0
2015-05-26,21:00:00,4.01585,4.01614,4.00768,4.00906,0,0
2015-05-26,22:00:00,4.00905,4.0117,4.00186,4.00337,0,0
2015-05-26,23:00:00,4.00366,4.00557,4,4.00362,0,0
2015-05-26,23:59:00,4.00462,4.00462,3.99722,4.00103,0,0
2015-05-27,01:00:00,4.00074,4.0013,3.99878,3.99931,0,0
2015-05-27,02:00:00,3.99943,4.00283,3.99922,4.00216,0,0
2015-05-27,03:00:00,4.00216,4.00903,4.00012,4.00285,0,0
2015-05-27,04:00:00,4.00328,4.00909,4.00234,4.00698,0,0
2015-05-27,05:00:00,4.00691,4.00772,4.00464,4.00707,0,0
2015-05-27,06:00:00,4.00722,4.00751,4.00532,4.00708,0,0
2015-05-27,07:00:00,4.00708,4.00981,4.00598,4.0082,0,0
2015-05-27,08:00:00,4.00823,4.01038,4.00081,4.00246,0,0
2015-05-27,09:00:00,4.00308,4.00532,3.99614,4.00221,0,0
2015-05-27,10:00:00,4.0019,4.00248,3.98835,3.98885,0,0
2015-05-27,11:00:00,3.98884,4.00223,3.98436,3.99969,0,0
2015-05-27,12:00:00,3.99979,4.00674,3.99658,4.00043,0,0
2015-05-27,13:00:00,4.00066,4.00523,3.99867,4.00412,0,0
2015-05-27,14:00:00,4.00369,4.00433,3.99561,3.9998,0,0
2015-05-27,15:00:00,3.99979,4.01013,3.99839,4.00664,0,0
2015-05-27,16:00:00,4.00673,4.01167,3.98298,3.99384,0,0
2015-05-27,17:00:00,3.99364,3.9966,3.98726,3.99067,0,0
2015-05-27,18:00:00,3.99067,3.99508,3.98527,3.98892,0,0
2015-05-27,19:00:00,3.98886,3.99072,3.98641,3.98999,0,0
2015-05-27,20:00:00,3.98979,3.99213,3.98463,3.98637,0,0
2015-05-27,21:00:00,3.98641,3.98692,3.9821,3.9834,0,0
2015-05-27,22:00:00,3.98341,3.98568,3.98129,3.98369,0,0
2015-05-27,23:00:00,3.98416,3.98823,3.98169,3.98823,0,0
2015-05-27,23:59:00,3.98761,3.98921,3.98472,3.98626,0,0
2015-05-28,01:00:00,3.98594,3.98915,3.98462,3.98648,0,0
2015-05-28,02:00:00,3.98648,3.98911,3.9864,3.98807,0,0
2015-05-28,03:00:00,3.98813,3.99048,3.98514,3.98709,0,0
2015-05-28,04:00:00,3.98701,3.98897,3.986,3.98747,0,0
2015-05-28,05:00:00,3.98707,3.99026,3.98651,3.99026,0,0
2015-05-28,06:00:00,3.99021,3.99126,3.98803,3.98826,0,0
2015-05-28,07:00:00,3.98819,3.99177,3.98756,3.98946,0,0
2015-05-28,08:00:00,3.98942,3.99,3.98561,3.98804,0,0
2015-05-28,09:00:00,3.98819,3.98966,3.98382,3.98756,0,0
2015-05-28,10:00:00,3.98798,3.99681,3.98798,3.99392,0,0
2015-05-28,11:00:00,3.99401,4.00297,3.9901,3.99975,0,0
2015-05-28,12:00:00,3.99836,4.00373,3.9974,4.00107,0,0
2015-05-28,13:00:00,4.00101,4.00277,3.99279,3.99536,0,0
2015-05-28,14:00:00,3.99603,3.9964,3.99248,3.99408,0,0
2015-05-28,15:00:00,3.99352,3.99481,3.98278,3.99051,0,0
2015-05-28,16:00:00,3.99053,4.0049,3.98937,4.00338,0,0
2015-05-28,17:00:00,4.00392,4.012,4.0007,4.01192,0,0
2015-05-28,18:00:00,4.01221,4.01661,4.00922,4.01252,0,0
2015-05-28,19:00:00,4.01259,4.01914,4.00998,4.0117,0,0
2015-05-28,20:00:00,4.01161,4.01864,4.00983,4.0139,0,0
2015-05-28,21:00:00,4.01408,4.01622,4.00904,4.00974,0,0
2015-05-28,22:00:00,4.0101,4.01298,4.00838,4.00896,0,0
2015-05-28,23:00:00,4.00867,4.0113,4.0064,4.00765,0,0
2015-05-28,23:59:00,4.00713,4.00998,4.00075,4.00536,0,0
2015-05-29,01:00:00,4.00573,4.00837,4.00391,4.00758,0,0
2015-05-29,02:00:00,4.00785,4.00865,4.00568,4.00607,0,0
2015-05-29,03:00:00,4.00574,4.00975,4.00534,4.00971,0,0
2015-05-29,04:00:00,4.0098,4.0098,4.00653,4.0087,0,0
2015-05-29,05:00:00,4.00872,4.012,4.00782,4.01131,0,0
2015-05-29,06:00:00,4.01128,4.01186,4.00437,4.00437,0,0
2015-05-29,07:00:00,4.00423,4.0058,3.99313,3.99919,0,0
2015-05-29,08:00:00,3.99934,4.00088,3.99364,3.99364,0,0
2015-05-29,09:00:00,3.994,3.9986,3.99184,3.99395,0,0
2015-05-29,10:00:00,3.99287,4.00069,3.99111,3.99538,0,0
2015-05-29,11:00:00,3.99652,4.00128,3.99067,3.99132,0,0
2015-05-29,12:00:00,3.99132,3.99408,3.98532,3.99111,0,0
2015-05-29,13:00:00,3.99082,3.99761,3.98985,3.99761,0,0
2015-05-29,14:00:00,3.99759,3.99876,3.98837,3.99202,0,0
2015-05-29,15:00:00,3.99226,4.00776,3.9908,3.99671,0,0
2015-05-29,16:00:00,3.99674,4.01114,3.99303,4.00652,0,0
2015-05-29,17:00:00,4.00529,4.00841,3.97985,3.98011,0,0
2015-05-29,18:00:00,3.97875,3.98114,3.96475,3.97281,0,0
2015-05-29,19:00:00,3.97308,3.97756,3.96998,3.97621,0,0
2015-05-29,20:00:00,3.97629,3.98313,3.97574,3.98178,0,0
2015-05-29,21:00:00,3.98193,3.98513,3.98149,3.98325,0,0
2015-05-29,22:00:00,3.98301,3.98385,3.98131,3.98247,0,0
2015-05-29,23:00:00,3.98213,3.98221,3.98169,3.98195,0,0
2015-06-01,01:00:00,3.98126,3.98504,3.97892,3.98252,0,0
2015-06-01,02:00:00,3.98252,3.98589,3.98247,3.98396,0,0
2015-06-01,03:00:00,3.98392,3.9868,3.98032,3.9861,0,0
2015-06-01,04:00:00,3.98618,3.98724,3.98377,3.98506,0,0
2015-06-01,05:00:00,3.98485,3.9851,3.98139,3.98148,0,0
2015-06-01,06:00:00,3.98144,3.98354,3.98007,3.98343,0,0
2015-06-01,07:00:00,3.98343,3.98364,3.97974,3.97974,0,0
2015-06-01,08:00:00,3.97974,3.98012,3.97626,3.9784,0,0
2015-06-01,09:00:00,3.97824,3.98082,3.97477,3.97684,0,0
2015-06-01,10:00:00,3.97742,3.9865,3.97436,3.98602,0,0
2015-06-01,11:00:00,3.98625,4.0013,3.98576,3.99834,0,0
2015-06-01,12:00:00,3.99811,3.99884,3.99149,3.99636,0,0
2015-06-01,13:00:00,3.99603,4.00094,3.99263,3.99959,0,0
2015-06-01,14:00:00,3.99968,4.00052,3.99067,3.99581,0,0
2015-06-01,15:00:00,3.99613,4.00196,3.98667,3.98876,0,0
2015-06-01,16:00:00,3.98825,4.00011,3.98769,3.99739,0,0
2015-06-01,17:00:00,3.99791,4.00568,3.99419,3.99452,0,0
2015-06-01,18:00:00,3.99534,3.9985,3.989,3.99235,0,0
2015-06-01,19:00:00,3.99235,3.99432,3.98646,3.98795,0,0
2015-06-01,20:00:00,3.98756,3.98831,3.98199,3.98271,0,0
2015-06-01,21:00:00,3.98287,3.98525,3.97946,3.98009,0,0
2015-06-01,22:00:00,3.97994,3.98351,3.97879,3.98165,0,0
2015-06-01,23:00:00,3.98178,3.98328,3.97967,3.98182,0,0
2015-06-01,23:59:00,3.98356,3.98638,3.97749,3.98452,0,0
2015-06-02,01:00:00,3.98417,3.98431,3.98157,3.98232,0,0
2015-06-02,02:00:00,3.98228,3.98605,3.98202,3.98462,0,0
2015-06-02,03:00:00,3.98466,3.98757,3.98317,3.98588,0,0
2015-06-02,04:00:00,3.98592,3.98799,3.9847,3.98672,0,0
2015-06-02,05:00:00,3.98723,3.98806,3.98614,3.98726,0,0
2015-06-02,06:00:00,3.9873,3.98947,3.98601,3.98888,0,0
2015-06-02,07:00:00,3.98888,3.98997,3.98692,3.98706,0,0
2015-06-02,08:00:00,3.98706,3.98831,3.98494,3.98592,0,0
2015-06-02,09:00:00,3.98583,3.99394,3.98579,3.99189,0,0
2015-06-02,10:00:00,3.99108,3.99671,3.98886,3.99414,0,0
2015-06-02,11:00:00,3.99366,4.00231,3.99074,4.00134,0,0
2015-06-02,12:00:00,4.00127,4.00631,3.9989,4.00028,0,0
2015-06-02,13:00:00,4.00036,4.00039,3.98467,3.99004,0,0
2015-06-02,14:00:00,3.99032,3.99128,3.97576,3.97973,0,0
2015-06-02,15:00:00,3.97986,3.98177,3.96878,3.96927,0,0
2015-06-02,16:00:00,3.96926,3.97579,3.95564,3.97539,0,0
2015-06-02,17:00:00,3.97539,3.97639,3.95919,3.96265,0,0
2015-06-02,18:00:00,3.96235,3.97199,3.96235,3.96539,0,0
2015-06-02,19:00:00,3.96531,3.96591,3.95723,3.95762,0,0
2015-06-02,20:00:00,3.95705,3.95839,3.95503,3.95782,0,0
2015-06-02,21:00:00,3.95754,3.96003,3.95617,3.95952,0,0
2015-06-02,22:00:00,3.95906,3.96292,3.9585,3.96125,0,0
2015-06-02,23:00:00,3.96121,3.9625,3.95876,3.95938,0,0
2015-06-02,23:59:00,3.96011,3.96022,3.95711,3.9584,0,0
2015-06-03,01:00:00,3.95861,3.95984,3.95592,3.95797,0,0
2015-06-03,02:00:00,3.95797,3.9593,3.957,3.958,0,0
2015-06-03,03:00:00,3.9583,3.95941,3.95643,3.95817,0,0
2015-06-03,04:00:00,3.9582,3.9586,3.94989,3.95017,0,0
2015-06-03,05:00:00,3.95027,3.9576,3.95025,3.95733,0,0
2015-06-03,06:00:00,3.95733,3.958,3.95523,3.95598,0,0
2015-06-03,07:00:00,3.95534,3.95599,3.95244,3.95492,0,0
2015-06-03,08:00:00,3.95511,3.95545,3.95093,3.9535,0,0
2015-06-03,09:00:00,3.95359,3.96609,3.95147,3.961,0,0
2015-06-03,10:00:00,3.96096,3.97261,3.9565,3.96353,0,0
2015-06-03,11:00:00,3.96355,3.96841,3.96002,3.96603,0,0
2015-06-03,12:00:00,3.96712,3.97219,3.96411,3.96814,0,0
2015-06-03,13:00:00,3.96818,3.96938,3.9613,3.96537,0,0
2015-06-03,14:00:00,3.96478,3.96907,3.95534,3.95766,0,0
2015-06-03,15:00:00,3.95847,3.95954,3.93476,3.94784,0,0
2015-06-03,16:00:00,3.94856,3.95924,3.94426,3.95878,0,0
2015-06-03,17:00:00,3.95863,3.96253,3.93729,3.94357,0,0
2015-06-03,18:00:00,3.94385,3.95068,3.94061,3.94442,0,0
2015-06-03,19:00:00,3.94475,3.9526,3.94454,3.95173,0,0
2015-06-03,20:00:00,3.95157,3.95157,3.94769,3.94876,0,0
2015-06-03,21:00:00,3.949,3.95604,3.94899,3.9545,0,0
2015-06-03,22:00:00,3.95382,3.95522,3.94961,3.95192,0,0
2015-06-03,23:00:00,3.95213,3.95575,3.95152,3.95395,0,0
2015-06-03,23:59:00,3.95409,3.95704,3.95338,3.95647,0,0
2015-06-04,01:00:00,3.95652,3.95822,3.95477,3.95751,0,0
2015-06-04,02:00:00,3.95771,3.95784,3.95266,3.9537,0,0
2015-06-04,03:00:00,3.95379,3.95675,3.95272,3.9548,0,0
2015-06-04,04:00:00,3.9548,3.95558,3.95138,3.95288,0,0
2015-06-04,05:00:00,3.95302,3.95364,3.95029,3.95171,0,0
2015-06-04,06:00:00,3.95251,3.95251,3.94963,3.95128,0,0
2015-06-04,07:00:00,3.95136,3.95576,3.95074,3.95161,0,0
2015-06-04,08:00:00,3.95167,3.95639,3.95167,3.95533,0,0
2015-06-04,09:00:00,3.9557,3.95927,3.94989,3.95454,0,0
2015-06-04,10:00:00,3.95458,3.95991,3.94779,3.95963,0,0
2015-06-04,11:00:00,3.95967,3.97028,3.95494,3.96781,0,0
2015-06-04,12:00:00,3.96789,3.97415,3.96153,3.96331,0,0
2015-06-04,13:00:00,3.96304,3.96481,3.95666,3.96233,0,0
2015-06-04,14:00:00,3.96228,3.96762,3.95037,3.952,0,0
2015-06-04,15:00:00,3.95175,3.96051,3.94895,3.95883,0,0
2015-06-04,16:00:00,3.95893,3.96415,3.95261,3.95357,0,0
2015-06-04,17:00:00,3.95331,3.95916,3.94778,3.94813,0,0
2015-06-04,18:00:00,3.94805,3.95349,3.94459,3.94977,0,0
2015-06-04,19:00:00,3.94991,3.95379,3.94585,3.95111,0,0
2015-06-04,20:00:00,3.95118,3.97172,3.95047,3.97156,0,0
2015-06-04,21:00:00,3.97167,3.97756,3.97167,3.976,0,0
2015-06-04,22:00:00,3.9761,3.98196,3.97507,3.9786,0,0
2015-06-04,23:00:00,3.97862,3.97889,3.9754,3.97612,0,0
2015-06-04,23:59:00,3.97595,3.98378,3.97284,3.97837,0,0
2015-06-05,01:00:00,3.97859,3.98209,3.97466,3.97729,0,0
2015-06-05,02:00:00,3.97716,3.98172,3.97503,3.97528,0,0
2015-06-05,03:00:00,3.9752,3.97544,3.97166,3.9735,0,0
2015-06-05,04:00:00,3.97334,3.97913,3.97157,3.97675,0,0
2015-06-05,05:00:00,3.97661,3.97924,3.97509,3.97638,0,0
2015-06-05,06:00:00,3.97634,3.97972,3.9735,3.97483,0,0
2015-06-05,07:00:00,3.97484,3.98067,3.97406,3.9801,0,0
2015-06-05,08:00:00,3.9801,3.98051,3.97708,3.97964,0,0
2015-06-05,09:00:00,3.97954,3.97954,3.96843,3.96843,0,0
2015-06-05,10:00:00,3.9694,3.97696,3.96381,3.96785,0,0
2015-06-05,11:00:00,3.96754,3.97253,3.95955,3.96157,0,0
2015-06-05,12:00:00,3.96204,3.96319,3.94812,3.95894,0,0
2015-06-05,13:00:00,3.95884,3.95988,3.95102,3.95736,0,0
2015-06-05,14:00:00,3.95726,3.96329,3.95384,3.9583,0,0
2015-06-05,15:00:00,3.95815,3.97754,3.93229,3.96577,0,0
2015-06-05,16:00:00,3.9663,3.97019,3.95688,3.95924,0,0
2015-06-05,17:00:00,3.95934,3.9615,3.95132,3.95373,0,0
2015-06-05,18:00:00,3.95149,3.96849,3.94631,3.96722,0,0
2015-06-05,19:00:00,3.96639,3.97936,3.96485,3.97909,0,0
2015-06-05,20:00:00,3.97958,3.98086,3.96934,3.97478,0,0
2015-06-05,21:00:00,3.9752,3.97887,3.96994,3.97592,0,0
2015-06-05,22:00:00,3.97592,3.98443,3.97231,3.98326,0,0
2015-06-05,23:00:00,3.98265,3.98334,3.98265,3.98301,0,0
2015-06-08,01:00:00,3.97876,3.98263,3.97837,3.98066,0,0
2015-06-08,02:00:00,3.98066,3.98241,3.97554,3.9806,0,0
2015-06-08,03:00:00,3.98051,3.98748,3.97639,3.98714,0,0
2015-06-08,04:00:00,3.98711,3.98719,3.98345,3.98388,0,0
2015-06-08,05:00:00,3.9838,3.98456,3.97954,3.98106,0,0
2015-06-08,06:00:00,3.98106,3.98203,3.98023,3.98165,0,0
2015-06-08,07:00:00,3.98166,3.98292,3.98088,3.98175,0,0
2015-06-08,08:00:00,3.98109,3.98196,3.97804,3.97893,0,0
2015-06-08,09:00:00,3.9761,3.9879,3.97047,3.97452,0,0
2015-06-08,10:00:00,3.9751,3.98026,3.96903,3.97073,0,0
2015-06-08,11:00:00,3.97116,3.98015,3.96882,3.97562,0,0
2015-06-08,12:00:00,3.97587,3.97991,3.97253,3.97326,0,0
2015-06-08,13:00:00,3.97319,3.97535,3.97208,3.97373,0,0
2015-06-08,14:00:00,3.97338,3.97628,3.96462,3.96898,0,0
2015-06-08,15:00:00,3.96868,3.97094,3.96232,3.9678,0,0
2015-06-08,16:00:00,3.96777,3.97332,3.96406,3.97145,0,0
2015-06-08,17:00:00,3.97232,3.97833,3.97103,3.97717,0,0
2015-06-08,18:00:00,3.9773,3.98433,3.97204,3.97811,0,0
2015-06-08,19:00:00,3.97805,3.98534,3.97739,3.98529,0,0
2015-06-08,20:00:00,3.98455,3.98935,3.9819,3.98856,0,0
2015-06-08,21:00:00,3.98873,3.98878,3.98055,3.98264,0,0
2015-06-08,22:00:00,3.98248,3.98398,3.98008,3.98107,0,0
2015-06-08,23:00:00,3.98077,3.99039,3.98005,3.98786,0,0
2015-06-08,23:59:00,3.98819,3.9909,3.98577,3.99028,0,0
2015-06-09,01:00:00,3.99038,3.99089,3.98758,3.99044,0,0
2015-06-09,02:00:00,3.99044,3.99192,3.9896,3.99137,0,0
2015-06-09,03:00:00,3.99133,3.99182,3.98802,3.98991,0,0
2015-06-09,04:00:00,3.99013,3.99116,3.97986,3.98047,0,0
2015-06-09,05:00:00,3.98281,3.98294,3.9798,3.98158,0,0
2015-06-09,06:00:00,3.98153,3.98528,3.981,3.98528,0,0
2015-06-09,07:00:00,3.98509,3.98906,3.98411,3.9871,0,0
2015-06-09,08:00:00,3.9871,3.9878,3.981,3.98133,0,0
2015-06-09,09:00:00,3.98109,3.98613,3.97884,3.98125,0,0
2015-06-09,10:00:00,3.98064,3.98787,3.97553,3.98726,0,0
2015-06-09,11:00:00,3.98668,3.99557,3.98416,3.98642,0,0
2015-06-09,12:00:00,3.98633,3.98833,3.98225,3.98387,0,0
2015-06-09,13:00:00,3.98394,3.9905,3.97975,3.98842,0,0
2015-06-09,14:00:00,3.98814,3.98981,3.98175,3.9831,0,0
2015-06-09,15:00:00,3.98259,3.98633,3.97823,3.98412,0,0
2015-06-09,16:00:00,3.9838,3.98721,3.98103,3.98266,0,0
2015-06-09,17:00:00,3.98275,3.98618,3.97806,3.98441,0,0
2015-06-09,18:00:00,3.98435,3.98481,3.97671,3.97689,0,0
2015-06-09,19:00:00,3.97705,3.98143,3.97191,3.97476,0,0
2015-06-09,20:00:00,3.97476,3.9764,3.97225,3.97474,0,0
2015-06-09,21:00:00,3.97489,3.97563,3.97216,3.97488,0,0
2015-06-09,22:00:00,3.97498,3.97751,3.97498,3.97702,0,0
2015-06-09,23:00:00,3.97693,3.97762,3.97573,3.97672,0,0
2015-06-09,23:59:00,3.97723,3.97901,3.97605,3.97771,0,0
2015-06-10,01:00:00,3.97694,3.97896,3.97638,3.97678,0,0
2015-06-10,02:00:00,3.97678,3.97718,3.97229,3.97399,0,0
2015-06-10,03:00:00,3.97404,3.97547,3.97204,3.97372,0,0
2015-06-10,04:00:00,3.97372,3.97514,3.97347,3.97489,0,0
2015-06-10,05:00:00,3.97499,3.97504,3.97086,3.97143,0,0
2015-06-10,06:00:00,3.97138,3.9742,3.97075,3.97241,0,0
2015-06-10,07:00:00,3.97241,3.97737,3.97057,3.97622,0,0
2015-06-10,08:00:00,3.97618,3.97776,3.97122,3.9717,0,0
2015-06-10,09:00:00,3.97146,3.97757,3.96941,3.97576,0,0
2015-06-10,10:00:00,3.97531,3.97772,3.9683,3.96958,0,0
2015-06-10,11:00:00,3.96961,3.97181,3.96065,3.9655,0,0
2015-06-10,12:00:00,3.96539,3.96906,3.95281,3.95299,0,0
2015-06-10,13:00:00,3.95295,3.96065,3.95248,3.95956,0,0
2015-06-10,14:00:00,3.95982,3.96085,3.95245,3.95428,0,0
2015-06-10,15:00:00,3.95433,3.95814,3.95044,3.9513,0,0
2015-06-10,16:00:00,3.95104,3.95198,3.94059,3.9472,0,0
2015-06-10,17:00:00,3.94725,3.95052,3.94149,3.94364,0,0
2015-06-10,18:00:00,3.94377,3.94627,3.93449,3.93608,0,0
2015-06-10,19:00:00,3.93566,3.93756,3.93027,3.93124,0,0
2015-06-10,20:00:00,3.93134,3.93326,3.92346,3.92514,0,0
2015-06-10,21:00:00,3.92514,3.92951,3.92443,3.92825,0,0
2015-06-10,22:00:00,3.92841,3.93093,3.92553,3.92686,0,0
2015-06-10,23:00:00,3.92735,3.92827,3.92412,3.9269,0,0
2015-06-10,23:59:00,3.92762,3.92934,3.92459,3.92627,0,0
2015-06-11,01:00:00,3.92627,3.92921,3.92321,3.92366,0,0
2015-06-11,02:00:00,3.92366,3.931,3.92352,3.93078,0,0
2015-06-11,03:00:00,3.93073,3.93205,3.92438,3.92692,0,0
2015-06-11,04:00:00,3.92726,3.92782,3.92389,3.92423,0,0
2015-06-11,05:00:00,3.92439,3.92543,3.92237,3.92264,0,0
2015-06-11,06:00:00,3.92245,3.92418,3.92138,3.92156,0,0
2015-06-11,07:00:00,3.92156,3.92271,3.92008,3.92195,0,0
2015-06-11,08:00:00,3.92195,3.92792,3.92099,3.92755,0,0
2015-06-11,09:00:00,3.92751,3.94076,3.92591,3.93961,0,0
2015-06-11,10:00:00,3.94002,3.9498,3.93591,3.94675,0,0
2015-06-11,11:00:00,3.94678,3.9487,3.92973,3.93498,0,0
2015-06-11,12:00:00,3.93488,3.93593,3.92655,3.93208,0,0
2015-06-11,13:00:00,3.93199,3.93999,3.92935,3.93724,0,0
2015-06-11,14:00:00,3.93748,3.94192,3.93603,3.938,0,0
2015-06-11,15:00:00,3.93762,3.9395,3.91671,3.92611,0,0
2015-06-11,16:00:00,3.92608,3.93361,3.92316,3.92794,0,0
2015-06-11,17:00:00,3.92806,3.93871,3.92108,3.93446,0,0
2015-06-11,18:00:00,3.93438,3.93745,3.92749,3.93173,0,0
2015-06-11,19:00:00,3.9321,3.9352,3.93003,3.93146,0,0
2015-06-11,20:00:00,3.93153,3.93199,3.92888,3.93146,0,0
2015-06-11,21:00:00,3.93039,3.93306,3.92736,3.93034,0,0
2015-06-11,22:00:00,3.93022,3.93579,3.92975,3.93253,0,0
2015-06-11,23:00:00,3.93241,3.93464,3.92904,3.93372,0,0
2015-06-11,23:59:00,3.93435,3.93808,3.93151,3.93733,0,0
2015-06-12,01:00:00,3.93664,3.93699,3.93411,3.93527,0,0
2015-06-12,02:00:00,3.93527,3.9362,3.93334,3.93346,0,0
2015-06-12,03:00:00,3.93353,3.93571,3.93182,3.93438,0,0
2015-06-12,04:00:00,3.93476,3.93738,3.93227,3.93738,0,0
2015-06-12,05:00:00,3.93738,3.93905,3.93583,3.93749,0,0
2015-06-12,06:00:00,3.93768,3.9393,3.93459,3.935,0,0
2015-06-12,07:00:00,3.93493,3.94109,3.93468,3.93747,0,0
2015-06-12,08:00:00,3.93747,3.94193,3.93723,3.93759,0,0
2015-06-12,09:00:00,3.93743,3.95209,3.93743,3.94932,0,0
2015-06-12,10:00:00,3.94932,3.95173,3.9386,3.94239,0,0
2015-06-12,11:00:00,3.94265,3.95956,3.94229,3.95778,0,0
2015-06-12,12:00:00,3.95734,3.96401,3.9542,3.95711,0,0
2015-06-12,13:00:00,3.95681,3.96278,3.95328,3.96149,0,0
2015-06-12,14:00:00,3.96132,3.96918,3.95855,3.96334,0,0
2015-06-12,15:00:00,3.96333,3.97391,3.96281,3.97015,0,0
2015-06-12,16:00:00,3.97009,3.97856,3.96912,3.97602,0,0
2015-06-12,17:00:00,3.97676,3.98542,3.97566,3.97846,0,0
2015-06-12,18:00:00,3.97805,3.98269,3.96751,3.96923,0,0
2015-06-12,19:00:00,3.96938,3.97132,3.96378,3.96515,0,0
2015-06-12,20:00:00,3.96533,3.96533,3.96003,3.96055,0,0
2015-06-12,21:00:00,3.96028,3.96061,3.95585,3.96014,0,0
2015-06-12,22:00:00,3.96005,3.96065,3.95416,3.95778,0,0
2015-06-12,23:00:00,3.95821,3.95821,3.95641,3.95694,0,0
2015-06-15,01:00:00,3.97866,3.97977,3.97275,3.97364,0,0
2015-06-15,02:00:00,3.97383,3.97554,3.97242,3.97301,0,0
2015-06-15,03:00:00,3.97301,3.97367,3.96159,3.96604,0,0
2015-06-15,04:00:00,3.9663,3.96683,3.96015,3.96034,0,0
2015-06-15,05:00:00,3.96056,3.96778,3.95971,3.96687,0,0
2015-06-15,06:00:00,3.96693,3.9698,3.96391,3.96566,0,0
2015-06-15,07:00:00,3.96566,3.97155,3.96391,3.96992,0,0
2015-06-15,08:00:00,3.97056,3.97246,3.96778,3.97067,0,0
2015-06-15,09:00:00,3.9707,3.97731,3.96574,3.97504,0,0
2015-06-15,10:00:00,3.97526,3.97535,3.95983,3.96418,0,0
2015-06-15,11:00:00,3.96426,3.96981,3.96239,3.96693,0,0
2015-06-15,12:00:00,3.96692,3.97037,3.96185,3.96817,0,0
2015-06-15,13:00:00,3.96823,3.96918,3.96222,3.96651,0,0
2015-06-15,14:00:00,3.96622,3.96646,3.95322,3.95509,0,0
2015-06-15,15:00:00,3.95521,3.96184,3.95125,3.95597,0,0
2015-06-15,16:00:00,3.95596,3.95603,3.94803,3.9558,0,0
2015-06-15,17:00:00,3.95588,3.95588,3.94212,3.94526,0,0
2015-06-15,18:00:00,3.94415,3.94983,3.94241,3.94337,0,0
2015-06-15,19:00:00,3.94256,3.94755,3.93952,3.94633,0,0
2015-06-15,20:00:00,3.94645,3.95492,3.94549,3.95474,0,0
2015-06-15,21:00:00,3.95451,3.9578,3.95312,3.95522,0,0
2015-06-15,22:00:00,3.95556,3.96794,3.95549,3.96287,0,0
2015-06-15,23:00:00,3.96254,3.96301,3.95721,3.96083,0,0
2015-06-15,23:59:00,3.9601,3.96486,3.95644,3.95644,0,0
2015-06-16,01:00:00,3.95648,3.96275,3.95615,3.95871,0,0
2015-06-16,02:00:00,3.95871,3.96023,3.95701,3.95793,0,0
2015-06-16,03:00:00,3.95793,3.95877,3.9545,3.95569,0,0
2015-06-16,04:00:00,3.95569,3.9581,3.95447,3.95611,0,0
2015-06-16,05:00:00,3.9557,3.96043,3.95512,3.95785,0,0
2015-06-16,06:00:00,3.95785,3.96058,3.95785,3.95949,0,0
2015-06-16,07:00:00,3.95949,3.9598,3.95749,3.95807,0,0
2015-06-16,08:00:00,3.95796,3.95997,3.95709,3.95804,0,0
2015-06-16,09:00:00,3.95812,3.97005,3.95812,3.96451,0,0
2015-06-16,10:00:00,3.96479,3.96927,3.96193,3.96193,0,0
2015-06-16,11:00:00,3.96192,3.96889,3.96022,3.96629,0,0
2015-06-16,12:00:00,3.96645,3.96696,3.95264,3.96137,0,0
2015-06-16,13:00:00,3.96129,3.96357,3.95852,3.9612,0,0
2015-06-16,14:00:00,3.96126,3.96127,3.95367,3.9549,0,0
2015-06-16,15:00:00,3.95597,3.96264,3.95509,3.95529,0,0
2015-06-16,16:00:00,3.95532,3.95883,3.95046,3.95647,0,0
2015-06-16,17:00:00,3.95679,3.96289,3.95407,3.96251,0,0
2015-06-16,18:00:00,3.96258,3.96397,3.9496,3.95096,0,0
2015-06-16,19:00:00,3.95178,3.95338,3.94936,3.94939,0,0
2015-06-16,20:00:00,3.94923,3.95002,3.94625,3.95002,0,0
2015-06-16,21:00:00,3.95027,3.95279,3.94824,3.95094,0,0
2015-06-16,22:00:00,3.9509,3.95701,3.95026,3.95346,0,0
2015-06-16,23:00:00,3.95337,3.95482,3.94895,3.95176,0,0
2015-06-16,23:59:00,3.95212,3.95556,3.94944,3.95096,0,0
2015-06-17,01:00:00,3.95091,3.95271,3.9494,3.95155,0,0
2015-06-17,02:00:00,3.95155,3.95546,3.95143,3.95463,0,0
2015-06-17,03:00:00,3.95463,3.95547,3.95271,3.95467,0,0
2015-06-17,04:00:00,3.95656,3.95793,3.95557,3.95701,0,0
2015-06-17,05:00:00,3.95697,3.95843,3.95573,3.95639,0,0
2015-06-17,06:00:00,3.95639,3.95681,3.95394,3.95438,0,0
2015-06-17,07:00:00,3.95433,3.95855,3.95433,3.95744,0,0
2015-06-17,08:00:00,3.95717,3.96062,3.95674,3.96005,0,0
2015-06-17,09:00:00,3.95983,3.96351,3.95808,3.96242,0,0
2015-06-17,10:00:00,3.96188,3.99205,3.96125,3.97917,0,0
2015-06-17,11:00:00,3.97852,3.98856,3.97652,3.98087,0,0
2015-06-17,12:00:00,3.97992,3.98183,3.97026,3.97294,0,0
2015-06-17,13:00:00,3.9728,3.97626,3.96997,3.97578,0,0
2015-06-17,14:00:00,3.97563,3.98036,3.973,3.97873,0,0
2015-06-17,15:00:00,3.97798,3.98072,3.97442,3.97458,0,0
2015-06-17,16:00:00,3.97421,3.9809,3.97362,3.97807,0,0
2015-06-17,17:00:00,3.9781,3.98486,3.97701,3.98486,0,0
2015-06-17,18:00:00,3.98561,4,3.98342,3.99953,0,0
2015-06-17,19:00:00,4.00046,4.00292,3.99256,3.99312,0,0
2015-06-17,20:00:00,3.99321,3.9942,3.98746,3.99363,0,0
2015-06-17,21:00:00,3.99551,4.0082,3.97874,3.98152,0,0
2015-06-17,22:00:00,3.98063,3.98362,3.97556,3.97691,0,0
2015-06-17,23:00:00,3.97592,3.97846,3.97237,3.97372,0,0
2015-06-17,23:59:00,3.97347,3.97463,3.96933,3.96938,0,0
2015-06-18,01:00:00,3.96941,3.97295,3.96921,3.97011,0,0
2015-06-18,02:00:00,3.97,3.97139,3.96606,3.9676,0,0
2015-06-18,03:00:00,3.96773,3.97455,3.96773,3.97321,0,0
2015-06-18,04:00:00,3.97314,3.97343,3.97035,3.97181,0,0
2015-06-18,05:00:00,3.97186,3.97521,3.97154,3.97179,0,0
2015-06-18,06:00:00,3.9714,3.97293,3.96992,3.97211,0,0
2015-06-18,07:00:00,3.97202,3.97381,3.96899,3.97332,0,0
2015-06-18,08:00:00,3.97286,3.9795,3.96997,3.9788,0,0
2015-06-18,09:00:00,3.97849,3.98501,3.9749,3.97817,0,0
2015-06-18,10:00:00,3.97813,3.9854,3.97118,3.97166,0,0
2015-06-18,11:00:00,3.97145,3.98363,3.97145,3.9826,0,0
2015-06-18,12:00:00,3.98188,3.98905,3.98028,3.98671,0,0
2015-06-18,13:00:00,3.98638,3.98756,3.97863,3.98684,0,0
2015-06-18,14:00:00,3.98731,3.98831,3.97527,3.9785,0,0
2015-06-18,15:00:00,3.97853,3.98897,3.97731,3.98796,0,0
2015-06-18,16:00:00,3.98793,3.99243,3.98309,3.98309,0,0
2015-06-18,17:00:00,3.98322,3.98699,3.97774,3.98147,0,0
2015-06-18,18:00:00,3.98157,3.98632,3.97651,3.98114,0,0
2015-06-18,19:00:00,3.98133,3.9823,3.96471,3.96929,0,0
2015-06-18,20:00:00,3.96924,3.97868,3.96738,3.977,0,0
2015-06-18,21:00:00,3.97687,3.98368,3.97402,3.97977,0,0
2015-06-18,22:00:00,3.98013,3.98471,3.97873,3.98201,0,0
2015-06-18,23:00:00,3.98226,3.98672,3.98136,3.98471,0,0
2015-06-18,23:59:00,3.98986,3.98986,3.98403,3.98475,0,0
2015-06-19,01:00:00,3.98495,3.98645,3.97717,3.98291,0,0
2015-06-19,02:00:00,3.98291,3.98479,3.98059,3.98157,0,0
2015-06-19,03:00:00,3.98157,3.9838,3.98037,3.98039,0,0
2015-06-19,04:00:00,3.97987,3.98142,3.97979,3.98018,0,0
2015-06-19,05:00:00,3.98102,3.98163,3.98004,3.9807,0,0
2015-06-19,06:00:00,3.98087,3.98336,3.98055,3.98234,0,0
2015-06-19,07:00:00,3.98234,3.98525,3.97954,3.98525,0,0
2015-06-19,08:00:00,3.98507,3.98722,3.9838,3.98596,0,0
2015-06-19,09:00:00,3.98609,3.99191,3.98412,3.98838,0,0
2015-06-19,10:00:00,3.98834,3.99037,3.98262,3.98822,0,0
2015-06-19,11:00:00,3.98899,3.99766,3.98754,3.99512,0,0
2015-06-19,12:00:00,3.99484,3.99875,3.99211,3.99259,0,0
2015-06-19,13:00:00,3.99287,4.00476,3.99173,4.00476,0,0
2015-06-19,14:00:00,4.00401,4.00522,3.98964,3.99234,0,0
2015-06-19,15:00:00,3.99168,3.99542,3.99064,3.99542,0,0
2015-06-19,16:00:00,3.99514,4.00142,3.99048,3.99317,0,0
2015-06-19,17:00:00,3.99336,3.99708,3.988,3.99669,0,0
2015-06-19,18:00:00,3.99654,4.00734,3.99615,4.00586,0,0
2015-06-19,19:00:00,4.00623,4.01119,4.00443,4.00443,0,0
2015-06-19,20:00:00,4.00399,4.01218,4.00149,4.0116,0,0
2015-06-19,21:00:00,4.0116,4.01872,4.01147,4.01765,0,0
2015-06-19,22:00:00,4.01765,4.02152,4.01647,4.021,0,0
2015-06-19,23:00:00,4.02074,4.02148,4.02068,4.02092,0,0
2015-06-22,01:00:00,4.00704,4.0097,4.00582,4.00611,0,0
2015-06-22,02:00:00,4.00629,4.00652,4.0021,4.00225,0,0
2015-06-22,03:00:00,4.00225,4.00525,4.00178,4.00457,0,0
2015-06-22,04:00:00,4.00415,4.00777,4.00357,4.00466,0,0
2015-06-22,05:00:00,4.00466,4.00637,4.0013,4.00318,0,0
2015-06-22,06:00:00,4.00304,4.00328,4.0005,4.00132,0,0
2015-06-22,07:00:00,4.00132,4.00235,3.99876,4.00061,0,0
2015-06-22,08:00:00,4.00069,4.00301,3.99328,3.99444,0,0
2015-06-22,09:00:00,3.99431,3.99657,3.98294,3.98359,0,0
2015-06-22,10:00:00,3.98354,4.00025,3.98321,3.99308,0,0
2015-06-22,11:00:00,3.99477,3.99889,3.98874,3.99889,0,0
2015-06-22,12:00:00,3.99859,4.0027,3.98586,3.9866,0,0
2015-06-22,13:00:00,3.98659,3.98759,3.9806,3.98717,0,0
2015-06-22,14:00:00,3.98665,3.98919,3.97762,3.97787,0,0
2015-06-22,15:00:00,3.97793,4.0115,3.97585,3.99762,0,0
2015-06-22,16:00:00,3.99783,4.0001,3.98168,3.98743,0,0
2015-06-22,17:00:00,3.9873,3.99324,3.97692,3.99117,0,0
2015-06-22,18:00:00,3.99107,3.99222,3.98674,3.99034,0,0
2015-06-22,19:00:00,3.99011,3.99134,3.9823,3.98439,0,0
2015-06-22,20:00:00,3.98405,3.99064,3.98171,3.98887,0,0
2015-06-22,21:00:00,3.98887,3.99173,3.98543,3.98974,0,0
2015-06-22,22:00:00,3.98967,3.99089,3.98599,3.98711,0,0
2015-06-22,23:00:00,3.98699,3.98753,3.98467,3.98703,0,0
2015-06-22,23:59:00,3.98468,3.99154,3.98287,3.98824,0,0
2015-06-23,01:00:00,3.98824,3.99367,3.988,3.9928,0,0
2015-06-23,02:00:00,3.9928,3.99396,3.98817,3.99062,0,0
2015-06-23,03:00:00,3.99063,3.99351,3.99058,3.99137,0,0
2015-06-23,04:00:00,3.99132,3.9952,3.99091,3.99303,0,0
2015-06-23,05:00:00,3.99309,3.99653,3.98906,3.99072,0,0
2015-06-23,06:00:00,3.99097,3.99325,3.98352,3.98722,0,0
2015-06-23,07:00:00,3.98714,3.99111,3.9835,3.98355,0,0
2015-06-23,08:00:00,3.98355,3.98626,3.98268,3.98393,0,0
2015-06-23,09:00:00,3.98385,3.99655,3.98212,3.98839,0,0
2015-06-23,10:00:00,3.98863,3.98919,3.97685,3.98544,0,0
2015-06-23,11:00:00,3.98514,3.99004,3.98194,3.98827,0,0
2015-06-23,12:00:00,3.98814,3.99221,3.98266,3.9857,0,0
2015-06-23,13:00:00,3.98591,3.99005,3.97916,3.98538,0,0
2015-06-23,14:00:00,3.9855,3.99061,3.98375,3.98689,0,0
2015-06-23,15:00:00,3.98687,3.99504,3.98361,3.98361,0,0
2015-06-23,16:00:00,3.98346,3.99259,3.98124,3.98856,0,0
2015-06-23,17:00:00,3.98871,3.99086,3.97653,3.98597,0,0
2015-06-23,18:00:00,3.98395,3.9913,3.982,3.98431,0,0
2015-06-23,19:00:00,3.98448,3.98805,3.98264,3.98655,0,0
2015-06-23,20:00:00,3.98661,3.98919,3.98302,3.98744,0,0
2015-06-23,21:00:00,3.98744,3.98918,3.98163,3.98319,0,0
2015-06-23,22:00:00,3.98346,3.99061,3.98118,3.98923,0,0
2015-06-23,23:00:00,3.98906,3.99048,3.98365,3.99014,0,0
2015-06-23,23:59:00,3.99003,3.99275,3.98866,3.98925,0,0
2015-06-24,01:00:00,3.98887,3.9914,3.98879,3.98899,0,0
2015-06-24,02:00:00,3.98895,3.99246,3.98873,3.99024,0,0
2015-06-24,03:00:00,3.99042,3.99402,3.98845,3.99289,0,0
2015-06-24,04:00:00,3.99303,3.99539,3.99198,3.99431,0,0
2015-06-24,05:00:00,3.99389,3.9951,3.99037,3.99203,0,0
2015-06-24,06:00:00,3.99203,3.9933,3.99084,3.99238,0,0
2015-06-24,07:00:00,3.99238,3.99387,3.99141,3.99247,0,0
2015-06-24,08:00:00,3.99247,3.99304,3.98669,3.99076,0,0
2015-06-24,09:00:00,3.99045,3.99512,3.98711,3.99308,0,0
2015-06-24,10:00:00,3.99314,3.99542,3.98029,3.98912,0,0
2015-06-24,11:00:00,3.98961,3.9904,3.98242,3.98772,0,0
2015-06-24,12:00:00,3.98789,3.99827,3.98115,3.99211,0,0
2015-06-24,13:00:00,3.99236,3.99269,3.98539,3.98682,0,0
2015-06-24,14:00:00,3.98623,3.99127,3.9846,3.98768,0,0
2015-06-24,15:00:00,3.98853,3.99233,3.98457,3.98918,0,0
2015-06-24,16:00:00,3.98941,3.99165,3.98473,3.98947,0,0
2015-06-24,17:00:00,3.98995,3.99037,3.98478,3.98748,0,0
2015-06-24,18:00:00,3.98726,3.98979,3.98217,3.98729,0,0
2015-06-24,19:00:00,3.98765,3.98939,3.97071,3.98051,0,0
2015-06-24,20:00:00,3.98043,3.98303,3.97757,3.98121,0,0
2015-06-24,21:00:00,3.98121,3.98542,3.97881,3.98228,0,0
2015-06-24,22:00:00,3.98204,3.98578,3.98122,3.98515,0,0
2015-06-24,23:00:00,3.98529,3.9876,3.98341,3.98512,0,0
2015-06-24,23:59:00,3.98505,3.99227,3.98407,3.98875,0,0
2015-06-25,01:00:00,3.98871,3.98981,3.98513,3.9885,0,0
2015-06-25,02:00:00,3.98848,3.99028,3.98617,3.98733,0,0
2015-06-25,03:00:00,3.98733,3.98925,3.98591,3.98803,0,0
2015-06-25,04:00:00,3.98794,3.9882,3.98517,3.98563,0,0
2015-06-25,05:00:00,3.98574,3.98666,3.9832,3.98378,0,0
2015-06-25,06:00:00,3.98378,3.9864,3.98258,3.98469,0,0
2015-06-25,07:00:00,3.98525,3.98718,3.98364,3.98645,0,0
2015-06-25,08:00:00,3.98708,3.99089,3.98536,3.98975,0,0
2015-06-25,09:00:00,3.9888,3.99121,3.97934,3.98047,0,0
2015-06-25,10:00:00,3.98171,3.98704,3.97995,3.98373,0,0
2015-06-25,11:00:00,3.98434,3.98557,3.9725,3.98207,0,0
2015-06-25,12:00:00,3.98205,3.99006,3.97415,3.981,0,0
2015-06-25,13:00:00,3.98093,3.98104,3.95369,3.96648,0,0
2015-06-25,14:00:00,3.96545,3.97028,3.95658,3.96242,0,0
2015-06-25,15:00:00,3.96151,3.97218,3.95952,3.96453,0,0
2015-06-25,16:00:00,3.96476,3.98418,3.96033,3.97383,0,0
2015-06-25,17:00:00,3.97444,3.98208,3.97166,3.97194,0,0
2015-06-25,18:00:00,3.97202,3.97487,3.96552,3.97357,0,0
2015-06-25,19:00:00,3.97368,3.97969,3.97354,3.97532,0,0
2015-06-25,20:00:00,3.97574,3.97751,3.9728,3.97378,0,0
2015-06-25,21:00:00,3.97378,3.97903,3.97357,3.97672,0,0
2015-06-25,22:00:00,3.97676,3.97738,3.97193,3.97227,0,0
2015-06-25,23:00:00,3.97324,3.9779,3.97257,3.97483,0,0
2015-06-25,23:59:00,3.97381,3.97899,3.97381,3.97706,0,0
2015-06-26,01:00:00,3.97706,3.97839,3.97494,3.97633,0,0
2015-06-26,02:00:00,3.97633,3.97717,3.97348,3.97519,0,0
2015-06-26,03:00:00,3.97519,3.98316,3.97493,3.98159,0,0
2015-06-26,04:00:00,3.98152,3.98433,3.98095,3.98255,0,0
2015-06-26,05:00:00,3.98255,3.98645,3.98146,3.98146,0,0
2015-06-26,06:00:00,3.98146,3.98394,3.98064,3.98336,0,0
2015-06-26,07:00:00,3.98323,3.98458,3.9781,3.98191,0,0
2015-06-26,08:00:00,3.98175,3.98375,3.97673,3.97734,0,0
2015-06-26,09:00:00,3.97736,3.98107,3.97564,3.97805,0,0
2015-06-26,10:00:00,3.97783,3.99118,3.97681,3.99064,0,0
2015-06-26,11:00:00,3.99057,3.99585,3.98821,3.99521,0,0
2015-06-26,12:00:00,3.99498,3.99601,3.9883,3.99435,0,0
2015-06-26,13:00:00,3.99414,4.00509,3.99164,4.00137,0,0
2015-06-26,14:00:00,4.00119,4.00133,3.99323,3.99604,0,0
2015-06-26,15:00:00,3.99591,4.00014,3.99379,3.99655,0,0
2015-06-26,16:00:00,3.99683,4.00168,3.99573,4.00085,0,0
2015-06-26,17:00:00,4.00033,4.00943,3.994,4.00928,0,0
2015-06-26,18:00:00,4.0094,4.01072,3.99953,4.00108,0,0
2015-06-26,19:00:00,4.00108,4.00365,3.99809,4.00188,0,0
2015-06-26,20:00:00,4.00327,4.00814,4.00327,4.00434,0,0
2015-06-26,21:00:00,4.00434,4.0053,3.99506,3.9959,0,0
2015-06-26,22:00:00,3.9961,4.0033,3.99435,4.00305,0,0
2015-06-26,23:00:00,4.00331,4.00389,4.00331,4.00373,0,0
2015-06-29,01:00:00,4.05323,4.06746,4.05323,4.05742,0,0
2015-06-29,02:00:00,4.05753,4.06328,4.05552,4.0563,0,0
2015-06-29,03:00:00,4.05636,4.05686,4.04682,4.05291,0,0
2015-06-29,04:00:00,4.05289,4.05415,4.05018,4.05056,0,0
2015-06-29,05:00:00,4.05103,4.05227,4.04886,4.04992,0,0
2015-06-29,06:00:00,4.05005,4.05383,4.04944,4.05276,0,0
2015-06-29,07:00:00,4.0528,4.05465,4.05188,4.05303,0,0
2015-06-29,08:00:00,4.05308,4.06375,4.05256,4.05979,0,0
2015-06-29,09:00:00,4.06039,4.06087,4.04069,4.04578,0,0
2015-06-29,10:00:00,4.04629,4.05151,4.01971,4.03512,0,0
2015-06-29,11:00:00,4.03554,4.0397,4.01739,4.02071,0,0
2015-06-29,12:00:00,4.02074,4.03937,4.02061,4.03568,0,0
2015-06-29,13:00:00,4.03563,4.04287,4.03302,4.03609,0,0
2015-06-29,14:00:00,4.03548,4.04451,4.0349,4.04096,0,0
2015-06-29,15:00:00,4.0409,4.04518,4.03706,4.04005,0,0
2015-06-29,16:00:00,4.04009,4.04809,4.03915,4.04806,0,0
2015-06-29,17:00:00,4.04826,4.05418,4.04543,4.04781,0,0
2015-06-29,18:00:00,4.04725,4.05179,4.03959,4.04379,0,0
2015-06-29,19:00:00,4.0439,4.04917,4.03757,4.03963,0,0
2015-06-29,20:00:00,4.03921,4.0419,4.02316,4.03286,0,0
2015-06-29,21:00:00,4.03265,4.03422,4.02345,4.02806,0,0
2015-06-29,22:00:00,4.02811,4.03213,4.02552,4.03213,0,0
2015-06-29,23:00:00,4.03203,4.03816,4.02892,4.03708,0,0
2015-06-29,23:59:00,4.0369,4.03902,4.03373,4.03893,0,0
2015-06-30,01:00:00,4.03928,4.04099,4.03749,4.03955,0,0
2015-06-30,02:00:00,4.03932,4.04005,4.03621,4.03698,0,0
2015-06-30,03:00:00,4.03698,4.03859,4.02908,4.03412,0,0
2015-06-30,04:00:00,4.03417,4.03794,4.03229,4.03664,0,0
2015-06-30,05:00:00,4.03692,4.0414,4.03504,4.04029,0,0
2015-06-30,06:00:00,4.04025,4.04045,4.03037,4.03345,0,0
2015-06-30,07:00:00,4.02753,4.03345,4.02435,4.0255,0,0
2015-06-30,08:00:00,4.0255,4.02994,4.02424,4.0299,0,0
2015-06-30,09:00:00,4.02999,4.03229,4.02188,4.02768,0,0
2015-06-30,10:00:00,4.02738,4.03434,4.02495,4.02818,0,0
2015-06-30,11:00:00,4.02818,4.04251,4.02675,4.04074,0,0
2015-06-30,12:00:00,4.0399,4.04141,4.03029,4.03029,0,0
2015-06-30,13:00:00,4.03018,4.03301,4.02358,4.03127,0,0
2015-06-30,14:00:00,4.03131,4.03197,4.02615,4.03097,0,0
2015-06-30,15:00:00,4.03023,4.0308,4.01767,4.01954,0,0
2015-06-30,16:00:00,4.01938,4.02208,4.01215,4.02208,0,0
2015-06-30,17:00:00,4.02176,4.03118,4.01946,4.02001,0,0
2015-06-30,18:00:00,4.01947,4.0281,4.00791,4.01832,0,0
2015-06-30,19:00:00,4.01696,4.02264,4.00952,4.01778,0,0
2015-06-30,20:00:00,4.01778,4.025,4.01514,4.02406,0,0
2015-06-30,21:00:00,4.02406,4.02636,4.02007,4.0228,0,0
2015-06-30,22:00:00,4.02257,4.02439,4.01919,4.02141,0,0
2015-06-30,23:00:00,4.02149,4.02602,4.02125,4.02248,0,0
2015-06-30,23:59:00,4.01968,4.02443,4.01718,4.02356,0,0
2015-07-01,01:00:00,4.02275,4.02351,4.01886,4.02314,0,0
2015-07-01,02:00:00,4.02313,4.02765,4.02307,4.02517,0,0
2015-07-01,03:00:00,4.02517,4.0289,4.02226,4.02741,0,0
2015-07-01,04:00:00,4.02739,4.02871,4.02342,4.02376,0,0
2015-07-01,05:00:00,4.02376,4.02504,4.02284,4.02403,0,0
2015-07-01,06:00:00,4.0238,4.02485,4.02248,4.02265,0,0
2015-07-01,07:00:00,4.02261,4.02277,4.02022,4.02041,0,0
2015-07-01,08:00:00,4.02059,4.02396,4.01978,4.02379,0,0
2015-07-01,09:00:00,4.02391,4.02578,4.02079,4.023,0,0
2015-07-01,10:00:00,4.02271,4.02281,4.00957,4.01219,0,0
2015-07-01,11:00:00,4.01214,4.01518,4.00754,4.00931,0,0
2015-07-01,12:00:00,4.00952,4.01423,3.99681,4.00818,0,0
2015-07-01,13:00:00,4.00819,4.00832,3.99879,3.99967,0,0
2015-07-01,14:00:00,3.99989,4.00747,3.99754,4.00728,0,0
2015-07-01,15:00:00,4.00732,4.01634,4.0009,4.00833,0,0
2015-07-01,16:00:00,4.00813,4.0092,4.00188,4.0078,0,0
2015-07-01,17:00:00,4.0077,4.01388,3.99264,3.99264,0,0
2015-07-01,18:00:00,3.99239,4.00024,3.99239,3.9972,0,0
2015-07-01,19:00:00,3.99723,4.00197,3.99151,3.99627,0,0
2015-07-01,20:00:00,3.99654,3.99933,3.99246,3.99463,0,0
2015-07-01,21:00:00,3.99452,3.99902,3.99415,3.99467,0,0
2015-07-01,22:00:00,3.99454,3.99845,3.99379,3.99746,0,0
2015-07-01,23:00:00,3.99715,3.99888,3.99485,3.9957,0,0
2015-07-01,23:59:00,3.99715,3.99944,3.9945,3.99642,0,0
2015-07-02,01:00:00,3.99647,3.99923,3.9945,3.99887,0,0
2015-07-02,02:00:00,3.99902,4.00053,3.99651,3.99941,0,0
2015-07-02,03:00:00,3.99929,3.99974,3.99679,3.99866,0,0
2015-07-02,04:00:00,3.99853,3.99939,3.99735,3.99786,0,0
2015-07-02,05:00:00,3.99782,4.00116,3.99401,3.99515,0,0
2015-07-02,06:00:00,3.99507,3.99731,3.99419,3.99689,0,0
2015-07-02,07:00:00,3.99689,3.99821,3.99546,3.99809,0,0
2015-07-02,08:00:00,3.99812,4.00453,3.99627,4.00284,0,0
2015-07-02,09:00:00,4.00264,4.00374,3.99982,4.00272,0,0
2015-07-02,10:00:00,4.00322,4.00443,3.99433,3.99452,0,0
2015-07-02,11:00:00,3.99441,3.9991,3.99364,3.99687,0,0
2015-07-02,12:00:00,3.99687,3.99821,3.98298,3.98308,0,0
2015-07-02,13:00:00,3.9832,3.99142,3.9824,3.9906,0,0
2015-07-02,14:00:00,3.99078,3.99104,3.98469,3.98557,0,0
2015-07-02,15:00:00,3.98551,4.00415,3.98269,4.00319,0,0
2015-07-02,16:00:00,4.00272,4.01409,4.00147,4.0105,0,0
2015-07-02,17:00:00,4.01088,4.01088,3.99556,3.99785,0,0
2015-07-02,18:00:00,3.99834,4.00749,3.99327,4.00593,0,0
2015-07-02,19:00:00,4.00593,4.00635,3.99888,3.99888,0,0
2015-07-02,20:00:00,3.99878,4.00521,3.99878,4.00517,0,0
2015-07-02,21:00:00,4.00517,4.00781,4.00403,4.00766,0,0
2015-07-02,22:00:00,4.00798,4.00912,4.00498,4.00753,0,0
2015-07-02,23:00:00,4.00738,4.00848,4.00608,4.00817,0,0
2015-07-02,23:59:00,4.00833,4.00974,4.00685,4.00712,0,0
2015-07-03,01:00:00,4.0073,4.00867,4.00538,4.0077,0,0
2015-07-03,02:00:00,4.00784,4.00827,4.00531,4.00531,0,0
2015-07-03,03:00:00,4.00533,4.0088,4.00518,4.00843,0,0
2015-07-03,04:00:00,4.00843,4.00902,4.00646,4.00771,0,0
2015-07-03,05:00:00,4.00762,4.00845,4.00617,4.00657,0,0
2015-07-03,06:00:00,4.00679,4.0073,4.00494,4.00594,0,0
2015-07-03,07:00:00,4.00644,4.00931,4.00592,4.00786,0,0
2015-07-03,08:00:00,4.00773,4.01119,4.00655,4.01042,0,0
2015-07-03,09:00:00,4.00984,4.01163,4.00723,4.0089,0,0
2015-07-03,10:00:00,4.00901,4.00957,4.0022,4.00666,0,0
2015-07-03,11:00:00,4.00656,4.00831,4.00342,4.00379,0,0
2015-07-03,12:00:00,4.00491,4.00728,4.0027,4.00584,0,0
2015-07-03,13:00:00,4.0058,4.00783,4.00457,4.00746,0,0
2015-07-03,14:00:00,4.00754,4.01214,4.00754,4.01104,0,0
2015-07-03,15:00:00,4.01097,4.01354,4.0069,4.01185,0,0
2015-07-03,16:00:00,4.0118,4.01665,4.01008,4.01574,0,0
2015-07-03,17:00:00,4.0157,4.01955,4.00708,4.00761,0,0
2015-07-03,18:00:00,4.00734,4.01785,4.00621,4.01603,0,0
2015-07-03,19:00:00,4.01656,4.01826,4.0111,4.01568,0,0
2015-07-03,20:00:00,4.01563,4.01563,4.00687,4.00971,0,0
2015-07-03,21:00:00,4.00971,4.01562,4.00968,4.01342,0,0
2015-07-03,22:00:00,4.01347,4.01544,4.01079,4.01333,0,0
2015-07-03,23:00:00,4.01397,4.01557,4.0131,4.01359,0,0
2015-07-06,01:00:00,4.06088,4.06567,4.04439,4.0482,0,0
2015-07-06,02:00:00,4.04826,4.04918,4.04134,4.04753,0,0
2015-07-06,03:00:00,4.04761,4.04761,4.04016,4.04304,0,0
2015-07-06,04:00:00,4.04318,4.04318,4.03316,4.03383,0,0
2015-07-06,05:00:00,4.03395,4.03586,4.03019,4.03162,0,0
2015-07-06,06:00:00,4.03158,4.03499,4.03101,4.03207,0,0
2015-07-06,07:00:00,4.03207,4.04436,4.0298,4.04182,0,0
2015-07-06,08:00:00,4.04207,4.04775,4.0282,4.03338,0,0
2015-07-06,09:00:00,4.03243,4.03375,4.02048,4.02676,0,0
2015-07-06,10:00:00,4.02697,4.02955,4.01607,4.01639,0,0
2015-07-06,11:00:00,4.01695,4.02106,4.01264,4.01973,0,0
2015-07-06,12:00:00,4.01973,4.02285,4.017,4.01829,0,0
2015-07-06,13:00:00,4.01816,4.02581,4.01671,4.02189,0,0
2015-07-06,14:00:00,4.02185,4.03634,4.02058,4.03285,0,0
2015-07-06,15:00:00,4.03242,4.03374,4.02487,4.02558,0,0
2015-07-06,16:00:00,4.02566,4.02878,4.02286,4.02606,0,0
2015-07-06,17:00:00,4.02657,4.03292,4.0224,4.02289,0,0
2015-07-06,18:00:00,4.02302,4.029,4.02013,4.02114,0,0
2015-07-06,19:00:00,4.02143,4.027,4.02005,4.0262,0,0
2015-07-06,20:00:00,4.02595,4.02794,4.0215,4.02729,0,0
2015-07-06,21:00:00,4.02743,4.04074,4.02743,4.03864,0,0
2015-07-06,22:00:00,4.03885,4.03945,4.03302,4.03539,0,0
2015-07-06,23:00:00,4.03532,4.03552,4.03202,4.03382,0,0
2015-07-06,23:59:00,4.03208,4.03512,4.03208,4.03428,0,0
2015-07-07,01:00:00,4.03413,4.03582,4.0319,4.03445,0,0
2015-07-07,02:00:00,4.03445,4.03585,4.03352,4.03447,0,0
2015-07-07,03:00:00,4.0346,4.03586,4.03195,4.03384,0,0
2015-07-07,04:00:00,4.03384,4.03685,4.03302,4.03654,0,0
2015-07-07,05:00:00,4.03654,4.03923,4.03578,4.03923,0,0
2015-07-07,06:00:00,4.03913,4.03995,4.03619,4.03625,0,0
2015-07-07,07:00:00,4.03625,4.03751,4.03493,4.03641,0,0
2015-07-07,08:00:00,4.03636,4.03648,4.03062,4.03202,0,0
2015-07-07,09:00:00,4.03161,4.03533,4.03091,4.0313,0,0
2015-07-07,10:00:00,4.03218,4.04553,4.03008,4.04154,0,0
2015-07-07,11:00:00,4.04081,4.0463,4.03592,4.04548,0,0
2015-07-07,12:00:00,4.04562,4.04705,4.03831,4.03988,0,0
2015-07-07,13:00:00,4.03984,4.04512,4.03657,4.03657,0,0
2015-07-07,14:00:00,4.03633,4.04251,4.03602,4.04175,0,0
2015-07-07,15:00:00,4.04183,4.04905,4.03987,4.04518,0,0
2015-07-07,16:00:00,4.04507,4.05668,4.04301,4.05094,0,0
2015-07-07,17:00:00,4.05112,4.05991,4.04944,4.05157,0,0
2015-07-07,18:00:00,4.0515,4.06139,4.05139,4.0571,0,0
2015-07-07,19:00:00,4.05731,4.05961,4.05078,4.05545,0,0
2015-07-07,20:00:00,4.05606,4.05903,4.04762,4.05362,0,0
2015-07-07,21:00:00,4.05341,4.05826,4.05152,4.05576,0,0
2015-07-07,22:00:00,4.05572,4.05572,4.03605,4.04062,0,0
2015-07-07,23:00:00,4.03981,4.04382,4.03594,4.03665,0,0
2015-07-07,23:59:00,4.03627,4.04831,4.03627,4.04505,0,0
2015-07-08,01:00:00,4.04515,4.04612,4.04104,4.04233,0,0
2015-07-08,02:00:00,4.04228,4.0431,4.03961,4.04107,0,0
2015-07-08,03:00:00,4.04107,4.0474,4.04098,4.04634,0,0
2015-07-08,04:00:00,4.04614,4.05023,4.04573,4.0472,0,0
2015-07-08,05:00:00,4.04726,4.05103,4.04644,4.05014,0,0
2015-07-08,06:00:00,4.05014,4.05177,4.04814,4.05177,0,0
2015-07-08,07:00:00,4.05181,4.05185,4.04648,4.04866,0,0
2015-07-08,08:00:00,4.04875,4.05146,4.04734,4.05118,0,0
2015-07-08,09:00:00,4.05105,4.05824,4.0508,4.05635,0,0
2015-07-08,10:00:00,4.05639,4.0639,4.05333,4.05933,0,0
2015-07-08,11:00:00,4.05816,4.05901,4.05213,4.05542,0,0
2015-07-08,12:00:00,4.05502,4.06216,4.05201,4.05827,0,0
2015-07-08,13:00:00,4.05849,4.06524,4.05039,4.05039,0,0
2015-07-08,14:00:00,4.05033,4.05033,4.03411,4.03493,0,0
2015-07-08,15:00:00,4.03509,4.04056,4.02937,4.03452,0,0
2015-07-08,16:00:00,4.03453,4.04023,4.02418,4.04023,0,0
2015-07-08,17:00:00,4.04038,4.04687,4.02513,4.02836,0,0
2015-07-08,18:00:00,4.02878,4.0465,4.02595,4.04627,0,0
2015-07-08,19:00:00,4.0467,4.04865,4.03897,4.04741,0,0
2015-07-08,20:00:00,4.04713,4.05054,4.04368,4.04631,0,0
2015-07-08,21:00:00,4.04635,4.05177,4.04234,4.05173,0,0
2015-07-08,22:00:00,4.05195,4.05251,4.04847,4.04917,0,0
2015-07-08,23:00:00,4.04918,4.05166,4.04636,4.04809,0,0
2015-07-08,23:59:00,4.04824,4.04899,4.04019,4.04242,0,0
2015-07-09,01:00:00,4.04242,4.0459,4.04209,4.04366,0,0
2015-07-09,02:00:00,4.04418,4.04591,4.04202,4.04327,0,0
2015-07-09,03:00:00,4.04334,4.04648,4.04242,4.04592,0,0
2015-07-09,04:00:00,4.0456,4.04692,4.04237,4.04247,0,0
2015-07-09,05:00:00,4.04283,4.0451,4.04134,4.04333,0,0
2015-07-09,06:00:00,4.04328,4.04398,4.04166,4.04172,0,0
2015-07-09,07:00:00,4.04172,4.04431,4.03959,4.04431,0,0
2015-07-09,08:00:00,4.04367,4.04513,4.03658,4.04132,0,0
2015-07-09,09:00:00,4.04143,4.04709,4.0359,4.03954,0,0
2015-07-09,10:00:00,4.03955,4.04589,4.03652,4.04126,0,0
2015-07-09,11:00:00,4.04128,4.04128,4.02855,4.0301,0,0
2015-07-09,12:00:00,4.03014,4.03739,4.02061,4.02215,0,0
2015-07-09,13:00:00,4.02308,4.03303,4.02,4.03007,0,0
2015-07-09,14:00:00,4.02986,4.03131,4.00939,4.00939,0,0
2015-07-09,15:00:00,4.00966,4.01984,4.00966,4.01534,0,0
2015-07-09,16:00:00,4.01547,4.03007,4.01476,4.02685,0,0
2015-07-09,17:00:00,4.02691,4.03212,4.02082,4.03134,0,0
2015-07-09,18:00:00,4.03297,4.0361,4.02938,4.03178,0,0
2015-07-09,19:00:00,4.0321,4.04219,4.02967,4.04219,0,0
2015-07-09,20:00:00,4.0418,4.04269,4.03879,4.03996,0,0
2015-07-09,21:00:00,4.04015,4.04169,4.03439,4.03513,0,0
2015-07-09,22:00:00,4.03516,4.03573,4.02955,4.03147,0,0
2015-07-09,23:00:00,4.03209,4.03348,4.02937,4.03136,0,0
2015-07-09,23:59:00,4.03185,4.03248,4.02294,4.02625,0,0
2015-07-10,01:00:00,4.02612,4.02645,4.01352,4.01829,0,0
2015-07-10,02:00:00,4.0185,4.02389,4.01501,4.0216,0,0
2015-07-10,03:00:00,4.02177,4.02464,4.01997,4.02001,0,0
2015-07-10,04:00:00,4.02001,4.02253,4.0149,4.01794,0,0
2015-07-10,05:00:00,4.01804,4.01837,4.01474,4.01667,0,0
2015-07-10,06:00:00,4.01667,4.01688,4.01315,4.01516,0,0
2015-07-10,07:00:00,4.01521,4.0177,4.01369,4.01522,0,0
2015-07-10,08:00:00,4.01522,4.01551,4.00412,4.00625,0,0
2015-07-10,09:00:00,4.00616,4.00803,3.98904,3.99453,0,0
2015-07-10,10:00:00,3.99401,4.02016,3.99361,4.01217,0,0
2015-07-10,11:00:00,4.01226,4.02781,4.00693,4.00693,0,0
2015-07-10,12:00:00,4.00699,4.01218,3.99834,4.00143,0,0
2015-07-10,13:00:00,4.001,4.00749,3.99032,3.99048,0,0
2015-07-10,14:00:00,3.99091,3.99748,3.98121,3.99201,0,0
2015-07-10,15:00:00,3.9919,3.99437,3.97644,3.97667,0,0
2015-07-10,16:00:00,3.97643,3.98949,3.97465,3.979,0,0
2015-07-10,17:00:00,3.97949,3.98128,3.97436,3.97661,0,0
2015-07-10,18:00:00,3.97656,3.98125,3.97494,3.9777,0,0
2015-07-10,19:00:00,3.97768,3.98752,3.9749,3.98637,0,0
2015-07-10,20:00:00,3.98575,3.98772,3.98245,3.98577,0,0
2015-07-10,21:00:00,3.98589,3.98603,3.9811,3.98499,0,0
2015-07-10,22:00:00,3.98513,3.98641,3.98237,3.98443,0,0
2015-07-10,23:00:00,3.98511,3.98536,3.98433,3.98536,0,0
2015-07-13,01:00:00,3.99709,3.99709,3.98852,3.9941,0,0
2015-07-13,02:00:00,3.99426,3.99543,3.98943,3.99425,0,0
2015-07-13,03:00:00,3.99379,3.99663,3.98715,3.99594,0,0
2015-07-13,04:00:00,3.99594,3.99998,3.99504,3.99663,0,0
2015-07-13,05:00:00,3.99676,3.99831,3.99401,3.99523,0,0
2015-07-13,06:00:00,3.99523,3.99523,3.98916,3.99188,0,0
2015-07-13,07:00:00,3.99188,3.99201,3.98927,3.99091,0,0
2015-07-13,08:00:00,3.991,3.99178,3.98169,3.98336,0,0
2015-07-13,09:00:00,3.98345,3.99296,3.96229,3.96947,0,0
2015-07-13,10:00:00,3.96852,3.97395,3.95341,3.95809,0,0
2015-07-13,11:00:00,3.95826,3.96698,3.95044,3.96324,0,0
2015-07-13,12:00:00,3.9638,3.96484,3.95742,3.96046,0,0
2015-07-13,13:00:00,3.95993,3.96715,3.95873,3.95873,0,0
2015-07-13,14:00:00,3.9593,3.9593,3.95082,3.95158,0,0
2015-07-13,15:00:00,3.95125,3.96071,3.94952,3.9517,0,0
2015-07-13,16:00:00,3.95169,3.95791,3.95073,3.9545,0,0
2015-07-13,17:00:00,3.9538,3.96009,3.94513,3.95643,0,0
2015-07-13,18:00:00,3.95649,3.95755,3.95196,3.9571,0,0
2015-07-13,19:00:00,3.95731,3.95991,3.95459,3.95934,0,0
2015-07-13,20:00:00,3.96033,3.96379,3.95897,3.96342,0,0
2015-07-13,21:00:00,3.96343,3.96343,3.95899,3.96122,0,0
2015-07-13,22:00:00,3.96124,3.96323,3.95694,3.96081,0,0
2015-07-13,23:00:00,3.96081,3.96081,3.95525,3.95744,0,0
2015-07-13,23:59:00,3.95668,3.95951,3.95532,3.95767,0,0
2015-07-14,01:00:00,3.95755,3.95899,3.95497,3.95648,0,0
2015-07-14,02:00:00,3.95652,3.96237,3.95591,3.96237,0,0
2015-07-14,03:00:00,3.96183,3.96194,3.95426,3.95553,0,0
2015-07-14,04:00:00,3.95577,3.95735,3.95365,3.95602,0,0
2015-07-14,05:00:00,3.95577,3.95862,3.95463,3.95698,0,0
2015-07-14,06:00:00,3.957,3.95872,3.95482,3.95595,0,0
2015-07-14,07:00:00,3.95595,3.95795,3.95538,3.95639,0,0
2015-07-14,08:00:00,3.95639,3.95813,3.95374,3.95696,0,0
2015-07-14,09:00:00,3.95688,3.96866,3.95491,3.96734,0,0
2015-07-14,10:00:00,3.96733,3.98731,3.96315,3.98099,0,0
2015-07-14,11:00:00,3.98059,3.9919,3.9797,3.98909,0,0
2015-07-14,12:00:00,3.99117,3.99337,3.97625,3.98162,0,0
2015-07-14,13:00:00,3.98145,3.98784,3.98134,3.98266,0,0
2015-07-14,14:00:00,3.98277,3.98674,3.9789,3.98339,0,0
2015-07-14,15:00:00,3.98337,3.9843,3.97773,3.98355,0,0
2015-07-14,16:00:00,3.98254,3.98506,3.97767,3.97767,0,0
2015-07-14,17:00:00,3.977,3.97955,3.96904,3.97285,0,0
2015-07-14,18:00:00,3.97325,3.97518,3.96441,3.96544,0,0
2015-07-14,19:00:00,3.96565,3.97039,3.964,3.96968,0,0
2015-07-14,20:00:00,3.96968,3.97107,3.96358,3.96986,0,0
2015-07-14,21:00:00,3.96969,3.97208,3.96875,3.97038,0,0
2015-07-14,22:00:00,3.97042,3.97221,3.96871,3.9711,0,0
2015-07-14,23:00:00,3.97084,3.97195,3.96823,3.97072,0,0
2015-07-14,23:59:00,3.97018,3.97321,3.96648,3.96909,0,0
2015-07-15,01:00:00,3.96981,3.97101,3.96572,3.96919,0,0
2015-07-15,02:00:00,3.96914,3.97201,3.96587,3.97093,0,0
2015-07-15,03:00:00,3.97099,3.97204,3.96944,3.97114,0,0
2015-07-15,04:00:00,3.97098,3.97296,3.97054,3.97112,0,0
2015-07-15,05:00:00,3.97102,3.97283,3.97001,3.97188,0,0
2015-07-15,06:00:00,3.97188,3.9732,3.96995,3.97145,0,0
2015-07-15,07:00:00,3.97156,3.97329,3.97113,3.97169,0,0
2015-07-15,08:00:00,3.97169,3.97355,3.96786,3.97266,0,0
2015-07-15,09:00:00,3.97301,3.97377,3.96504,3.96513,0,0
2015-07-15,10:00:00,3.96515,3.97304,3.96383,3.9703,0,0
2015-07-15,11:00:00,3.9702,3.97077,3.95901,3.95916,0,0
2015-07-15,12:00:00,3.9594,3.96147,3.95571,3.95576,0,0
2015-07-15,13:00:00,3.95584,3.95969,3.95458,3.95703,0,0
2015-07-15,14:00:00,3.95727,3.95833,3.95141,3.95479,0,0
2015-07-15,15:00:00,3.95481,3.9641,3.9539,3.96355,0,0
2015-07-15,16:00:00,3.96342,3.96506,3.95595,3.96465,0,0
2015-07-15,17:00:00,3.96454,3.96633,3.95666,3.96068,0,0
2015-07-15,18:00:00,3.96079,3.96424,3.95414,3.957,0,0
2015-07-15,19:00:00,3.95674,3.96188,3.95552,3.96118,0,0
2015-07-15,20:00:00,3.96131,3.96448,3.95976,3.96425,0,0
2015-07-15,21:00:00,3.96425,3.96542,3.96162,3.96184,0,0
2015-07-15,22:00:00,3.96268,3.9647,3.96085,3.96283,0,0
2015-07-15,23:00:00,3.96291,3.96432,3.9605,3.96209,0,0
2015-07-15,23:59:00,3.96122,3.96415,3.96071,3.9638,0,0
2015-07-16,01:00:00,3.96299,3.9649,3.95872,3.95912,0,0
2015-07-16,02:00:00,3.95887,3.96432,3.95887,3.96332,0,0
2015-07-16,03:00:00,3.96316,3.96559,3.96299,3.96483,0,0
2015-07-16,04:00:00,3.96499,3.96764,3.96431,3.96658,0,0
2015-07-16,05:00:00,3.96658,3.96716,3.96351,3.96379,0,0
2015-07-16,06:00:00,3.96373,3.96455,3.9601,3.96317,0,0
2015-07-16,07:00:00,3.96314,3.96398,3.96087,3.96193,0,0
2015-07-16,08:00:00,3.96195,3.96354,3.95458,3.95479,0,0
2015-07-16,09:00:00,3.95546,3.95984,3.95106,3.95661,0,0
2015-07-16,10:00:00,3.95651,3.95739,3.94201,3.94459,0,0
2015-07-16,11:00:00,3.94452,3.94931,3.94093,3.94784,0,0
2015-07-16,12:00:00,3.94801,3.95077,3.94025,3.94995,0,0
2015-07-16,13:00:00,3.94961,3.95111,3.9461,3.94769,0,0
2015-07-16,14:00:00,3.94767,3.951,3.94397,3.94848,0,0
2015-07-16,15:00:00,3.94881,3.95334,3.94523,3.94931,0,0
2015-07-16,16:00:00,3.94907,3.95478,3.94466,3.94644,0,0
2015-07-16,17:00:00,3.94779,3.94878,3.94346,3.94844,0,0
2015-07-16,18:00:00,3.94804,3.95079,3.94392,3.94617,0,0
2015-07-16,19:00:00,3.94625,3.95069,3.94562,3.9479,0,0
2015-07-16,20:00:00,3.94801,3.94958,3.94559,3.9494,0,0
2015-07-16,21:00:00,3.94947,3.95075,3.94602,3.94768,0,0
2015-07-16,22:00:00,3.94788,3.94955,3.9467,3.94768,0,0
2015-07-16,23:00:00,3.94838,3.94997,3.94524,3.94858,0,0
2015-07-16,23:59:00,3.94875,3.95049,3.94561,3.94827,0,0
2015-07-17,01:00:00,3.94827,3.95063,3.94516,3.94772,0,0
2015-07-17,02:00:00,3.9479,3.9502,3.94536,3.94727,0,0
2015-07-17,03:00:00,3.94719,3.94927,3.94529,3.948,0,0
2015-07-17,04:00:00,3.94803,3.94994,3.94499,3.9492,0,0
2015-07-17,05:00:00,3.94919,3.95112,3.94697,3.95089,0,0
2015-07-17,06:00:00,3.95081,3.95103,3.94336,3.94592,0,0
2015-07-17,07:00:00,3.94596,3.9495,3.94458,3.94754,0,0
2015-07-17,08:00:00,3.94754,3.94946,3.94642,3.94762,0,0
2015-07-17,09:00:00,3.94768,3.94887,3.94384,3.94621,0,0
2015-07-17,10:00:00,3.94574,3.94958,3.93828,3.94079,0,0
2015-07-17,11:00:00,3.94071,3.94451,3.93251,3.93405,0,0
2015-07-17,12:00:00,3.93411,3.93556,3.93061,3.93554,0,0
2015-07-17,13:00:00,3.93559,3.93563,3.92754,3.93017,0,0
2015-07-17,14:00:00,3.93031,3.93634,3.9257,3.93443,0,0
2015-07-17,15:00:00,3.93431,3.93813,3.93065,3.93733,0,0
2015-07-17,16:00:00,3.93735,3.9451,3.93553,3.9451,0,0
2015-07-17,17:00:00,3.94556,3.94615,3.93734,3.94088,0,0
2015-07-17,18:00:00,3.94124,3.94375,3.93977,3.94073,0,0
2015-07-17,19:00:00,3.9408,3.94391,3.94026,3.94112,0,0
2015-07-17,20:00:00,3.9413,3.94452,3.94057,3.94263,0,0
2015-07-17,21:00:00,3.94263,3.94409,3.93983,3.94271,0,0
2015-07-17,22:00:00,3.94301,3.94516,3.94165,3.94486,0,0
2015-07-17,23:00:00,3.94495,3.94504,3.94454,3.94454,0,0
2015-07-20,01:00:00,3.94175,3.94498,3.93775,3.94219,0,0
2015-07-20,02:00:00,3.94311,3.94475,3.93918,3.93997,0,0
2015-07-20,03:00:00,3.9399,3.94514,3.93915,3.94414,0,0
2015-07-20,04:00:00,3.94403,3.94532,3.94312,3.94492,0,0
2015-07-20,05:00:00,3.94496,3.94496,3.94002,3.94225,0,0
2015-07-20,06:00:00,3.94185,3.94471,3.94176,3.9427,0,0
2015-07-20,07:00:00,3.9427,3.94319,3.94041,3.94049,0,0
2015-07-20,08:00:00,3.94088,3.94187,3.93911,3.93918,0,0
2015-07-20,09:00:00,3.93916,3.94078,3.93389,3.93745,0,0
2015-07-20,10:00:00,3.93756,3.94454,3.93444,3.93661,0,0
2015-07-20,11:00:00,3.9364,3.93813,3.93074,3.93556,0,0
2015-07-20,12:00:00,3.93484,3.9446,3.93318,3.93677,0,0
2015-07-20,13:00:00,3.93688,3.94579,3.93609,3.94483,0,0
2015-07-20,14:00:00,3.94503,3.95143,3.94482,3.94605,0,0
2015-07-20,15:00:00,3.94584,3.9476,3.94047,3.94476,0,0
2015-07-20,16:00:00,3.94446,3.94749,3.94063,3.94495,0,0
2015-07-20,17:00:00,3.94504,3.9483,3.94212,3.94503,0,0
2015-07-20,18:00:00,3.94515,3.95013,3.94425,3.94755,0,0
2015-07-20,19:00:00,3.94703,3.94835,3.9444,3.94835,0,0
2015-07-20,20:00:00,3.94835,3.94853,3.94433,3.94764,0,0
2015-07-20,21:00:00,3.94762,3.94921,3.94594,3.94859,0,0
2015-07-20,22:00:00,3.9484,3.95098,3.94736,3.94891,0,0
2015-07-20,23:00:00,3.94901,3.95475,3.94878,3.94978,0,0
2015-07-20,23:59:00,3.94916,3.95195,3.9482,3.95182,0,0
