Date,Time,Open,High,Low,Close,Volume,OpenInt
2015-04-22,01:00:00,1.04654,1.04671,1.04625,1.04664,0,0
2015-04-22,02:00:00,1.04665,1.04738,1.04652,1.0471,0,0
2015-04-22,03:00:00,1.04712,1.04712,1.04578,1.04608,0,0
2015-04-22,04:00:00,1.04609,1.04734,1.04595,1.04643,0,0
2015-04-22,05:00:00,1.04643,1.04721,1.04615,1.04656,0,0
2015-04-22,06:00:00,1.04656,1.04711,1.04651,1.04667,0,0
2015-04-22,07:00:00,1.04667,1.04794,1.04666,1.04786,0,0
2015-04-22,08:00:00,1.04787,1.04862,1.04733,1.0475,0,0
2015-04-22,09:00:00,1.0475,1.05013,1.04642,1.04958,0,0
2015-04-22,10:00:00,1.0496,1.05025,1.04687,1.0479,0,0
2015-04-22,11:00:00,1.04788,1.05211,1.04699,1.05054,0,0
2015-04-22,12:00:00,1.05044,1.05204,1.05044,1.05124,0,0
2015-04-22,13:00:00,1.05124,1.05161,1.04736,1.0478,0,0
2015-04-22,14:00:00,1.04757,1.04792,1.04479,1.04493,0,0
2015-04-22,15:00:00,1.04492,1.04506,1.03586,1.03761,0,0
2015-04-22,16:00:00,1.03761,1.03883,1.03633,1.03881,0,0
2015-04-22,17:00:00,1.03908,1.03908,1.03549,1.03558,0,0
2015-04-22,18:00:00,1.03542,1.03546,1.03204,1.0347,0,0
2015-04-22,19:00:00,1.0347,1.03505,1.03304,1.03402,0,0
2015-04-22,20:00:00,1.03401,1.03418,1.03234,1.03234,0,0
2015-04-22,21:00:00,1.03231,1.03341,1.0311,1.03117,0,0
2015-04-22,22:00:00,1.03124,1.03223,1.03025,1.0309,0,0
2015-04-22,23:00:00,1.03083,1.03095,1.02924,1.02924,0,0
2015-04-22,23:59:00,1.02929,1.03082,1.02918,1.02999,0,0
2015-04-23,01:00:00,1.03,1.03163,1.02981,1.03089,0,0
2015-04-23,02:00:00,1.03101,1.03217,1.03089,1.0312,0,0
2015-04-23,03:00:00,1.03123,1.03179,1.02891,1.02939,0,0
2015-04-23,04:00:00,1.02937,1.03017,1.02891,1.02972,0,0
2015-04-23,05:00:00,1.02975,1.03044,1.02929,1.03008,0,0
2015-04-23,06:00:00,1.03008,1.03123,1.02976,1.03123,0,0
2015-04-23,07:00:00,1.03124,1.03129,1.03012,1.03045,0,0
2015-04-23,08:00:00,1.03036,1.03184,1.03036,1.03131,0,0
2015-04-23,09:00:00,1.0313,1.03252,1.03022,1.03214,0,0
2015-04-23,10:00:00,1.03198,1.03335,1.03033,1.03101,0,0
2015-04-23,11:00:00,1.03098,1.03516,1.03073,1.03471,0,0
2015-04-23,12:00:00,1.03462,1.0383,1.03433,1.03824,0,0
2015-04-23,13:00:00,1.0382,1.03852,1.03634,1.03636,0,0
2015-04-23,14:00:00,1.03624,1.03751,1.03419,1.03699,0,0
2015-04-23,15:00:00,1.037,1.03776,1.03551,1.0377,0,0
2015-04-23,16:00:00,1.03771,1.03865,1.03575,1.03771,0,0
2015-04-23,17:00:00,1.03767,1.04734,1.03685,1.04686,0,0
2015-04-23,18:00:00,1.0468,1.04826,1.04552,1.04682,0,0
2015-04-23,19:00:00,1.0469,1.04845,1.0463,1.04808,0,0
2015-04-23,20:00:00,1.04808,1.04919,1.04759,1.04804,0,0
2015-04-23,21:00:00,1.04802,1.04921,1.04743,1.04743,0,0
2015-04-23,22:00:00,1.04742,1.04828,1.04702,1.04812,0,0
2015-04-23,23:00:00,1.0482,1.04839,1.04714,1.04752,0,0
2015-04-23,23:59:00,1.04768,1.04815,1.0475,1.04776,0,0
2015-04-24,01:00:00,1.04787,1.04795,1.04625,1.04635,0,0
2015-04-24,02:00:00,1.04638,1.04711,1.04618,1.0463,0,0
2015-04-24,03:00:00,1.04612,1.04793,1.0458,1.04787,0,0
2015-04-24,04:00:00,1.04787,1.04789,1.04623,1.04623,0,0
2015-04-24,05:00:00,1.04611,1.0464,1.04502,1.04524,0,0
2015-04-24,06:00:00,1.04525,1.04593,1.04453,1.04521,0,0
2015-04-24,07:00:00,1.04517,1.04576,1.04481,1.04558,0,0
2015-04-24,08:00:00,1.0456,1.04615,1.04518,1.04548,0,0
2015-04-24,09:00:00,1.04554,1.04986,1.04445,1.04867,0,0
2015-04-24,10:00:00,1.04864,1.04992,1.04795,1.04912,0,0
2015-04-24,11:00:00,1.0492,1.05143,1.04868,1.0497,0,0
2015-04-24,12:00:00,1.04971,1.05074,1.048,1.04816,0,0
2015-04-24,13:00:00,1.04809,1.04916,1.04673,1.04702,0,0
2015-04-24,14:00:00,1.04704,1.04845,1.04661,1.04787,0,0
2015-04-24,15:00:00,1.0479,1.05024,1.04576,1.04797,0,0
2015-04-24,16:00:00,1.04793,1.05043,1.04697,1.04714,0,0
2015-04-24,17:00:00,1.04719,1.04988,1.04576,1.04916,0,0
2015-04-24,18:00:00,1.04916,1.05059,1.04772,1.04905,0,0
2015-04-24,19:00:00,1.04904,1.04906,1.04657,1.04657,0,0
2015-04-24,20:00:00,1.04657,1.0485,1.04657,1.04849,0,0
2015-04-24,21:00:00,1.04846,1.04888,1.04767,1.04836,0,0
2015-04-24,22:00:00,1.04838,1.04882,1.04817,1.04858,0,0
2015-04-24,23:00:00,1.04856,1.0486,1.04843,1.04848,0,0
2015-04-27,01:00:00,1.04809,1.04844,1.04766,1.04817,0,0
2015-04-27,02:00:00,1.04817,1.04925,1.048,1.0485,0,0
2015-04-27,03:00:00,1.0485,1.04946,1.0478,1.04836,0,0
2015-04-27,04:00:00,1.04837,1.04911,1.04788,1.04832,0,0
2015-04-27,05:00:00,1.04829,1.0487,1.04798,1.04816,0,0
2015-04-27,06:00:00,1.04819,1.04821,1.0471,1.04738,0,0
2015-04-27,07:00:00,1.04738,1.04772,1.04684,1.04713,0,0
2015-04-27,08:00:00,1.04713,1.04948,1.0471,1.04928,0,0
2015-04-27,09:00:00,1.04917,1.04934,1.04464,1.045,0,0
2015-04-27,10:00:00,1.045,1.04812,1.04339,1.04623,0,0
2015-04-27,11:00:00,1.04623,1.04644,1.04446,1.04603,0,0
2015-04-27,12:00:00,1.04603,1.04702,1.0455,1.0464,0,0
2015-04-27,13:00:00,1.04641,1.04658,1.04466,1.04658,0,0
2015-04-27,14:00:00,1.04662,1.04663,1.04472,1.04479,0,0
2015-04-27,15:00:00,1.04475,1.04526,1.04377,1.04483,0,0
2015-04-27,16:00:00,1.04486,1.04665,1.04439,1.04619,0,0
2015-04-27,17:00:00,1.04606,1.0493,1.04606,1.0493,0,0
2015-04-27,18:00:00,1.04927,1.05335,1.0485,1.04869,0,0
2015-04-27,19:00:00,1.04884,1.05217,1.04848,1.05065,0,0
2015-04-27,20:00:00,1.05065,1.05117,1.04609,1.04617,0,0
2015-04-27,21:00:00,1.04624,1.04709,1.04541,1.04617,0,0
2015-04-27,22:00:00,1.04619,1.04665,1.04557,1.04589,0,0
2015-04-27,23:00:00,1.04576,1.04741,1.04511,1.04722,0,0
2015-04-27,23:59:00,1.04724,1.04739,1.04621,1.04658,0,0
2015-04-28,01:00:00,1.04659,1.04737,1.04538,1.04659,0,0
2015-04-28,02:00:00,1.04661,1.04704,1.04625,1.04682,0,0
2015-04-28,03:00:00,1.04682,1.04735,1.046,1.04701,0,0
2015-04-28,04:00:00,1.04701,1.04783,1.04678,1.04735,0,0
2015-04-28,05:00:00,1.04734,1.0476,1.04684,1.04699,0,0
2015-04-28,06:00:00,1.04698,1.04799,1.04695,1.0476,0,0
2015-04-28,07:00:00,1.04775,1.04778,1.04699,1.047,0,0
2015-04-28,08:00:00,1.047,1.04843,1.04684,1.04775,0,0
2015-04-28,09:00:00,1.04773,1.04862,1.04581,1.04604,0,0
2015-04-28,10:00:00,1.04603,1.04776,1.04536,1.04641,0,0
2015-04-28,11:00:00,1.04638,1.04697,1.04467,1.04592,0,0
2015-04-28,12:00:00,1.04594,1.0468,1.04374,1.04428,0,0
2015-04-28,13:00:00,1.04428,1.04687,1.04179,1.04624,0,0
2015-04-28,14:00:00,1.04625,1.04663,1.04442,1.04546,0,0
2015-04-28,15:00:00,1.0454,1.04589,1.04313,1.04359,0,0
2015-04-28,16:00:00,1.04368,1.04527,1.04189,1.04525,0,0
2015-04-28,17:00:00,1.04565,1.05183,1.04565,1.05181,0,0
2015-04-28,18:00:00,1.05181,1.05216,1.04736,1.04832,0,0
2015-04-28,19:00:00,1.04826,1.04832,1.04667,1.04705,0,0
2015-04-28,20:00:00,1.04704,1.04855,1.04665,1.04823,0,0
2015-04-28,21:00:00,1.0482,1.0489,1.04731,1.04779,0,0
2015-04-28,22:00:00,1.0478,1.0479,1.04519,1.04585,0,0
2015-04-28,23:00:00,1.04595,1.04652,1.04555,1.04647,0,0
2015-04-28,23:59:00,1.04687,1.04727,1.04585,1.04679,0,0
2015-04-29,01:00:00,1.04678,1.04687,1.04585,1.0463,0,0
2015-04-29,02:00:00,1.04624,1.04639,1.04558,1.04583,0,0
2015-04-29,03:00:00,1.04583,1.04704,1.04583,1.04693,0,0
2015-04-29,04:00:00,1.0469,1.04693,1.04593,1.04631,0,0
2015-04-29,05:00:00,1.04634,1.04652,1.04553,1.04562,0,0
2015-04-29,06:00:00,1.04555,1.04583,1.04539,1.04566,0,0
2015-04-29,07:00:00,1.04564,1.04569,1.04514,1.04517,0,0
2015-04-29,08:00:00,1.04517,1.04576,1.04481,1.04561,0,0
2015-04-29,09:00:00,1.04561,1.04627,1.04464,1.04605,0,0
2015-04-29,10:00:00,1.04604,1.04797,1.04505,1.04773,0,0
2015-04-29,11:00:00,1.04773,1.04864,1.04634,1.04848,0,0
2015-04-29,12:00:00,1.04849,1.04879,1.04712,1.04839,0,0
2015-04-29,13:00:00,1.04839,1.04851,1.04636,1.04716,0,0
2015-04-29,14:00:00,1.04723,1.04997,1.04681,1.0486,0,0
2015-04-29,15:00:00,1.04862,1.0569,1.04725,1.04989,0,0
2015-04-29,16:00:00,1.05056,1.05929,1.04971,1.05913,0,0
2015-04-29,17:00:00,1.05928,1.06584,1.05804,1.06584,0,0
2015-04-29,18:00:00,1.06603,1.06979,1.06465,1.06832,0,0
2015-04-29,19:00:00,1.06848,1.07057,1.06586,1.06586,0,0
2015-04-29,20:00:00,1.06595,1.06785,1.06523,1.0668,0,0
2015-04-29,21:00:00,1.06685,1.06695,1.06185,1.06425,0,0
2015-04-29,22:00:00,1.06455,1.06455,1.0627,1.0635,0,0
2015-04-29,23:00:00,1.06355,1.06465,1.06345,1.06465,0,0
2015-04-29,23:59:00,1.06445,1.06446,1.06314,1.06314,0,0
2015-04-30,01:00:00,1.0632,1.06395,1.0632,1.06389,0,0
2015-04-30,02:00:00,1.06393,1.06418,1.06335,1.06338,0,0
2015-04-30,03:00:00,1.06337,1.06476,1.06337,1.06461,0,0
2015-04-30,04:00:00,1.06461,1.06483,1.06374,1.06398,0,0
2015-04-30,05:00:00,1.06397,1.06408,1.06311,1.06359,0,0
2015-04-30,06:00:00,1.06359,1.06386,1.06311,1.06354,0,0
2015-04-30,07:00:00,1.06354,1.06435,1.06313,1.06397,0,0
2015-04-30,08:00:00,1.06397,1.06397,1.06242,1.06277,0,0
2015-04-30,09:00:00,1.06233,1.06384,1.06173,1.06259,0,0
2015-04-30,10:00:00,1.06258,1.07055,1.06209,1.07008,0,0
2015-04-30,11:00:00,1.07013,1.07209,1.06714,1.06802,0,0
2015-04-30,12:00:00,1.06811,1.06864,1.06303,1.06317,0,0
2015-04-30,13:00:00,1.0632,1.06915,1.06248,1.06846,0,0
2015-04-30,14:00:00,1.06833,1.06945,1.06703,1.06865,0,0
2015-04-30,15:00:00,1.06865,1.07018,1.06309,1.06491,0,0
2015-04-30,16:00:00,1.06485,1.06511,1.05859,1.06191,0,0
2015-04-30,17:00:00,1.06191,1.0676,1.06191,1.06708,0,0
2015-04-30,18:00:00,1.06708,1.06881,1.06225,1.06252,0,0
2015-04-30,19:00:00,1.06256,1.06596,1.06225,1.0659,0,0
2015-04-30,20:00:00,1.06589,1.06661,1.06445,1.06513,0,0
2015-04-30,21:00:00,1.06513,1.07402,1.06511,1.07393,0,0
2015-04-30,22:00:00,1.07406,1.07426,1.07066,1.07191,0,0
2015-04-30,23:00:00,1.07208,1.07271,1.07117,1.07257,0,0
2015-04-30,23:59:00,1.07237,1.07274,1.07125,1.07146,0,0
2015-05-01,01:00:00,1.0717,1.07187,1.07113,1.07134,0,0
2015-05-01,02:00:00,1.07123,1.07205,1.07118,1.07118,0,0
2015-05-01,03:00:00,1.07101,1.07136,1.07032,1.0709,0,0
2015-05-01,04:00:00,1.0709,1.07136,1.07035,1.07043,0,0
2015-05-01,05:00:00,1.07046,1.07096,1.07011,1.07041,0,0
2015-05-01,06:00:00,1.07041,1.07081,1.0704,1.07076,0,0
2015-05-01,07:00:00,1.07076,1.0716,1.07072,1.07152,0,0
2015-05-01,08:00:00,1.07152,1.072,1.07131,1.07194,0,0
2015-05-01,09:00:00,1.07196,1.07391,1.07043,1.07316,0,0
2015-05-01,10:00:00,1.07306,1.07378,1.07148,1.07251,0,0
2015-05-01,11:00:00,1.07251,1.07395,1.07214,1.07362,0,0
2015-05-01,12:00:00,1.07338,1.07614,1.07259,1.07263,0,0
2015-05-01,13:00:00,1.07265,1.07632,1.07216,1.07593,0,0
2015-05-01,14:00:00,1.07589,1.07782,1.07575,1.07592,0,0
2015-05-01,15:00:00,1.07591,1.07608,1.07336,1.07479,0,0
2015-05-01,16:00:00,1.07483,1.0766,1.07379,1.07653,0,0
2015-05-01,17:00:00,1.07666,1.07744,1.07102,1.07327,0,0
2015-05-01,18:00:00,1.07327,1.07362,1.07021,1.0705,0,0
2015-05-01,19:00:00,1.0705,1.07164,1.06927,1.06938,0,0
2015-05-01,20:00:00,1.06938,1.07102,1.06938,1.07068,0,0
2015-05-01,21:00:00,1.07074,1.07136,1.06995,1.07039,0,0
2015-05-01,22:00:00,1.07041,1.07234,1.07033,1.07208,0,0
2015-05-01,23:00:00,1.07197,1.07201,1.07175,1.07201,0,0
2015-05-04,01:00:00,1.07098,1.07212,1.07098,1.0712,0,0
2015-05-04,02:00:00,1.07123,1.07175,1.07112,1.07133,0,0
2015-05-04,03:00:00,1.07132,1.07191,1.07054,1.07121,0,0
2015-05-04,04:00:00,1.07123,1.07159,1.07095,1.07152,0,0
2015-05-04,05:00:00,1.07152,1.07158,1.07096,1.07144,0,0
2015-05-04,06:00:00,1.07144,1.0716,1.07108,1.07109,0,0
2015-05-04,07:00:00,1.0711,1.07124,1.07094,1.07096,0,0
2015-05-04,08:00:00,1.07096,1.07198,1.07088,1.07162,0,0
2015-05-04,09:00:00,1.07143,1.07247,1.0672,1.06763,0,0
2015-05-04,10:00:00,1.06765,1.06792,1.06561,1.06642,0,0
2015-05-04,11:00:00,1.06643,1.06816,1.06592,1.06718,0,0
2015-05-04,12:00:00,1.06719,1.06781,1.06678,1.06724,0,0
2015-05-04,13:00:00,1.06722,1.06948,1.06672,1.069,0,0
2015-05-04,14:00:00,1.06902,1.06997,1.06811,1.06884,0,0
2015-05-04,15:00:00,1.06879,1.07288,1.06834,1.07274,0,0
2015-05-04,16:00:00,1.07273,1.07371,1.0716,1.07249,0,0
2015-05-04,17:00:00,1.07247,1.07263,1.06898,1.07055,0,0
2015-05-04,18:00:00,1.07063,1.07073,1.06781,1.06866,0,0
2015-05-04,19:00:00,1.06866,1.07034,1.06819,1.06912,0,0
2015-05-04,20:00:00,1.06924,1.07104,1.06889,1.07098,0,0
2015-05-04,21:00:00,1.07098,1.07101,1.06934,1.07018,0,0
2015-05-04,22:00:00,1.07011,1.07116,1.06998,1.0711,0,0
2015-05-04,23:00:00,1.07119,1.0716,1.07013,1.07104,0,0
2015-05-04,23:59:00,1.07096,1.07123,1.07092,1.07103,0,0
2015-05-05,01:00:00,1.07103,1.07147,1.07013,1.07024,0,0
2015-05-05,02:00:00,1.07025,1.07101,1.07009,1.07096,0,0
2015-05-05,03:00:00,1.07095,1.07095,1.07027,1.07062,0,0
2015-05-05,04:00:00,1.07062,1.07098,1.06964,1.06964,0,0
2015-05-05,05:00:00,1.06966,1.06994,1.06918,1.0694,0,0
2015-05-05,06:00:00,1.06942,1.06953,1.06887,1.06915,0,0
2015-05-05,07:00:00,1.06914,1.06944,1.0681,1.06886,0,0
2015-05-05,08:00:00,1.06883,1.06986,1.06878,1.06896,0,0
2015-05-05,09:00:00,1.06896,1.07009,1.06667,1.0676,0,0
2015-05-05,10:00:00,1.06745,1.06866,1.06429,1.06454,0,0
2015-05-05,11:00:00,1.06454,1.06688,1.06233,1.06675,0,0
2015-05-05,12:00:00,1.06672,1.06993,1.06639,1.06982,0,0
2015-05-05,13:00:00,1.06976,1.07123,1.06839,1.07111,0,0
2015-05-05,14:00:00,1.0711,1.0754,1.07047,1.0717,0,0
2015-05-05,15:00:00,1.0717,1.07547,1.07027,1.07433,0,0
2015-05-05,16:00:00,1.07409,1.07511,1.07144,1.07503,0,0
2015-05-05,17:00:00,1.07508,1.08096,1.07147,1.08052,0,0
2015-05-05,18:00:00,1.08059,1.08171,1.07933,1.07942,0,0
2015-05-05,19:00:00,1.07941,1.08182,1.07941,1.08128,0,0
2015-05-05,20:00:00,1.08128,1.08234,1.07988,1.0799,0,0
2015-05-05,21:00:00,1.07989,1.08043,1.07906,1.07963,0,0
2015-05-05,22:00:00,1.0796,1.07994,1.0785,1.07897,0,0
2015-05-05,23:00:00,1.07895,1.07941,1.07835,1.07941,0,0
2015-05-05,23:59:00,1.07935,1.07965,1.07895,1.07939,0,0
2015-05-06,01:00:00,1.07967,1.07974,1.07812,1.07834,0,0
2015-05-06,02:00:00,1.07833,1.07869,1.07757,1.07805,0,0
2015-05-06,03:00:00,1.07805,1.07855,1.07784,1.07826,0,0
2015-05-06,04:00:00,1.0782,1.07913,1.0776,1.07898,0,0
2015-05-06,05:00:00,1.07902,1.08023,1.07854,1.08001,0,0
2015-05-06,06:00:00,1.08001,1.08213,1.07959,1.08072,0,0
2015-05-06,07:00:00,1.08075,1.08154,1.07996,1.0811,0,0
2015-05-06,08:00:00,1.08113,1.0813,1.08047,1.08053,0,0
2015-05-06,09:00:00,1.08054,1.08434,1.07997,1.08393,0,0
2015-05-06,10:00:00,1.08379,1.08533,1.08127,1.08229,0,0
2015-05-06,11:00:00,1.08234,1.08435,1.08105,1.08153,0,0
2015-05-06,12:00:00,1.08151,1.08224,1.07979,1.08204,0,0
2015-05-06,13:00:00,1.08204,1.08374,1.08172,1.08226,0,0
2015-05-06,14:00:00,1.08223,1.08344,1.08082,1.08182,0,0
2015-05-06,15:00:00,1.08181,1.08743,1.08181,1.08683,0,0
2015-05-06,16:00:00,1.08686,1.09497,1.08433,1.09389,0,0
2015-05-06,17:00:00,1.09371,1.09707,1.0929,1.09451,0,0
2015-05-06,18:00:00,1.09437,1.09488,1.09146,1.09278,0,0
2015-05-06,19:00:00,1.09271,1.09337,1.08961,1.08962,0,0
2015-05-06,20:00:00,1.08974,1.09197,1.08967,1.09151,0,0
2015-05-06,21:00:00,1.09144,1.09455,1.09141,1.09212,0,0
2015-05-06,22:00:00,1.09242,1.09261,1.09136,1.09179,0,0
2015-05-06,23:00:00,1.09179,1.09218,1.09136,1.09145,0,0
2015-05-06,23:59:00,1.09157,1.09189,1.09113,1.09148,0,0
2015-05-07,01:00:00,1.09185,1.09185,1.09125,1.09155,0,0
2015-05-07,02:00:00,1.09151,1.09175,1.09091,1.09096,0,0
2015-05-07,03:00:00,1.09094,1.09162,1.09086,1.09102,0,0
2015-05-07,04:00:00,1.091,1.09114,1.09056,1.09062,0,0
2015-05-07,05:00:00,1.09052,1.09123,1.09014,1.09095,0,0
2015-05-07,06:00:00,1.09095,1.09161,1.09082,1.09101,0,0
2015-05-07,07:00:00,1.09101,1.0912,1.09073,1.09088,0,0
2015-05-07,08:00:00,1.09087,1.09365,1.09057,1.09298,0,0
2015-05-07,09:00:00,1.09293,1.09366,1.09202,1.09343,0,0
2015-05-07,10:00:00,1.09331,1.0959,1.09306,1.09582,0,0
2015-05-07,11:00:00,1.09581,1.09701,1.09449,1.09666,0,0
2015-05-07,12:00:00,1.09649,1.10223,1.09607,1.10215,0,0
2015-05-07,13:00:00,1.10213,1.10217,1.09854,1.10047,0,0
2015-05-07,14:00:00,1.10052,1.10058,1.09384,1.09396,0,0
2015-05-07,15:00:00,1.09397,1.09408,1.09038,1.09226,0,0
2015-05-07,16:00:00,1.09251,1.093,1.08953,1.09008,0,0
2015-05-07,17:00:00,1.0901,1.09094,1.0868,1.08693,0,0
2015-05-07,18:00:00,1.08711,1.08778,1.08569,1.08726,0,0
2015-05-07,19:00:00,1.08725,1.08729,1.08463,1.08466,0,0
2015-05-07,20:00:00,1.08462,1.08575,1.0838,1.0846,0,0
2015-05-07,21:00:00,1.0846,1.08569,1.08391,1.08515,0,0
2015-05-07,22:00:00,1.08506,1.08584,1.08466,1.08538,0,0
2015-05-07,23:00:00,1.08522,1.08578,1.08478,1.08495,0,0
2015-05-07,23:59:00,1.08494,1.08587,1.08361,1.08435,0,0
2015-05-08,01:00:00,1.08427,1.08502,1.08359,1.08416,0,0
2015-05-08,02:00:00,1.08416,1.08492,1.08389,1.08485,0,0
2015-05-08,03:00:00,1.08483,1.08509,1.08386,1.08403,0,0
2015-05-08,04:00:00,1.08408,1.08483,1.08376,1.08393,0,0
2015-05-08,05:00:00,1.08402,1.08454,1.08268,1.08275,0,0
2015-05-08,06:00:00,1.08275,1.08291,1.08165,1.08216,0,0
2015-05-08,07:00:00,1.08219,1.08395,1.08206,1.08392,0,0
2015-05-08,08:00:00,1.08388,1.0851,1.08336,1.08353,0,0
2015-05-08,09:00:00,1.08351,1.08365,1.08094,1.08226,0,0
2015-05-08,10:00:00,1.08218,1.08362,1.081,1.08324,0,0
2015-05-08,11:00:00,1.08325,1.08589,1.08325,1.08493,0,0
2015-05-08,12:00:00,1.08493,1.08652,1.08368,1.08593,0,0
2015-05-08,13:00:00,1.08588,1.08619,1.08163,1.08177,0,0
2015-05-08,14:00:00,1.08156,1.08253,1.08075,1.08078,0,0
2015-05-08,15:00:00,1.08077,1.08653,1.07764,1.08311,0,0
2015-05-08,16:00:00,1.08304,1.0845,1.08007,1.08139,0,0
2015-05-08,17:00:00,1.08139,1.08142,1.07766,1.0782,0,0
2015-05-08,18:00:00,1.07809,1.07997,1.0761,1.07813,0,0
2015-05-08,19:00:00,1.07812,1.07846,1.07512,1.07541,0,0
2015-05-08,20:00:00,1.07541,1.07641,1.0747,1.07544,0,0
2015-05-08,21:00:00,1.07553,1.07553,1.07339,1.07386,0,0
2015-05-08,22:00:00,1.07389,1.07441,1.07336,1.07406,0,0
2015-05-08,23:00:00,1.07411,1.07411,1.07411,1.07411,0,0
2015-05-11,01:00:00,1.07384,1.07391,1.07309,1.07321,0,0
2015-05-11,02:00:00,1.07321,1.07362,1.07296,1.07341,0,0
2015-05-11,03:00:00,1.07339,1.07459,1.07227,1.07227,0,0
2015-05-11,04:00:00,1.07229,1.07243,1.07051,1.07148,0,0
2015-05-11,05:00:00,1.0716,1.07232,1.07103,1.07149,0,0
2015-05-11,06:00:00,1.07148,1.0715,1.06954,1.0703,0,0
2015-05-11,07:00:00,1.0703,1.07112,1.07007,1.0711,0,0
2015-05-11,08:00:00,1.07109,1.07178,1.06999,1.07066,0,0
2015-05-11,09:00:00,1.07065,1.07483,1.07011,1.07423,0,0
2015-05-11,10:00:00,1.07414,1.07437,1.07162,1.07339,0,0
2015-05-11,11:00:00,1.07339,1.07553,1.07306,1.07443,0,0
2015-05-11,12:00:00,1.07438,1.07484,1.07265,1.07311,0,0
2015-05-11,13:00:00,1.07306,1.07439,1.07293,1.07332,0,0
2015-05-11,14:00:00,1.07319,1.07368,1.07054,1.07072,0,0
2015-05-11,15:00:00,1.07077,1.07309,1.07005,1.07007,0,0
2015-05-11,16:00:00,1.07001,1.0732,1.0697,1.07081,0,0
2015-05-11,17:00:00,1.07088,1.07309,1.07046,1.07047,0,0
2015-05-11,18:00:00,1.07057,1.07259,1.0693,1.07016,0,0
2015-05-11,19:00:00,1.07015,1.07057,1.06897,1.07021,0,0
2015-05-11,20:00:00,1.07034,1.07139,1.06927,1.07043,0,0
2015-05-11,21:00:00,1.07043,1.07136,1.06974,1.0708,0,0
2015-05-11,22:00:00,1.07079,1.07129,1.07008,1.07038,0,0
2015-05-11,23:00:00,1.07039,1.07072,1.06994,1.07047,0,0
2015-05-11,23:59:00,1.07043,1.07078,1.07006,1.07041,0,0
2015-05-12,01:00:00,1.07045,1.07072,1.07023,1.07023,0,0
2015-05-12,02:00:00,1.07016,1.0703,1.06945,1.06998,0,0
2015-05-12,03:00:00,1.06995,1.07041,1.0685,1.06924,0,0
2015-05-12,04:00:00,1.06924,1.07021,1.0692,1.07021,0,0
2015-05-12,05:00:00,1.07017,1.07166,1.06999,1.07111,0,0
2015-05-12,06:00:00,1.0711,1.07129,1.07038,1.07045,0,0
2015-05-12,07:00:00,1.0705,1.07182,1.07034,1.07171,0,0
2015-05-12,08:00:00,1.07173,1.07275,1.07107,1.07151,0,0
2015-05-12,09:00:00,1.07149,1.07453,1.07096,1.07385,0,0
2015-05-12,10:00:00,1.07379,1.07749,1.07288,1.07715,0,0
2015-05-12,11:00:00,1.07715,1.08231,1.07715,1.08122,0,0
2015-05-12,12:00:00,1.08142,1.08558,1.08128,1.08415,0,0
2015-05-12,13:00:00,1.08413,1.0851,1.0826,1.08288,0,0
2015-05-12,14:00:00,1.08281,1.08308,1.08116,1.08141,0,0
2015-05-12,15:00:00,1.08139,1.08147,1.07849,1.07878,0,0
2015-05-12,16:00:00,1.07875,1.08332,1.07861,1.08172,0,0
2015-05-12,17:00:00,1.08165,1.08254,1.07868,1.08044,0,0
2015-05-12,18:00:00,1.08053,1.08054,1.07826,1.07906,0,0
2015-05-12,19:00:00,1.07888,1.08018,1.07785,1.07818,0,0
2015-05-12,20:00:00,1.0782,1.07833,1.0765,1.07662,0,0
2015-05-12,21:00:00,1.07652,1.07726,1.07617,1.07701,0,0
2015-05-12,22:00:00,1.07698,1.07712,1.07625,1.07647,0,0
2015-05-12,23:00:00,1.07629,1.07647,1.07541,1.07594,0,0
2015-05-12,23:59:00,1.07595,1.07709,1.07577,1.07682,0,0
2015-05-13,01:00:00,1.07684,1.07684,1.07613,1.07633,0,0
2015-05-13,02:00:00,1.07633,1.07709,1.07633,1.07709,0,0
2015-05-13,03:00:00,1.07701,1.07756,1.07637,1.07725,0,0
2015-05-13,04:00:00,1.0773,1.07756,1.07589,1.07645,0,0
2015-05-13,05:00:00,1.07638,1.07767,1.07629,1.07759,0,0
2015-05-13,06:00:00,1.07759,1.07849,1.07746,1.07811,0,0
2015-05-13,07:00:00,1.07812,1.07911,1.07786,1.07882,0,0
2015-05-13,08:00:00,1.07882,1.07899,1.07724,1.07731,0,0
2015-05-13,09:00:00,1.0773,1.08103,1.07659,1.08075,0,0
2015-05-13,10:00:00,1.08073,1.08109,1.07876,1.07925,0,0
2015-05-13,11:00:00,1.07919,1.07982,1.07753,1.07761,0,0
2015-05-13,12:00:00,1.07764,1.0798,1.07616,1.078,0,0
2015-05-13,13:00:00,1.07796,1.07825,1.07618,1.07748,0,0
2015-05-13,14:00:00,1.07747,1.07893,1.07739,1.07786,0,0
2015-05-13,15:00:00,1.07785,1.08654,1.07686,1.08472,0,0
2015-05-13,16:00:00,1.08461,1.08693,1.08326,1.08652,0,0
2015-05-13,17:00:00,1.08648,1.09048,1.08618,1.09022,0,0
2015-05-13,18:00:00,1.09014,1.09237,1.08931,1.09138,0,0
2015-05-13,19:00:00,1.09143,1.09166,1.08968,1.09082,0,0
2015-05-13,20:00:00,1.09079,1.09185,1.08972,1.09039,0,0
2015-05-13,21:00:00,1.09027,1.09129,1.08998,1.09106,0,0
2015-05-13,22:00:00,1.09113,1.09113,1.08948,1.08975,0,0
2015-05-13,23:00:00,1.08981,1.09082,1.0895,1.09079,0,0
2015-05-13,23:59:00,1.09079,1.09095,1.09011,1.09018,0,0
2015-05-14,01:00:00,1.09051,1.09114,1.09039,1.0906,0,0
2015-05-14,02:00:00,1.0906,1.09071,1.08989,1.09031,0,0
2015-05-14,03:00:00,1.09031,1.09051,1.08965,1.09019,0,0
2015-05-14,04:00:00,1.09019,1.0915,1.09018,1.09082,0,0
2015-05-14,05:00:00,1.09132,1.09173,1.09048,1.09054,0,0
2015-05-14,06:00:00,1.09051,1.09285,1.0905,1.09254,0,0
2015-05-14,07:00:00,1.09255,1.09281,1.09213,1.09237,0,0
2015-05-14,08:00:00,1.09235,1.09317,1.0918,1.09316,0,0
2015-05-14,09:00:00,1.09309,1.09554,1.09188,1.09497,0,0
2015-05-14,10:00:00,1.09506,1.09671,1.09249,1.09317,0,0
2015-05-14,11:00:00,1.09319,1.095,1.09224,1.09428,0,0
2015-05-14,12:00:00,1.0944,1.09845,1.09385,1.09839,0,0
2015-05-14,13:00:00,1.09839,1.10143,1.09763,1.10091,0,0
2015-05-14,14:00:00,1.1007,1.10102,1.09765,1.10035,0,0
2015-05-14,15:00:00,1.10007,1.10047,1.09602,1.09769,0,0
2015-05-14,16:00:00,1.09732,1.09797,1.09418,1.0947,0,0
2015-05-14,17:00:00,1.09481,1.09521,1.09248,1.09274,0,0
2015-05-14,18:00:00,1.0928,1.09372,1.09058,1.09325,0,0
2015-05-14,19:00:00,1.09325,1.09477,1.09279,1.09439,0,0
2015-05-14,20:00:00,1.09439,1.09528,1.09333,1.09443,0,0
2015-05-14,21:00:00,1.0943,1.09554,1.09389,1.09512,0,0
2015-05-14,22:00:00,1.09512,1.09603,1.09497,1.09551,0,0
2015-05-14,23:00:00,1.09552,1.09648,1.09505,1.09627,0,0
2015-05-14,23:59:00,1.09624,1.09647,1.09561,1.09587,0,0
2015-05-15,01:00:00,1.09589,1.09619,1.09565,1.09573,0,0
2015-05-15,02:00:00,1.09572,1.09595,1.09529,1.09571,0,0
2015-05-15,03:00:00,1.09572,1.09575,1.09457,1.09491,0,0
2015-05-15,04:00:00,1.09491,1.09553,1.09418,1.09512,0,0
2015-05-15,05:00:00,1.09511,1.09617,1.09488,1.09533,0,0
2015-05-15,06:00:00,1.09533,1.09566,1.09511,1.09548,0,0
2015-05-15,07:00:00,1.09547,1.09593,1.09529,1.09554,0,0
2015-05-15,08:00:00,1.09554,1.09569,1.09341,1.09361,0,0
2015-05-15,09:00:00,1.09364,1.09656,1.09312,1.09656,0,0
2015-05-15,10:00:00,1.09667,1.09703,1.09256,1.09322,0,0
2015-05-15,11:00:00,1.09324,1.09391,1.08987,1.09031,0,0
2015-05-15,12:00:00,1.09003,1.09031,1.08846,1.08955,0,0
2015-05-15,13:00:00,1.0893,1.0893,1.08587,1.08667,0,0
2015-05-15,14:00:00,1.08665,1.0868,1.08298,1.0836,0,0
2015-05-15,15:00:00,1.0836,1.0836,1.08134,1.0815,0,0
2015-05-15,16:00:00,1.08151,1.08273,1.0805,1.08164,0,0
2015-05-15,17:00:00,1.08227,1.09163,1.08227,1.09151,0,0
2015-05-15,18:00:00,1.09162,1.09247,1.08974,1.08985,0,0
2015-05-15,19:00:00,1.08984,1.09081,1.08872,1.08944,0,0
2015-05-15,20:00:00,1.08943,1.09188,1.08922,1.0903,0,0
2015-05-15,21:00:00,1.0903,1.09432,1.09006,1.09407,0,0
2015-05-15,22:00:00,1.09406,1.09406,1.09195,1.09198,0,0
2015-05-15,23:00:00,1.092,1.09225,1.092,1.0922,0,0
2015-05-18,01:00:00,1.09207,1.0923,1.09073,1.09192,0,0
2015-05-18,02:00:00,1.09192,1.09242,1.09192,1.09237,0,0
2015-05-18,03:00:00,1.09236,1.09242,1.08969,1.09022,0,0
2015-05-18,04:00:00,1.09014,1.09052,1.08819,1.08821,0,0
2015-05-18,05:00:00,1.08825,1.08932,1.08801,1.08932,0,0
2015-05-18,06:00:00,1.08932,1.08988,1.08929,1.08979,0,0
2015-05-18,07:00:00,1.0898,1.09074,1.08944,1.09046,0,0
2015-05-18,08:00:00,1.09046,1.09046,1.08867,1.09001,0,0
2015-05-18,09:00:00,1.09001,1.09098,1.0889,1.0889,0,0
2015-05-18,10:00:00,1.08885,1.08972,1.08532,1.08704,0,0
2015-05-18,11:00:00,1.08705,1.08765,1.08476,1.08718,0,0
2015-05-18,12:00:00,1.08718,1.0888,1.08488,1.08871,0,0
2015-05-18,13:00:00,1.08879,1.09107,1.08851,1.09008,0,0
2015-05-18,14:00:00,1.09012,1.09022,1.08736,1.08832,0,0
2015-05-18,15:00:00,1.08832,1.08881,1.08613,1.08791,0,0
2015-05-18,16:00:00,1.08796,1.0889,1.08396,1.08429,0,0
2015-05-18,17:00:00,1.08427,1.086,1.08347,1.08467,0,0
2015-05-18,18:00:00,1.08468,1.08501,1.08295,1.08329,0,0
2015-05-18,19:00:00,1.08331,1.08356,1.0812,1.08284,0,0
2015-05-18,20:00:00,1.08283,1.08319,1.08087,1.08102,0,0
2015-05-18,21:00:00,1.08099,1.08106,1.0797,1.08014,0,0
2015-05-18,22:00:00,1.08011,1.08075,1.07965,1.08026,0,0
2015-05-18,23:00:00,1.08022,1.08075,1.0794,1.07953,0,0
2015-05-18,23:59:00,1.07954,1.08002,1.07931,1.07968,0,0
2015-05-19,01:00:00,1.07967,1.07984,1.07949,1.07969,0,0
2015-05-19,02:00:00,1.07968,1.08008,1.07966,1.07975,0,0
2015-05-19,03:00:00,1.07967,1.08004,1.07931,1.07947,0,0
2015-05-19,04:00:00,1.07946,1.07977,1.07847,1.07895,0,0
2015-05-19,05:00:00,1.07883,1.0797,1.07869,1.07952,0,0
2015-05-19,06:00:00,1.07952,1.07997,1.07854,1.07914,0,0
2015-05-19,07:00:00,1.07916,1.0796,1.07895,1.07903,0,0
2015-05-19,08:00:00,1.07903,1.07998,1.07883,1.0799,0,0
2015-05-19,09:00:00,1.07981,1.08149,1.07813,1.0807,0,0
2015-05-19,10:00:00,1.08071,1.08079,1.06801,1.07353,0,0
2015-05-19,11:00:00,1.07365,1.07463,1.0718,1.07316,0,0
2015-05-19,12:00:00,1.07286,1.0749,1.07257,1.07451,0,0
2015-05-19,13:00:00,1.07451,1.07526,1.07359,1.07492,0,0
2015-05-19,14:00:00,1.07495,1.07521,1.07277,1.07496,0,0
2015-05-19,15:00:00,1.07508,1.07519,1.06619,1.0667,0,0
2015-05-19,16:00:00,1.06669,1.07066,1.0666,1.06959,0,0
2015-05-19,17:00:00,1.06946,1.06982,1.06585,1.06623,0,0
2015-05-19,18:00:00,1.06597,1.06815,1.06562,1.06741,0,0
2015-05-19,19:00:00,1.06738,1.06815,1.06653,1.06809,0,0
2015-05-19,20:00:00,1.06811,1.06811,1.06564,1.06658,0,0
2015-05-19,21:00:00,1.06661,1.06749,1.06637,1.06676,0,0
2015-05-19,22:00:00,1.06661,1.06797,1.06646,1.06646,0,0
2015-05-19,23:00:00,1.06637,1.0675,1.06629,1.06732,0,0
2015-05-19,23:59:00,1.06727,1.06744,1.06689,1.06719,0,0
2015-05-20,01:00:00,1.0672,1.06729,1.06668,1.06707,0,0
2015-05-20,02:00:00,1.06705,1.06719,1.06673,1.06697,0,0
2015-05-20,03:00:00,1.06696,1.06712,1.06555,1.0668,0,0
2015-05-20,04:00:00,1.0668,1.06749,1.06618,1.06704,0,0
2015-05-20,05:00:00,1.06705,1.06836,1.06697,1.06785,0,0
2015-05-20,06:00:00,1.06785,1.06824,1.06745,1.06776,0,0
2015-05-20,07:00:00,1.06776,1.06817,1.06705,1.06713,0,0
2015-05-20,08:00:00,1.06713,1.06874,1.06642,1.06642,0,0
2015-05-20,09:00:00,1.06603,1.0668,1.06391,1.06475,0,0
2015-05-20,10:00:00,1.06475,1.06603,1.06319,1.06495,0,0
2015-05-20,11:00:00,1.06495,1.06835,1.06494,1.06631,0,0
2015-05-20,12:00:00,1.06631,1.06769,1.06541,1.06637,0,0
2015-05-20,13:00:00,1.06637,1.06696,1.06333,1.06376,0,0
2015-05-20,14:00:00,1.06374,1.06618,1.06367,1.06575,0,0
2015-05-20,15:00:00,1.06576,1.06922,1.06536,1.06906,0,0
2015-05-20,16:00:00,1.06911,1.06911,1.06545,1.06641,0,0
2015-05-20,17:00:00,1.06669,1.06745,1.06526,1.06559,0,0
2015-05-20,18:00:00,1.06539,1.06572,1.06333,1.06434,0,0
2015-05-20,19:00:00,1.06428,1.06709,1.06403,1.06694,0,0
2015-05-20,20:00:00,1.06699,1.06891,1.06658,1.06826,0,0
2015-05-20,21:00:00,1.06826,1.07084,1.06526,1.06864,0,0
2015-05-20,22:00:00,1.0687,1.07005,1.06717,1.06818,0,0
2015-05-20,23:00:00,1.06822,1.06862,1.06704,1.06704,0,0
2015-05-20,23:59:00,1.06705,1.06793,1.06683,1.06726,0,0
2015-05-21,01:00:00,1.06726,1.06775,1.06703,1.06738,0,0
2015-05-21,02:00:00,1.06738,1.06817,1.06721,1.06814,0,0
2015-05-21,03:00:00,1.06814,1.06994,1.06802,1.06954,0,0
2015-05-21,04:00:00,1.06953,1.0697,1.06875,1.06908,0,0
2015-05-21,05:00:00,1.06907,1.0708,1.06907,1.0706,0,0
2015-05-21,06:00:00,1.0706,1.07088,1.0697,1.07047,0,0
2015-05-21,07:00:00,1.07047,1.07126,1.0699,1.07001,0,0
2015-05-21,08:00:00,1.07014,1.07034,1.06856,1.06975,0,0
2015-05-21,09:00:00,1.0697,1.0697,1.06584,1.0676,0,0
2015-05-21,10:00:00,1.06745,1.07142,1.06745,1.06975,0,0
2015-05-21,11:00:00,1.06961,1.07338,1.0695,1.07254,0,0
2015-05-21,12:00:00,1.07242,1.07254,1.07115,1.07196,0,0
2015-05-21,13:00:00,1.07173,1.07456,1.0714,1.07292,0,0
2015-05-21,14:00:00,1.07287,1.07364,1.07063,1.07076,0,0
2015-05-21,15:00:00,1.07084,1.07164,1.06866,1.0688,0,0
2015-05-21,16:00:00,1.06875,1.07087,1.06781,1.0691,0,0
2015-05-21,17:00:00,1.06892,1.07135,1.06695,1.06816,0,0
2015-05-21,18:00:00,1.06824,1.07049,1.06815,1.06975,0,0
2015-05-21,19:00:00,1.06979,1.07081,1.06936,1.07063,0,0
2015-05-21,20:00:00,1.07063,1.07081,1.06911,1.06914,0,0
2015-05-21,21:00:00,1.06915,1.07,1.06889,1.0689,0,0
2015-05-21,22:00:00,1.06894,1.06929,1.06763,1.06776,0,0
2015-05-21,23:00:00,1.06777,1.06797,1.06741,1.0676,0,0
2015-05-21,23:59:00,1.06752,1.0681,1.06689,1.06716,0,0
2015-05-22,01:00:00,1.06711,1.06769,1.06711,1.0672,0,0
2015-05-22,02:00:00,1.06719,1.06752,1.06639,1.06644,0,0
2015-05-22,03:00:00,1.06628,1.06761,1.06628,1.0676,0,0
2015-05-22,04:00:00,1.06758,1.06834,1.06748,1.06775,0,0
2015-05-22,05:00:00,1.06775,1.06889,1.06746,1.06879,0,0
2015-05-22,06:00:00,1.06879,1.0696,1.06816,1.06956,0,0
2015-05-22,07:00:00,1.06956,1.07003,1.06904,1.06907,0,0
2015-05-22,08:00:00,1.06908,1.07013,1.06863,1.06972,0,0
2015-05-22,09:00:00,1.06968,1.07178,1.06959,1.07076,0,0
2015-05-22,10:00:00,1.07074,1.07139,1.06969,1.07112,0,0
2015-05-22,11:00:00,1.07109,1.0728,1.07094,1.07271,0,0
2015-05-22,12:00:00,1.07267,1.07614,1.0722,1.07493,0,0
2015-05-22,13:00:00,1.07492,1.07661,1.07371,1.07377,0,0
2015-05-22,14:00:00,1.07378,1.07378,1.07087,1.07134,0,0
2015-05-22,15:00:00,1.07135,1.07269,1.0609,1.06232,0,0
2015-05-22,16:00:00,1.06216,1.06216,1.0575,1.05996,0,0
2015-05-22,17:00:00,1.05988,1.06212,1.05835,1.06108,0,0
2015-05-22,18:00:00,1.06101,1.06209,1.05994,1.06051,0,0
2015-05-22,19:00:00,1.06048,1.06149,1.06006,1.06101,0,0
2015-05-22,20:00:00,1.06079,1.06164,1.05885,1.05908,0,0
2015-05-22,21:00:00,1.05909,1.06022,1.05821,1.05986,0,0
2015-05-22,22:00:00,1.05986,1.06,1.05872,1.05911,0,0
2015-05-22,23:00:00,1.05916,1.05922,1.05912,1.05912,0,0
2015-05-25,01:00:00,1.05938,1.06039,1.05835,1.06034,0,0
2015-05-25,02:00:00,1.06041,1.06081,1.05956,1.06006,0,0
2015-05-25,03:00:00,1.06005,1.06006,1.05804,1.05914,0,0
2015-05-25,04:00:00,1.05922,1.05983,1.05877,1.05929,0,0
2015-05-25,05:00:00,1.05929,1.06074,1.05919,1.06056,0,0
2015-05-25,06:00:00,1.06056,1.06105,1.06034,1.06065,0,0
2015-05-25,07:00:00,1.06065,1.06073,1.06047,1.06073,0,0
2015-05-25,08:00:00,1.06073,1.06188,1.06041,1.06171,0,0
2015-05-25,09:00:00,1.06168,1.06319,1.06158,1.06262,0,0
2015-05-25,10:00:00,1.06281,1.06314,1.06004,1.06018,0,0
2015-05-25,11:00:00,1.06019,1.06024,1.05927,1.06022,0,0
2015-05-25,12:00:00,1.06022,1.06173,1.05956,1.06016,0,0
2015-05-25,13:00:00,1.06016,1.06041,1.05966,1.06032,0,0
2015-05-25,14:00:00,1.06023,1.06093,1.05994,1.06065,0,0
2015-05-25,15:00:00,1.06065,1.06172,1.06056,1.0609,0,0
2015-05-25,16:00:00,1.06086,1.06154,1.05978,1.05991,0,0
2015-05-25,17:00:00,1.05987,1.06003,1.0586,1.05903,0,0
2015-05-25,18:00:00,1.05903,1.0596,1.05843,1.05876,0,0
2015-05-25,19:00:00,1.05871,1.05876,1.05741,1.05755,0,0
2015-05-25,20:00:00,1.05799,1.05799,1.05745,1.05768,0,0
2015-05-25,21:00:00,1.05768,1.05792,1.05765,1.05778,0,0
2015-05-25,22:00:00,1.05783,1.05832,1.05753,1.05784,0,0
2015-05-25,23:00:00,1.05774,1.05831,1.05742,1.05813,0,0
2015-05-25,23:59:00,1.05813,1.05821,1.05751,1.05776,0,0
2015-05-26,01:00:00,1.05776,1.05826,1.05735,1.05803,0,0
2015-05-26,02:00:00,1.05804,1.0582,1.05719,1.05728,0,0
2015-05-26,03:00:00,1.05728,1.05728,1.05555,1.05636,0,0
2015-05-26,04:00:00,1.05636,1.05686,1.05548,1.05572,0,0
2015-05-26,05:00:00,1.05572,1.05747,1.05565,1.05717,0,0
2015-05-26,06:00:00,1.05717,1.05717,1.05591,1.05621,0,0
2015-05-26,07:00:00,1.0562,1.05647,1.05542,1.05542,0,0
2015-05-26,08:00:00,1.05542,1.05588,1.05507,1.05529,0,0
2015-05-26,09:00:00,1.0552,1.05574,1.05116,1.05166,0,0
2015-05-26,10:00:00,1.05158,1.05386,1.05098,1.05323,0,0
2015-05-26,11:00:00,1.05314,1.05373,1.0504,1.05178,0,0
2015-05-26,12:00:00,1.05178,1.05575,1.05166,1.05559,0,0
2015-05-26,13:00:00,1.05564,1.05696,1.05377,1.05423,0,0
2015-05-26,14:00:00,1.05425,1.05645,1.05422,1.05614,0,0
2015-05-26,15:00:00,1.05623,1.05651,1.05147,1.05321,0,0
2015-05-26,16:00:00,1.05313,1.05585,1.05251,1.05396,0,0
2015-05-26,17:00:00,1.05397,1.05417,1.05074,1.05361,0,0
2015-05-26,18:00:00,1.05324,1.05429,1.05209,1.05214,0,0
2015-05-26,19:00:00,1.05206,1.05315,1.05146,1.05302,0,0
2015-05-26,20:00:00,1.053,1.05307,1.05158,1.05158,0,0
2015-05-26,21:00:00,1.05159,1.05234,1.0494,1.04953,0,0
2015-05-26,22:00:00,1.04944,1.04973,1.04902,1.04914,0,0
2015-05-26,23:00:00,1.04913,1.04973,1.04857,1.04888,0,0
2015-05-26,23:59:00,1.04893,1.04924,1.04832,1.04889,0,0
2015-05-27,01:00:00,1.04883,1.04978,1.04883,1.0497,0,0
2015-05-27,02:00:00,1.04971,1.05052,1.04948,1.05052,0,0
2015-05-27,03:00:00,1.05052,1.05052,1.04952,1.04991,0,0
2015-05-27,04:00:00,1.04988,1.05053,1.04864,1.04915,0,0
2015-05-27,05:00:00,1.04911,1.05074,1.04906,1.05027,0,0
2015-05-27,06:00:00,1.05025,1.05097,1.05017,1.0507,0,0
2015-05-27,07:00:00,1.0507,1.05164,1.05021,1.05131,0,0
2015-05-27,08:00:00,1.05131,1.05399,1.05115,1.05282,0,0
2015-05-27,09:00:00,1.0528,1.05587,1.0521,1.05571,0,0
2015-05-27,10:00:00,1.05554,1.05568,1.0533,1.05521,0,0
2015-05-27,11:00:00,1.05521,1.0557,1.05432,1.05514,0,0
2015-05-27,12:00:00,1.05509,1.05623,1.05371,1.05406,0,0
2015-05-27,13:00:00,1.054,1.05462,1.05237,1.05299,0,0
2015-05-27,14:00:00,1.05329,1.05409,1.05051,1.05107,0,0
2015-05-27,15:00:00,1.05103,1.05303,1.04845,1.04865,0,0
2015-05-27,16:00:00,1.04868,1.05178,1.04788,1.05001,0,0
2015-05-27,17:00:00,1.04999,1.05435,1.0496,1.05123,0,0
2015-05-27,18:00:00,1.0513,1.05452,1.05048,1.0516,0,0
2015-05-27,19:00:00,1.05162,1.05216,1.05087,1.05187,0,0
2015-05-27,20:00:00,1.05196,1.05311,1.05156,1.0527,0,0
2015-05-27,21:00:00,1.05271,1.05271,1.0504,1.05107,0,0
2015-05-27,22:00:00,1.05106,1.05244,1.05076,1.05209,0,0
2015-05-27,23:00:00,1.0521,1.05332,1.05198,1.05332,0,0
2015-05-27,23:59:00,1.0531,1.0535,1.05222,1.05238,0,0
2015-05-28,01:00:00,1.0523,1.05323,1.05212,1.053,0,0
2015-05-28,02:00:00,1.053,1.05302,1.05258,1.05273,0,0
2015-05-28,03:00:00,1.05273,1.05414,1.05224,1.05369,0,0
2015-05-28,04:00:00,1.0537,1.05493,1.05311,1.05385,0,0
2015-05-28,05:00:00,1.05384,1.05489,1.05273,1.0529,0,0
2015-05-28,06:00:00,1.0529,1.05453,1.05289,1.05366,0,0
2015-05-28,07:00:00,1.05366,1.05514,1.0533,1.05509,0,0
2015-05-28,08:00:00,1.05507,1.05538,1.0543,1.055,0,0
2015-05-28,09:00:00,1.055,1.05766,1.05336,1.05686,0,0
2015-05-28,10:00:00,1.05691,1.05787,1.05474,1.05771,0,0
2015-05-28,11:00:00,1.05779,1.05808,1.0552,1.05702,0,0
2015-05-28,12:00:00,1.05696,1.05756,1.05562,1.05646,0,0
2015-05-28,13:00:00,1.05645,1.05751,1.05582,1.05672,0,0
2015-05-28,14:00:00,1.05665,1.05679,1.05269,1.05292,0,0
2015-05-28,15:00:00,1.05272,1.0547,1.05122,1.05391,0,0
2015-05-28,16:00:00,1.05389,1.05399,1.05207,1.0531,0,0
2015-05-28,17:00:00,1.05307,1.05759,1.05165,1.05759,0,0
2015-05-28,18:00:00,1.05745,1.05793,1.05583,1.05723,0,0
2015-05-28,19:00:00,1.05726,1.05975,1.05587,1.05865,0,0
2015-05-28,20:00:00,1.05869,1.0617,1.05869,1.05992,0,0
2015-05-28,21:00:00,1.05989,1.06104,1.05873,1.06076,0,0
2015-05-28,22:00:00,1.06086,1.06101,1.05887,1.05915,0,0
2015-05-28,23:00:00,1.05904,1.06025,1.05887,1.05941,0,0
2015-05-28,23:59:00,1.05951,1.06133,1.05808,1.05998,0,0
2015-05-29,01:00:00,1.06006,1.06128,1.05965,1.06102,0,0
2015-05-29,02:00:00,1.06101,1.06104,1.06019,1.06043,0,0
2015-05-29,03:00:00,1.06043,1.06083,1.05988,1.06045,0,0
2015-05-29,04:00:00,1.06047,1.06103,1.06002,1.06081,0,0
2015-05-29,05:00:00,1.06079,1.0612,1.06021,1.0606,0,0
2015-05-29,06:00:00,1.06057,1.06177,1.06057,1.06174,0,0
2015-05-29,07:00:00,1.06174,1.06281,1.06141,1.06183,0,0
2015-05-29,08:00:00,1.06174,1.06183,1.0598,1.06005,0,0
2015-05-29,09:00:00,1.05995,1.06073,1.05538,1.05538,0,0
2015-05-29,10:00:00,1.05533,1.05943,1.05493,1.05885,0,0
2015-05-29,11:00:00,1.05904,1.061,1.05885,1.05903,0,0
2015-05-29,12:00:00,1.05877,1.06311,1.05853,1.06299,0,0
2015-05-29,13:00:00,1.0629,1.06361,1.06137,1.06185,0,0
2015-05-29,14:00:00,1.06198,1.06248,1.06013,1.06216,0,0
2015-05-29,15:00:00,1.06215,1.06437,1.06034,1.06263,0,0
2015-05-29,16:00:00,1.06271,1.06964,1.0614,1.06851,0,0
2015-05-29,17:00:00,1.06808,1.0687,1.05941,1.05992,0,0
2015-05-29,18:00:00,1.05957,1.06314,1.05858,1.06311,0,0
2015-05-29,19:00:00,1.063,1.06385,1.06144,1.06145,0,0
2015-05-29,20:00:00,1.06145,1.0648,1.06145,1.06407,0,0
2015-05-29,21:00:00,1.0641,1.06486,1.0636,1.06393,0,0
2015-05-29,22:00:00,1.06398,1.0645,1.06354,1.06401,0,0
2015-05-29,23:00:00,1.06392,1.06394,1.06361,1.06363,0,0
2015-06-01,01:00:00,1.06382,1.06382,1.06259,1.06291,0,0
2015-06-01,02:00:00,1.0629,1.06343,1.062,1.06216,0,0
2015-06-01,03:00:00,1.06215,1.06216,1.06024,1.06126,0,0
2015-06-01,04:00:00,1.06126,1.06154,1.06021,1.06088,0,0
2015-06-01,05:00:00,1.06083,1.06132,1.0605,1.06079,0,0
2015-06-01,06:00:00,1.06078,1.06157,1.06043,1.06121,0,0
2015-06-01,07:00:00,1.06121,1.06188,1.06075,1.06112,0,0
2015-06-01,08:00:00,1.06112,1.06132,1.05984,1.06023,0,0
2015-06-01,09:00:00,1.06023,1.06056,1.05761,1.0581,0,0
2015-06-01,10:00:00,1.05818,1.05892,1.05516,1.05639,0,0
2015-06-01,11:00:00,1.05642,1.05736,1.05584,1.05622,0,0
2015-06-01,12:00:00,1.05603,1.05743,1.0548,1.05709,0,0
2015-06-01,13:00:00,1.05702,1.05817,1.0557,1.05783,0,0
2015-06-01,14:00:00,1.05785,1.05888,1.05645,1.05867,0,0
2015-06-01,15:00:00,1.05867,1.06077,1.05816,1.05937,0,0
2015-06-01,16:00:00,1.05958,1.06321,1.05936,1.06242,0,0
2015-06-01,17:00:00,1.06246,1.06246,1.05656,1.05664,0,0
2015-06-01,18:00:00,1.05681,1.05699,1.05449,1.05607,0,0
2015-06-01,19:00:00,1.05607,1.05694,1.05461,1.05621,0,0
2015-06-01,20:00:00,1.05632,1.05851,1.05617,1.05708,0,0
2015-06-01,21:00:00,1.05713,1.05772,1.05617,1.05745,0,0
2015-06-01,22:00:00,1.05744,1.05792,1.05654,1.05668,0,0
2015-06-01,23:00:00,1.05668,1.05787,1.05628,1.05714,0,0
2015-06-01,23:59:00,1.05714,1.05828,1.0556,1.05716,0,0
2015-06-02,01:00:00,1.05715,1.05747,1.05685,1.05737,0,0
2015-06-02,02:00:00,1.05736,1.05746,1.05669,1.05695,0,0
2015-06-02,03:00:00,1.05697,1.05825,1.05696,1.058,0,0
2015-06-02,04:00:00,1.05801,1.05826,1.05766,1.05791,0,0
2015-06-02,05:00:00,1.05804,1.05829,1.05725,1.0581,0,0
2015-06-02,06:00:00,1.05811,1.05878,1.05788,1.0586,0,0
2015-06-02,07:00:00,1.0586,1.0591,1.05802,1.05893,0,0
2015-06-02,08:00:00,1.05882,1.05961,1.05804,1.05821,0,0
2015-06-02,09:00:00,1.05821,1.06211,1.05725,1.0619,0,0
2015-06-02,10:00:00,1.06166,1.06312,1.05943,1.05949,0,0
2015-06-02,11:00:00,1.05906,1.06235,1.05895,1.06227,0,0
2015-06-02,12:00:00,1.06236,1.0635,1.06137,1.06262,0,0
2015-06-02,13:00:00,1.06265,1.06469,1.06165,1.06337,0,0
2015-06-02,14:00:00,1.06332,1.0651,1.06189,1.06234,0,0
2015-06-02,15:00:00,1.06237,1.06364,1.06039,1.06349,0,0
2015-06-02,16:00:00,1.0635,1.0733,1.0635,1.07121,0,0
2015-06-02,17:00:00,1.07121,1.07374,1.06899,1.07042,0,0
2015-06-02,18:00:00,1.07046,1.07155,1.06982,1.0701,0,0
2015-06-02,19:00:00,1.07008,1.07289,1.06947,1.07206,0,0
2015-06-02,20:00:00,1.072,1.07324,1.07172,1.07323,0,0
2015-06-02,21:00:00,1.07325,1.07402,1.07202,1.07304,0,0
2015-06-02,22:00:00,1.0734,1.0734,1.07078,1.07154,0,0
2015-06-02,23:00:00,1.07155,1.07196,1.07115,1.0717,0,0
2015-06-02,23:59:00,1.07172,1.07198,1.07135,1.07155,0,0
2015-06-03,01:00:00,1.07156,1.07182,1.07129,1.07144,0,0
2015-06-03,02:00:00,1.07144,1.07181,1.07121,1.07121,0,0
2015-06-03,03:00:00,1.07119,1.07121,1.07009,1.07074,0,0
2015-06-03,04:00:00,1.07072,1.07256,1.07064,1.07163,0,0
2015-06-03,05:00:00,1.07164,1.07237,1.07141,1.07211,0,0
2015-06-03,06:00:00,1.07211,1.07225,1.07113,1.07136,0,0
2015-06-03,07:00:00,1.07123,1.07233,1.07123,1.07187,0,0
2015-06-03,08:00:00,1.07183,1.07369,1.07175,1.07244,0,0
2015-06-03,09:00:00,1.07247,1.07488,1.07141,1.07236,0,0
2015-06-03,10:00:00,1.07224,1.07224,1.06868,1.07046,0,0
2015-06-03,11:00:00,1.07055,1.07205,1.06886,1.06886,0,0
2015-06-03,12:00:00,1.06911,1.07019,1.06728,1.06902,0,0
2015-06-03,13:00:00,1.0689,1.06964,1.06719,1.06806,0,0
2015-06-03,14:00:00,1.06795,1.06948,1.06586,1.06619,0,0
2015-06-03,15:00:00,1.06618,1.06753,1.06126,1.06374,0,0
2015-06-03,16:00:00,1.06373,1.07191,1.06373,1.0715,0,0
2015-06-03,17:00:00,1.07154,1.07392,1.06896,1.06943,0,0
2015-06-03,18:00:00,1.06948,1.0716,1.06914,1.07089,0,0
2015-06-03,19:00:00,1.07092,1.07156,1.06963,1.07005,0,0
2015-06-03,20:00:00,1.07005,1.07054,1.06835,1.0686,0,0
2015-06-03,21:00:00,1.06867,1.06969,1.06835,1.06879,0,0
2015-06-03,22:00:00,1.06873,1.07027,1.06858,1.07013,0,0
2015-06-03,23:00:00,1.07024,1.0711,1.06997,1.07084,0,0
2015-06-03,23:59:00,1.07076,1.07079,1.07015,1.07062,0,0
2015-06-04,01:00:00,1.07062,1.07093,1.07,1.07093,0,0
2015-06-04,02:00:00,1.07088,1.07088,1.06967,1.06999,0,0
2015-06-04,03:00:00,1.07001,1.07048,1.06974,1.07027,0,0
2015-06-04,04:00:00,1.07027,1.0709,1.06914,1.06986,0,0
2015-06-04,05:00:00,1.06978,1.07026,1.06975,1.07013,0,0
2015-06-04,06:00:00,1.0701,1.07074,1.0701,1.07032,0,0
2015-06-04,07:00:00,1.07034,1.07069,1.07006,1.07018,0,0
2015-06-04,08:00:00,1.07018,1.0712,1.07002,1.07073,0,0
2015-06-04,09:00:00,1.07074,1.07123,1.06827,1.0686,0,0
2015-06-04,10:00:00,1.06862,1.06923,1.06708,1.06865,0,0
2015-06-04,11:00:00,1.06866,1.07769,1.06843,1.07515,0,0
2015-06-04,12:00:00,1.07533,1.07713,1.07508,1.07603,0,0
2015-06-04,13:00:00,1.07586,1.07616,1.07403,1.0757,0,0
2015-06-04,14:00:00,1.07569,1.07672,1.07309,1.07333,0,0
2015-06-04,15:00:00,1.07336,1.07349,1.07093,1.07214,0,0
2015-06-04,16:00:00,1.07214,1.07225,1.06938,1.07035,0,0
2015-06-04,17:00:00,1.07029,1.0722,1.06977,1.07051,0,0
2015-06-04,18:00:00,1.07049,1.07082,1.06888,1.07014,0,0
2015-06-04,19:00:00,1.07026,1.07364,1.06985,1.07191,0,0
2015-06-04,20:00:00,1.07187,1.07283,1.06956,1.07094,0,0
2015-06-04,21:00:00,1.07104,1.07272,1.07085,1.07194,0,0
2015-06-04,22:00:00,1.07203,1.07271,1.07134,1.07163,0,0
2015-06-04,23:00:00,1.07164,1.07185,1.07107,1.07107,0,0
2015-06-04,23:59:00,1.07096,1.07134,1.07048,1.07064,0,0
2015-06-05,01:00:00,1.07071,1.07089,1.0693,1.0695,0,0
2015-06-05,02:00:00,1.06947,1.07019,1.06809,1.06955,0,0
2015-06-05,03:00:00,1.06953,1.07007,1.06864,1.06931,0,0
2015-06-05,04:00:00,1.0693,1.06959,1.06826,1.06938,0,0
2015-06-05,05:00:00,1.06944,1.06968,1.06934,1.06961,0,0
2015-06-05,06:00:00,1.0696,1.06985,1.06934,1.06985,0,0
2015-06-05,07:00:00,1.06985,1.0715,1.06972,1.07093,0,0
2015-06-05,08:00:00,1.07093,1.07115,1.07007,1.07115,0,0
2015-06-05,09:00:00,1.07115,1.07257,1.0704,1.07244,0,0
2015-06-05,10:00:00,1.07248,1.07537,1.07171,1.07387,0,0
2015-06-05,11:00:00,1.07389,1.07456,1.07205,1.07239,0,0
2015-06-05,12:00:00,1.07233,1.07356,1.07166,1.07338,0,0
2015-06-05,13:00:00,1.07338,1.07343,1.0697,1.07019,0,0
2015-06-05,14:00:00,1.07019,1.07279,1.07006,1.0721,0,0
2015-06-05,15:00:00,1.07204,1.0725,1.05737,1.05737,0,0
2015-06-05,16:00:00,1.05751,1.05826,1.0524,1.0543,0,0
2015-06-05,17:00:00,1.05415,1.05954,1.05415,1.05593,0,0
2015-06-05,18:00:00,1.05593,1.06029,1.05583,1.05977,0,0
2015-06-05,19:00:00,1.05979,1.06373,1.05956,1.06372,0,0
2015-06-05,20:00:00,1.06388,1.06554,1.06239,1.0635,0,0
2015-06-05,21:00:00,1.06357,1.06618,1.06313,1.06442,0,0
2015-06-05,22:00:00,1.06442,1.06465,1.0635,1.06397,0,0
2015-06-05,23:00:00,1.06378,1.06382,1.06374,1.06382,0,0
2015-06-08,01:00:00,1.06278,1.06372,1.06278,1.06329,0,0
2015-06-08,02:00:00,1.06328,1.06369,1.06299,1.06299,0,0
2015-06-08,03:00:00,1.06297,1.06415,1.06165,1.06165,0,0
2015-06-08,04:00:00,1.0616,1.0632,1.0616,1.06246,0,0
2015-06-08,05:00:00,1.06244,1.0626,1.06163,1.06199,0,0
2015-06-08,06:00:00,1.06199,1.0625,1.0618,1.06243,0,0
2015-06-08,07:00:00,1.06243,1.06259,1.06185,1.06228,0,0
2015-06-08,08:00:00,1.06228,1.06282,1.06201,1.06267,0,0
2015-06-08,09:00:00,1.0628,1.06626,1.06047,1.0639,0,0
2015-06-08,10:00:00,1.06395,1.06737,1.06395,1.0666,0,0
2015-06-08,11:00:00,1.06664,1.06667,1.06321,1.06369,0,0
2015-06-08,12:00:00,1.06373,1.0652,1.0634,1.06354,0,0
2015-06-08,13:00:00,1.06342,1.06408,1.06294,1.06372,0,0
2015-06-08,14:00:00,1.06369,1.0667,1.06369,1.06628,0,0
2015-06-08,15:00:00,1.06626,1.06904,1.06594,1.06701,0,0
2015-06-08,16:00:00,1.06697,1.06899,1.06601,1.06734,0,0
2015-06-08,17:00:00,1.06742,1.06934,1.06628,1.06779,0,0
2015-06-08,18:00:00,1.06781,1.07371,1.06708,1.0714,0,0
2015-06-08,19:00:00,1.07141,1.07304,1.07115,1.07258,0,0
2015-06-08,20:00:00,1.07236,1.07738,1.0721,1.07659,0,0
2015-06-08,21:00:00,1.07658,1.07819,1.0757,1.07619,0,0
2015-06-08,22:00:00,1.07622,1.07753,1.07585,1.07688,0,0
2015-06-08,23:00:00,1.0768,1.08019,1.07663,1.07829,0,0
2015-06-08,23:59:00,1.07819,1.07838,1.07762,1.0779,0,0
2015-06-09,01:00:00,1.07798,1.07854,1.07763,1.07828,0,0
2015-06-09,02:00:00,1.07828,1.07842,1.07781,1.07819,0,0
2015-06-09,03:00:00,1.07819,1.07828,1.0773,1.07786,0,0
2015-06-09,04:00:00,1.07782,1.08074,1.07776,1.07926,0,0
2015-06-09,05:00:00,1.07927,1.07963,1.07891,1.07937,0,0
2015-06-09,06:00:00,1.07935,1.07986,1.07906,1.07948,0,0
2015-06-09,07:00:00,1.0793,1.07953,1.07887,1.0791,0,0
2015-06-09,08:00:00,1.0791,1.08079,1.07906,1.08053,0,0
2015-06-09,09:00:00,1.08056,1.08057,1.07762,1.07845,0,0
2015-06-09,10:00:00,1.07848,1.07983,1.07565,1.07925,0,0
2015-06-09,11:00:00,1.07909,1.08147,1.07761,1.07824,0,0
2015-06-09,12:00:00,1.07845,1.08003,1.07625,1.07686,0,0
2015-06-09,13:00:00,1.07681,1.07813,1.07564,1.07788,0,0
2015-06-09,14:00:00,1.07807,1.07861,1.07411,1.07423,0,0
2015-06-09,15:00:00,1.07415,1.07569,1.07155,1.07274,0,0
2015-06-09,16:00:00,1.07274,1.07658,1.07251,1.07492,0,0
2015-06-09,17:00:00,1.0753,1.07615,1.0726,1.07377,0,0
2015-06-09,18:00:00,1.07379,1.07676,1.07342,1.07562,0,0
2015-06-09,19:00:00,1.07562,1.07657,1.07336,1.07403,0,0
2015-06-09,20:00:00,1.07403,1.075,1.07311,1.07439,0,0
2015-06-09,21:00:00,1.07437,1.07473,1.07358,1.0738,0,0
2015-06-09,22:00:00,1.07383,1.07449,1.07366,1.07406,0,0
2015-06-09,23:00:00,1.07407,1.07451,1.07389,1.0743,0,0
2015-06-09,23:59:00,1.07443,1.07451,1.07394,1.07399,0,0
2015-06-10,01:00:00,1.07399,1.07418,1.07365,1.07373,0,0
2015-06-10,02:00:00,1.07373,1.0752,1.07373,1.07471,0,0
2015-06-10,03:00:00,1.0747,1.0761,1.07455,1.07518,0,0
2015-06-10,04:00:00,1.07518,1.07567,1.07451,1.07475,0,0
2015-06-10,05:00:00,1.07476,1.07481,1.0731,1.07335,0,0
2015-06-10,06:00:00,1.07334,1.0738,1.07274,1.07338,0,0
2015-06-10,07:00:00,1.07339,1.07628,1.07304,1.07581,0,0
2015-06-10,08:00:00,1.0758,1.07706,1.0747,1.07628,0,0
2015-06-10,09:00:00,1.07623,1.07825,1.0747,1.07748,0,0
2015-06-10,10:00:00,1.07788,1.08293,1.07718,1.08153,0,0
2015-06-10,11:00:00,1.08148,1.08297,1.07836,1.07884,0,0
2015-06-10,12:00:00,1.0789,1.07932,1.076,1.07619,0,0
2015-06-10,13:00:00,1.07623,1.07814,1.07508,1.07663,0,0
2015-06-10,14:00:00,1.07674,1.07767,1.07454,1.07556,0,0
2015-06-10,15:00:00,1.07557,1.07811,1.07486,1.07725,0,0
2015-06-10,16:00:00,1.07718,1.07981,1.07682,1.07855,0,0
2015-06-10,17:00:00,1.07846,1.08039,1.07488,1.07684,0,0
2015-06-10,18:00:00,1.07679,1.07919,1.07542,1.07599,0,0
2015-06-10,19:00:00,1.07599,1.07631,1.0725,1.07383,0,0
2015-06-10,20:00:00,1.07381,1.07486,1.07244,1.07323,0,0
2015-06-10,21:00:00,1.07323,1.07403,1.07297,1.07323,0,0
2015-06-10,22:00:00,1.07328,1.0741,1.07294,1.07396,0,0
2015-06-10,23:00:00,1.0741,1.0743,1.07326,1.07353,0,0
2015-06-10,23:59:00,1.07372,1.07434,1.07256,1.07292,0,0
2015-06-11,01:00:00,1.07302,1.07342,1.07258,1.07292,0,0
2015-06-11,02:00:00,1.07292,1.07293,1.07236,1.07278,0,0
2015-06-11,03:00:00,1.07278,1.07313,1.07248,1.0726,0,0
2015-06-11,04:00:00,1.0727,1.07324,1.07104,1.0712,0,0
2015-06-11,05:00:00,1.07118,1.07212,1.07107,1.07209,0,0
2015-06-11,06:00:00,1.07225,1.07264,1.07169,1.07182,0,0
2015-06-11,07:00:00,1.07182,1.07271,1.07175,1.07197,0,0
2015-06-11,08:00:00,1.07197,1.07353,1.07156,1.07345,0,0
2015-06-11,09:00:00,1.07354,1.07514,1.0721,1.0734,0,0
2015-06-11,10:00:00,1.07331,1.07331,1.07013,1.07156,0,0
2015-06-11,11:00:00,1.07134,1.07136,1.0666,1.06874,0,0
2015-06-11,12:00:00,1.06876,1.06876,1.06622,1.06864,0,0
2015-06-11,13:00:00,1.06862,1.07054,1.06843,1.07049,0,0
2015-06-11,14:00:00,1.0705,1.07063,1.06752,1.0676,0,0
2015-06-11,15:00:00,1.06759,1.0712,1.063,1.06979,0,0
2015-06-11,16:00:00,1.06959,1.06997,1.06661,1.06789,0,0
2015-06-11,17:00:00,1.06787,1.06923,1.06588,1.06817,0,0
2015-06-11,18:00:00,1.06816,1.0698,1.06721,1.06777,0,0
2015-06-11,19:00:00,1.06776,1.06866,1.06655,1.068,0,0
2015-06-11,20:00:00,1.068,1.06827,1.06735,1.06778,0,0
2015-06-11,21:00:00,1.06779,1.07053,1.06779,1.0705,0,0
2015-06-11,22:00:00,1.07047,1.0722,1.07034,1.07174,0,0
2015-06-11,23:00:00,1.07171,1.07247,1.07066,1.07155,0,0
2015-06-11,23:59:00,1.07165,1.07232,1.07065,1.07073,0,0
2015-06-12,01:00:00,1.07069,1.07113,1.07056,1.07063,0,0
2015-06-12,02:00:00,1.07064,1.07096,1.07048,1.07076,0,0
2015-06-12,03:00:00,1.07074,1.07149,1.07055,1.07148,0,0
2015-06-12,04:00:00,1.07148,1.07197,1.07088,1.07196,0,0
2015-06-12,05:00:00,1.07196,1.07221,1.07135,1.07154,0,0
2015-06-12,06:00:00,1.07154,1.07234,1.07135,1.07147,0,0
2015-06-12,07:00:00,1.07147,1.07225,1.07011,1.07029,0,0
2015-06-12,08:00:00,1.07029,1.07144,1.07016,1.07095,0,0
2015-06-12,09:00:00,1.07097,1.07142,1.07009,1.07049,0,0
2015-06-12,10:00:00,1.07049,1.07244,1.07,1.07014,0,0
2015-06-12,11:00:00,1.07011,1.07126,1.06491,1.06699,0,0
2015-06-12,12:00:00,1.06703,1.07019,1.06619,1.06922,0,0
2015-06-12,13:00:00,1.06922,1.07073,1.06865,1.06969,0,0
2015-06-12,14:00:00,1.06969,1.07155,1.06859,1.0712,0,0
2015-06-12,15:00:00,1.07119,1.07507,1.07061,1.07446,0,0
2015-06-12,16:00:00,1.07449,1.0767,1.07411,1.07534,0,0
2015-06-12,17:00:00,1.0755,1.0801,1.07475,1.07933,0,0
2015-06-12,18:00:00,1.07918,1.08189,1.07803,1.07967,0,0
2015-06-12,19:00:00,1.07966,1.08043,1.07882,1.07941,0,0
2015-06-12,20:00:00,1.07939,1.07984,1.07805,1.07868,0,0
2015-06-12,21:00:00,1.0786,1.07891,1.07712,1.07732,0,0
2015-06-12,22:00:00,1.07737,1.07737,1.07537,1.07595,0,0
2015-06-12,23:00:00,1.07604,1.07616,1.07604,1.07614,0,0
2015-06-15,01:00:00,1.0757,1.07644,1.07537,1.07606,0,0
2015-06-15,02:00:00,1.07615,1.07638,1.07515,1.07574,0,0
2015-06-15,03:00:00,1.07574,1.07574,1.072,1.07364,0,0
2015-06-15,04:00:00,1.07368,1.07377,1.07074,1.07123,0,0
2015-06-15,05:00:00,1.07119,1.0726,1.07095,1.07239,0,0
2015-06-15,06:00:00,1.07237,1.07331,1.0722,1.07309,0,0
2015-06-15,07:00:00,1.07308,1.07358,1.07246,1.07327,0,0
2015-06-15,08:00:00,1.07326,1.07328,1.07158,1.07158,0,0
2015-06-15,09:00:00,1.07162,1.07491,1.07128,1.07464,0,0
2015-06-15,10:00:00,1.07455,1.07526,1.07267,1.07394,0,0
2015-06-15,11:00:00,1.07385,1.07639,1.07313,1.07453,0,0
2015-06-15,12:00:00,1.07446,1.07555,1.07262,1.07305,0,0
2015-06-15,13:00:00,1.07308,1.07409,1.07082,1.07143,0,0
2015-06-15,14:00:00,1.07151,1.07164,1.06779,1.0679,0,0
2015-06-15,15:00:00,1.06793,1.0694,1.06654,1.06794,0,0
2015-06-15,16:00:00,1.06794,1.06872,1.06561,1.06868,0,0
2015-06-15,17:00:00,1.06865,1.0695,1.06793,1.06943,0,0
2015-06-15,18:00:00,1.06926,1.06955,1.06767,1.06928,0,0
2015-06-15,19:00:00,1.06944,1.07132,1.06826,1.07107,0,0
2015-06-15,20:00:00,1.07098,1.07175,1.06895,1.07135,0,0
2015-06-15,21:00:00,1.07111,1.07403,1.0711,1.07376,0,0
2015-06-15,22:00:00,1.07394,1.07814,1.07394,1.07667,0,0
2015-06-15,23:00:00,1.07658,1.07687,1.0756,1.07592,0,0
2015-06-15,23:59:00,1.07575,1.07615,1.075,1.07526,0,0
2015-06-16,01:00:00,1.07527,1.07572,1.07518,1.07533,0,0
2015-06-16,02:00:00,1.07533,1.07557,1.07525,1.0753,0,0
2015-06-16,03:00:00,1.0753,1.07532,1.0737,1.07448,0,0
2015-06-16,04:00:00,1.07429,1.07497,1.07338,1.07419,0,0
2015-06-16,05:00:00,1.07419,1.07501,1.07417,1.07492,0,0
2015-06-16,06:00:00,1.07492,1.07571,1.0749,1.07564,0,0
2015-06-16,07:00:00,1.07564,1.07579,1.07544,1.07551,0,0
2015-06-16,08:00:00,1.0755,1.07601,1.07455,1.07563,0,0
2015-06-16,09:00:00,1.07565,1.078,1.07414,1.0778,0,0
2015-06-16,10:00:00,1.0779,1.07848,1.07492,1.07518,0,0
2015-06-16,11:00:00,1.07518,1.07702,1.07363,1.07363,0,0
2015-06-16,12:00:00,1.07359,1.07423,1.07219,1.07312,0,0
2015-06-16,13:00:00,1.07318,1.07493,1.07265,1.07324,0,0
2015-06-16,14:00:00,1.0734,1.07462,1.0724,1.0726,0,0
2015-06-16,15:00:00,1.07257,1.07349,1.07123,1.07278,0,0
2015-06-16,16:00:00,1.07273,1.0744,1.07171,1.07398,0,0
2015-06-16,17:00:00,1.07404,1.07452,1.07208,1.07396,0,0
2015-06-16,18:00:00,1.074,1.074,1.07135,1.07212,0,0
2015-06-16,19:00:00,1.07218,1.07266,1.07143,1.07182,0,0
2015-06-16,20:00:00,1.0719,1.07246,1.07152,1.07223,0,0
2015-06-16,21:00:00,1.07228,1.07298,1.07228,1.07254,0,0
2015-06-16,22:00:00,1.07252,1.07296,1.07219,1.07219,0,0
2015-06-16,23:00:00,1.07217,1.07334,1.07217,1.07266,0,0
2015-06-16,23:59:00,1.07269,1.07286,1.07244,1.07256,0,0
2015-06-17,01:00:00,1.07255,1.07306,1.07227,1.07305,0,0
2015-06-17,02:00:00,1.07304,1.07336,1.07292,1.07313,0,0
2015-06-17,03:00:00,1.07313,1.07325,1.07265,1.07321,0,0
2015-06-17,04:00:00,1.07321,1.07446,1.07321,1.07446,0,0
2015-06-17,05:00:00,1.07445,1.07447,1.07388,1.0741,0,0
2015-06-17,06:00:00,1.0741,1.07477,1.07391,1.07426,0,0
2015-06-17,07:00:00,1.07425,1.07438,1.07401,1.07402,0,0
2015-06-17,08:00:00,1.07404,1.0746,1.07368,1.07368,0,0
2015-06-17,09:00:00,1.07374,1.07615,1.0734,1.07538,0,0
2015-06-17,10:00:00,1.07537,1.08278,1.0752,1.08042,0,0
2015-06-17,11:00:00,1.08016,1.08191,1.07952,1.0796,0,0
2015-06-17,12:00:00,1.07963,1.07997,1.07756,1.0776,0,0
2015-06-17,13:00:00,1.07764,1.07813,1.07632,1.0765,0,0
2015-06-17,14:00:00,1.07648,1.07826,1.07647,1.07817,0,0
2015-06-17,15:00:00,1.07824,1.07997,1.07767,1.07857,0,0
2015-06-17,16:00:00,1.07861,1.07983,1.07861,1.079,0,0
2015-06-17,17:00:00,1.07904,1.07914,1.07416,1.07542,0,0
2015-06-17,18:00:00,1.07557,1.07933,1.07526,1.07805,0,0
2015-06-17,19:00:00,1.07831,1.08044,1.07785,1.07949,0,0
2015-06-17,20:00:00,1.07949,1.0804,1.07874,1.0804,0,0
2015-06-17,21:00:00,1.08096,1.08585,1.07622,1.08448,0,0
2015-06-17,22:00:00,1.0844,1.08726,1.0844,1.08487,0,0
2015-06-17,23:00:00,1.08467,1.08505,1.08407,1.08462,0,0
2015-06-17,23:59:00,1.08489,1.08519,1.08418,1.08435,0,0
2015-06-18,01:00:00,1.08438,1.08456,1.084,1.0845,0,0
2015-06-18,02:00:00,1.0845,1.08606,1.08396,1.08556,0,0
2015-06-18,03:00:00,1.0856,1.08723,1.08558,1.08661,0,0
2015-06-18,04:00:00,1.08661,1.0868,1.08566,1.08592,0,0
2015-06-18,05:00:00,1.08588,1.08645,1.08587,1.0864,0,0
2015-06-18,06:00:00,1.0864,1.08666,1.08631,1.08657,0,0
2015-06-18,07:00:00,1.08654,1.08724,1.08605,1.08665,0,0
2015-06-18,08:00:00,1.08673,1.08755,1.08611,1.08624,0,0
2015-06-18,09:00:00,1.08626,1.08674,1.08447,1.08528,0,0
2015-06-18,10:00:00,1.08529,1.08835,1.08427,1.08791,0,0
2015-06-18,11:00:00,1.08788,1.09223,1.08744,1.08959,0,0
2015-06-18,12:00:00,1.08937,1.09211,1.0889,1.09211,0,0
2015-06-18,13:00:00,1.09207,1.09214,1.08921,1.09085,0,0
2015-06-18,14:00:00,1.09089,1.0926,1.08935,1.09035,0,0
2015-06-18,15:00:00,1.09042,1.09199,1.0886,1.09064,0,0
2015-06-18,16:00:00,1.09076,1.09269,1.09038,1.09074,0,0
2015-06-18,17:00:00,1.0907,1.09111,1.08833,1.08865,0,0
2015-06-18,18:00:00,1.08866,1.09048,1.08676,1.08715,0,0
2015-06-18,19:00:00,1.08722,1.08726,1.08171,1.08321,0,0
2015-06-18,20:00:00,1.08312,1.08436,1.08204,1.0838,0,0
2015-06-18,21:00:00,1.08376,1.08547,1.0834,1.08468,0,0
2015-06-18,22:00:00,1.08469,1.08587,1.08436,1.08568,0,0
2015-06-18,23:00:00,1.08571,1.08571,1.0849,1.0849,0,0
2015-06-18,23:59:00,1.08545,1.08587,1.08502,1.08509,0,0
2015-06-19,01:00:00,1.08515,1.08637,1.08502,1.08599,0,0
2015-06-19,02:00:00,1.08599,1.08599,1.08499,1.08526,0,0
2015-06-19,03:00:00,1.08526,1.0866,1.0848,1.08632,0,0
2015-06-19,04:00:00,1.08625,1.08659,1.08526,1.08541,0,0
2015-06-19,05:00:00,1.08542,1.08566,1.08512,1.08548,0,0
2015-06-19,06:00:00,1.08553,1.08579,1.08528,1.08567,0,0
2015-06-19,07:00:00,1.08567,1.08571,1.08452,1.08492,0,0
2015-06-19,08:00:00,1.08487,1.08509,1.08369,1.08462,0,0
2015-06-19,09:00:00,1.08466,1.08498,1.08295,1.08372,0,0
2015-06-19,10:00:00,1.08376,1.0841,1.08179,1.08267,0,0
2015-06-19,11:00:00,1.08281,1.08413,1.08216,1.08361,0,0
2015-06-19,12:00:00,1.0836,1.08485,1.08294,1.08301,0,0
2015-06-19,13:00:00,1.0831,1.08415,1.08116,1.08346,0,0
2015-06-19,14:00:00,1.08326,1.08355,1.08136,1.08165,0,0
2015-06-19,15:00:00,1.08167,1.0834,1.08115,1.08294,0,0
2015-06-19,16:00:00,1.08287,1.08513,1.08193,1.08367,0,0
2015-06-19,17:00:00,1.08373,1.08509,1.08292,1.08428,0,0
2015-06-19,18:00:00,1.08425,1.08625,1.08396,1.08594,0,0
2015-06-19,19:00:00,1.08606,1.08794,1.08553,1.08633,0,0
2015-06-19,20:00:00,1.08628,1.08932,1.086,1.08925,0,0
2015-06-19,21:00:00,1.08925,1.09131,1.08925,1.09018,0,0
2015-06-19,22:00:00,1.09018,1.09105,1.0898,1.09023,0,0
2015-06-19,23:00:00,1.09024,1.09024,1.09014,1.09018,0,0
2015-06-22,01:00:00,1.08995,1.09036,1.08928,1.0894,0,0
2015-06-22,02:00:00,1.08941,1.09011,1.08866,1.08867,0,0
2015-06-22,03:00:00,1.08867,1.08991,1.08859,1.08972,0,0
2015-06-22,04:00:00,1.08976,1.09137,1.08969,1.09019,0,0
2015-06-22,05:00:00,1.09019,1.0906,1.08968,1.08994,0,0
2015-06-22,06:00:00,1.08993,1.09051,1.08961,1.08997,0,0
2015-06-22,07:00:00,1.08997,1.091,1.08985,1.09057,0,0
2015-06-22,08:00:00,1.09063,1.09095,1.08922,1.08992,0,0
2015-06-22,09:00:00,1.08994,1.0912,1.08879,1.08992,0,0
2015-06-22,10:00:00,1.08991,1.09095,1.08552,1.08626,0,0
2015-06-22,11:00:00,1.08664,1.08698,1.08446,1.08698,0,0
2015-06-22,12:00:00,1.08693,1.0875,1.08565,1.08673,0,0
2015-06-22,13:00:00,1.08679,1.087,1.08552,1.08635,0,0
2015-06-22,14:00:00,1.08621,1.08704,1.08409,1.08445,0,0
2015-06-22,15:00:00,1.08445,1.09067,1.08393,1.08845,0,0
2015-06-22,16:00:00,1.08846,1.09036,1.08473,1.0864,0,0
2015-06-22,17:00:00,1.0864,1.09195,1.08463,1.09026,0,0
2015-06-22,18:00:00,1.09019,1.09037,1.08795,1.08826,0,0
2015-06-22,19:00:00,1.08829,1.08829,1.08453,1.08644,0,0
2015-06-22,20:00:00,1.08644,1.08684,1.08482,1.085,0,0
2015-06-22,21:00:00,1.085,1.08652,1.08493,1.08506,0,0
2015-06-22,22:00:00,1.085,1.08571,1.08393,1.08478,0,0
2015-06-22,23:00:00,1.08475,1.08551,1.08434,1.08542,0,0
2015-06-22,23:59:00,1.08507,1.08571,1.08433,1.08516,0,0
2015-06-23,01:00:00,1.08516,1.08525,1.08503,1.08523,0,0
2015-06-23,02:00:00,1.08523,1.08573,1.08483,1.08483,0,0
2015-06-23,03:00:00,1.0848,1.08528,1.08438,1.0844,0,0
2015-06-23,04:00:00,1.08439,1.08453,1.08344,1.08352,0,0
2015-06-23,05:00:00,1.08352,1.08361,1.0775,1.07783,0,0
2015-06-23,06:00:00,1.07783,1.07911,1.07683,1.07748,0,0
2015-06-23,07:00:00,1.07746,1.07878,1.07746,1.07813,0,0
2015-06-23,08:00:00,1.07813,1.07953,1.07771,1.0792,0,0
2015-06-23,09:00:00,1.07934,1.07934,1.07643,1.07896,0,0
2015-06-23,10:00:00,1.07897,1.08039,1.07761,1.07827,0,0
2015-06-23,11:00:00,1.07824,1.0785,1.07557,1.07675,0,0
2015-06-23,12:00:00,1.07655,1.07734,1.07324,1.07498,0,0
2015-06-23,13:00:00,1.07497,1.07497,1.07212,1.07213,0,0
2015-06-23,14:00:00,1.07225,1.07308,1.07128,1.07134,0,0
2015-06-23,15:00:00,1.07124,1.07262,1.06623,1.06662,0,0
2015-06-23,16:00:00,1.06654,1.06808,1.06521,1.0676,0,0
2015-06-23,17:00:00,1.06766,1.07195,1.06648,1.07066,0,0
2015-06-23,18:00:00,1.07057,1.07202,1.06914,1.07087,0,0
2015-06-23,19:00:00,1.07087,1.0709,1.06912,1.06971,0,0
2015-06-23,20:00:00,1.06974,1.07105,1.06938,1.07035,0,0
2015-06-23,21:00:00,1.07035,1.07102,1.06879,1.06907,0,0
2015-06-23,22:00:00,1.06913,1.07033,1.06913,1.07033,0,0
2015-06-23,23:00:00,1.0703,1.07103,1.07006,1.0707,0,0
2015-06-23,23:59:00,1.07062,1.07062,1.07003,1.07025,0,0
2015-06-24,01:00:00,1.07026,1.07069,1.07023,1.07068,0,0
2015-06-24,02:00:00,1.07066,1.07116,1.07055,1.07115,0,0
2015-06-24,03:00:00,1.07115,1.0717,1.07043,1.07051,0,0
2015-06-24,04:00:00,1.0705,1.07149,1.07031,1.07097,0,0
2015-06-24,05:00:00,1.07086,1.07172,1.07086,1.07165,0,0
2015-06-24,06:00:00,1.07166,1.07178,1.07134,1.07171,0,0
2015-06-24,07:00:00,1.07171,1.07213,1.07041,1.07054,0,0
2015-06-24,08:00:00,1.07054,1.07234,1.07033,1.07208,0,0
2015-06-24,09:00:00,1.07202,1.07415,1.07157,1.0735,0,0
2015-06-24,10:00:00,1.07357,1.07622,1.07195,1.07622,0,0
2015-06-24,11:00:00,1.07619,1.07718,1.07383,1.07463,0,0
2015-06-24,12:00:00,1.07459,1.07489,1.07188,1.07371,0,0
2015-06-24,13:00:00,1.0737,1.07388,1.07148,1.07294,0,0
2015-06-24,14:00:00,1.07302,1.07376,1.07221,1.07332,0,0
2015-06-24,15:00:00,1.07357,1.07386,1.07069,1.07089,0,0
2015-06-24,16:00:00,1.0709,1.07119,1.06889,1.07084,0,0
2015-06-24,17:00:00,1.07092,1.07113,1.06871,1.0694,0,0
2015-06-24,18:00:00,1.06936,1.07002,1.06749,1.06803,0,0
2015-06-24,19:00:00,1.06817,1.06903,1.0673,1.06897,0,0
2015-06-24,20:00:00,1.06895,1.07189,1.06823,1.07093,0,0
2015-06-24,21:00:00,1.07093,1.07131,1.06982,1.0707,0,0
2015-06-24,22:00:00,1.07074,1.07169,1.07024,1.07058,0,0
2015-06-24,23:00:00,1.07054,1.07144,1.07033,1.071,0,0
2015-06-24,23:59:00,1.07098,1.07118,1.07043,1.07109,0,0
2015-06-25,01:00:00,1.07108,1.07142,1.07031,1.07134,0,0
2015-06-25,02:00:00,1.07134,1.07163,1.07063,1.07103,0,0
2015-06-25,03:00:00,1.07103,1.07138,1.07061,1.07093,0,0
2015-06-25,04:00:00,1.07093,1.07111,1.0698,1.0703,0,0
2015-06-25,05:00:00,1.07029,1.07113,1.07001,1.07107,0,0
2015-06-25,06:00:00,1.07107,1.07138,1.07097,1.07127,0,0
2015-06-25,07:00:00,1.07127,1.0716,1.07051,1.07125,0,0
2015-06-25,08:00:00,1.07125,1.07138,1.07042,1.07132,0,0
2015-06-25,09:00:00,1.07113,1.07228,1.06852,1.069,0,0
2015-06-25,10:00:00,1.06926,1.07213,1.06881,1.06962,0,0
2015-06-25,11:00:00,1.06962,1.07046,1.06729,1.06742,0,0
2015-06-25,12:00:00,1.06742,1.06744,1.06455,1.06526,0,0
2015-06-25,13:00:00,1.06522,1.06601,1.06375,1.06428,0,0
2015-06-25,14:00:00,1.06407,1.06493,1.06206,1.06465,0,0
2015-06-25,15:00:00,1.06444,1.06697,1.06395,1.06568,0,0
2015-06-25,16:00:00,1.06566,1.07017,1.06468,1.067,0,0
2015-06-25,17:00:00,1.06699,1.06843,1.06564,1.06564,0,0
2015-06-25,18:00:00,1.06576,1.06716,1.06467,1.06644,0,0
2015-06-25,19:00:00,1.06651,1.06828,1.06648,1.06801,0,0
2015-06-25,20:00:00,1.06813,1.06888,1.06726,1.06732,0,0
2015-06-25,21:00:00,1.06732,1.06865,1.06695,1.06794,0,0
2015-06-25,22:00:00,1.06801,1.06823,1.06685,1.06694,0,0
2015-06-25,23:00:00,1.06726,1.0684,1.06693,1.06757,0,0
2015-06-25,23:59:00,1.0674,1.06872,1.0674,1.068,0,0
2015-06-26,01:00:00,1.068,1.06808,1.06754,1.06785,0,0
2015-06-26,02:00:00,1.06785,1.06809,1.06745,1.06768,0,0
2015-06-26,03:00:00,1.06769,1.06846,1.06768,1.06805,0,0
2015-06-26,04:00:00,1.06803,1.06875,1.06799,1.06808,0,0
2015-06-26,05:00:00,1.06808,1.06836,1.06797,1.06802,0,0
2015-06-26,06:00:00,1.06806,1.06862,1.06801,1.06852,0,0
2015-06-26,07:00:00,1.06847,1.06849,1.06798,1.06814,0,0
2015-06-26,08:00:00,1.06814,1.06832,1.06692,1.06708,0,0
2015-06-26,09:00:00,1.06708,1.06898,1.06678,1.06813,0,0
2015-06-26,10:00:00,1.06813,1.0711,1.06748,1.0711,0,0
2015-06-26,11:00:00,1.0711,1.07303,1.07107,1.07201,0,0
2015-06-26,12:00:00,1.07201,1.07217,1.07132,1.07162,0,0
2015-06-26,13:00:00,1.07163,1.07523,1.07129,1.07372,0,0
2015-06-26,14:00:00,1.07386,1.07394,1.07157,1.07227,0,0
2015-06-26,15:00:00,1.07223,1.07301,1.06997,1.06997,0,0
2015-06-26,16:00:00,1.06978,1.07211,1.06798,1.07198,0,0
2015-06-26,17:00:00,1.07178,1.07353,1.06934,1.06964,0,0
2015-06-26,18:00:00,1.06963,1.07045,1.06859,1.06931,0,0
2015-06-26,19:00:00,1.06931,1.06976,1.06733,1.06926,0,0
2015-06-26,20:00:00,1.06947,1.07072,1.06911,1.06974,0,0
2015-06-26,21:00:00,1.06974,1.07008,1.06766,1.06766,0,0
2015-06-26,22:00:00,1.06781,1.07071,1.06776,1.07063,0,0
2015-06-26,23:00:00,1.0707,1.07093,1.0707,1.07087,0,0
2015-06-29,01:00:00,1.06307,1.0673,1.06192,1.06491,0,0
2015-06-29,02:00:00,1.06491,1.06603,1.06298,1.06324,0,0
2015-06-29,03:00:00,1.06325,1.06793,1.06325,1.06645,0,0
2015-06-29,04:00:00,1.06646,1.06683,1.06458,1.06475,0,0
2015-06-29,05:00:00,1.06476,1.06566,1.06471,1.06489,0,0
2015-06-29,06:00:00,1.06493,1.06627,1.06484,1.06563,0,0
2015-06-29,07:00:00,1.06564,1.06603,1.06469,1.06514,0,0
2015-06-29,08:00:00,1.06521,1.0666,1.06418,1.0666,0,0
2015-06-29,09:00:00,1.0666,1.07074,1.06453,1.0689,0,0
2015-06-29,10:00:00,1.06913,1.06976,1.06094,1.06527,0,0
2015-06-29,11:00:00,1.06526,1.06774,1.06469,1.0672,0,0
2015-06-29,12:00:00,1.06721,1.06883,1.06671,1.06789,0,0
2015-06-29,13:00:00,1.0679,1.07143,1.06736,1.07096,0,0
2015-06-29,14:00:00,1.07085,1.07225,1.0699,1.07094,0,0
2015-06-29,15:00:00,1.07096,1.07413,1.07078,1.07234,0,0
2015-06-29,16:00:00,1.07243,1.0741,1.07146,1.07335,0,0
2015-06-29,17:00:00,1.07359,1.0789,1.07359,1.07625,0,0
2015-06-29,18:00:00,1.07631,1.0789,1.07572,1.0776,0,0
2015-06-29,19:00:00,1.0776,1.0801,1.07698,1.07949,0,0
2015-06-29,20:00:00,1.07959,1.08142,1.07845,1.08063,0,0
2015-06-29,21:00:00,1.08066,1.08128,1.07859,1.08036,0,0
2015-06-29,22:00:00,1.08019,1.08051,1.07847,1.08045,0,0
2015-06-29,23:00:00,1.08061,1.08122,1.07984,1.08114,0,0
2015-06-29,23:59:00,1.08096,1.08135,1.08094,1.08113,0,0
2015-06-30,01:00:00,1.08116,1.0813,1.08005,1.08037,0,0
2015-06-30,02:00:00,1.08032,1.08061,1.07976,1.07993,0,0
2015-06-30,03:00:00,1.07993,1.08022,1.07902,1.07949,0,0
2015-06-30,04:00:00,1.07951,1.07954,1.0784,1.07842,0,0
2015-06-30,05:00:00,1.07841,1.07926,1.07783,1.07826,0,0
2015-06-30,06:00:00,1.07825,1.07825,1.07596,1.07694,0,0
2015-06-30,07:00:00,1.07489,1.07694,1.07422,1.07461,0,0
2015-06-30,08:00:00,1.07467,1.07527,1.07423,1.0747,0,0
2015-06-30,09:00:00,1.07475,1.07635,1.07181,1.07283,0,0
2015-06-30,10:00:00,1.07271,1.07592,1.0718,1.07348,0,0
2015-06-30,11:00:00,1.07348,1.07469,1.07262,1.07348,0,0
2015-06-30,12:00:00,1.07341,1.07662,1.07309,1.07581,0,0
2015-06-30,13:00:00,1.07579,1.07675,1.07431,1.07584,0,0
2015-06-30,14:00:00,1.07589,1.07608,1.07387,1.07396,0,0
2015-06-30,15:00:00,1.07377,1.07579,1.07338,1.075,0,0
2015-06-30,16:00:00,1.075,1.07638,1.07315,1.07543,0,0
2015-06-30,17:00:00,1.07534,1.07621,1.06883,1.06883,0,0
2015-06-30,18:00:00,1.06883,1.06961,1.06595,1.0696,0,0
2015-06-30,19:00:00,1.06967,1.07073,1.0661,1.06926,0,0
2015-06-30,20:00:00,1.06926,1.07038,1.06795,1.07023,0,0
2015-06-30,21:00:00,1.07023,1.07079,1.06851,1.06926,0,0
2015-06-30,22:00:00,1.06926,1.06968,1.06887,1.06968,0,0
2015-06-30,23:00:00,1.06964,1.06978,1.0689,1.06904,0,0
2015-06-30,23:59:00,1.06894,1.06967,1.06753,1.06967,0,0
2015-07-01,01:00:00,1.06948,1.06948,1.06793,1.06823,0,0
2015-07-01,02:00:00,1.06823,1.06962,1.06823,1.06913,0,0
2015-07-01,03:00:00,1.06913,1.07033,1.06828,1.06995,0,0
2015-07-01,04:00:00,1.06995,1.07038,1.06908,1.06948,0,0
2015-07-01,05:00:00,1.06948,1.06972,1.06863,1.06903,0,0
2015-07-01,06:00:00,1.06905,1.06944,1.06896,1.06907,0,0
2015-07-01,07:00:00,1.06906,1.06906,1.06816,1.06846,0,0
2015-07-01,08:00:00,1.06846,1.06889,1.06824,1.06841,0,0
2015-07-01,09:00:00,1.06846,1.06859,1.06692,1.06738,0,0
2015-07-01,10:00:00,1.06713,1.0673,1.06341,1.06446,0,0
2015-07-01,11:00:00,1.06437,1.067,1.06174,1.066,0,0
2015-07-01,12:00:00,1.06618,1.06819,1.06384,1.06505,0,0
2015-07-01,13:00:00,1.06499,1.06516,1.06101,1.06167,0,0
2015-07-01,14:00:00,1.0617,1.06234,1.06126,1.06219,0,0
2015-07-01,15:00:00,1.06219,1.06356,1.05931,1.06195,0,0
2015-07-01,16:00:00,1.0619,1.06217,1.05855,1.05984,0,0
2015-07-01,17:00:00,1.05983,1.0619,1.05865,1.05865,0,0
2015-07-01,18:00:00,1.05865,1.05945,1.05693,1.05731,0,0
2015-07-01,19:00:00,1.05731,1.05788,1.05607,1.05684,0,0
2015-07-01,20:00:00,1.05691,1.05705,1.05443,1.05482,0,0
2015-07-01,21:00:00,1.0547,1.05558,1.05377,1.05381,0,0
2015-07-01,22:00:00,1.05377,1.05514,1.05377,1.05503,0,0
2015-07-01,23:00:00,1.05495,1.05522,1.05423,1.05433,0,0
2015-07-01,23:59:00,1.05463,1.05578,1.05424,1.05477,0,0
2015-07-02,01:00:00,1.05479,1.05491,1.05406,1.05461,0,0
2015-07-02,02:00:00,1.05463,1.05464,1.05389,1.05403,0,0
2015-07-02,03:00:00,1.05399,1.05474,1.0538,1.05455,0,0
2015-07-02,04:00:00,1.05457,1.05553,1.05446,1.05477,0,0
2015-07-02,05:00:00,1.05476,1.05685,1.0546,1.05632,0,0
2015-07-02,06:00:00,1.0563,1.05691,1.05628,1.05659,0,0
2015-07-02,07:00:00,1.05658,1.05719,1.05623,1.05719,0,0
2015-07-02,08:00:00,1.05718,1.05809,1.05655,1.05792,0,0
2015-07-02,09:00:00,1.05789,1.05823,1.05626,1.05755,0,0
2015-07-02,10:00:00,1.05782,1.05809,1.0539,1.05436,0,0
2015-07-02,11:00:00,1.05424,1.05659,1.05343,1.05588,0,0
2015-07-02,12:00:00,1.05588,1.0559,1.05292,1.05292,0,0
2015-07-02,13:00:00,1.05288,1.05441,1.05273,1.05356,0,0
2015-07-02,14:00:00,1.05352,1.05402,1.05279,1.05288,0,0
2015-07-02,15:00:00,1.05292,1.06046,1.05223,1.05994,0,0
2015-07-02,16:00:00,1.05973,1.06133,1.05888,1.06068,0,0
2015-07-02,17:00:00,1.06072,1.0616,1.05897,1.05982,0,0
2015-07-02,18:00:00,1.05976,1.06043,1.05839,1.05956,0,0
2015-07-02,19:00:00,1.05957,1.06014,1.05834,1.05849,0,0
2015-07-02,20:00:00,1.05848,1.05936,1.05761,1.05906,0,0
2015-07-02,21:00:00,1.05918,1.0598,1.0584,1.05979,0,0
2015-07-02,22:00:00,1.05979,1.06046,1.05909,1.05994,0,0
2015-07-02,23:00:00,1.05965,1.05987,1.05927,1.05986,0,0
2015-07-02,23:59:00,1.05986,1.06003,1.05966,1.0598,0,0
2015-07-03,01:00:00,1.05984,1.06074,1.05949,1.06047,0,0
2015-07-03,02:00:00,1.0605,1.0605,1.0596,1.05966,0,0
2015-07-03,03:00:00,1.05966,1.06063,1.05938,1.06022,0,0
2015-07-03,04:00:00,1.06021,1.06037,1.06002,1.0602,0,0
2015-07-03,05:00:00,1.06018,1.06063,1.0601,1.06025,0,0
2015-07-03,06:00:00,1.06031,1.06036,1.0601,1.06021,0,0
2015-07-03,07:00:00,1.06023,1.06109,1.06012,1.0607,0,0
2015-07-03,08:00:00,1.06086,1.06145,1.06078,1.06137,0,0
2015-07-03,09:00:00,1.06135,1.06216,1.06055,1.06136,0,0
2015-07-03,10:00:00,1.06136,1.0621,1.06073,1.06128,0,0
2015-07-03,11:00:00,1.06118,1.06291,1.06118,1.0613,0,0
2015-07-03,12:00:00,1.06184,1.06273,1.06133,1.06238,0,0
2015-07-03,13:00:00,1.06248,1.06265,1.06131,1.06174,0,0
2015-07-03,14:00:00,1.06177,1.06189,1.0603,1.06112,0,0
2015-07-03,15:00:00,1.06111,1.06113,1.05912,1.06108,0,0
2015-07-03,16:00:00,1.06109,1.06317,1.06073,1.0627,0,0
2015-07-03,17:00:00,1.06279,1.06384,1.06173,1.06185,0,0
2015-07-03,18:00:00,1.06193,1.06311,1.06144,1.06225,0,0
2015-07-03,19:00:00,1.06225,1.06372,1.06019,1.06047,0,0
2015-07-03,20:00:00,1.06048,1.06182,1.06048,1.06133,0,0
2015-07-03,21:00:00,1.06133,1.06295,1.06133,1.06225,0,0
2015-07-03,22:00:00,1.06226,1.06351,1.06225,1.0635,0,0
2015-07-03,23:00:00,1.0635,1.0635,1.0634,1.06341,0,0
2015-07-06,01:00:00,1.05994,1.06144,1.05825,1.06061,0,0
2015-07-06,02:00:00,1.06063,1.06157,1.0589,1.0589,0,0
2015-07-06,03:00:00,1.05891,1.06063,1.05867,1.06025,0,0
2015-07-06,04:00:00,1.06025,1.06177,1.0598,1.05991,0,0
2015-07-06,05:00:00,1.05994,1.06041,1.05928,1.05938,0,0
2015-07-06,06:00:00,1.05937,1.05964,1.0586,1.05883,0,0
2015-07-06,07:00:00,1.05883,1.05936,1.05864,1.05916,0,0
2015-07-06,08:00:00,1.05918,1.06294,1.05863,1.06204,0,0
2015-07-06,09:00:00,1.062,1.06202,1.05829,1.05998,0,0
2015-07-06,10:00:00,1.05998,1.06131,1.05946,1.06092,0,0
2015-07-06,11:00:00,1.06091,1.06181,1.05884,1.05891,0,0
2015-07-06,12:00:00,1.05893,1.05954,1.05799,1.05827,0,0
2015-07-06,13:00:00,1.05823,1.0583,1.0568,1.05755,0,0
2015-07-06,14:00:00,1.05755,1.05933,1.05641,1.05709,0,0
2015-07-06,15:00:00,1.05707,1.05729,1.05618,1.05676,0,0
2015-07-06,16:00:00,1.05677,1.0576,1.05574,1.05746,0,0
2015-07-06,17:00:00,1.05762,1.0607,1.05709,1.05973,0,0
2015-07-06,18:00:00,1.05978,1.06193,1.05802,1.06,0,0
2015-07-06,19:00:00,1.06003,1.06243,1.05961,1.06146,0,0
2015-07-06,20:00:00,1.06148,1.0622,1.05984,1.06108,0,0
2015-07-06,21:00:00,1.06104,1.06188,1.06049,1.06061,0,0
2015-07-06,22:00:00,1.06067,1.06105,1.06033,1.06095,0,0
2015-07-06,23:00:00,1.06101,1.06111,1.06067,1.06092,0,0
2015-07-06,23:59:00,1.0609,1.06112,1.06066,1.06094,0,0
2015-07-07,01:00:00,1.06087,1.06129,1.06061,1.06096,0,0
2015-07-07,02:00:00,1.06096,1.06101,1.0603,1.06031,0,0
2015-07-07,03:00:00,1.06034,1.06042,1.05958,1.06013,0,0
2015-07-07,04:00:00,1.06013,1.06072,1.05916,1.05978,0,0
2015-07-07,05:00:00,1.05978,1.06012,1.05941,1.0601,0,0
2015-07-07,06:00:00,1.0601,1.0602,1.05915,1.05937,0,0
2015-07-07,07:00:00,1.05937,1.05987,1.05928,1.05956,0,0
2015-07-07,08:00:00,1.05955,1.05988,1.05902,1.05988,0,0
2015-07-07,09:00:00,1.05992,1.06001,1.05732,1.05774,0,0
2015-07-07,10:00:00,1.0579,1.05994,1.05714,1.05761,0,0
2015-07-07,11:00:00,1.05761,1.05823,1.05486,1.05545,0,0
2015-07-07,12:00:00,1.0555,1.05671,1.05481,1.05612,0,0
2015-07-07,13:00:00,1.05612,1.05696,1.05351,1.05506,0,0
2015-07-07,14:00:00,1.05469,1.05505,1.05283,1.0533,0,0
2015-07-07,15:00:00,1.0533,1.05363,1.05085,1.0522,0,0
2015-07-07,16:00:00,1.05219,1.05552,1.05113,1.05445,0,0
2015-07-07,17:00:00,1.05439,1.05482,1.05164,1.052,0,0
2015-07-07,18:00:00,1.05222,1.05516,1.05216,1.05463,0,0
2015-07-07,19:00:00,1.0547,1.0556,1.05296,1.05312,0,0
2015-07-07,20:00:00,1.05317,1.05466,1.05305,1.05464,0,0
2015-07-07,21:00:00,1.05475,1.05681,1.05471,1.05654,0,0
2015-07-07,22:00:00,1.0565,1.06013,1.05593,1.05752,0,0
2015-07-07,23:00:00,1.05725,1.05766,1.05582,1.0563,0,0
2015-07-07,23:59:00,1.05627,1.05717,1.0553,1.0562,0,0
2015-07-08,01:00:00,1.05619,1.05628,1.05539,1.05628,0,0
2015-07-08,02:00:00,1.05627,1.05703,1.05612,1.05627,0,0
2015-07-08,03:00:00,1.05627,1.05672,1.0558,1.05633,0,0
2015-07-08,04:00:00,1.05627,1.05665,1.05525,1.0562,0,0
2015-07-08,05:00:00,1.05619,1.05723,1.0559,1.05608,0,0
2015-07-08,06:00:00,1.05608,1.05706,1.05567,1.05688,0,0
2015-07-08,07:00:00,1.05689,1.05782,1.05688,1.05756,0,0
2015-07-08,08:00:00,1.05757,1.0581,1.05732,1.05748,0,0
2015-07-08,09:00:00,1.05764,1.06,1.05686,1.05849,0,0
2015-07-08,10:00:00,1.05836,1.06126,1.05748,1.06113,0,0
2015-07-08,11:00:00,1.06112,1.06113,1.05943,1.06099,0,0
2015-07-08,12:00:00,1.0609,1.06274,1.06041,1.06112,0,0
2015-07-08,13:00:00,1.06117,1.06234,1.05541,1.05541,0,0
2015-07-08,14:00:00,1.05548,1.05558,1.05189,1.05307,0,0
2015-07-08,15:00:00,1.05295,1.05479,1.05186,1.05313,0,0
2015-07-08,16:00:00,1.05313,1.05542,1.05253,1.05412,0,0
2015-07-08,17:00:00,1.05415,1.05446,1.05155,1.05274,0,0
2015-07-08,18:00:00,1.0527,1.05747,1.05219,1.05734,0,0
2015-07-08,19:00:00,1.05728,1.05788,1.05491,1.05518,0,0
2015-07-08,20:00:00,1.05521,1.0563,1.05409,1.055,0,0
2015-07-08,21:00:00,1.05502,1.05747,1.0548,1.05735,0,0
2015-07-08,22:00:00,1.05735,1.05835,1.05695,1.05744,0,0
2015-07-08,23:00:00,1.05755,1.05804,1.05729,1.05785,0,0
2015-07-08,23:59:00,1.05785,1.05801,1.05695,1.05748,0,0
2015-07-09,01:00:00,1.05752,1.05793,1.05714,1.05776,0,0
2015-07-09,02:00:00,1.05775,1.05775,1.05717,1.05736,0,0
2015-07-09,03:00:00,1.05736,1.05793,1.05715,1.05759,0,0
2015-07-09,04:00:00,1.05754,1.05817,1.05728,1.05741,0,0
2015-07-09,05:00:00,1.05737,1.05821,1.05707,1.05797,0,0
2015-07-09,06:00:00,1.05791,1.05839,1.05773,1.05793,0,0
2015-07-09,07:00:00,1.05793,1.05853,1.05759,1.05853,0,0
2015-07-09,08:00:00,1.05836,1.06027,1.05822,1.05914,0,0
2015-07-09,09:00:00,1.05916,1.0609,1.05862,1.05967,0,0
2015-07-09,10:00:00,1.05948,1.05951,1.05452,1.05454,0,0
2015-07-09,11:00:00,1.05439,1.05522,1.05265,1.05283,0,0
2015-07-09,12:00:00,1.05284,1.05404,1.05096,1.0512,0,0
2015-07-09,13:00:00,1.05137,1.05329,1.05116,1.05294,0,0
2015-07-09,14:00:00,1.05301,1.05375,1.05213,1.05272,0,0
2015-07-09,15:00:00,1.05278,1.05364,1.05138,1.05157,0,0
2015-07-09,16:00:00,1.05159,1.05695,1.05131,1.05538,0,0
2015-07-09,17:00:00,1.05539,1.05612,1.05253,1.05542,0,0
2015-07-09,18:00:00,1.05546,1.05574,1.05259,1.05295,0,0
2015-07-09,19:00:00,1.05303,1.05487,1.05271,1.05481,0,0
2015-07-09,20:00:00,1.05465,1.05565,1.05323,1.05395,0,0
2015-07-09,21:00:00,1.05393,1.05509,1.05376,1.05419,0,0
2015-07-09,22:00:00,1.05419,1.05551,1.05397,1.05449,0,0
2015-07-09,23:00:00,1.05449,1.05559,1.0544,1.05502,0,0
2015-07-09,23:59:00,1.05514,1.05524,1.05355,1.05494,0,0
2015-07-10,01:00:00,1.05501,1.0557,1.05415,1.05492,0,0
2015-07-10,02:00:00,1.05492,1.05529,1.05431,1.05505,0,0
2015-07-10,03:00:00,1.0551,1.05585,1.05489,1.0558,0,0
2015-07-10,04:00:00,1.0558,1.05704,1.05578,1.05647,0,0
2015-07-10,05:00:00,1.05647,1.05693,1.05573,1.05687,0,0
2015-07-10,06:00:00,1.05687,1.05702,1.05609,1.05672,0,0
2015-07-10,07:00:00,1.05671,1.05721,1.05638,1.05669,0,0
2015-07-10,08:00:00,1.05669,1.05772,1.05625,1.05675,0,0
2015-07-10,09:00:00,1.05669,1.05811,1.05622,1.05668,0,0
2015-07-10,10:00:00,1.05669,1.06437,1.05538,1.06226,0,0
2015-07-10,11:00:00,1.06227,1.06597,1.06207,1.06293,0,0
2015-07-10,12:00:00,1.06293,1.06806,1.06255,1.06647,0,0
2015-07-10,13:00:00,1.06645,1.06847,1.06638,1.06813,0,0
2015-07-10,14:00:00,1.06813,1.07165,1.06782,1.06871,0,0
2015-07-10,15:00:00,1.06871,1.0698,1.06702,1.06784,0,0
2015-07-10,16:00:00,1.06785,1.06978,1.06575,1.06641,0,0
2015-07-10,17:00:00,1.06668,1.06737,1.06433,1.06494,0,0
2015-07-10,18:00:00,1.06494,1.06518,1.06158,1.06262,0,0
2015-07-10,19:00:00,1.06242,1.06449,1.06153,1.06191,0,0
2015-07-10,20:00:00,1.06194,1.06299,1.0614,1.06296,0,0
2015-07-10,21:00:00,1.06293,1.06293,1.06154,1.06224,0,0
2015-07-10,22:00:00,1.06223,1.06384,1.06215,1.0638,0,0
2015-07-10,23:00:00,1.06385,1.06394,1.06377,1.06394,0,0
2015-07-13,01:00:00,1.06534,1.06534,1.0622,1.06287,0,0
2015-07-13,02:00:00,1.06288,1.06385,1.06274,1.06365,0,0
2015-07-13,03:00:00,1.06365,1.06453,1.06316,1.06451,0,0
2015-07-13,04:00:00,1.06451,1.06458,1.06296,1.06372,0,0
2015-07-13,05:00:00,1.06369,1.06424,1.06333,1.0638,0,0
2015-07-13,06:00:00,1.0638,1.0645,1.06227,1.06329,0,0
2015-07-13,07:00:00,1.06329,1.06349,1.06302,1.06304,0,0
2015-07-13,08:00:00,1.06305,1.06346,1.06273,1.06343,0,0
2015-07-13,09:00:00,1.06345,1.06748,1.06265,1.06645,0,0
2015-07-13,10:00:00,1.06646,1.06646,1.05596,1.05791,0,0
2015-07-13,11:00:00,1.05783,1.05797,1.05329,1.05532,0,0
2015-07-13,12:00:00,1.05518,1.05703,1.05502,1.05652,0,0
2015-07-13,13:00:00,1.05648,1.05722,1.05538,1.05555,0,0
2015-07-13,14:00:00,1.05569,1.05702,1.05499,1.05509,0,0
2015-07-13,15:00:00,1.05503,1.05558,1.05399,1.05505,0,0
2015-07-13,16:00:00,1.05503,1.05503,1.05369,1.05412,0,0
2015-07-13,17:00:00,1.05435,1.05456,1.05271,1.05272,0,0
2015-07-13,18:00:00,1.05289,1.05464,1.0528,1.05342,0,0
2015-07-13,19:00:00,1.05347,1.05473,1.05326,1.05394,0,0
2015-07-13,20:00:00,1.05427,1.05455,1.05335,1.05367,0,0
2015-07-13,21:00:00,1.05366,1.0539,1.05248,1.05248,0,0
2015-07-13,22:00:00,1.05234,1.05345,1.05234,1.05258,0,0
2015-07-13,23:00:00,1.05258,1.05321,1.05202,1.05237,0,0
2015-07-13,23:59:00,1.05243,1.05283,1.05209,1.05281,0,0
2015-07-14,01:00:00,1.05282,1.05307,1.05213,1.05268,0,0
2015-07-14,02:00:00,1.05269,1.05282,1.0516,1.05177,0,0
2015-07-14,03:00:00,1.05178,1.05224,1.04905,1.05042,0,0
2015-07-14,04:00:00,1.05039,1.05158,1.05023,1.05134,0,0
2015-07-14,05:00:00,1.05127,1.0526,1.05127,1.05218,0,0
2015-07-14,06:00:00,1.05218,1.05279,1.05168,1.05273,0,0
2015-07-14,07:00:00,1.05273,1.05274,1.05193,1.05193,0,0
2015-07-14,08:00:00,1.05193,1.05243,1.0514,1.05145,0,0
2015-07-14,09:00:00,1.05145,1.0518,1.04968,1.05057,0,0
2015-07-14,10:00:00,1.0506,1.05608,1.0497,1.05482,0,0
2015-07-14,11:00:00,1.0548,1.06039,1.0548,1.05886,0,0
2015-07-14,12:00:00,1.05946,1.06003,1.05722,1.05922,0,0
2015-07-14,13:00:00,1.05918,1.06003,1.05657,1.05697,0,0
2015-07-14,14:00:00,1.05707,1.05823,1.05658,1.05783,0,0
2015-07-14,15:00:00,1.05792,1.06343,1.05789,1.06117,0,0
2015-07-14,16:00:00,1.0609,1.06168,1.05812,1.05821,0,0
2015-07-14,17:00:00,1.05808,1.05839,1.05543,1.05665,0,0
2015-07-14,18:00:00,1.05659,1.05834,1.05659,1.05706,0,0
2015-07-14,19:00:00,1.05706,1.05754,1.0565,1.05754,0,0
2015-07-14,20:00:00,1.05754,1.05865,1.05709,1.0579,0,0
2015-07-14,21:00:00,1.05779,1.05851,1.05756,1.05813,0,0
2015-07-14,22:00:00,1.05815,1.05832,1.05736,1.0579,0,0
2015-07-14,23:00:00,1.05784,1.05846,1.05731,1.05844,0,0
2015-07-14,23:59:00,1.05836,1.05948,1.05769,1.05783,0,0
2015-07-15,01:00:00,1.05784,1.05867,1.05753,1.05838,0,0
2015-07-15,02:00:00,1.05838,1.05848,1.05731,1.05817,0,0
2015-07-15,03:00:00,1.05817,1.05821,1.05679,1.05725,0,0
2015-07-15,04:00:00,1.05697,1.05793,1.05697,1.0577,0,0
2015-07-15,05:00:00,1.05764,1.05798,1.05713,1.05729,0,0
2015-07-15,06:00:00,1.05728,1.0582,1.05708,1.05819,0,0
2015-07-15,07:00:00,1.05816,1.05826,1.05752,1.05782,0,0
2015-07-15,08:00:00,1.05782,1.05795,1.05658,1.05721,0,0
2015-07-15,09:00:00,1.05728,1.05832,1.05626,1.05676,0,0
2015-07-15,10:00:00,1.05671,1.05773,1.05554,1.05724,0,0
2015-07-15,11:00:00,1.05725,1.05831,1.05621,1.05662,0,0
2015-07-15,12:00:00,1.05679,1.05705,1.05551,1.05551,0,0
2015-07-15,13:00:00,1.05552,1.05623,1.05535,1.0554,0,0
2015-07-15,14:00:00,1.05544,1.05544,1.0537,1.05385,0,0
2015-07-15,15:00:00,1.05386,1.05597,1.05203,1.05234,0,0
2015-07-15,16:00:00,1.05234,1.05235,1.0501,1.05086,0,0
2015-07-15,17:00:00,1.05081,1.05224,1.04739,1.04962,0,0
2015-07-15,18:00:00,1.04974,1.05127,1.04868,1.05012,0,0
2015-07-15,19:00:00,1.05007,1.05114,1.04922,1.05001,0,0
2015-07-15,20:00:00,1.04995,1.05064,1.04864,1.05064,0,0
2015-07-15,21:00:00,1.05064,1.05118,1.04986,1.04989,0,0
2015-07-15,22:00:00,1.05002,1.05096,1.04964,1.05092,0,0
2015-07-15,23:00:00,1.05084,1.05096,1.0497,1.05044,0,0
2015-07-15,23:59:00,1.05038,1.05061,1.05032,1.05043,0,0
2015-07-16,01:00:00,1.05037,1.05076,1.05003,1.05039,0,0
2015-07-16,02:00:00,1.05039,1.05093,1.04946,1.04947,0,0
2015-07-16,03:00:00,1.04947,1.05009,1.04937,1.04945,0,0
2015-07-16,04:00:00,1.04945,1.04995,1.04829,1.04895,0,0
2015-07-16,05:00:00,1.04886,1.0497,1.04855,1.04908,0,0
2015-07-16,06:00:00,1.04908,1.0494,1.04833,1.0489,0,0
2015-07-16,07:00:00,1.04889,1.04912,1.04838,1.04851,0,0
2015-07-16,08:00:00,1.04858,1.04871,1.04654,1.04685,0,0
2015-07-16,09:00:00,1.04712,1.04887,1.04675,1.04831,0,0
2015-07-16,10:00:00,1.04811,1.04889,1.04475,1.04506,0,0
2015-07-16,11:00:00,1.04504,1.04755,1.04498,1.04725,0,0
2015-07-16,12:00:00,1.04716,1.04757,1.04618,1.04714,0,0
2015-07-16,13:00:00,1.04702,1.04716,1.04478,1.04507,0,0
2015-07-16,14:00:00,1.04512,1.04593,1.04432,1.04523,0,0
2015-07-16,15:00:00,1.04519,1.04704,1.04344,1.04344,0,0
2015-07-16,16:00:00,1.04345,1.04758,1.04344,1.04718,0,0
2015-07-16,17:00:00,1.04797,1.04832,1.04555,1.04745,0,0
2015-07-16,18:00:00,1.04745,1.04745,1.04557,1.04565,0,0
2015-07-16,19:00:00,1.04565,1.04577,1.04359,1.0437,0,0
2015-07-16,20:00:00,1.0437,1.04517,1.0437,1.0446,0,0
2015-07-16,21:00:00,1.04464,1.04507,1.04392,1.04419,0,0
2015-07-16,22:00:00,1.04419,1.0446,1.0439,1.04435,0,0
2015-07-16,23:00:00,1.04443,1.04465,1.04351,1.04397,0,0
2015-07-16,23:59:00,1.044,1.04459,1.044,1.04428,0,0
2015-07-17,01:00:00,1.04428,1.04458,1.04341,1.04442,0,0
2015-07-17,02:00:00,1.04444,1.0446,1.04373,1.04456,0,0
2015-07-17,03:00:00,1.04451,1.0449,1.04379,1.04442,0,0
2015-07-17,04:00:00,1.04426,1.0453,1.0439,1.04523,0,0
2015-07-17,05:00:00,1.04523,1.04571,1.0446,1.04561,0,0
2015-07-17,06:00:00,1.04561,1.0459,1.04466,1.04542,0,0
2015-07-17,07:00:00,1.04543,1.04547,1.0446,1.04531,0,0
2015-07-17,08:00:00,1.04531,1.04582,1.04444,1.04481,0,0
2015-07-17,09:00:00,1.04481,1.04577,1.04421,1.04536,0,0
2015-07-17,10:00:00,1.04521,1.0463,1.04434,1.04542,0,0
2015-07-17,11:00:00,1.04535,1.04595,1.04405,1.04405,0,0
2015-07-17,12:00:00,1.0441,1.04508,1.04369,1.04486,0,0
2015-07-17,13:00:00,1.04483,1.04499,1.04281,1.04308,0,0
2015-07-17,14:00:00,1.04305,1.04411,1.04224,1.04411,0,0
2015-07-17,15:00:00,1.04408,1.04418,1.04144,1.04174,0,0
2015-07-17,16:00:00,1.04176,1.04262,1.04088,1.0417,0,0
2015-07-17,17:00:00,1.04164,1.04221,1.03985,1.04173,0,0
2015-07-17,18:00:00,1.0418,1.04237,1.04042,1.04059,0,0
2015-07-17,19:00:00,1.04054,1.04155,1.04052,1.04154,0,0
2015-07-17,20:00:00,1.04151,1.04151,1.04064,1.04075,0,0
2015-07-17,21:00:00,1.04075,1.04129,1.04042,1.04084,0,0
2015-07-17,22:00:00,1.04091,1.04129,1.04047,1.04108,0,0
2015-07-17,23:00:00,1.04105,1.04106,1.04094,1.04094,0,0
2015-07-20,01:00:00,1.0397,1.04081,1.03907,1.04075,0,0
2015-07-20,02:00:00,1.04072,1.04091,1.03877,1.03898,0,0
2015-07-20,03:00:00,1.03894,1.04015,1.03881,1.04,0,0
2015-07-20,04:00:00,1.03999,1.0401,1.03883,1.03922,0,0
2015-07-20,05:00:00,1.03912,1.03921,1.03846,1.03864,0,0
2015-07-20,06:00:00,1.03857,1.03879,1.03824,1.03831,0,0
2015-07-20,07:00:00,1.03831,1.03877,1.03816,1.0385,0,0
2015-07-20,08:00:00,1.03851,1.03869,1.03809,1.03809,0,0
2015-07-20,09:00:00,1.0381,1.03907,1.03788,1.03896,0,0
2015-07-20,10:00:00,1.03875,1.04167,1.03875,1.04091,0,0
2015-07-20,11:00:00,1.04102,1.04102,1.03831,1.03928,0,0
2015-07-20,12:00:00,1.03972,1.03983,1.03745,1.03821,0,0
2015-07-20,13:00:00,1.03756,1.03928,1.03745,1.03907,0,0
2015-07-20,14:00:00,1.03918,1.04015,1.03788,1.0395,0,0
2015-07-20,15:00:00,1.03972,1.03983,1.03778,1.03831,0,0
2015-07-20,16:00:00,1.03821,1.03864,1.0367,1.03681,0,0
2015-07-20,17:00:00,1.03702,1.03964,1.03691,1.03898,0,0
2015-07-20,18:00:00,1.039,1.04003,1.03808,1.03827,0,0
2015-07-20,19:00:00,1.03823,1.0389,1.03792,1.03795,0,0
2015-07-20,20:00:00,1.03795,1.03818,1.03722,1.03754,0,0
2015-07-20,21:00:00,1.03755,1.03775,1.03654,1.03706,0,0
2015-07-20,22:00:00,1.03698,1.0377,1.03688,1.03764,0,0
2015-07-20,23:00:00,1.03766,1.03766,1.03644,1.03672,0,0
2015-07-20,23:59:00,1.03672,1.03699,1.03645,1.03699,0,0
