Date,Time,Open,High,Low,Close,Volume,OpenInt
2015-04-22,01:00:00,1.39178,1.3923,1.39085,1.39158,0,0
2015-04-22,02:00:00,1.39158,1.39254,1.39145,1.3923,0,0
2015-04-22,03:00:00,1.39235,1.39255,1.38917,1.38933,0,0
2015-04-22,04:00:00,1.3893,1.38993,1.38001,1.38152,0,0
2015-04-22,05:00:00,1.38144,1.38227,1.38093,1.38202,0,0
2015-04-22,06:00:00,1.38202,1.38281,1.38137,1.38229,0,0
2015-04-22,07:00:00,1.3824,1.38274,1.38117,1.38148,0,0
2015-04-22,08:00:00,1.38147,1.38297,1.3813,1.38265,0,0
2015-04-22,09:00:00,1.38266,1.38511,1.38122,1.38466,0,0
2015-04-22,10:00:00,1.38465,1.3847,1.3812,1.38189,0,0
2015-04-22,11:00:00,1.38185,1.38477,1.3817,1.38239,0,0
2015-04-22,12:00:00,1.3823,1.3846,1.3823,1.38298,0,0
2015-04-22,13:00:00,1.38296,1.38415,1.38089,1.38224,0,0
2015-04-22,14:00:00,1.38177,1.38295,1.38145,1.38217,0,0
2015-04-22,15:00:00,1.38217,1.38217,1.37807,1.37925,0,0
2015-04-22,16:00:00,1.37931,1.38275,1.37928,1.38261,0,0
2015-04-22,17:00:00,1.38292,1.38398,1.38082,1.38161,0,0
2015-04-22,18:00:00,1.38153,1.3824,1.38027,1.3806,0,0
2015-04-22,19:00:00,1.38061,1.38118,1.3802,1.38094,0,0
2015-04-22,20:00:00,1.38092,1.38136,1.38042,1.38085,0,0
2015-04-22,21:00:00,1.38083,1.38229,1.38059,1.38177,0,0
2015-04-22,22:00:00,1.38161,1.38277,1.38142,1.38162,0,0
2015-04-22,23:00:00,1.38162,1.38383,1.38136,1.38288,0,0
2015-04-22,23:59:00,1.3829,1.3844,1.38205,1.38374,0,0
2015-04-23,01:00:00,1.38375,1.38462,1.38361,1.38391,0,0
2015-04-23,02:00:00,1.38388,1.3844,1.38303,1.3844,0,0
2015-04-23,03:00:00,1.3846,1.38626,1.38368,1.38433,0,0
2015-04-23,04:00:00,1.38431,1.38528,1.38215,1.38373,0,0
2015-04-23,05:00:00,1.38371,1.38501,1.38237,1.38443,0,0
2015-04-23,06:00:00,1.38412,1.38447,1.38208,1.38228,0,0
2015-04-23,07:00:00,1.38211,1.38239,1.37958,1.3798,0,0
2015-04-23,08:00:00,1.37975,1.38246,1.37975,1.3822,0,0
2015-04-23,09:00:00,1.38214,1.38374,1.38106,1.38335,0,0
2015-04-23,10:00:00,1.38323,1.38323,1.38025,1.38205,0,0
2015-04-23,11:00:00,1.38209,1.38727,1.3818,1.38667,0,0
2015-04-23,12:00:00,1.38682,1.39229,1.38637,1.39219,0,0
2015-04-23,13:00:00,1.3921,1.39337,1.39046,1.391,0,0
2015-04-23,14:00:00,1.3909,1.39292,1.38963,1.39267,0,0
2015-04-23,15:00:00,1.39292,1.39512,1.39186,1.39329,0,0
2015-04-23,16:00:00,1.39327,1.39424,1.38927,1.38975,0,0
2015-04-23,17:00:00,1.38973,1.39231,1.38841,1.39054,0,0
2015-04-23,18:00:00,1.3905,1.39092,1.38792,1.38815,0,0
2015-04-23,19:00:00,1.38818,1.39185,1.38794,1.39123,0,0
2015-04-23,20:00:00,1.39113,1.39292,1.39103,1.39145,0,0
2015-04-23,21:00:00,1.39156,1.39436,1.39146,1.39168,0,0
2015-04-23,22:00:00,1.39189,1.39253,1.39111,1.39135,0,0
2015-04-23,23:00:00,1.39153,1.39201,1.3908,1.39153,0,0
2015-04-23,23:59:00,1.39159,1.39182,1.39056,1.39086,0,0
2015-04-24,01:00:00,1.39086,1.39157,1.39079,1.39099,0,0
2015-04-24,02:00:00,1.39091,1.39196,1.39061,1.39092,0,0
2015-04-24,03:00:00,1.39085,1.39133,1.38857,1.3896,0,0
2015-04-24,04:00:00,1.38946,1.39091,1.38898,1.39079,0,0
2015-04-24,05:00:00,1.39077,1.39151,1.38974,1.38974,0,0
2015-04-24,06:00:00,1.38983,1.39006,1.38791,1.38855,0,0
2015-04-24,07:00:00,1.38848,1.38947,1.38824,1.38937,0,0
2015-04-24,08:00:00,1.3895,1.39037,1.38895,1.3903,0,0
2015-04-24,09:00:00,1.39037,1.39409,1.38932,1.3924,0,0
2015-04-24,10:00:00,1.39238,1.39554,1.3913,1.39368,0,0
2015-04-24,11:00:00,1.3937,1.39759,1.39211,1.39732,0,0
2015-04-24,12:00:00,1.39737,1.39774,1.39383,1.39383,0,0
2015-04-24,13:00:00,1.39354,1.39388,1.38966,1.39029,0,0
2015-04-24,14:00:00,1.39019,1.39331,1.3895,1.39031,0,0
2015-04-24,15:00:00,1.39035,1.39144,1.38763,1.38934,0,0
2015-04-24,16:00:00,1.38923,1.39056,1.38596,1.38655,0,0
2015-04-24,17:00:00,1.38664,1.39032,1.38617,1.38886,0,0
2015-04-24,18:00:00,1.38885,1.39007,1.38665,1.39007,0,0
2015-04-24,19:00:00,1.38992,1.39046,1.38871,1.38871,0,0
2015-04-24,20:00:00,1.38875,1.38955,1.38753,1.38848,0,0
2015-04-24,21:00:00,1.38849,1.38978,1.38797,1.38853,0,0
2015-04-24,22:00:00,1.38851,1.38979,1.38829,1.38872,0,0
2015-04-24,23:00:00,1.38873,1.38878,1.38803,1.38803,0,0
2015-04-27,01:00:00,1.3885,1.38966,1.38804,1.38857,0,0
2015-04-27,02:00:00,1.38857,1.38863,1.38692,1.38773,0,0
2015-04-27,03:00:00,1.38773,1.38884,1.38724,1.38851,0,0
2015-04-27,04:00:00,1.38863,1.38909,1.38749,1.38772,0,0
2015-04-27,05:00:00,1.38764,1.3886,1.38688,1.38832,0,0
2015-04-27,06:00:00,1.38839,1.38963,1.3879,1.38902,0,0
2015-04-27,07:00:00,1.38912,1.38962,1.38842,1.38871,0,0
2015-04-27,08:00:00,1.38869,1.38928,1.38754,1.38924,0,0
2015-04-27,09:00:00,1.38924,1.39174,1.38914,1.39116,0,0
2015-04-27,10:00:00,1.39129,1.39164,1.38817,1.38921,0,0
2015-04-27,11:00:00,1.38927,1.38947,1.38605,1.38697,0,0
2015-04-27,12:00:00,1.38696,1.38805,1.38557,1.38666,0,0
2015-04-27,13:00:00,1.38669,1.38758,1.38522,1.38729,0,0
2015-04-27,14:00:00,1.38732,1.38782,1.38666,1.38729,0,0
2015-04-27,15:00:00,1.38721,1.38798,1.38632,1.3879,0,0
2015-04-27,16:00:00,1.38802,1.38957,1.38643,1.38658,0,0
2015-04-27,17:00:00,1.38647,1.38794,1.38165,1.38397,0,0
2015-04-27,18:00:00,1.38401,1.38751,1.38397,1.38608,0,0
2015-04-27,19:00:00,1.38606,1.38886,1.38474,1.38788,0,0
2015-04-27,20:00:00,1.38787,1.3881,1.38485,1.38561,0,0
2015-04-27,21:00:00,1.38569,1.38675,1.38502,1.38582,0,0
2015-04-27,22:00:00,1.38562,1.38701,1.38528,1.38701,0,0
2015-04-27,23:00:00,1.38695,1.38702,1.38545,1.38585,0,0
2015-04-27,23:59:00,1.38593,1.387,1.38514,1.38669,0,0
2015-04-28,01:00:00,1.38662,1.38723,1.38359,1.38468,0,0
2015-04-28,02:00:00,1.38469,1.38491,1.38207,1.38281,0,0
2015-04-28,03:00:00,1.38276,1.38337,1.38152,1.38332,0,0
2015-04-28,04:00:00,1.38333,1.38354,1.38222,1.38244,0,0
2015-04-28,05:00:00,1.38255,1.383,1.38185,1.38187,0,0
2015-04-28,06:00:00,1.38187,1.38346,1.38161,1.38336,0,0
2015-04-28,07:00:00,1.38341,1.38383,1.38164,1.38191,0,0
2015-04-28,08:00:00,1.3819,1.38208,1.38071,1.38111,0,0
2015-04-28,09:00:00,1.38108,1.38212,1.37991,1.38104,0,0
2015-04-28,10:00:00,1.38104,1.38227,1.37974,1.38034,0,0
2015-04-28,11:00:00,1.38026,1.3808,1.37826,1.38053,0,0
2015-04-28,12:00:00,1.38057,1.38082,1.37832,1.37856,0,0
2015-04-28,13:00:00,1.37859,1.38021,1.37706,1.37766,0,0
2015-04-28,14:00:00,1.3776,1.37854,1.37318,1.37644,0,0
2015-04-28,15:00:00,1.3764,1.37679,1.37342,1.3736,0,0
2015-04-28,16:00:00,1.37367,1.37448,1.37084,1.37289,0,0
2015-04-28,17:00:00,1.37339,1.37491,1.37022,1.37242,0,0
2015-04-28,18:00:00,1.37251,1.37307,1.36891,1.36969,0,0
2015-04-28,19:00:00,1.3697,1.37019,1.36824,1.36967,0,0
2015-04-28,20:00:00,1.36969,1.371,1.36874,1.36967,0,0
2015-04-28,21:00:00,1.36967,1.37084,1.36927,1.36977,0,0
2015-04-28,22:00:00,1.36971,1.36995,1.36883,1.3692,0,0
2015-04-28,23:00:00,1.36926,1.36957,1.36797,1.36894,0,0
2015-04-28,23:59:00,1.36851,1.36936,1.36794,1.36811,0,0
2015-04-29,01:00:00,1.36809,1.36973,1.36796,1.36878,0,0
2015-04-29,02:00:00,1.3688,1.37193,1.36866,1.37157,0,0
2015-04-29,03:00:00,1.3716,1.37324,1.36996,1.37032,0,0
2015-04-29,04:00:00,1.37033,1.37276,1.3702,1.37243,0,0
2015-04-29,05:00:00,1.37248,1.37408,1.37212,1.37356,0,0
2015-04-29,06:00:00,1.37351,1.37436,1.37237,1.37263,0,0
2015-04-29,07:00:00,1.37261,1.3733,1.37219,1.3727,0,0
2015-04-29,08:00:00,1.37265,1.37327,1.37155,1.37194,0,0
2015-04-29,09:00:00,1.37195,1.37304,1.37156,1.37219,0,0
2015-04-29,10:00:00,1.37206,1.37609,1.37153,1.37557,0,0
2015-04-29,11:00:00,1.37554,1.3784,1.37474,1.37809,0,0
2015-04-29,12:00:00,1.37808,1.3793,1.37657,1.3793,0,0
2015-04-29,13:00:00,1.37935,1.37976,1.37675,1.37698,0,0
2015-04-29,14:00:00,1.37702,1.37733,1.3751,1.3759,0,0
2015-04-29,15:00:00,1.37581,1.37823,1.37516,1.37641,0,0
2015-04-29,16:00:00,1.37649,1.37797,1.3749,1.37628,0,0
2015-04-29,17:00:00,1.37626,1.38344,1.37454,1.38344,0,0
2015-04-29,18:00:00,1.38364,1.38681,1.38268,1.38522,0,0
2015-04-29,19:00:00,1.38536,1.38651,1.38304,1.38328,0,0
2015-04-29,20:00:00,1.38325,1.38631,1.38325,1.38439,0,0
2015-04-29,21:00:00,1.38396,1.38574,1.38148,1.38297,0,0
2015-04-29,22:00:00,1.38284,1.38559,1.38269,1.3855,0,0
2015-04-29,23:00:00,1.38555,1.38973,1.38413,1.38973,0,0
2015-04-29,23:59:00,1.38982,1.39405,1.38855,1.39036,0,0
2015-04-30,01:00:00,1.3903,1.39067,1.38947,1.39013,0,0
2015-04-30,02:00:00,1.39029,1.39029,1.38947,1.38984,0,0
2015-04-30,03:00:00,1.38996,1.39023,1.38653,1.38658,0,0
2015-04-30,04:00:00,1.38658,1.39181,1.38594,1.3916,0,0
2015-04-30,05:00:00,1.39171,1.39257,1.38925,1.38979,0,0
2015-04-30,06:00:00,1.38977,1.39009,1.38843,1.38879,0,0
2015-04-30,07:00:00,1.38879,1.39138,1.38816,1.38909,0,0
2015-04-30,08:00:00,1.38909,1.391,1.38888,1.38917,0,0
2015-04-30,09:00:00,1.38925,1.39585,1.38917,1.39445,0,0
2015-04-30,10:00:00,1.39458,1.41062,1.3934,1.41058,0,0
2015-04-30,11:00:00,1.41079,1.41484,1.40861,1.41146,0,0
2015-04-30,12:00:00,1.41169,1.41321,1.4074,1.4077,0,0
2015-04-30,13:00:00,1.40784,1.41464,1.40656,1.41377,0,0
2015-04-30,14:00:00,1.41366,1.41633,1.41303,1.41339,0,0
2015-04-30,15:00:00,1.41346,1.41671,1.41111,1.41296,0,0
2015-04-30,16:00:00,1.41301,1.41379,1.4104,1.4135,0,0
2015-04-30,17:00:00,1.41362,1.42036,1.41353,1.42022,0,0
2015-04-30,18:00:00,1.42025,1.42253,1.41896,1.41896,0,0
2015-04-30,19:00:00,1.41893,1.42068,1.417,1.42025,0,0
2015-04-30,20:00:00,1.42002,1.42071,1.41639,1.41662,0,0
2015-04-30,21:00:00,1.41672,1.423,1.41672,1.42222,0,0
2015-04-30,22:00:00,1.4223,1.42282,1.4187,1.4187,0,0
2015-04-30,23:00:00,1.41883,1.42006,1.41762,1.41979,0,0
2015-04-30,23:59:00,1.41978,1.41987,1.41691,1.41932,0,0
2015-05-01,01:00:00,1.41927,1.42013,1.41862,1.41938,0,0
2015-05-01,02:00:00,1.41933,1.4198,1.41828,1.41968,0,0
2015-05-01,03:00:00,1.41966,1.42162,1.41943,1.42072,0,0
2015-05-01,04:00:00,1.42016,1.42169,1.41898,1.42143,0,0
2015-05-01,05:00:00,1.42143,1.42313,1.42,1.42026,0,0
2015-05-01,06:00:00,1.42034,1.42123,1.41971,1.42009,0,0
2015-05-01,07:00:00,1.42011,1.42097,1.42007,1.42072,0,0
2015-05-01,08:00:00,1.42072,1.42165,1.41943,1.41999,0,0
2015-05-01,09:00:00,1.42001,1.42856,1.41844,1.42852,0,0
2015-05-01,10:00:00,1.42854,1.42896,1.42661,1.42746,0,0
2015-05-01,11:00:00,1.42739,1.42771,1.42562,1.42691,0,0
2015-05-01,12:00:00,1.42677,1.42849,1.42553,1.42693,0,0
2015-05-01,13:00:00,1.42693,1.43104,1.42661,1.42856,0,0
2015-05-01,14:00:00,1.42848,1.43067,1.42789,1.42991,0,0
2015-05-01,15:00:00,1.42988,1.43483,1.42956,1.43253,0,0
2015-05-01,16:00:00,1.43255,1.43378,1.43008,1.43347,0,0
2015-05-01,17:00:00,1.43372,1.43555,1.43099,1.43196,0,0
2015-05-01,18:00:00,1.43204,1.43406,1.43109,1.43281,0,0
2015-05-01,19:00:00,1.43289,1.43332,1.42935,1.42947,0,0
2015-05-01,20:00:00,1.42948,1.43048,1.42868,1.43033,0,0
2015-05-01,21:00:00,1.4303,1.43069,1.42929,1.43065,0,0
2015-05-01,22:00:00,1.43043,1.43202,1.42969,1.43016,0,0
2015-05-01,23:00:00,1.43008,1.4305,1.43002,1.43033,0,0
2015-05-04,01:00:00,1.42898,1.42955,1.42608,1.42858,0,0
2015-05-04,02:00:00,1.4285,1.42956,1.42796,1.42951,0,0
2015-05-04,03:00:00,1.42939,1.43246,1.42921,1.4321,0,0
2015-05-04,04:00:00,1.4321,1.43465,1.42822,1.43202,0,0
2015-05-04,05:00:00,1.43202,1.43352,1.42909,1.43021,0,0
2015-05-04,06:00:00,1.43023,1.43069,1.42852,1.42855,0,0
2015-05-04,07:00:00,1.42855,1.43076,1.42825,1.43062,0,0
2015-05-04,08:00:00,1.43062,1.43118,1.42981,1.43002,0,0
2015-05-04,09:00:00,1.42998,1.43138,1.4286,1.42868,0,0
2015-05-04,10:00:00,1.42881,1.4293,1.42428,1.42581,0,0
2015-05-04,11:00:00,1.4255,1.4258,1.42222,1.42264,0,0
2015-05-04,12:00:00,1.42266,1.42392,1.42093,1.42093,0,0
2015-05-04,13:00:00,1.42088,1.42244,1.42038,1.42228,0,0
2015-05-04,14:00:00,1.42226,1.42328,1.42124,1.42185,0,0
2015-05-04,15:00:00,1.42175,1.42626,1.42138,1.42602,0,0
2015-05-04,16:00:00,1.42608,1.4275,1.42434,1.42434,0,0
2015-05-04,17:00:00,1.42407,1.42486,1.42081,1.42328,0,0
2015-05-04,18:00:00,1.42331,1.42336,1.42181,1.42185,0,0
2015-05-04,19:00:00,1.42182,1.42276,1.42111,1.42194,0,0
2015-05-04,20:00:00,1.42198,1.42234,1.42097,1.42184,0,0
2015-05-04,21:00:00,1.42184,1.42197,1.41913,1.4198,0,0
2015-05-04,22:00:00,1.41973,1.42164,1.41971,1.42155,0,0
2015-05-04,23:00:00,1.4215,1.42296,1.42088,1.42233,0,0
2015-05-04,23:59:00,1.42217,1.42304,1.42173,1.42286,0,0
2015-05-05,01:00:00,1.42294,1.42301,1.42144,1.42155,0,0
2015-05-05,02:00:00,1.42157,1.42229,1.42113,1.42227,0,0
2015-05-05,03:00:00,1.42229,1.42237,1.42035,1.4222,0,0
2015-05-05,04:00:00,1.4222,1.4233,1.42068,1.42077,0,0
2015-05-05,05:00:00,1.42076,1.42124,1.41888,1.41918,0,0
2015-05-05,06:00:00,1.4192,1.4199,1.41769,1.41798,0,0
2015-05-05,07:00:00,1.41795,1.42775,1.40727,1.40824,0,0
2015-05-05,08:00:00,1.40865,1.41048,1.40641,1.41011,0,0
2015-05-05,09:00:00,1.4101,1.41208,1.40849,1.40957,0,0
2015-05-05,10:00:00,1.4095,1.41058,1.407,1.40783,0,0
2015-05-05,11:00:00,1.40776,1.40952,1.40571,1.40937,0,0
2015-05-05,12:00:00,1.40939,1.41211,1.40806,1.41188,0,0
2015-05-05,13:00:00,1.41173,1.41378,1.41048,1.41372,0,0
2015-05-05,14:00:00,1.41372,1.41415,1.41164,1.41164,0,0
2015-05-05,15:00:00,1.41163,1.41337,1.41019,1.41093,0,0
2015-05-05,16:00:00,1.41098,1.41178,1.40814,1.41146,0,0
2015-05-05,17:00:00,1.41169,1.41267,1.40811,1.40908,0,0
2015-05-05,18:00:00,1.40908,1.41114,1.40629,1.40735,0,0
2015-05-05,19:00:00,1.4073,1.40959,1.4073,1.40937,0,0
2015-05-05,20:00:00,1.40948,1.41073,1.40815,1.40842,0,0
2015-05-05,21:00:00,1.40842,1.41002,1.40812,1.40951,0,0
2015-05-05,22:00:00,1.40932,1.41023,1.40862,1.40912,0,0
2015-05-05,23:00:00,1.40903,1.40997,1.40763,1.40841,0,0
2015-05-05,23:59:00,1.40831,1.40903,1.40766,1.40837,0,0
2015-05-06,01:00:00,1.4085,1.41123,1.40825,1.40967,0,0
2015-05-06,02:00:00,1.40966,1.41159,1.4096,1.40992,0,0
2015-05-06,03:00:00,1.40992,1.4101,1.40795,1.40862,0,0
2015-05-06,04:00:00,1.40862,1.41048,1.40696,1.40877,0,0
2015-05-06,05:00:00,1.40872,1.40902,1.40626,1.40801,0,0
2015-05-06,06:00:00,1.40789,1.41018,1.40721,1.40891,0,0
2015-05-06,07:00:00,1.40888,1.4104,1.40877,1.40972,0,0
2015-05-06,08:00:00,1.40978,1.41203,1.4094,1.41163,0,0
2015-05-06,09:00:00,1.4116,1.41263,1.40985,1.41131,0,0
2015-05-06,10:00:00,1.41139,1.41142,1.4086,1.40908,0,0
2015-05-06,11:00:00,1.40914,1.41012,1.40709,1.40721,0,0
2015-05-06,12:00:00,1.40726,1.40735,1.40447,1.40697,0,0
2015-05-06,13:00:00,1.40699,1.40854,1.40565,1.40589,0,0
2015-05-06,14:00:00,1.40581,1.40607,1.4027,1.40359,0,0
2015-05-06,15:00:00,1.40359,1.40867,1.40302,1.40823,0,0
2015-05-06,16:00:00,1.40831,1.41499,1.40768,1.41454,0,0
2015-05-06,17:00:00,1.4146,1.41703,1.41347,1.41619,0,0
2015-05-06,18:00:00,1.41613,1.41794,1.41447,1.4174,0,0
2015-05-06,19:00:00,1.41743,1.42017,1.41679,1.42009,0,0
2015-05-06,20:00:00,1.42012,1.42269,1.41985,1.42176,0,0
2015-05-06,21:00:00,1.42168,1.42609,1.42114,1.42516,0,0
2015-05-06,22:00:00,1.42536,1.42548,1.4229,1.42296,0,0
2015-05-06,23:00:00,1.42298,1.42475,1.42285,1.42404,0,0
2015-05-06,23:59:00,1.42388,1.42391,1.42244,1.4232,0,0
2015-05-07,01:00:00,1.42307,1.42345,1.42218,1.42336,0,0
2015-05-07,02:00:00,1.42335,1.42588,1.42335,1.42567,0,0
2015-05-07,03:00:00,1.42567,1.42655,1.42272,1.42297,0,0
2015-05-07,04:00:00,1.42294,1.429,1.4216,1.4222,0,0
2015-05-07,05:00:00,1.4221,1.42371,1.41877,1.41945,0,0
2015-05-07,06:00:00,1.41937,1.42103,1.41744,1.42103,0,0
2015-05-07,07:00:00,1.42103,1.422,1.41985,1.42176,0,0
2015-05-07,08:00:00,1.42176,1.42365,1.42063,1.42277,0,0
2015-05-07,09:00:00,1.42274,1.42475,1.42109,1.42351,0,0
2015-05-07,10:00:00,1.42349,1.42968,1.423,1.42911,0,0
2015-05-07,11:00:00,1.42885,1.43074,1.42738,1.42918,0,0
2015-05-07,12:00:00,1.42911,1.43519,1.42862,1.4307,0,0
2015-05-07,13:00:00,1.43069,1.43069,1.42412,1.42514,0,0
2015-05-07,14:00:00,1.42512,1.42553,1.42059,1.4208,0,0
2015-05-07,15:00:00,1.42083,1.42163,1.41639,1.41913,0,0
2015-05-07,16:00:00,1.41937,1.42121,1.41673,1.4207,0,0
2015-05-07,17:00:00,1.42069,1.42398,1.41888,1.42267,0,0
2015-05-07,18:00:00,1.42273,1.42631,1.42245,1.42594,0,0
2015-05-07,19:00:00,1.42587,1.42662,1.42449,1.42523,0,0
2015-05-07,20:00:00,1.42522,1.4265,1.42389,1.42616,0,0
2015-05-07,21:00:00,1.42616,1.42727,1.42524,1.42581,0,0
2015-05-07,22:00:00,1.42574,1.42641,1.42538,1.42585,0,0
2015-05-07,23:00:00,1.42599,1.4262,1.42486,1.42486,0,0
2015-05-07,23:59:00,1.425,1.42573,1.42117,1.42222,0,0
2015-05-08,01:00:00,1.42221,1.42324,1.42011,1.42166,0,0
2015-05-08,02:00:00,1.42167,1.42341,1.42086,1.42335,0,0
2015-05-08,03:00:00,1.42341,1.42631,1.42341,1.42416,0,0
2015-05-08,04:00:00,1.42422,1.42965,1.41916,1.42424,0,0
2015-05-08,05:00:00,1.42448,1.42911,1.4217,1.42178,0,0
2015-05-08,06:00:00,1.4218,1.42303,1.42076,1.42109,0,0
2015-05-08,07:00:00,1.4211,1.4226,1.41718,1.41772,0,0
2015-05-08,08:00:00,1.41772,1.41976,1.41664,1.41813,0,0
2015-05-08,09:00:00,1.41865,1.41888,1.41426,1.41514,0,0
2015-05-08,10:00:00,1.41508,1.41656,1.41337,1.41626,0,0
2015-05-08,11:00:00,1.41612,1.42212,1.41612,1.42018,0,0
2015-05-08,12:00:00,1.42018,1.42099,1.41815,1.41857,0,0
2015-05-08,13:00:00,1.41855,1.41884,1.41537,1.41729,0,0
2015-05-08,14:00:00,1.41735,1.41897,1.41707,1.41819,0,0
2015-05-08,15:00:00,1.41808,1.42432,1.41713,1.41848,0,0
2015-05-08,16:00:00,1.41863,1.4198,1.41285,1.41517,0,0
2015-05-08,17:00:00,1.41544,1.42031,1.41469,1.42031,0,0
2015-05-08,18:00:00,1.42031,1.42258,1.41843,1.42067,0,0
2015-05-08,19:00:00,1.4206,1.42096,1.41485,1.4166,0,0
2015-05-08,20:00:00,1.4166,1.41714,1.41602,1.41657,0,0
2015-05-08,21:00:00,1.41642,1.41678,1.4146,1.41521,0,0
2015-05-08,22:00:00,1.41535,1.41535,1.41291,1.41339,0,0
2015-05-08,23:00:00,1.41347,1.41347,1.41347,1.41347,0,0
2015-05-11,01:00:00,1.41276,1.41445,1.4123,1.41338,0,0
2015-05-11,02:00:00,1.41338,1.4144,1.4121,1.41279,0,0
2015-05-11,03:00:00,1.41281,1.41326,1.41079,1.41105,0,0
2015-05-11,04:00:00,1.41089,1.4132,1.41045,1.41254,0,0
2015-05-11,05:00:00,1.41241,1.41405,1.41183,1.4133,0,0
2015-05-11,06:00:00,1.41331,1.41477,1.41278,1.41335,0,0
2015-05-11,07:00:00,1.41329,1.41363,1.41182,1.41283,0,0
2015-05-11,08:00:00,1.41283,1.41359,1.41169,1.41324,0,0
2015-05-11,09:00:00,1.41325,1.415,1.41146,1.41432,0,0
2015-05-11,10:00:00,1.41436,1.4156,1.41306,1.41381,0,0
2015-05-11,11:00:00,1.41374,1.41594,1.41314,1.41333,0,0
2015-05-11,12:00:00,1.41329,1.41496,1.41242,1.41459,0,0
2015-05-11,13:00:00,1.4147,1.41548,1.4114,1.41221,0,0
2015-05-11,14:00:00,1.41218,1.41308,1.40999,1.41042,0,0
2015-05-11,15:00:00,1.41048,1.41202,1.40814,1.40901,0,0
2015-05-11,16:00:00,1.4091,1.41248,1.40845,1.4101,0,0
2015-05-11,17:00:00,1.4102,1.41229,1.40833,1.40838,0,0
2015-05-11,18:00:00,1.40848,1.41191,1.40798,1.41069,0,0
2015-05-11,19:00:00,1.41075,1.41241,1.41075,1.41199,0,0
2015-05-11,20:00:00,1.41238,1.41238,1.40991,1.41108,0,0
2015-05-11,21:00:00,1.41115,1.41157,1.40973,1.41152,0,0
2015-05-11,22:00:00,1.4115,1.41325,1.41124,1.41274,0,0
2015-05-11,23:00:00,1.4128,1.41383,1.41238,1.41375,0,0
2015-05-11,23:59:00,1.41375,1.41407,1.4124,1.41264,0,0
2015-05-12,01:00:00,1.41285,1.41381,1.4128,1.4136,0,0
2015-05-12,02:00:00,1.4136,1.41371,1.41025,1.41131,0,0
2015-05-12,03:00:00,1.41134,1.41224,1.41068,1.41178,0,0
2015-05-12,04:00:00,1.41176,1.41234,1.40923,1.4093,0,0
2015-05-12,05:00:00,1.40928,1.41048,1.40789,1.41048,0,0
2015-05-12,06:00:00,1.41048,1.41093,1.40998,1.40998,0,0
2015-05-12,07:00:00,1.40991,1.41034,1.40792,1.40933,0,0
2015-05-12,08:00:00,1.40936,1.41001,1.40823,1.4097,0,0
2015-05-12,09:00:00,1.40966,1.41151,1.40897,1.409,0,0
2015-05-12,10:00:00,1.40908,1.41486,1.40839,1.41469,0,0
2015-05-12,11:00:00,1.41465,1.41713,1.41465,1.41493,0,0
2015-05-12,12:00:00,1.41485,1.41666,1.4134,1.41342,0,0
2015-05-12,13:00:00,1.41345,1.41366,1.40934,1.41103,0,0
2015-05-12,14:00:00,1.41093,1.41102,1.40743,1.40743,0,0
2015-05-12,15:00:00,1.40741,1.4108,1.40619,1.40941,0,0
2015-05-12,16:00:00,1.40944,1.41428,1.4094,1.41272,0,0
2015-05-12,17:00:00,1.41255,1.41356,1.40909,1.4096,0,0
2015-05-12,18:00:00,1.40965,1.41,1.40666,1.40704,0,0
2015-05-12,19:00:00,1.40678,1.41014,1.40678,1.40753,0,0
2015-05-12,20:00:00,1.40749,1.40803,1.40497,1.40551,0,0
2015-05-12,21:00:00,1.4056,1.40567,1.40264,1.40377,0,0
2015-05-12,22:00:00,1.40368,1.40447,1.40343,1.40352,0,0
2015-05-12,23:00:00,1.40465,1.40669,1.40352,1.40575,0,0
2015-05-12,23:59:00,1.40577,1.40976,1.40242,1.40499,0,0
2015-05-13,01:00:00,1.40498,1.406,1.40452,1.4052,0,0
2015-05-13,02:00:00,1.40517,1.40586,1.40365,1.40425,0,0
2015-05-13,03:00:00,1.40413,1.40519,1.40143,1.40477,0,0
2015-05-13,04:00:00,1.40487,1.40541,1.40326,1.40513,0,0
2015-05-13,05:00:00,1.40521,1.40947,1.40435,1.40789,0,0
2015-05-13,06:00:00,1.40789,1.40951,1.4068,1.40893,0,0
2015-05-13,07:00:00,1.40892,1.41119,1.40801,1.4102,0,0
2015-05-13,08:00:00,1.41018,1.41197,1.40844,1.41037,0,0
2015-05-13,09:00:00,1.41006,1.41267,1.40889,1.41044,0,0
2015-05-13,10:00:00,1.41034,1.41034,1.40736,1.40771,0,0
2015-05-13,11:00:00,1.40766,1.40848,1.40219,1.40318,0,0
2015-05-13,12:00:00,1.40315,1.40349,1.39819,1.3998,0,0
2015-05-13,13:00:00,1.39977,1.40007,1.39591,1.39624,0,0
2015-05-13,14:00:00,1.39624,1.39731,1.39518,1.39582,0,0
2015-05-13,15:00:00,1.39583,1.39922,1.39441,1.39837,0,0
2015-05-13,16:00:00,1.39815,1.40007,1.39754,1.39859,0,0
2015-05-13,17:00:00,1.39865,1.40171,1.39725,1.4016,0,0
2015-05-13,18:00:00,1.40162,1.40315,1.40059,1.40105,0,0
2015-05-13,19:00:00,1.40106,1.40214,1.39973,1.40162,0,0
2015-05-13,20:00:00,1.40161,1.40246,1.40104,1.40112,0,0
2015-05-13,21:00:00,1.40102,1.40279,1.40049,1.40214,0,0
2015-05-13,22:00:00,1.40205,1.40212,1.39971,1.39975,0,0
2015-05-13,23:00:00,1.39973,1.40069,1.39859,1.39962,0,0
2015-05-13,23:59:00,1.39963,1.40131,1.39945,1.40042,0,0
2015-05-14,01:00:00,1.40054,1.40103,1.39784,1.39795,0,0
2015-05-14,02:00:00,1.39809,1.39951,1.39678,1.39895,0,0
2015-05-14,03:00:00,1.39902,1.39927,1.39605,1.3973,0,0
2015-05-14,04:00:00,1.39723,1.39723,1.3915,1.3932,0,0
2015-05-14,05:00:00,1.3936,1.39802,1.39348,1.39728,0,0
2015-05-14,06:00:00,1.39721,1.39997,1.39721,1.39955,0,0
2015-05-14,07:00:00,1.39954,1.39967,1.39702,1.39917,0,0
2015-05-14,08:00:00,1.39916,1.40074,1.39758,1.40061,0,0
2015-05-14,09:00:00,1.40051,1.4045,1.40051,1.40387,0,0
2015-05-14,10:00:00,1.40402,1.41267,1.40344,1.40993,0,0
2015-05-14,11:00:00,1.41005,1.41421,1.40938,1.41221,0,0
2015-05-14,12:00:00,1.4121,1.41382,1.40951,1.41016,0,0
2015-05-14,13:00:00,1.41002,1.4139,1.4091,1.41235,0,0
2015-05-14,14:00:00,1.4122,1.41234,1.40917,1.41017,0,0
2015-05-14,15:00:00,1.40999,1.41021,1.40536,1.40616,0,0
2015-05-14,16:00:00,1.40603,1.40603,1.40125,1.40197,0,0
2015-05-14,17:00:00,1.402,1.41014,1.40144,1.40791,0,0
2015-05-14,18:00:00,1.40798,1.40891,1.40572,1.4067,0,0
2015-05-14,19:00:00,1.40663,1.40747,1.40591,1.40623,0,0
2015-05-14,20:00:00,1.40626,1.40871,1.40626,1.40842,0,0
2015-05-14,21:00:00,1.40815,1.41271,1.40784,1.41211,0,0
2015-05-14,22:00:00,1.41225,1.41316,1.4111,1.41189,0,0
2015-05-14,23:00:00,1.41184,1.41258,1.41163,1.41203,0,0
2015-05-14,23:59:00,1.41193,1.41258,1.41114,1.41191,0,0
2015-05-15,01:00:00,1.41201,1.41242,1.41079,1.4114,0,0
2015-05-15,02:00:00,1.4114,1.41159,1.40944,1.41053,0,0
2015-05-15,03:00:00,1.41056,1.41723,1.41003,1.416,0,0
2015-05-15,04:00:00,1.41598,1.4163,1.41433,1.4148,0,0
2015-05-15,05:00:00,1.41476,1.41657,1.41445,1.41574,0,0
2015-05-15,06:00:00,1.41594,1.41594,1.41394,1.41409,0,0
2015-05-15,07:00:00,1.41411,1.41647,1.41407,1.41643,0,0
2015-05-15,08:00:00,1.41645,1.4177,1.41579,1.41591,0,0
2015-05-15,09:00:00,1.41589,1.41713,1.41158,1.41696,0,0
2015-05-15,10:00:00,1.417,1.41887,1.41583,1.41612,0,0
2015-05-15,11:00:00,1.4161,1.41774,1.4152,1.41694,0,0
2015-05-15,12:00:00,1.41674,1.41748,1.41534,1.41634,0,0
2015-05-15,13:00:00,1.41616,1.41881,1.41593,1.41835,0,0
2015-05-15,14:00:00,1.41822,1.41852,1.41536,1.41587,0,0
2015-05-15,15:00:00,1.41591,1.41706,1.41501,1.4166,0,0
2015-05-15,16:00:00,1.41659,1.41832,1.41495,1.41747,0,0
2015-05-15,17:00:00,1.41801,1.42207,1.4168,1.42021,0,0
2015-05-15,18:00:00,1.42006,1.42098,1.41862,1.41912,0,0
2015-05-15,19:00:00,1.41912,1.42207,1.41908,1.42205,0,0
2015-05-15,20:00:00,1.42205,1.42348,1.42157,1.42277,0,0
2015-05-15,21:00:00,1.4227,1.42504,1.4227,1.4247,0,0
2015-05-15,22:00:00,1.42472,1.42571,1.42364,1.42381,0,0
2015-05-15,23:00:00,1.42384,1.42399,1.42381,1.42381,0,0
2015-05-18,01:00:00,1.42328,1.42435,1.42313,1.42344,0,0
2015-05-18,02:00:00,1.42342,1.4248,1.42126,1.42277,0,0
2015-05-18,03:00:00,1.42277,1.42771,1.42246,1.42736,0,0
2015-05-18,04:00:00,1.42736,1.42768,1.42557,1.42638,0,0
2015-05-18,05:00:00,1.42646,1.42713,1.42495,1.42609,0,0
2015-05-18,06:00:00,1.42602,1.42632,1.4247,1.42562,0,0
2015-05-18,07:00:00,1.42562,1.42633,1.42491,1.42543,0,0
2015-05-18,08:00:00,1.42543,1.427,1.4251,1.42689,0,0
2015-05-18,09:00:00,1.42695,1.42695,1.42378,1.42489,0,0
2015-05-18,10:00:00,1.42461,1.42686,1.42302,1.42465,0,0
2015-05-18,11:00:00,1.42462,1.42476,1.4195,1.42126,0,0
2015-05-18,12:00:00,1.42126,1.42447,1.42043,1.42443,0,0
2015-05-18,13:00:00,1.42455,1.42766,1.42324,1.42655,0,0
2015-05-18,14:00:00,1.42658,1.42665,1.4241,1.42473,0,0
2015-05-18,15:00:00,1.42477,1.42483,1.42256,1.42468,0,0
2015-05-18,16:00:00,1.42454,1.4252,1.41948,1.41958,0,0
2015-05-18,17:00:00,1.41956,1.42066,1.41847,1.41903,0,0
2015-05-18,18:00:00,1.41896,1.4196,1.41766,1.41908,0,0
2015-05-18,19:00:00,1.41906,1.41973,1.41735,1.41932,0,0
2015-05-18,20:00:00,1.41929,1.41982,1.41681,1.41725,0,0
2015-05-18,21:00:00,1.41712,1.41737,1.41594,1.41643,0,0
2015-05-18,22:00:00,1.41637,1.41687,1.41566,1.4162,0,0
2015-05-18,23:00:00,1.41632,1.41737,1.41548,1.416,0,0
2015-05-18,23:59:00,1.41597,1.41664,1.41538,1.41559,0,0
2015-05-19,01:00:00,1.41559,1.41662,1.41521,1.41577,0,0
2015-05-19,02:00:00,1.41575,1.41685,1.41507,1.41665,0,0
2015-05-19,03:00:00,1.41663,1.41774,1.416,1.41633,0,0
2015-05-19,04:00:00,1.41621,1.42049,1.41464,1.41788,0,0
2015-05-19,05:00:00,1.41779,1.41789,1.41422,1.41516,0,0
2015-05-19,06:00:00,1.41516,1.41517,1.4123,1.41383,0,0
2015-05-19,07:00:00,1.41395,1.41471,1.41347,1.41456,0,0
2015-05-19,08:00:00,1.41459,1.4156,1.41294,1.41449,0,0
2015-05-19,09:00:00,1.41433,1.41436,1.41148,1.41371,0,0
2015-05-19,10:00:00,1.41352,1.41352,1.40022,1.40197,0,0
2015-05-19,11:00:00,1.40201,1.40424,1.39955,1.40424,0,0
2015-05-19,12:00:00,1.4033,1.40636,1.40306,1.40529,0,0
2015-05-19,13:00:00,1.40521,1.40709,1.40431,1.40631,0,0
2015-05-19,14:00:00,1.40668,1.40686,1.40198,1.40302,0,0
2015-05-19,15:00:00,1.40296,1.40549,1.40191,1.40362,0,0
2015-05-19,16:00:00,1.40371,1.40634,1.40321,1.40483,0,0
2015-05-19,17:00:00,1.40468,1.40849,1.40416,1.40724,0,0
2015-05-19,18:00:00,1.40699,1.40924,1.40589,1.40827,0,0
2015-05-19,19:00:00,1.40834,1.40927,1.40649,1.40874,0,0
2015-05-19,20:00:00,1.40874,1.40878,1.40681,1.4079,0,0
2015-05-19,21:00:00,1.40789,1.40948,1.40789,1.40902,0,0
2015-05-19,22:00:00,1.40892,1.41016,1.40839,1.40849,0,0
2015-05-19,23:00:00,1.40851,1.40894,1.40799,1.40884,0,0
2015-05-19,23:59:00,1.40887,1.40906,1.40722,1.40732,0,0
2015-05-20,01:00:00,1.40733,1.40816,1.40699,1.40765,0,0
2015-05-20,02:00:00,1.40765,1.40813,1.40644,1.40644,0,0
2015-05-20,03:00:00,1.40644,1.40861,1.40597,1.40717,0,0
2015-05-20,04:00:00,1.40717,1.40771,1.4051,1.40586,0,0
2015-05-20,05:00:00,1.40587,1.40649,1.4049,1.40599,0,0
2015-05-20,06:00:00,1.40599,1.40625,1.40488,1.40588,0,0
2015-05-20,07:00:00,1.40588,1.40646,1.40511,1.40572,0,0
2015-05-20,08:00:00,1.40567,1.40666,1.40325,1.40325,0,0
2015-05-20,09:00:00,1.40287,1.40524,1.40144,1.40405,0,0
2015-05-20,10:00:00,1.40421,1.40714,1.40229,1.40681,0,0
2015-05-20,11:00:00,1.4067,1.40911,1.40669,1.40685,0,0
2015-05-20,12:00:00,1.40687,1.40903,1.40671,1.40741,0,0
2015-05-20,13:00:00,1.40737,1.408,1.40548,1.40555,0,0
2015-05-20,14:00:00,1.40582,1.40738,1.40533,1.40658,0,0
2015-05-20,15:00:00,1.40654,1.40948,1.40617,1.40905,0,0
2015-05-20,16:00:00,1.40903,1.40941,1.40706,1.40822,0,0
2015-05-20,17:00:00,1.40823,1.4115,1.40817,1.40958,0,0
2015-05-20,18:00:00,1.40948,1.40964,1.4064,1.40658,0,0
2015-05-20,19:00:00,1.40676,1.40807,1.40666,1.40773,0,0
2015-05-20,20:00:00,1.40764,1.40994,1.40734,1.40909,0,0
2015-05-20,21:00:00,1.40916,1.4109,1.40657,1.4069,0,0
2015-05-20,22:00:00,1.40689,1.40894,1.4064,1.40858,0,0
2015-05-20,23:00:00,1.40856,1.40929,1.40757,1.40877,0,0
2015-05-20,23:59:00,1.40876,1.4098,1.40814,1.40876,0,0
2015-05-21,01:00:00,1.40876,1.41021,1.40874,1.40897,0,0
2015-05-21,02:00:00,1.40902,1.40946,1.40784,1.40918,0,0
2015-05-21,03:00:00,1.4092,1.40995,1.40816,1.40927,0,0
2015-05-21,04:00:00,1.40923,1.41104,1.40813,1.41069,0,0
2015-05-21,05:00:00,1.41063,1.41063,1.40733,1.40833,0,0
2015-05-21,06:00:00,1.40833,1.40923,1.4079,1.40916,0,0
2015-05-21,07:00:00,1.40916,1.40916,1.40631,1.40648,0,0
2015-05-21,08:00:00,1.4067,1.40718,1.40611,1.40646,0,0
2015-05-21,09:00:00,1.40649,1.40772,1.40432,1.4055,0,0
2015-05-21,10:00:00,1.40521,1.41287,1.40521,1.41097,0,0
2015-05-21,11:00:00,1.41077,1.41422,1.4099,1.41026,0,0
2015-05-21,12:00:00,1.4101,1.413,1.40944,1.41219,0,0
2015-05-21,13:00:00,1.41202,1.41662,1.4119,1.41419,0,0
2015-05-21,14:00:00,1.41427,1.41464,1.41248,1.41248,0,0
2015-05-21,15:00:00,1.41246,1.41333,1.41089,1.41258,0,0
2015-05-21,16:00:00,1.4124,1.41293,1.41103,1.41173,0,0
2015-05-21,17:00:00,1.41121,1.41326,1.41086,1.41192,0,0
2015-05-21,18:00:00,1.41213,1.41305,1.40988,1.41056,0,0
2015-05-21,19:00:00,1.41067,1.41157,1.40991,1.4115,0,0
2015-05-21,20:00:00,1.41153,1.4117,1.41014,1.41015,0,0
2015-05-21,21:00:00,1.41013,1.41084,1.40947,1.41007,0,0
2015-05-21,22:00:00,1.41021,1.41043,1.40846,1.40861,0,0
2015-05-21,23:00:00,1.40861,1.40914,1.40736,1.40756,0,0
2015-05-21,23:59:00,1.4075,1.40876,1.40627,1.40715,0,0
2015-05-22,01:00:00,1.40715,1.40785,1.40675,1.4068,0,0
2015-05-22,02:00:00,1.40679,1.40717,1.40586,1.40675,0,0
2015-05-22,03:00:00,1.40665,1.4073,1.40563,1.40563,0,0
2015-05-22,04:00:00,1.40562,1.40647,1.40505,1.40631,0,0
2015-05-22,05:00:00,1.4063,1.40769,1.40607,1.40624,0,0
2015-05-22,06:00:00,1.40637,1.40703,1.40587,1.40671,0,0
2015-05-22,07:00:00,1.40669,1.40721,1.40615,1.40696,0,0
2015-05-22,08:00:00,1.40692,1.40766,1.40618,1.40754,0,0
2015-05-22,09:00:00,1.40744,1.40896,1.40713,1.40724,0,0
2015-05-22,10:00:00,1.40718,1.41293,1.4067,1.41142,0,0
2015-05-22,11:00:00,1.41142,1.41391,1.41116,1.41389,0,0
2015-05-22,12:00:00,1.41386,1.41751,1.41294,1.41708,0,0
2015-05-22,13:00:00,1.41709,1.4197,1.41691,1.41824,0,0
2015-05-22,14:00:00,1.41824,1.41912,1.41499,1.41538,0,0
2015-05-22,15:00:00,1.41538,1.41779,1.41277,1.4135,0,0
2015-05-22,16:00:00,1.41337,1.41337,1.40702,1.40916,0,0
2015-05-22,17:00:00,1.40908,1.40928,1.40734,1.40911,0,0
2015-05-22,18:00:00,1.40903,1.41009,1.4083,1.40961,0,0
2015-05-22,19:00:00,1.40959,1.41021,1.40861,1.40987,0,0
2015-05-22,20:00:00,1.41061,1.41107,1.40725,1.40906,0,0
2015-05-22,21:00:00,1.40895,1.40926,1.40812,1.40832,0,0
2015-05-22,22:00:00,1.4083,1.40861,1.40741,1.40811,0,0
2015-05-22,23:00:00,1.40838,1.40861,1.40832,1.40832,0,0
2015-05-25,01:00:00,1.4057,1.40685,1.40496,1.40604,0,0
2015-05-25,02:00:00,1.40619,1.40771,1.40619,1.40707,0,0
2015-05-25,03:00:00,1.40704,1.40786,1.40544,1.406,0,0
2015-05-25,04:00:00,1.40595,1.40639,1.40474,1.40534,0,0
2015-05-25,05:00:00,1.4054,1.40546,1.40375,1.40416,0,0
2015-05-25,06:00:00,1.40426,1.40499,1.40394,1.40422,0,0
2015-05-25,07:00:00,1.40421,1.40474,1.40271,1.40329,0,0
2015-05-25,08:00:00,1.40317,1.40588,1.40269,1.40442,0,0
2015-05-25,09:00:00,1.4044,1.40639,1.40391,1.40497,0,0
2015-05-25,10:00:00,1.40511,1.40547,1.40096,1.40174,0,0
2015-05-25,11:00:00,1.40174,1.4021,1.40066,1.40172,0,0
2015-05-25,12:00:00,1.40166,1.40273,1.40056,1.40124,0,0
2015-05-25,13:00:00,1.40121,1.40172,1.40015,1.40047,0,0
2015-05-25,14:00:00,1.40051,1.40219,1.40025,1.40196,0,0
2015-05-25,15:00:00,1.40196,1.4037,1.40188,1.40307,0,0
2015-05-25,16:00:00,1.40309,1.40325,1.40176,1.40219,0,0
2015-05-25,17:00:00,1.40219,1.40265,1.40109,1.40142,0,0
2015-05-25,18:00:00,1.40144,1.40155,1.40088,1.40141,0,0
2015-05-25,19:00:00,1.40136,1.40327,1.40109,1.40276,0,0
2015-05-25,20:00:00,1.40317,1.40348,1.40206,1.40234,0,0
2015-05-25,21:00:00,1.40248,1.40333,1.40191,1.40299,0,0
2015-05-25,22:00:00,1.40295,1.4032,1.4024,1.40307,0,0
2015-05-25,23:00:00,1.40312,1.40358,1.40271,1.40297,0,0
2015-05-25,23:59:00,1.40297,1.40376,1.40252,1.40337,0,0
2015-05-26,01:00:00,1.40332,1.40368,1.40183,1.40248,0,0
2015-05-26,02:00:00,1.40248,1.4029,1.40141,1.40212,0,0
2015-05-26,03:00:00,1.40222,1.40258,1.39919,1.39978,0,0
2015-05-26,04:00:00,1.39964,1.39995,1.39824,1.39835,0,0
2015-05-26,05:00:00,1.39838,1.39931,1.39787,1.39826,0,0
2015-05-26,06:00:00,1.39826,1.39833,1.39669,1.39694,0,0
2015-05-26,07:00:00,1.39694,1.39722,1.39621,1.39652,0,0
2015-05-26,08:00:00,1.39652,1.39724,1.39614,1.39643,0,0
2015-05-26,09:00:00,1.39634,1.39886,1.395,1.39684,0,0
2015-05-26,10:00:00,1.39668,1.40194,1.3962,1.39968,0,0
2015-05-26,11:00:00,1.3996,1.40115,1.39911,1.39917,0,0
2015-05-26,12:00:00,1.39935,1.40079,1.39712,1.39823,0,0
2015-05-26,13:00:00,1.39829,1.39921,1.39616,1.39774,0,0
2015-05-26,14:00:00,1.39797,1.40111,1.39797,1.40111,0,0
2015-05-26,15:00:00,1.40123,1.40614,1.39963,1.40604,0,0
2015-05-26,16:00:00,1.40599,1.40809,1.40435,1.40797,0,0
2015-05-26,17:00:00,1.40781,1.40915,1.40511,1.40762,0,0
2015-05-26,18:00:00,1.40736,1.40786,1.40567,1.40574,0,0
2015-05-26,19:00:00,1.40572,1.40659,1.40506,1.40651,0,0
2015-05-26,20:00:00,1.40643,1.40661,1.40403,1.40439,0,0
2015-05-26,21:00:00,1.40449,1.40634,1.40444,1.40634,0,0
2015-05-26,22:00:00,1.4065,1.4065,1.40499,1.40619,0,0
2015-05-26,23:00:00,1.40617,1.40669,1.40552,1.40552,0,0
2015-05-26,23:59:00,1.4055,1.40734,1.40529,1.40549,0,0
2015-05-27,01:00:00,1.40576,1.40689,1.40552,1.40606,0,0
2015-05-27,02:00:00,1.4062,1.40639,1.40523,1.40572,0,0
2015-05-27,03:00:00,1.40568,1.40609,1.40402,1.40455,0,0
2015-05-27,04:00:00,1.40462,1.40645,1.4043,1.4048,0,0
2015-05-27,05:00:00,1.40506,1.40552,1.40296,1.40425,0,0
2015-05-27,06:00:00,1.40424,1.40513,1.40381,1.40409,0,0
2015-05-27,07:00:00,1.40411,1.40555,1.40344,1.40513,0,0
2015-05-27,08:00:00,1.40524,1.40665,1.4052,1.40643,0,0
2015-05-27,09:00:00,1.40625,1.40732,1.40523,1.40632,0,0
2015-05-27,10:00:00,1.4063,1.41021,1.40576,1.40985,0,0
2015-05-27,11:00:00,1.40989,1.41082,1.40898,1.41014,0,0
2015-05-27,12:00:00,1.41004,1.41125,1.40889,1.40977,0,0
2015-05-27,13:00:00,1.40957,1.41138,1.40827,1.40986,0,0
2015-05-27,14:00:00,1.41024,1.41131,1.40864,1.4091,0,0
2015-05-27,15:00:00,1.409,1.40993,1.40622,1.40751,0,0
2015-05-27,16:00:00,1.40742,1.40858,1.40412,1.40674,0,0
2015-05-27,17:00:00,1.40666,1.41137,1.40627,1.41003,0,0
2015-05-27,18:00:00,1.41007,1.4131,1.40927,1.41186,0,0
2015-05-27,19:00:00,1.41186,1.41253,1.41094,1.41129,0,0
2015-05-27,20:00:00,1.41142,1.41228,1.41109,1.41174,0,0
2015-05-27,21:00:00,1.41175,1.41195,1.40971,1.41075,0,0
2015-05-27,22:00:00,1.41073,1.41201,1.40964,1.4102,0,0
2015-05-27,23:00:00,1.40998,1.41254,1.40988,1.41063,0,0
2015-05-27,23:59:00,1.41061,1.41196,1.40951,1.40952,0,0
2015-05-28,01:00:00,1.40968,1.41061,1.40965,1.41019,0,0
2015-05-28,02:00:00,1.41023,1.4105,1.40883,1.40883,0,0
2015-05-28,03:00:00,1.40883,1.41037,1.40826,1.40876,0,0
2015-05-28,04:00:00,1.40866,1.41961,1.40653,1.41822,0,0
2015-05-28,05:00:00,1.41824,1.42053,1.41792,1.41792,0,0
2015-05-28,06:00:00,1.418,1.4212,1.41778,1.41989,0,0
2015-05-28,07:00:00,1.41983,1.42162,1.41983,1.42008,0,0
2015-05-28,08:00:00,1.42004,1.42062,1.41619,1.41721,0,0
2015-05-28,09:00:00,1.41723,1.42062,1.41645,1.42062,0,0
2015-05-28,10:00:00,1.42069,1.42485,1.42006,1.42346,0,0
2015-05-28,11:00:00,1.42338,1.42646,1.42327,1.42532,0,0
2015-05-28,12:00:00,1.42531,1.42826,1.42448,1.42748,0,0
2015-05-28,13:00:00,1.42737,1.42926,1.42673,1.42805,0,0
2015-05-28,14:00:00,1.42783,1.42806,1.42357,1.42432,0,0
2015-05-28,15:00:00,1.42413,1.4286,1.42382,1.42685,0,0
2015-05-28,16:00:00,1.42686,1.42865,1.42515,1.42794,0,0
2015-05-28,17:00:00,1.42767,1.43003,1.42666,1.42928,0,0
2015-05-28,18:00:00,1.42909,1.43186,1.42863,1.43009,0,0
2015-05-28,19:00:00,1.43009,1.43115,1.42791,1.42988,0,0
2015-05-28,20:00:00,1.42993,1.43164,1.4296,1.4296,0,0
2015-05-28,21:00:00,1.4296,1.4314,1.42926,1.43121,0,0
2015-05-28,22:00:00,1.43126,1.43159,1.42946,1.4309,0,0
2015-05-28,23:00:00,1.43071,1.43153,1.43041,1.43122,0,0
2015-05-28,23:59:00,1.43128,1.43385,1.43128,1.43231,0,0
2015-05-29,01:00:00,1.43209,1.43333,1.43125,1.43243,0,0
2015-05-29,02:00:00,1.43243,1.43288,1.43142,1.43182,0,0
2015-05-29,03:00:00,1.43182,1.43281,1.43038,1.43186,0,0
2015-05-29,04:00:00,1.4315,1.43307,1.42964,1.42999,0,0
2015-05-29,05:00:00,1.43007,1.4307,1.42843,1.42977,0,0
2015-05-29,06:00:00,1.42969,1.43128,1.42932,1.43007,0,0
2015-05-29,07:00:00,1.42991,1.43032,1.42896,1.42908,0,0
2015-05-29,08:00:00,1.42903,1.4299,1.42858,1.42981,0,0
2015-05-29,09:00:00,1.42971,1.43047,1.42783,1.42783,0,0
2015-05-29,10:00:00,1.42819,1.4322,1.42797,1.43199,0,0
2015-05-29,11:00:00,1.432,1.43396,1.4312,1.43192,0,0
2015-05-29,12:00:00,1.43197,1.43463,1.43193,1.43436,0,0
2015-05-29,13:00:00,1.43444,1.43504,1.43202,1.43297,0,0
2015-05-29,14:00:00,1.43325,1.43503,1.43219,1.43476,0,0
2015-05-29,15:00:00,1.43466,1.43694,1.43345,1.43608,0,0
2015-05-29,16:00:00,1.43576,1.4378,1.43516,1.43672,0,0
2015-05-29,17:00:00,1.43667,1.43758,1.43183,1.43183,0,0
2015-05-29,18:00:00,1.43167,1.43607,1.43125,1.43547,0,0
2015-05-29,19:00:00,1.43545,1.43646,1.43368,1.43372,0,0
2015-05-29,20:00:00,1.43373,1.43515,1.43335,1.43411,0,0
2015-05-29,21:00:00,1.43406,1.43543,1.43393,1.43444,0,0
2015-05-29,22:00:00,1.43459,1.43727,1.43426,1.43649,0,0
2015-05-29,23:00:00,1.43649,1.43649,1.43616,1.43616,0,0
2015-06-01,01:00:00,1.4362,1.43768,1.43513,1.43581,0,0
2015-06-01,02:00:00,1.4358,1.43596,1.43318,1.43387,0,0
2015-06-01,03:00:00,1.43392,1.43438,1.43088,1.43126,0,0
2015-06-01,04:00:00,1.43114,1.43298,1.42878,1.43008,0,0
2015-06-01,05:00:00,1.43014,1.43225,1.42857,1.43135,0,0
2015-06-01,06:00:00,1.4315,1.43247,1.43016,1.43179,0,0
2015-06-01,07:00:00,1.43179,1.43225,1.43054,1.43087,0,0
2015-06-01,08:00:00,1.43081,1.43338,1.43077,1.43183,0,0
2015-06-01,09:00:00,1.43203,1.43227,1.42635,1.42715,0,0
2015-06-01,10:00:00,1.42713,1.42872,1.42412,1.4256,0,0
2015-06-01,11:00:00,1.42554,1.4279,1.42414,1.42529,0,0
2015-06-01,12:00:00,1.42533,1.43106,1.42511,1.42997,0,0
2015-06-01,13:00:00,1.42994,1.43229,1.42866,1.43133,0,0
2015-06-01,14:00:00,1.4313,1.43248,1.42893,1.4316,0,0
2015-06-01,15:00:00,1.43154,1.43418,1.43115,1.43179,0,0
2015-06-01,16:00:00,1.43182,1.43513,1.43182,1.43389,0,0
2015-06-01,17:00:00,1.43363,1.43457,1.43086,1.43132,0,0
2015-06-01,18:00:00,1.43123,1.43413,1.43081,1.43385,0,0
2015-06-01,19:00:00,1.43382,1.43666,1.43365,1.43603,0,0
2015-06-01,20:00:00,1.43607,1.43774,1.43593,1.43691,0,0
2015-06-01,21:00:00,1.4369,1.43778,1.43533,1.43755,0,0
2015-06-01,22:00:00,1.43785,1.43857,1.43606,1.43642,0,0
2015-06-01,23:00:00,1.43638,1.43705,1.43554,1.43672,0,0
2015-06-01,23:59:00,1.43663,1.4377,1.43492,1.43492,0,0
2015-06-02,01:00:00,1.43558,1.43604,1.43505,1.43551,0,0
2015-06-02,02:00:00,1.43549,1.43629,1.43382,1.43442,0,0
2015-06-02,03:00:00,1.43434,1.43486,1.43236,1.43368,0,0
2015-06-02,04:00:00,1.43368,1.43381,1.43076,1.43221,0,0
2015-06-02,05:00:00,1.43222,1.43252,1.43123,1.43229,0,0
2015-06-02,06:00:00,1.43229,1.43235,1.43086,1.43148,0,0
2015-06-02,07:00:00,1.43148,1.43329,1.42235,1.42486,0,0
2015-06-02,08:00:00,1.4248,1.42514,1.42209,1.42231,0,0
2015-06-02,09:00:00,1.42236,1.42357,1.42042,1.42273,0,0
2015-06-02,10:00:00,1.42271,1.42726,1.42249,1.4244,0,0
2015-06-02,11:00:00,1.42451,1.42897,1.42382,1.42876,0,0
2015-06-02,12:00:00,1.42884,1.43137,1.42827,1.43012,0,0
2015-06-02,13:00:00,1.43009,1.43761,1.42979,1.43433,0,0
2015-06-02,14:00:00,1.43424,1.4375,1.4327,1.43321,0,0
2015-06-02,15:00:00,1.43333,1.43983,1.43264,1.4396,0,0
2015-06-02,16:00:00,1.43979,1.44443,1.43634,1.4365,0,0
2015-06-02,17:00:00,1.4366,1.43792,1.43427,1.43646,0,0
2015-06-02,18:00:00,1.43667,1.4375,1.43538,1.43631,0,0
2015-06-02,19:00:00,1.43628,1.43704,1.43485,1.43663,0,0
2015-06-02,20:00:00,1.43687,1.43725,1.43548,1.43578,0,0
2015-06-02,21:00:00,1.43583,1.43693,1.43501,1.43501,0,0
2015-06-02,22:00:00,1.43506,1.43626,1.4334,1.4341,0,0
2015-06-02,23:00:00,1.43418,1.43528,1.43359,1.43468,0,0
2015-06-02,23:59:00,1.43466,1.43498,1.43382,1.43478,0,0
2015-06-03,01:00:00,1.43485,1.43595,1.43428,1.43557,0,0
2015-06-03,02:00:00,1.43557,1.43676,1.43529,1.43663,0,0
2015-06-03,03:00:00,1.43652,1.43672,1.43496,1.4358,0,0
2015-06-03,04:00:00,1.43568,1.43588,1.42811,1.42934,0,0
2015-06-03,05:00:00,1.42936,1.43236,1.42936,1.43207,0,0
2015-06-03,06:00:00,1.43218,1.43291,1.43108,1.43109,0,0
2015-06-03,07:00:00,1.43174,1.43347,1.43109,1.43258,0,0
2015-06-03,08:00:00,1.43258,1.43433,1.4322,1.43257,0,0
2015-06-03,09:00:00,1.43239,1.43374,1.4301,1.43142,0,0
2015-06-03,10:00:00,1.43125,1.43125,1.42796,1.42978,0,0
2015-06-03,11:00:00,1.4298,1.4323,1.42936,1.43199,0,0
2015-06-03,12:00:00,1.43173,1.43224,1.42872,1.43069,0,0
2015-06-03,13:00:00,1.43058,1.43226,1.43017,1.43218,0,0
2015-06-03,14:00:00,1.43211,1.43224,1.43015,1.43072,0,0
2015-06-03,15:00:00,1.43069,1.43444,1.42919,1.43307,0,0
2015-06-03,16:00:00,1.43309,1.44299,1.43309,1.43901,0,0
2015-06-03,17:00:00,1.439,1.44451,1.43827,1.44351,0,0
2015-06-03,18:00:00,1.44351,1.44597,1.44322,1.44596,0,0
2015-06-03,19:00:00,1.446,1.4469,1.4452,1.44597,0,0
2015-06-03,20:00:00,1.44577,1.44806,1.44577,1.44609,0,0
2015-06-03,21:00:00,1.44606,1.44809,1.44604,1.44779,0,0
2015-06-03,22:00:00,1.44779,1.44864,1.44686,1.44804,0,0
2015-06-03,23:00:00,1.44811,1.44842,1.44701,1.44806,0,0
2015-06-03,23:59:00,1.44793,1.44874,1.44731,1.44835,0,0
2015-06-04,01:00:00,1.44834,1.45002,1.44801,1.44944,0,0
2015-06-04,02:00:00,1.44926,1.45012,1.44816,1.44913,0,0
2015-06-04,03:00:00,1.44913,1.45027,1.44846,1.4489,0,0
2015-06-04,04:00:00,1.4489,1.45995,1.44792,1.45802,0,0
2015-06-04,05:00:00,1.45796,1.45921,1.45746,1.45811,0,0
2015-06-04,06:00:00,1.45811,1.45927,1.45744,1.45772,0,0
2015-06-04,07:00:00,1.45772,1.45833,1.45675,1.45763,0,0
2015-06-04,08:00:00,1.45782,1.46052,1.45768,1.45965,0,0
2015-06-04,09:00:00,1.45945,1.45945,1.45534,1.45595,0,0
2015-06-04,10:00:00,1.45604,1.4606,1.45551,1.45977,0,0
2015-06-04,11:00:00,1.45985,1.46764,1.45805,1.46293,0,0
2015-06-04,12:00:00,1.46278,1.46626,1.46276,1.46567,0,0
2015-06-04,13:00:00,1.46555,1.46786,1.46451,1.46488,0,0
2015-06-04,14:00:00,1.46491,1.46611,1.46109,1.46155,0,0
2015-06-04,15:00:00,1.46162,1.46412,1.46106,1.46236,0,0
2015-06-04,16:00:00,1.46237,1.4652,1.45892,1.46494,0,0
2015-06-04,17:00:00,1.46521,1.47001,1.46479,1.46985,0,0
2015-06-04,18:00:00,1.46976,1.47125,1.46791,1.4687,0,0
2015-06-04,19:00:00,1.46881,1.47083,1.468,1.46902,0,0
2015-06-04,20:00:00,1.46885,1.46953,1.46318,1.46318,0,0
2015-06-04,21:00:00,1.46315,1.46375,1.46208,1.46332,0,0
2015-06-04,22:00:00,1.46363,1.46363,1.46249,1.46316,0,0
2015-06-04,23:00:00,1.46281,1.46361,1.46165,1.46165,0,0
2015-06-04,23:59:00,1.46172,1.46268,1.46082,1.46208,0,0
2015-06-05,01:00:00,1.46201,1.46225,1.4592,1.45923,0,0
2015-06-05,02:00:00,1.45922,1.45922,1.45581,1.45798,0,0
2015-06-05,03:00:00,1.45798,1.45981,1.45744,1.45744,0,0
2015-06-05,04:00:00,1.45747,1.458,1.45607,1.45648,0,0
2015-06-05,05:00:00,1.45654,1.4573,1.4563,1.4568,0,0
2015-06-05,06:00:00,1.45684,1.45722,1.456,1.45608,0,0
2015-06-05,07:00:00,1.45608,1.45713,1.45592,1.45646,0,0
2015-06-05,08:00:00,1.45651,1.45754,1.45602,1.45754,0,0
2015-06-05,09:00:00,1.45773,1.46157,1.45773,1.46129,0,0
2015-06-05,10:00:00,1.46122,1.46805,1.46122,1.46684,0,0
2015-06-05,11:00:00,1.46685,1.46733,1.4629,1.46349,0,0
2015-06-05,12:00:00,1.46313,1.46411,1.46124,1.46342,0,0
2015-06-05,13:00:00,1.4634,1.4634,1.45671,1.45731,0,0
2015-06-05,14:00:00,1.45731,1.45833,1.45349,1.45508,0,0
2015-06-05,15:00:00,1.45508,1.45721,1.45038,1.45631,0,0
2015-06-05,16:00:00,1.4563,1.45803,1.45288,1.45444,0,0
2015-06-05,17:00:00,1.45459,1.45674,1.45161,1.45652,0,0
2015-06-05,18:00:00,1.45653,1.45819,1.45624,1.45741,0,0
2015-06-05,19:00:00,1.45754,1.45921,1.4566,1.45891,0,0
2015-06-05,20:00:00,1.45902,1.45938,1.45795,1.45887,0,0
2015-06-05,21:00:00,1.45875,1.46152,1.45866,1.45973,0,0
2015-06-05,22:00:00,1.4599,1.46,1.45705,1.4571,0,0
2015-06-05,23:00:00,1.45748,1.4577,1.45748,1.4577,0,0
2015-06-08,01:00:00,1.45605,1.45755,1.45605,1.45716,0,0
2015-06-08,02:00:00,1.45714,1.45781,1.45694,1.45763,0,0
2015-06-08,03:00:00,1.45774,1.45806,1.45558,1.45672,0,0
2015-06-08,04:00:00,1.45668,1.45668,1.45459,1.45459,0,0
2015-06-08,05:00:00,1.45471,1.45754,1.45241,1.45742,0,0
2015-06-08,06:00:00,1.45742,1.45878,1.45733,1.45803,0,0
2015-06-08,07:00:00,1.458,1.45937,1.45786,1.45924,0,0
2015-06-08,08:00:00,1.45926,1.45962,1.45774,1.45849,0,0
2015-06-08,09:00:00,1.45895,1.46039,1.45574,1.45793,0,0
2015-06-08,10:00:00,1.45796,1.46193,1.45791,1.46127,0,0
2015-06-08,11:00:00,1.4613,1.46263,1.45646,1.45669,0,0
2015-06-08,12:00:00,1.45668,1.45853,1.45542,1.45563,0,0
2015-06-08,13:00:00,1.45554,1.45856,1.45525,1.45823,0,0
2015-06-08,14:00:00,1.45832,1.46118,1.45763,1.46048,0,0
2015-06-08,15:00:00,1.46054,1.46611,1.46046,1.46279,0,0
2015-06-08,16:00:00,1.4629,1.46604,1.46273,1.46544,0,0
2015-06-08,17:00:00,1.46521,1.46855,1.46383,1.46855,0,0
2015-06-08,18:00:00,1.46846,1.46878,1.46598,1.46829,0,0
2015-06-08,19:00:00,1.46821,1.46987,1.46789,1.46843,0,0
2015-06-08,20:00:00,1.46849,1.47003,1.46468,1.46605,0,0
2015-06-08,21:00:00,1.46594,1.46727,1.46501,1.46501,0,0
2015-06-08,22:00:00,1.4651,1.46539,1.46371,1.46482,0,0
2015-06-08,23:00:00,1.46474,1.46669,1.46455,1.46613,0,0
2015-06-08,23:59:00,1.46575,1.46732,1.46508,1.46615,0,0
2015-06-09,01:00:00,1.46607,1.46825,1.46607,1.4679,0,0
2015-06-09,02:00:00,1.46806,1.46828,1.4665,1.46736,0,0
2015-06-09,03:00:00,1.4673,1.46921,1.46721,1.46731,0,0
2015-06-09,04:00:00,1.46736,1.46965,1.46433,1.4695,0,0
2015-06-09,05:00:00,1.47072,1.4718,1.4695,1.46973,0,0
2015-06-09,06:00:00,1.4697,1.47149,1.46914,1.47112,0,0
2015-06-09,07:00:00,1.47122,1.47212,1.47044,1.47085,0,0
2015-06-09,08:00:00,1.47086,1.4738,1.47085,1.47375,0,0
2015-06-09,09:00:00,1.47382,1.47389,1.47076,1.47196,0,0
2015-06-09,10:00:00,1.47222,1.47526,1.46995,1.47481,0,0
2015-06-09,11:00:00,1.47474,1.47534,1.47076,1.47094,0,0
2015-06-09,12:00:00,1.47116,1.47197,1.46808,1.46935,0,0
2015-06-09,13:00:00,1.46926,1.46939,1.46467,1.46533,0,0
2015-06-09,14:00:00,1.46568,1.46641,1.45933,1.45968,0,0
2015-06-09,15:00:00,1.45966,1.46154,1.459,1.4613,0,0
2015-06-09,16:00:00,1.4615,1.46252,1.45923,1.4623,0,0
2015-06-09,17:00:00,1.46295,1.46513,1.46173,1.46499,0,0
2015-06-09,18:00:00,1.46507,1.46881,1.46483,1.46799,0,0
2015-06-09,19:00:00,1.46806,1.46964,1.46772,1.46883,0,0
2015-06-09,20:00:00,1.46881,1.47052,1.46761,1.47021,0,0
2015-06-09,21:00:00,1.47025,1.47071,1.46847,1.46853,0,0
2015-06-09,22:00:00,1.46853,1.46896,1.46676,1.46722,0,0
2015-06-09,23:00:00,1.46734,1.46805,1.4659,1.46714,0,0
2015-06-09,23:59:00,1.46706,1.46746,1.46564,1.4665,0,0
2015-06-10,01:00:00,1.4665,1.46674,1.46566,1.46608,0,0
2015-06-10,02:00:00,1.46609,1.46942,1.46609,1.46916,0,0
2015-06-10,03:00:00,1.46912,1.47223,1.46743,1.47061,0,0
2015-06-10,04:00:00,1.47059,1.47167,1.46957,1.47015,0,0
2015-06-10,05:00:00,1.47015,1.47642,1.46898,1.47464,0,0
2015-06-10,06:00:00,1.47483,1.47701,1.47398,1.474,0,0
2015-06-10,07:00:00,1.474,1.47546,1.46675,1.46805,0,0
2015-06-10,08:00:00,1.46808,1.46876,1.46048,1.46208,0,0
2015-06-10,09:00:00,1.46239,1.46386,1.45895,1.46386,0,0
2015-06-10,10:00:00,1.4644,1.46839,1.45948,1.4611,0,0
2015-06-10,11:00:00,1.46103,1.46371,1.45688,1.45791,0,0
2015-06-10,12:00:00,1.45772,1.4593,1.4553,1.45666,0,0
2015-06-10,13:00:00,1.45666,1.45957,1.45426,1.45922,0,0
2015-06-10,14:00:00,1.45936,1.46056,1.45665,1.45705,0,0
2015-06-10,15:00:00,1.45708,1.45988,1.45684,1.45956,0,0
2015-06-10,16:00:00,1.45959,1.46183,1.45787,1.45815,0,0
2015-06-10,17:00:00,1.45807,1.45831,1.45554,1.45737,0,0
2015-06-10,18:00:00,1.45739,1.46026,1.457,1.45932,0,0
2015-06-10,19:00:00,1.45922,1.45965,1.45625,1.45785,0,0
2015-06-10,20:00:00,1.45774,1.45877,1.45732,1.45801,0,0
2015-06-10,21:00:00,1.45796,1.45873,1.45722,1.45842,0,0
2015-06-10,22:00:00,1.45846,1.45989,1.45827,1.45977,0,0
2015-06-10,23:00:00,1.45975,1.46003,1.45856,1.45922,0,0
2015-06-10,23:59:00,1.45939,1.47011,1.45857,1.46223,0,0
2015-06-11,01:00:00,1.46223,1.46364,1.46198,1.46358,0,0
2015-06-11,02:00:00,1.46358,1.46359,1.46182,1.46348,0,0
2015-06-11,03:00:00,1.46348,1.46539,1.46341,1.46385,0,0
2015-06-11,04:00:00,1.46373,1.46421,1.4503,1.45361,0,0
2015-06-11,05:00:00,1.45377,1.45571,1.45377,1.45434,0,0
2015-06-11,06:00:00,1.45428,1.4564,1.45335,1.45515,0,0
2015-06-11,07:00:00,1.45509,1.45669,1.45476,1.45505,0,0
2015-06-11,08:00:00,1.45514,1.45743,1.45491,1.45667,0,0
2015-06-11,09:00:00,1.4567,1.4599,1.45576,1.45599,0,0
2015-06-11,10:00:00,1.45595,1.4568,1.4539,1.45463,0,0
2015-06-11,11:00:00,1.45447,1.45503,1.45175,1.45424,0,0
2015-06-11,12:00:00,1.45421,1.45783,1.45363,1.45671,0,0
2015-06-11,13:00:00,1.45671,1.45841,1.45591,1.4573,0,0
2015-06-11,14:00:00,1.45735,1.45739,1.45385,1.4552,0,0
2015-06-11,15:00:00,1.45521,1.45591,1.45163,1.45344,0,0
2015-06-11,16:00:00,1.4535,1.45431,1.4517,1.45376,0,0
2015-06-11,17:00:00,1.45367,1.45546,1.45131,1.45519,0,0
2015-06-11,18:00:00,1.45518,1.45609,1.4537,1.4546,0,0
2015-06-11,19:00:00,1.45447,1.45471,1.45284,1.45444,0,0
2015-06-11,20:00:00,1.45439,1.45499,1.45261,1.45296,0,0
2015-06-11,21:00:00,1.45314,1.45353,1.45224,1.45321,0,0
2015-06-11,22:00:00,1.45333,1.45333,1.45081,1.45162,0,0
2015-06-11,23:00:00,1.45164,1.45211,1.45095,1.45164,0,0
2015-06-11,23:59:00,1.45171,1.45193,1.4492,1.44925,0,0
2015-06-12,01:00:00,1.44962,1.45094,1.44962,1.45015,0,0
2015-06-12,02:00:00,1.45017,1.45183,1.44976,1.45182,0,0
2015-06-12,03:00:00,1.45161,1.453,1.45117,1.45164,0,0
2015-06-12,04:00:00,1.45156,1.45245,1.45088,1.452,0,0
2015-06-12,05:00:00,1.45205,1.45275,1.45174,1.45251,0,0
2015-06-12,06:00:00,1.45253,1.45378,1.45206,1.45324,0,0
2015-06-12,07:00:00,1.45322,1.45397,1.44994,1.45184,0,0
2015-06-12,08:00:00,1.45184,1.45324,1.45105,1.45251,0,0
2015-06-12,09:00:00,1.45248,1.45341,1.45175,1.45253,0,0
2015-06-12,10:00:00,1.45254,1.45573,1.45254,1.45504,0,0
2015-06-12,11:00:00,1.45512,1.45965,1.4512,1.45274,0,0
2015-06-12,12:00:00,1.45293,1.4538,1.44921,1.45026,0,0
2015-06-12,13:00:00,1.4502,1.45279,1.45001,1.45274,0,0
2015-06-12,14:00:00,1.45283,1.45393,1.45188,1.45347,0,0
2015-06-12,15:00:00,1.45351,1.45779,1.45321,1.45779,0,0
2015-06-12,16:00:00,1.45774,1.45936,1.45516,1.45573,0,0
2015-06-12,17:00:00,1.45598,1.45718,1.45391,1.4564,0,0
2015-06-12,18:00:00,1.45624,1.45754,1.45462,1.45701,0,0
2015-06-12,19:00:00,1.45684,1.45789,1.45516,1.45586,0,0
2015-06-12,20:00:00,1.4558,1.45691,1.45463,1.45643,0,0
2015-06-12,21:00:00,1.45647,1.45711,1.45539,1.45539,0,0
2015-06-12,22:00:00,1.45527,1.45656,1.4549,1.45524,0,0
2015-06-12,23:00:00,1.45526,1.45535,1.45519,1.45524,0,0
2015-06-15,01:00:00,1.44859,1.45233,1.44859,1.45207,0,0
2015-06-15,02:00:00,1.4522,1.45234,1.45065,1.45221,0,0
2015-06-15,03:00:00,1.45221,1.45503,1.4519,1.45446,0,0
2015-06-15,04:00:00,1.4547,1.45481,1.45104,1.45126,0,0
2015-06-15,05:00:00,1.45128,1.45259,1.45085,1.45239,0,0
2015-06-15,06:00:00,1.45256,1.45342,1.45225,1.4534,0,0
2015-06-15,07:00:00,1.4534,1.45442,1.45265,1.45426,0,0
2015-06-15,08:00:00,1.45429,1.45429,1.45177,1.45182,0,0
2015-06-15,09:00:00,1.45148,1.45335,1.45007,1.4532,0,0
2015-06-15,10:00:00,1.45325,1.45568,1.4532,1.45437,0,0
2015-06-15,11:00:00,1.45442,1.458,1.45421,1.45645,0,0
2015-06-15,12:00:00,1.45637,1.45658,1.45168,1.4521,0,0
2015-06-15,13:00:00,1.45212,1.45418,1.45051,1.4508,0,0
2015-06-15,14:00:00,1.4509,1.4509,1.44804,1.44877,0,0
2015-06-15,15:00:00,1.44867,1.44867,1.44515,1.44563,0,0
2015-06-15,16:00:00,1.44565,1.44709,1.4428,1.44643,0,0
2015-06-15,17:00:00,1.44637,1.44905,1.44573,1.4487,0,0
2015-06-15,18:00:00,1.44886,1.45076,1.44799,1.45045,0,0
2015-06-15,19:00:00,1.45076,1.45373,1.44999,1.45216,0,0
2015-06-15,20:00:00,1.45199,1.45264,1.45063,1.4509,0,0
2015-06-15,21:00:00,1.45068,1.45327,1.45068,1.45325,0,0
2015-06-15,22:00:00,1.45332,1.45437,1.45278,1.4534,0,0
2015-06-15,23:00:00,1.45332,1.45356,1.45252,1.45315,0,0
2015-06-15,23:59:00,1.45301,1.45398,1.45238,1.45357,0,0
2015-06-16,01:00:00,1.45357,1.45392,1.45249,1.45251,0,0
2015-06-16,02:00:00,1.4525,1.45386,1.4525,1.45349,0,0
2015-06-16,03:00:00,1.45348,1.45439,1.45315,1.45391,0,0
2015-06-16,04:00:00,1.45406,1.45581,1.44948,1.45161,0,0
2015-06-16,05:00:00,1.45144,1.45318,1.45134,1.45153,0,0
2015-06-16,06:00:00,1.45147,1.45359,1.45113,1.45328,0,0
2015-06-16,07:00:00,1.45318,1.4539,1.45237,1.45383,0,0
2015-06-16,08:00:00,1.45388,1.45518,1.4534,1.45502,0,0
2015-06-16,09:00:00,1.45507,1.46069,1.45374,1.46046,0,0
2015-06-16,10:00:00,1.46049,1.46273,1.45761,1.45955,0,0
2015-06-16,11:00:00,1.45917,1.46187,1.45708,1.45708,0,0
2015-06-16,12:00:00,1.45697,1.4573,1.45335,1.45477,0,0
2015-06-16,13:00:00,1.45511,1.45591,1.45293,1.45399,0,0
2015-06-16,14:00:00,1.45404,1.45555,1.4502,1.4507,0,0
2015-06-16,15:00:00,1.45065,1.45083,1.44721,1.44933,0,0
2015-06-16,16:00:00,1.44913,1.44976,1.44802,1.44873,0,0
2015-06-16,17:00:00,1.44864,1.44917,1.44489,1.44913,0,0
2015-06-16,18:00:00,1.44913,1.44966,1.44828,1.4494,0,0
2015-06-16,19:00:00,1.44945,1.4507,1.4483,1.45063,0,0
2015-06-16,20:00:00,1.45074,1.45174,1.4501,1.45145,0,0
2015-06-16,21:00:00,1.45128,1.4518,1.45074,1.45152,0,0
2015-06-16,22:00:00,1.45151,1.45261,1.45136,1.45167,0,0
2015-06-16,23:00:00,1.45161,1.45259,1.45081,1.45107,0,0
2015-06-16,23:59:00,1.45105,1.4514,1.44956,1.45096,0,0
2015-06-17,01:00:00,1.45103,1.4513,1.44999,1.45083,0,0
2015-06-17,02:00:00,1.45086,1.45158,1.45033,1.45153,0,0
2015-06-17,03:00:00,1.45146,1.4528,1.45109,1.4514,0,0
2015-06-17,04:00:00,1.45143,1.45611,1.45124,1.45561,0,0
2015-06-17,05:00:00,1.45563,1.45663,1.45491,1.45663,0,0
2015-06-17,06:00:00,1.45663,1.45859,1.45655,1.45696,0,0
2015-06-17,07:00:00,1.45699,1.45846,1.45699,1.45785,0,0
2015-06-17,08:00:00,1.458,1.45829,1.45675,1.45678,0,0
2015-06-17,09:00:00,1.45693,1.4603,1.45582,1.45908,0,0
2015-06-17,10:00:00,1.45914,1.46424,1.45879,1.46273,0,0
2015-06-17,11:00:00,1.46274,1.4682,1.46254,1.46593,0,0
2015-06-17,12:00:00,1.4659,1.46745,1.46518,1.46528,0,0
2015-06-17,13:00:00,1.46515,1.46846,1.46414,1.46633,0,0
2015-06-17,14:00:00,1.46626,1.46773,1.46504,1.46741,0,0
2015-06-17,15:00:00,1.46747,1.47012,1.46611,1.46611,0,0
2015-06-17,16:00:00,1.46619,1.46738,1.46413,1.46585,0,0
2015-06-17,17:00:00,1.46588,1.46778,1.46421,1.46546,0,0
2015-06-17,18:00:00,1.46527,1.46791,1.46497,1.46638,0,0
2015-06-17,19:00:00,1.46656,1.46968,1.46641,1.46922,0,0
2015-06-17,20:00:00,1.46933,1.46967,1.4668,1.46816,0,0
2015-06-17,21:00:00,1.46866,1.46866,1.46186,1.46233,0,0
2015-06-17,22:00:00,1.46236,1.46576,1.46081,1.46461,0,0
2015-06-17,23:00:00,1.46459,1.46489,1.462,1.46285,0,0
2015-06-17,23:59:00,1.46321,1.46366,1.46169,1.46304,0,0
2015-06-18,01:00:00,1.46309,1.46783,1.46295,1.46608,0,0
2015-06-18,02:00:00,1.46614,1.47232,1.465,1.47164,0,0
2015-06-18,03:00:00,1.47165,1.47329,1.46888,1.46969,0,0
2015-06-18,04:00:00,1.46979,1.47032,1.46731,1.46843,0,0
2015-06-18,05:00:00,1.46839,1.47003,1.46767,1.46832,0,0
2015-06-18,06:00:00,1.46849,1.47161,1.46825,1.47121,0,0
2015-06-18,07:00:00,1.47123,1.47371,1.47114,1.47128,0,0
2015-06-18,08:00:00,1.47142,1.47201,1.46816,1.46824,0,0
2015-06-18,09:00:00,1.46833,1.46868,1.46443,1.46633,0,0
2015-06-18,10:00:00,1.46643,1.467,1.46302,1.46448,0,0
2015-06-18,11:00:00,1.46469,1.4662,1.4616,1.4617,0,0
2015-06-18,12:00:00,1.46173,1.46293,1.45655,1.45803,0,0
2015-06-18,13:00:00,1.45784,1.45816,1.45513,1.45747,0,0
2015-06-18,14:00:00,1.45741,1.45748,1.45502,1.45548,0,0
2015-06-18,15:00:00,1.45563,1.45761,1.45461,1.45461,0,0
2015-06-18,16:00:00,1.45465,1.45625,1.45328,1.45407,0,0
2015-06-18,17:00:00,1.45417,1.45787,1.45348,1.4569,0,0
2015-06-18,18:00:00,1.45681,1.45737,1.45529,1.45638,0,0
2015-06-18,19:00:00,1.45644,1.46097,1.45267,1.456,0,0
2015-06-18,20:00:00,1.45588,1.45729,1.45559,1.45642,0,0
2015-06-18,21:00:00,1.4564,1.45887,1.45639,1.45872,0,0
2015-06-18,22:00:00,1.45849,1.45898,1.45681,1.45842,0,0
2015-06-18,23:00:00,1.45844,1.45866,1.45641,1.45641,0,0
2015-06-18,23:59:00,1.45657,1.45826,1.45648,1.45732,0,0
2015-06-19,01:00:00,1.45732,1.46028,1.45658,1.45717,0,0
2015-06-19,02:00:00,1.45717,1.46013,1.45717,1.45976,0,0
2015-06-19,03:00:00,1.45963,1.46166,1.45854,1.45888,0,0
2015-06-19,04:00:00,1.45876,1.46041,1.45814,1.45969,0,0
2015-06-19,05:00:00,1.45962,1.46134,1.45947,1.46048,0,0
2015-06-19,06:00:00,1.46043,1.46177,1.46042,1.46158,0,0
2015-06-19,07:00:00,1.46158,1.46409,1.46131,1.4616,0,0
2015-06-19,08:00:00,1.46159,1.46249,1.461,1.46127,0,0
2015-06-19,09:00:00,1.46135,1.46203,1.45986,1.4613,0,0
2015-06-19,10:00:00,1.46139,1.46139,1.45678,1.45774,0,0
2015-06-19,11:00:00,1.45789,1.45917,1.45516,1.45619,0,0
2015-06-19,12:00:00,1.45616,1.46047,1.45541,1.45896,0,0
2015-06-19,13:00:00,1.45894,1.45951,1.45713,1.45771,0,0
2015-06-19,14:00:00,1.45773,1.45856,1.45663,1.45782,0,0
2015-06-19,15:00:00,1.45782,1.46137,1.4575,1.46066,0,0
2015-06-19,16:00:00,1.46072,1.46215,1.45886,1.46075,0,0
2015-06-19,17:00:00,1.46078,1.46252,1.45985,1.46056,0,0
2015-06-19,18:00:00,1.46052,1.46278,1.46052,1.46115,0,0
2015-06-19,19:00:00,1.46117,1.46222,1.46111,1.46174,0,0
2015-06-19,20:00:00,1.4623,1.46322,1.46156,1.46216,0,0
2015-06-19,21:00:00,1.46216,1.46298,1.46138,1.46171,0,0
2015-06-19,22:00:00,1.46172,1.46213,1.46006,1.46006,0,0
2015-06-19,23:00:00,1.46009,1.46024,1.46003,1.46024,0,0
2015-06-22,01:00:00,1.46392,1.46398,1.46171,1.46248,0,0
2015-06-22,02:00:00,1.46241,1.46394,1.46216,1.46304,0,0
2015-06-22,03:00:00,1.46306,1.46382,1.46218,1.46278,0,0
2015-06-22,04:00:00,1.46287,1.46288,1.46108,1.46228,0,0
2015-06-22,05:00:00,1.46231,1.46348,1.46145,1.46316,0,0
2015-06-22,06:00:00,1.46314,1.46427,1.46265,1.46265,0,0
2015-06-22,07:00:00,1.46265,1.46489,1.46229,1.4646,0,0
2015-06-22,08:00:00,1.46465,1.46515,1.46244,1.46285,0,0
2015-06-22,09:00:00,1.46275,1.46359,1.46042,1.46277,0,0
2015-06-22,10:00:00,1.46283,1.46283,1.45735,1.458,0,0
2015-06-22,11:00:00,1.45811,1.45914,1.45635,1.45871,0,0
2015-06-22,12:00:00,1.45874,1.46093,1.45825,1.46084,0,0
2015-06-22,13:00:00,1.46093,1.46337,1.46045,1.4619,0,0
2015-06-22,14:00:00,1.46196,1.46463,1.46166,1.46177,0,0
2015-06-22,15:00:00,1.46177,1.46262,1.46064,1.46158,0,0
2015-06-22,16:00:00,1.46148,1.46404,1.46025,1.46366,0,0
2015-06-22,17:00:00,1.46437,1.46975,1.46357,1.46915,0,0
2015-06-22,18:00:00,1.46913,1.47323,1.46865,1.4693,0,0
2015-06-22,19:00:00,1.4694,1.46992,1.46791,1.46948,0,0
2015-06-22,20:00:00,1.4696,1.46969,1.46717,1.46733,0,0
2015-06-22,21:00:00,1.46733,1.46811,1.46682,1.46725,0,0
2015-06-22,22:00:00,1.46723,1.46789,1.4661,1.46716,0,0
2015-06-22,23:00:00,1.46724,1.46787,1.46653,1.46743,0,0
2015-06-22,23:59:00,1.46746,1.46808,1.46621,1.46679,0,0
2015-06-23,01:00:00,1.46692,1.46824,1.46642,1.46824,0,0
2015-06-23,02:00:00,1.46816,1.4687,1.46761,1.46802,0,0
2015-06-23,03:00:00,1.46792,1.46826,1.46579,1.46652,0,0
2015-06-23,04:00:00,1.46667,1.46929,1.46556,1.46831,0,0
2015-06-23,05:00:00,1.46833,1.46864,1.46179,1.46278,0,0
2015-06-23,06:00:00,1.46275,1.46328,1.46218,1.46291,0,0
2015-06-23,07:00:00,1.46291,1.4639,1.46205,1.46331,0,0
2015-06-23,08:00:00,1.46321,1.46388,1.46181,1.46192,0,0
2015-06-23,09:00:00,1.46209,1.46209,1.45466,1.45577,0,0
2015-06-23,10:00:00,1.45575,1.45855,1.45522,1.45822,0,0
2015-06-23,11:00:00,1.45798,1.45877,1.45389,1.45523,0,0
2015-06-23,12:00:00,1.4551,1.45669,1.45404,1.45469,0,0
2015-06-23,13:00:00,1.45455,1.45624,1.45329,1.45471,0,0
2015-06-23,14:00:00,1.45482,1.45531,1.45219,1.45326,0,0
2015-06-23,15:00:00,1.45331,1.45392,1.44954,1.45169,0,0
2015-06-23,16:00:00,1.45163,1.45297,1.4483,1.44912,0,0
2015-06-23,17:00:00,1.44907,1.44907,1.44689,1.44802,0,0
2015-06-23,18:00:00,1.44785,1.448,1.44468,1.4459,0,0
2015-06-23,19:00:00,1.44586,1.44657,1.44495,1.44651,0,0
2015-06-23,20:00:00,1.44653,1.44698,1.44407,1.4446,0,0
2015-06-23,21:00:00,1.44458,1.4457,1.44433,1.44469,0,0
2015-06-23,22:00:00,1.44476,1.44582,1.44293,1.44356,0,0
2015-06-23,23:00:00,1.44371,1.4451,1.44225,1.44355,0,0
2015-06-23,23:59:00,1.44354,1.44396,1.4422,1.44363,0,0
2015-06-24,01:00:00,1.44387,1.44387,1.44257,1.44385,0,0
2015-06-24,02:00:00,1.44385,1.44407,1.44269,1.44327,0,0
2015-06-24,03:00:00,1.44308,1.44314,1.44061,1.44111,0,0
2015-06-24,04:00:00,1.44118,1.4439,1.44049,1.44371,0,0
2015-06-24,05:00:00,1.44363,1.44615,1.44362,1.44595,0,0
2015-06-24,06:00:00,1.44595,1.44747,1.44466,1.44702,0,0
2015-06-24,07:00:00,1.44704,1.44903,1.44623,1.44826,0,0
2015-06-24,08:00:00,1.4483,1.45086,1.44768,1.44974,0,0
2015-06-24,09:00:00,1.44968,1.45052,1.44813,1.44849,0,0
2015-06-24,10:00:00,1.44857,1.45004,1.44755,1.44926,0,0
2015-06-24,11:00:00,1.44916,1.44937,1.44576,1.44691,0,0
2015-06-24,12:00:00,1.44681,1.45,1.44365,1.44698,0,0
2015-06-24,13:00:00,1.44684,1.44818,1.44395,1.44701,0,0
2015-06-24,14:00:00,1.44699,1.44855,1.44642,1.44832,0,0
2015-06-24,15:00:00,1.4484,1.44916,1.44626,1.44863,0,0
2015-06-24,16:00:00,1.44862,1.45156,1.44833,1.45156,0,0
2015-06-24,17:00:00,1.4515,1.45537,1.45133,1.45488,0,0
2015-06-24,18:00:00,1.45483,1.45543,1.45348,1.45376,0,0
2015-06-24,19:00:00,1.4539,1.45429,1.45106,1.45188,0,0
2015-06-24,20:00:00,1.45178,1.45451,1.45073,1.45353,0,0
2015-06-24,21:00:00,1.45346,1.45435,1.45287,1.45351,0,0
2015-06-24,22:00:00,1.45356,1.45446,1.4528,1.4532,0,0
2015-06-24,23:00:00,1.45313,1.45502,1.45313,1.45448,0,0
2015-06-24,23:59:00,1.45448,1.45539,1.45354,1.4545,0,0
2015-06-25,01:00:00,1.45437,1.45499,1.45386,1.45457,0,0
2015-06-25,02:00:00,1.45457,1.45462,1.45322,1.45404,0,0
2015-06-25,03:00:00,1.45407,1.45426,1.45135,1.45136,0,0
2015-06-25,04:00:00,1.45139,1.45178,1.4496,1.45081,0,0
2015-06-25,05:00:00,1.45079,1.45127,1.44953,1.45023,0,0
2015-06-25,06:00:00,1.45002,1.45035,1.44736,1.44789,0,0
2015-06-25,07:00:00,1.44788,1.44891,1.44727,1.44751,0,0
2015-06-25,08:00:00,1.44749,1.44814,1.44644,1.44751,0,0
2015-06-25,09:00:00,1.44743,1.44865,1.44668,1.44774,0,0
2015-06-25,10:00:00,1.44773,1.45135,1.44749,1.44952,0,0
2015-06-25,11:00:00,1.4495,1.45121,1.44637,1.44673,0,0
2015-06-25,12:00:00,1.44675,1.44696,1.44079,1.44281,0,0
2015-06-25,13:00:00,1.44298,1.44927,1.44195,1.44721,0,0
2015-06-25,14:00:00,1.44706,1.44911,1.44578,1.44755,0,0
2015-06-25,15:00:00,1.4475,1.44919,1.44699,1.44814,0,0
2015-06-25,16:00:00,1.44806,1.44912,1.4465,1.44752,0,0
2015-06-25,17:00:00,1.44755,1.44779,1.44546,1.44589,0,0
2015-06-25,18:00:00,1.44581,1.44638,1.44467,1.44612,0,0
2015-06-25,19:00:00,1.44615,1.44735,1.446,1.44706,0,0
2015-06-25,20:00:00,1.44708,1.44715,1.44566,1.44603,0,0
2015-06-25,21:00:00,1.44601,1.44699,1.44587,1.44688,0,0
2015-06-25,22:00:00,1.44679,1.44788,1.44676,1.44748,0,0
2015-06-25,23:00:00,1.44758,1.44818,1.44711,1.4478,0,0
2015-06-25,23:59:00,1.44785,1.44878,1.44743,1.44834,0,0
2015-06-26,01:00:00,1.44837,1.44837,1.44743,1.44768,0,0
2015-06-26,02:00:00,1.44767,1.44913,1.44748,1.44891,0,0
2015-06-26,03:00:00,1.44889,1.44996,1.44697,1.44771,0,0
2015-06-26,04:00:00,1.4476,1.45054,1.4476,1.44953,0,0
2015-06-26,05:00:00,1.44953,1.44972,1.44714,1.44873,0,0
2015-06-26,06:00:00,1.44874,1.45025,1.44779,1.44964,0,0
2015-06-26,07:00:00,1.44974,1.45042,1.44828,1.44921,0,0
2015-06-26,08:00:00,1.44932,1.45038,1.4486,1.44987,0,0
2015-06-26,09:00:00,1.44984,1.4544,1.44944,1.454,0,0
2015-06-26,10:00:00,1.45415,1.4547,1.45191,1.45388,0,0
2015-06-26,11:00:00,1.4539,1.45639,1.45359,1.45377,0,0
2015-06-26,12:00:00,1.45375,1.4571,1.45362,1.45546,0,0
2015-06-26,13:00:00,1.4556,1.45737,1.45473,1.45652,0,0
2015-06-26,14:00:00,1.45659,1.46224,1.45577,1.46221,0,0
2015-06-26,15:00:00,1.46238,1.46339,1.46079,1.46228,0,0
2015-06-26,16:00:00,1.46197,1.46218,1.46001,1.46157,0,0
2015-06-26,17:00:00,1.46152,1.46439,1.45754,1.45754,0,0
2015-06-26,18:00:00,1.45771,1.45889,1.45658,1.45846,0,0
2015-06-26,19:00:00,1.45852,1.45864,1.45669,1.45822,0,0
2015-06-26,20:00:00,1.45815,1.45891,1.45754,1.45807,0,0
2015-06-26,21:00:00,1.4581,1.45929,1.45785,1.45817,0,0
2015-06-26,22:00:00,1.45834,1.45975,1.45834,1.45901,0,0
2015-06-26,23:00:00,1.45887,1.4591,1.45887,1.45908,0,0
2015-06-29,01:00:00,1.44239,1.44475,1.44022,1.44281,0,0
2015-06-29,02:00:00,1.44229,1.44421,1.43724,1.44026,0,0
2015-06-29,03:00:00,1.44049,1.44705,1.44021,1.44364,0,0
2015-06-29,04:00:00,1.44364,1.44375,1.4398,1.44013,0,0
2015-06-29,05:00:00,1.44011,1.44099,1.43196,1.43775,0,0
2015-06-29,06:00:00,1.43772,1.43969,1.43683,1.43866,0,0
2015-06-29,07:00:00,1.43866,1.43926,1.43768,1.43911,0,0
2015-06-29,08:00:00,1.43923,1.44315,1.43778,1.44044,0,0
2015-06-29,09:00:00,1.44033,1.44916,1.43997,1.44865,0,0
2015-06-29,10:00:00,1.44838,1.45219,1.44649,1.44777,0,0
2015-06-29,11:00:00,1.44765,1.45334,1.44712,1.45179,0,0
2015-06-29,12:00:00,1.45182,1.45187,1.44753,1.44985,0,0
2015-06-29,13:00:00,1.44993,1.45386,1.44792,1.45181,0,0
2015-06-29,14:00:00,1.45196,1.45218,1.44955,1.45137,0,0
2015-06-29,15:00:00,1.45128,1.45342,1.45005,1.45103,0,0
2015-06-29,16:00:00,1.45108,1.45353,1.45046,1.45238,0,0
2015-06-29,17:00:00,1.45284,1.45901,1.45252,1.45706,0,0
2015-06-29,18:00:00,1.45747,1.45991,1.4558,1.45664,0,0
2015-06-29,19:00:00,1.45649,1.45989,1.45576,1.45907,0,0
2015-06-29,20:00:00,1.459,1.46344,1.45736,1.45979,0,0
2015-06-29,21:00:00,1.4599,1.4624,1.45929,1.46045,0,0
2015-06-29,22:00:00,1.46031,1.46279,1.46001,1.4625,0,0
2015-06-29,23:00:00,1.46264,1.4644,1.46176,1.46316,0,0
2015-06-29,23:59:00,1.46316,1.46453,1.46232,1.46269,0,0
2015-06-30,01:00:00,1.46261,1.463,1.46131,1.46173,0,0
2015-06-30,02:00:00,1.46178,1.46237,1.46026,1.46224,0,0
2015-06-30,03:00:00,1.46224,1.46262,1.45955,1.45981,0,0
2015-06-30,04:00:00,1.45978,1.46153,1.45755,1.45796,0,0
2015-06-30,05:00:00,1.45854,1.46074,1.45752,1.4581,0,0
2015-06-30,06:00:00,1.45808,1.46073,1.45777,1.45913,0,0
2015-06-30,07:00:00,1.4581,1.45958,1.4581,1.45845,0,0
2015-06-30,08:00:00,1.45848,1.4596,1.45597,1.45652,0,0
2015-06-30,09:00:00,1.45679,1.45752,1.45264,1.45514,0,0
2015-06-30,10:00:00,1.45509,1.45692,1.45266,1.45384,0,0
2015-06-30,11:00:00,1.45379,1.45638,1.45052,1.45077,0,0
2015-06-30,12:00:00,1.4509,1.45771,1.45038,1.45719,0,0
2015-06-30,13:00:00,1.45734,1.45993,1.45456,1.45662,0,0
2015-06-30,14:00:00,1.45675,1.45692,1.45283,1.45283,0,0
2015-06-30,15:00:00,1.4528,1.45632,1.4528,1.45477,0,0
2015-06-30,16:00:00,1.45471,1.45651,1.45035,1.45165,0,0
2015-06-30,17:00:00,1.45144,1.45266,1.44961,1.4497,0,0
2015-06-30,18:00:00,1.4497,1.45025,1.44684,1.44773,0,0
2015-06-30,19:00:00,1.4477,1.44834,1.44509,1.44676,0,0
2015-06-30,20:00:00,1.44676,1.44721,1.44548,1.44686,0,0
2015-06-30,21:00:00,1.44663,1.44727,1.4442,1.44445,0,0
2015-06-30,22:00:00,1.44445,1.44584,1.44435,1.44521,0,0
2015-06-30,23:00:00,1.44503,1.44564,1.44385,1.44528,0,0
2015-06-30,23:59:00,1.44648,1.44713,1.44481,1.44639,0,0
2015-07-01,01:00:00,1.44643,1.44791,1.4458,1.4468,0,0
2015-07-01,02:00:00,1.4468,1.44774,1.44549,1.44711,0,0
2015-07-01,03:00:00,1.44741,1.44757,1.44367,1.44465,0,0
2015-07-01,04:00:00,1.44354,1.44636,1.44201,1.44381,0,0
2015-07-01,05:00:00,1.44377,1.44377,1.43977,1.44168,0,0
2015-07-01,06:00:00,1.44172,1.44224,1.44055,1.44127,0,0
2015-07-01,07:00:00,1.44127,1.44398,1.44118,1.44341,0,0
2015-07-01,08:00:00,1.44341,1.44427,1.44248,1.44259,0,0
2015-07-01,09:00:00,1.44268,1.4447,1.44155,1.4418,0,0
2015-07-01,10:00:00,1.44169,1.44312,1.43883,1.44057,0,0
2015-07-01,11:00:00,1.44065,1.44581,1.43942,1.44526,0,0
2015-07-01,12:00:00,1.44541,1.44692,1.44213,1.44304,0,0
2015-07-01,13:00:00,1.44293,1.44406,1.44069,1.44219,0,0
2015-07-01,14:00:00,1.4422,1.44537,1.4419,1.44495,0,0
2015-07-01,15:00:00,1.44504,1.44791,1.44461,1.4454,0,0
2015-07-01,16:00:00,1.44543,1.44769,1.44443,1.4456,0,0
2015-07-01,17:00:00,1.44569,1.44918,1.44441,1.44918,0,0
2015-07-01,18:00:00,1.44926,1.44937,1.44484,1.44641,0,0
2015-07-01,19:00:00,1.44643,1.44695,1.44527,1.44573,0,0
2015-07-01,20:00:00,1.44561,1.44606,1.44444,1.44474,0,0
2015-07-01,21:00:00,1.44479,1.44601,1.44424,1.44517,0,0
2015-07-01,22:00:00,1.44545,1.44558,1.44387,1.44473,0,0
2015-07-01,23:00:00,1.44499,1.4458,1.4442,1.44573,0,0
2015-07-01,23:59:00,1.44586,1.4462,1.44466,1.44509,0,0
2015-07-02,01:00:00,1.44512,1.44739,1.44491,1.4461,0,0
2015-07-02,02:00:00,1.44607,1.44654,1.44466,1.44515,0,0
2015-07-02,03:00:00,1.44511,1.44527,1.44362,1.44362,0,0
2015-07-02,04:00:00,1.44346,1.44855,1.44294,1.4464,0,0
2015-07-02,05:00:00,1.44653,1.44951,1.44615,1.4485,0,0
2015-07-02,06:00:00,1.4485,1.44892,1.44609,1.4464,0,0
2015-07-02,07:00:00,1.44632,1.44779,1.44621,1.44713,0,0
2015-07-02,08:00:00,1.44738,1.44805,1.44681,1.44752,0,0
2015-07-02,09:00:00,1.44749,1.4517,1.4464,1.45039,0,0
2015-07-02,10:00:00,1.4506,1.45319,1.44993,1.45246,0,0
2015-07-02,11:00:00,1.4524,1.45698,1.4522,1.45648,0,0
2015-07-02,12:00:00,1.45642,1.45734,1.45553,1.4562,0,0
2015-07-02,13:00:00,1.45608,1.45796,1.45542,1.45602,0,0
2015-07-02,14:00:00,1.45621,1.45937,1.4562,1.45862,0,0
2015-07-02,15:00:00,1.45865,1.45898,1.45457,1.45556,0,0
2015-07-02,16:00:00,1.45566,1.45601,1.45316,1.45516,0,0
2015-07-02,17:00:00,1.45516,1.45647,1.45334,1.45485,0,0
2015-07-02,18:00:00,1.45489,1.45607,1.45364,1.45366,0,0
2015-07-02,19:00:00,1.45368,1.45414,1.45251,1.45333,0,0
2015-07-02,20:00:00,1.4534,1.45431,1.45286,1.45367,0,0
2015-07-02,21:00:00,1.45354,1.45447,1.4531,1.45435,0,0
2015-07-02,22:00:00,1.45427,1.45427,1.45246,1.45272,0,0
2015-07-02,23:00:00,1.45249,1.45279,1.45111,1.45244,0,0
2015-07-02,23:59:00,1.45227,1.4527,1.45124,1.45228,0,0
2015-07-03,01:00:00,1.45217,1.45247,1.45142,1.45224,0,0
2015-07-03,02:00:00,1.45224,1.45243,1.45147,1.45167,0,0
2015-07-03,03:00:00,1.45167,1.45206,1.45014,1.45062,0,0
2015-07-03,04:00:00,1.45066,1.46015,1.45024,1.45972,0,0
2015-07-03,05:00:00,1.45968,1.46304,1.45939,1.46252,0,0
2015-07-03,06:00:00,1.46252,1.46542,1.46197,1.46266,0,0
2015-07-03,07:00:00,1.46269,1.46347,1.46063,1.46209,0,0
2015-07-03,08:00:00,1.46204,1.46306,1.46112,1.46208,0,0
2015-07-03,09:00:00,1.4623,1.4637,1.46193,1.46294,0,0
2015-07-03,10:00:00,1.46298,1.46958,1.46279,1.46893,0,0
2015-07-03,11:00:00,1.46887,1.47395,1.46887,1.47296,0,0
2015-07-03,12:00:00,1.47347,1.47623,1.47174,1.47429,0,0
2015-07-03,13:00:00,1.47447,1.47933,1.47414,1.47708,0,0
2015-07-03,14:00:00,1.47715,1.47717,1.47266,1.47486,0,0
2015-07-03,15:00:00,1.47486,1.47607,1.47279,1.47396,0,0
2015-07-03,16:00:00,1.47396,1.47767,1.47396,1.477,0,0
2015-07-03,17:00:00,1.47704,1.47823,1.47625,1.47649,0,0
2015-07-03,18:00:00,1.47674,1.47847,1.47632,1.47658,0,0
2015-07-03,19:00:00,1.47656,1.47764,1.47198,1.47252,0,0
2015-07-03,20:00:00,1.47259,1.47603,1.47259,1.47499,0,0
2015-07-03,21:00:00,1.47493,1.47595,1.47398,1.47547,0,0
2015-07-03,22:00:00,1.47557,1.47684,1.47407,1.47539,0,0
2015-07-03,23:00:00,1.47539,1.47569,1.47528,1.47564,0,0
2015-07-06,01:00:00,1.47301,1.4758,1.4696,1.47172,0,0
2015-07-06,02:00:00,1.47168,1.47244,1.4687,1.46897,0,0
2015-07-06,03:00:00,1.46877,1.4701,1.46675,1.46714,0,0
2015-07-06,04:00:00,1.4671,1.47256,1.4671,1.47137,0,0
2015-07-06,05:00:00,1.47129,1.47591,1.47128,1.47299,0,0
2015-07-06,06:00:00,1.47293,1.47555,1.47266,1.47492,0,0
2015-07-06,07:00:00,1.4749,1.47749,1.47464,1.4748,0,0
2015-07-06,08:00:00,1.4748,1.47883,1.47429,1.47793,0,0
2015-07-06,09:00:00,1.4783,1.47831,1.47097,1.47208,0,0
2015-07-06,10:00:00,1.47198,1.4757,1.46956,1.47563,0,0
2015-07-06,11:00:00,1.47553,1.47731,1.47318,1.47475,0,0
2015-07-06,12:00:00,1.47472,1.47559,1.47051,1.47074,0,0
2015-07-06,13:00:00,1.47074,1.4746,1.46896,1.47294,0,0
2015-07-06,14:00:00,1.47307,1.47433,1.47004,1.47019,0,0
2015-07-06,15:00:00,1.47041,1.47066,1.46801,1.47007,0,0
2015-07-06,16:00:00,1.47002,1.47046,1.46809,1.46959,0,0
2015-07-06,17:00:00,1.46909,1.47299,1.46792,1.47078,0,0
2015-07-06,18:00:00,1.47098,1.4733,1.47047,1.4729,0,0
2015-07-06,19:00:00,1.47289,1.47409,1.47171,1.47331,0,0
2015-07-06,20:00:00,1.47324,1.47434,1.47275,1.47407,0,0
2015-07-06,21:00:00,1.47392,1.47452,1.47273,1.47374,0,0
2015-07-06,22:00:00,1.47384,1.47534,1.47321,1.474,0,0
2015-07-06,23:00:00,1.47433,1.47527,1.47405,1.47438,0,0
2015-07-06,23:59:00,1.47424,1.47501,1.47375,1.47437,0,0
2015-07-07,01:00:00,1.47437,1.47575,1.47391,1.47561,0,0
2015-07-07,02:00:00,1.47561,1.47805,1.47539,1.47792,0,0
2015-07-07,03:00:00,1.47791,1.47791,1.47558,1.47726,0,0
2015-07-07,04:00:00,1.47726,1.47777,1.4745,1.47482,0,0
2015-07-07,05:00:00,1.4752,1.47581,1.47394,1.4751,0,0
2015-07-07,06:00:00,1.47512,1.47747,1.4748,1.47677,0,0
2015-07-07,07:00:00,1.47675,1.47784,1.47332,1.47413,0,0
2015-07-07,08:00:00,1.47417,1.47417,1.47148,1.47376,0,0
2015-07-07,09:00:00,1.47372,1.47458,1.47087,1.47342,0,0
2015-07-07,10:00:00,1.47334,1.48013,1.47275,1.47945,0,0
2015-07-07,11:00:00,1.47957,1.48109,1.4736,1.47415,0,0
2015-07-07,12:00:00,1.47414,1.47739,1.47364,1.47678,0,0
2015-07-07,13:00:00,1.4767,1.47897,1.47517,1.47755,0,0
2015-07-07,14:00:00,1.47738,1.47775,1.47416,1.47546,0,0
2015-07-07,15:00:00,1.47537,1.47568,1.47086,1.47174,0,0
2015-07-07,16:00:00,1.47178,1.47874,1.47134,1.47824,0,0
2015-07-07,17:00:00,1.47762,1.47835,1.47211,1.47246,0,0
2015-07-07,18:00:00,1.47276,1.47586,1.47184,1.47269,0,0
2015-07-07,19:00:00,1.47295,1.47545,1.47272,1.47326,0,0
2015-07-07,20:00:00,1.47324,1.47537,1.47279,1.47496,0,0
2015-07-07,21:00:00,1.47516,1.47614,1.47426,1.4754,0,0
2015-07-07,22:00:00,1.47537,1.47985,1.47492,1.47862,0,0
2015-07-07,23:00:00,1.47873,1.47935,1.47717,1.47763,0,0
2015-07-07,23:59:00,1.47768,1.47843,1.47556,1.47723,0,0
2015-07-08,01:00:00,1.47723,1.47775,1.47624,1.47742,0,0
2015-07-08,02:00:00,1.47742,1.47825,1.47595,1.47661,0,0
2015-07-08,03:00:00,1.47659,1.4792,1.47562,1.47871,0,0
2015-07-08,04:00:00,1.47866,1.48507,1.47852,1.48201,0,0
2015-07-08,05:00:00,1.48208,1.48236,1.48009,1.48117,0,0
2015-07-08,06:00:00,1.48113,1.48459,1.48113,1.48267,0,0
2015-07-08,07:00:00,1.48267,1.48724,1.48146,1.48585,0,0
2015-07-08,08:00:00,1.48589,1.48608,1.4835,1.48581,0,0
2015-07-08,09:00:00,1.48596,1.49324,1.48563,1.4915,0,0
2015-07-08,10:00:00,1.49165,1.49464,1.48991,1.49408,0,0
2015-07-08,11:00:00,1.49435,1.49478,1.49091,1.49245,0,0
2015-07-08,12:00:00,1.49237,1.49305,1.4872,1.48847,0,0
2015-07-08,13:00:00,1.48843,1.4899,1.48406,1.48407,0,0
2015-07-08,14:00:00,1.48413,1.48504,1.4809,1.48475,0,0
2015-07-08,15:00:00,1.48473,1.49001,1.48438,1.4876,0,0
2015-07-08,16:00:00,1.4876,1.48988,1.48565,1.48675,0,0
2015-07-08,17:00:00,1.48681,1.4897,1.48489,1.48783,0,0
2015-07-08,18:00:00,1.48753,1.49018,1.48633,1.48726,0,0
2015-07-08,19:00:00,1.4873,1.48829,1.48585,1.48606,0,0
2015-07-08,20:00:00,1.4864,1.48751,1.4857,1.48664,0,0
2015-07-08,21:00:00,1.48661,1.49083,1.48594,1.49078,0,0
2015-07-08,22:00:00,1.49096,1.49111,1.48931,1.49102,0,0
2015-07-08,23:00:00,1.49104,1.49223,1.49078,1.49097,0,0
2015-07-08,23:59:00,1.49091,1.49209,1.49014,1.49106,0,0
2015-07-09,01:00:00,1.49094,1.49154,1.49003,1.49039,0,0
2015-07-09,02:00:00,1.49041,1.49249,1.49021,1.49189,0,0
2015-07-09,03:00:00,1.49182,1.49692,1.49167,1.49451,0,0
2015-07-09,04:00:00,1.49457,1.49529,1.48581,1.48815,0,0
2015-07-09,05:00:00,1.48816,1.4886,1.48175,1.48465,0,0
2015-07-09,06:00:00,1.48469,1.48545,1.48207,1.48474,0,0
2015-07-09,07:00:00,1.48472,1.48656,1.48305,1.48305,0,0
2015-07-09,08:00:00,1.48309,1.48498,1.48172,1.48322,0,0
2015-07-09,09:00:00,1.48309,1.48503,1.48222,1.48371,0,0
2015-07-09,10:00:00,1.48369,1.48397,1.47861,1.4797,0,0
2015-07-09,11:00:00,1.47964,1.48169,1.47816,1.48161,0,0
2015-07-09,12:00:00,1.48161,1.48549,1.48029,1.48472,0,0
2015-07-09,13:00:00,1.48463,1.48871,1.4846,1.48594,0,0
2015-07-09,14:00:00,1.48615,1.48668,1.48375,1.48424,0,0
2015-07-09,15:00:00,1.48417,1.48417,1.47921,1.48022,0,0
2015-07-09,16:00:00,1.4802,1.48511,1.47964,1.485,0,0
2015-07-09,17:00:00,1.48509,1.48735,1.48451,1.48717,0,0
2015-07-09,18:00:00,1.48712,1.48722,1.48135,1.48236,0,0
2015-07-09,19:00:00,1.48242,1.48255,1.47894,1.47906,0,0
2015-07-09,20:00:00,1.47915,1.48123,1.47909,1.47963,0,0
2015-07-09,21:00:00,1.47949,1.48139,1.47936,1.47969,0,0
2015-07-09,22:00:00,1.4797,1.48201,1.47967,1.48044,0,0
2015-07-09,23:00:00,1.48023,1.48236,1.47819,1.48179,0,0
2015-07-09,23:59:00,1.48196,1.48289,1.48064,1.4824,0,0
2015-07-10,01:00:00,1.48256,1.48486,1.48185,1.48466,0,0
2015-07-10,02:00:00,1.48468,1.48508,1.48215,1.48281,0,0
2015-07-10,03:00:00,1.48281,1.48396,1.48108,1.48196,0,0
2015-07-10,04:00:00,1.48191,1.4825,1.4799,1.48203,0,0
2015-07-10,05:00:00,1.48219,1.48255,1.48015,1.48196,0,0
2015-07-10,06:00:00,1.482,1.48313,1.4816,1.48215,0,0
2015-07-10,07:00:00,1.48213,1.48339,1.48163,1.48339,0,0
2015-07-10,08:00:00,1.48337,1.48689,1.48325,1.48516,0,0
2015-07-10,09:00:00,1.48526,1.48773,1.48471,1.48496,0,0
2015-07-10,10:00:00,1.48514,1.49143,1.48364,1.48984,0,0
2015-07-10,11:00:00,1.48993,1.49229,1.48944,1.49131,0,0
2015-07-10,12:00:00,1.49164,1.49638,1.49112,1.49425,0,0
2015-07-10,13:00:00,1.49434,1.49699,1.49402,1.49649,0,0
2015-07-10,14:00:00,1.49651,1.49858,1.49504,1.49758,0,0
2015-07-10,15:00:00,1.4976,1.50109,1.49692,1.50067,0,0
2015-07-10,16:00:00,1.5008,1.50668,1.49968,1.5055,0,0
2015-07-10,17:00:00,1.50576,1.50702,1.50376,1.50572,0,0
2015-07-10,18:00:00,1.50574,1.50664,1.50088,1.50169,0,0
2015-07-10,19:00:00,1.50159,1.50367,1.49997,1.5,0,0
2015-07-10,20:00:00,1.50001,1.50167,1.49969,1.50119,0,0
2015-07-10,21:00:00,1.5012,1.5012,1.49626,1.49644,0,0
2015-07-10,22:00:00,1.49639,1.49749,1.49492,1.4971,0,0
2015-07-10,23:00:00,1.497,1.49762,1.49694,1.49746,0,0
2015-07-13,01:00:00,1.49964,1.50046,1.49633,1.49735,0,0
2015-07-13,02:00:00,1.49728,1.49991,1.49598,1.49991,0,0
2015-07-13,03:00:00,1.49989,1.50119,1.4981,1.4981,0,0
2015-07-13,04:00:00,1.4981,1.4992,1.49566,1.49807,0,0
2015-07-13,05:00:00,1.49828,1.49828,1.49494,1.49499,0,0
2015-07-13,06:00:00,1.49499,1.49691,1.49252,1.49678,0,0
2015-07-13,07:00:00,1.49683,1.49808,1.49537,1.49612,0,0
2015-07-13,08:00:00,1.49609,1.4972,1.49455,1.49606,0,0
2015-07-13,09:00:00,1.49599,1.50163,1.49369,1.49974,0,0
2015-07-13,10:00:00,1.4999,1.50057,1.49417,1.49512,0,0
2015-07-13,11:00:00,1.4952,1.49644,1.49034,1.49045,0,0
2015-07-13,12:00:00,1.49004,1.49172,1.48896,1.48972,0,0
2015-07-13,13:00:00,1.48985,1.4912,1.48778,1.48972,0,0
2015-07-13,14:00:00,1.48944,1.49116,1.48836,1.48869,0,0
2015-07-13,15:00:00,1.48895,1.49179,1.48712,1.49118,0,0
2015-07-13,16:00:00,1.49116,1.49308,1.49001,1.49095,0,0
2015-07-13,17:00:00,1.49133,1.4937,1.48985,1.49066,0,0
2015-07-13,18:00:00,1.49075,1.49124,1.48763,1.48784,0,0
2015-07-13,19:00:00,1.48784,1.48865,1.48615,1.48642,0,0
2015-07-13,20:00:00,1.48625,1.48794,1.48603,1.48665,0,0
2015-07-13,21:00:00,1.48663,1.48709,1.48498,1.48498,0,0
2015-07-13,22:00:00,1.4847,1.48588,1.48423,1.48461,0,0
2015-07-13,23:00:00,1.48455,1.48647,1.48446,1.4855,0,0
2015-07-13,23:59:00,1.48533,1.48713,1.48433,1.48665,0,0
2015-07-14,01:00:00,1.48675,1.48801,1.48605,1.48788,0,0
2015-07-14,02:00:00,1.48785,1.48819,1.48524,1.48594,0,0
2015-07-14,03:00:00,1.48594,1.48651,1.48332,1.48334,0,0
2015-07-14,04:00:00,1.48359,1.48621,1.48059,1.48221,0,0
2015-07-14,05:00:00,1.48212,1.48268,1.48063,1.4818,0,0
2015-07-14,06:00:00,1.48177,1.48249,1.48025,1.48244,0,0
2015-07-14,07:00:00,1.48244,1.48244,1.4809,1.48229,0,0
2015-07-14,08:00:00,1.4823,1.4831,1.48068,1.48068,0,0
2015-07-14,09:00:00,1.48065,1.48151,1.47681,1.47817,0,0
2015-07-14,10:00:00,1.47815,1.4811,1.47702,1.4803,0,0
2015-07-14,11:00:00,1.48023,1.48718,1.48023,1.48631,0,0
2015-07-14,12:00:00,1.48635,1.48659,1.48251,1.48521,0,0
2015-07-14,13:00:00,1.48519,1.4858,1.4824,1.4828,0,0
2015-07-14,14:00:00,1.48295,1.48477,1.48261,1.48342,0,0
2015-07-14,15:00:00,1.48317,1.48466,1.47963,1.48258,0,0
2015-07-14,16:00:00,1.48265,1.48321,1.48002,1.48179,0,0
2015-07-14,17:00:00,1.48184,1.48205,1.47628,1.47689,0,0
2015-07-14,18:00:00,1.47681,1.4799,1.47656,1.47893,0,0
2015-07-14,19:00:00,1.47882,1.47882,1.47652,1.47749,0,0
2015-07-14,20:00:00,1.47749,1.47878,1.47656,1.47737,0,0
2015-07-14,21:00:00,1.47724,1.47846,1.47724,1.47817,0,0
2015-07-14,22:00:00,1.478,1.47849,1.47687,1.47726,0,0
2015-07-14,23:00:00,1.47732,1.47782,1.47664,1.47722,0,0
2015-07-14,23:59:00,1.4773,1.47791,1.47654,1.47723,0,0
2015-07-15,01:00:00,1.47723,1.47816,1.47719,1.47797,0,0
2015-07-15,02:00:00,1.47794,1.47883,1.47754,1.47803,0,0
2015-07-15,03:00:00,1.47812,1.4786,1.47464,1.47668,0,0
2015-07-15,04:00:00,1.47664,1.47723,1.47233,1.47535,0,0
2015-07-15,05:00:00,1.47449,1.47449,1.46922,1.47223,0,0
2015-07-15,06:00:00,1.47221,1.47392,1.47167,1.47338,0,0
2015-07-15,07:00:00,1.47339,1.47398,1.47191,1.47274,0,0
2015-07-15,08:00:00,1.47274,1.47444,1.4721,1.4735,0,0
2015-07-15,09:00:00,1.47348,1.47437,1.47212,1.47235,0,0
2015-07-15,10:00:00,1.47228,1.47664,1.47191,1.47633,0,0
2015-07-15,11:00:00,1.4764,1.48079,1.4764,1.47893,0,0
2015-07-15,12:00:00,1.47903,1.47906,1.47724,1.47823,0,0
2015-07-15,13:00:00,1.47823,1.47931,1.47718,1.47824,0,0
2015-07-15,14:00:00,1.47823,1.47831,1.47474,1.47526,0,0
2015-07-15,15:00:00,1.47523,1.47582,1.47236,1.47472,0,0
2015-07-15,16:00:00,1.47482,1.4776,1.47295,1.47681,0,0
2015-07-15,17:00:00,1.47681,1.48198,1.47681,1.48065,0,0
2015-07-15,18:00:00,1.48065,1.48873,1.47948,1.48837,0,0
2015-07-15,19:00:00,1.48826,1.49077,1.48539,1.4859,0,0
2015-07-15,20:00:00,1.4861,1.48646,1.48384,1.48556,0,0
2015-07-15,21:00:00,1.4855,1.48567,1.48428,1.48523,0,0
2015-07-15,22:00:00,1.48539,1.48547,1.48368,1.4843,0,0
2015-07-15,23:00:00,1.48431,1.48492,1.48339,1.48403,0,0
2015-07-15,23:59:00,1.48391,1.48488,1.48296,1.48298,0,0
2015-07-16,01:00:00,1.4832,1.48533,1.48208,1.48452,0,0
2015-07-16,02:00:00,1.48454,1.48511,1.48325,1.4841,0,0
2015-07-16,03:00:00,1.48395,1.48527,1.48303,1.48407,0,0
2015-07-16,04:00:00,1.48403,1.48506,1.48264,1.48278,0,0
2015-07-16,05:00:00,1.4828,1.48419,1.48234,1.48257,0,0
2015-07-16,06:00:00,1.4826,1.48413,1.48181,1.48362,0,0
2015-07-16,07:00:00,1.48366,1.48597,1.4833,1.48493,0,0
2015-07-16,08:00:00,1.48501,1.48644,1.48311,1.48457,0,0
2015-07-16,09:00:00,1.48468,1.48493,1.47991,1.48125,0,0
2015-07-16,10:00:00,1.48101,1.48249,1.47782,1.47812,0,0
2015-07-16,11:00:00,1.47802,1.47888,1.47618,1.47627,0,0
2015-07-16,12:00:00,1.47619,1.47648,1.47357,1.47471,0,0
2015-07-16,13:00:00,1.47468,1.47499,1.47031,1.47176,0,0
2015-07-16,14:00:00,1.47174,1.47317,1.47059,1.47155,0,0
2015-07-16,15:00:00,1.4716,1.47375,1.4678,1.4678,0,0
2015-07-16,16:00:00,1.46789,1.47002,1.46657,1.46983,0,0
2015-07-16,17:00:00,1.46945,1.47008,1.46794,1.46958,0,0
2015-07-16,18:00:00,1.4697,1.4697,1.46628,1.46691,0,0
2015-07-16,19:00:00,1.46685,1.46718,1.4647,1.46637,0,0
2015-07-16,20:00:00,1.46625,1.47003,1.46583,1.4697,0,0
2015-07-16,21:00:00,1.46961,1.46973,1.4686,1.46863,0,0
2015-07-16,22:00:00,1.46857,1.46956,1.46787,1.46932,0,0
2015-07-16,23:00:00,1.46922,1.4697,1.46847,1.46862,0,0
2015-07-16,23:59:00,1.46863,1.46914,1.46782,1.46859,0,0
2015-07-17,01:00:00,1.46857,1.46862,1.46719,1.46793,0,0
2015-07-17,02:00:00,1.46793,1.46906,1.46762,1.46801,0,0
2015-07-17,03:00:00,1.46795,1.4686,1.46721,1.46805,0,0
2015-07-17,04:00:00,1.46807,1.46954,1.46741,1.46942,0,0
2015-07-17,05:00:00,1.46942,1.46984,1.46867,1.46947,0,0
2015-07-17,06:00:00,1.46944,1.47084,1.46916,1.47072,0,0
2015-07-17,07:00:00,1.47065,1.47149,1.46888,1.46888,0,0
2015-07-17,08:00:00,1.46886,1.46948,1.46789,1.46804,0,0
2015-07-17,09:00:00,1.46821,1.47076,1.46787,1.46932,0,0
2015-07-17,10:00:00,1.46933,1.47262,1.46913,1.47071,0,0
2015-07-17,11:00:00,1.47076,1.47297,1.4694,1.47244,0,0
2015-07-17,12:00:00,1.47254,1.47413,1.47151,1.47205,0,0
2015-07-17,13:00:00,1.47201,1.47284,1.47023,1.4716,0,0
2015-07-17,14:00:00,1.47162,1.47182,1.47026,1.47151,0,0
2015-07-17,15:00:00,1.47147,1.47281,1.46995,1.47204,0,0
2015-07-17,16:00:00,1.47199,1.47309,1.47049,1.47266,0,0
2015-07-17,17:00:00,1.47238,1.47274,1.46965,1.47012,0,0
2015-07-17,18:00:00,1.47012,1.47217,1.4692,1.47201,0,0
2015-07-17,19:00:00,1.47196,1.47203,1.4699,1.4711,0,0
2015-07-17,20:00:00,1.47071,1.47132,1.47022,1.47067,0,0
2015-07-17,21:00:00,1.47067,1.47139,1.4702,1.47028,0,0
2015-07-17,22:00:00,1.47034,1.47076,1.46899,1.46905,0,0
2015-07-17,23:00:00,1.46898,1.46911,1.46898,1.46909,0,0
2015-07-20,01:00:00,1.4689,1.47026,1.4689,1.46927,0,0
2015-07-20,02:00:00,1.46927,1.47059,1.46887,1.46991,0,0
2015-07-20,03:00:00,1.46979,1.47047,1.46875,1.4694,0,0
2015-07-20,04:00:00,1.46942,1.47239,1.4684,1.47151,0,0
2015-07-20,05:00:00,1.47179,1.47523,1.47019,1.47455,0,0
2015-07-20,06:00:00,1.47484,1.4765,1.47392,1.47462,0,0
2015-07-20,07:00:00,1.47469,1.47509,1.47144,1.47166,0,0
2015-07-20,08:00:00,1.47177,1.47302,1.47055,1.47069,0,0
2015-07-20,09:00:00,1.47085,1.47108,1.46687,1.46712,0,0
2015-07-20,10:00:00,1.46593,1.47023,1.46593,1.4693,0,0
2015-07-20,11:00:00,1.46963,1.47227,1.46929,1.47048,0,0
2015-07-20,12:00:00,1.47075,1.47162,1.46779,1.47007,0,0
2015-07-20,13:00:00,1.46985,1.47048,1.46752,1.46967,0,0
2015-07-20,14:00:00,1.46947,1.47021,1.46806,1.47021,0,0
2015-07-20,15:00:00,1.47007,1.47157,1.46887,1.46988,0,0
2015-07-20,16:00:00,1.47007,1.47449,1.46793,1.47407,0,0
2015-07-20,17:00:00,1.47438,1.47587,1.47144,1.47305,0,0
2015-07-20,18:00:00,1.47307,1.47316,1.46956,1.47014,0,0
2015-07-20,19:00:00,1.47021,1.47077,1.46942,1.46977,0,0
2015-07-20,20:00:00,1.46959,1.46999,1.46886,1.46897,0,0
2015-07-20,21:00:00,1.46898,1.46898,1.46782,1.46841,0,0
2015-07-20,22:00:00,1.46841,1.46932,1.46793,1.46902,0,0
2015-07-20,23:00:00,1.46904,1.46904,1.46678,1.46843,0,0
2015-07-20,23:59:00,1.46844,1.46912,1.46748,1.46855,0,0
