Date,Time,Open,High,Low,Close,Volume,OpenInt
2015-04-22,01:00:00,1.31854,1.31854,1.31746,1.31788,0,0
2015-04-22,02:00:00,1.31788,1.31837,1.31765,1.31765,0,0
2015-04-22,03:00:00,1.31769,1.31793,1.31632,1.31658,0,0
2015-04-22,04:00:00,1.31654,1.31697,1.31573,1.31594,0,0
2015-04-22,05:00:00,1.31596,1.31637,1.31548,1.31606,0,0
2015-04-22,06:00:00,1.31605,1.31612,1.31548,1.31607,0,0
2015-04-22,07:00:00,1.31608,1.31657,1.31567,1.31591,0,0
2015-04-22,08:00:00,1.3159,1.31709,1.31559,1.31615,0,0
2015-04-22,09:00:00,1.31609,1.31913,1.31575,1.31906,0,0
2015-04-22,10:00:00,1.31906,1.31906,1.31524,1.31529,0,0
2015-04-22,11:00:00,1.31525,1.31971,1.31525,1.31798,0,0
2015-04-22,12:00:00,1.31792,1.32014,1.31773,1.31824,0,0
2015-04-22,13:00:00,1.31823,1.31895,1.31698,1.31802,0,0
2015-04-22,14:00:00,1.31772,1.31822,1.31643,1.31655,0,0
2015-04-22,15:00:00,1.31651,1.31704,1.31222,1.31328,0,0
2015-04-22,16:00:00,1.31333,1.31463,1.3118,1.31419,0,0
2015-04-22,17:00:00,1.31442,1.31562,1.31283,1.31384,0,0
2015-04-22,18:00:00,1.3138,1.31554,1.31292,1.31409,0,0
2015-04-22,19:00:00,1.31419,1.31474,1.31225,1.31251,0,0
2015-04-22,20:00:00,1.31248,1.31413,1.31246,1.3132,0,0
2015-04-22,21:00:00,1.3132,1.31437,1.31223,1.31384,0,0
2015-04-22,22:00:00,1.31368,1.31393,1.31129,1.31164,0,0
2015-04-22,23:00:00,1.31178,1.31303,1.31138,1.31258,0,0
2015-04-22,23:59:00,1.3124,1.31319,1.31205,1.31307,0,0
2015-04-23,01:00:00,1.31307,1.31347,1.31248,1.31268,0,0
2015-04-23,02:00:00,1.31268,1.31343,1.31245,1.31323,0,0
2015-04-23,03:00:00,1.31324,1.31343,1.31183,1.31287,0,0
2015-04-23,04:00:00,1.31287,1.31316,1.31151,1.31189,0,0
2015-04-23,05:00:00,1.3119,1.31239,1.31127,1.31198,0,0
2015-04-23,06:00:00,1.31195,1.31195,1.31097,1.31139,0,0
2015-04-23,07:00:00,1.3114,1.31199,1.3103,1.31052,0,0
2015-04-23,08:00:00,1.31047,1.31189,1.31047,1.31109,0,0
2015-04-23,09:00:00,1.31103,1.31148,1.30918,1.31122,0,0
2015-04-23,10:00:00,1.31103,1.31103,1.308,1.30876,0,0
2015-04-23,11:00:00,1.30879,1.31468,1.30858,1.31383,0,0
2015-04-23,12:00:00,1.31395,1.31623,1.31233,1.31615,0,0
2015-04-23,13:00:00,1.31607,1.31729,1.31428,1.31489,0,0
2015-04-23,14:00:00,1.3147,1.31725,1.31344,1.31678,0,0
2015-04-23,15:00:00,1.31699,1.31858,1.31573,1.31651,0,0
2015-04-23,16:00:00,1.31647,1.31812,1.31266,1.31346,0,0
2015-04-23,17:00:00,1.31346,1.31622,1.31205,1.31359,0,0
2015-04-23,18:00:00,1.31352,1.31396,1.31167,1.31218,0,0
2015-04-23,19:00:00,1.31219,1.31375,1.31182,1.31343,0,0
2015-04-23,20:00:00,1.31332,1.31653,1.31332,1.31485,0,0
2015-04-23,21:00:00,1.31489,1.31686,1.31433,1.31434,0,0
2015-04-23,22:00:00,1.31442,1.31584,1.31438,1.31491,0,0
2015-04-23,23:00:00,1.31503,1.31575,1.31396,1.31463,0,0
2015-04-23,23:59:00,1.31455,1.3152,1.31415,1.31487,0,0
2015-04-24,01:00:00,1.31493,1.31493,1.31413,1.31439,0,0
2015-04-24,02:00:00,1.31428,1.31476,1.31357,1.31378,0,0
2015-04-24,03:00:00,1.31383,1.31468,1.31328,1.31447,0,0
2015-04-24,04:00:00,1.31444,1.31449,1.31366,1.31387,0,0
2015-04-24,05:00:00,1.3138,1.31387,1.31209,1.31227,0,0
2015-04-24,06:00:00,1.31232,1.31236,1.31089,1.31142,0,0
2015-04-24,07:00:00,1.31131,1.31243,1.31118,1.31232,0,0
2015-04-24,08:00:00,1.31241,1.31397,1.31232,1.3137,0,0
2015-04-24,09:00:00,1.31367,1.31988,1.31279,1.31902,0,0
2015-04-24,10:00:00,1.31898,1.32186,1.31756,1.31992,0,0
2015-04-24,11:00:00,1.32001,1.32138,1.31833,1.31971,0,0
2015-04-24,12:00:00,1.31974,1.31988,1.31681,1.31681,0,0
2015-04-24,13:00:00,1.31673,1.3168,1.31177,1.3126,0,0
2015-04-24,14:00:00,1.31256,1.31454,1.31212,1.31252,0,0
2015-04-24,15:00:00,1.31255,1.31618,1.31137,1.31365,0,0
2015-04-24,16:00:00,1.3135,1.31881,1.31305,1.31517,0,0
2015-04-24,17:00:00,1.31522,1.32246,1.31486,1.32222,0,0
2015-04-24,18:00:00,1.32238,1.32377,1.3211,1.32332,0,0
2015-04-24,19:00:00,1.32328,1.32328,1.32154,1.32167,0,0
2015-04-24,20:00:00,1.32153,1.32241,1.32072,1.32173,0,0
2015-04-24,21:00:00,1.32173,1.32278,1.32079,1.32255,0,0
2015-04-24,22:00:00,1.32257,1.32331,1.32177,1.32248,0,0
2015-04-24,23:00:00,1.32244,1.3225,1.32214,1.32216,0,0
2015-04-27,01:00:00,1.32413,1.32434,1.32336,1.32361,0,0
2015-04-27,02:00:00,1.32361,1.32369,1.32247,1.3226,0,0
2015-04-27,03:00:00,1.3226,1.32317,1.32119,1.32169,0,0
2015-04-27,04:00:00,1.32163,1.32191,1.32026,1.32026,0,0
2015-04-27,05:00:00,1.32019,1.32084,1.31991,1.32042,0,0
2015-04-27,06:00:00,1.32041,1.32059,1.31975,1.32039,0,0
2015-04-27,07:00:00,1.32037,1.32076,1.3201,1.32038,0,0
2015-04-27,08:00:00,1.32037,1.32245,1.32012,1.32198,0,0
2015-04-27,09:00:00,1.322,1.32379,1.32138,1.32202,0,0
2015-04-27,10:00:00,1.32215,1.32408,1.32063,1.32263,0,0
2015-04-27,11:00:00,1.3226,1.32303,1.31834,1.31895,0,0
2015-04-27,12:00:00,1.31895,1.3199,1.31802,1.31844,0,0
2015-04-27,13:00:00,1.31848,1.31861,1.3164,1.31814,0,0
2015-04-27,14:00:00,1.31824,1.31879,1.31708,1.31738,0,0
2015-04-27,15:00:00,1.31725,1.31921,1.31546,1.31909,0,0
2015-04-27,16:00:00,1.31923,1.31923,1.31536,1.31569,0,0
2015-04-27,17:00:00,1.31566,1.31723,1.31321,1.3165,0,0
2015-04-27,18:00:00,1.31652,1.31953,1.31652,1.31843,0,0
2015-04-27,19:00:00,1.31851,1.32096,1.3175,1.31989,0,0
2015-04-27,20:00:00,1.31998,1.32048,1.31725,1.31773,0,0
2015-04-27,21:00:00,1.31783,1.31846,1.31529,1.31534,0,0
2015-04-27,22:00:00,1.31528,1.31776,1.31528,1.31775,0,0
2015-04-27,23:00:00,1.31768,1.31768,1.31578,1.31631,0,0
2015-04-27,23:59:00,1.31633,1.31703,1.31555,1.31594,0,0
2015-04-28,01:00:00,1.31594,1.31632,1.31449,1.31522,0,0
2015-04-28,02:00:00,1.31518,1.31556,1.31486,1.31542,0,0
2015-04-28,03:00:00,1.31547,1.31577,1.31478,1.31577,0,0
2015-04-28,04:00:00,1.31586,1.31641,1.31523,1.31608,0,0
2015-04-28,05:00:00,1.31608,1.31643,1.31578,1.31599,0,0
2015-04-28,06:00:00,1.31599,1.31669,1.31589,1.31669,0,0
2015-04-28,07:00:00,1.3168,1.31697,1.31626,1.31647,0,0
2015-04-28,08:00:00,1.31648,1.31722,1.31617,1.31684,0,0
2015-04-28,09:00:00,1.31684,1.31765,1.31602,1.31683,0,0
2015-04-28,10:00:00,1.31683,1.31783,1.31566,1.31756,0,0
2015-04-28,11:00:00,1.31742,1.31912,1.31599,1.31903,0,0
2015-04-28,12:00:00,1.31906,1.31984,1.3174,1.31742,0,0
2015-04-28,13:00:00,1.31753,1.31979,1.31685,1.31948,0,0
2015-04-28,14:00:00,1.31945,1.32022,1.31851,1.31967,0,0
2015-04-28,15:00:00,1.31959,1.32018,1.31771,1.31823,0,0
2015-04-28,16:00:00,1.31819,1.32234,1.31769,1.32123,0,0
2015-04-28,17:00:00,1.32171,1.32245,1.3194,1.32138,0,0
2015-04-28,18:00:00,1.32123,1.32149,1.31944,1.31971,0,0
2015-04-28,19:00:00,1.31968,1.31997,1.31839,1.31905,0,0
2015-04-28,20:00:00,1.31895,1.32186,1.31869,1.32156,0,0
2015-04-28,21:00:00,1.32154,1.32182,1.32015,1.32069,0,0
2015-04-28,22:00:00,1.32072,1.32087,1.31836,1.32017,0,0
2015-04-28,23:00:00,1.32017,1.32163,1.31983,1.32139,0,0
2015-04-28,23:59:00,1.32133,1.32133,1.31958,1.31984,0,0
2015-04-29,01:00:00,1.32028,1.32083,1.32006,1.32044,0,0
2015-04-29,02:00:00,1.32044,1.32058,1.31993,1.32041,0,0
2015-04-29,03:00:00,1.32037,1.3219,1.32013,1.32148,0,0
2015-04-29,04:00:00,1.32149,1.32165,1.32054,1.32081,0,0
2015-04-29,05:00:00,1.32085,1.32123,1.3205,1.32087,0,0
2015-04-29,06:00:00,1.3208,1.32096,1.32037,1.32037,0,0
2015-04-29,07:00:00,1.32039,1.32042,1.31938,1.31975,0,0
2015-04-29,08:00:00,1.31978,1.32,1.31924,1.31956,0,0
2015-04-29,09:00:00,1.31955,1.32066,1.31899,1.31998,0,0
2015-04-29,10:00:00,1.31982,1.32243,1.31931,1.32163,0,0
2015-04-29,11:00:00,1.32163,1.32387,1.32163,1.32333,0,0
2015-04-29,12:00:00,1.32332,1.32748,1.32227,1.32744,0,0
2015-04-29,13:00:00,1.3274,1.32858,1.32591,1.32597,0,0
2015-04-29,14:00:00,1.32601,1.32739,1.32484,1.32598,0,0
2015-04-29,15:00:00,1.32589,1.32915,1.32417,1.32542,0,0
2015-04-29,16:00:00,1.32557,1.32843,1.32417,1.32594,0,0
2015-04-29,17:00:00,1.32587,1.33513,1.32542,1.33372,0,0
2015-04-29,18:00:00,1.33388,1.33658,1.33303,1.33562,0,0
2015-04-29,19:00:00,1.33575,1.33647,1.33428,1.33456,0,0
2015-04-29,20:00:00,1.33438,1.33884,1.33438,1.33875,0,0
2015-04-29,21:00:00,1.33901,1.33901,1.33298,1.33501,0,0
2015-04-29,22:00:00,1.33505,1.33594,1.33343,1.33594,0,0
2015-04-29,23:00:00,1.33593,1.33747,1.33529,1.33747,0,0
2015-04-29,23:59:00,1.33772,1.33772,1.33517,1.33575,0,0
2015-04-30,01:00:00,1.33584,1.33641,1.33549,1.33595,0,0
2015-04-30,02:00:00,1.33606,1.33621,1.3356,1.33583,0,0
2015-04-30,03:00:00,1.33586,1.33622,1.33529,1.33535,0,0
2015-04-30,04:00:00,1.33533,1.33784,1.33523,1.33784,0,0
2015-04-30,05:00:00,1.33781,1.33792,1.33686,1.337,0,0
2015-04-30,06:00:00,1.33703,1.33706,1.33598,1.33605,0,0
2015-04-30,07:00:00,1.33606,1.33653,1.33549,1.33583,0,0
2015-04-30,08:00:00,1.33583,1.33584,1.33414,1.33415,0,0
2015-04-30,09:00:00,1.33295,1.33808,1.33295,1.33747,0,0
2015-04-30,10:00:00,1.33752,1.34781,1.33676,1.34735,0,0
2015-04-30,11:00:00,1.34742,1.35124,1.3454,1.34796,0,0
2015-04-30,12:00:00,1.34798,1.34981,1.34506,1.34529,0,0
2015-04-30,13:00:00,1.34526,1.34797,1.34272,1.34786,0,0
2015-04-30,14:00:00,1.34762,1.34912,1.34607,1.34699,0,0
2015-04-30,15:00:00,1.347,1.34886,1.34129,1.34413,0,0
2015-04-30,16:00:00,1.34411,1.34558,1.34153,1.34429,0,0
2015-04-30,17:00:00,1.34423,1.35694,1.34401,1.35665,0,0
2015-04-30,18:00:00,1.35673,1.36036,1.35258,1.35258,0,0
2015-04-30,19:00:00,1.35253,1.35685,1.35199,1.35597,0,0
2015-04-30,20:00:00,1.35594,1.35626,1.3532,1.35331,0,0
2015-04-30,21:00:00,1.3534,1.36148,1.35319,1.36082,0,0
2015-04-30,22:00:00,1.36116,1.3619,1.35398,1.35439,0,0
2015-04-30,23:00:00,1.35475,1.35532,1.35305,1.35532,0,0
2015-04-30,23:59:00,1.35548,1.35553,1.35289,1.35357,0,0
2015-05-01,01:00:00,1.3536,1.35478,1.35334,1.35434,0,0
2015-05-01,02:00:00,1.35431,1.35501,1.35385,1.3543,0,0
2015-05-01,03:00:00,1.35425,1.35597,1.35406,1.3548,0,0
2015-05-01,04:00:00,1.3548,1.35608,1.3548,1.35577,0,0
2015-05-01,05:00:00,1.35577,1.35624,1.3551,1.35514,0,0
2015-05-01,06:00:00,1.35521,1.35563,1.3551,1.35527,0,0
2015-05-01,07:00:00,1.35526,1.35584,1.35447,1.35475,0,0
2015-05-01,08:00:00,1.35467,1.35606,1.35456,1.35592,0,0
2015-05-01,09:00:00,1.35596,1.35948,1.35412,1.3594,0,0
2015-05-01,10:00:00,1.35937,1.36114,1.3581,1.3603,0,0
2015-05-01,11:00:00,1.3603,1.36222,1.3593,1.3619,0,0
2015-05-01,12:00:00,1.36145,1.36313,1.35877,1.35877,0,0
2015-05-01,13:00:00,1.35878,1.36375,1.35854,1.36337,0,0
2015-05-01,14:00:00,1.36329,1.36456,1.36226,1.36346,0,0
2015-05-01,15:00:00,1.36347,1.3667,1.36292,1.3652,0,0
2015-05-01,16:00:00,1.36521,1.37001,1.36289,1.36852,0,0
2015-05-01,17:00:00,1.3686,1.37036,1.36414,1.36463,0,0
2015-05-01,18:00:00,1.36467,1.36503,1.36292,1.36481,0,0
2015-05-01,19:00:00,1.36483,1.36505,1.36121,1.36136,0,0
2015-05-01,20:00:00,1.36139,1.36296,1.36127,1.36206,0,0
2015-05-01,21:00:00,1.36206,1.36244,1.36113,1.36214,0,0
2015-05-01,22:00:00,1.36228,1.36506,1.3621,1.3628,0,0
2015-05-01,23:00:00,1.36275,1.3635,1.3626,1.36326,0,0
2015-05-04,01:00:00,1.36161,1.36212,1.36005,1.3607,0,0
2015-05-04,02:00:00,1.36072,1.36128,1.36039,1.36091,0,0
2015-05-04,03:00:00,1.36091,1.36217,1.36074,1.36162,0,0
2015-05-04,04:00:00,1.36162,1.36339,1.36162,1.36296,0,0
2015-05-04,05:00:00,1.36296,1.36319,1.36213,1.36253,0,0
2015-05-04,06:00:00,1.36253,1.36269,1.36189,1.36205,0,0
2015-05-04,07:00:00,1.36205,1.36242,1.3618,1.36211,0,0
2015-05-04,08:00:00,1.36211,1.36314,1.36195,1.36274,0,0
2015-05-04,09:00:00,1.36274,1.36383,1.35997,1.36078,0,0
2015-05-04,10:00:00,1.36078,1.36132,1.35638,1.35661,0,0
2015-05-04,11:00:00,1.35623,1.3565,1.35306,1.35307,0,0
2015-05-04,12:00:00,1.3531,1.3538,1.35023,1.35023,0,0
2015-05-04,13:00:00,1.35031,1.35137,1.34961,1.34999,0,0
2015-05-04,14:00:00,1.34995,1.3508,1.34848,1.35064,0,0
2015-05-04,15:00:00,1.35056,1.35272,1.35051,1.35227,0,0
2015-05-04,16:00:00,1.35226,1.35437,1.35208,1.35255,0,0
2015-05-04,17:00:00,1.35223,1.35328,1.35003,1.35235,0,0
2015-05-04,18:00:00,1.3524,1.35279,1.34904,1.34942,0,0
2015-05-04,19:00:00,1.34944,1.35169,1.34938,1.35138,0,0
2015-05-04,20:00:00,1.3514,1.35201,1.3504,1.35083,0,0
2015-05-04,21:00:00,1.35083,1.3513,1.34735,1.34793,0,0
2015-05-04,22:00:00,1.34798,1.34876,1.34704,1.34875,0,0
2015-05-04,23:00:00,1.34869,1.34869,1.34723,1.34835,0,0
2015-05-04,23:59:00,1.34811,1.34852,1.34757,1.34794,0,0
2015-05-05,01:00:00,1.34794,1.34859,1.34773,1.34796,0,0
2015-05-05,02:00:00,1.34799,1.34864,1.34773,1.34826,0,0
2015-05-05,03:00:00,1.34823,1.3493,1.34774,1.34921,0,0
2015-05-05,04:00:00,1.3492,1.34983,1.34889,1.34893,0,0
2015-05-05,05:00:00,1.34894,1.34952,1.34894,1.34926,0,0
2015-05-05,06:00:00,1.34926,1.34933,1.34876,1.34901,0,0
2015-05-05,07:00:00,1.34898,1.34953,1.34783,1.34819,0,0
2015-05-05,08:00:00,1.34819,1.34903,1.34795,1.34886,0,0
2015-05-05,09:00:00,1.34882,1.34999,1.34473,1.34495,0,0
2015-05-05,10:00:00,1.34479,1.34631,1.34273,1.34287,0,0
2015-05-05,11:00:00,1.3428,1.34503,1.34139,1.34454,0,0
2015-05-05,12:00:00,1.34459,1.34532,1.3416,1.34479,0,0
2015-05-05,13:00:00,1.34467,1.34593,1.34242,1.34574,0,0
2015-05-05,14:00:00,1.34574,1.34751,1.34418,1.34418,0,0
2015-05-05,15:00:00,1.34418,1.3489,1.34274,1.34496,0,0
2015-05-05,16:00:00,1.34493,1.34574,1.34043,1.34416,0,0
2015-05-05,17:00:00,1.34424,1.34575,1.34055,1.34303,0,0
2015-05-05,18:00:00,1.34301,1.3482,1.34227,1.34526,0,0
2015-05-05,19:00:00,1.34521,1.349,1.3452,1.34832,0,0
2015-05-05,20:00:00,1.34829,1.35029,1.34829,1.34875,0,0
2015-05-05,21:00:00,1.34875,1.35172,1.34843,1.35114,0,0
2015-05-05,22:00:00,1.35109,1.35201,1.35018,1.35089,0,0
2015-05-05,23:00:00,1.35105,1.35127,1.34943,1.34993,0,0
2015-05-05,23:59:00,1.34999,1.35071,1.34905,1.35001,0,0
2015-05-06,01:00:00,1.35013,1.35096,1.34995,1.35052,0,0
2015-05-06,02:00:00,1.35052,1.35097,1.35,1.35,0,0
2015-05-06,03:00:00,1.35001,1.35138,1.35001,1.35112,0,0
2015-05-06,04:00:00,1.35112,1.35164,1.35015,1.35063,0,0
2015-05-06,05:00:00,1.3506,1.35111,1.34982,1.35106,0,0
2015-05-06,06:00:00,1.35106,1.35288,1.35048,1.3514,0,0
2015-05-06,07:00:00,1.35145,1.35209,1.35078,1.35196,0,0
2015-05-06,08:00:00,1.35201,1.35288,1.35171,1.35255,0,0
2015-05-06,09:00:00,1.35252,1.35547,1.35166,1.35467,0,0
2015-05-06,10:00:00,1.35475,1.35618,1.35189,1.35322,0,0
2015-05-06,11:00:00,1.35333,1.35409,1.35027,1.3504,0,0
2015-05-06,12:00:00,1.35041,1.35091,1.34717,1.34995,0,0
2015-05-06,13:00:00,1.34995,1.35196,1.3496,1.35091,0,0
2015-05-06,14:00:00,1.35081,1.35153,1.34849,1.34895,0,0
2015-05-06,15:00:00,1.34898,1.35455,1.34823,1.35448,0,0
2015-05-06,16:00:00,1.35464,1.36017,1.35375,1.35925,0,0
2015-05-06,17:00:00,1.35956,1.36004,1.3565,1.35875,0,0
2015-05-06,18:00:00,1.35888,1.36279,1.35768,1.36248,0,0
2015-05-06,19:00:00,1.36236,1.36479,1.36199,1.3626,0,0
2015-05-06,20:00:00,1.36251,1.36599,1.36251,1.36522,0,0
2015-05-06,21:00:00,1.36515,1.36889,1.36498,1.36746,0,0
2015-05-06,22:00:00,1.36776,1.36776,1.36595,1.36642,0,0
2015-05-06,23:00:00,1.36651,1.36697,1.3651,1.36697,0,0
2015-05-06,23:59:00,1.36695,1.36707,1.36563,1.36608,0,0
2015-05-07,01:00:00,1.36601,1.36628,1.36515,1.36566,0,0
2015-05-07,02:00:00,1.36565,1.36602,1.36508,1.36553,0,0
2015-05-07,03:00:00,1.3655,1.36599,1.36471,1.36527,0,0
2015-05-07,04:00:00,1.36529,1.36631,1.36476,1.36546,0,0
2015-05-07,05:00:00,1.36538,1.36656,1.36538,1.36566,0,0
2015-05-07,06:00:00,1.36566,1.36654,1.36555,1.3662,0,0
2015-05-07,07:00:00,1.36617,1.36643,1.36578,1.36624,0,0
2015-05-07,08:00:00,1.36626,1.36844,1.36577,1.36802,0,0
2015-05-07,09:00:00,1.36796,1.36909,1.3667,1.36739,0,0
2015-05-07,10:00:00,1.36731,1.37233,1.36689,1.37172,0,0
2015-05-07,11:00:00,1.37149,1.37215,1.36891,1.37097,0,0
2015-05-07,12:00:00,1.37068,1.37662,1.37042,1.37284,0,0
2015-05-07,13:00:00,1.37287,1.37287,1.36827,1.36925,0,0
2015-05-07,14:00:00,1.36927,1.37047,1.36508,1.36524,0,0
2015-05-07,15:00:00,1.36524,1.36579,1.36158,1.36395,0,0
2015-05-07,16:00:00,1.36419,1.36723,1.36355,1.36641,0,0
2015-05-07,17:00:00,1.36634,1.37006,1.36547,1.36813,0,0
2015-05-07,18:00:00,1.36836,1.37106,1.3679,1.36978,0,0
2015-05-07,19:00:00,1.36965,1.3711,1.36859,1.3692,0,0
2015-05-07,20:00:00,1.36916,1.3699,1.3676,1.36916,0,0
2015-05-07,21:00:00,1.36916,1.36999,1.36695,1.36748,0,0
2015-05-07,22:00:00,1.36744,1.36744,1.36581,1.36591,0,0
2015-05-07,23:00:00,1.3659,1.36722,1.3654,1.36674,0,0
2015-05-07,23:59:00,1.36704,1.36753,1.36143,1.36288,0,0
2015-05-08,01:00:00,1.36279,1.36321,1.35969,1.36125,0,0
2015-05-08,02:00:00,1.36124,1.36208,1.3602,1.36135,0,0
2015-05-08,03:00:00,1.36132,1.36273,1.3613,1.36164,0,0
2015-05-08,04:00:00,1.36163,1.36282,1.36032,1.36057,0,0
2015-05-08,05:00:00,1.36073,1.36127,1.35722,1.35727,0,0
2015-05-08,06:00:00,1.3573,1.3577,1.35679,1.35724,0,0
2015-05-08,07:00:00,1.35724,1.3587,1.35721,1.35787,0,0
2015-05-08,08:00:00,1.35787,1.35898,1.3573,1.35787,0,0
2015-05-08,09:00:00,1.35794,1.35808,1.35453,1.3552,0,0
2015-05-08,10:00:00,1.35529,1.35835,1.3545,1.35772,0,0
2015-05-08,11:00:00,1.35754,1.36126,1.35754,1.3588,0,0
2015-05-08,12:00:00,1.35878,1.36024,1.35839,1.35958,0,0
2015-05-08,13:00:00,1.35947,1.35994,1.35682,1.35779,0,0
2015-05-08,14:00:00,1.35769,1.35918,1.35714,1.35861,0,0
2015-05-08,15:00:00,1.35847,1.36519,1.35637,1.36164,0,0
2015-05-08,16:00:00,1.36161,1.36222,1.35882,1.35969,0,0
2015-05-08,17:00:00,1.35994,1.36184,1.35815,1.36176,0,0
2015-05-08,18:00:00,1.36181,1.36181,1.35807,1.35861,0,0
2015-05-08,19:00:00,1.35865,1.35904,1.35532,1.35718,0,0
2015-05-08,20:00:00,1.35728,1.35732,1.35495,1.35602,0,0
2015-05-08,21:00:00,1.35591,1.35621,1.35379,1.35525,0,0
2015-05-08,22:00:00,1.35539,1.35593,1.35451,1.35496,0,0
2015-05-08,23:00:00,1.35479,1.35479,1.35479,1.35479,0,0
2015-05-11,01:00:00,1.354,1.35428,1.35315,1.35414,0,0
2015-05-11,02:00:00,1.35414,1.35421,1.35335,1.35364,0,0
2015-05-11,03:00:00,1.35364,1.35387,1.35096,1.35096,0,0
2015-05-11,04:00:00,1.35099,1.3513,1.34965,1.35034,0,0
2015-05-11,05:00:00,1.35017,1.35256,1.35015,1.35182,0,0
2015-05-11,06:00:00,1.35184,1.35201,1.35034,1.35128,0,0
2015-05-11,07:00:00,1.35128,1.35189,1.3511,1.35182,0,0
2015-05-11,08:00:00,1.35182,1.35192,1.35076,1.35192,0,0
2015-05-11,09:00:00,1.35187,1.35597,1.35165,1.35563,0,0
2015-05-11,10:00:00,1.35562,1.35709,1.35308,1.35326,0,0
2015-05-11,11:00:00,1.35322,1.35579,1.3531,1.35528,0,0
2015-05-11,12:00:00,1.35517,1.35637,1.3534,1.35514,0,0
2015-05-11,13:00:00,1.35517,1.35585,1.3524,1.3528,0,0
2015-05-11,14:00:00,1.35267,1.35344,1.34932,1.34974,0,0
2015-05-11,15:00:00,1.34976,1.35028,1.34727,1.34787,0,0
2015-05-11,16:00:00,1.348,1.34929,1.34593,1.34662,0,0
2015-05-11,17:00:00,1.34681,1.34885,1.3464,1.34714,0,0
2015-05-11,18:00:00,1.34754,1.3506,1.34691,1.34882,0,0
2015-05-11,19:00:00,1.34897,1.35017,1.34723,1.35017,0,0
2015-05-11,20:00:00,1.3506,1.3506,1.34787,1.34913,0,0
2015-05-11,21:00:00,1.34917,1.34954,1.34752,1.34933,0,0
2015-05-11,22:00:00,1.34932,1.35089,1.3491,1.35032,0,0
2015-05-11,23:00:00,1.35038,1.35052,1.34914,1.34982,0,0
2015-05-11,23:59:00,1.35019,1.35019,1.34909,1.34917,0,0
2015-05-12,01:00:00,1.34924,1.34966,1.34879,1.3489,0,0
2015-05-12,02:00:00,1.34889,1.34938,1.34771,1.34813,0,0
2015-05-12,03:00:00,1.34815,1.34903,1.34795,1.3485,0,0
2015-05-12,04:00:00,1.34849,1.34895,1.34812,1.34872,0,0
2015-05-12,05:00:00,1.34851,1.3497,1.34837,1.34958,0,0
2015-05-12,06:00:00,1.34958,1.35034,1.34893,1.34901,0,0
2015-05-12,07:00:00,1.34904,1.35068,1.34885,1.35047,0,0
2015-05-12,08:00:00,1.35056,1.35195,1.35039,1.35139,0,0
2015-05-12,09:00:00,1.35137,1.35472,1.35058,1.352,0,0
2015-05-12,10:00:00,1.35195,1.35673,1.35093,1.35576,0,0
2015-05-12,11:00:00,1.3557,1.35883,1.35569,1.35755,0,0
2015-05-12,12:00:00,1.35767,1.36011,1.35636,1.35731,0,0
2015-05-12,13:00:00,1.35731,1.35752,1.35446,1.35463,0,0
2015-05-12,14:00:00,1.35463,1.35509,1.3523,1.35325,0,0
2015-05-12,15:00:00,1.35314,1.35411,1.35071,1.35071,0,0
2015-05-12,16:00:00,1.35088,1.35619,1.35074,1.35414,0,0
2015-05-12,17:00:00,1.35384,1.3546,1.3489,1.34895,0,0
2015-05-12,18:00:00,1.34929,1.34975,1.34719,1.34755,0,0
2015-05-12,19:00:00,1.34722,1.35005,1.34603,1.34615,0,0
2015-05-12,20:00:00,1.34612,1.34771,1.34587,1.34621,0,0
2015-05-12,21:00:00,1.34629,1.34692,1.34534,1.3459,0,0
2015-05-12,22:00:00,1.3459,1.34768,1.34568,1.34655,0,0
2015-05-12,23:00:00,1.34778,1.34793,1.34655,1.34763,0,0
2015-05-12,23:59:00,1.34774,1.34806,1.3464,1.34697,0,0
2015-05-13,01:00:00,1.34695,1.34701,1.34642,1.34687,0,0
2015-05-13,02:00:00,1.34676,1.3472,1.34658,1.34703,0,0
2015-05-13,03:00:00,1.34695,1.34862,1.34656,1.34817,0,0
2015-05-13,04:00:00,1.34813,1.34823,1.34694,1.34818,0,0
2015-05-13,05:00:00,1.34815,1.35026,1.34797,1.35002,0,0
2015-05-13,06:00:00,1.35002,1.35097,1.3497,1.35086,0,0
2015-05-13,07:00:00,1.35084,1.35285,1.35042,1.35214,0,0
2015-05-13,08:00:00,1.35214,1.35274,1.3511,1.35114,0,0
2015-05-13,09:00:00,1.35077,1.35404,1.34972,1.35199,0,0
2015-05-13,10:00:00,1.35192,1.3524,1.34932,1.35004,0,0
2015-05-13,11:00:00,1.35011,1.35088,1.34475,1.34543,0,0
2015-05-13,12:00:00,1.34539,1.34639,1.34298,1.34442,0,0
2015-05-13,13:00:00,1.3444,1.34525,1.34361,1.34457,0,0
2015-05-13,14:00:00,1.34457,1.34604,1.34364,1.34512,0,0
2015-05-13,15:00:00,1.34509,1.35152,1.34336,1.35136,0,0
2015-05-13,16:00:00,1.35122,1.35552,1.35105,1.35486,0,0
2015-05-13,17:00:00,1.35501,1.3596,1.35345,1.35957,0,0
2015-05-13,18:00:00,1.35959,1.36056,1.35803,1.35904,0,0
2015-05-13,19:00:00,1.35906,1.35989,1.35679,1.35745,0,0
2015-05-13,20:00:00,1.35733,1.35851,1.35686,1.35709,0,0
2015-05-13,21:00:00,1.35697,1.36038,1.3567,1.36018,0,0
2015-05-13,22:00:00,1.36008,1.36008,1.35728,1.35733,0,0
2015-05-13,23:00:00,1.35734,1.35807,1.35702,1.35783,0,0
2015-05-13,23:59:00,1.35768,1.35813,1.35714,1.35732,0,0
2015-05-14,01:00:00,1.35732,1.35836,1.35684,1.357,0,0
2015-05-14,02:00:00,1.35705,1.35752,1.35656,1.35673,0,0
2015-05-14,03:00:00,1.35675,1.35716,1.35638,1.35712,0,0
2015-05-14,04:00:00,1.3571,1.35769,1.35592,1.35629,0,0
2015-05-14,05:00:00,1.35687,1.35727,1.35609,1.35629,0,0
2015-05-14,06:00:00,1.35639,1.35766,1.35584,1.35717,0,0
2015-05-14,07:00:00,1.35722,1.3573,1.35606,1.35649,0,0
2015-05-14,08:00:00,1.35647,1.35745,1.35557,1.35708,0,0
2015-05-14,09:00:00,1.35701,1.36241,1.35606,1.36136,0,0
2015-05-14,10:00:00,1.3615,1.36408,1.36074,1.36174,0,0
2015-05-14,11:00:00,1.36167,1.36449,1.36095,1.36357,0,0
2015-05-14,12:00:00,1.36345,1.36503,1.36259,1.36347,0,0
2015-05-14,13:00:00,1.36356,1.36719,1.36309,1.36627,0,0
2015-05-14,14:00:00,1.36611,1.36684,1.36342,1.36509,0,0
2015-05-14,15:00:00,1.36488,1.36649,1.36231,1.36239,0,0
2015-05-14,16:00:00,1.36223,1.36244,1.35906,1.36026,0,0
2015-05-14,17:00:00,1.36033,1.36369,1.35936,1.36142,0,0
2015-05-14,18:00:00,1.36152,1.36409,1.3589,1.36338,0,0
2015-05-14,19:00:00,1.36325,1.36553,1.36264,1.36553,0,0
2015-05-14,20:00:00,1.36556,1.36675,1.36392,1.36517,0,0
2015-05-14,21:00:00,1.36493,1.36713,1.36411,1.36704,0,0
2015-05-14,22:00:00,1.36707,1.36915,1.36617,1.36877,0,0
2015-05-14,23:00:00,1.36866,1.36906,1.3672,1.36729,0,0
2015-05-14,23:59:00,1.36716,1.36829,1.36697,1.36785,0,0
2015-05-15,01:00:00,1.36781,1.36803,1.36651,1.36662,0,0
2015-05-15,02:00:00,1.36662,1.36697,1.36587,1.36659,0,0
2015-05-15,03:00:00,1.36658,1.36796,1.36649,1.36727,0,0
2015-05-15,04:00:00,1.36727,1.36869,1.36648,1.36869,0,0
2015-05-15,05:00:00,1.36865,1.37017,1.36851,1.36873,0,0
2015-05-15,06:00:00,1.36873,1.3689,1.36788,1.36798,0,0
2015-05-15,07:00:00,1.36798,1.36883,1.36783,1.36877,0,0
2015-05-15,08:00:00,1.36879,1.36904,1.36627,1.36647,0,0
2015-05-15,09:00:00,1.3664,1.3683,1.36407,1.36817,0,0
2015-05-15,10:00:00,1.36816,1.36928,1.36438,1.36601,0,0
2015-05-15,11:00:00,1.366,1.36881,1.36386,1.36472,0,0
2015-05-15,12:00:00,1.36453,1.36532,1.36298,1.36435,0,0
2015-05-15,13:00:00,1.36401,1.36622,1.36388,1.36617,0,0
2015-05-15,14:00:00,1.36606,1.36681,1.36276,1.36376,0,0
2015-05-15,15:00:00,1.3638,1.36626,1.36301,1.36541,0,0
2015-05-15,16:00:00,1.36523,1.36967,1.3652,1.36835,0,0
2015-05-15,17:00:00,1.36868,1.37387,1.36868,1.37359,0,0
2015-05-15,18:00:00,1.37336,1.37524,1.37217,1.37243,0,0
2015-05-15,19:00:00,1.37246,1.37535,1.37187,1.37535,0,0
2015-05-15,20:00:00,1.3754,1.37765,1.37487,1.37581,0,0
2015-05-15,21:00:00,1.37566,1.37754,1.37559,1.37691,0,0
2015-05-15,22:00:00,1.37687,1.37692,1.37571,1.37613,0,0
2015-05-15,23:00:00,1.3762,1.37649,1.3762,1.37634,0,0
2015-05-18,01:00:00,1.37525,1.37627,1.37508,1.37522,0,0
2015-05-18,02:00:00,1.37522,1.37568,1.37466,1.37505,0,0
2015-05-18,03:00:00,1.37505,1.37569,1.3745,1.37567,0,0
2015-05-18,04:00:00,1.37567,1.37622,1.37542,1.37594,0,0
2015-05-18,05:00:00,1.37605,1.3771,1.37584,1.37697,0,0
2015-05-18,06:00:00,1.37691,1.37712,1.37596,1.37624,0,0
2015-05-18,07:00:00,1.37624,1.37649,1.37557,1.37576,0,0
2015-05-18,08:00:00,1.37576,1.37578,1.37368,1.37527,0,0
2015-05-18,09:00:00,1.37523,1.37616,1.3736,1.3736,0,0
2015-05-18,10:00:00,1.37355,1.3743,1.37066,1.3721,0,0
2015-05-18,11:00:00,1.3722,1.37238,1.36965,1.37139,0,0
2015-05-18,12:00:00,1.37139,1.37359,1.3701,1.37341,0,0
2015-05-18,13:00:00,1.37386,1.37625,1.37274,1.3761,0,0
2015-05-18,14:00:00,1.37613,1.37628,1.37405,1.37487,0,0
2015-05-18,15:00:00,1.3749,1.37648,1.37298,1.37611,0,0
2015-05-18,16:00:00,1.37607,1.3786,1.37484,1.37498,0,0
2015-05-18,17:00:00,1.37488,1.37878,1.37434,1.37854,0,0
2015-05-18,18:00:00,1.37841,1.3805,1.37824,1.37954,0,0
2015-05-18,19:00:00,1.37954,1.37958,1.3773,1.37839,0,0
2015-05-18,20:00:00,1.37844,1.37883,1.37505,1.37516,0,0
2015-05-18,21:00:00,1.37505,1.37576,1.37389,1.37504,0,0
2015-05-18,22:00:00,1.37541,1.3762,1.37453,1.37563,0,0
2015-05-18,23:00:00,1.37565,1.37634,1.37535,1.37579,0,0
2015-05-18,23:59:00,1.37592,1.37645,1.37531,1.37541,0,0
2015-05-19,01:00:00,1.37542,1.37592,1.37496,1.37515,0,0
2015-05-19,02:00:00,1.37513,1.37574,1.37499,1.37546,0,0
2015-05-19,03:00:00,1.37546,1.37667,1.37533,1.37598,0,0
2015-05-19,04:00:00,1.37583,1.37594,1.37352,1.37425,0,0
2015-05-19,05:00:00,1.37422,1.37454,1.37161,1.37225,0,0
2015-05-19,06:00:00,1.37221,1.3728,1.37181,1.37245,0,0
2015-05-19,07:00:00,1.37222,1.37246,1.37128,1.37184,0,0
2015-05-19,08:00:00,1.37184,1.37363,1.37164,1.37302,0,0
2015-05-19,09:00:00,1.37299,1.37318,1.37022,1.373,0,0
2015-05-19,10:00:00,1.37291,1.37291,1.35807,1.36111,0,0
2015-05-19,11:00:00,1.36093,1.36362,1.3593,1.36362,0,0
2015-05-19,12:00:00,1.3628,1.36649,1.3628,1.36497,0,0
2015-05-19,13:00:00,1.36493,1.36566,1.36367,1.3649,0,0
2015-05-19,14:00:00,1.36527,1.36539,1.36121,1.36216,0,0
2015-05-19,15:00:00,1.36225,1.36353,1.35852,1.36002,0,0
2015-05-19,16:00:00,1.36013,1.36484,1.35956,1.36465,0,0
2015-05-19,17:00:00,1.36466,1.36625,1.36235,1.36289,0,0
2015-05-19,18:00:00,1.36272,1.36412,1.36108,1.36172,0,0
2015-05-19,19:00:00,1.36183,1.3631,1.36024,1.36255,0,0
2015-05-19,20:00:00,1.36281,1.3634,1.36139,1.36272,0,0
2015-05-19,21:00:00,1.36259,1.36393,1.36258,1.36317,0,0
2015-05-19,22:00:00,1.36312,1.36415,1.36282,1.36368,0,0
2015-05-19,23:00:00,1.36363,1.36398,1.36287,1.36386,0,0
2015-05-19,23:59:00,1.36385,1.36409,1.36293,1.36307,0,0
2015-05-20,01:00:00,1.36305,1.36357,1.36249,1.36329,0,0
2015-05-20,02:00:00,1.3633,1.36364,1.36263,1.36263,0,0
2015-05-20,03:00:00,1.36263,1.36342,1.36164,1.36238,0,0
2015-05-20,04:00:00,1.36238,1.36298,1.36163,1.36207,0,0
2015-05-20,05:00:00,1.36206,1.36263,1.36188,1.36223,0,0
2015-05-20,06:00:00,1.36225,1.36236,1.36143,1.3616,0,0
2015-05-20,07:00:00,1.3616,1.36185,1.3607,1.36121,0,0
2015-05-20,08:00:00,1.36123,1.36264,1.35867,1.35867,0,0
2015-05-20,09:00:00,1.35837,1.35997,1.35533,1.35653,0,0
2015-05-20,10:00:00,1.35658,1.35828,1.35504,1.35797,0,0
2015-05-20,11:00:00,1.35789,1.36023,1.35777,1.35828,0,0
2015-05-20,12:00:00,1.35821,1.36192,1.35809,1.36021,0,0
2015-05-20,13:00:00,1.36018,1.3609,1.35666,1.35709,0,0
2015-05-20,14:00:00,1.35717,1.35792,1.35583,1.35671,0,0
2015-05-20,15:00:00,1.35671,1.36047,1.35671,1.35959,0,0
2015-05-20,16:00:00,1.35957,1.35976,1.35672,1.35788,0,0
2015-05-20,17:00:00,1.3578,1.35945,1.35665,1.35743,0,0
2015-05-20,18:00:00,1.35746,1.35751,1.35282,1.35286,0,0
2015-05-20,19:00:00,1.35308,1.35557,1.35307,1.35466,0,0
2015-05-20,20:00:00,1.35449,1.3554,1.35303,1.35331,0,0
2015-05-20,21:00:00,1.35337,1.35735,1.35247,1.35501,0,0
2015-05-20,22:00:00,1.35493,1.35651,1.35324,1.35464,0,0
2015-05-20,23:00:00,1.35458,1.35524,1.35333,1.35436,0,0
2015-05-20,23:59:00,1.35416,1.3552,1.35296,1.35398,0,0
2015-05-21,01:00:00,1.35398,1.35454,1.35363,1.35392,0,0
2015-05-21,02:00:00,1.35398,1.35521,1.35374,1.35521,0,0
2015-05-21,03:00:00,1.35522,1.3564,1.35465,1.35575,0,0
2015-05-21,04:00:00,1.35575,1.35639,1.3554,1.35596,0,0
2015-05-21,05:00:00,1.35593,1.3564,1.35548,1.35601,0,0
2015-05-21,06:00:00,1.35601,1.35651,1.35539,1.35621,0,0
2015-05-21,07:00:00,1.35622,1.35652,1.35522,1.35564,0,0
2015-05-21,08:00:00,1.35583,1.35619,1.35514,1.35549,0,0
2015-05-21,09:00:00,1.35542,1.35542,1.35173,1.35306,0,0
2015-05-21,10:00:00,1.35278,1.35961,1.35278,1.35757,0,0
2015-05-21,11:00:00,1.35736,1.36119,1.3572,1.35777,0,0
2015-05-21,12:00:00,1.35777,1.36037,1.35716,1.35879,0,0
2015-05-21,13:00:00,1.35856,1.3631,1.35856,1.36187,0,0
2015-05-21,14:00:00,1.36196,1.36255,1.3602,1.36052,0,0
2015-05-21,15:00:00,1.36052,1.36214,1.3591,1.36003,0,0
2015-05-21,16:00:00,1.35979,1.36071,1.3581,1.36035,0,0
2015-05-21,17:00:00,1.35988,1.36217,1.35741,1.35848,0,0
2015-05-21,18:00:00,1.35867,1.35932,1.35617,1.35756,0,0
2015-05-21,19:00:00,1.35764,1.35825,1.35679,1.35791,0,0
2015-05-21,20:00:00,1.35804,1.35885,1.35729,1.35744,0,0
2015-05-21,21:00:00,1.35739,1.35891,1.35652,1.35838,0,0
2015-05-21,22:00:00,1.35851,1.35876,1.35682,1.35695,0,0
2015-05-21,23:00:00,1.35696,1.35721,1.35559,1.35559,0,0
2015-05-21,23:59:00,1.35559,1.3563,1.35454,1.35532,0,0
2015-05-22,01:00:00,1.35532,1.35578,1.35489,1.35546,0,0
2015-05-22,02:00:00,1.35545,1.35555,1.35493,1.35522,0,0
2015-05-22,03:00:00,1.35528,1.35604,1.35511,1.35562,0,0
2015-05-22,04:00:00,1.35562,1.35594,1.35514,1.35567,0,0
2015-05-22,05:00:00,1.35565,1.3568,1.35556,1.35622,0,0
2015-05-22,06:00:00,1.35622,1.35739,1.35606,1.35723,0,0
2015-05-22,07:00:00,1.35725,1.35817,1.35719,1.35741,0,0
2015-05-22,08:00:00,1.35735,1.35854,1.35703,1.35814,0,0
2015-05-22,09:00:00,1.35805,1.36033,1.35798,1.359,0,0
2015-05-22,10:00:00,1.35901,1.36148,1.35819,1.36018,0,0
2015-05-22,11:00:00,1.36018,1.36296,1.36,1.3629,0,0
2015-05-22,12:00:00,1.36281,1.36527,1.36183,1.3649,0,0
2015-05-22,13:00:00,1.36475,1.36674,1.36475,1.36538,0,0
2015-05-22,14:00:00,1.36536,1.36613,1.3617,1.36198,0,0
2015-05-22,15:00:00,1.36202,1.36373,1.3572,1.35803,0,0
2015-05-22,16:00:00,1.35799,1.35799,1.35191,1.3535,0,0
2015-05-22,17:00:00,1.35335,1.35523,1.3525,1.35445,0,0
2015-05-22,18:00:00,1.35439,1.35584,1.35321,1.35577,0,0
2015-05-22,19:00:00,1.35579,1.35792,1.35549,1.35775,0,0
2015-05-22,20:00:00,1.358,1.358,1.35536,1.35566,0,0
2015-05-22,21:00:00,1.35523,1.356,1.35439,1.35453,0,0
2015-05-22,22:00:00,1.35464,1.35505,1.35387,1.35419,0,0
2015-05-22,23:00:00,1.35414,1.35447,1.35414,1.35441,0,0
2015-05-25,01:00:00,1.35081,1.3521,1.35081,1.35171,0,0
2015-05-25,02:00:00,1.35186,1.35274,1.35096,1.35151,0,0
2015-05-25,03:00:00,1.35148,1.35207,1.3499,1.35017,0,0
2015-05-25,04:00:00,1.35029,1.35052,1.34958,1.35008,0,0
2015-05-25,05:00:00,1.35008,1.3506,1.35001,1.35027,0,0
2015-05-25,06:00:00,1.35036,1.35129,1.35016,1.35054,0,0
2015-05-25,07:00:00,1.35056,1.3507,1.34979,1.35,0,0
2015-05-25,08:00:00,1.35002,1.3506,1.34954,1.35006,0,0
2015-05-25,09:00:00,1.35005,1.35225,1.35005,1.35093,0,0
2015-05-25,10:00:00,1.35106,1.35145,1.34833,1.34893,0,0
2015-05-25,11:00:00,1.34894,1.34988,1.34811,1.34915,0,0
2015-05-25,12:00:00,1.34914,1.34946,1.34783,1.34886,0,0
2015-05-25,13:00:00,1.34883,1.34918,1.34779,1.34831,0,0
2015-05-25,14:00:00,1.34824,1.34942,1.34812,1.34906,0,0
2015-05-25,15:00:00,1.34906,1.35185,1.34901,1.35124,0,0
2015-05-25,16:00:00,1.35126,1.35154,1.34898,1.34987,0,0
2015-05-25,17:00:00,1.34998,1.35156,1.34966,1.35036,0,0
2015-05-25,18:00:00,1.35045,1.35054,1.34902,1.3499,0,0
2015-05-25,19:00:00,1.34983,1.352,1.34983,1.352,0,0
2015-05-25,20:00:00,1.35228,1.35228,1.35142,1.3515,0,0
2015-05-25,21:00:00,1.35151,1.35238,1.35121,1.35173,0,0
2015-05-25,22:00:00,1.35171,1.3519,1.35113,1.35172,0,0
2015-05-25,23:00:00,1.35176,1.35222,1.35131,1.35173,0,0
2015-05-25,23:59:00,1.35173,1.35245,1.35115,1.35171,0,0
2015-05-26,01:00:00,1.35171,1.35259,1.35136,1.35144,0,0
2015-05-26,02:00:00,1.35147,1.35193,1.35077,1.35124,0,0
2015-05-26,03:00:00,1.35124,1.35145,1.34771,1.34851,0,0
2015-05-26,04:00:00,1.3485,1.34924,1.34731,1.34813,0,0
2015-05-26,05:00:00,1.34817,1.34891,1.34786,1.34835,0,0
2015-05-26,06:00:00,1.34835,1.34837,1.34648,1.34691,0,0
2015-05-26,07:00:00,1.34691,1.34743,1.34635,1.34635,0,0
2015-05-26,08:00:00,1.34635,1.34649,1.34533,1.34581,0,0
2015-05-26,09:00:00,1.34569,1.34665,1.34343,1.34396,0,0
2015-05-26,10:00:00,1.34387,1.34712,1.34319,1.34514,0,0
2015-05-26,11:00:00,1.34502,1.34728,1.34442,1.34594,0,0
2015-05-26,12:00:00,1.34601,1.3485,1.34594,1.348,0,0
2015-05-26,13:00:00,1.34805,1.34947,1.34738,1.34896,0,0
2015-05-26,14:00:00,1.34907,1.35191,1.34865,1.35179,0,0
2015-05-26,15:00:00,1.35194,1.35356,1.34868,1.35284,0,0
2015-05-26,16:00:00,1.35274,1.35636,1.3518,1.35587,0,0
2015-05-26,17:00:00,1.35591,1.35679,1.35255,1.35369,0,0
2015-05-26,18:00:00,1.35338,1.35409,1.35175,1.35184,0,0
2015-05-26,19:00:00,1.35182,1.35417,1.35108,1.35393,0,0
2015-05-26,20:00:00,1.35385,1.35413,1.35046,1.35088,0,0
2015-05-26,21:00:00,1.35106,1.3517,1.35041,1.35151,0,0
2015-05-26,22:00:00,1.35168,1.35177,1.35052,1.35136,0,0
2015-05-26,23:00:00,1.35128,1.35244,1.35095,1.35173,0,0
2015-05-26,23:59:00,1.35193,1.35294,1.35148,1.35177,0,0
2015-05-27,01:00:00,1.35184,1.35327,1.35184,1.3523,0,0
2015-05-27,02:00:00,1.35242,1.35281,1.35204,1.35265,0,0
2015-05-27,03:00:00,1.35253,1.35283,1.3517,1.35202,0,0
2015-05-27,04:00:00,1.35206,1.35258,1.35139,1.35139,0,0
2015-05-27,05:00:00,1.35141,1.35241,1.35141,1.35221,0,0
2015-05-27,06:00:00,1.35223,1.35291,1.35212,1.35253,0,0
2015-05-27,07:00:00,1.35254,1.35328,1.35209,1.35304,0,0
2015-05-27,08:00:00,1.35301,1.35498,1.35301,1.35424,0,0
2015-05-27,09:00:00,1.35408,1.35534,1.35372,1.3538,0,0
2015-05-27,10:00:00,1.35369,1.3561,1.35319,1.3557,0,0
2015-05-27,11:00:00,1.3557,1.35674,1.35469,1.35674,0,0
2015-05-27,12:00:00,1.35664,1.35879,1.35572,1.3569,0,0
2015-05-27,13:00:00,1.35671,1.35793,1.3531,1.35441,0,0
2015-05-27,14:00:00,1.35486,1.35581,1.3527,1.35377,0,0
2015-05-27,15:00:00,1.35369,1.35446,1.35109,1.35117,0,0
2015-05-27,16:00:00,1.35121,1.35315,1.34881,1.34986,0,0
2015-05-27,17:00:00,1.35032,1.35838,1.34874,1.3577,0,0
2015-05-27,18:00:00,1.35769,1.36048,1.35633,1.35908,0,0
2015-05-27,19:00:00,1.35911,1.35924,1.35782,1.35882,0,0
2015-05-27,20:00:00,1.35898,1.36005,1.35836,1.35993,0,0
2015-05-27,21:00:00,1.35993,1.35999,1.35787,1.35804,0,0
2015-05-27,22:00:00,1.35809,1.35895,1.35709,1.35822,0,0
2015-05-27,23:00:00,1.35815,1.35906,1.3577,1.35776,0,0
2015-05-27,23:59:00,1.35777,1.35865,1.35741,1.35758,0,0
2015-05-28,01:00:00,1.35785,1.35836,1.35677,1.35801,0,0
2015-05-28,02:00:00,1.35799,1.35799,1.35741,1.35749,0,0
2015-05-28,03:00:00,1.35752,1.35947,1.35681,1.35847,0,0
2015-05-28,04:00:00,1.3585,1.35948,1.35785,1.35834,0,0
2015-05-28,05:00:00,1.35834,1.35958,1.35815,1.35815,0,0
2015-05-28,06:00:00,1.35823,1.36032,1.35799,1.36031,0,0
2015-05-28,07:00:00,1.36031,1.36155,1.36,1.36135,0,0
2015-05-28,08:00:00,1.36131,1.36141,1.35917,1.35957,0,0
2015-05-28,09:00:00,1.35955,1.36244,1.35876,1.36069,0,0
2015-05-28,10:00:00,1.36063,1.36294,1.35959,1.36207,0,0
2015-05-28,11:00:00,1.36222,1.36539,1.36138,1.36471,0,0
2015-05-28,12:00:00,1.36465,1.36593,1.36389,1.36514,0,0
2015-05-28,13:00:00,1.36521,1.36728,1.36487,1.36505,0,0
2015-05-28,14:00:00,1.36479,1.3651,1.35839,1.35882,0,0
2015-05-28,15:00:00,1.35856,1.36231,1.35838,1.36196,0,0
2015-05-28,16:00:00,1.36189,1.36458,1.36088,1.36423,0,0
2015-05-28,17:00:00,1.36396,1.36573,1.36262,1.36543,0,0
2015-05-28,18:00:00,1.36494,1.36517,1.36126,1.36134,0,0
2015-05-28,19:00:00,1.36129,1.36289,1.35895,1.36214,0,0
2015-05-28,20:00:00,1.36216,1.36324,1.3598,1.35991,0,0
2015-05-28,21:00:00,1.35997,1.36151,1.35929,1.36109,0,0
2015-05-28,22:00:00,1.36111,1.3618,1.35935,1.36066,0,0
2015-05-28,23:00:00,1.36056,1.36179,1.36048,1.36137,0,0
2015-05-28,23:59:00,1.36143,1.36375,1.36131,1.36182,0,0
2015-05-29,01:00:00,1.36166,1.36348,1.3612,1.36286,0,0
2015-05-29,02:00:00,1.36286,1.363,1.36176,1.36213,0,0
2015-05-29,03:00:00,1.36213,1.36225,1.36073,1.36098,0,0
2015-05-29,04:00:00,1.36085,1.36174,1.3607,1.36127,0,0
2015-05-29,05:00:00,1.36126,1.36175,1.36055,1.36076,0,0
2015-05-29,06:00:00,1.3607,1.36122,1.36047,1.36101,0,0
2015-05-29,07:00:00,1.36097,1.36133,1.36025,1.36035,0,0
2015-05-29,08:00:00,1.3603,1.36046,1.35928,1.36043,0,0
2015-05-29,09:00:00,1.36037,1.36157,1.35984,1.35984,0,0
2015-05-29,10:00:00,1.36009,1.3636,1.35971,1.36354,0,0
2015-05-29,11:00:00,1.36355,1.36535,1.36335,1.36368,0,0
2015-05-29,12:00:00,1.36363,1.36589,1.36317,1.36573,0,0
2015-05-29,13:00:00,1.36573,1.36601,1.36245,1.36343,0,0
2015-05-29,14:00:00,1.36368,1.36573,1.36305,1.36552,0,0
2015-05-29,15:00:00,1.36542,1.37454,1.36478,1.37222,0,0
2015-05-29,16:00:00,1.3721,1.37505,1.37153,1.37242,0,0
2015-05-29,17:00:00,1.37224,1.37414,1.36772,1.36798,0,0
2015-05-29,18:00:00,1.36762,1.37212,1.36751,1.37028,0,0
2015-05-29,19:00:00,1.37015,1.37092,1.36775,1.36775,0,0
2015-05-29,20:00:00,1.36775,1.36982,1.36769,1.36819,0,0
2015-05-29,21:00:00,1.36816,1.36844,1.36565,1.36673,0,0
2015-05-29,22:00:00,1.36682,1.36766,1.36558,1.36565,0,0
2015-05-29,23:00:00,1.36594,1.36604,1.36579,1.36591,0,0
2015-06-01,01:00:00,1.36657,1.36798,1.36607,1.3665,0,0
2015-06-01,02:00:00,1.36651,1.36654,1.36478,1.36496,0,0
2015-06-01,03:00:00,1.36514,1.36568,1.36355,1.36398,0,0
2015-06-01,04:00:00,1.36408,1.36425,1.36311,1.36378,0,0
2015-06-01,05:00:00,1.36382,1.36468,1.36342,1.36435,0,0
2015-06-01,06:00:00,1.36445,1.36491,1.36405,1.3642,0,0
2015-06-01,07:00:00,1.36422,1.36566,1.36407,1.36544,0,0
2015-06-01,08:00:00,1.36543,1.36634,1.36474,1.36481,0,0
2015-06-01,09:00:00,1.36491,1.36557,1.36268,1.36297,0,0
2015-06-01,10:00:00,1.36283,1.36469,1.36022,1.36142,0,0
2015-06-01,11:00:00,1.36143,1.36339,1.36028,1.36085,0,0
2015-06-01,12:00:00,1.36079,1.36431,1.36011,1.36345,0,0
2015-06-01,13:00:00,1.36345,1.36434,1.36173,1.36364,0,0
2015-06-01,14:00:00,1.36367,1.3658,1.36201,1.36432,0,0
2015-06-01,15:00:00,1.36438,1.36823,1.36408,1.36758,0,0
2015-06-01,16:00:00,1.36762,1.37041,1.36761,1.36922,0,0
2015-06-01,17:00:00,1.36922,1.36922,1.36618,1.36689,0,0
2015-06-01,18:00:00,1.36679,1.36979,1.36652,1.36935,0,0
2015-06-01,19:00:00,1.36932,1.37107,1.36884,1.37034,0,0
2015-06-01,20:00:00,1.37036,1.37142,1.36991,1.37012,0,0
2015-06-01,21:00:00,1.37016,1.37027,1.36782,1.36949,0,0
2015-06-01,22:00:00,1.36965,1.37062,1.3686,1.36891,0,0
2015-06-01,23:00:00,1.3689,1.36989,1.36802,1.36828,0,0
2015-06-01,23:59:00,1.36836,1.36962,1.36734,1.36797,0,0
2015-06-02,01:00:00,1.36824,1.36925,1.36808,1.36884,0,0
2015-06-02,02:00:00,1.36884,1.36918,1.36742,1.36803,0,0
2015-06-02,03:00:00,1.36804,1.36951,1.36804,1.36928,0,0
2015-06-02,04:00:00,1.36928,1.36941,1.36844,1.36901,0,0
2015-06-02,05:00:00,1.36902,1.36904,1.36811,1.36847,0,0
2015-06-02,06:00:00,1.36848,1.36862,1.3679,1.36809,0,0
2015-06-02,07:00:00,1.36809,1.36882,1.36764,1.3683,0,0
2015-06-02,08:00:00,1.36822,1.36846,1.36687,1.367,0,0
2015-06-02,09:00:00,1.36704,1.3704,1.36622,1.36982,0,0
2015-06-02,10:00:00,1.36975,1.3738,1.36938,1.36979,0,0
2015-06-02,11:00:00,1.36972,1.37421,1.36934,1.37405,0,0
2015-06-02,12:00:00,1.37415,1.37562,1.37264,1.37527,0,0
2015-06-02,13:00:00,1.37528,1.38199,1.37494,1.38,0,0
2015-06-02,14:00:00,1.37986,1.38311,1.37824,1.37919,0,0
2015-06-02,15:00:00,1.37924,1.38374,1.37792,1.38339,0,0
2015-06-02,16:00:00,1.38341,1.39146,1.38341,1.38511,0,0
2015-06-02,17:00:00,1.38509,1.38712,1.3834,1.38458,0,0
2015-06-02,18:00:00,1.38472,1.38515,1.38251,1.38253,0,0
2015-06-02,19:00:00,1.38261,1.38435,1.38152,1.3841,0,0
2015-06-02,20:00:00,1.38414,1.38527,1.38376,1.38452,0,0
2015-06-02,21:00:00,1.38463,1.38654,1.38445,1.38486,0,0
2015-06-02,22:00:00,1.38506,1.38511,1.38256,1.38291,0,0
2015-06-02,23:00:00,1.38293,1.38386,1.38249,1.38285,0,0
2015-06-02,23:59:00,1.38291,1.38397,1.38291,1.38326,0,0
2015-06-03,01:00:00,1.38328,1.38433,1.38317,1.38396,0,0
2015-06-03,02:00:00,1.38396,1.38463,1.38359,1.38423,0,0
2015-06-03,03:00:00,1.38415,1.38432,1.3828,1.38367,0,0
2015-06-03,04:00:00,1.38357,1.38442,1.38288,1.38404,0,0
2015-06-03,05:00:00,1.38404,1.38406,1.38263,1.38343,0,0
2015-06-03,06:00:00,1.38343,1.38373,1.38288,1.38325,0,0
2015-06-03,07:00:00,1.38342,1.38496,1.38325,1.38424,0,0
2015-06-03,08:00:00,1.3841,1.38678,1.384,1.38486,0,0
2015-06-03,09:00:00,1.38499,1.38626,1.38311,1.38437,0,0
2015-06-03,10:00:00,1.38423,1.38423,1.38031,1.38294,0,0
2015-06-03,11:00:00,1.38292,1.38581,1.38281,1.3842,0,0
2015-06-03,12:00:00,1.38416,1.38572,1.38162,1.38556,0,0
2015-06-03,13:00:00,1.38543,1.38584,1.38349,1.38498,0,0
2015-06-03,14:00:00,1.3849,1.3851,1.38256,1.38286,0,0
2015-06-03,15:00:00,1.38281,1.39158,1.38281,1.38989,0,0
2015-06-03,16:00:00,1.3898,1.39939,1.38959,1.39721,0,0
2015-06-03,17:00:00,1.39719,1.40221,1.39599,1.40215,0,0
2015-06-03,18:00:00,1.40223,1.4037,1.40032,1.40333,0,0
2015-06-03,19:00:00,1.40342,1.40355,1.40145,1.40151,0,0
2015-06-03,20:00:00,1.40149,1.40367,1.40149,1.40208,0,0
2015-06-03,21:00:00,1.40209,1.40244,1.40104,1.40151,0,0
2015-06-03,22:00:00,1.40183,1.40427,1.40165,1.40395,0,0
2015-06-03,23:00:00,1.40395,1.40432,1.403,1.40397,0,0
2015-06-03,23:59:00,1.40369,1.40384,1.4028,1.40306,0,0
2015-06-04,01:00:00,1.40303,1.40413,1.40248,1.40341,0,0
2015-06-04,02:00:00,1.40329,1.40386,1.40182,1.40268,0,0
2015-06-04,03:00:00,1.40269,1.40321,1.40234,1.40246,0,0
2015-06-04,04:00:00,1.40246,1.40368,1.4018,1.40304,0,0
2015-06-04,05:00:00,1.403,1.40329,1.40259,1.40295,0,0
2015-06-04,06:00:00,1.40311,1.40398,1.40308,1.40354,0,0
2015-06-04,07:00:00,1.40354,1.40392,1.40315,1.4037,0,0
2015-06-04,08:00:00,1.4037,1.40425,1.40316,1.40414,0,0
2015-06-04,09:00:00,1.40409,1.40441,1.40107,1.40168,0,0
2015-06-04,10:00:00,1.40171,1.40563,1.40152,1.40553,0,0
2015-06-04,11:00:00,1.40561,1.41619,1.40522,1.41212,0,0
2015-06-04,12:00:00,1.41216,1.41461,1.41183,1.4132,0,0
2015-06-04,13:00:00,1.41302,1.41449,1.41229,1.41322,0,0
2015-06-04,14:00:00,1.41325,1.41389,1.40965,1.40973,0,0
2015-06-04,15:00:00,1.40965,1.41084,1.40724,1.40774,0,0
2015-06-04,16:00:00,1.40778,1.40849,1.40436,1.40779,0,0
2015-06-04,17:00:00,1.40783,1.40844,1.40511,1.40615,0,0
2015-06-04,18:00:00,1.40629,1.4079,1.40477,1.40599,0,0
2015-06-04,19:00:00,1.40622,1.41068,1.40543,1.40858,0,0
2015-06-04,20:00:00,1.40808,1.40949,1.40326,1.404,0,0
2015-06-04,21:00:00,1.4041,1.40584,1.40307,1.40501,0,0
2015-06-04,22:00:00,1.40518,1.40544,1.40417,1.40522,0,0
2015-06-04,23:00:00,1.4052,1.40555,1.40458,1.40495,0,0
2015-06-04,23:59:00,1.40496,1.40589,1.40325,1.40363,0,0
2015-06-05,01:00:00,1.40365,1.40398,1.40091,1.40107,0,0
2015-06-05,02:00:00,1.40104,1.40106,1.39824,1.40052,0,0
2015-06-05,03:00:00,1.40054,1.4021,1.40039,1.40089,0,0
2015-06-05,04:00:00,1.4009,1.40123,1.39992,1.4008,0,0
2015-06-05,05:00:00,1.40093,1.40152,1.40072,1.40121,0,0
2015-06-05,06:00:00,1.40121,1.40132,1.4003,1.40066,0,0
2015-06-05,07:00:00,1.40066,1.40185,1.40063,1.40114,0,0
2015-06-05,08:00:00,1.40114,1.40196,1.40059,1.40152,0,0
2015-06-05,09:00:00,1.40167,1.40574,1.40167,1.40565,0,0
2015-06-05,10:00:00,1.40562,1.41226,1.40549,1.41144,0,0
2015-06-05,11:00:00,1.41151,1.41223,1.40963,1.41019,0,0
2015-06-05,12:00:00,1.41023,1.41113,1.4086,1.41066,0,0
2015-06-05,13:00:00,1.41064,1.41069,1.40485,1.40555,0,0
2015-06-05,14:00:00,1.40546,1.40644,1.40227,1.40331,0,0
2015-06-05,15:00:00,1.40336,1.40419,1.3838,1.3887,0,0
2015-06-05,16:00:00,1.38878,1.39245,1.38691,1.38691,0,0
2015-06-05,17:00:00,1.38679,1.38844,1.38489,1.38552,0,0
2015-06-05,18:00:00,1.38544,1.38751,1.38525,1.38697,0,0
2015-06-05,19:00:00,1.38714,1.38851,1.38616,1.38844,0,0
2015-06-05,20:00:00,1.38857,1.38899,1.38535,1.38571,0,0
2015-06-05,21:00:00,1.38564,1.38592,1.38338,1.38359,0,0
2015-06-05,22:00:00,1.38357,1.38389,1.38212,1.38212,0,0
2015-06-05,23:00:00,1.38216,1.38228,1.38212,1.38223,0,0
2015-06-08,01:00:00,1.38079,1.38284,1.38079,1.38276,0,0
2015-06-08,02:00:00,1.38272,1.38401,1.38266,1.3834,0,0
2015-06-08,03:00:00,1.38362,1.38418,1.38234,1.38234,0,0
2015-06-08,04:00:00,1.38232,1.38345,1.38223,1.3832,0,0
2015-06-08,05:00:00,1.38311,1.38373,1.38242,1.38368,0,0
2015-06-08,06:00:00,1.38369,1.38412,1.38333,1.38391,0,0
2015-06-08,07:00:00,1.38393,1.3841,1.38327,1.38373,0,0
2015-06-08,08:00:00,1.38374,1.38504,1.38365,1.38466,0,0
2015-06-08,09:00:00,1.38514,1.38831,1.382,1.38459,0,0
2015-06-08,10:00:00,1.38461,1.39035,1.38461,1.38919,0,0
2015-06-08,11:00:00,1.38894,1.38899,1.38377,1.38408,0,0
2015-06-08,12:00:00,1.38421,1.38598,1.38311,1.38393,0,0
2015-06-08,13:00:00,1.38385,1.3855,1.38265,1.3853,0,0
2015-06-08,14:00:00,1.38533,1.38939,1.38511,1.38732,0,0
2015-06-08,15:00:00,1.38734,1.39063,1.38706,1.38746,0,0
2015-06-08,16:00:00,1.38756,1.39181,1.38734,1.39067,0,0
2015-06-08,17:00:00,1.39054,1.39578,1.38962,1.39536,0,0
2015-06-08,18:00:00,1.39515,1.39686,1.39303,1.3964,0,0
2015-06-08,19:00:00,1.39659,1.39845,1.39639,1.39695,0,0
2015-06-08,20:00:00,1.39701,1.40007,1.39688,1.39907,0,0
2015-06-08,21:00:00,1.39902,1.40077,1.39844,1.39901,0,0
2015-06-08,22:00:00,1.39912,1.39988,1.39845,1.3994,0,0
2015-06-08,23:00:00,1.39935,1.40148,1.39896,1.40141,0,0
2015-06-08,23:59:00,1.40124,1.40128,1.39953,1.39968,0,0
2015-06-09,01:00:00,1.39973,1.40109,1.39973,1.40071,0,0
2015-06-09,02:00:00,1.40072,1.40074,1.39989,1.40016,0,0
2015-06-09,03:00:00,1.40016,1.40095,1.39979,1.40055,0,0
2015-06-09,04:00:00,1.40057,1.40476,1.40056,1.40379,0,0
2015-06-09,05:00:00,1.40362,1.40453,1.40335,1.40357,0,0
2015-06-09,06:00:00,1.40363,1.40363,1.40259,1.40261,0,0
2015-06-09,07:00:00,1.40251,1.40283,1.40203,1.40219,0,0
2015-06-09,08:00:00,1.40219,1.4047,1.40198,1.40396,0,0
2015-06-09,09:00:00,1.40394,1.40394,1.40063,1.40132,0,0
2015-06-09,10:00:00,1.4016,1.40439,1.39853,1.40418,0,0
2015-06-09,11:00:00,1.40409,1.40423,1.39907,1.39941,0,0
2015-06-09,12:00:00,1.39964,1.4004,1.39685,1.39711,0,0
2015-06-09,13:00:00,1.39721,1.39788,1.3938,1.39452,0,0
2015-06-09,14:00:00,1.39492,1.39601,1.38951,1.38973,0,0
2015-06-09,15:00:00,1.38981,1.38992,1.38497,1.38664,0,0
2015-06-09,16:00:00,1.38686,1.38811,1.38561,1.38793,0,0
2015-06-09,17:00:00,1.38851,1.38962,1.38473,1.38628,0,0
2015-06-09,18:00:00,1.38632,1.39052,1.38611,1.38948,0,0
2015-06-09,19:00:00,1.38955,1.39075,1.3876,1.38979,0,0
2015-06-09,20:00:00,1.38957,1.39187,1.38867,1.39187,0,0
2015-06-09,21:00:00,1.39188,1.39316,1.39121,1.39175,0,0
2015-06-09,22:00:00,1.3918,1.39255,1.3913,1.39192,0,0
2015-06-09,23:00:00,1.392,1.39218,1.38914,1.39182,0,0
2015-06-09,23:59:00,1.39207,1.39207,1.39009,1.39148,0,0
2015-06-10,01:00:00,1.39148,1.3918,1.39068,1.39124,0,0
2015-06-10,02:00:00,1.39129,1.39403,1.39125,1.39375,0,0
2015-06-10,03:00:00,1.39373,1.39512,1.39293,1.39468,0,0
2015-06-10,04:00:00,1.39467,1.39474,1.39321,1.39359,0,0
2015-06-10,05:00:00,1.39357,1.39399,1.39327,1.39351,0,0
2015-06-10,06:00:00,1.3935,1.39369,1.39252,1.39259,0,0
2015-06-10,07:00:00,1.39259,1.39327,1.39102,1.39106,0,0
2015-06-10,08:00:00,1.39115,1.39313,1.39007,1.39165,0,0
2015-06-10,09:00:00,1.3916,1.39221,1.38786,1.39055,0,0
2015-06-10,10:00:00,1.39109,1.39542,1.39109,1.39264,0,0
2015-06-10,11:00:00,1.3925,1.39508,1.38462,1.38539,0,0
2015-06-10,12:00:00,1.38535,1.38712,1.38217,1.3838,0,0
2015-06-10,13:00:00,1.3838,1.38427,1.38031,1.38361,0,0
2015-06-10,14:00:00,1.38375,1.38456,1.38107,1.38238,0,0
2015-06-10,15:00:00,1.38232,1.38349,1.38003,1.38254,0,0
2015-06-10,16:00:00,1.38254,1.38496,1.38225,1.38352,0,0
2015-06-10,17:00:00,1.38337,1.38625,1.38142,1.38577,0,0
2015-06-10,18:00:00,1.38584,1.39008,1.38531,1.38708,0,0
2015-06-10,19:00:00,1.3871,1.38835,1.38575,1.38815,0,0
2015-06-10,20:00:00,1.38813,1.38993,1.38801,1.38981,0,0
2015-06-10,21:00:00,1.38981,1.39005,1.3874,1.38766,0,0
2015-06-10,22:00:00,1.38774,1.38929,1.38746,1.38903,0,0
2015-06-10,23:00:00,1.38913,1.38946,1.38773,1.38773,0,0
2015-06-10,23:59:00,1.38772,1.38967,1.38765,1.38911,0,0
2015-06-11,01:00:00,1.38911,1.3895,1.38823,1.38937,0,0
2015-06-11,02:00:00,1.38938,1.3894,1.38804,1.38864,0,0
2015-06-11,03:00:00,1.38869,1.38883,1.38733,1.38735,0,0
2015-06-11,04:00:00,1.3874,1.38752,1.386,1.3861,0,0
2015-06-11,05:00:00,1.38616,1.38682,1.38582,1.38682,0,0
2015-06-11,06:00:00,1.38685,1.3875,1.38653,1.38706,0,0
2015-06-11,07:00:00,1.38699,1.38808,1.38699,1.38744,0,0
2015-06-11,08:00:00,1.38746,1.3884,1.38715,1.38758,0,0
2015-06-11,09:00:00,1.38772,1.39055,1.38713,1.38789,0,0
2015-06-11,10:00:00,1.38783,1.38789,1.38472,1.38544,0,0
2015-06-11,11:00:00,1.38532,1.38706,1.38291,1.38636,0,0
2015-06-11,12:00:00,1.38631,1.38729,1.38486,1.38649,0,0
2015-06-11,13:00:00,1.38648,1.38826,1.38533,1.38637,0,0
2015-06-11,14:00:00,1.38635,1.38666,1.38402,1.38465,0,0
2015-06-11,15:00:00,1.38465,1.38559,1.38002,1.38389,0,0
2015-06-11,16:00:00,1.38398,1.38398,1.37942,1.38179,0,0
2015-06-11,17:00:00,1.38171,1.38321,1.38024,1.38211,0,0
2015-06-11,18:00:00,1.38208,1.38461,1.38199,1.38372,0,0
2015-06-11,19:00:00,1.38363,1.38509,1.38262,1.38505,0,0
2015-06-11,20:00:00,1.38497,1.38598,1.3828,1.38305,0,0
2015-06-11,21:00:00,1.38326,1.38423,1.38252,1.38328,0,0
2015-06-11,22:00:00,1.3833,1.384,1.38248,1.3837,0,0
2015-06-11,23:00:00,1.38358,1.38455,1.38303,1.3839,0,0
2015-06-11,23:59:00,1.3838,1.38449,1.38183,1.38216,0,0
2015-06-12,01:00:00,1.38233,1.38277,1.38207,1.3822,0,0
2015-06-12,02:00:00,1.3822,1.38268,1.38181,1.38248,0,0
2015-06-12,03:00:00,1.38246,1.38334,1.38215,1.38303,0,0
2015-06-12,04:00:00,1.38297,1.38321,1.38226,1.3827,0,0
2015-06-12,05:00:00,1.38273,1.38302,1.38238,1.38271,0,0
2015-06-12,06:00:00,1.38269,1.38369,1.38251,1.3829,0,0
2015-06-12,07:00:00,1.38288,1.38338,1.37978,1.38032,0,0
2015-06-12,08:00:00,1.38031,1.38126,1.37956,1.38081,0,0
2015-06-12,09:00:00,1.38085,1.38102,1.37904,1.37967,0,0
2015-06-12,10:00:00,1.37961,1.3828,1.37961,1.38099,0,0
2015-06-12,11:00:00,1.38093,1.38341,1.37441,1.37631,0,0
2015-06-12,12:00:00,1.37636,1.37754,1.37512,1.37678,0,0
2015-06-12,13:00:00,1.3767,1.3778,1.37497,1.37535,0,0
2015-06-12,14:00:00,1.37546,1.3777,1.37526,1.3776,0,0
2015-06-12,15:00:00,1.37759,1.38304,1.37759,1.38301,0,0
2015-06-12,16:00:00,1.38291,1.38634,1.38291,1.38449,0,0
2015-06-12,17:00:00,1.38493,1.38754,1.38348,1.38642,0,0
2015-06-12,18:00:00,1.38636,1.38851,1.3855,1.38788,0,0
2015-06-12,19:00:00,1.3878,1.38905,1.38711,1.38778,0,0
2015-06-12,20:00:00,1.38774,1.38909,1.38774,1.38793,0,0
2015-06-12,21:00:00,1.38793,1.38985,1.38742,1.38759,0,0
2015-06-12,22:00:00,1.38764,1.38787,1.38519,1.38551,0,0
2015-06-12,23:00:00,1.3855,1.3855,1.38517,1.38525,0,0
2015-06-15,01:00:00,1.38137,1.38264,1.38136,1.38214,0,0
2015-06-15,02:00:00,1.38227,1.38248,1.38145,1.38205,0,0
2015-06-15,03:00:00,1.38205,1.38288,1.38148,1.38275,0,0
2015-06-15,04:00:00,1.38277,1.38287,1.38086,1.38158,0,0
2015-06-15,05:00:00,1.38146,1.38223,1.38141,1.38211,0,0
2015-06-15,06:00:00,1.38211,1.38339,1.38166,1.38333,0,0
2015-06-15,07:00:00,1.38333,1.38384,1.38237,1.38317,0,0
2015-06-15,08:00:00,1.38314,1.38329,1.38044,1.38046,0,0
2015-06-15,09:00:00,1.3805,1.38366,1.38026,1.38324,0,0
2015-06-15,10:00:00,1.38311,1.3857,1.38311,1.38487,0,0
2015-06-15,11:00:00,1.38472,1.38857,1.38443,1.3869,0,0
2015-06-15,12:00:00,1.38681,1.38728,1.38445,1.38495,0,0
2015-06-15,13:00:00,1.38496,1.3875,1.38429,1.38574,0,0
2015-06-15,14:00:00,1.38579,1.38667,1.38434,1.38556,0,0
2015-06-15,15:00:00,1.38556,1.3872,1.38371,1.38593,0,0
2015-06-15,16:00:00,1.38596,1.38691,1.38392,1.38537,0,0
2015-06-15,17:00:00,1.38522,1.38841,1.38489,1.38788,0,0
2015-06-15,18:00:00,1.38802,1.38835,1.3863,1.38789,0,0
2015-06-15,19:00:00,1.38829,1.38921,1.38648,1.3888,0,0
2015-06-15,20:00:00,1.38858,1.38859,1.38543,1.38624,0,0
2015-06-15,21:00:00,1.38615,1.39032,1.38615,1.39017,0,0
2015-06-15,22:00:00,1.3902,1.39141,1.38933,1.38968,0,0
2015-06-15,23:00:00,1.38974,1.3906,1.38831,1.39057,0,0
2015-06-15,23:59:00,1.39068,1.39079,1.38954,1.38994,0,0
2015-06-16,01:00:00,1.38995,1.39013,1.38862,1.38863,0,0
2015-06-16,02:00:00,1.38863,1.38924,1.38851,1.38868,0,0
2015-06-16,03:00:00,1.38867,1.38934,1.38836,1.38928,0,0
2015-06-16,04:00:00,1.38927,1.38972,1.38798,1.38858,0,0
2015-06-16,05:00:00,1.38865,1.38887,1.38816,1.38837,0,0
2015-06-16,06:00:00,1.38834,1.3893,1.38821,1.38919,0,0
2015-06-16,07:00:00,1.38923,1.38948,1.38882,1.38909,0,0
2015-06-16,08:00:00,1.38914,1.38949,1.38836,1.38923,0,0
2015-06-16,09:00:00,1.38924,1.39383,1.38814,1.39366,0,0
2015-06-16,10:00:00,1.3937,1.39536,1.39167,1.3927,0,0
2015-06-16,11:00:00,1.39263,1.39448,1.38839,1.38899,0,0
2015-06-16,12:00:00,1.3888,1.38988,1.38732,1.38854,0,0
2015-06-16,13:00:00,1.38888,1.39022,1.38738,1.38839,0,0
2015-06-16,14:00:00,1.3884,1.39016,1.38537,1.3859,0,0
2015-06-16,15:00:00,1.38586,1.38605,1.38264,1.38551,0,0
2015-06-16,16:00:00,1.38534,1.38651,1.38418,1.38421,0,0
2015-06-16,17:00:00,1.3843,1.38591,1.38148,1.38583,0,0
2015-06-16,18:00:00,1.38587,1.38587,1.38438,1.3853,0,0
2015-06-16,19:00:00,1.38539,1.38692,1.38506,1.38681,0,0
2015-06-16,20:00:00,1.38696,1.38717,1.38406,1.38426,0,0
2015-06-16,21:00:00,1.38413,1.3852,1.38387,1.38433,0,0
2015-06-16,22:00:00,1.38435,1.38524,1.38382,1.38401,0,0
2015-06-16,23:00:00,1.38405,1.38466,1.38193,1.38288,0,0
2015-06-16,23:59:00,1.38284,1.38318,1.38142,1.38239,0,0
2015-06-17,01:00:00,1.38243,1.38277,1.38197,1.38244,0,0
2015-06-17,02:00:00,1.38241,1.38252,1.38188,1.38219,0,0
2015-06-17,03:00:00,1.38217,1.38281,1.38194,1.38238,0,0
2015-06-17,04:00:00,1.38233,1.38395,1.3823,1.38361,0,0
2015-06-17,05:00:00,1.38361,1.38391,1.38324,1.38372,0,0
2015-06-17,06:00:00,1.38368,1.385,1.38361,1.38455,0,0
2015-06-17,07:00:00,1.38454,1.38471,1.38392,1.38428,0,0
2015-06-17,08:00:00,1.3844,1.38456,1.3833,1.38343,0,0
2015-06-17,09:00:00,1.38356,1.387,1.38293,1.38629,0,0
2015-06-17,10:00:00,1.38638,1.38983,1.38622,1.3893,0,0
2015-06-17,11:00:00,1.38921,1.39249,1.38814,1.38854,0,0
2015-06-17,12:00:00,1.38852,1.38953,1.38734,1.38737,0,0
2015-06-17,13:00:00,1.38745,1.38833,1.38533,1.38555,0,0
2015-06-17,14:00:00,1.38561,1.38687,1.38491,1.38649,0,0
2015-06-17,15:00:00,1.38683,1.38933,1.38669,1.38767,0,0
2015-06-17,16:00:00,1.38775,1.38841,1.38634,1.38677,0,0
2015-06-17,17:00:00,1.38692,1.38797,1.3828,1.38387,0,0
2015-06-17,18:00:00,1.38378,1.38533,1.38328,1.38356,0,0
2015-06-17,19:00:00,1.38378,1.38767,1.38373,1.38726,0,0
2015-06-17,20:00:00,1.38725,1.38793,1.38628,1.38704,0,0
2015-06-17,21:00:00,1.38725,1.38869,1.38375,1.38587,0,0
2015-06-17,22:00:00,1.38589,1.3882,1.38574,1.38768,0,0
2015-06-17,23:00:00,1.38768,1.38796,1.38624,1.38624,0,0
2015-06-17,23:59:00,1.38613,1.38713,1.38607,1.38697,0,0
2015-06-18,01:00:00,1.38702,1.38771,1.3859,1.38752,0,0
2015-06-18,02:00:00,1.38752,1.39055,1.38694,1.38994,0,0
2015-06-18,03:00:00,1.38994,1.39054,1.389,1.38988,0,0
2015-06-18,04:00:00,1.38999,1.39001,1.38891,1.38899,0,0
2015-06-18,05:00:00,1.38894,1.38938,1.38832,1.38893,0,0
2015-06-18,06:00:00,1.38895,1.38996,1.38887,1.38978,0,0
2015-06-18,07:00:00,1.3898,1.39075,1.38953,1.38956,0,0
2015-06-18,08:00:00,1.38969,1.3902,1.38835,1.38851,0,0
2015-06-18,09:00:00,1.38859,1.38931,1.3862,1.38675,0,0
2015-06-18,10:00:00,1.38675,1.38853,1.38571,1.38836,0,0
2015-06-18,11:00:00,1.38843,1.39053,1.38569,1.38621,0,0
2015-06-18,12:00:00,1.38621,1.38825,1.38506,1.38776,0,0
2015-06-18,13:00:00,1.38773,1.38836,1.38495,1.38652,0,0
2015-06-18,14:00:00,1.38649,1.38749,1.38569,1.38597,0,0
2015-06-18,15:00:00,1.38609,1.38719,1.38354,1.38355,0,0
2015-06-18,16:00:00,1.38368,1.38761,1.38215,1.38551,0,0
2015-06-18,17:00:00,1.38569,1.39099,1.38443,1.39084,0,0
2015-06-18,18:00:00,1.39079,1.39213,1.38997,1.39213,0,0
2015-06-18,19:00:00,1.39212,1.39553,1.387,1.39081,0,0
2015-06-18,20:00:00,1.3907,1.39197,1.38994,1.39034,0,0
2015-06-18,21:00:00,1.39026,1.39171,1.39026,1.39102,0,0
2015-06-18,22:00:00,1.39093,1.39148,1.39001,1.39118,0,0
2015-06-18,23:00:00,1.39109,1.39109,1.38848,1.38848,0,0
2015-06-18,23:59:00,1.38827,1.39057,1.38827,1.38991,0,0
2015-06-19,01:00:00,1.38992,1.39262,1.38932,1.38969,0,0
2015-06-19,02:00:00,1.38973,1.39074,1.38963,1.39034,0,0
2015-06-19,03:00:00,1.39034,1.3912,1.39008,1.39088,0,0
2015-06-19,04:00:00,1.39076,1.39113,1.39034,1.39047,0,0
2015-06-19,05:00:00,1.39046,1.39095,1.39021,1.39022,0,0
2015-06-19,06:00:00,1.39022,1.39072,1.39014,1.39052,0,0
2015-06-19,07:00:00,1.39052,1.39054,1.3888,1.3888,0,0
2015-06-19,08:00:00,1.38878,1.38911,1.3872,1.38743,0,0
2015-06-19,09:00:00,1.3875,1.38843,1.38633,1.38779,0,0
2015-06-19,10:00:00,1.3878,1.3878,1.38357,1.38364,0,0
2015-06-19,11:00:00,1.38371,1.38478,1.38139,1.38246,0,0
2015-06-19,12:00:00,1.38241,1.38475,1.38206,1.38357,0,0
2015-06-19,13:00:00,1.38355,1.38518,1.3819,1.38366,0,0
2015-06-19,14:00:00,1.38359,1.38714,1.38347,1.38606,0,0
2015-06-19,15:00:00,1.38594,1.39079,1.38536,1.39028,0,0
2015-06-19,16:00:00,1.39027,1.39179,1.38787,1.39041,0,0
2015-06-19,17:00:00,1.39044,1.39477,1.39044,1.39153,0,0
2015-06-19,18:00:00,1.39136,1.39286,1.39093,1.39169,0,0
2015-06-19,19:00:00,1.39165,1.39293,1.39165,1.39266,0,0
2015-06-19,20:00:00,1.39288,1.39442,1.3922,1.39297,0,0
2015-06-19,21:00:00,1.39302,1.39368,1.39185,1.39198,0,0
2015-06-19,22:00:00,1.39196,1.39326,1.39157,1.39168,0,0
2015-06-19,23:00:00,1.39174,1.39174,1.39128,1.39152,0,0
2015-06-22,01:00:00,1.39452,1.39481,1.3935,1.39392,0,0
2015-06-22,02:00:00,1.39385,1.39557,1.39373,1.39478,0,0
2015-06-22,03:00:00,1.3948,1.39536,1.39448,1.39526,0,0
2015-06-22,04:00:00,1.39533,1.39589,1.39458,1.39492,0,0
2015-06-22,05:00:00,1.39495,1.39559,1.39468,1.39473,0,0
2015-06-22,06:00:00,1.39471,1.39549,1.3947,1.39494,0,0
2015-06-22,07:00:00,1.39493,1.39672,1.39478,1.39666,0,0
2015-06-22,08:00:00,1.39674,1.39707,1.39506,1.39608,0,0
2015-06-22,09:00:00,1.39616,1.39634,1.39374,1.39574,0,0
2015-06-22,10:00:00,1.39574,1.39574,1.38869,1.38899,0,0
2015-06-22,11:00:00,1.38907,1.39058,1.38787,1.39055,0,0
2015-06-22,12:00:00,1.3906,1.39189,1.38989,1.39172,0,0
2015-06-22,13:00:00,1.39177,1.39192,1.38746,1.38822,0,0
2015-06-22,14:00:00,1.38827,1.38994,1.38754,1.38756,0,0
2015-06-22,15:00:00,1.38756,1.39118,1.38695,1.39086,0,0
2015-06-22,16:00:00,1.39077,1.39581,1.38925,1.39509,0,0
2015-06-22,17:00:00,1.39525,1.39967,1.39457,1.39943,0,0
2015-06-22,18:00:00,1.39939,1.40219,1.39837,1.39837,0,0
2015-06-22,19:00:00,1.39844,1.39996,1.39674,1.39916,0,0
2015-06-22,20:00:00,1.39908,1.39924,1.39745,1.39759,0,0
2015-06-22,21:00:00,1.39759,1.39831,1.39642,1.39642,0,0
2015-06-22,22:00:00,1.39641,1.39738,1.39557,1.39728,0,0
2015-06-22,23:00:00,1.39733,1.39768,1.39579,1.39598,0,0
2015-06-22,23:59:00,1.39589,1.39676,1.39526,1.39631,0,0
2015-06-23,01:00:00,1.39646,1.39703,1.396,1.39681,0,0
2015-06-23,02:00:00,1.39679,1.39741,1.39661,1.39719,0,0
2015-06-23,03:00:00,1.39715,1.39761,1.39674,1.39708,0,0
2015-06-23,04:00:00,1.39707,1.39707,1.39559,1.3958,0,0
2015-06-23,05:00:00,1.39578,1.39606,1.3895,1.38994,0,0
2015-06-23,06:00:00,1.38988,1.39166,1.38969,1.39025,0,0
2015-06-23,07:00:00,1.39023,1.3911,1.38994,1.39103,0,0
2015-06-23,08:00:00,1.39103,1.39148,1.39006,1.39111,0,0
2015-06-23,09:00:00,1.39109,1.39118,1.3875,1.38884,0,0
2015-06-23,10:00:00,1.38883,1.39088,1.38832,1.38983,0,0
2015-06-23,11:00:00,1.38974,1.39061,1.38628,1.38646,0,0
2015-06-23,12:00:00,1.38633,1.38788,1.38517,1.38559,0,0
2015-06-23,13:00:00,1.38545,1.38641,1.38449,1.38485,0,0
2015-06-23,14:00:00,1.38496,1.3854,1.38243,1.38295,0,0
2015-06-23,15:00:00,1.38289,1.38302,1.37668,1.3789,0,0
2015-06-23,16:00:00,1.37888,1.38048,1.3776,1.37947,0,0
2015-06-23,17:00:00,1.37969,1.38036,1.37709,1.37977,0,0
2015-06-23,18:00:00,1.37965,1.37987,1.37693,1.3793,0,0
2015-06-23,19:00:00,1.37919,1.3793,1.37649,1.378,0,0
2015-06-23,20:00:00,1.37802,1.37946,1.37712,1.37763,0,0
2015-06-23,21:00:00,1.37763,1.37848,1.37725,1.37774,0,0
2015-06-23,22:00:00,1.37776,1.37845,1.37575,1.37677,0,0
2015-06-23,23:00:00,1.37685,1.37854,1.37663,1.37663,0,0
2015-06-23,23:59:00,1.37657,1.37708,1.37567,1.37705,0,0
2015-06-24,01:00:00,1.37713,1.37717,1.37612,1.37714,0,0
2015-06-24,02:00:00,1.37714,1.37733,1.37672,1.3771,0,0
2015-06-24,03:00:00,1.37708,1.37747,1.37605,1.37609,0,0
2015-06-24,04:00:00,1.37607,1.37701,1.37587,1.37654,0,0
2015-06-24,05:00:00,1.37647,1.37819,1.3764,1.37813,0,0
2015-06-24,06:00:00,1.37813,1.37866,1.37784,1.37861,0,0
2015-06-24,07:00:00,1.37861,1.37921,1.37832,1.37864,0,0
2015-06-24,08:00:00,1.37864,1.38167,1.37833,1.38075,0,0
2015-06-24,09:00:00,1.3807,1.38185,1.37946,1.38051,0,0
2015-06-24,10:00:00,1.38059,1.38214,1.3794,1.38179,0,0
2015-06-24,11:00:00,1.38167,1.38189,1.3778,1.37878,0,0
2015-06-24,12:00:00,1.37865,1.3805,1.37547,1.37776,0,0
2015-06-24,13:00:00,1.3776,1.37874,1.37503,1.37803,0,0
2015-06-24,14:00:00,1.37808,1.38063,1.37774,1.38048,0,0
2015-06-24,15:00:00,1.38044,1.38178,1.37825,1.38076,0,0
2015-06-24,16:00:00,1.38076,1.38446,1.38076,1.38316,0,0
2015-06-24,17:00:00,1.3832,1.38816,1.3832,1.38662,0,0
2015-06-24,18:00:00,1.38661,1.38895,1.38605,1.38746,0,0
2015-06-24,19:00:00,1.38758,1.38808,1.38556,1.38607,0,0
2015-06-24,20:00:00,1.38597,1.38918,1.38489,1.38854,0,0
2015-06-24,21:00:00,1.38854,1.38968,1.38775,1.38866,0,0
2015-06-24,22:00:00,1.38898,1.38917,1.38786,1.38818,0,0
2015-06-24,23:00:00,1.38812,1.38904,1.38756,1.38756,0,0
2015-06-24,23:59:00,1.38761,1.38807,1.38708,1.38778,0,0
2015-06-25,01:00:00,1.38771,1.38836,1.38718,1.38814,0,0
2015-06-25,02:00:00,1.38812,1.38828,1.38723,1.38795,0,0
2015-06-25,03:00:00,1.3879,1.38853,1.38745,1.38778,0,0
2015-06-25,04:00:00,1.38779,1.38813,1.38763,1.38804,0,0
2015-06-25,05:00:00,1.38803,1.38878,1.38756,1.38862,0,0
2015-06-25,06:00:00,1.38848,1.38887,1.38766,1.38769,0,0
2015-06-25,07:00:00,1.38769,1.38826,1.38683,1.38706,0,0
2015-06-25,08:00:00,1.38705,1.38765,1.38673,1.3876,0,0
2015-06-25,09:00:00,1.38762,1.38921,1.38646,1.38757,0,0
2015-06-25,10:00:00,1.38755,1.39078,1.38714,1.38866,0,0
2015-06-25,11:00:00,1.38856,1.38966,1.38512,1.3854,0,0
2015-06-25,12:00:00,1.3854,1.38585,1.38081,1.38292,0,0
2015-06-25,13:00:00,1.38292,1.38913,1.38219,1.38704,0,0
2015-06-25,14:00:00,1.38704,1.38811,1.3856,1.38691,0,0
2015-06-25,15:00:00,1.38685,1.38855,1.38643,1.38699,0,0
2015-06-25,16:00:00,1.38691,1.38691,1.38143,1.38155,0,0
2015-06-25,17:00:00,1.38152,1.38347,1.37956,1.38204,0,0
2015-06-25,18:00:00,1.38214,1.38303,1.38096,1.38225,0,0
2015-06-25,19:00:00,1.3822,1.38415,1.38199,1.38352,0,0
2015-06-25,20:00:00,1.38355,1.38376,1.38205,1.38205,0,0
2015-06-25,21:00:00,1.38203,1.38223,1.37966,1.37995,0,0
2015-06-25,22:00:00,1.38006,1.38106,1.37971,1.38066,0,0
2015-06-25,23:00:00,1.38098,1.38125,1.37978,1.38102,0,0
2015-06-25,23:59:00,1.3812,1.38164,1.38039,1.38103,0,0
2015-06-26,01:00:00,1.38104,1.38169,1.38088,1.38132,0,0
2015-06-26,02:00:00,1.38132,1.38182,1.38131,1.38154,0,0
2015-06-26,03:00:00,1.38158,1.38167,1.37965,1.38019,0,0
2015-06-26,04:00:00,1.38018,1.38089,1.38006,1.38069,0,0
2015-06-26,05:00:00,1.38069,1.38086,1.37934,1.38034,0,0
2015-06-26,06:00:00,1.38038,1.38081,1.38004,1.38059,0,0
2015-06-26,07:00:00,1.38067,1.38119,1.38045,1.38072,0,0
2015-06-26,08:00:00,1.38073,1.38104,1.38003,1.38088,0,0
2015-06-26,09:00:00,1.38093,1.38357,1.38045,1.38347,0,0
2015-06-26,10:00:00,1.38359,1.38478,1.38237,1.38429,0,0
2015-06-26,11:00:00,1.3843,1.3867,1.3838,1.38397,0,0
2015-06-26,12:00:00,1.38376,1.38572,1.3837,1.38381,0,0
2015-06-26,13:00:00,1.3839,1.38401,1.38176,1.38271,0,0
2015-06-26,14:00:00,1.38289,1.38488,1.38175,1.38377,0,0
2015-06-26,15:00:00,1.3839,1.38568,1.38227,1.38269,0,0
2015-06-26,16:00:00,1.38256,1.38484,1.38134,1.38165,0,0
2015-06-26,17:00:00,1.38157,1.38371,1.37911,1.37935,0,0
2015-06-26,18:00:00,1.37935,1.37991,1.37635,1.37864,0,0
2015-06-26,19:00:00,1.37868,1.37891,1.37599,1.37674,0,0
2015-06-26,20:00:00,1.37653,1.37737,1.3744,1.37508,0,0
2015-06-26,21:00:00,1.37508,1.37628,1.37439,1.37491,0,0
2015-06-26,22:00:00,1.37495,1.37606,1.37495,1.37569,0,0
2015-06-26,23:00:00,1.37566,1.37586,1.37566,1.37585,0,0
2015-06-29,01:00:00,1.35684,1.35984,1.35283,1.3574,0,0
2015-06-29,02:00:00,1.35742,1.35845,1.35497,1.35572,0,0
2015-06-29,03:00:00,1.35578,1.36128,1.35578,1.35979,0,0
2015-06-29,04:00:00,1.35979,1.36031,1.35752,1.35884,0,0
2015-06-29,05:00:00,1.35873,1.36009,1.35847,1.35901,0,0
2015-06-29,06:00:00,1.35902,1.35976,1.35815,1.35824,0,0
2015-06-29,07:00:00,1.35824,1.35874,1.35681,1.358,0,0
2015-06-29,08:00:00,1.35813,1.35994,1.35499,1.35836,0,0
2015-06-29,09:00:00,1.35829,1.36725,1.35801,1.3662,0,0
2015-06-29,10:00:00,1.36625,1.36718,1.36289,1.36457,0,0
2015-06-29,11:00:00,1.36444,1.37157,1.36394,1.37076,0,0
2015-06-29,12:00:00,1.37079,1.37169,1.36723,1.37116,0,0
2015-06-29,13:00:00,1.37126,1.37668,1.37109,1.37456,0,0
2015-06-29,14:00:00,1.37467,1.37604,1.37189,1.37261,0,0
2015-06-29,15:00:00,1.37244,1.37758,1.37132,1.37486,0,0
2015-06-29,16:00:00,1.37498,1.37858,1.37381,1.37603,0,0
2015-06-29,17:00:00,1.37622,1.38438,1.37609,1.38029,0,0
2015-06-29,18:00:00,1.38058,1.38672,1.37942,1.3842,0,0
2015-06-29,19:00:00,1.3842,1.39037,1.38335,1.3897,0,0
2015-06-29,20:00:00,1.38944,1.39606,1.38823,1.39201,0,0
2015-06-29,21:00:00,1.39212,1.39304,1.39026,1.39195,0,0
2015-06-29,22:00:00,1.39171,1.39345,1.39124,1.39303,0,0
2015-06-29,23:00:00,1.39329,1.39516,1.39228,1.39371,0,0
2015-06-29,23:59:00,1.39361,1.39413,1.39279,1.39283,0,0
2015-06-30,01:00:00,1.39275,1.39312,1.39075,1.39117,0,0
2015-06-30,02:00:00,1.39123,1.39287,1.39078,1.39271,0,0
2015-06-30,03:00:00,1.39272,1.39272,1.39048,1.39076,0,0
2015-06-30,04:00:00,1.39075,1.39121,1.38957,1.38989,0,0
2015-06-30,05:00:00,1.38998,1.39081,1.3888,1.38915,0,0
2015-06-30,06:00:00,1.38916,1.38971,1.38841,1.38963,0,0
2015-06-30,07:00:00,1.38795,1.38963,1.38687,1.38774,0,0
2015-06-30,08:00:00,1.38776,1.38878,1.38585,1.38613,0,0
2015-06-30,09:00:00,1.38639,1.38744,1.38357,1.3844,0,0
2015-06-30,10:00:00,1.38435,1.38835,1.38362,1.38469,0,0
2015-06-30,11:00:00,1.38453,1.38607,1.38102,1.38147,0,0
2015-06-30,12:00:00,1.38158,1.38682,1.38102,1.38621,0,0
2015-06-30,13:00:00,1.38626,1.3872,1.3838,1.38466,0,0
2015-06-30,14:00:00,1.3848,1.38624,1.38261,1.38264,0,0
2015-06-30,15:00:00,1.3826,1.39383,1.38236,1.39298,0,0
2015-06-30,16:00:00,1.39299,1.39645,1.39147,1.39258,0,0
2015-06-30,17:00:00,1.39234,1.39512,1.39052,1.39052,0,0
2015-06-30,18:00:00,1.39052,1.39159,1.38901,1.39103,0,0
2015-06-30,19:00:00,1.39099,1.39292,1.39044,1.39214,0,0
2015-06-30,20:00:00,1.39214,1.39333,1.39132,1.39232,0,0
2015-06-30,21:00:00,1.39227,1.39286,1.39111,1.39202,0,0
2015-06-30,22:00:00,1.39202,1.39256,1.39145,1.39256,0,0
2015-06-30,23:00:00,1.3926,1.39295,1.391,1.39174,0,0
2015-06-30,23:59:00,1.39279,1.39301,1.38996,1.39174,0,0
2015-07-01,01:00:00,1.39176,1.39199,1.38933,1.3894,0,0
2015-07-01,02:00:00,1.3894,1.38988,1.38866,1.38926,0,0
2015-07-01,03:00:00,1.38926,1.39084,1.38897,1.39077,0,0
2015-07-01,04:00:00,1.39081,1.39178,1.39019,1.39177,0,0
2015-07-01,05:00:00,1.39174,1.39191,1.39039,1.39068,0,0
2015-07-01,06:00:00,1.39073,1.39181,1.39067,1.39167,0,0
2015-07-01,07:00:00,1.39167,1.39262,1.39127,1.39245,0,0
2015-07-01,08:00:00,1.39245,1.39298,1.3915,1.3915,0,0
2015-07-01,09:00:00,1.39167,1.39251,1.39033,1.39101,0,0
2015-07-01,10:00:00,1.39084,1.39211,1.38835,1.38904,0,0
2015-07-01,11:00:00,1.38896,1.39367,1.387,1.39324,0,0
2015-07-01,12:00:00,1.39328,1.39504,1.39098,1.3915,0,0
2015-07-01,13:00:00,1.39139,1.39244,1.38989,1.39078,0,0
2015-07-01,14:00:00,1.39075,1.39142,1.38929,1.38989,0,0
2015-07-01,15:00:00,1.38982,1.39168,1.38957,1.39141,0,0
2015-07-01,16:00:00,1.39154,1.39241,1.38844,1.38914,0,0
2015-07-01,17:00:00,1.38908,1.3934,1.38879,1.39329,0,0
2015-07-01,18:00:00,1.39333,1.39352,1.3908,1.39214,0,0
2015-07-01,19:00:00,1.39207,1.39278,1.39092,1.39186,0,0
2015-07-01,20:00:00,1.39147,1.39332,1.39097,1.39216,0,0
2015-07-01,21:00:00,1.39213,1.39248,1.39077,1.391,0,0
2015-07-01,22:00:00,1.39097,1.39145,1.39021,1.3909,0,0
2015-07-01,23:00:00,1.39097,1.39246,1.39085,1.39147,0,0
2015-07-01,23:59:00,1.39158,1.39212,1.39013,1.39112,0,0
2015-07-02,01:00:00,1.39114,1.39186,1.39021,1.39061,0,0
2015-07-02,02:00:00,1.39056,1.39069,1.38927,1.38967,0,0
2015-07-02,03:00:00,1.38964,1.39105,1.38949,1.39077,0,0
2015-07-02,04:00:00,1.39079,1.39173,1.39041,1.39099,0,0
2015-07-02,05:00:00,1.39099,1.39371,1.39077,1.39335,0,0
2015-07-02,06:00:00,1.39336,1.39378,1.39287,1.39298,0,0
2015-07-02,07:00:00,1.39298,1.39366,1.39274,1.39339,0,0
2015-07-02,08:00:00,1.3936,1.39405,1.39282,1.39395,0,0
2015-07-02,09:00:00,1.39399,1.39528,1.3923,1.39403,0,0
2015-07-02,10:00:00,1.39423,1.39467,1.39264,1.39346,0,0
2015-07-02,11:00:00,1.39345,1.39848,1.39295,1.39792,0,0
2015-07-02,12:00:00,1.39798,1.39922,1.39705,1.39789,0,0
2015-07-02,13:00:00,1.39785,1.39881,1.39586,1.39755,0,0
2015-07-02,14:00:00,1.39755,1.398,1.3951,1.39783,0,0
2015-07-02,15:00:00,1.3979,1.39831,1.3939,1.39515,0,0
2015-07-02,16:00:00,1.39517,1.39609,1.39308,1.39425,0,0
2015-07-02,17:00:00,1.39433,1.39631,1.39397,1.39512,0,0
2015-07-02,18:00:00,1.39519,1.39601,1.39349,1.39362,0,0
2015-07-02,19:00:00,1.39366,1.39415,1.39138,1.3922,0,0
2015-07-02,20:00:00,1.39219,1.39291,1.39172,1.39206,0,0
2015-07-02,21:00:00,1.39212,1.39252,1.39133,1.39234,0,0
2015-07-02,22:00:00,1.39229,1.3923,1.39084,1.39091,0,0
2015-07-02,23:00:00,1.39056,1.39111,1.39004,1.39011,0,0
2015-07-02,23:59:00,1.38987,1.39056,1.38976,1.39047,0,0
2015-07-03,01:00:00,1.39054,1.39145,1.39035,1.39083,0,0
2015-07-03,02:00:00,1.39083,1.39098,1.39051,1.39084,0,0
2015-07-03,03:00:00,1.39085,1.39198,1.39054,1.39074,0,0
2015-07-03,04:00:00,1.39073,1.39295,1.39053,1.39286,0,0
2015-07-03,05:00:00,1.39287,1.3932,1.39243,1.39292,0,0
2015-07-03,06:00:00,1.39292,1.39389,1.39256,1.39312,0,0
2015-07-03,07:00:00,1.39312,1.39331,1.3926,1.39296,0,0
2015-07-03,08:00:00,1.39314,1.39354,1.3922,1.39235,0,0
2015-07-03,09:00:00,1.39243,1.39432,1.39219,1.393,0,0
2015-07-03,10:00:00,1.39304,1.39501,1.39272,1.39423,0,0
2015-07-03,11:00:00,1.39414,1.39683,1.39414,1.39477,0,0
2015-07-03,12:00:00,1.39515,1.39613,1.39434,1.39511,0,0
2015-07-03,13:00:00,1.39528,1.39612,1.39444,1.39471,0,0
2015-07-03,14:00:00,1.39476,1.39531,1.3934,1.39497,0,0
2015-07-03,15:00:00,1.39495,1.39688,1.39462,1.39578,0,0
2015-07-03,16:00:00,1.39584,1.39858,1.39582,1.39733,0,0
2015-07-03,17:00:00,1.39736,1.39817,1.39516,1.39534,0,0
2015-07-03,18:00:00,1.39554,1.39722,1.39473,1.39499,0,0
2015-07-03,19:00:00,1.39498,1.39637,1.39207,1.39258,0,0
2015-07-03,20:00:00,1.39271,1.39574,1.39271,1.39437,0,0
2015-07-03,21:00:00,1.39432,1.39447,1.393,1.39354,0,0
2015-07-03,22:00:00,1.39365,1.39538,1.39336,1.39506,0,0
2015-07-03,23:00:00,1.39506,1.3952,1.39487,1.3952,0,0
2015-07-06,01:00:00,1.38661,1.3913,1.38454,1.38853,0,0
2015-07-06,02:00:00,1.38852,1.3899,1.38666,1.38683,0,0
2015-07-06,03:00:00,1.38683,1.38967,1.38658,1.38882,0,0
2015-07-06,04:00:00,1.38876,1.39291,1.38876,1.39239,0,0
2015-07-06,05:00:00,1.3924,1.39332,1.392,1.39265,0,0
2015-07-06,06:00:00,1.39257,1.39259,1.39144,1.39207,0,0
2015-07-06,07:00:00,1.39212,1.39262,1.39035,1.39102,0,0
2015-07-06,08:00:00,1.39102,1.39589,1.38927,1.39492,0,0
2015-07-06,09:00:00,1.39509,1.39561,1.39062,1.39187,0,0
2015-07-06,10:00:00,1.39183,1.39334,1.39033,1.39334,0,0
2015-07-06,11:00:00,1.39319,1.3947,1.39237,1.39294,0,0
2015-07-06,12:00:00,1.39299,1.39397,1.39207,1.39251,0,0
2015-07-06,13:00:00,1.39251,1.39395,1.39061,1.39326,0,0
2015-07-06,14:00:00,1.39329,1.39428,1.3912,1.39148,0,0
2015-07-06,15:00:00,1.39162,1.39469,1.39027,1.39454,0,0
2015-07-06,16:00:00,1.39453,1.39709,1.39437,1.39631,0,0
2015-07-06,17:00:00,1.39642,1.39895,1.39567,1.39788,0,0
2015-07-06,18:00:00,1.39797,1.39893,1.39656,1.39835,0,0
2015-07-06,19:00:00,1.39824,1.39954,1.39714,1.39855,0,0
2015-07-06,20:00:00,1.39821,1.40161,1.39821,1.39979,0,0
2015-07-06,21:00:00,1.3997,1.40032,1.39757,1.3979,0,0
2015-07-06,22:00:00,1.3979,1.39916,1.39764,1.39845,0,0
2015-07-06,23:00:00,1.39865,1.39941,1.39851,1.39874,0,0
2015-07-06,23:59:00,1.39876,1.39909,1.39816,1.39819,0,0
2015-07-07,01:00:00,1.3982,1.39874,1.39816,1.39824,0,0
2015-07-07,02:00:00,1.39824,1.39899,1.39807,1.39878,0,0
2015-07-07,03:00:00,1.39875,1.39884,1.39791,1.39871,0,0
2015-07-07,04:00:00,1.39871,1.39885,1.39668,1.39691,0,0
2015-07-07,05:00:00,1.39693,1.39786,1.39655,1.39689,0,0
2015-07-07,06:00:00,1.39691,1.39719,1.39617,1.39701,0,0
2015-07-07,07:00:00,1.39701,1.39716,1.39597,1.39632,0,0
2015-07-07,08:00:00,1.39634,1.39774,1.39624,1.39774,0,0
2015-07-07,09:00:00,1.39767,1.39767,1.39535,1.39701,0,0
2015-07-07,10:00:00,1.39693,1.3986,1.3961,1.39704,0,0
2015-07-07,11:00:00,1.39711,1.3973,1.3921,1.3921,0,0
2015-07-07,12:00:00,1.39205,1.39503,1.39149,1.39437,0,0
2015-07-07,13:00:00,1.39437,1.39633,1.3931,1.39633,0,0
2015-07-07,14:00:00,1.39591,1.39619,1.39374,1.39457,0,0
2015-07-07,15:00:00,1.39452,1.39491,1.3907,1.39119,0,0
2015-07-07,16:00:00,1.39128,1.39886,1.39098,1.39843,0,0
2015-07-07,17:00:00,1.39811,1.39872,1.39489,1.3959,0,0
2015-07-07,18:00:00,1.39612,1.3987,1.39459,1.39524,0,0
2015-07-07,19:00:00,1.39534,1.39865,1.39493,1.39523,0,0
2015-07-07,20:00:00,1.39513,1.39739,1.39483,1.39695,0,0
2015-07-07,21:00:00,1.39712,1.3982,1.39639,1.39664,0,0
2015-07-07,22:00:00,1.39675,1.40244,1.39642,1.40078,0,0
2015-07-07,23:00:00,1.4007,1.40097,1.39826,1.39881,0,0
2015-07-07,23:59:00,1.39906,1.39968,1.39689,1.39827,0,0
2015-07-08,01:00:00,1.3983,1.39948,1.39796,1.39948,0,0
2015-07-08,02:00:00,1.39947,1.40102,1.39875,1.40033,0,0
2015-07-08,03:00:00,1.40033,1.40034,1.39899,1.39914,0,0
2015-07-08,04:00:00,1.3991,1.40072,1.39894,1.39986,0,0
2015-07-08,05:00:00,1.39973,1.39997,1.39847,1.39871,0,0
2015-07-08,06:00:00,1.39869,1.40044,1.3985,1.39927,0,0
2015-07-08,07:00:00,1.39927,1.4012,1.39925,1.40075,0,0
2015-07-08,08:00:00,1.40075,1.40141,1.40028,1.40107,0,0
2015-07-08,09:00:00,1.40136,1.40547,1.40114,1.40502,0,0
2015-07-08,10:00:00,1.40485,1.40796,1.40331,1.40693,0,0
2015-07-08,11:00:00,1.40703,1.4072,1.40472,1.40553,0,0
2015-07-08,12:00:00,1.40544,1.40677,1.40158,1.4018,0,0
2015-07-08,13:00:00,1.40177,1.40545,1.40104,1.40107,0,0
2015-07-08,14:00:00,1.40115,1.40371,1.39904,1.40364,0,0
2015-07-08,15:00:00,1.40354,1.40901,1.40311,1.40784,0,0
2015-07-08,16:00:00,1.40792,1.41073,1.40507,1.40573,0,0
2015-07-08,17:00:00,1.4059,1.40941,1.40379,1.40826,0,0
2015-07-08,18:00:00,1.40789,1.41012,1.4076,1.40889,0,0
2015-07-08,19:00:00,1.4088,1.41046,1.40829,1.40875,0,0
2015-07-08,20:00:00,1.40887,1.40977,1.40663,1.40861,0,0
2015-07-08,21:00:00,1.4087,1.41063,1.40803,1.40956,0,0
2015-07-08,22:00:00,1.40931,1.41038,1.40874,1.41023,0,0
2015-07-08,23:00:00,1.41037,1.41214,1.41001,1.41204,0,0
2015-07-08,23:59:00,1.41191,1.41191,1.41054,1.41103,0,0
2015-07-09,01:00:00,1.41102,1.41124,1.4105,1.41094,0,0
2015-07-09,02:00:00,1.41098,1.41136,1.40905,1.40947,0,0
2015-07-09,03:00:00,1.40948,1.41086,1.40881,1.40914,0,0
2015-07-09,04:00:00,1.40919,1.4101,1.40826,1.40876,0,0
2015-07-09,05:00:00,1.40869,1.40894,1.40781,1.40874,0,0
2015-07-09,06:00:00,1.40876,1.40925,1.40825,1.4089,0,0
2015-07-09,07:00:00,1.40889,1.40955,1.40796,1.40826,0,0
2015-07-09,08:00:00,1.40826,1.41124,1.40791,1.40943,0,0
2015-07-09,09:00:00,1.40936,1.41195,1.40843,1.41073,0,0
2015-07-09,10:00:00,1.41065,1.41073,1.40513,1.40568,0,0
2015-07-09,11:00:00,1.40558,1.40632,1.40398,1.4054,0,0
2015-07-09,12:00:00,1.40538,1.40538,1.40204,1.40402,0,0
2015-07-09,13:00:00,1.40393,1.40533,1.40343,1.40455,0,0
2015-07-09,14:00:00,1.40477,1.40477,1.40219,1.40271,0,0
2015-07-09,15:00:00,1.4028,1.40347,1.39752,1.40013,0,0
2015-07-09,16:00:00,1.40011,1.40466,1.39968,1.40435,0,0
2015-07-09,17:00:00,1.40447,1.40721,1.40435,1.40702,0,0
2015-07-09,18:00:00,1.40691,1.40716,1.40264,1.40327,0,0
2015-07-09,19:00:00,1.40321,1.40354,1.39967,1.39967,0,0
2015-07-09,20:00:00,1.39979,1.40174,1.39919,1.40064,0,0
2015-07-09,21:00:00,1.40053,1.40189,1.40034,1.4008,0,0
2015-07-09,22:00:00,1.40089,1.40237,1.40068,1.40106,0,0
2015-07-09,23:00:00,1.4009,1.40272,1.39997,1.4024,0,0
2015-07-09,23:59:00,1.40228,1.4034,1.40143,1.4034,0,0
2015-07-10,01:00:00,1.40342,1.40789,1.40337,1.40672,0,0
2015-07-10,02:00:00,1.40674,1.40716,1.40506,1.40579,0,0
2015-07-10,03:00:00,1.40584,1.40724,1.4053,1.40724,0,0
2015-07-10,04:00:00,1.4072,1.40907,1.40673,1.40782,0,0
2015-07-10,05:00:00,1.40785,1.40835,1.40702,1.40826,0,0
2015-07-10,06:00:00,1.40828,1.40851,1.40716,1.40774,0,0
2015-07-10,07:00:00,1.40772,1.40835,1.40724,1.40751,0,0
2015-07-10,08:00:00,1.40749,1.41121,1.40715,1.40913,0,0
2015-07-10,09:00:00,1.40921,1.41104,1.40822,1.40857,0,0
2015-07-10,10:00:00,1.40871,1.41389,1.407,1.41293,0,0
2015-07-10,11:00:00,1.41289,1.41521,1.41206,1.41324,0,0
2015-07-10,12:00:00,1.41336,1.41931,1.41287,1.41784,0,0
2015-07-10,13:00:00,1.41795,1.42189,1.41709,1.4211,0,0
2015-07-10,14:00:00,1.42092,1.42257,1.41953,1.4211,0,0
2015-07-10,15:00:00,1.42113,1.4239,1.4174,1.42102,0,0
2015-07-10,16:00:00,1.4212,1.4256,1.41976,1.42364,0,0
2015-07-10,17:00:00,1.42382,1.42473,1.42117,1.42198,0,0
2015-07-10,18:00:00,1.42211,1.42249,1.41745,1.41762,0,0
2015-07-10,19:00:00,1.41751,1.41955,1.4155,1.41555,0,0
2015-07-10,20:00:00,1.41536,1.41725,1.41519,1.41682,0,0
2015-07-10,21:00:00,1.41681,1.41681,1.41217,1.41255,0,0
2015-07-10,22:00:00,1.41258,1.41366,1.41159,1.41325,0,0
2015-07-10,23:00:00,1.41316,1.41328,1.41309,1.41316,0,0
2015-07-13,01:00:00,1.41432,1.41469,1.41215,1.41216,0,0
2015-07-13,02:00:00,1.41207,1.41403,1.41178,1.41325,0,0
2015-07-13,03:00:00,1.41323,1.4143,1.41315,1.41368,0,0
2015-07-13,04:00:00,1.41368,1.41418,1.41225,1.41399,0,0
2015-07-13,05:00:00,1.41387,1.41495,1.41304,1.41351,0,0
2015-07-13,06:00:00,1.41351,1.41414,1.41121,1.41376,0,0
2015-07-13,07:00:00,1.41377,1.41493,1.41367,1.41427,0,0
2015-07-13,08:00:00,1.41427,1.41518,1.41345,1.41456,0,0
2015-07-13,09:00:00,1.41464,1.42112,1.41313,1.41975,0,0
2015-07-13,10:00:00,1.41985,1.41985,1.41292,1.41342,0,0
2015-07-13,11:00:00,1.41323,1.41329,1.4083,1.40907,0,0
2015-07-13,12:00:00,1.4087,1.40998,1.40772,1.40827,0,0
2015-07-13,13:00:00,1.4084,1.40928,1.40704,1.40752,0,0
2015-07-13,14:00:00,1.40737,1.40777,1.40553,1.40697,0,0
2015-07-13,15:00:00,1.40713,1.40862,1.40473,1.40822,0,0
2015-07-13,16:00:00,1.40821,1.4113,1.40663,1.41085,0,0
2015-07-13,17:00:00,1.41127,1.41215,1.40546,1.40574,0,0
2015-07-13,18:00:00,1.40602,1.40792,1.40555,1.40643,0,0
2015-07-13,19:00:00,1.40645,1.40716,1.40389,1.40428,0,0
2015-07-13,20:00:00,1.4043,1.40498,1.40342,1.40354,0,0
2015-07-13,21:00:00,1.40354,1.40504,1.40262,1.40262,0,0
2015-07-13,22:00:00,1.40244,1.40309,1.40085,1.40126,0,0
2015-07-13,23:00:00,1.40115,1.40231,1.4011,1.40176,0,0
2015-07-13,23:59:00,1.4018,1.40233,1.40101,1.4019,0,0
2015-07-14,01:00:00,1.40199,1.4026,1.40154,1.4024,0,0
2015-07-14,02:00:00,1.4024,1.40271,1.40055,1.40062,0,0
2015-07-14,03:00:00,1.4008,1.40176,1.40062,1.40116,0,0
2015-07-14,04:00:00,1.4013,1.40277,1.40111,1.40262,0,0
2015-07-14,05:00:00,1.4026,1.40267,1.4015,1.4018,0,0
2015-07-14,06:00:00,1.40184,1.4026,1.4011,1.4026,0,0
2015-07-14,07:00:00,1.4026,1.40278,1.40186,1.40263,0,0
2015-07-14,08:00:00,1.40263,1.40365,1.4015,1.40159,0,0
2015-07-14,09:00:00,1.4016,1.40535,1.39861,1.40326,0,0
2015-07-14,10:00:00,1.40329,1.40786,1.40205,1.40684,0,0
2015-07-14,11:00:00,1.40685,1.41194,1.40658,1.41111,0,0
2015-07-14,12:00:00,1.41107,1.41178,1.40946,1.41093,0,0
2015-07-14,13:00:00,1.41097,1.41307,1.40974,1.41014,0,0
2015-07-14,14:00:00,1.4102,1.4112,1.40827,1.4087,0,0
2015-07-14,15:00:00,1.40869,1.41167,1.40715,1.40966,0,0
2015-07-14,16:00:00,1.40974,1.411,1.40591,1.40703,0,0
2015-07-14,17:00:00,1.40692,1.40721,1.3993,1.40033,0,0
2015-07-14,18:00:00,1.40035,1.40501,1.40035,1.40427,0,0
2015-07-14,19:00:00,1.40407,1.40436,1.40216,1.40314,0,0
2015-07-14,20:00:00,1.40314,1.40421,1.40182,1.40292,0,0
2015-07-14,21:00:00,1.40281,1.40393,1.40246,1.40337,0,0
2015-07-14,22:00:00,1.40338,1.40349,1.40179,1.40205,0,0
2015-07-14,23:00:00,1.40199,1.40249,1.40115,1.40115,0,0
2015-07-14,23:59:00,1.40117,1.40241,1.40093,1.40163,0,0
2015-07-15,01:00:00,1.40163,1.40248,1.40159,1.40202,0,0
2015-07-15,02:00:00,1.40202,1.40226,1.4016,1.40182,0,0
2015-07-15,03:00:00,1.40182,1.40199,1.40011,1.40077,0,0
2015-07-15,04:00:00,1.40074,1.4009,1.40008,1.40025,0,0
2015-07-15,05:00:00,1.40026,1.40096,1.39951,1.40041,0,0
2015-07-15,06:00:00,1.40042,1.40116,1.40011,1.40086,0,0
2015-07-15,07:00:00,1.40086,1.40104,1.40034,1.40089,0,0
2015-07-15,08:00:00,1.40089,1.4017,1.40011,1.40112,0,0
2015-07-15,09:00:00,1.4011,1.40385,1.40035,1.40265,0,0
2015-07-15,10:00:00,1.40258,1.40575,1.40184,1.40496,0,0
2015-07-15,11:00:00,1.40502,1.4073,1.40469,1.40675,0,0
2015-07-15,12:00:00,1.40685,1.4071,1.40552,1.40648,0,0
2015-07-15,13:00:00,1.40649,1.40802,1.40563,1.40606,0,0
2015-07-15,14:00:00,1.40595,1.4062,1.40158,1.40208,0,0
2015-07-15,15:00:00,1.40208,1.40365,1.40093,1.40307,0,0
2015-07-15,16:00:00,1.40315,1.40399,1.39983,1.40179,0,0
2015-07-15,17:00:00,1.40206,1.41619,1.40206,1.41313,0,0
2015-07-15,18:00:00,1.41306,1.4186,1.41198,1.41836,0,0
2015-07-15,19:00:00,1.41833,1.41922,1.41597,1.41701,0,0
2015-07-15,20:00:00,1.41715,1.41726,1.41493,1.41663,0,0
2015-07-15,21:00:00,1.41656,1.41726,1.41541,1.41545,0,0
2015-07-15,22:00:00,1.41544,1.41677,1.41413,1.41511,0,0
2015-07-15,23:00:00,1.41522,1.41549,1.41326,1.41422,0,0
2015-07-15,23:59:00,1.41408,1.41465,1.41352,1.41392,0,0
2015-07-16,01:00:00,1.41393,1.41586,1.41307,1.41522,0,0
2015-07-16,02:00:00,1.41527,1.41581,1.41388,1.41408,0,0
2015-07-16,03:00:00,1.41419,1.41498,1.41348,1.4147,0,0
2015-07-16,04:00:00,1.41467,1.41491,1.41207,1.41311,0,0
2015-07-16,05:00:00,1.41314,1.41425,1.41275,1.41381,0,0
2015-07-16,06:00:00,1.41383,1.41426,1.41346,1.41398,0,0
2015-07-16,07:00:00,1.41401,1.41434,1.4132,1.41338,0,0
2015-07-16,08:00:00,1.41344,1.414,1.41162,1.41256,0,0
2015-07-16,09:00:00,1.41267,1.41445,1.41143,1.4128,0,0
2015-07-16,10:00:00,1.41261,1.41434,1.40993,1.41057,0,0
2015-07-16,11:00:00,1.41048,1.41191,1.4096,1.40974,0,0
2015-07-16,12:00:00,1.40953,1.41071,1.40861,1.41042,0,0
2015-07-16,13:00:00,1.41037,1.41063,1.40821,1.40919,0,0
2015-07-16,14:00:00,1.40925,1.40999,1.40761,1.40761,0,0
2015-07-16,15:00:00,1.40766,1.40964,1.40366,1.40395,0,0
2015-07-16,16:00:00,1.40399,1.4098,1.40373,1.4086,0,0
2015-07-16,17:00:00,1.40878,1.41035,1.40824,1.41027,0,0
2015-07-16,18:00:00,1.4103,1.41066,1.40927,1.40997,0,0
2015-07-16,19:00:00,1.40989,1.41051,1.40757,1.40852,0,0
2015-07-16,20:00:00,1.40844,1.41067,1.40799,1.40984,0,0
2015-07-16,21:00:00,1.40994,1.41031,1.40864,1.40999,0,0
2015-07-16,22:00:00,1.40988,1.41071,1.40903,1.41068,0,0
2015-07-16,23:00:00,1.41064,1.41085,1.40907,1.4092,0,0
2015-07-16,23:59:00,1.40916,1.41006,1.40916,1.40937,0,0
2015-07-17,01:00:00,1.40937,1.41097,1.40927,1.41069,0,0
2015-07-17,02:00:00,1.4107,1.4116,1.41025,1.4114,0,0
2015-07-17,03:00:00,1.41129,1.41194,1.41093,1.41136,0,0
2015-07-17,04:00:00,1.41137,1.41275,1.411,1.41234,0,0
2015-07-17,05:00:00,1.41234,1.41271,1.41141,1.41227,0,0
2015-07-17,06:00:00,1.41224,1.41263,1.41191,1.41225,0,0
2015-07-17,07:00:00,1.41225,1.41235,1.41136,1.41152,0,0
2015-07-17,08:00:00,1.41152,1.41198,1.41019,1.41062,0,0
2015-07-17,09:00:00,1.41069,1.41146,1.40937,1.40976,0,0
2015-07-17,10:00:00,1.40969,1.41303,1.4092,1.41133,0,0
2015-07-17,11:00:00,1.41135,1.41462,1.41058,1.41371,0,0
2015-07-17,12:00:00,1.41374,1.41407,1.41206,1.41211,0,0
2015-07-17,13:00:00,1.41203,1.41288,1.41054,1.41248,0,0
2015-07-17,14:00:00,1.4125,1.41389,1.41182,1.41376,0,0
2015-07-17,15:00:00,1.41376,1.41411,1.41026,1.41117,0,0
2015-07-17,16:00:00,1.41108,1.41174,1.4079,1.41045,0,0
2015-07-17,17:00:00,1.41026,1.41064,1.40798,1.40863,0,0
2015-07-17,18:00:00,1.40862,1.4112,1.40798,1.41005,0,0
2015-07-17,19:00:00,1.41,1.41037,1.40899,1.41031,0,0
2015-07-17,20:00:00,1.41011,1.41033,1.40904,1.4095,0,0
2015-07-17,21:00:00,1.40948,1.40985,1.40862,1.40898,0,0
2015-07-17,22:00:00,1.40901,1.40933,1.4082,1.40838,0,0
2015-07-17,23:00:00,1.40835,1.40848,1.40835,1.40841,0,0
2015-07-20,01:00:00,1.40636,1.40738,1.4063,1.40697,0,0
2015-07-20,02:00:00,1.40697,1.4071,1.40644,1.40662,0,0
2015-07-20,03:00:00,1.40657,1.4073,1.40633,1.40662,0,0
2015-07-20,04:00:00,1.40662,1.40703,1.40578,1.40578,0,0
2015-07-20,05:00:00,1.40565,1.40706,1.40548,1.40665,0,0
2015-07-20,06:00:00,1.40662,1.40689,1.40624,1.40624,0,0
2015-07-20,07:00:00,1.40624,1.40693,1.40578,1.40606,0,0
2015-07-20,08:00:00,1.40618,1.40657,1.40528,1.40567,0,0
2015-07-20,09:00:00,1.4057,1.40666,1.40471,1.40565,0,0
2015-07-20,10:00:00,1.40522,1.40786,1.40522,1.4075,0,0
2015-07-20,11:00:00,1.40761,1.40993,1.40742,1.4081,0,0
2015-07-20,12:00:00,1.40814,1.40899,1.40656,1.40786,0,0
2015-07-20,13:00:00,1.40796,1.4089,1.40677,1.40778,0,0
2015-07-20,14:00:00,1.40779,1.40914,1.40716,1.40881,0,0
2015-07-20,15:00:00,1.40857,1.41011,1.40694,1.40914,0,0
2015-07-20,16:00:00,1.409,1.41082,1.40726,1.41005,0,0
2015-07-20,17:00:00,1.41044,1.41284,1.40889,1.40908,0,0
2015-07-20,18:00:00,1.40907,1.40998,1.40761,1.40836,0,0
2015-07-20,19:00:00,1.40854,1.40921,1.40805,1.40833,0,0
2015-07-20,20:00:00,1.40836,1.40918,1.4081,1.40824,0,0
2015-07-20,21:00:00,1.40829,1.40858,1.40656,1.40792,0,0
2015-07-20,22:00:00,1.40798,1.40856,1.40729,1.40828,0,0
2015-07-20,23:00:00,1.40836,1.40836,1.40539,1.40665,0,0
2015-07-20,23:59:00,1.40662,1.40771,1.40629,1.4067,0,0
