Date,Time,Open,High,Low,Close,Volume,OpenInt
2015-04-22,01:00:00,0.71937,0.71956,0.71904,0.71938,0,0
2015-04-22,02:00:00,0.71938,0.71944,0.71916,0.71924,0,0
2015-04-22,03:00:00,0.71926,0.71929,0.71844,0.71851,0,0
2015-04-22,04:00:00,0.71851,0.71863,0.71836,0.71843,0,0
2015-04-22,05:00:00,0.71844,0.71868,0.71828,0.71848,0,0
2015-04-22,06:00:00,0.71845,0.71847,0.71817,0.71834,0,0
2015-04-22,07:00:00,0.71834,0.71863,0.71824,0.71852,0,0
2015-04-22,08:00:00,0.71852,0.71924,0.71832,0.71887,0,0
2015-04-22,09:00:00,0.7188,0.72065,0.71843,0.7205,0,0
2015-04-22,10:00:00,0.72055,0.72055,0.7187,0.71882,0,0
2015-04-22,11:00:00,0.71881,0.71997,0.71775,0.71883,0,0
2015-04-22,12:00:00,0.71877,0.71896,0.71718,0.71761,0,0
2015-04-22,13:00:00,0.7176,0.71804,0.71617,0.71629,0,0
2015-04-22,14:00:00,0.71612,0.71629,0.71388,0.71394,0,0
2015-04-22,15:00:00,0.71392,0.71392,0.71238,0.71281,0,0
2015-04-22,16:00:00,0.71285,0.71457,0.71224,0.71444,0,0
2015-04-22,17:00:00,0.71461,0.71461,0.71311,0.71321,0,0
2015-04-22,18:00:00,0.71314,0.71409,0.71261,0.71403,0,0
2015-04-22,19:00:00,0.71403,0.71409,0.71351,0.71387,0,0
2015-04-22,20:00:00,0.71391,0.71406,0.71361,0.71374,0,0
2015-04-22,21:00:00,0.71372,0.71391,0.71334,0.71379,0,0
2015-04-22,22:00:00,0.71373,0.71409,0.71306,0.71326,0,0
2015-04-22,23:00:00,0.71324,0.71351,0.71301,0.71326,0,0
2015-04-22,23:59:00,0.71328,0.71341,0.713,0.71317,0,0
2015-04-23,01:00:00,0.71317,0.7134,0.71276,0.71291,0,0
2015-04-23,02:00:00,0.7129,0.71335,0.71285,0.71321,0,0
2015-04-23,03:00:00,0.71328,0.71338,0.71237,0.71242,0,0
2015-04-23,04:00:00,0.71242,0.71269,0.71199,0.71228,0,0
2015-04-23,05:00:00,0.71229,0.71245,0.7121,0.71239,0,0
2015-04-23,06:00:00,0.71237,0.71257,0.71217,0.71257,0,0
2015-04-23,07:00:00,0.71259,0.71279,0.71218,0.71226,0,0
2015-04-23,08:00:00,0.71227,0.71288,0.71222,0.71248,0,0
2015-04-23,09:00:00,0.71242,0.713,0.71185,0.71288,0,0
2015-04-23,10:00:00,0.71281,0.71344,0.71173,0.71313,0,0
2015-04-23,11:00:00,0.71316,0.71643,0.713,0.71516,0,0
2015-04-23,12:00:00,0.71521,0.7165,0.71466,0.71646,0,0
2015-04-23,13:00:00,0.71641,0.71659,0.71561,0.71583,0,0
2015-04-23,14:00:00,0.71578,0.71673,0.71563,0.71655,0,0
2015-04-23,15:00:00,0.71667,0.71756,0.71608,0.71753,0,0
2015-04-23,16:00:00,0.71749,0.71845,0.7165,0.7173,0,0
2015-04-23,17:00:00,0.71725,0.71874,0.71667,0.71757,0,0
2015-04-23,18:00:00,0.71757,0.71868,0.71727,0.71794,0,0
2015-04-23,19:00:00,0.71797,0.71925,0.71794,0.71908,0,0
2015-04-23,20:00:00,0.71905,0.71988,0.71897,0.71934,0,0
2015-04-23,21:00:00,0.7193,0.71975,0.71901,0.71901,0,0
2015-04-23,22:00:00,0.71909,0.71934,0.71875,0.71885,0,0
2015-04-23,23:00:00,0.71888,0.71929,0.71862,0.71889,0,0
2015-04-23,23:59:00,0.71889,0.71903,0.71851,0.71868,0,0
2015-04-24,01:00:00,0.71868,0.71889,0.71852,0.71861,0,0
2015-04-24,02:00:00,0.71856,0.71897,0.71849,0.71856,0,0
2015-04-24,03:00:00,0.71851,0.71907,0.71826,0.71905,0,0
2015-04-24,04:00:00,0.71902,0.71923,0.7187,0.71913,0,0
2015-04-24,05:00:00,0.7191,0.71912,0.71811,0.71817,0,0
2015-04-24,06:00:00,0.7182,0.71823,0.71767,0.71787,0,0
2015-04-24,07:00:00,0.7178,0.71803,0.7174,0.71803,0,0
2015-04-24,08:00:00,0.71804,0.71836,0.71792,0.71833,0,0
2015-04-24,09:00:00,0.71833,0.72122,0.71738,0.71944,0,0
2015-04-24,10:00:00,0.71939,0.72047,0.7185,0.71872,0,0
2015-04-24,11:00:00,0.71871,0.71996,0.71849,0.71872,0,0
2015-04-24,12:00:00,0.71873,0.71891,0.71752,0.71763,0,0
2015-04-24,13:00:00,0.71763,0.71779,0.71502,0.71549,0,0
2015-04-24,14:00:00,0.71554,0.71671,0.71546,0.71642,0,0
2015-04-24,15:00:00,0.71644,0.71719,0.7148,0.71547,0,0
2015-04-24,16:00:00,0.71542,0.7166,0.71484,0.715,0,0
2015-04-24,17:00:00,0.71501,0.71699,0.71492,0.71639,0,0
2015-04-24,18:00:00,0.7164,0.71684,0.71571,0.71666,0,0
2015-04-24,19:00:00,0.71664,0.71664,0.71562,0.71562,0,0
2015-04-24,20:00:00,0.71564,0.7161,0.71507,0.71572,0,0
2015-04-24,21:00:00,0.71572,0.71643,0.71563,0.71609,0,0
2015-04-24,22:00:00,0.71608,0.71638,0.71572,0.71592,0,0
2015-04-24,23:00:00,0.71593,0.716,0.71586,0.7159,0,0
2015-04-27,01:00:00,0.71589,0.71618,0.71583,0.71605,0,0
2015-04-27,02:00:00,0.71605,0.71634,0.71583,0.71609,0,0
2015-04-27,03:00:00,0.71608,0.71649,0.71589,0.71596,0,0
2015-04-27,04:00:00,0.71593,0.71624,0.71578,0.71584,0,0
2015-04-27,05:00:00,0.7158,0.716,0.7153,0.71551,0,0
2015-04-27,06:00:00,0.71552,0.71558,0.71509,0.71535,0,0
2015-04-27,07:00:00,0.71536,0.71547,0.71498,0.71517,0,0
2015-04-27,08:00:00,0.71517,0.71631,0.71511,0.71619,0,0
2015-04-27,09:00:00,0.71619,0.71716,0.71617,0.7165,0,0
2015-04-27,10:00:00,0.71654,0.71692,0.71552,0.71646,0,0
2015-04-27,11:00:00,0.71643,0.71666,0.7151,0.71538,0,0
2015-04-27,12:00:00,0.71537,0.71642,0.71528,0.71606,0,0
2015-04-27,13:00:00,0.71614,0.7166,0.71533,0.71659,0,0
2015-04-27,14:00:00,0.71667,0.71712,0.71643,0.71679,0,0
2015-04-27,15:00:00,0.71677,0.71706,0.71595,0.71645,0,0
2015-04-27,16:00:00,0.71651,0.71711,0.71575,0.71601,0,0
2015-04-27,17:00:00,0.71601,0.71675,0.71549,0.71556,0,0
2015-04-27,18:00:00,0.71552,0.71632,0.71462,0.71491,0,0
2015-04-27,19:00:00,0.71491,0.71613,0.71477,0.71536,0,0
2015-04-27,20:00:00,0.71541,0.71561,0.71411,0.71438,0,0
2015-04-27,21:00:00,0.71446,0.71511,0.71436,0.71475,0,0
2015-04-27,22:00:00,0.71473,0.71514,0.71457,0.71506,0,0
2015-04-27,23:00:00,0.71514,0.71515,0.71452,0.71479,0,0
2015-04-27,23:59:00,0.71475,0.71508,0.7144,0.7147,0,0
2015-04-28,01:00:00,0.71473,0.71488,0.714,0.71429,0,0
2015-04-28,02:00:00,0.71426,0.71456,0.71425,0.71448,0,0
2015-04-28,03:00:00,0.71448,0.7146,0.71413,0.71423,0,0
2015-04-28,04:00:00,0.71424,0.71454,0.71412,0.71428,0,0
2015-04-28,05:00:00,0.71426,0.71446,0.71408,0.71429,0,0
2015-04-28,06:00:00,0.7143,0.71454,0.71413,0.71427,0,0
2015-04-28,07:00:00,0.71429,0.71433,0.7137,0.71372,0,0
2015-04-28,08:00:00,0.71372,0.71431,0.7136,0.71413,0,0
2015-04-28,09:00:00,0.71415,0.71436,0.71324,0.71381,0,0
2015-04-28,10:00:00,0.71381,0.7147,0.71336,0.71347,0,0
2015-04-28,11:00:00,0.71345,0.71703,0.71332,0.71678,0,0
2015-04-28,12:00:00,0.71677,0.71686,0.71538,0.71556,0,0
2015-04-28,13:00:00,0.71555,0.71594,0.71449,0.71567,0,0
2015-04-28,14:00:00,0.71567,0.71605,0.71524,0.71579,0,0
2015-04-28,15:00:00,0.71576,0.71576,0.71448,0.71508,0,0
2015-04-28,16:00:00,0.71505,0.71569,0.71453,0.71525,0,0
2015-04-28,17:00:00,0.71543,0.71668,0.7151,0.71664,0,0
2015-04-28,18:00:00,0.71668,0.71715,0.71553,0.71635,0,0
2015-04-28,19:00:00,0.71631,0.71639,0.71574,0.71617,0,0
2015-04-28,20:00:00,0.71617,0.71687,0.71603,0.71675,0,0
2015-04-28,21:00:00,0.71675,0.71683,0.71576,0.71583,0,0
2015-04-28,22:00:00,0.71584,0.71609,0.71555,0.71602,0,0
2015-04-28,23:00:00,0.71605,0.71615,0.71566,0.71591,0,0
2015-04-28,23:59:00,0.71589,0.71591,0.71539,0.71559,0,0
2015-04-29,01:00:00,0.71559,0.71589,0.71531,0.71554,0,0
2015-04-29,02:00:00,0.71554,0.71565,0.71523,0.7154,0,0
2015-04-29,03:00:00,0.71539,0.71578,0.71535,0.71563,0,0
2015-04-29,04:00:00,0.71563,0.71569,0.71506,0.71524,0,0
2015-04-29,05:00:00,0.71523,0.71536,0.71502,0.71511,0,0
2015-04-29,06:00:00,0.71507,0.71527,0.71502,0.71512,0,0
2015-04-29,07:00:00,0.71513,0.71515,0.71466,0.71482,0,0
2015-04-29,08:00:00,0.71481,0.71501,0.71461,0.71491,0,0
2015-04-29,09:00:00,0.71491,0.71514,0.71414,0.71442,0,0
2015-04-29,10:00:00,0.71436,0.71488,0.71367,0.71466,0,0
2015-04-29,11:00:00,0.71466,0.71545,0.71419,0.71519,0,0
2015-04-29,12:00:00,0.71513,0.71611,0.71507,0.71611,0,0
2015-04-29,13:00:00,0.71605,0.71667,0.71541,0.71543,0,0
2015-04-29,14:00:00,0.71539,0.71658,0.71539,0.7162,0,0
2015-04-29,15:00:00,0.71611,0.71851,0.71574,0.71688,0,0
2015-04-29,16:00:00,0.71702,0.71851,0.7165,0.71848,0,0
2015-04-29,17:00:00,0.71847,0.72158,0.71812,0.72151,0,0
2015-04-29,18:00:00,0.72148,0.72212,0.7205,0.72156,0,0
2015-04-29,19:00:00,0.72161,0.72197,0.72096,0.72097,0,0
2015-04-29,20:00:00,0.72097,0.72247,0.72086,0.72178,0,0
2015-04-29,21:00:00,0.7218,0.7218,0.71911,0.72018,0,0
2015-04-29,22:00:00,0.72013,0.72041,0.7196,0.72017,0,0
2015-04-29,23:00:00,0.72019,0.72089,0.71993,0.72084,0,0
2015-04-29,23:59:00,0.72093,0.72094,0.72031,0.72034,0,0
2015-04-30,01:00:00,0.72036,0.72077,0.72036,0.72057,0,0
2015-04-30,02:00:00,0.72064,0.72066,0.72035,0.72036,0,0
2015-04-30,03:00:00,0.72036,0.7207,0.71973,0.72002,0,0
2015-04-30,04:00:00,0.72002,0.72071,0.71988,0.72069,0,0
2015-04-30,05:00:00,0.72068,0.72073,0.72033,0.72049,0,0
2015-04-30,06:00:00,0.72053,0.72054,0.71996,0.72015,0,0
2015-04-30,07:00:00,0.72015,0.72051,0.71996,0.7202,0,0
2015-04-30,08:00:00,0.72022,0.72022,0.71934,0.71934,0,0
2015-04-30,09:00:00,0.71906,0.72069,0.71896,0.72033,0,0
2015-04-30,10:00:00,0.72037,0.72622,0.71988,0.72576,0,0
2015-04-30,11:00:00,0.72573,0.72661,0.72454,0.72521,0,0
2015-04-30,12:00:00,0.72525,0.72569,0.72363,0.72436,0,0
2015-04-30,13:00:00,0.72437,0.72573,0.72368,0.72563,0,0
2015-04-30,14:00:00,0.72555,0.72641,0.72533,0.72598,0,0
2015-04-30,15:00:00,0.72613,0.72706,0.72505,0.72607,0,0
2015-04-30,16:00:00,0.7261,0.72651,0.72416,0.72539,0,0
2015-04-30,17:00:00,0.72548,0.72936,0.72525,0.72886,0,0
2015-04-30,18:00:00,0.72888,0.72974,0.72799,0.72829,0,0
2015-04-30,19:00:00,0.72828,0.73136,0.7279,0.73135,0,0
2015-04-30,20:00:00,0.73131,0.73137,0.73037,0.73057,0,0
2015-04-30,21:00:00,0.73055,0.73331,0.73049,0.73295,0,0
2015-04-30,22:00:00,0.73305,0.73351,0.73114,0.73135,0,0
2015-04-30,23:00:00,0.73131,0.73134,0.7304,0.73111,0,0
2015-04-30,23:59:00,0.73115,0.73128,0.73043,0.73076,0,0
2015-05-01,01:00:00,0.73071,0.73084,0.73021,0.73042,0,0
2015-05-01,02:00:00,0.73042,0.73056,0.7302,0.7302,0,0
2015-05-01,03:00:00,0.73021,0.73051,0.73003,0.73015,0,0
2015-05-01,04:00:00,0.73015,0.73078,0.7301,0.73069,0,0
2015-05-01,05:00:00,0.73068,0.73086,0.73039,0.73047,0,0
2015-05-01,06:00:00,0.73051,0.73069,0.73044,0.7305,0,0
2015-05-01,07:00:00,0.7305,0.73063,0.73013,0.73022,0,0
2015-05-01,08:00:00,0.73021,0.73073,0.73017,0.73068,0,0
2015-05-01,09:00:00,0.73067,0.73323,0.73023,0.73273,0,0
2015-05-01,10:00:00,0.73275,0.73293,0.7309,0.7313,0,0
2015-05-01,11:00:00,0.73144,0.73622,0.73101,0.73622,0,0
2015-05-01,12:00:00,0.7361,0.73648,0.73475,0.73494,0,0
2015-05-01,13:00:00,0.73501,0.73771,0.73489,0.73771,0,0
2015-05-01,14:00:00,0.73765,0.73773,0.73634,0.73743,0,0
2015-05-01,15:00:00,0.73739,0.73966,0.73739,0.73879,0,0
2015-05-01,16:00:00,0.7388,0.74164,0.73806,0.74164,0,0
2015-05-01,17:00:00,0.74163,0.74199,0.73846,0.73931,0,0
2015-05-01,18:00:00,0.73934,0.74047,0.73892,0.73958,0,0
2015-05-01,19:00:00,0.73959,0.74026,0.73934,0.73941,0,0
2015-05-01,20:00:00,0.73939,0.73967,0.73882,0.73911,0,0
2015-05-01,21:00:00,0.73911,0.73987,0.73899,0.7396,0,0
2015-05-01,22:00:00,0.73964,0.74086,0.73963,0.74004,0,0
2015-05-01,23:00:00,0.73999,0.74026,0.73997,0.74009,0,0
2015-05-04,01:00:00,0.73935,0.73935,0.73807,0.73815,0,0
2015-05-04,02:00:00,0.73815,0.7387,0.73803,0.73837,0,0
2015-05-04,03:00:00,0.73837,0.73874,0.73813,0.73856,0,0
2015-05-04,04:00:00,0.73857,0.73891,0.73828,0.73877,0,0
2015-05-04,05:00:00,0.73876,0.73882,0.73808,0.73831,0,0
2015-05-04,06:00:00,0.73831,0.73834,0.73789,0.73809,0,0
2015-05-04,07:00:00,0.73809,0.73869,0.73798,0.73864,0,0
2015-05-04,08:00:00,0.73863,0.7396,0.73862,0.73926,0,0
2015-05-04,09:00:00,0.73927,0.73976,0.73854,0.73892,0,0
2015-05-04,10:00:00,0.73889,0.73907,0.73667,0.73672,0,0
2015-05-04,11:00:00,0.73662,0.73678,0.73519,0.73539,0,0
2015-05-04,12:00:00,0.73539,0.7365,0.73536,0.73603,0,0
2015-05-04,13:00:00,0.73608,0.73713,0.7359,0.73713,0,0
2015-05-04,14:00:00,0.7371,0.73761,0.73654,0.73761,0,0
2015-05-04,15:00:00,0.73757,0.73859,0.73742,0.73833,0,0
2015-05-04,16:00:00,0.73839,0.73897,0.73801,0.7383,0,0
2015-05-04,17:00:00,0.73828,0.7387,0.73693,0.73839,0,0
2015-05-04,18:00:00,0.73843,0.73843,0.73724,0.73727,0,0
2015-05-04,19:00:00,0.73726,0.73808,0.73718,0.73787,0,0
2015-05-04,20:00:00,0.73786,0.73814,0.73736,0.73777,0,0
2015-05-04,21:00:00,0.73777,0.73788,0.73651,0.73671,0,0
2015-05-04,22:00:00,0.73672,0.73737,0.73667,0.73735,0,0
2015-05-04,23:00:00,0.73731,0.73757,0.73701,0.73727,0,0
2015-05-04,23:59:00,0.73718,0.73747,0.73699,0.7372,0,0
2015-05-05,01:00:00,0.7372,0.73746,0.73709,0.73728,0,0
2015-05-05,02:00:00,0.73728,0.73744,0.73719,0.73732,0,0
2015-05-05,03:00:00,0.7373,0.73732,0.73689,0.73705,0,0
2015-05-05,04:00:00,0.73705,0.73729,0.73674,0.73675,0,0
2015-05-05,05:00:00,0.73675,0.737,0.73667,0.73685,0,0
2015-05-05,06:00:00,0.73685,0.73686,0.73648,0.73665,0,0
2015-05-05,07:00:00,0.73664,0.73669,0.73593,0.73601,0,0
2015-05-05,08:00:00,0.73601,0.73637,0.73587,0.73591,0,0
2015-05-05,09:00:00,0.73589,0.73641,0.73396,0.73408,0,0
2015-05-05,10:00:00,0.73401,0.73491,0.73245,0.73246,0,0
2015-05-05,11:00:00,0.73244,0.7338,0.73151,0.73377,0,0
2015-05-05,12:00:00,0.73377,0.73546,0.73332,0.7354,0,0
2015-05-05,13:00:00,0.73532,0.73565,0.7342,0.7353,0,0
2015-05-05,14:00:00,0.7353,0.73644,0.73527,0.73556,0,0
2015-05-05,15:00:00,0.73559,0.73647,0.73489,0.73606,0,0
2015-05-05,16:00:00,0.73608,0.73647,0.73483,0.73517,0,0
2015-05-05,17:00:00,0.73525,0.73685,0.73317,0.73628,0,0
2015-05-05,18:00:00,0.73632,0.73742,0.73613,0.73634,0,0
2015-05-05,19:00:00,0.7363,0.7371,0.73625,0.73677,0,0
2015-05-05,20:00:00,0.73678,0.73745,0.73661,0.73685,0,0
2015-05-05,21:00:00,0.73685,0.73793,0.7368,0.73773,0,0
2015-05-05,22:00:00,0.73773,0.73835,0.73746,0.73773,0,0
2015-05-05,23:00:00,0.73767,0.73769,0.73669,0.73677,0,0
2015-05-05,23:59:00,0.73671,0.73722,0.7367,0.73682,0,0
2015-05-06,01:00:00,0.73688,0.73713,0.73672,0.73695,0,0
2015-05-06,02:00:00,0.73695,0.73733,0.7369,0.73699,0,0
2015-05-06,03:00:00,0.73703,0.7373,0.73696,0.73703,0,0
2015-05-06,04:00:00,0.73703,0.73744,0.73677,0.73738,0,0
2015-05-06,05:00:00,0.73738,0.73811,0.73712,0.73808,0,0
2015-05-06,06:00:00,0.73809,0.73904,0.73787,0.73855,0,0
2015-05-06,07:00:00,0.73854,0.73862,0.73812,0.73845,0,0
2015-05-06,08:00:00,0.73847,0.73883,0.73818,0.7386,0,0
2015-05-06,09:00:00,0.73856,0.73939,0.73817,0.73854,0,0
2015-05-06,10:00:00,0.73863,0.7407,0.73733,0.74049,0,0
2015-05-06,11:00:00,0.74064,0.74187,0.73949,0.73991,0,0
2015-05-06,12:00:00,0.73991,0.73991,0.73844,0.73878,0,0
2015-05-06,13:00:00,0.73876,0.73953,0.73751,0.73772,0,0
2015-05-06,14:00:00,0.73768,0.73811,0.73704,0.7376,0,0
2015-05-06,15:00:00,0.7376,0.74111,0.73727,0.74089,0,0
2015-05-06,16:00:00,0.74094,0.74311,0.74087,0.74285,0,0
2015-05-06,17:00:00,0.74281,0.74457,0.74199,0.74455,0,0
2015-05-06,18:00:00,0.7446,0.74479,0.74318,0.74424,0,0
2015-05-06,19:00:00,0.74424,0.7447,0.74341,0.74341,0,0
2015-05-06,20:00:00,0.74335,0.74399,0.74331,0.74374,0,0
2015-05-06,21:00:00,0.74369,0.74497,0.74357,0.74476,0,0
2015-05-06,22:00:00,0.74485,0.74485,0.74398,0.74405,0,0
2015-05-06,23:00:00,0.74404,0.7444,0.74391,0.7443,0,0
2015-05-06,23:59:00,0.74425,0.74451,0.74401,0.74406,0,0
2015-05-07,01:00:00,0.74405,0.74427,0.74393,0.74427,0,0
2015-05-07,02:00:00,0.74427,0.74441,0.74405,0.74406,0,0
2015-05-07,03:00:00,0.74404,0.74423,0.7435,0.74364,0,0
2015-05-07,04:00:00,0.74364,0.74408,0.74349,0.7438,0,0
2015-05-07,05:00:00,0.74374,0.74418,0.74371,0.74386,0,0
2015-05-07,06:00:00,0.74387,0.74439,0.74387,0.74428,0,0
2015-05-07,07:00:00,0.74428,0.74444,0.74408,0.74435,0,0
2015-05-07,08:00:00,0.74435,0.7454,0.74414,0.74477,0,0
2015-05-07,09:00:00,0.74469,0.74651,0.74456,0.74613,0,0
2015-05-07,10:00:00,0.74609,0.7473,0.74591,0.74706,0,0
2015-05-07,11:00:00,0.74703,0.7483,0.74643,0.74761,0,0
2015-05-07,12:00:00,0.74745,0.74826,0.7462,0.74673,0,0
2015-05-07,13:00:00,0.7467,0.74684,0.74425,0.74544,0,0
2015-05-07,14:00:00,0.74543,0.74545,0.74281,0.74295,0,0
2015-05-07,15:00:00,0.74296,0.7432,0.7404,0.74175,0,0
2015-05-07,16:00:00,0.74188,0.74281,0.74092,0.74234,0,0
2015-05-07,17:00:00,0.74231,0.74255,0.74038,0.74076,0,0
2015-05-07,18:00:00,0.74087,0.74149,0.7402,0.74109,0,0
2015-05-07,19:00:00,0.74116,0.74149,0.74035,0.7406,0,0
2015-05-07,20:00:00,0.74069,0.74069,0.73931,0.73984,0,0
2015-05-07,21:00:00,0.73983,0.73999,0.738,0.73846,0,0
2015-05-07,22:00:00,0.73843,0.7385,0.73803,0.73834,0,0
2015-05-07,23:00:00,0.73838,0.73899,0.73813,0.73898,0,0
2015-05-07,23:59:00,0.73914,0.73914,0.72815,0.72992,0,0
2015-05-08,01:00:00,0.72984,0.73082,0.7287,0.73039,0,0
2015-05-08,02:00:00,0.73039,0.73108,0.72941,0.73036,0,0
2015-05-08,03:00:00,0.73037,0.73133,0.73027,0.73027,0,0
2015-05-08,04:00:00,0.73027,0.7304,0.7278,0.72812,0,0
2015-05-08,05:00:00,0.72816,0.72852,0.72358,0.72363,0,0
2015-05-08,06:00:00,0.72359,0.72523,0.7234,0.72453,0,0
2015-05-08,07:00:00,0.72454,0.72488,0.72256,0.72301,0,0
2015-05-08,08:00:00,0.72307,0.72515,0.72287,0.72451,0,0
2015-05-08,09:00:00,0.72449,0.72646,0.7235,0.72432,0,0
2015-05-08,10:00:00,0.72429,0.72509,0.72332,0.72488,0,0
2015-05-08,11:00:00,0.72485,0.72761,0.72484,0.7258,0,0
2015-05-08,12:00:00,0.72571,0.72831,0.72568,0.72803,0,0
2015-05-08,13:00:00,0.72801,0.72838,0.72704,0.72713,0,0
2015-05-08,14:00:00,0.72708,0.72768,0.72655,0.72764,0,0
2015-05-08,15:00:00,0.72751,0.73127,0.72725,0.72995,0,0
2015-05-08,16:00:00,0.72988,0.73039,0.72824,0.72834,0,0
2015-05-08,17:00:00,0.72832,0.72897,0.72768,0.72777,0,0
2015-05-08,18:00:00,0.72769,0.7279,0.72665,0.72741,0,0
2015-05-08,19:00:00,0.72741,0.72743,0.72564,0.72622,0,0
2015-05-08,20:00:00,0.72638,0.72639,0.72566,0.72599,0,0
2015-05-08,21:00:00,0.72597,0.72612,0.72503,0.7251,0,0
2015-05-08,22:00:00,0.72499,0.72584,0.72499,0.72507,0,0
2015-05-08,23:00:00,0.72512,0.72512,0.72512,0.72512,0,0
2015-05-11,01:00:00,0.72486,0.72528,0.72478,0.72526,0,0
2015-05-11,02:00:00,0.72521,0.72555,0.725,0.72523,0,0
2015-05-11,03:00:00,0.72523,0.72533,0.724,0.724,0,0
2015-05-11,04:00:00,0.72399,0.72402,0.72316,0.7234,0,0
2015-05-11,05:00:00,0.72341,0.72399,0.72318,0.72342,0,0
2015-05-11,06:00:00,0.72342,0.72345,0.72261,0.72289,0,0
2015-05-11,07:00:00,0.7229,0.72324,0.72269,0.72323,0,0
2015-05-11,08:00:00,0.72323,0.72335,0.72259,0.72316,0,0
2015-05-11,09:00:00,0.72314,0.72538,0.72291,0.72515,0,0
2015-05-11,10:00:00,0.72517,0.72564,0.72315,0.72335,0,0
2015-05-11,11:00:00,0.72335,0.72511,0.72311,0.72489,0,0
2015-05-11,12:00:00,0.72482,0.72549,0.72253,0.72254,0,0
2015-05-11,13:00:00,0.72259,0.72295,0.72009,0.7204,0,0
2015-05-11,14:00:00,0.72036,0.72139,0.71957,0.71971,0,0
2015-05-11,15:00:00,0.71969,0.71988,0.71808,0.71819,0,0
2015-05-11,16:00:00,0.71819,0.71919,0.71707,0.71709,0,0
2015-05-11,17:00:00,0.71703,0.71786,0.71632,0.71633,0,0
2015-05-11,18:00:00,0.71644,0.71698,0.71415,0.71451,0,0
2015-05-11,19:00:00,0.71455,0.71587,0.71408,0.71587,0,0
2015-05-11,20:00:00,0.71603,0.71603,0.71465,0.7156,0,0
2015-05-11,21:00:00,0.71561,0.71641,0.71545,0.71557,0,0
2015-05-11,22:00:00,0.71558,0.71583,0.71511,0.71525,0,0
2015-05-11,23:00:00,0.71528,0.71584,0.71528,0.71571,0,0
2015-05-11,23:59:00,0.71574,0.71602,0.71543,0.71555,0,0
2015-05-12,01:00:00,0.71557,0.71617,0.71543,0.7158,0,0
2015-05-12,02:00:00,0.7158,0.71587,0.71526,0.71549,0,0
2015-05-12,03:00:00,0.71549,0.71591,0.71524,0.7156,0,0
2015-05-12,04:00:00,0.7156,0.71586,0.71529,0.7158,0,0
2015-05-12,05:00:00,0.71577,0.7167,0.71573,0.71667,0,0
2015-05-12,06:00:00,0.71668,0.71691,0.71636,0.71643,0,0
2015-05-12,07:00:00,0.71645,0.71722,0.71643,0.71717,0,0
2015-05-12,08:00:00,0.71719,0.71802,0.71714,0.71763,0,0
2015-05-12,09:00:00,0.71762,0.71902,0.7172,0.71779,0,0
2015-05-12,10:00:00,0.71788,0.72171,0.71757,0.72154,0,0
2015-05-12,11:00:00,0.72155,0.72268,0.71913,0.72006,0,0
2015-05-12,12:00:00,0.7201,0.72017,0.71801,0.71834,0,0
2015-05-12,13:00:00,0.71834,0.71871,0.717,0.71808,0,0
2015-05-12,14:00:00,0.71806,0.71806,0.71616,0.71632,0,0
2015-05-12,15:00:00,0.7164,0.71793,0.71602,0.71744,0,0
2015-05-12,16:00:00,0.71745,0.71941,0.71731,0.71866,0,0
2015-05-12,17:00:00,0.71877,0.71938,0.71783,0.71807,0,0
2015-05-12,18:00:00,0.71807,0.71817,0.71662,0.71668,0,0
2015-05-12,19:00:00,0.7166,0.71706,0.71548,0.71555,0,0
2015-05-12,20:00:00,0.71557,0.71616,0.71552,0.71585,0,0
2015-05-12,21:00:00,0.71586,0.71592,0.71528,0.71558,0,0
2015-05-12,22:00:00,0.71554,0.7158,0.71535,0.71539,0,0
2015-05-12,23:00:00,0.71533,0.71574,0.71521,0.7155,0,0
2015-05-12,23:59:00,0.71554,0.71616,0.71533,0.71615,0,0
2015-05-13,01:00:00,0.71598,0.71608,0.71548,0.71583,0,0
2015-05-13,02:00:00,0.71583,0.71609,0.71577,0.71597,0,0
2015-05-13,03:00:00,0.71595,0.71641,0.71579,0.71633,0,0
2015-05-13,04:00:00,0.71634,0.71642,0.71597,0.71639,0,0
2015-05-13,05:00:00,0.71636,0.71709,0.71634,0.71681,0,0
2015-05-13,06:00:00,0.71681,0.71707,0.71671,0.717,0,0
2015-05-13,07:00:00,0.71699,0.71743,0.71676,0.71709,0,0
2015-05-13,08:00:00,0.71708,0.71744,0.71673,0.71677,0,0
2015-05-13,09:00:00,0.71658,0.71843,0.71601,0.71825,0,0
2015-05-13,10:00:00,0.71825,0.71825,0.71617,0.71656,0,0
2015-05-13,11:00:00,0.71658,0.71747,0.71308,0.71406,0,0
2015-05-13,12:00:00,0.71399,0.7174,0.71233,0.71705,0,0
2015-05-13,13:00:00,0.7171,0.71753,0.71569,0.7157,0,0
2015-05-13,14:00:00,0.71573,0.71873,0.71547,0.71756,0,0
2015-05-13,15:00:00,0.71755,0.72106,0.71717,0.72034,0,0
2015-05-13,16:00:00,0.72028,0.72201,0.72017,0.72174,0,0
2015-05-13,17:00:00,0.72185,0.72256,0.7214,0.72157,0,0
2015-05-13,18:00:00,0.7216,0.72281,0.7216,0.72217,0,0
2015-05-13,19:00:00,0.72217,0.72239,0.72162,0.72227,0,0
2015-05-13,20:00:00,0.72224,0.72237,0.72154,0.72157,0,0
2015-05-13,21:00:00,0.7215,0.7217,0.72112,0.72136,0,0
2015-05-13,22:00:00,0.72136,0.72155,0.72062,0.72065,0,0
2015-05-13,23:00:00,0.72065,0.72137,0.72062,0.7212,0,0
2015-05-13,23:59:00,0.72115,0.72136,0.7208,0.72111,0,0
2015-05-14,01:00:00,0.72111,0.72163,0.72102,0.72121,0,0
2015-05-14,02:00:00,0.72121,0.72141,0.72094,0.72107,0,0
2015-05-14,03:00:00,0.72107,0.72125,0.7209,0.72125,0,0
2015-05-14,04:00:00,0.72125,0.72146,0.72089,0.72123,0,0
2015-05-14,05:00:00,0.7215,0.72176,0.72086,0.72103,0,0
2015-05-14,06:00:00,0.72102,0.7219,0.721,0.72176,0,0
2015-05-14,07:00:00,0.72179,0.72188,0.72123,0.72159,0,0
2015-05-14,08:00:00,0.72159,0.72217,0.7214,0.72215,0,0
2015-05-14,09:00:00,0.72209,0.72437,0.72165,0.72393,0,0
2015-05-14,10:00:00,0.72398,0.72443,0.72223,0.72276,0,0
2015-05-14,11:00:00,0.72278,0.72405,0.72222,0.7234,0,0
2015-05-14,12:00:00,0.7234,0.72412,0.7227,0.72313,0,0
2015-05-14,13:00:00,0.72316,0.72436,0.72296,0.72388,0,0
2015-05-14,14:00:00,0.72383,0.72408,0.72215,0.72272,0,0
2015-05-14,15:00:00,0.72269,0.72324,0.72187,0.72259,0,0
2015-05-14,16:00:00,0.72259,0.7229,0.72117,0.72197,0,0
2015-05-14,17:00:00,0.72198,0.72296,0.72133,0.72221,0,0
2015-05-14,18:00:00,0.72219,0.72245,0.72051,0.72101,0,0
2015-05-14,19:00:00,0.721,0.72235,0.72085,0.72207,0,0
2015-05-14,20:00:00,0.72206,0.7223,0.72166,0.72224,0,0
2015-05-14,21:00:00,0.72216,0.72304,0.72211,0.72279,0,0
2015-05-14,22:00:00,0.72281,0.72343,0.72258,0.72334,0,0
2015-05-14,23:00:00,0.72329,0.72359,0.72301,0.72324,0,0
2015-05-14,23:59:00,0.72323,0.72344,0.72301,0.72308,0,0
2015-05-15,01:00:00,0.72312,0.72321,0.72281,0.72294,0,0
2015-05-15,02:00:00,0.72294,0.72299,0.7226,0.72297,0,0
2015-05-15,03:00:00,0.72296,0.72343,0.7229,0.72326,0,0
2015-05-15,04:00:00,0.72325,0.72347,0.7228,0.7234,0,0
2015-05-15,05:00:00,0.72338,0.72366,0.72311,0.72316,0,0
2015-05-15,06:00:00,0.72318,0.72341,0.72297,0.72327,0,0
2015-05-15,07:00:00,0.72327,0.7236,0.72322,0.72352,0,0
2015-05-15,08:00:00,0.72351,0.72362,0.72189,0.72196,0,0
2015-05-15,09:00:00,0.72201,0.72356,0.72085,0.72339,0,0
2015-05-15,10:00:00,0.72343,0.72374,0.72215,0.72248,0,0
2015-05-15,11:00:00,0.72248,0.72339,0.72115,0.72149,0,0
2015-05-15,12:00:00,0.72134,0.72204,0.72119,0.72165,0,0
2015-05-15,13:00:00,0.72152,0.72251,0.72152,0.72248,0,0
2015-05-15,14:00:00,0.72241,0.72307,0.72141,0.72163,0,0
2015-05-15,15:00:00,0.72161,0.72167,0.72068,0.7209,0,0
2015-05-15,16:00:00,0.72091,0.72161,0.72059,0.72113,0,0
2015-05-15,17:00:00,0.72124,0.72455,0.72124,0.72445,0,0
2015-05-15,18:00:00,0.72437,0.72489,0.72374,0.72457,0,0
2015-05-15,19:00:00,0.72458,0.72564,0.72415,0.72539,0,0
2015-05-15,20:00:00,0.72536,0.72684,0.72528,0.72629,0,0
2015-05-15,21:00:00,0.72628,0.72821,0.72628,0.72781,0,0
2015-05-15,22:00:00,0.7278,0.72829,0.72736,0.7275,0,0
2015-05-15,23:00:00,0.72752,0.72764,0.72752,0.72759,0,0
2015-05-18,01:00:00,0.72752,0.72781,0.72689,0.727,0,0
2015-05-18,02:00:00,0.72701,0.72721,0.72673,0.72715,0,0
2015-05-18,03:00:00,0.72715,0.72725,0.7267,0.72719,0,0
2015-05-18,04:00:00,0.72719,0.72731,0.7268,0.72708,0,0
2015-05-18,05:00:00,0.72724,0.7276,0.72698,0.7275,0,0
2015-05-18,06:00:00,0.72748,0.72755,0.72711,0.72724,0,0
2015-05-18,07:00:00,0.72724,0.72728,0.72689,0.72705,0,0
2015-05-18,08:00:00,0.72705,0.72742,0.72637,0.72742,0,0
2015-05-18,09:00:00,0.72738,0.72802,0.72686,0.7269,0,0
2015-05-18,10:00:00,0.72683,0.72835,0.72608,0.72632,0,0
2015-05-18,11:00:00,0.7263,0.72687,0.7256,0.72687,0,0
2015-05-18,12:00:00,0.72687,0.72738,0.72605,0.72694,0,0
2015-05-18,13:00:00,0.727,0.72836,0.72617,0.72793,0,0
2015-05-18,14:00:00,0.72798,0.72827,0.72673,0.72759,0,0
2015-05-18,15:00:00,0.72761,0.72769,0.72649,0.72676,0,0
2015-05-18,16:00:00,0.72668,0.7269,0.72347,0.72389,0,0
2015-05-18,17:00:00,0.72383,0.72497,0.72367,0.72463,0,0
2015-05-18,18:00:00,0.72469,0.72471,0.72377,0.72416,0,0
2015-05-18,19:00:00,0.72415,0.72439,0.72337,0.72423,0,0
2015-05-18,20:00:00,0.72423,0.72444,0.7229,0.72307,0,0
2015-05-18,21:00:00,0.723,0.72311,0.72195,0.72195,0,0
2015-05-18,22:00:00,0.72189,0.7229,0.72171,0.7225,0,0
2015-05-18,23:00:00,0.7225,0.72306,0.7225,0.72286,0,0
2015-05-18,23:59:00,0.7229,0.72294,0.72262,0.72279,0,0
2015-05-19,01:00:00,0.72278,0.72283,0.72258,0.72269,0,0
2015-05-19,02:00:00,0.72268,0.72318,0.72268,0.72302,0,0
2015-05-19,03:00:00,0.72302,0.72323,0.7226,0.72271,0,0
2015-05-19,04:00:00,0.7227,0.72291,0.72206,0.72245,0,0
2015-05-19,05:00:00,0.72239,0.72239,0.72176,0.72197,0,0
2015-05-19,06:00:00,0.72197,0.72231,0.72186,0.72213,0,0
2015-05-19,07:00:00,0.72216,0.72232,0.72192,0.72213,0,0
2015-05-19,08:00:00,0.72217,0.72282,0.72207,0.72247,0,0
2015-05-19,09:00:00,0.72246,0.72246,0.72076,0.72153,0,0
2015-05-19,10:00:00,0.72155,0.72155,0.71502,0.717,0,0
2015-05-19,11:00:00,0.717,0.72039,0.71664,0.7199,0,0
2015-05-19,12:00:00,0.71954,0.72141,0.71952,0.72089,0,0
2015-05-19,13:00:00,0.7209,0.72268,0.72077,0.7224,0,0
2015-05-19,14:00:00,0.72262,0.72325,0.72158,0.72211,0,0
2015-05-19,15:00:00,0.72213,0.72229,0.71953,0.7198,0,0
2015-05-19,16:00:00,0.71985,0.71993,0.71829,0.71889,0,0
2015-05-19,17:00:00,0.71884,0.71896,0.71755,0.71775,0,0
2015-05-19,18:00:00,0.71767,0.71932,0.71756,0.71827,0,0
2015-05-19,19:00:00,0.71839,0.71895,0.71797,0.71895,0,0
2015-05-19,20:00:00,0.71896,0.71896,0.71834,0.71877,0,0
2015-05-19,21:00:00,0.7187,0.71995,0.7187,0.71978,0,0
2015-05-19,22:00:00,0.71971,0.71978,0.71895,0.71903,0,0
2015-05-19,23:00:00,0.719,0.71924,0.71869,0.7188,0,0
2015-05-19,23:59:00,0.71875,0.71913,0.71845,0.7185,0,0
2015-05-20,01:00:00,0.71851,0.71872,0.71828,0.71861,0,0
2015-05-20,02:00:00,0.71862,0.71866,0.71832,0.71833,0,0
2015-05-20,03:00:00,0.71831,0.71856,0.71775,0.71797,0,0
2015-05-20,04:00:00,0.71798,0.71833,0.7175,0.71813,0,0
2015-05-20,05:00:00,0.71812,0.71837,0.71793,0.7181,0,0
2015-05-20,06:00:00,0.71809,0.71818,0.71788,0.71808,0,0
2015-05-20,07:00:00,0.7181,0.71818,0.71774,0.71799,0,0
2015-05-20,08:00:00,0.71798,0.7186,0.71643,0.71643,0,0
2015-05-20,09:00:00,0.7163,0.71725,0.71497,0.71561,0,0
2015-05-20,10:00:00,0.71563,0.71699,0.71456,0.71655,0,0
2015-05-20,11:00:00,0.71654,0.71803,0.71461,0.71633,0,0
2015-05-20,12:00:00,0.71634,0.71717,0.7159,0.71593,0,0
2015-05-20,13:00:00,0.71592,0.71629,0.71464,0.71471,0,0
2015-05-20,14:00:00,0.71472,0.71593,0.71472,0.71568,0,0
2015-05-20,15:00:00,0.71568,0.71658,0.71534,0.71565,0,0
2015-05-20,16:00:00,0.71572,0.71594,0.7127,0.71332,0,0
2015-05-20,17:00:00,0.71332,0.71476,0.71309,0.71385,0,0
2015-05-20,18:00:00,0.71387,0.71418,0.71269,0.71289,0,0
2015-05-20,19:00:00,0.7129,0.71387,0.71281,0.71384,0,0
2015-05-20,20:00:00,0.7137,0.71526,0.71368,0.71472,0,0
2015-05-20,21:00:00,0.71475,0.71636,0.71432,0.71498,0,0
2015-05-20,22:00:00,0.71495,0.71567,0.714,0.71478,0,0
2015-05-20,23:00:00,0.7148,0.71485,0.71402,0.71402,0,0
2015-05-20,23:59:00,0.714,0.71447,0.7139,0.71425,0,0
2015-05-21,01:00:00,0.71424,0.71424,0.71374,0.71402,0,0
2015-05-21,02:00:00,0.71403,0.71429,0.71389,0.71429,0,0
2015-05-21,03:00:00,0.7143,0.71529,0.7141,0.71487,0,0
2015-05-21,04:00:00,0.71486,0.71516,0.71454,0.715,0,0
2015-05-21,05:00:00,0.71499,0.71543,0.71495,0.71504,0,0
2015-05-21,06:00:00,0.71504,0.71523,0.71473,0.71502,0,0
2015-05-21,07:00:00,0.71503,0.71549,0.71485,0.71507,0,0
2015-05-21,08:00:00,0.7152,0.71547,0.71489,0.71537,0,0
2015-05-21,09:00:00,0.71537,0.71537,0.7134,0.71515,0,0
2015-05-21,10:00:00,0.71499,0.71668,0.71461,0.71561,0,0
2015-05-21,11:00:00,0.71554,0.71612,0.71204,0.71218,0,0
2015-05-21,12:00:00,0.71219,0.71285,0.71128,0.71131,0,0
2015-05-21,13:00:00,0.71125,0.71286,0.71101,0.71171,0,0
2015-05-21,14:00:00,0.7117,0.71179,0.71017,0.71017,0,0
2015-05-21,15:00:00,0.71019,0.71062,0.70915,0.70988,0,0
2015-05-21,16:00:00,0.70977,0.71065,0.70952,0.70964,0,0
2015-05-21,17:00:00,0.70956,0.71085,0.70918,0.70979,0,0
2015-05-21,18:00:00,0.70987,0.71032,0.7091,0.70988,0,0
2015-05-21,19:00:00,0.70999,0.71053,0.70951,0.71026,0,0
2015-05-21,20:00:00,0.71029,0.71036,0.70941,0.70946,0,0
2015-05-21,21:00:00,0.70944,0.71056,0.70944,0.71029,0,0
2015-05-21,22:00:00,0.71034,0.7104,0.70951,0.70961,0,0
2015-05-21,23:00:00,0.70959,0.70979,0.7094,0.70953,0,0
2015-05-21,23:59:00,0.70946,0.70981,0.70893,0.70927,0,0
2015-05-22,01:00:00,0.70927,0.70948,0.70917,0.70933,0,0
2015-05-22,02:00:00,0.70933,0.70954,0.70921,0.70954,0,0
2015-05-22,03:00:00,0.70953,0.70989,0.70936,0.70959,0,0
2015-05-22,04:00:00,0.70959,0.70995,0.70954,0.70977,0,0
2015-05-22,05:00:00,0.70977,0.71075,0.70975,0.71063,0,0
2015-05-22,06:00:00,0.71063,0.71104,0.71047,0.711,0,0
2015-05-22,07:00:00,0.71099,0.71141,0.71082,0.71094,0,0
2015-05-22,08:00:00,0.71093,0.71136,0.71069,0.71113,0,0
2015-05-22,09:00:00,0.71113,0.71204,0.71113,0.71141,0,0
2015-05-22,10:00:00,0.71146,0.71276,0.71131,0.71202,0,0
2015-05-22,11:00:00,0.71208,0.7138,0.71208,0.7133,0,0
2015-05-22,12:00:00,0.71328,0.71483,0.71249,0.71479,0,0
2015-05-22,13:00:00,0.71475,0.71629,0.7147,0.71503,0,0
2015-05-22,14:00:00,0.71505,0.71605,0.71384,0.71405,0,0
2015-05-22,15:00:00,0.71404,0.71463,0.7121,0.71315,0,0
2015-05-22,16:00:00,0.71306,0.71311,0.70991,0.71113,0,0
2015-05-22,17:00:00,0.71108,0.71147,0.71008,0.71141,0,0
2015-05-22,18:00:00,0.71141,0.71265,0.71094,0.71258,0,0
2015-05-22,19:00:00,0.71259,0.71318,0.71242,0.71283,0,0
2015-05-22,20:00:00,0.71276,0.71279,0.71164,0.71169,0,0
2015-05-22,21:00:00,0.7117,0.71183,0.71109,0.71125,0,0
2015-05-22,22:00:00,0.71126,0.71148,0.71092,0.71128,0,0
2015-05-22,23:00:00,0.71135,0.71151,0.71135,0.71146,0,0
2015-05-25,01:00:00,0.71001,0.71071,0.70993,0.71046,0,0
2015-05-25,02:00:00,0.71054,0.71093,0.70996,0.71037,0,0
2015-05-25,03:00:00,0.71036,0.71055,0.7094,0.70962,0,0
2015-05-25,04:00:00,0.70967,0.70982,0.7094,0.70953,0,0
2015-05-25,05:00:00,0.70953,0.71,0.70947,0.70984,0,0
2015-05-25,06:00:00,0.70986,0.7104,0.70978,0.71003,0,0
2015-05-25,07:00:00,0.71003,0.71008,0.70967,0.70989,0,0
2015-05-25,08:00:00,0.70989,0.71005,0.70947,0.70976,0,0
2015-05-25,09:00:00,0.70976,0.71074,0.70959,0.71003,0,0
2015-05-25,10:00:00,0.71004,0.71017,0.7075,0.7078,0,0
2015-05-25,11:00:00,0.7078,0.70879,0.70732,0.70871,0,0
2015-05-25,12:00:00,0.7087,0.709,0.70828,0.70855,0,0
2015-05-25,13:00:00,0.70852,0.70877,0.70826,0.70857,0,0
2015-05-25,14:00:00,0.70856,0.70952,0.70844,0.70928,0,0
2015-05-25,15:00:00,0.70926,0.71032,0.70923,0.71028,0,0
2015-05-25,16:00:00,0.7103,0.71032,0.70962,0.70963,0,0
2015-05-25,17:00:00,0.70963,0.70984,0.70927,0.70949,0,0
2015-05-25,18:00:00,0.7095,0.70965,0.70929,0.7095,0,0
2015-05-25,19:00:00,0.70945,0.70999,0.70915,0.70997,0,0
2015-05-25,20:00:00,0.7101,0.7101,0.70937,0.70937,0,0
2015-05-25,21:00:00,0.70938,0.70986,0.70936,0.70964,0,0
2015-05-25,22:00:00,0.70961,0.70978,0.70942,0.70973,0,0
2015-05-25,23:00:00,0.70973,0.70987,0.70937,0.70959,0,0
2015-05-25,23:59:00,0.70959,0.70987,0.70942,0.70969,0,0
2015-05-26,01:00:00,0.70969,0.71003,0.70939,0.70949,0,0
2015-05-26,02:00:00,0.70948,0.70958,0.7089,0.709,0,0
2015-05-26,03:00:00,0.70901,0.70914,0.70779,0.7081,0,0
2015-05-26,04:00:00,0.7081,0.70863,0.70765,0.70855,0,0
2015-05-26,05:00:00,0.70855,0.7091,0.70834,0.70871,0,0
2015-05-26,06:00:00,0.70871,0.70873,0.70814,0.70827,0,0
2015-05-26,07:00:00,0.70827,0.70843,0.70773,0.70781,0,0
2015-05-26,08:00:00,0.70781,0.70804,0.70737,0.70759,0,0
2015-05-26,09:00:00,0.70754,0.7081,0.70652,0.70666,0,0
2015-05-26,10:00:00,0.70666,0.70802,0.70652,0.70717,0,0
2015-05-26,11:00:00,0.70718,0.70824,0.7068,0.70698,0,0
2015-05-26,12:00:00,0.70698,0.7086,0.70693,0.70855,0,0
2015-05-26,13:00:00,0.70844,0.70844,0.70723,0.70757,0,0
2015-05-26,14:00:00,0.70764,0.70948,0.70759,0.70929,0,0
2015-05-26,15:00:00,0.70935,0.70988,0.70859,0.70904,0,0
2015-05-26,16:00:00,0.70899,0.70992,0.70851,0.7098,0,0
2015-05-26,17:00:00,0.70989,0.70989,0.708,0.70843,0,0
2015-05-26,18:00:00,0.7084,0.70847,0.70642,0.70642,0,0
2015-05-26,19:00:00,0.70639,0.70749,0.70623,0.70742,0,0
2015-05-26,20:00:00,0.70742,0.70762,0.70609,0.70621,0,0
2015-05-26,21:00:00,0.70621,0.70679,0.70615,0.70666,0,0
2015-05-26,22:00:00,0.70666,0.70711,0.70619,0.70699,0,0
2015-05-26,23:00:00,0.70693,0.70717,0.70666,0.70666,0,0
2015-05-26,23:59:00,0.70672,0.7071,0.70658,0.70689,0,0
2015-05-27,01:00:00,0.70688,0.70741,0.70666,0.70723,0,0
2015-05-27,02:00:00,0.70729,0.70731,0.70689,0.7072,0,0
2015-05-27,03:00:00,0.7072,0.70735,0.70687,0.70694,0,0
2015-05-27,04:00:00,0.7069,0.7069,0.70633,0.70671,0,0
2015-05-27,05:00:00,0.7067,0.70705,0.70663,0.70684,0,0
2015-05-27,06:00:00,0.70684,0.70727,0.70681,0.70697,0,0
2015-05-27,07:00:00,0.70698,0.70727,0.7068,0.70685,0,0
2015-05-27,08:00:00,0.70691,0.70768,0.70686,0.70712,0,0
2015-05-27,09:00:00,0.70698,0.7087,0.70694,0.70848,0,0
2015-05-27,10:00:00,0.70847,0.70856,0.70752,0.70797,0,0
2015-05-27,11:00:00,0.70797,0.70907,0.70758,0.70896,0,0
2015-05-27,12:00:00,0.70892,0.70909,0.70804,0.70844,0,0
2015-05-27,13:00:00,0.70835,0.70847,0.7066,0.70722,0,0
2015-05-27,14:00:00,0.70738,0.70787,0.70649,0.70675,0,0
2015-05-27,15:00:00,0.70671,0.70762,0.70559,0.70612,0,0
2015-05-27,16:00:00,0.70613,0.70882,0.70592,0.70808,0,0
2015-05-27,17:00:00,0.70802,0.71016,0.70776,0.70968,0,0
2015-05-27,18:00:00,0.70962,0.7113,0.70919,0.71049,0,0
2015-05-27,19:00:00,0.71055,0.71056,0.70972,0.71007,0,0
2015-05-27,20:00:00,0.71009,0.71071,0.71001,0.71064,0,0
2015-05-27,21:00:00,0.71063,0.7107,0.70979,0.71002,0,0
2015-05-27,22:00:00,0.71004,0.7106,0.70963,0.7103,0,0
2015-05-27,23:00:00,0.7103,0.71054,0.70998,0.71016,0,0
2015-05-27,23:59:00,0.71016,0.71032,0.70988,0.70998,0,0
2015-05-28,01:00:00,0.70999,0.71046,0.70986,0.71028,0,0
2015-05-28,02:00:00,0.71028,0.71029,0.70993,0.71003,0,0
2015-05-28,03:00:00,0.71003,0.71113,0.70975,0.71073,0,0
2015-05-28,04:00:00,0.71076,0.711,0.71003,0.71035,0,0
2015-05-28,05:00:00,0.71035,0.71076,0.70982,0.70982,0,0
2015-05-28,06:00:00,0.70993,0.71083,0.70983,0.7107,0,0
2015-05-28,07:00:00,0.7107,0.71105,0.71043,0.71087,0,0
2015-05-28,08:00:00,0.71085,0.71096,0.71034,0.71061,0,0
2015-05-28,09:00:00,0.7106,0.71182,0.70999,0.71134,0,0
2015-05-28,10:00:00,0.71134,0.71203,0.71066,0.71189,0,0
2015-05-28,11:00:00,0.71193,0.71392,0.71061,0.71353,0,0
2015-05-28,12:00:00,0.71348,0.71443,0.71297,0.71412,0,0
2015-05-28,13:00:00,0.71412,0.71512,0.71402,0.71474,0,0
2015-05-28,14:00:00,0.71462,0.71523,0.71218,0.71255,0,0
2015-05-28,15:00:00,0.71253,0.71364,0.71224,0.71305,0,0
2015-05-28,16:00:00,0.71302,0.71302,0.71177,0.71254,0,0
2015-05-28,17:00:00,0.71237,0.71417,0.71181,0.71406,0,0
2015-05-28,18:00:00,0.71396,0.71462,0.71347,0.71372,0,0
2015-05-28,19:00:00,0.71376,0.7147,0.71253,0.71431,0,0
2015-05-28,20:00:00,0.71432,0.71504,0.71397,0.71427,0,0
2015-05-28,21:00:00,0.71432,0.71506,0.71402,0.71494,0,0
2015-05-28,22:00:00,0.71493,0.71518,0.71438,0.7149,0,0
2015-05-28,23:00:00,0.71486,0.71524,0.7147,0.71493,0,0
2015-05-28,23:59:00,0.7148,0.71624,0.71473,0.71551,0,0
2015-05-29,01:00:00,0.71543,0.71635,0.71512,0.71596,0,0
2015-05-29,02:00:00,0.7159,0.71592,0.7154,0.71556,0,0
2015-05-29,03:00:00,0.71556,0.7156,0.71517,0.71527,0,0
2015-05-29,04:00:00,0.71528,0.71565,0.71475,0.71485,0,0
2015-05-29,05:00:00,0.71483,0.71496,0.71436,0.71446,0,0
2015-05-29,06:00:00,0.71445,0.71476,0.71443,0.71462,0,0
2015-05-29,07:00:00,0.71458,0.7149,0.71453,0.71454,0,0
2015-05-29,08:00:00,0.71454,0.71456,0.71405,0.71428,0,0
2015-05-29,09:00:00,0.71426,0.71494,0.71402,0.71449,0,0
2015-05-29,10:00:00,0.71462,0.71638,0.71461,0.71637,0,0
2015-05-29,11:00:00,0.71632,0.71721,0.71605,0.71717,0,0
2015-05-29,12:00:00,0.71713,0.71872,0.71658,0.71851,0,0
2015-05-29,13:00:00,0.71853,0.71912,0.71767,0.71858,0,0
2015-05-29,14:00:00,0.71879,0.71999,0.71853,0.71966,0,0
2015-05-29,15:00:00,0.71964,0.71988,0.71806,0.71833,0,0
2015-05-29,16:00:00,0.71833,0.71932,0.71792,0.71904,0,0
2015-05-29,17:00:00,0.71885,0.71947,0.71832,0.71848,0,0
2015-05-29,18:00:00,0.71837,0.71949,0.71794,0.71943,0,0
2015-05-29,19:00:00,0.71934,0.72017,0.71859,0.71859,0,0
2015-05-29,20:00:00,0.71859,0.71907,0.71806,0.71823,0,0
2015-05-29,21:00:00,0.71821,0.71846,0.71794,0.71817,0,0
2015-05-29,22:00:00,0.71816,0.7188,0.71809,0.7185,0,0
2015-05-29,23:00:00,0.71849,0.71849,0.71829,0.71829,0,0
2015-06-01,01:00:00,0.71829,0.71856,0.71726,0.71746,0,0
2015-06-01,02:00:00,0.71746,0.71747,0.71666,0.71684,0,0
2015-06-01,03:00:00,0.7168,0.717,0.71619,0.71646,0,0
2015-06-01,04:00:00,0.71646,0.71663,0.71588,0.71595,0,0
2015-06-01,05:00:00,0.71595,0.71639,0.71593,0.71608,0,0
2015-06-01,06:00:00,0.71609,0.7164,0.71606,0.7162,0,0
2015-06-01,07:00:00,0.7162,0.71666,0.71618,0.71659,0,0
2015-06-01,08:00:00,0.71658,0.71671,0.71606,0.71615,0,0
2015-06-01,09:00:00,0.71619,0.71654,0.71561,0.71621,0,0
2015-06-01,10:00:00,0.71611,0.7168,0.71458,0.71496,0,0
2015-06-01,11:00:00,0.71492,0.71597,0.71476,0.71557,0,0
2015-06-01,12:00:00,0.71563,0.71789,0.71554,0.71739,0,0
2015-06-01,13:00:00,0.71732,0.71855,0.7169,0.71835,0,0
2015-06-01,14:00:00,0.71828,0.71876,0.71705,0.7184,0,0
2015-06-01,15:00:00,0.71831,0.71944,0.71798,0.71817,0,0
2015-06-01,16:00:00,0.71832,0.71915,0.7181,0.71865,0,0
2015-06-01,17:00:00,0.7185,0.7185,0.71623,0.71655,0,0
2015-06-01,18:00:00,0.71656,0.71896,0.71641,0.71858,0,0
2015-06-01,19:00:00,0.71858,0.7194,0.71818,0.71892,0,0
2015-06-01,20:00:00,0.71897,0.7193,0.71846,0.71867,0,0
2015-06-01,21:00:00,0.71868,0.71926,0.71813,0.71913,0,0
2015-06-01,22:00:00,0.71923,0.71963,0.71876,0.71876,0,0
2015-06-01,23:00:00,0.71877,0.71926,0.71852,0.71886,0,0
2015-06-01,23:59:00,0.71886,0.71959,0.71836,0.71856,0,0
2015-06-02,01:00:00,0.71866,0.71898,0.71859,0.71887,0,0
2015-06-02,02:00:00,0.71886,0.71896,0.71837,0.71868,0,0
2015-06-02,03:00:00,0.7187,0.71909,0.71854,0.71893,0,0
2015-06-02,04:00:00,0.71894,0.71894,0.71856,0.71878,0,0
2015-06-02,05:00:00,0.71879,0.71879,0.71851,0.71858,0,0
2015-06-02,06:00:00,0.71858,0.71875,0.71844,0.7187,0,0
2015-06-02,07:00:00,0.7187,0.71921,0.71863,0.71912,0,0
2015-06-02,08:00:00,0.71908,0.71924,0.71854,0.71871,0,0
2015-06-02,09:00:00,0.71872,0.71996,0.71796,0.71985,0,0
2015-06-02,10:00:00,0.71993,0.72264,0.71944,0.72115,0,0
2015-06-02,11:00:00,0.72118,0.72151,0.71961,0.72053,0,0
2015-06-02,12:00:00,0.72053,0.72116,0.71936,0.71951,0,0
2015-06-02,13:00:00,0.71937,0.72369,0.71937,0.72315,0,0
2015-06-02,14:00:00,0.72311,0.72499,0.72311,0.72427,0,0
2015-06-02,15:00:00,0.7243,0.72638,0.72408,0.72625,0,0
2015-06-02,16:00:00,0.72624,0.73019,0.72624,0.72637,0,0
2015-06-02,17:00:00,0.72638,0.72724,0.72589,0.726,0,0
2015-06-02,18:00:00,0.72605,0.72624,0.72529,0.72592,0,0
2015-06-02,19:00:00,0.7259,0.72799,0.72582,0.72799,0,0
2015-06-02,20:00:00,0.72767,0.72817,0.72734,0.72761,0,0
2015-06-02,21:00:00,0.72766,0.72791,0.72713,0.72755,0,0
2015-06-02,22:00:00,0.72766,0.72766,0.72637,0.72659,0,0
2015-06-02,23:00:00,0.72658,0.72704,0.72643,0.72672,0,0
2015-06-02,23:59:00,0.72674,0.72703,0.72666,0.72685,0,0
2015-06-03,01:00:00,0.72682,0.72703,0.72672,0.72684,0,0
2015-06-03,02:00:00,0.72684,0.72715,0.72675,0.72695,0,0
2015-06-03,03:00:00,0.7269,0.72699,0.72633,0.72671,0,0
2015-06-03,04:00:00,0.72668,0.72773,0.72652,0.7275,0,0
2015-06-03,05:00:00,0.7275,0.72751,0.72685,0.72722,0,0
2015-06-03,06:00:00,0.7272,0.7272,0.72674,0.7269,0,0
2015-06-03,07:00:00,0.72692,0.72764,0.7269,0.72723,0,0
2015-06-03,08:00:00,0.72719,0.72819,0.7269,0.7269,0,0
2015-06-03,09:00:00,0.72684,0.72806,0.72623,0.72746,0,0
2015-06-03,10:00:00,0.72738,0.72738,0.72528,0.72542,0,0
2015-06-03,11:00:00,0.72539,0.72985,0.72539,0.72893,0,0
2015-06-03,12:00:00,0.72889,0.72925,0.72763,0.72823,0,0
2015-06-03,13:00:00,0.72813,0.7285,0.72729,0.72769,0,0
2015-06-03,14:00:00,0.72762,0.72787,0.72688,0.72728,0,0
2015-06-03,15:00:00,0.72727,0.72913,0.72638,0.72833,0,0
2015-06-03,16:00:00,0.72833,0.73348,0.72833,0.73276,0,0
2015-06-03,17:00:00,0.7328,0.73549,0.73279,0.73483,0,0
2015-06-03,18:00:00,0.73479,0.73576,0.73366,0.73507,0,0
2015-06-03,19:00:00,0.73517,0.73523,0.73379,0.7342,0,0
2015-06-03,20:00:00,0.73421,0.73491,0.73406,0.7344,0,0
2015-06-03,21:00:00,0.73441,0.73475,0.73428,0.7346,0,0
2015-06-03,22:00:00,0.73469,0.73555,0.73421,0.73533,0,0
2015-06-03,23:00:00,0.73536,0.73536,0.73481,0.73502,0,0
2015-06-03,23:59:00,0.73488,0.73557,0.73475,0.73487,0,0
2015-06-04,01:00:00,0.73487,0.73533,0.7345,0.73504,0,0
2015-06-04,02:00:00,0.73496,0.7353,0.73431,0.73474,0,0
2015-06-04,03:00:00,0.73474,0.73508,0.73445,0.73467,0,0
2015-06-04,04:00:00,0.73467,0.73508,0.73441,0.73476,0,0
2015-06-04,05:00:00,0.73479,0.73502,0.73466,0.73496,0,0
2015-06-04,06:00:00,0.73501,0.73535,0.73498,0.73513,0,0
2015-06-04,07:00:00,0.73513,0.73541,0.73499,0.73523,0,0
2015-06-04,08:00:00,0.73524,0.73529,0.7348,0.73493,0,0
2015-06-04,09:00:00,0.73492,0.73549,0.73367,0.73386,0,0
2015-06-04,10:00:00,0.73391,0.73493,0.73274,0.73433,0,0
2015-06-04,11:00:00,0.73436,0.73852,0.73412,0.73627,0,0
2015-06-04,12:00:00,0.73633,0.73709,0.73511,0.73571,0,0
2015-06-04,13:00:00,0.73559,0.7371,0.7354,0.73606,0,0
2015-06-04,14:00:00,0.73607,0.73683,0.73519,0.73609,0,0
2015-06-04,15:00:00,0.73615,0.73618,0.73327,0.73374,0,0
2015-06-04,16:00:00,0.73375,0.73418,0.73194,0.73352,0,0
2015-06-04,17:00:00,0.73356,0.73448,0.73313,0.73434,0,0
2015-06-04,18:00:00,0.73433,0.73457,0.73312,0.73343,0,0
2015-06-04,19:00:00,0.73346,0.73521,0.73316,0.73389,0,0
2015-06-04,20:00:00,0.73383,0.73409,0.7307,0.73138,0,0
2015-06-04,21:00:00,0.7314,0.73199,0.7309,0.73164,0,0
2015-06-04,22:00:00,0.73152,0.73182,0.73131,0.73155,0,0
2015-06-04,23:00:00,0.73153,0.73207,0.73129,0.73137,0,0
2015-06-04,23:59:00,0.7314,0.73193,0.73064,0.73081,0,0
2015-06-05,01:00:00,0.73082,0.73105,0.72958,0.72964,0,0
2015-06-05,02:00:00,0.72962,0.7297,0.72818,0.72968,0,0
2015-06-05,03:00:00,0.72968,0.73031,0.72936,0.72974,0,0
2015-06-05,04:00:00,0.72975,0.73003,0.72921,0.72994,0,0
2015-06-05,05:00:00,0.72994,0.73023,0.72984,0.73008,0,0
2015-06-05,06:00:00,0.73008,0.7301,0.72957,0.72983,0,0
2015-06-05,07:00:00,0.72983,0.73039,0.72983,0.73015,0,0
2015-06-05,08:00:00,0.73015,0.73075,0.73009,0.73069,0,0
2015-06-05,09:00:00,0.73079,0.73343,0.73079,0.73343,0,0
2015-06-05,10:00:00,0.7334,0.73602,0.7334,0.73589,0,0
2015-06-05,11:00:00,0.7359,0.73598,0.73478,0.7357,0,0
2015-06-05,12:00:00,0.73567,0.73583,0.73455,0.73506,0,0
2015-06-05,13:00:00,0.73512,0.73529,0.73306,0.73344,0,0
2015-06-05,14:00:00,0.73344,0.73374,0.73192,0.73227,0,0
2015-06-05,15:00:00,0.73226,0.73282,0.72711,0.72833,0,0
2015-06-05,16:00:00,0.72827,0.72923,0.72701,0.72768,0,0
2015-06-05,17:00:00,0.72756,0.72941,0.72746,0.72883,0,0
2015-06-05,18:00:00,0.72882,0.72951,0.72753,0.72765,0,0
2015-06-05,19:00:00,0.72761,0.72832,0.72716,0.72826,0,0
2015-06-05,20:00:00,0.72835,0.72871,0.72784,0.72795,0,0
2015-06-05,21:00:00,0.72791,0.72868,0.72766,0.72794,0,0
2015-06-05,22:00:00,0.72799,0.72803,0.72762,0.72765,0,0
2015-06-05,23:00:00,0.72767,0.72772,0.72751,0.72751,0,0
2015-06-08,01:00:00,0.72712,0.72767,0.7271,0.7276,0,0
2015-06-08,02:00:00,0.72757,0.72775,0.72731,0.72739,0,0
2015-06-08,03:00:00,0.72744,0.72757,0.7267,0.7267,0,0
2015-06-08,04:00:00,0.72669,0.72712,0.72659,0.72704,0,0
2015-06-08,05:00:00,0.72701,0.72731,0.72666,0.72726,0,0
2015-06-08,06:00:00,0.72725,0.72751,0.72713,0.72741,0,0
2015-06-08,07:00:00,0.72742,0.72766,0.72703,0.72748,0,0
2015-06-08,08:00:00,0.72749,0.72818,0.72744,0.72799,0,0
2015-06-08,09:00:00,0.72824,0.72973,0.7266,0.72796,0,0
2015-06-08,10:00:00,0.72798,0.73165,0.72798,0.73106,0,0
2015-06-08,11:00:00,0.731,0.73111,0.72923,0.73008,0,0
2015-06-08,12:00:00,0.73015,0.73116,0.72988,0.73066,0,0
2015-06-08,13:00:00,0.73066,0.73107,0.72987,0.73056,0,0
2015-06-08,14:00:00,0.73057,0.7321,0.73044,0.73133,0,0
2015-06-08,15:00:00,0.73137,0.73343,0.73117,0.73209,0,0
2015-06-08,16:00:00,0.73214,0.73355,0.73197,0.73297,0,0
2015-06-08,17:00:00,0.73291,0.73458,0.73235,0.73367,0,0
2015-06-08,18:00:00,0.73366,0.73576,0.73336,0.73503,0,0
2015-06-08,19:00:00,0.73503,0.73519,0.73397,0.73397,0,0
2015-06-08,20:00:00,0.73385,0.7352,0.73371,0.73475,0,0
2015-06-08,21:00:00,0.73471,0.73557,0.73447,0.73533,0,0
2015-06-08,22:00:00,0.73537,0.73594,0.73501,0.7356,0,0
2015-06-08,23:00:00,0.73559,0.73643,0.73536,0.73568,0,0
2015-06-08,23:59:00,0.73559,0.73578,0.73495,0.73518,0,0
2015-06-09,01:00:00,0.73516,0.73566,0.73516,0.73528,0,0
2015-06-09,02:00:00,0.73528,0.73548,0.73507,0.73526,0,0
2015-06-09,03:00:00,0.73523,0.73577,0.73504,0.73546,0,0
2015-06-09,04:00:00,0.73543,0.73772,0.73543,0.7373,0,0
2015-06-09,05:00:00,0.73716,0.73763,0.73707,0.73728,0,0
2015-06-09,06:00:00,0.73727,0.73734,0.73699,0.73712,0,0
2015-06-09,07:00:00,0.73709,0.73718,0.73677,0.73696,0,0
2015-06-09,08:00:00,0.73697,0.738,0.73681,0.73764,0,0
2015-06-09,09:00:00,0.73767,0.73767,0.73562,0.73618,0,0
2015-06-09,10:00:00,0.73625,0.73878,0.73584,0.73875,0,0
2015-06-09,11:00:00,0.7387,0.7389,0.73735,0.73783,0,0
2015-06-09,12:00:00,0.73781,0.73822,0.73708,0.73714,0,0
2015-06-09,13:00:00,0.73712,0.73742,0.73567,0.73663,0,0
2015-06-09,14:00:00,0.73679,0.73717,0.73405,0.73455,0,0
2015-06-09,15:00:00,0.73459,0.73567,0.73311,0.73394,0,0
2015-06-09,16:00:00,0.73398,0.73509,0.73372,0.73471,0,0
2015-06-09,17:00:00,0.73495,0.73569,0.73343,0.7341,0,0
2015-06-09,18:00:00,0.73412,0.73491,0.73329,0.73343,0,0
2015-06-09,19:00:00,0.73342,0.73405,0.73304,0.73326,0,0
2015-06-09,20:00:00,0.73325,0.7338,0.73285,0.73374,0,0
2015-06-09,21:00:00,0.73368,0.734,0.73353,0.73378,0,0
2015-06-09,22:00:00,0.73375,0.73379,0.73283,0.73293,0,0
2015-06-09,23:00:00,0.73299,0.73357,0.73294,0.7334,0,0
2015-06-09,23:59:00,0.73335,0.73339,0.73287,0.7331,0,0
2015-06-10,01:00:00,0.7331,0.73314,0.73286,0.73307,0,0
2015-06-10,02:00:00,0.73303,0.73405,0.73299,0.7339,0,0
2015-06-10,03:00:00,0.73389,0.73446,0.7338,0.73416,0,0
2015-06-10,04:00:00,0.73415,0.73431,0.73358,0.73365,0,0
2015-06-10,05:00:00,0.73366,0.73395,0.73347,0.73362,0,0
2015-06-10,06:00:00,0.73362,0.73395,0.7335,0.73365,0,0
2015-06-10,07:00:00,0.73368,0.73408,0.73237,0.73261,0,0
2015-06-10,08:00:00,0.7326,0.73381,0.73205,0.73277,0,0
2015-06-10,09:00:00,0.73277,0.73357,0.73184,0.73296,0,0
2015-06-10,10:00:00,0.73314,0.73586,0.73314,0.73526,0,0
2015-06-10,11:00:00,0.73522,0.73643,0.73281,0.73315,0,0
2015-06-10,12:00:00,0.73317,0.73337,0.73055,0.73081,0,0
2015-06-10,13:00:00,0.73079,0.73087,0.72949,0.73039,0,0
2015-06-10,14:00:00,0.73043,0.73108,0.72836,0.72878,0,0
2015-06-10,15:00:00,0.72876,0.72948,0.72803,0.72933,0,0
2015-06-10,16:00:00,0.72937,0.73059,0.72869,0.72885,0,0
2015-06-10,17:00:00,0.72874,0.72915,0.7268,0.7273,0,0
2015-06-10,18:00:00,0.72732,0.72959,0.72728,0.72808,0,0
2015-06-10,19:00:00,0.7281,0.72959,0.72809,0.72899,0,0
2015-06-10,20:00:00,0.72895,0.72934,0.72852,0.72925,0,0
2015-06-10,21:00:00,0.72924,0.72951,0.72825,0.72878,0,0
2015-06-10,22:00:00,0.72876,0.72917,0.72862,0.72907,0,0
2015-06-10,23:00:00,0.72918,0.72954,0.72911,0.72918,0,0
2015-06-10,23:59:00,0.72918,0.72992,0.72913,0.72982,0,0
2015-06-11,01:00:00,0.72963,0.73019,0.72925,0.73019,0,0
2015-06-11,02:00:00,0.73019,0.7303,0.72956,0.72967,0,0
2015-06-11,03:00:00,0.72961,0.72982,0.72906,0.72917,0,0
2015-06-11,04:00:00,0.72916,0.72952,0.72845,0.72851,0,0
2015-06-11,05:00:00,0.72852,0.72921,0.72846,0.7292,0,0
2015-06-11,06:00:00,0.72925,0.72934,0.72901,0.72926,0,0
2015-06-11,07:00:00,0.72927,0.72975,0.72904,0.72943,0,0
2015-06-11,08:00:00,0.72943,0.72985,0.72927,0.72964,0,0
2015-06-11,09:00:00,0.7297,0.73151,0.72935,0.73066,0,0
2015-06-11,10:00:00,0.73068,0.73128,0.72888,0.72909,0,0
2015-06-11,11:00:00,0.72906,0.7291,0.72775,0.72851,0,0
2015-06-11,12:00:00,0.72861,0.72887,0.72751,0.72857,0,0
2015-06-11,13:00:00,0.72854,0.72941,0.72814,0.7284,0,0
2015-06-11,14:00:00,0.72844,0.72844,0.72687,0.72713,0,0
2015-06-11,15:00:00,0.72717,0.72762,0.72469,0.72629,0,0
2015-06-11,16:00:00,0.72625,0.72638,0.72451,0.7252,0,0
2015-06-11,17:00:00,0.72513,0.72553,0.72377,0.72509,0,0
2015-06-11,18:00:00,0.72506,0.72608,0.72451,0.72528,0,0
2015-06-11,19:00:00,0.72524,0.7255,0.72482,0.72547,0,0
2015-06-11,20:00:00,0.72544,0.72544,0.72481,0.72488,0,0
2015-06-11,21:00:00,0.72492,0.72591,0.72473,0.72581,0,0
2015-06-11,22:00:00,0.72586,0.72603,0.72538,0.72577,0,0
2015-06-11,23:00:00,0.72573,0.72609,0.7253,0.72549,0,0
2015-06-11,23:59:00,0.7255,0.7257,0.72425,0.72453,0,0
2015-06-12,01:00:00,0.72466,0.72493,0.72447,0.7247,0,0
2015-06-12,02:00:00,0.7247,0.72508,0.72461,0.72481,0,0
2015-06-12,03:00:00,0.72481,0.7253,0.72476,0.72505,0,0
2015-06-12,04:00:00,0.72504,0.72521,0.72464,0.7249,0,0
2015-06-12,05:00:00,0.72491,0.72528,0.72484,0.72526,0,0
2015-06-12,06:00:00,0.72526,0.72574,0.72517,0.72545,0,0
2015-06-12,07:00:00,0.72545,0.72567,0.72404,0.72426,0,0
2015-06-12,08:00:00,0.72426,0.72498,0.72385,0.72467,0,0
2015-06-12,09:00:00,0.72476,0.7248,0.72317,0.72335,0,0
2015-06-12,10:00:00,0.72335,0.72484,0.72335,0.72381,0,0
2015-06-12,11:00:00,0.72376,0.72433,0.72077,0.72129,0,0
2015-06-12,12:00:00,0.7213,0.72183,0.71966,0.7218,0,0
2015-06-12,13:00:00,0.72178,0.72244,0.72115,0.72138,0,0
2015-06-12,14:00:00,0.72144,0.72357,0.72133,0.72352,0,0
2015-06-12,15:00:00,0.7235,0.72501,0.72315,0.7245,0,0
2015-06-12,16:00:00,0.7245,0.72517,0.72412,0.72454,0,0
2015-06-12,17:00:00,0.72453,0.72453,0.7227,0.72378,0,0
2015-06-12,18:00:00,0.72385,0.72426,0.72314,0.72358,0,0
2015-06-12,19:00:00,0.72354,0.72547,0.72336,0.72476,0,0
2015-06-12,20:00:00,0.72479,0.72497,0.72432,0.72468,0,0
2015-06-12,21:00:00,0.72467,0.72508,0.72386,0.72395,0,0
2015-06-12,22:00:00,0.72396,0.72409,0.72324,0.72326,0,0
2015-06-12,23:00:00,0.72325,0.72325,0.72322,0.72324,0,0
2015-06-15,01:00:00,0.72085,0.72138,0.72079,0.72128,0,0
2015-06-15,02:00:00,0.72129,0.72145,0.72087,0.72111,0,0
2015-06-15,03:00:00,0.7211,0.7217,0.72092,0.72166,0,0
2015-06-15,04:00:00,0.72168,0.72185,0.72066,0.72079,0,0
2015-06-15,05:00:00,0.72084,0.72133,0.72077,0.72131,0,0
2015-06-15,06:00:00,0.72131,0.72175,0.72121,0.72169,0,0
2015-06-15,07:00:00,0.72171,0.72196,0.7215,0.72175,0,0
2015-06-15,08:00:00,0.72176,0.72186,0.7206,0.72073,0,0
2015-06-15,09:00:00,0.7207,0.72281,0.72038,0.72255,0,0
2015-06-15,10:00:00,0.72248,0.72379,0.72248,0.72339,0,0
2015-06-15,11:00:00,0.72334,0.72476,0.72323,0.72406,0,0
2015-06-15,12:00:00,0.72392,0.7244,0.72311,0.72333,0,0
2015-06-15,13:00:00,0.72334,0.72471,0.72291,0.72379,0,0
2015-06-15,14:00:00,0.7238,0.72418,0.72306,0.72333,0,0
2015-06-15,15:00:00,0.72333,0.72398,0.72261,0.72279,0,0
2015-06-15,16:00:00,0.7228,0.72371,0.72214,0.72353,0,0
2015-06-15,17:00:00,0.72349,0.72419,0.72344,0.72398,0,0
2015-06-15,18:00:00,0.72402,0.72402,0.72269,0.72332,0,0
2015-06-15,19:00:00,0.72355,0.72437,0.72302,0.7241,0,0
2015-06-15,20:00:00,0.72402,0.72417,0.72225,0.72281,0,0
2015-06-15,21:00:00,0.72272,0.72338,0.7227,0.72299,0,0
2015-06-15,22:00:00,0.72299,0.72349,0.72276,0.7231,0,0
2015-06-15,23:00:00,0.72316,0.72339,0.72297,0.72329,0,0
2015-06-15,23:59:00,0.72323,0.72334,0.72295,0.72334,0,0
2015-06-16,01:00:00,0.72334,0.72334,0.72285,0.7229,0,0
2015-06-16,02:00:00,0.7229,0.72308,0.72281,0.72285,0,0
2015-06-16,03:00:00,0.72286,0.7231,0.7228,0.72299,0,0
2015-06-16,04:00:00,0.72298,0.72304,0.72193,0.72237,0,0
2015-06-16,05:00:00,0.72238,0.72249,0.722,0.72219,0,0
2015-06-16,06:00:00,0.72216,0.72248,0.72195,0.72245,0,0
2015-06-16,07:00:00,0.72246,0.72271,0.72236,0.72264,0,0
2015-06-16,08:00:00,0.72267,0.72269,0.72209,0.72266,0,0
2015-06-16,09:00:00,0.72267,0.72473,0.72213,0.72428,0,0
2015-06-16,10:00:00,0.72429,0.72504,0.72346,0.7241,0,0
2015-06-16,11:00:00,0.72402,0.72465,0.72304,0.72426,0,0
2015-06-16,12:00:00,0.72421,0.72421,0.72251,0.72261,0,0
2015-06-16,13:00:00,0.72263,0.72272,0.72152,0.72189,0,0
2015-06-16,14:00:00,0.72193,0.7221,0.71883,0.71892,0,0
2015-06-16,15:00:00,0.71889,0.71931,0.71761,0.71925,0,0
2015-06-16,16:00:00,0.7192,0.71973,0.71867,0.71917,0,0
2015-06-16,17:00:00,0.71918,0.71943,0.71762,0.71897,0,0
2015-06-16,18:00:00,0.71902,0.71966,0.71858,0.71861,0,0
2015-06-16,19:00:00,0.71866,0.71891,0.71798,0.71891,0,0
2015-06-16,20:00:00,0.71897,0.71897,0.7184,0.71853,0,0
2015-06-16,21:00:00,0.71848,0.71862,0.71795,0.71826,0,0
2015-06-16,22:00:00,0.71825,0.71875,0.71823,0.71862,0,0
2015-06-16,23:00:00,0.71863,0.719,0.71838,0.71876,0,0
2015-06-16,23:59:00,0.7188,0.71899,0.71847,0.7186,0,0
2015-06-17,01:00:00,0.71862,0.71885,0.71848,0.71884,0,0
2015-06-17,02:00:00,0.71892,0.71892,0.71867,0.71881,0,0
2015-06-17,03:00:00,0.7188,0.71898,0.71862,0.71898,0,0
2015-06-17,04:00:00,0.71898,0.71975,0.71898,0.71962,0,0
2015-06-17,05:00:00,0.71961,0.71961,0.71923,0.71949,0,0
2015-06-17,06:00:00,0.71949,0.72008,0.71942,0.71997,0,0
2015-06-17,07:00:00,0.71997,0.72005,0.71968,0.7198,0,0
2015-06-17,08:00:00,0.71988,0.71989,0.71928,0.7193,0,0
2015-06-17,09:00:00,0.71934,0.72018,0.719,0.71964,0,0
2015-06-17,10:00:00,0.71967,0.72113,0.71967,0.72088,0,0
2015-06-17,11:00:00,0.72085,0.72134,0.71592,0.7163,0,0
2015-06-17,12:00:00,0.71625,0.71685,0.71563,0.71569,0,0
2015-06-17,13:00:00,0.71571,0.71627,0.71472,0.71472,0,0
2015-06-17,14:00:00,0.71481,0.71648,0.71466,0.71634,0,0
2015-06-17,15:00:00,0.71644,0.7172,0.7155,0.71562,0,0
2015-06-17,16:00:00,0.71566,0.71689,0.71558,0.71613,0,0
2015-06-17,17:00:00,0.7161,0.71635,0.71494,0.71507,0,0
2015-06-17,18:00:00,0.71502,0.71636,0.71488,0.7159,0,0
2015-06-17,19:00:00,0.71594,0.71668,0.71546,0.71655,0,0
2015-06-17,20:00:00,0.71655,0.71684,0.71544,0.71572,0,0
2015-06-17,21:00:00,0.71573,0.71662,0.71447,0.71598,0,0
2015-06-17,22:00:00,0.71598,0.71679,0.71575,0.71626,0,0
2015-06-17,23:00:00,0.71622,0.7166,0.71583,0.71603,0,0
2015-06-17,23:59:00,0.71603,0.71641,0.71586,0.71632,0,0
2015-06-18,01:00:00,0.71634,0.71657,0.71579,0.71649,0,0
2015-06-18,02:00:00,0.71649,0.7175,0.71625,0.71702,0,0
2015-06-18,03:00:00,0.71702,0.71769,0.71675,0.71738,0,0
2015-06-18,04:00:00,0.71742,0.71745,0.71675,0.71687,0,0
2015-06-18,05:00:00,0.71687,0.71709,0.71654,0.71693,0,0
2015-06-18,06:00:00,0.71697,0.71743,0.71692,0.71729,0,0
2015-06-18,07:00:00,0.7173,0.71804,0.71729,0.71786,0,0
2015-06-18,08:00:00,0.71789,0.71814,0.71732,0.71777,0,0
2015-06-18,09:00:00,0.71781,0.71828,0.71709,0.71733,0,0
2015-06-18,10:00:00,0.71735,0.71737,0.71553,0.71611,0,0
2015-06-18,11:00:00,0.71631,0.71775,0.71561,0.71639,0,0
2015-06-18,12:00:00,0.71637,0.71738,0.71583,0.71729,0,0
2015-06-18,13:00:00,0.71729,0.71743,0.71551,0.71663,0,0
2015-06-18,14:00:00,0.71668,0.71685,0.71592,0.71655,0,0
2015-06-18,15:00:00,0.71662,0.71765,0.716,0.7163,0,0
2015-06-18,16:00:00,0.71637,0.71758,0.71615,0.7173,0,0
2015-06-18,17:00:00,0.71732,0.71836,0.71668,0.71806,0,0
2015-06-18,18:00:00,0.71797,0.71845,0.71773,0.71806,0,0
2015-06-18,19:00:00,0.71807,0.72009,0.71542,0.71679,0,0
2015-06-18,20:00:00,0.71673,0.71727,0.71621,0.71654,0,0
2015-06-18,21:00:00,0.71654,0.71711,0.7162,0.71637,0,0
2015-06-18,22:00:00,0.71629,0.71637,0.71539,0.71607,0,0
2015-06-18,23:00:00,0.71605,0.71606,0.71536,0.71536,0,0
2015-06-18,23:59:00,0.71522,0.7161,0.71522,0.71593,0,0
2015-06-19,01:00:00,0.71593,0.71744,0.71573,0.71618,0,0
2015-06-19,02:00:00,0.71619,0.71635,0.71599,0.71614,0,0
2015-06-19,03:00:00,0.71614,0.71626,0.71587,0.71622,0,0
2015-06-19,04:00:00,0.7162,0.71638,0.71602,0.71616,0,0
2015-06-19,05:00:00,0.71613,0.71626,0.71586,0.71586,0,0
2015-06-19,06:00:00,0.71587,0.716,0.71573,0.71582,0,0
2015-06-19,07:00:00,0.71582,0.71583,0.71508,0.71508,0,0
2015-06-19,08:00:00,0.71507,0.71533,0.71474,0.71509,0,0
2015-06-19,09:00:00,0.71505,0.71528,0.71435,0.71501,0,0
2015-06-19,10:00:00,0.71505,0.71513,0.7131,0.71379,0,0
2015-06-19,11:00:00,0.71382,0.71419,0.71255,0.71361,0,0
2015-06-19,12:00:00,0.71364,0.7142,0.71331,0.7137,0,0
2015-06-19,13:00:00,0.71366,0.71376,0.71273,0.71319,0,0
2015-06-19,14:00:00,0.71321,0.71416,0.71305,0.71359,0,0
2015-06-19,15:00:00,0.71358,0.71394,0.71293,0.71309,0,0
2015-06-19,16:00:00,0.7131,0.7141,0.71254,0.71401,0,0
2015-06-19,17:00:00,0.71397,0.71455,0.71313,0.71333,0,0
2015-06-19,18:00:00,0.7133,0.71424,0.71301,0.71386,0,0
2015-06-19,19:00:00,0.71385,0.71477,0.71383,0.71441,0,0
2015-06-19,20:00:00,0.71462,0.71552,0.71449,0.71526,0,0
2015-06-19,21:00:00,0.71526,0.71563,0.71479,0.71488,0,0
2015-06-19,22:00:00,0.71489,0.7153,0.71469,0.71484,0,0
2015-06-19,23:00:00,0.71484,0.71484,0.71463,0.71468,0,0
2015-06-22,01:00:00,0.71624,0.71625,0.71546,0.71571,0,0
2015-06-22,02:00:00,0.71568,0.71612,0.71555,0.7158,0,0
2015-06-22,03:00:00,0.7158,0.71622,0.71565,0.71602,0,0
2015-06-22,04:00:00,0.71607,0.71652,0.71593,0.71613,0,0
2015-06-22,05:00:00,0.71616,0.71627,0.71592,0.71596,0,0
2015-06-22,06:00:00,0.71595,0.71636,0.71595,0.71627,0,0
2015-06-22,07:00:00,0.71625,0.71686,0.7162,0.7167,0,0
2015-06-22,08:00:00,0.71671,0.71697,0.71625,0.71693,0,0
2015-06-22,09:00:00,0.71694,0.71698,0.71594,0.71633,0,0
2015-06-22,10:00:00,0.71633,0.71634,0.71406,0.71419,0,0
2015-06-22,11:00:00,0.71418,0.71484,0.71353,0.71453,0,0
2015-06-22,12:00:00,0.71461,0.71657,0.71453,0.71648,0,0
2015-06-22,13:00:00,0.71648,0.71713,0.71612,0.71706,0,0
2015-06-22,14:00:00,0.71705,0.71801,0.71674,0.71698,0,0
2015-06-22,15:00:00,0.71691,0.71827,0.71675,0.71775,0,0
2015-06-22,16:00:00,0.71774,0.71858,0.71715,0.71806,0,0
2015-06-22,17:00:00,0.71809,0.72079,0.71694,0.72053,0,0
2015-06-22,18:00:00,0.72053,0.72108,0.71917,0.71923,0,0
2015-06-22,19:00:00,0.71924,0.71924,0.71739,0.71771,0,0
2015-06-22,20:00:00,0.71783,0.71804,0.71697,0.71697,0,0
2015-06-22,21:00:00,0.71698,0.71749,0.71622,0.71622,0,0
2015-06-22,22:00:00,0.7162,0.71677,0.71579,0.71666,0,0
2015-06-22,23:00:00,0.71665,0.71692,0.7164,0.71663,0,0
2015-06-22,23:59:00,0.71666,0.71693,0.7162,0.71662,0,0
2015-06-23,01:00:00,0.71663,0.7169,0.71648,0.71673,0,0
2015-06-23,02:00:00,0.71674,0.71695,0.71663,0.71689,0,0
2015-06-23,03:00:00,0.71684,0.71694,0.71662,0.71665,0,0
2015-06-23,04:00:00,0.71666,0.71786,0.71621,0.71707,0,0
2015-06-23,05:00:00,0.71707,0.71754,0.71397,0.7141,0,0
2015-06-23,06:00:00,0.71406,0.71471,0.71391,0.71433,0,0
2015-06-23,07:00:00,0.71427,0.7147,0.71418,0.71466,0,0
2015-06-23,08:00:00,0.71466,0.71486,0.71404,0.71474,0,0
2015-06-23,09:00:00,0.71476,0.71479,0.71228,0.71271,0,0
2015-06-23,10:00:00,0.71273,0.71379,0.71234,0.71354,0,0
2015-06-23,11:00:00,0.71354,0.71387,0.71182,0.71182,0,0
2015-06-23,12:00:00,0.7117,0.71216,0.71083,0.71111,0,0
2015-06-23,13:00:00,0.71107,0.71168,0.71084,0.71108,0,0
2015-06-23,14:00:00,0.71114,0.71134,0.7099,0.71022,0,0
2015-06-23,15:00:00,0.71018,0.71028,0.70865,0.70933,0,0
2015-06-23,16:00:00,0.70934,0.70971,0.7081,0.70873,0,0
2015-06-23,17:00:00,0.70869,0.71148,0.70839,0.71111,0,0
2015-06-23,18:00:00,0.71111,0.71111,0.71022,0.71046,0,0
2015-06-23,19:00:00,0.71044,0.71095,0.70995,0.71073,0,0
2015-06-23,20:00:00,0.71072,0.71099,0.71014,0.71042,0,0
2015-06-23,21:00:00,0.71042,0.71087,0.7102,0.71062,0,0
2015-06-23,22:00:00,0.71062,0.71099,0.70941,0.7097,0,0
2015-06-23,23:00:00,0.70982,0.71063,0.70982,0.71002,0,0
2015-06-23,23:59:00,0.70997,0.71009,0.70933,0.71006,0,0
2015-06-24,01:00:00,0.71002,0.71026,0.70975,0.71022,0,0
2015-06-24,02:00:00,0.71021,0.71021,0.70978,0.71003,0,0
2015-06-24,03:00:00,0.71004,0.71031,0.70936,0.70945,0,0
2015-06-24,04:00:00,0.70942,0.71018,0.7092,0.70979,0,0
2015-06-24,05:00:00,0.70981,0.71057,0.70978,0.71055,0,0
2015-06-24,06:00:00,0.71055,0.7106,0.71035,0.71054,0,0
2015-06-24,07:00:00,0.71055,0.71074,0.70972,0.70996,0,0
2015-06-24,08:00:00,0.70996,0.71134,0.70983,0.71088,0,0
2015-06-24,09:00:00,0.71086,0.71124,0.70868,0.70868,0,0
2015-06-24,10:00:00,0.70871,0.7111,0.70852,0.71101,0,0
2015-06-24,11:00:00,0.71104,0.71115,0.70991,0.71051,0,0
2015-06-24,12:00:00,0.71038,0.71133,0.70943,0.71074,0,0
2015-06-24,13:00:00,0.71068,0.71094,0.70966,0.71092,0,0
2015-06-24,14:00:00,0.71097,0.71183,0.71024,0.71171,0,0
2015-06-24,15:00:00,0.71168,0.71232,0.71051,0.71066,0,0
2015-06-24,16:00:00,0.71067,0.71089,0.70965,0.71048,0,0
2015-06-24,17:00:00,0.71052,0.71167,0.7104,0.71167,0,0
2015-06-24,18:00:00,0.71154,0.71346,0.71128,0.71281,0,0
2015-06-24,19:00:00,0.71287,0.71363,0.71259,0.71316,0,0
2015-06-24,20:00:00,0.71315,0.71444,0.7129,0.71395,0,0
2015-06-24,21:00:00,0.71394,0.71418,0.71347,0.71369,0,0
2015-06-24,22:00:00,0.71377,0.71414,0.71328,0.71331,0,0
2015-06-24,23:00:00,0.71327,0.71375,0.7132,0.71348,0,0
2015-06-24,23:59:00,0.71344,0.71379,0.71313,0.71337,0,0
2015-06-25,01:00:00,0.71338,0.71355,0.71305,0.71339,0,0
2015-06-25,02:00:00,0.71339,0.71354,0.71308,0.71354,0,0
2015-06-25,03:00:00,0.71352,0.71389,0.71342,0.71375,0,0
2015-06-25,04:00:00,0.71376,0.71395,0.71369,0.71385,0,0
2015-06-25,05:00:00,0.71386,0.71439,0.71374,0.71439,0,0
2015-06-25,06:00:00,0.71439,0.71483,0.71431,0.71436,0,0
2015-06-25,07:00:00,0.71437,0.71464,0.71398,0.7141,0,0
2015-06-25,08:00:00,0.71409,0.7143,0.71368,0.7142,0,0
2015-06-25,09:00:00,0.71409,0.71469,0.71266,0.71303,0,0
2015-06-25,10:00:00,0.71303,0.71385,0.71297,0.71331,0,0
2015-06-25,11:00:00,0.71334,0.71382,0.71273,0.71283,0,0
2015-06-25,12:00:00,0.71285,0.71338,0.71118,0.71192,0,0
2015-06-25,13:00:00,0.71189,0.71377,0.71181,0.7127,0,0
2015-06-25,14:00:00,0.71274,0.71352,0.71205,0.71225,0,0
2015-06-25,15:00:00,0.7122,0.71284,0.71155,0.71158,0,0
2015-06-25,16:00:00,0.71154,0.71205,0.71008,0.711,0,0
2015-06-25,17:00:00,0.71093,0.71196,0.71012,0.71179,0,0
2015-06-25,18:00:00,0.71175,0.71211,0.71104,0.71184,0,0
2015-06-25,19:00:00,0.71183,0.71226,0.71175,0.71207,0,0
2015-06-25,20:00:00,0.71208,0.71218,0.71151,0.71167,0,0
2015-06-25,21:00:00,0.71166,0.71208,0.71156,0.71196,0,0
2015-06-25,22:00:00,0.71199,0.71224,0.7117,0.71198,0,0
2015-06-25,23:00:00,0.71202,0.71204,0.71148,0.71155,0,0
2015-06-25,23:59:00,0.71146,0.71167,0.71122,0.71152,0,0
2015-06-26,01:00:00,0.71156,0.71166,0.71123,0.71125,0,0
2015-06-26,02:00:00,0.71126,0.71166,0.71125,0.71151,0,0
2015-06-26,03:00:00,0.71153,0.71157,0.71068,0.71088,0,0
2015-06-26,04:00:00,0.71086,0.71105,0.71047,0.71086,0,0
2015-06-26,05:00:00,0.71086,0.71086,0.71015,0.71054,0,0
2015-06-26,06:00:00,0.71056,0.7106,0.71022,0.71035,0,0
2015-06-26,07:00:00,0.7104,0.71097,0.71036,0.71086,0,0
2015-06-26,08:00:00,0.71086,0.7111,0.71057,0.7109,0,0
2015-06-26,09:00:00,0.71088,0.71179,0.71065,0.71145,0,0
2015-06-26,10:00:00,0.71151,0.71219,0.71111,0.71134,0,0
2015-06-26,11:00:00,0.71128,0.71232,0.71101,0.71132,0,0
2015-06-26,12:00:00,0.71134,0.71213,0.71104,0.71106,0,0
2015-06-26,13:00:00,0.71106,0.71222,0.71106,0.71167,0,0
2015-06-26,14:00:00,0.7117,0.71265,0.71153,0.71204,0,0
2015-06-26,15:00:00,0.7121,0.71246,0.71075,0.71107,0,0
2015-06-26,16:00:00,0.71107,0.71107,0.70992,0.71009,0,0
2015-06-26,17:00:00,0.71009,0.71116,0.70807,0.70812,0,0
2015-06-26,18:00:00,0.7081,0.70898,0.70749,0.70882,0,0
2015-06-26,19:00:00,0.70881,0.70899,0.70799,0.70898,0,0
2015-06-26,20:00:00,0.70892,0.70947,0.70858,0.70907,0,0
2015-06-26,21:00:00,0.70907,0.70984,0.70907,0.7093,0,0
2015-06-26,22:00:00,0.70933,0.70989,0.70933,0.70947,0,0
2015-06-26,23:00:00,0.70948,0.70964,0.70948,0.7096,0,0
2015-06-29,01:00:00,0.70018,0.70164,0.69853,0.69961,0,0
2015-06-29,02:00:00,0.69961,0.70027,0.69898,0.69948,0,0
2015-06-29,03:00:00,0.69951,0.70226,0.69938,0.70154,0,0
2015-06-29,04:00:00,0.70154,0.70171,0.70012,0.70076,0,0
2015-06-29,05:00:00,0.70071,0.70133,0.70057,0.70078,0,0
2015-06-29,06:00:00,0.70077,0.70118,0.7005,0.70081,0,0
2015-06-29,07:00:00,0.70081,0.70107,0.70056,0.70098,0,0
2015-06-29,08:00:00,0.70104,0.70205,0.69934,0.70086,0,0
2015-06-29,09:00:00,0.70084,0.70689,0.70084,0.70655,0,0
2015-06-29,10:00:00,0.7065,0.7067,0.70396,0.70522,0,0
2015-06-29,11:00:00,0.70518,0.70821,0.70463,0.70805,0,0
2015-06-29,12:00:00,0.70805,0.70805,0.7057,0.70684,0,0
2015-06-29,13:00:00,0.70684,0.70936,0.70623,0.70877,0,0
2015-06-29,14:00:00,0.70882,0.70892,0.70667,0.70759,0,0
2015-06-29,15:00:00,0.70756,0.70868,0.70667,0.70702,0,0
2015-06-29,16:00:00,0.70706,0.70768,0.70607,0.70723,0,0
2015-06-29,17:00:00,0.70736,0.70949,0.70725,0.70813,0,0
2015-06-29,18:00:00,0.70826,0.70966,0.70804,0.70928,0,0
2015-06-29,19:00:00,0.70926,0.71331,0.70867,0.71237,0,0
2015-06-29,20:00:00,0.71241,0.71662,0.71183,0.71379,0,0
2015-06-29,21:00:00,0.71381,0.71584,0.71361,0.71507,0,0
2015-06-29,22:00:00,0.71496,0.71502,0.71393,0.71465,0,0
2015-06-29,23:00:00,0.71474,0.71521,0.71392,0.71392,0,0
2015-06-29,23:59:00,0.71394,0.71441,0.71381,0.71386,0,0
2015-06-30,01:00:00,0.71382,0.71404,0.7129,0.71303,0,0
2015-06-30,02:00:00,0.71306,0.71358,0.71282,0.71334,0,0
2015-06-30,03:00:00,0.71334,0.71334,0.71182,0.71197,0,0
2015-06-30,04:00:00,0.71198,0.71223,0.71152,0.71161,0,0
2015-06-30,05:00:00,0.71163,0.71207,0.71107,0.7112,0,0
2015-06-30,06:00:00,0.71123,0.71187,0.71123,0.7118,0,0
2015-06-30,07:00:00,0.71152,0.7118,0.71135,0.71163,0,0
2015-06-30,08:00:00,0.71164,0.71218,0.71124,0.71129,0,0
2015-06-30,09:00:00,0.71138,0.71195,0.71048,0.71106,0,0
2015-06-30,10:00:00,0.71105,0.71214,0.71066,0.71105,0,0
2015-06-30,11:00:00,0.71105,0.71107,0.70827,0.70875,0,0
2015-06-30,12:00:00,0.7088,0.71132,0.7084,0.71118,0,0
2015-06-30,13:00:00,0.71121,0.71263,0.71089,0.7115,0,0
2015-06-30,14:00:00,0.7116,0.71191,0.71089,0.7109,0,0
2015-06-30,15:00:00,0.71088,0.71219,0.71088,0.71162,0,0
2015-06-30,16:00:00,0.71162,0.71269,0.71043,0.71101,0,0
2015-06-30,17:00:00,0.7109,0.7112,0.70836,0.70836,0,0
2015-06-30,18:00:00,0.70836,0.70934,0.7076,0.70921,0,0
2015-06-30,19:00:00,0.70918,0.70966,0.70862,0.70924,0,0
2015-06-30,20:00:00,0.70924,0.70927,0.70798,0.70858,0,0
2015-06-30,21:00:00,0.70846,0.70878,0.70785,0.70838,0,0
2015-06-30,22:00:00,0.70843,0.70965,0.70829,0.70958,0,0
2015-06-30,23:00:00,0.70952,0.70955,0.70851,0.70915,0,0
2015-06-30,23:59:00,0.70974,0.70985,0.70881,0.70918,0,0
2015-07-01,01:00:00,0.70919,0.7099,0.70908,0.70968,0,0
2015-07-01,02:00:00,0.70968,0.70991,0.70928,0.70979,0,0
2015-07-01,03:00:00,0.70979,0.71016,0.70899,0.70927,0,0
2015-07-01,04:00:00,0.70935,0.70983,0.70921,0.7098,0,0
2015-07-01,05:00:00,0.70979,0.70983,0.70921,0.70949,0,0
2015-07-01,06:00:00,0.70954,0.70984,0.70942,0.70964,0,0
2015-07-01,07:00:00,0.70964,0.70964,0.70921,0.70942,0,0
2015-07-01,08:00:00,0.70939,0.7096,0.7089,0.709,0,0
2015-07-01,09:00:00,0.70903,0.70922,0.70808,0.70862,0,0
2015-07-01,10:00:00,0.70853,0.70902,0.70678,0.70735,0,0
2015-07-01,11:00:00,0.70722,0.71185,0.70637,0.71165,0,0
2015-07-01,12:00:00,0.71168,0.7128,0.71021,0.71036,0,0
2015-07-01,13:00:00,0.71034,0.71085,0.70922,0.70949,0,0
2015-07-01,14:00:00,0.70947,0.70991,0.70896,0.70923,0,0
2015-07-01,15:00:00,0.70925,0.70984,0.70831,0.70911,0,0
2015-07-01,16:00:00,0.70909,0.70955,0.70781,0.70826,0,0
2015-07-01,17:00:00,0.70829,0.7106,0.70779,0.7106,0,0
2015-07-01,18:00:00,0.71065,0.71065,0.70906,0.70973,0,0
2015-07-01,19:00:00,0.70973,0.71,0.70909,0.70912,0,0
2015-07-01,20:00:00,0.70919,0.70932,0.70848,0.70904,0,0
2015-07-01,21:00:00,0.70914,0.70917,0.70812,0.70814,0,0
2015-07-01,22:00:00,0.70812,0.70824,0.70764,0.70764,0,0
2015-07-01,23:00:00,0.70766,0.70806,0.70749,0.7077,0,0
2015-07-01,23:59:00,0.70772,0.70803,0.70767,0.70783,0,0
2015-07-02,01:00:00,0.70783,0.708,0.70739,0.7076,0,0
2015-07-02,02:00:00,0.70757,0.70765,0.70709,0.70735,0,0
2015-07-02,03:00:00,0.70733,0.70784,0.70727,0.70773,0,0
2015-07-02,04:00:00,0.70769,0.70842,0.70762,0.7083,0,0
2015-07-02,05:00:00,0.7083,0.70953,0.70812,0.70917,0,0
2015-07-02,06:00:00,0.70917,0.70936,0.709,0.70911,0,0
2015-07-02,07:00:00,0.70911,0.70928,0.70892,0.70906,0,0
2015-07-02,08:00:00,0.70914,0.70929,0.70877,0.70907,0,0
2015-07-02,09:00:00,0.70914,0.71044,0.70856,0.70981,0,0
2015-07-02,10:00:00,0.7099,0.71002,0.70888,0.70939,0,0
2015-07-02,11:00:00,0.70943,0.71006,0.70869,0.70986,0,0
2015-07-02,12:00:00,0.70987,0.70996,0.70922,0.70957,0,0
2015-07-02,13:00:00,0.70954,0.71021,0.70903,0.70993,0,0
2015-07-02,14:00:00,0.70992,0.71108,0.70965,0.71067,0,0
2015-07-02,15:00:00,0.71068,0.71129,0.70976,0.71057,0,0
2015-07-02,16:00:00,0.71058,0.71096,0.70959,0.70999,0,0
2015-07-02,17:00:00,0.71002,0.71151,0.70987,0.71151,0,0
2015-07-02,18:00:00,0.71166,0.71189,0.71027,0.71027,0,0
2015-07-02,19:00:00,0.7103,0.71081,0.71027,0.71081,0,0
2015-07-02,20:00:00,0.71082,0.71095,0.71017,0.71039,0,0
2015-07-02,21:00:00,0.71041,0.71059,0.7101,0.71059,0,0
2015-07-02,22:00:00,0.71059,0.71084,0.71027,0.71049,0,0
2015-07-02,23:00:00,0.71035,0.71043,0.70999,0.71013,0,0
2015-07-02,23:59:00,0.71018,0.7104,0.70989,0.71038,0,0
2015-07-03,01:00:00,0.71036,0.71061,0.70998,0.71048,0,0
2015-07-03,02:00:00,0.71049,0.71049,0.71018,0.71021,0,0
2015-07-03,03:00:00,0.71023,0.71065,0.71004,0.71012,0,0
2015-07-03,04:00:00,0.71014,0.71048,0.71006,0.71039,0,0
2015-07-03,05:00:00,0.71038,0.71073,0.71031,0.71052,0,0
2015-07-03,06:00:00,0.71052,0.71079,0.71049,0.71055,0,0
2015-07-03,07:00:00,0.71056,0.71091,0.7105,0.71067,0,0
2015-07-03,08:00:00,0.71076,0.71093,0.7104,0.71044,0,0
2015-07-03,09:00:00,0.71045,0.71114,0.71024,0.71072,0,0
2015-07-03,10:00:00,0.71077,0.71143,0.71055,0.71132,0,0
2015-07-03,11:00:00,0.71126,0.71184,0.71051,0.71066,0,0
2015-07-03,12:00:00,0.71078,0.71125,0.71056,0.71085,0,0
2015-07-03,13:00:00,0.71092,0.71097,0.71026,0.71047,0,0
2015-07-03,14:00:00,0.71049,0.71056,0.70986,0.71007,0,0
2015-07-03,15:00:00,0.71008,0.71045,0.70969,0.71011,0,0
2015-07-03,16:00:00,0.71013,0.71136,0.71007,0.71101,0,0
2015-07-03,17:00:00,0.71107,0.71157,0.71064,0.71141,0,0
2015-07-03,18:00:00,0.71143,0.71325,0.71127,0.71253,0,0
2015-07-03,19:00:00,0.71254,0.71324,0.71062,0.71066,0,0
2015-07-03,20:00:00,0.71055,0.71289,0.71055,0.7123,0,0
2015-07-03,21:00:00,0.71227,0.71249,0.71181,0.71184,0,0
2015-07-03,22:00:00,0.7119,0.71289,0.71174,0.71264,0,0
2015-07-03,23:00:00,0.71264,0.71264,0.71258,0.71259,0,0
2015-07-06,01:00:00,0.70746,0.70914,0.70644,0.70824,0,0
2015-07-06,02:00:00,0.70823,0.70905,0.70686,0.70704,0,0
2015-07-06,03:00:00,0.70704,0.7088,0.70689,0.70861,0,0
2015-07-06,04:00:00,0.70859,0.71019,0.70859,0.70967,0,0
2015-07-06,05:00:00,0.70965,0.71013,0.70921,0.70987,0,0
2015-07-06,06:00:00,0.70983,0.70985,0.70911,0.70942,0,0
2015-07-06,07:00:00,0.70947,0.7098,0.70873,0.70898,0,0
2015-07-06,08:00:00,0.70898,0.71104,0.70787,0.71001,0,0
2015-07-06,09:00:00,0.71009,0.71105,0.70876,0.71083,0,0
2015-07-06,10:00:00,0.7108,0.71214,0.71052,0.71176,0,0
2015-07-06,11:00:00,0.71166,0.71219,0.71068,0.71086,0,0
2015-07-06,12:00:00,0.71091,0.71125,0.70974,0.70986,0,0
2015-07-06,13:00:00,0.70986,0.71021,0.70884,0.70904,0,0
2015-07-06,14:00:00,0.70908,0.70943,0.70796,0.708,0,0
2015-07-06,15:00:00,0.70805,0.70958,0.70768,0.70943,0,0
2015-07-06,16:00:00,0.70942,0.70975,0.70889,0.70943,0,0
2015-07-06,17:00:00,0.70968,0.71073,0.70897,0.70981,0,0
2015-07-06,18:00:00,0.70987,0.71004,0.70897,0.70908,0,0
2015-07-06,19:00:00,0.70907,0.70979,0.70883,0.70896,0,0
2015-07-06,20:00:00,0.70898,0.70963,0.70846,0.70896,0,0
2015-07-06,21:00:00,0.70891,0.70891,0.70744,0.70794,0,0
2015-07-06,22:00:00,0.70795,0.70844,0.70795,0.70836,0,0
2015-07-06,23:00:00,0.70845,0.70876,0.70823,0.70849,0,0
2015-07-06,23:59:00,0.70849,0.70866,0.70832,0.70855,0,0
2015-07-07,01:00:00,0.7085,0.7087,0.70838,0.70847,0,0
2015-07-07,02:00:00,0.70847,0.70854,0.70817,0.70825,0,0
2015-07-07,03:00:00,0.70823,0.70864,0.70774,0.70837,0,0
2015-07-07,04:00:00,0.70837,0.70846,0.70769,0.70794,0,0
2015-07-07,05:00:00,0.70793,0.70815,0.70769,0.70769,0,0
2015-07-07,06:00:00,0.7077,0.70779,0.70739,0.70769,0,0
2015-07-07,07:00:00,0.7077,0.7078,0.7074,0.70761,0,0
2015-07-07,08:00:00,0.70762,0.70779,0.70744,0.70756,0,0
2015-07-07,09:00:00,0.70755,0.70884,0.70718,0.70835,0,0
2015-07-07,10:00:00,0.7083,0.70903,0.70781,0.70806,0,0
2015-07-07,11:00:00,0.70802,0.70814,0.70631,0.70709,0,0
2015-07-07,12:00:00,0.70717,0.7092,0.7067,0.70895,0,0
2015-07-07,13:00:00,0.70894,0.71067,0.70854,0.71063,0,0
2015-07-07,14:00:00,0.71055,0.71074,0.70901,0.70938,0,0
2015-07-07,15:00:00,0.70936,0.70946,0.70713,0.70818,0,0
2015-07-07,16:00:00,0.70817,0.70956,0.70781,0.7093,0,0
2015-07-07,17:00:00,0.70919,0.70953,0.70834,0.7091,0,0
2015-07-07,18:00:00,0.70928,0.71018,0.70863,0.70899,0,0
2015-07-07,19:00:00,0.70898,0.71053,0.70898,0.70913,0,0
2015-07-07,20:00:00,0.70919,0.71037,0.70918,0.70992,0,0
2015-07-07,21:00:00,0.70999,0.71077,0.7097,0.71072,0,0
2015-07-07,22:00:00,0.71077,0.71385,0.71061,0.71239,0,0
2015-07-07,23:00:00,0.71244,0.71272,0.7113,0.71213,0,0
2015-07-07,23:59:00,0.71219,0.71219,0.71093,0.71146,0,0
2015-07-08,01:00:00,0.71151,0.71183,0.71103,0.71182,0,0
2015-07-08,02:00:00,0.71182,0.71229,0.7116,0.71195,0,0
2015-07-08,03:00:00,0.71194,0.71203,0.71141,0.71167,0,0
2015-07-08,04:00:00,0.71165,0.71213,0.71121,0.71188,0,0
2015-07-08,05:00:00,0.71183,0.71218,0.71155,0.71169,0,0
2015-07-08,06:00:00,0.71169,0.71256,0.71164,0.7121,0,0
2015-07-08,07:00:00,0.7121,0.71332,0.7121,0.71307,0,0
2015-07-08,08:00:00,0.71307,0.7134,0.71192,0.71199,0,0
2015-07-08,09:00:00,0.71215,0.71408,0.71187,0.7139,0,0
2015-07-08,10:00:00,0.7139,0.71668,0.71376,0.7159,0,0
2015-07-08,11:00:00,0.71603,0.71688,0.71506,0.71673,0,0
2015-07-08,12:00:00,0.71677,0.71782,0.71645,0.71672,0,0
2015-07-08,13:00:00,0.7167,0.71897,0.71627,0.71673,0,0
2015-07-08,14:00:00,0.71679,0.71735,0.71609,0.717,0,0
2015-07-08,15:00:00,0.71692,0.71854,0.71671,0.71814,0,0
2015-07-08,16:00:00,0.71817,0.72018,0.71753,0.71851,0,0
2015-07-08,17:00:00,0.71849,0.72081,0.7178,0.72081,0,0
2015-07-08,18:00:00,0.72067,0.72239,0.72049,0.72117,0,0
2015-07-08,19:00:00,0.72114,0.722,0.72038,0.72047,0,0
2015-07-08,20:00:00,0.72053,0.7209,0.72007,0.72031,0,0
2015-07-08,21:00:00,0.72034,0.72087,0.71993,0.72036,0,0
2015-07-08,22:00:00,0.72033,0.72074,0.72013,0.72064,0,0
2015-07-08,23:00:00,0.72071,0.72115,0.72046,0.72109,0,0
2015-07-08,23:59:00,0.721,0.72119,0.72062,0.72072,0,0
2015-07-09,01:00:00,0.7207,0.72081,0.72022,0.72056,0,0
2015-07-09,02:00:00,0.72056,0.72074,0.72017,0.72046,0,0
2015-07-09,03:00:00,0.72046,0.72098,0.72011,0.72021,0,0
2015-07-09,04:00:00,0.7202,0.72097,0.72014,0.72069,0,0
2015-07-09,05:00:00,0.72064,0.72078,0.7197,0.72006,0,0
2015-07-09,06:00:00,0.72007,0.72064,0.71978,0.72049,0,0
2015-07-09,07:00:00,0.72048,0.72062,0.71996,0.72007,0,0
2015-07-09,08:00:00,0.72007,0.72227,0.7199,0.72065,0,0
2015-07-09,09:00:00,0.72063,0.72165,0.7199,0.72073,0,0
2015-07-09,10:00:00,0.72064,0.72098,0.71723,0.71739,0,0
2015-07-09,11:00:00,0.71733,0.71786,0.71687,0.71779,0,0
2015-07-09,12:00:00,0.71778,0.71801,0.71632,0.7168,0,0
2015-07-09,13:00:00,0.71676,0.71817,0.71658,0.71752,0,0
2015-07-09,14:00:00,0.71778,0.71879,0.71763,0.71813,0,0
2015-07-09,15:00:00,0.71813,0.71825,0.71691,0.71729,0,0
2015-07-09,16:00:00,0.71727,0.71865,0.7169,0.71809,0,0
2015-07-09,17:00:00,0.71815,0.7184,0.71657,0.71788,0,0
2015-07-09,18:00:00,0.71784,0.71808,0.71652,0.71707,0,0
2015-07-09,19:00:00,0.71702,0.71745,0.7166,0.7167,0,0
2015-07-09,20:00:00,0.71661,0.71737,0.71614,0.71672,0,0
2015-07-09,21:00:00,0.71666,0.71731,0.71645,0.71689,0,0
2015-07-09,22:00:00,0.71687,0.71753,0.71641,0.71695,0,0
2015-07-09,23:00:00,0.7169,0.71776,0.71682,0.71752,0,0
2015-07-09,23:59:00,0.71756,0.71827,0.71723,0.71825,0,0
2015-07-10,01:00:00,0.71833,0.72076,0.71827,0.72007,0,0
2015-07-10,02:00:00,0.72007,0.72017,0.71919,0.7196,0,0
2015-07-10,03:00:00,0.7196,0.72054,0.71927,0.72038,0,0
2015-07-10,04:00:00,0.72035,0.72085,0.72005,0.72046,0,0
2015-07-10,05:00:00,0.72048,0.72094,0.72034,0.7209,0,0
2015-07-10,06:00:00,0.72091,0.72101,0.72023,0.72075,0,0
2015-07-10,07:00:00,0.72074,0.72102,0.72044,0.72057,0,0
2015-07-10,08:00:00,0.72057,0.72232,0.72046,0.72134,0,0
2015-07-10,09:00:00,0.7214,0.72241,0.72009,0.72022,0,0
2015-07-10,10:00:00,0.72036,0.72093,0.71913,0.71952,0,0
2015-07-10,11:00:00,0.71948,0.71994,0.71866,0.71903,0,0
2015-07-10,12:00:00,0.71907,0.72141,0.71871,0.72067,0,0
2015-07-10,13:00:00,0.72079,0.7215,0.72042,0.72105,0,0
2015-07-10,14:00:00,0.72106,0.72155,0.71959,0.72079,0,0
2015-07-10,15:00:00,0.7208,0.72168,0.72006,0.72129,0,0
2015-07-10,16:00:00,0.72131,0.72188,0.72013,0.72056,0,0
2015-07-10,17:00:00,0.72061,0.72098,0.7199,0.72039,0,0
2015-07-10,18:00:00,0.72044,0.72069,0.71927,0.71934,0,0
2015-07-10,19:00:00,0.71923,0.72051,0.71873,0.71884,0,0
2015-07-10,20:00:00,0.7188,0.71968,0.7185,0.71864,0,0
2015-07-10,21:00:00,0.71873,0.71877,0.71769,0.71779,0,0
2015-07-10,22:00:00,0.71778,0.71851,0.71748,0.71845,0,0
2015-07-10,23:00:00,0.71838,0.71859,0.71838,0.71847,0,0
2015-07-13,01:00:00,0.71757,0.71852,0.71723,0.71737,0,0
2015-07-13,02:00:00,0.71737,0.7182,0.71719,0.71739,0,0
2015-07-13,03:00:00,0.71742,0.71854,0.7174,0.71804,0,0
2015-07-13,04:00:00,0.71804,0.71811,0.71694,0.71779,0,0
2015-07-13,05:00:00,0.71778,0.71837,0.71757,0.7176,0,0
2015-07-13,06:00:00,0.7176,0.71851,0.71685,0.71827,0,0
2015-07-13,07:00:00,0.71827,0.71875,0.71821,0.71841,0,0
2015-07-13,08:00:00,0.71841,0.7188,0.71812,0.71812,0,0
2015-07-13,09:00:00,0.71816,0.7202,0.71736,0.71954,0,0
2015-07-13,10:00:00,0.71954,0.71954,0.71491,0.7154,0,0
2015-07-13,11:00:00,0.7153,0.7153,0.71237,0.71268,0,0
2015-07-13,12:00:00,0.71245,0.71358,0.7107,0.71144,0,0
2015-07-13,13:00:00,0.7115,0.71163,0.71073,0.71131,0,0
2015-07-13,14:00:00,0.71126,0.71245,0.71126,0.71227,0,0
2015-07-13,15:00:00,0.71228,0.71253,0.71096,0.71215,0,0
2015-07-13,16:00:00,0.71214,0.71214,0.71053,0.71102,0,0
2015-07-13,17:00:00,0.71121,0.71135,0.70885,0.70897,0,0
2015-07-13,18:00:00,0.70912,0.71067,0.70877,0.71018,0,0
2015-07-13,19:00:00,0.71018,0.71128,0.7099,0.71053,0,0
2015-07-13,20:00:00,0.7105,0.71106,0.71,0.71062,0,0
2015-07-13,21:00:00,0.71056,0.71106,0.71019,0.71026,0,0
2015-07-13,22:00:00,0.71027,0.71086,0.71004,0.71004,0,0
2015-07-13,23:00:00,0.71006,0.71087,0.71006,0.71038,0,0
2015-07-13,23:59:00,0.71041,0.71073,0.7101,0.71054,0,0
2015-07-14,01:00:00,0.71058,0.7108,0.71042,0.71066,0,0
2015-07-14,02:00:00,0.71066,0.71071,0.70937,0.70954,0,0
2015-07-14,03:00:00,0.70961,0.70993,0.70922,0.70988,0,0
2015-07-14,04:00:00,0.70987,0.71044,0.70977,0.7104,0,0
2015-07-14,05:00:00,0.71039,0.71085,0.7102,0.71064,0,0
2015-07-14,06:00:00,0.71063,0.71094,0.71038,0.71087,0,0
2015-07-14,07:00:00,0.71087,0.71087,0.71045,0.7107,0,0
2015-07-14,08:00:00,0.71067,0.71142,0.7104,0.71041,0,0
2015-07-14,09:00:00,0.7104,0.71121,0.70927,0.71001,0,0
2015-07-14,10:00:00,0.71,0.71141,0.70971,0.71093,0,0
2015-07-14,11:00:00,0.71094,0.71375,0.71094,0.7131,0,0
2015-07-14,12:00:00,0.71302,0.71319,0.7075,0.70809,0,0
2015-07-14,13:00:00,0.70816,0.70882,0.70696,0.70758,0,0
2015-07-14,14:00:00,0.70776,0.70832,0.70718,0.70798,0,0
2015-07-14,15:00:00,0.70797,0.70934,0.70797,0.70838,0,0
2015-07-14,16:00:00,0.70841,0.70931,0.7079,0.70833,0,0
2015-07-14,17:00:00,0.70836,0.70868,0.70635,0.70648,0,0
2015-07-14,18:00:00,0.70642,0.70723,0.70635,0.70687,0,0
2015-07-14,19:00:00,0.70686,0.70686,0.70617,0.70649,0,0
2015-07-14,20:00:00,0.70649,0.70663,0.70411,0.70411,0,0
2015-07-14,21:00:00,0.704,0.70467,0.70379,0.70429,0,0
2015-07-14,22:00:00,0.70424,0.70453,0.70373,0.70383,0,0
2015-07-14,23:00:00,0.70383,0.70418,0.70369,0.70401,0,0
2015-07-14,23:59:00,0.70407,0.70421,0.70392,0.70417,0,0
2015-07-15,01:00:00,0.70417,0.70453,0.70399,0.7044,0,0
2015-07-15,02:00:00,0.7044,0.70446,0.70394,0.70398,0,0
2015-07-15,03:00:00,0.70398,0.70398,0.70277,0.70287,0,0
2015-07-15,04:00:00,0.70286,0.70334,0.70258,0.70317,0,0
2015-07-15,05:00:00,0.70326,0.70339,0.70281,0.70297,0,0
2015-07-15,06:00:00,0.70298,0.70369,0.70279,0.70345,0,0
2015-07-15,07:00:00,0.70345,0.7035,0.70306,0.70323,0,0
2015-07-15,08:00:00,0.70321,0.70332,0.70254,0.70279,0,0
2015-07-15,09:00:00,0.70283,0.70441,0.70231,0.70239,0,0
2015-07-15,10:00:00,0.7023,0.70396,0.70217,0.7036,0,0
2015-07-15,11:00:00,0.70364,0.70684,0.70359,0.70502,0,0
2015-07-15,12:00:00,0.70504,0.70669,0.70462,0.70568,0,0
2015-07-15,13:00:00,0.70568,0.70584,0.70455,0.70491,0,0
2015-07-15,14:00:00,0.70491,0.70565,0.70385,0.70441,0,0
2015-07-15,15:00:00,0.7044,0.70477,0.70271,0.70313,0,0
2015-07-15,16:00:00,0.70315,0.70346,0.70243,0.70304,0,0
2015-07-15,17:00:00,0.70302,0.70348,0.70177,0.70179,0,0
2015-07-15,18:00:00,0.70179,0.70209,0.70134,0.70187,0,0
2015-07-15,19:00:00,0.7019,0.70228,0.69999,0.70052,0,0
2015-07-15,20:00:00,0.70056,0.70061,0.69928,0.69977,0,0
2015-07-15,21:00:00,0.69977,0.7006,0.69964,0.70044,0,0
2015-07-15,22:00:00,0.70045,0.70061,0.70006,0.70031,0,0
2015-07-15,23:00:00,0.70028,0.70043,0.69976,0.70016,0,0
2015-07-15,23:59:00,0.70011,0.70049,0.69991,0.70014,0,0
2015-07-16,01:00:00,0.70012,0.70083,0.69975,0.70081,0,0
2015-07-16,02:00:00,0.70085,0.70108,0.69975,0.69991,0,0
2015-07-16,03:00:00,0.69994,0.70009,0.69938,0.69963,0,0
2015-07-16,04:00:00,0.69964,0.69981,0.69897,0.69912,0,0
2015-07-16,05:00:00,0.69912,0.69953,0.69908,0.69952,0,0
2015-07-16,06:00:00,0.69953,0.69993,0.69944,0.69973,0,0
2015-07-16,07:00:00,0.69972,0.70002,0.69941,0.69961,0,0
2015-07-16,08:00:00,0.69964,0.69996,0.69898,0.69947,0,0
2015-07-16,09:00:00,0.6995,0.70016,0.69918,0.69954,0,0
2015-07-16,10:00:00,0.69946,0.69998,0.69699,0.69784,0,0
2015-07-16,11:00:00,0.69783,0.69904,0.6978,0.69833,0,0
2015-07-16,12:00:00,0.69822,0.69863,0.69752,0.69829,0,0
2015-07-16,13:00:00,0.6983,0.69838,0.6969,0.69729,0,0
2015-07-16,14:00:00,0.69729,0.69923,0.6971,0.69851,0,0
2015-07-16,15:00:00,0.69847,0.69902,0.69642,0.69651,0,0
2015-07-16,16:00:00,0.6965,0.6993,0.69632,0.69915,0,0
2015-07-16,17:00:00,0.69901,0.69973,0.69882,0.69954,0,0
2015-07-16,18:00:00,0.69962,0.69962,0.69831,0.6986,0,0
2015-07-16,19:00:00,0.69855,0.69861,0.69657,0.69682,0,0
2015-07-16,20:00:00,0.69681,0.69759,0.69648,0.69704,0,0
2015-07-16,21:00:00,0.69703,0.69715,0.6962,0.69675,0,0
2015-07-16,22:00:00,0.69669,0.69694,0.69661,0.69683,0,0
2015-07-16,23:00:00,0.69682,0.69699,0.69656,0.69665,0,0
2015-07-16,23:59:00,0.69665,0.69702,0.69665,0.69694,0,0
2015-07-17,01:00:00,0.69694,0.69719,0.69661,0.69705,0,0
2015-07-17,02:00:00,0.69709,0.6974,0.69695,0.69715,0,0
2015-07-17,03:00:00,0.6971,0.6973,0.69692,0.69718,0,0
2015-07-17,04:00:00,0.69717,0.69756,0.69702,0.69734,0,0
2015-07-17,05:00:00,0.69733,0.69739,0.69649,0.69697,0,0
2015-07-17,06:00:00,0.69697,0.69745,0.69696,0.6974,0,0
2015-07-17,07:00:00,0.6974,0.69747,0.69692,0.69692,0,0
2015-07-17,08:00:00,0.69692,0.69712,0.69587,0.6962,0,0
2015-07-17,09:00:00,0.69624,0.6964,0.69444,0.69493,0,0
2015-07-17,10:00:00,0.6949,0.69636,0.69462,0.69507,0,0
2015-07-17,11:00:00,0.69515,0.69649,0.69494,0.696,0,0
2015-07-17,12:00:00,0.69604,0.69702,0.69554,0.69645,0,0
2015-07-17,13:00:00,0.69638,0.69734,0.69607,0.69734,0,0
2015-07-17,14:00:00,0.69745,0.69793,0.69685,0.69793,0,0
2015-07-17,15:00:00,0.69793,0.69895,0.69727,0.6973,0,0
2015-07-17,16:00:00,0.69726,0.69766,0.6969,0.69705,0,0
2015-07-17,17:00:00,0.69712,0.69732,0.69372,0.69435,0,0
2015-07-17,18:00:00,0.69438,0.69476,0.69394,0.69439,0,0
2015-07-17,19:00:00,0.69435,0.69472,0.69364,0.69472,0,0
2015-07-17,20:00:00,0.69473,0.69528,0.69439,0.69509,0,0
2015-07-17,21:00:00,0.69509,0.69531,0.69478,0.69478,0,0
2015-07-17,22:00:00,0.69481,0.6951,0.69475,0.6949,0,0
2015-07-17,23:00:00,0.69489,0.69491,0.69488,0.6949,0,0
2015-07-20,01:00:00,0.69421,0.6947,0.6942,0.69453,0,0
2015-07-20,02:00:00,0.69448,0.69453,0.69397,0.69407,0,0
2015-07-20,03:00:00,0.69407,0.69428,0.6938,0.69409,0,0
2015-07-20,04:00:00,0.69409,0.69451,0.69393,0.69424,0,0
2015-07-20,05:00:00,0.69415,0.69456,0.69399,0.69451,0,0
2015-07-20,06:00:00,0.6945,0.69452,0.69403,0.6941,0,0
2015-07-20,07:00:00,0.6941,0.69459,0.69409,0.6944,0,0
2015-07-20,08:00:00,0.69439,0.69451,0.69409,0.69436,0,0
2015-07-20,09:00:00,0.69441,0.69511,0.69405,0.69415,0,0
2015-07-20,10:00:00,0.69423,0.69621,0.69416,0.69615,0,0
2015-07-20,11:00:00,0.6961,0.69689,0.69592,0.69662,0,0
2015-07-20,12:00:00,0.69685,0.69747,0.69647,0.69667,0,0
2015-07-20,13:00:00,0.69645,0.69697,0.69541,0.69652,0,0
2015-07-20,14:00:00,0.69658,0.69772,0.69587,0.69736,0,0
2015-07-20,15:00:00,0.69729,0.69765,0.69638,0.69681,0,0
2015-07-20,16:00:00,0.69707,0.69738,0.69561,0.69663,0,0
2015-07-20,17:00:00,0.69661,0.69761,0.69654,0.69687,0,0
2015-07-20,18:00:00,0.69673,0.69712,0.69577,0.69603,0,0
2015-07-20,19:00:00,0.69612,0.69651,0.69589,0.69589,0,0
2015-07-20,20:00:00,0.69583,0.69632,0.69575,0.69579,0,0
2015-07-20,21:00:00,0.69581,0.69585,0.69543,0.69554,0,0
2015-07-20,22:00:00,0.69551,0.69633,0.69548,0.69595,0,0
2015-07-20,23:00:00,0.69596,0.696,0.69497,0.69553,0,0
2015-07-20,23:59:00,0.69558,0.69573,0.695,0.6955,0,0
