Date,Time,Open,High,Low,Close,Volume,OpenInt
2015-04-22,01:00:00,128.52,128.527,128.396,128.483,0,0
2015-04-22,02:00:00,128.483,128.571,128.457,128.499,0,0
2015-04-22,03:00:00,128.503,128.503,128.308,128.313,0,0
2015-04-22,04:00:00,128.317,128.403,128.283,128.308,0,0
2015-04-22,05:00:00,128.31,128.454,128.293,128.385,0,0
2015-04-22,06:00:00,128.385,128.393,128.297,128.321,0,0
2015-04-22,07:00:00,128.321,128.371,128.305,128.356,0,0
2015-04-22,08:00:00,128.355,128.45,128.237,128.407,0,0
2015-04-22,09:00:00,128.399,128.747,128.263,128.682,0,0
2015-04-22,10:00:00,128.682,128.754,128.56,128.578,0,0
2015-04-22,11:00:00,128.576,128.951,128.448,128.731,0,0
2015-04-22,12:00:00,128.731,128.953,128.708,128.827,0,0
2015-04-22,13:00:00,128.823,128.899,128.544,128.641,0,0
2015-04-22,14:00:00,128.605,128.768,128.572,128.595,0,0
2015-04-22,15:00:00,128.59,128.657,128.205,128.348,0,0
2015-04-22,16:00:00,128.356,128.655,128.199,128.642,0,0
2015-04-22,17:00:00,128.668,128.681,128.461,128.512,0,0
2015-04-22,18:00:00,128.501,128.681,128.477,128.624,0,0
2015-04-22,19:00:00,128.625,128.649,128.486,128.613,0,0
2015-04-22,20:00:00,128.608,128.714,128.58,128.628,0,0
2015-04-22,21:00:00,128.629,128.738,128.626,128.708,0,0
2015-04-22,22:00:00,128.698,128.798,128.599,128.635,0,0
2015-04-22,23:00:00,128.638,128.648,128.561,128.607,0,0
2015-04-22,23:59:00,128.609,128.666,128.562,128.588,0,0
2015-04-23,01:00:00,128.588,128.671,128.559,128.629,0,0
2015-04-23,02:00:00,128.629,128.694,128.607,128.64,0,0
2015-04-23,03:00:00,128.638,128.677,128.49,128.515,0,0
2015-04-23,04:00:00,128.514,128.533,128.344,128.437,0,0
2015-04-23,05:00:00,128.432,128.451,128.317,128.356,0,0
2015-04-23,06:00:00,128.344,128.44,128.305,128.407,0,0
2015-04-23,07:00:00,128.406,128.445,128.138,128.169,0,0
2015-04-23,08:00:00,128.162,128.366,128.162,128.33,0,0
2015-04-23,09:00:00,128.328,128.372,128.056,128.094,0,0
2015-04-23,10:00:00,128.085,128.14,127.883,128.113,0,0
2015-04-23,11:00:00,128.118,128.762,128.082,128.706,0,0
2015-04-23,12:00:00,128.718,129.061,128.673,129.042,0,0
2015-04-23,13:00:00,129.036,129.098,128.824,128.846,0,0
2015-04-23,14:00:00,128.83,129.295,128.808,129.239,0,0
2015-04-23,15:00:00,129.266,129.411,129.006,129.144,0,0
2015-04-23,16:00:00,129.139,129.309,128.855,129.012,0,0
2015-04-23,17:00:00,128.999,129.516,128.931,129.258,0,0
2015-04-23,18:00:00,129.264,129.426,129.179,129.304,0,0
2015-04-23,19:00:00,129.306,129.614,129.28,129.58,0,0
2015-04-23,20:00:00,129.577,129.678,129.435,129.46,0,0
2015-04-23,21:00:00,129.467,129.626,129.338,129.338,0,0
2015-04-23,22:00:00,129.364,129.426,129.33,129.375,0,0
2015-04-23,23:00:00,129.38,129.471,129.358,129.438,0,0
2015-04-23,23:59:00,129.445,129.457,129.378,129.42,0,0
2015-04-24,01:00:00,129.419,129.466,129.381,129.401,0,0
2015-04-24,02:00:00,129.394,129.445,129.31,129.319,0,0
2015-04-24,03:00:00,129.309,129.392,129.198,129.38,0,0
2015-04-24,04:00:00,129.378,129.406,129.202,129.241,0,0
2015-04-24,05:00:00,129.246,129.261,129.063,129.065,0,0
2015-04-24,06:00:00,129.073,129.077,128.963,129.032,0,0
2015-04-24,07:00:00,129.024,129.125,129.006,129.124,0,0
2015-04-24,08:00:00,129.128,129.262,129.109,129.229,0,0
2015-04-24,09:00:00,129.234,129.691,129.085,129.601,0,0
2015-04-24,10:00:00,129.601,129.914,129.53,129.782,0,0
2015-04-24,11:00:00,129.782,130.106,129.737,130.065,0,0
2015-04-24,12:00:00,130.064,130.1,129.743,129.756,0,0
2015-04-24,13:00:00,129.76,129.76,129.205,129.28,0,0
2015-04-24,14:00:00,129.274,129.523,129.264,129.454,0,0
2015-04-24,15:00:00,129.457,129.716,129.275,129.348,0,0
2015-04-24,16:00:00,129.339,129.488,128.869,128.907,0,0
2015-04-24,17:00:00,128.916,129.337,128.839,129.278,0,0
2015-04-24,18:00:00,129.273,129.409,129.156,129.404,0,0
2015-04-24,19:00:00,129.39,129.442,129.192,129.192,0,0
2015-04-24,20:00:00,129.199,129.276,129.103,129.175,0,0
2015-04-24,21:00:00,129.179,129.22,129.119,129.19,0,0
2015-04-24,22:00:00,129.198,129.229,129.121,129.186,0,0
2015-04-24,23:00:00,129.181,129.192,129.169,129.169,0,0
2015-04-27,01:00:00,129.202,129.251,129.132,129.172,0,0
2015-04-27,02:00:00,129.171,129.297,129.144,129.222,0,0
2015-04-27,03:00:00,129.221,129.303,129.174,129.254,0,0
2015-04-27,04:00:00,129.252,129.311,129.19,129.193,0,0
2015-04-27,05:00:00,129.19,129.225,129.121,129.16,0,0
2015-04-27,06:00:00,129.161,129.174,129.016,129.097,0,0
2015-04-27,07:00:00,129.099,129.259,129.083,129.241,0,0
2015-04-27,08:00:00,129.241,129.391,129.206,129.34,0,0
2015-04-27,09:00:00,129.339,129.526,129.24,129.355,0,0
2015-04-27,10:00:00,129.377,129.629,129.27,129.411,0,0
2015-04-27,11:00:00,129.409,129.444,129.073,129.141,0,0
2015-04-27,12:00:00,129.141,129.333,129.071,129.205,0,0
2015-04-27,13:00:00,129.208,129.383,129.057,129.382,0,0
2015-04-27,14:00:00,129.395,129.447,129.211,129.397,0,0
2015-04-27,15:00:00,129.383,129.445,129.219,129.427,0,0
2015-04-27,16:00:00,129.444,129.62,129.362,129.598,0,0
2015-04-27,17:00:00,129.589,129.771,129.49,129.656,0,0
2015-04-27,18:00:00,129.653,129.895,129.653,129.748,0,0
2015-04-27,19:00:00,129.747,129.982,129.694,129.709,0,0
2015-04-27,20:00:00,129.719,129.749,129.487,129.522,0,0
2015-04-27,21:00:00,129.533,129.665,129.496,129.573,0,0
2015-04-27,22:00:00,129.574,129.708,129.563,129.692,0,0
2015-04-27,23:00:00,129.691,129.691,129.582,129.658,0,0
2015-04-27,23:59:00,129.65,129.675,129.559,129.628,0,0
2015-04-28,01:00:00,129.635,129.647,129.479,129.547,0,0
2015-04-28,02:00:00,129.537,129.617,129.511,129.579,0,0
2015-04-28,03:00:00,129.58,129.623,129.463,129.607,0,0
2015-04-28,04:00:00,129.607,129.647,129.476,129.567,0,0
2015-04-28,05:00:00,129.561,129.603,129.504,129.504,0,0
2015-04-28,06:00:00,129.504,129.601,129.494,129.551,0,0
2015-04-28,07:00:00,129.556,129.594,129.499,129.502,0,0
2015-04-28,08:00:00,129.502,129.643,129.468,129.588,0,0
2015-04-28,09:00:00,129.591,129.712,129.427,129.476,0,0
2015-04-28,10:00:00,129.477,129.676,129.365,129.528,0,0
2015-04-28,11:00:00,129.515,129.818,129.374,129.789,0,0
2015-04-28,12:00:00,129.794,129.924,129.732,129.846,0,0
2015-04-28,13:00:00,129.847,130.093,129.791,130.07,0,0
2015-04-28,14:00:00,130.065,130.195,129.994,130.178,0,0
2015-04-28,15:00:00,130.17,130.259,129.994,130.075,0,0
2015-04-28,16:00:00,130.065,130.34,130.013,130.26,0,0
2015-04-28,17:00:00,130.308,130.488,130.169,130.487,0,0
2015-04-28,18:00:00,130.494,130.614,130.302,130.436,0,0
2015-04-28,19:00:00,130.433,130.484,130.299,130.457,0,0
2015-04-28,20:00:00,130.457,130.671,130.444,130.633,0,0
2015-04-28,21:00:00,130.628,130.674,130.456,130.487,0,0
2015-04-28,22:00:00,130.498,130.508,130.336,130.446,0,0
2015-04-28,23:00:00,130.448,130.573,130.414,130.54,0,0
2015-04-28,23:59:00,130.527,130.534,130.413,130.45,0,0
2015-04-29,01:00:00,130.449,130.501,130.413,130.432,0,0
2015-04-29,02:00:00,130.433,130.433,130.33,130.336,0,0
2015-04-29,03:00:00,130.339,130.429,130.325,130.426,0,0
2015-04-29,04:00:00,130.43,130.43,130.331,130.405,0,0
2015-04-29,05:00:00,130.406,130.413,130.339,130.356,0,0
2015-04-29,06:00:00,130.351,130.423,130.343,130.383,0,0
2015-04-29,07:00:00,130.384,130.387,130.269,130.302,0,0
2015-04-29,08:00:00,130.307,130.376,130.297,130.347,0,0
2015-04-29,09:00:00,130.346,130.631,130.291,130.551,0,0
2015-04-29,10:00:00,130.539,130.795,130.429,130.79,0,0
2015-04-29,11:00:00,130.79,131.221,130.79,131.174,0,0
2015-04-29,12:00:00,131.186,131.324,131.116,131.323,0,0
2015-04-29,13:00:00,131.324,131.349,131.184,131.187,0,0
2015-04-29,14:00:00,131.195,131.251,131.095,131.159,0,0
2015-04-29,15:00:00,131.149,131.647,131.145,131.435,0,0
2015-04-29,16:00:00,131.473,131.848,131.342,131.794,0,0
2015-04-29,17:00:00,131.792,132.602,131.7,132.587,0,0
2015-04-29,18:00:00,132.599,132.878,132.411,132.742,0,0
2015-04-29,19:00:00,132.764,132.879,132.288,132.304,0,0
2015-04-29,20:00:00,132.297,132.562,132.235,132.33,0,0
2015-04-29,21:00:00,132.334,132.403,131.791,132.209,0,0
2015-04-29,22:00:00,132.223,132.289,132.08,132.263,0,0
2015-04-29,23:00:00,132.266,132.463,132.261,132.453,0,0
2015-04-29,23:59:00,132.451,132.548,132.382,132.382,0,0
2015-04-30,01:00:00,132.385,132.443,132.311,132.347,0,0
2015-04-30,02:00:00,132.358,132.372,132.208,132.215,0,0
2015-04-30,03:00:00,132.219,132.319,132.179,132.257,0,0
2015-04-30,04:00:00,132.257,132.356,132.223,132.278,0,0
2015-04-30,05:00:00,132.271,132.282,131.993,132.052,0,0
2015-04-30,06:00:00,132.055,132.132,132.006,132.104,0,0
2015-04-30,07:00:00,132.114,132.136,131.666,131.778,0,0
2015-04-30,08:00:00,131.778,131.782,131.47,131.504,0,0
2015-04-30,09:00:00,131.353,132.126,131.353,132.062,0,0
2015-04-30,10:00:00,132.099,133.542,132.017,133.421,0,0
2015-04-30,11:00:00,133.417,133.714,133.063,133.246,0,0
2015-04-30,12:00:00,133.263,133.393,132.767,132.779,0,0
2015-04-30,13:00:00,132.775,133.171,132.566,133.146,0,0
2015-04-30,14:00:00,133.123,133.322,132.953,133.105,0,0
2015-04-30,15:00:00,133.108,133.317,132.882,133.205,0,0
2015-04-30,16:00:00,133.195,133.282,132.933,133.153,0,0
2015-04-30,17:00:00,133.16,134.086,133.111,134.049,0,0
2015-04-30,18:00:00,134.026,134.322,133.793,133.793,0,0
2015-04-30,19:00:00,133.802,134.193,133.738,134.175,0,0
2015-04-30,20:00:00,134.175,134.181,133.829,133.866,0,0
2015-04-30,21:00:00,133.866,134.508,133.866,134.433,0,0
2015-04-30,22:00:00,134.433,134.433,133.986,134.044,0,0
2015-04-30,23:00:00,134.07,134.078,133.934,133.984,0,0
2015-04-30,23:59:00,133.985,134.062,133.904,133.925,0,0
2015-05-01,01:00:00,133.925,134.003,133.91,133.948,0,0
2015-05-01,02:00:00,133.946,133.997,133.899,133.961,0,0
2015-05-01,03:00:00,133.956,134.197,133.956,134.138,0,0
2015-05-01,04:00:00,134.128,134.198,134.068,134.139,0,0
2015-05-01,05:00:00,134.14,134.23,134.111,134.131,0,0
2015-05-01,06:00:00,134.138,134.199,134.132,134.157,0,0
2015-05-01,07:00:00,134.157,134.198,134.032,134.099,0,0
2015-05-01,08:00:00,134.097,134.34,134.082,134.321,0,0
2015-05-01,09:00:00,134.325,134.757,134.148,134.747,0,0
2015-05-01,10:00:00,134.743,134.973,134.562,134.844,0,0
2015-05-01,11:00:00,134.845,134.961,134.649,134.871,0,0
2015-05-01,12:00:00,134.839,135.107,134.623,134.649,0,0
2015-05-01,13:00:00,134.65,135.065,134.619,135.042,0,0
2015-05-01,14:00:00,135.033,135.122,134.846,134.846,0,0
2015-05-01,15:00:00,134.846,135.048,134.776,134.989,0,0
2015-05-01,16:00:00,134.99,135.203,134.903,135.059,0,0
2015-05-01,17:00:00,135.127,135.273,134.637,134.754,0,0
2015-05-01,18:00:00,134.767,134.815,134.463,134.576,0,0
2015-05-01,19:00:00,134.572,134.751,134.418,134.427,0,0
2015-05-01,20:00:00,134.428,134.667,134.428,134.643,0,0
2015-05-01,21:00:00,134.643,134.67,134.514,134.614,0,0
2015-05-01,22:00:00,134.627,134.834,134.553,134.702,0,0
2015-05-01,23:00:00,134.694,134.746,134.689,134.739,0,0
2015-05-04,01:00:00,134.592,134.604,134.454,134.459,0,0
2015-05-04,02:00:00,134.466,134.52,134.362,134.423,0,0
2015-05-04,03:00:00,134.423,134.496,134.26,134.433,0,0
2015-05-04,04:00:00,134.433,134.529,134.432,134.495,0,0
2015-05-04,05:00:00,134.495,134.512,134.274,134.351,0,0
2015-05-04,06:00:00,134.351,134.36,134.27,134.342,0,0
2015-05-04,07:00:00,134.341,134.441,134.31,134.402,0,0
2015-05-04,08:00:00,134.404,134.584,134.386,134.476,0,0
2015-05-04,09:00:00,134.483,134.715,134.253,134.305,0,0
2015-05-04,10:00:00,134.302,134.332,134.017,134.028,0,0
2015-05-04,11:00:00,133.967,134.031,133.782,133.83,0,0
2015-05-04,12:00:00,133.831,133.988,133.729,133.74,0,0
2015-05-04,13:00:00,133.744,133.908,133.721,133.86,0,0
2015-05-04,14:00:00,133.858,133.993,133.834,133.89,0,0
2015-05-04,15:00:00,133.88,134.361,133.876,134.306,0,0
2015-05-04,16:00:00,134.306,134.414,134.114,134.162,0,0
2015-05-04,17:00:00,134.14,134.151,133.826,134.12,0,0
2015-05-04,18:00:00,134.134,134.209,134.003,134.024,0,0
2015-05-04,19:00:00,134.027,134.179,133.984,134.078,0,0
2015-05-04,20:00:00,134.075,134.103,133.976,134.05,0,0
2015-05-04,21:00:00,134.048,134.053,133.697,133.802,0,0
2015-05-04,22:00:00,133.8,133.954,133.778,133.933,0,0
2015-05-04,23:00:00,133.929,133.972,133.863,133.914,0,0
2015-05-04,23:59:00,133.905,133.971,133.869,133.951,0,0
2015-05-05,01:00:00,133.953,133.979,133.872,133.892,0,0
2015-05-05,02:00:00,133.892,133.945,133.865,133.919,0,0
2015-05-05,03:00:00,133.917,133.931,133.852,133.911,0,0
2015-05-05,04:00:00,133.911,133.974,133.884,133.9,0,0
2015-05-05,05:00:00,133.902,133.931,133.835,133.865,0,0
2015-05-05,06:00:00,133.865,133.877,133.748,133.757,0,0
2015-05-05,07:00:00,133.754,133.816,133.57,133.606,0,0
2015-05-05,08:00:00,133.605,133.763,133.605,133.638,0,0
2015-05-05,09:00:00,133.645,133.836,133.206,133.238,0,0
2015-05-05,10:00:00,133.223,133.417,133.14,133.174,0,0
2015-05-05,11:00:00,133.172,133.512,133.11,133.486,0,0
2015-05-05,12:00:00,133.493,133.763,133.319,133.728,0,0
2015-05-05,13:00:00,133.714,134.038,133.598,133.981,0,0
2015-05-05,14:00:00,133.981,134.167,133.927,133.984,0,0
2015-05-05,15:00:00,133.98,134.207,133.864,134.011,0,0
2015-05-05,16:00:00,134.016,134.241,133.868,134.241,0,0
2015-05-05,17:00:00,134.263,134.488,133.832,134.25,0,0
2015-05-05,18:00:00,134.248,134.272,133.91,133.949,0,0
2015-05-05,19:00:00,133.944,134.315,133.944,134.25,0,0
2015-05-05,20:00:00,134.246,134.435,134.203,134.234,0,0
2015-05-05,21:00:00,134.233,134.367,134.138,134.163,0,0
2015-05-05,22:00:00,134.156,134.243,134.062,134.131,0,0
2015-05-05,23:00:00,134.117,134.132,134.015,134.072,0,0
2015-05-05,23:59:00,134.054,134.117,134.021,134.056,0,0
2015-05-06,01:00:00,134.071,134.118,134.052,134.075,0,0
2015-05-06,02:00:00,134.075,134.166,134.056,134.092,0,0
2015-05-06,03:00:00,134.092,134.16,134.085,134.132,0,0
2015-05-06,04:00:00,134.132,134.262,134.121,134.26,0,0
2015-05-06,05:00:00,134.26,134.509,134.202,134.502,0,0
2015-05-06,06:00:00,134.502,134.761,134.466,134.67,0,0
2015-05-06,07:00:00,134.677,134.74,134.58,134.717,0,0
2015-05-06,08:00:00,134.726,134.758,134.584,134.61,0,0
2015-05-06,09:00:00,134.603,134.884,134.522,134.716,0,0
2015-05-06,10:00:00,134.729,134.865,134.359,134.641,0,0
2015-05-06,11:00:00,134.662,134.775,134.439,134.464,0,0
2015-05-06,12:00:00,134.465,134.512,134.265,134.383,0,0
2015-05-06,13:00:00,134.383,134.636,134.369,134.545,0,0
2015-05-06,14:00:00,134.535,134.615,134.406,134.487,0,0
2015-05-06,15:00:00,134.496,134.936,134.484,134.899,0,0
2015-05-06,16:00:00,134.911,135.405,134.866,135.327,0,0
2015-05-06,17:00:00,135.326,135.679,135.294,135.528,0,0
2015-05-06,18:00:00,135.538,135.591,135.32,135.513,0,0
2015-05-06,19:00:00,135.499,135.561,135.335,135.42,0,0
2015-05-06,20:00:00,135.43,135.54,135.38,135.381,0,0
2015-05-06,21:00:00,135.374,135.694,135.367,135.461,0,0
2015-05-06,22:00:00,135.478,135.575,135.392,135.572,0,0
2015-05-06,23:00:00,135.574,135.591,135.49,135.553,0,0
2015-05-06,23:59:00,135.548,135.605,135.486,135.498,0,0
2015-05-07,01:00:00,135.495,135.545,135.467,135.48,0,0
2015-05-07,02:00:00,135.478,135.491,135.39,135.398,0,0
2015-05-07,03:00:00,135.389,135.486,135.19,135.287,0,0
2015-05-07,04:00:00,135.288,135.476,135.24,135.441,0,0
2015-05-07,05:00:00,135.438,135.613,135.431,135.573,0,0
2015-05-07,06:00:00,135.571,135.617,135.469,135.531,0,0
2015-05-07,07:00:00,135.534,135.575,135.476,135.532,0,0
2015-05-07,08:00:00,135.524,135.829,135.473,135.706,0,0
2015-05-07,09:00:00,135.7,135.814,135.474,135.522,0,0
2015-05-07,10:00:00,135.513,135.861,135.479,135.751,0,0
2015-05-07,11:00:00,135.706,135.749,135.321,135.524,0,0
2015-05-07,12:00:00,135.516,135.998,135.441,135.629,0,0
2015-05-07,13:00:00,135.644,135.652,135.001,135.106,0,0
2015-05-07,14:00:00,135.103,135.103,134.678,134.688,0,0
2015-05-07,15:00:00,134.686,134.878,134.4,134.76,0,0
2015-05-07,16:00:00,134.792,134.905,134.473,134.474,0,0
2015-05-07,17:00:00,134.477,134.66,134.203,134.547,0,0
2015-05-07,18:00:00,134.58,135.14,134.519,135.109,0,0
2015-05-07,19:00:00,135.095,135.141,134.977,134.99,0,0
2015-05-07,20:00:00,134.985,135.021,134.814,134.961,0,0
2015-05-07,21:00:00,134.961,135.135,134.923,134.961,0,0
2015-05-07,22:00:00,134.954,135.025,134.929,134.976,0,0
2015-05-07,23:00:00,134.981,135.036,134.89,134.905,0,0
2015-05-07,23:59:00,134.906,134.988,134.519,134.702,0,0
2015-05-08,01:00:00,134.693,134.768,134.473,134.586,0,0
2015-05-08,02:00:00,134.586,134.678,134.524,134.615,0,0
2015-05-08,03:00:00,134.619,134.906,134.619,134.771,0,0
2015-05-08,04:00:00,134.761,134.981,134.705,134.813,0,0
2015-05-08,05:00:00,134.827,134.844,134.461,134.477,0,0
2015-05-08,06:00:00,134.478,134.501,134.306,134.362,0,0
2015-05-08,07:00:00,134.361,134.524,134.321,134.462,0,0
2015-05-08,08:00:00,134.462,134.598,134.318,134.421,0,0
2015-05-08,09:00:00,134.425,134.444,134.119,134.296,0,0
2015-05-08,10:00:00,134.283,134.656,134.243,134.611,0,0
2015-05-08,11:00:00,134.592,134.985,134.592,134.893,0,0
2015-05-08,12:00:00,134.891,134.944,134.744,134.881,0,0
2015-05-08,13:00:00,134.864,134.903,134.65,134.652,0,0
2015-05-08,14:00:00,134.651,134.859,134.648,134.736,0,0
2015-05-08,15:00:00,134.725,135.409,134.377,134.875,0,0
2015-05-08,16:00:00,134.868,134.898,134.418,134.466,0,0
2015-05-08,17:00:00,134.482,134.486,134.111,134.419,0,0
2015-05-08,18:00:00,134.416,134.808,134.315,134.657,0,0
2015-05-08,19:00:00,134.657,134.696,134.219,134.348,0,0
2015-05-08,20:00:00,134.348,134.488,134.288,134.414,0,0
2015-05-08,21:00:00,134.402,134.424,134.154,134.24,0,0
2015-05-08,22:00:00,134.253,134.32,134.162,134.176,0,0
2015-05-08,23:00:00,134.186,134.186,134.186,134.186,0,0
2015-05-11,01:00:00,134.143,134.206,134.111,134.17,0,0
2015-05-11,02:00:00,134.171,134.182,134.094,134.132,0,0
2015-05-11,03:00:00,134.133,134.142,133.723,133.723,0,0
2015-05-11,04:00:00,133.72,133.786,133.631,133.731,0,0
2015-05-11,05:00:00,133.722,133.837,133.688,133.74,0,0
2015-05-11,06:00:00,133.741,133.754,133.493,133.559,0,0
2015-05-11,07:00:00,133.559,133.682,133.537,133.679,0,0
2015-05-11,08:00:00,133.678,133.77,133.581,133.694,0,0
2015-05-11,09:00:00,133.691,134.21,133.635,134.173,0,0
2015-05-11,10:00:00,134.17,134.206,133.809,133.878,0,0
2015-05-11,11:00:00,133.879,134.102,133.859,133.956,0,0
2015-05-11,12:00:00,133.944,134.019,133.707,133.847,0,0
2015-05-11,13:00:00,133.858,133.912,133.654,133.724,0,0
2015-05-11,14:00:00,133.71,133.833,133.563,133.606,0,0
2015-05-11,15:00:00,133.615,133.795,133.529,133.599,0,0
2015-05-11,16:00:00,133.609,133.938,133.513,133.711,0,0
2015-05-11,17:00:00,133.732,133.956,133.618,133.693,0,0
2015-05-11,18:00:00,133.71,133.887,133.645,133.757,0,0
2015-05-11,19:00:00,133.769,133.934,133.728,133.928,0,0
2015-05-11,20:00:00,133.965,134.053,133.816,133.972,0,0
2015-05-11,21:00:00,133.974,134.047,133.879,133.968,0,0
2015-05-11,22:00:00,133.964,134.059,133.936,133.942,0,0
2015-05-11,23:00:00,133.944,134.004,133.931,133.949,0,0
2015-05-11,23:59:00,133.956,134.025,133.951,133.965,0,0
2015-05-12,01:00:00,133.966,134.025,133.936,133.938,0,0
2015-05-12,02:00:00,133.938,133.957,133.816,133.886,0,0
2015-05-12,03:00:00,133.886,133.947,133.756,133.822,0,0
2015-05-12,04:00:00,133.822,133.957,133.784,133.954,0,0
2015-05-12,05:00:00,133.948,134.195,133.929,134.13,0,0
2015-05-12,06:00:00,134.13,134.202,134.026,134.068,0,0
2015-05-12,07:00:00,134.07,134.275,134.069,134.266,0,0
2015-05-12,08:00:00,134.272,134.525,134.262,134.347,0,0
2015-05-12,09:00:00,134.335,134.599,134.26,134.307,0,0
2015-05-12,10:00:00,134.31,134.821,134.229,134.746,0,0
2015-05-12,11:00:00,134.744,135.254,134.744,135.135,0,0
2015-05-12,12:00:00,135.141,135.292,135.019,135.146,0,0
2015-05-12,13:00:00,135.145,135.185,134.983,134.994,0,0
2015-05-12,14:00:00,134.985,135.027,134.787,134.813,0,0
2015-05-12,15:00:00,134.819,135.014,134.78,134.885,0,0
2015-05-12,16:00:00,134.881,135.176,134.811,135.06,0,0
2015-05-12,17:00:00,135.037,135.154,134.828,134.839,0,0
2015-05-12,18:00:00,134.846,134.854,134.616,134.673,0,0
2015-05-12,19:00:00,134.65,134.881,134.62,134.641,0,0
2015-05-12,20:00:00,134.641,134.684,134.51,134.615,0,0
2015-05-12,21:00:00,134.623,134.664,134.496,134.496,0,0
2015-05-12,22:00:00,134.499,134.518,134.384,134.418,0,0
2015-05-12,23:00:00,134.406,134.462,134.363,134.402,0,0
2015-05-12,23:59:00,134.415,134.578,134.328,134.483,0,0
2015-05-13,01:00:00,134.497,134.497,134.431,134.449,0,0
2015-05-13,02:00:00,134.449,134.496,134.424,134.459,0,0
2015-05-13,03:00:00,134.465,134.555,134.387,134.491,0,0
2015-05-13,04:00:00,134.489,134.558,134.333,134.438,0,0
2015-05-13,05:00:00,134.43,134.648,134.411,134.613,0,0
2015-05-13,06:00:00,134.614,134.828,134.608,134.789,0,0
2015-05-13,07:00:00,134.788,134.983,134.77,134.84,0,0
2015-05-13,08:00:00,134.84,134.892,134.764,134.764,0,0
2015-05-13,09:00:00,134.724,135.072,134.605,134.834,0,0
2015-05-13,10:00:00,134.821,134.93,134.668,134.817,0,0
2015-05-13,11:00:00,134.818,134.887,134.41,134.5,0,0
2015-05-13,12:00:00,134.497,134.715,134.213,134.499,0,0
2015-05-13,13:00:00,134.497,134.542,134.306,134.429,0,0
2015-05-13,14:00:00,134.434,134.612,134.347,134.48,0,0
2015-05-13,15:00:00,134.479,135.048,134.316,134.978,0,0
2015-05-13,16:00:00,134.96,135.169,134.893,135.114,0,0
2015-05-13,17:00:00,135.124,135.308,135.066,135.187,0,0
2015-05-13,18:00:00,135.185,135.506,135.121,135.432,0,0
2015-05-13,19:00:00,135.434,135.48,135.347,135.413,0,0
2015-05-13,20:00:00,135.406,135.483,135.291,135.298,0,0
2015-05-13,21:00:00,135.288,135.339,135.203,135.295,0,0
2015-05-13,22:00:00,135.298,135.298,135.109,135.144,0,0
2015-05-13,23:00:00,135.146,135.3,135.13,135.297,0,0
2015-05-13,23:59:00,135.289,135.315,135.224,135.266,0,0
2015-05-14,01:00:00,135.266,135.36,135.21,135.251,0,0
2015-05-14,02:00:00,135.252,135.326,135.212,135.245,0,0
2015-05-14,03:00:00,135.249,135.38,135.224,135.358,0,0
2015-05-14,04:00:00,135.358,135.405,135.32,135.376,0,0
2015-05-14,05:00:00,135.455,135.475,135.266,135.273,0,0
2015-05-14,06:00:00,135.267,135.509,135.267,135.47,0,0
2015-05-14,07:00:00,135.481,135.507,135.379,135.461,0,0
2015-05-14,08:00:00,135.462,135.546,135.392,135.546,0,0
2015-05-14,09:00:00,135.53,135.876,135.309,135.749,0,0
2015-05-14,10:00:00,135.766,135.95,135.612,135.739,0,0
2015-05-14,11:00:00,135.732,136.06,135.641,135.945,0,0
2015-05-14,12:00:00,135.931,136.28,135.892,136.14,0,0
2015-05-14,13:00:00,136.151,136.412,136.067,136.337,0,0
2015-05-14,14:00:00,136.316,136.366,136.022,136.232,0,0
2015-05-14,15:00:00,136.216,136.269,135.814,135.95,0,0
2015-05-14,16:00:00,135.928,135.928,135.528,135.656,0,0
2015-05-14,17:00:00,135.671,135.9,135.454,135.682,0,0
2015-05-14,18:00:00,135.683,135.756,135.321,135.513,0,0
2015-05-14,19:00:00,135.506,135.621,135.457,135.547,0,0
2015-05-14,20:00:00,135.55,135.686,135.495,135.646,0,0
2015-05-14,21:00:00,135.627,135.896,135.586,135.868,0,0
2015-05-14,22:00:00,135.872,135.971,135.84,135.955,0,0
2015-05-14,23:00:00,135.947,136.056,135.919,135.981,0,0
2015-05-14,23:59:00,135.982,136.049,135.943,135.96,0,0
2015-05-15,01:00:00,135.972,135.995,135.913,135.939,0,0
2015-05-15,02:00:00,135.939,135.943,135.869,135.931,0,0
2015-05-15,03:00:00,135.936,136.131,135.914,136.094,0,0
2015-05-15,04:00:00,136.094,136.235,136.068,136.223,0,0
2015-05-15,05:00:00,136.22,136.328,136.161,136.165,0,0
2015-05-15,06:00:00,136.165,136.22,136.07,136.156,0,0
2015-05-15,07:00:00,136.153,136.248,136.128,136.228,0,0
2015-05-15,08:00:00,136.23,136.251,135.993,136.015,0,0
2015-05-15,09:00:00,136.013,136.328,135.901,136.279,0,0
2015-05-15,10:00:00,136.291,136.358,135.922,136.012,0,0
2015-05-15,11:00:00,136.006,136.193,135.71,135.796,0,0
2015-05-15,12:00:00,135.768,135.982,135.706,135.904,0,0
2015-05-15,13:00:00,135.87,136.217,135.87,136.123,0,0
2015-05-15,14:00:00,136.118,136.263,135.836,135.889,0,0
2015-05-15,15:00:00,135.902,135.916,135.716,135.853,0,0
2015-05-15,16:00:00,135.852,135.92,135.741,135.83,0,0
2015-05-15,17:00:00,135.831,136.493,135.831,136.451,0,0
2015-05-15,18:00:00,136.452,136.594,136.327,136.405,0,0
2015-05-15,19:00:00,136.406,136.529,136.301,136.516,0,0
2015-05-15,20:00:00,136.514,136.671,136.418,136.49,0,0
2015-05-15,21:00:00,136.488,136.816,136.488,136.739,0,0
2015-05-15,22:00:00,136.738,136.746,136.591,136.61,0,0
2015-05-15,23:00:00,136.614,136.622,136.608,136.609,0,0
2015-05-18,01:00:00,136.628,136.691,136.586,136.618,0,0
2015-05-18,02:00:00,136.617,136.655,136.564,136.591,0,0
2015-05-18,03:00:00,136.592,136.79,136.541,136.783,0,0
2015-05-18,04:00:00,136.785,136.823,136.718,136.747,0,0
2015-05-18,05:00:00,136.75,136.811,136.71,136.784,0,0
2015-05-18,06:00:00,136.788,136.818,136.742,136.758,0,0
2015-05-18,07:00:00,136.758,136.818,136.696,136.787,0,0
2015-05-18,08:00:00,136.787,136.905,136.666,136.896,0,0
2015-05-18,09:00:00,136.887,136.956,136.58,136.583,0,0
2015-05-18,10:00:00,136.572,136.619,136.252,136.413,0,0
2015-05-18,11:00:00,136.403,136.407,136.052,136.278,0,0
2015-05-18,12:00:00,136.278,136.503,136.118,136.477,0,0
2015-05-18,13:00:00,136.485,136.682,136.344,136.642,0,0
2015-05-18,14:00:00,136.644,136.659,136.371,136.503,0,0
2015-05-18,15:00:00,136.506,136.523,136.268,136.358,0,0
2015-05-18,16:00:00,136.35,136.435,135.863,135.868,0,0
2015-05-18,17:00:00,135.864,136.188,135.817,136.188,0,0
2015-05-18,18:00:00,136.193,136.267,135.984,136.049,0,0
2015-05-18,19:00:00,136.046,136.152,135.805,136.061,0,0
2015-05-18,20:00:00,136.056,136.1,135.724,135.787,0,0
2015-05-18,21:00:00,135.775,135.792,135.59,135.653,0,0
2015-05-18,22:00:00,135.649,135.759,135.62,135.7,0,0
2015-05-18,23:00:00,135.698,135.794,135.694,135.754,0,0
2015-05-18,23:59:00,135.761,135.781,135.729,135.763,0,0
2015-05-19,01:00:00,135.764,135.798,135.736,135.779,0,0
2015-05-19,02:00:00,135.776,135.827,135.722,135.794,0,0
2015-05-19,03:00:00,135.797,135.835,135.619,135.645,0,0
2015-05-19,04:00:00,135.644,135.649,135.417,135.496,0,0
2015-05-19,05:00:00,135.482,135.568,135.405,135.538,0,0
2015-05-19,06:00:00,135.538,135.613,135.494,135.61,0,0
2015-05-19,07:00:00,135.61,135.633,135.539,135.59,0,0
2015-05-19,08:00:00,135.593,135.768,135.593,135.72,0,0
2015-05-19,09:00:00,135.713,135.719,135.311,135.591,0,0
2015-05-19,10:00:00,135.596,135.596,133.946,134.16,0,0
2015-05-19,11:00:00,134.159,134.376,133.986,134.352,0,0
2015-05-19,12:00:00,134.269,134.546,134.237,134.535,0,0
2015-05-19,13:00:00,134.531,134.688,134.395,134.602,0,0
2015-05-19,14:00:00,134.642,134.652,134.279,134.418,0,0
2015-05-19,15:00:00,134.429,134.514,133.984,134.081,0,0
2015-05-19,16:00:00,134.092,134.442,134.08,134.353,0,0
2015-05-19,17:00:00,134.333,134.48,134.243,134.329,0,0
2015-05-19,18:00:00,134.301,134.501,134.194,134.448,0,0
2015-05-19,19:00:00,134.452,134.499,134.241,134.431,0,0
2015-05-19,20:00:00,134.426,134.521,134.338,134.502,0,0
2015-05-19,21:00:00,134.488,134.678,134.488,134.662,0,0
2015-05-19,22:00:00,134.649,134.72,134.573,134.6,0,0
2015-05-19,23:00:00,134.59,134.612,134.495,134.565,0,0
2015-05-19,23:59:00,134.572,134.605,134.454,134.463,0,0
2015-05-20,01:00:00,134.473,134.541,134.44,134.526,0,0
2015-05-20,02:00:00,134.526,134.535,134.431,134.435,0,0
2015-05-20,03:00:00,134.435,134.581,134.351,134.573,0,0
2015-05-20,04:00:00,134.573,134.7,134.564,134.637,0,0
2015-05-20,05:00:00,134.643,134.732,134.633,134.719,0,0
2015-05-20,06:00:00,134.723,134.748,134.634,134.642,0,0
2015-05-20,07:00:00,134.644,134.711,134.617,134.661,0,0
2015-05-20,08:00:00,134.659,134.77,134.331,134.331,0,0
2015-05-20,09:00:00,134.298,134.429,133.934,134.097,0,0
2015-05-20,10:00:00,134.097,134.306,133.975,134.287,0,0
2015-05-20,11:00:00,134.28,134.516,134.265,134.31,0,0
2015-05-20,12:00:00,134.305,134.506,134.296,134.38,0,0
2015-05-20,13:00:00,134.376,134.47,134.19,134.213,0,0
2015-05-20,14:00:00,134.223,134.368,134.192,134.337,0,0
2015-05-20,15:00:00,134.332,134.614,134.332,134.614,0,0
2015-05-20,16:00:00,134.614,134.637,134.32,134.353,0,0
2015-05-20,17:00:00,134.352,134.66,134.321,134.584,0,0
2015-05-20,18:00:00,134.586,134.657,134.373,134.395,0,0
2015-05-20,19:00:00,134.39,134.572,134.348,134.562,0,0
2015-05-20,20:00:00,134.544,134.67,134.372,134.593,0,0
2015-05-20,21:00:00,134.594,134.85,134.46,134.674,0,0
2015-05-20,22:00:00,134.678,134.79,134.48,134.65,0,0
2015-05-20,23:00:00,134.646,134.682,134.562,134.62,0,0
2015-05-20,23:59:00,134.604,134.697,134.496,134.535,0,0
2015-05-21,01:00:00,134.535,134.554,134.473,134.507,0,0
2015-05-21,02:00:00,134.515,134.563,134.482,134.562,0,0
2015-05-21,03:00:00,134.562,134.671,134.542,134.603,0,0
2015-05-21,04:00:00,134.604,134.745,134.592,134.718,0,0
2015-05-21,05:00:00,134.713,134.792,134.686,134.738,0,0
2015-05-21,06:00:00,134.742,134.791,134.688,134.769,0,0
2015-05-21,07:00:00,134.768,134.791,134.609,134.627,0,0
2015-05-21,08:00:00,134.657,134.682,134.572,134.577,0,0
2015-05-21,09:00:00,134.57,134.57,134.222,134.425,0,0
2015-05-21,10:00:00,134.398,134.978,134.398,134.772,0,0
2015-05-21,11:00:00,134.749,135.058,134.744,134.826,0,0
2015-05-21,12:00:00,134.815,134.986,134.75,134.839,0,0
2015-05-21,13:00:00,134.812,135.353,134.806,135.073,0,0
2015-05-21,14:00:00,135.084,135.109,134.847,134.867,0,0
2015-05-21,15:00:00,134.871,134.968,134.684,134.755,0,0
2015-05-21,16:00:00,134.734,134.815,134.575,134.644,0,0
2015-05-21,17:00:00,134.598,134.83,134.598,134.72,0,0
2015-05-21,18:00:00,134.734,134.788,134.595,134.691,0,0
2015-05-21,19:00:00,134.703,134.79,134.637,134.775,0,0
2015-05-21,20:00:00,134.778,134.78,134.634,134.639,0,0
2015-05-21,21:00:00,134.634,134.746,134.601,134.643,0,0
2015-05-21,22:00:00,134.658,134.673,134.478,134.487,0,0
2015-05-21,23:00:00,134.479,134.546,134.464,134.493,0,0
2015-05-21,23:59:00,134.487,134.567,134.426,134.493,0,0
2015-05-22,01:00:00,134.493,134.519,134.449,134.475,0,0
2015-05-22,02:00:00,134.475,134.515,134.44,134.479,0,0
2015-05-22,03:00:00,134.491,134.586,134.472,134.501,0,0
2015-05-22,04:00:00,134.497,134.553,134.434,134.518,0,0
2015-05-22,05:00:00,134.519,134.665,134.496,134.516,0,0
2015-05-22,06:00:00,134.516,134.689,134.495,134.658,0,0
2015-05-22,07:00:00,134.657,134.716,134.555,134.597,0,0
2015-05-22,08:00:00,134.602,134.697,134.494,134.668,0,0
2015-05-22,09:00:00,134.683,134.883,134.63,134.664,0,0
2015-05-22,10:00:00,134.65,134.861,134.541,134.73,0,0
2015-05-22,11:00:00,134.727,134.965,134.723,134.917,0,0
2015-05-22,12:00:00,134.909,135.199,134.868,135.156,0,0
2015-05-22,13:00:00,135.149,135.327,135.149,135.204,0,0
2015-05-22,14:00:00,135.205,135.276,134.967,135,0,0
2015-05-22,15:00:00,135,135.131,134.522,134.596,0,0
2015-05-22,16:00:00,134.6,134.6,133.739,133.97,0,0
2015-05-22,17:00:00,133.946,133.95,133.732,133.903,0,0
2015-05-22,18:00:00,133.907,134.019,133.838,134.005,0,0
2015-05-22,19:00:00,134.005,134.143,133.953,134.133,0,0
2015-05-22,20:00:00,134.113,134.113,133.81,133.851,0,0
2015-05-22,21:00:00,133.852,133.89,133.765,133.827,0,0
2015-05-22,22:00:00,133.829,133.849,133.749,133.793,0,0
2015-05-22,23:00:00,133.802,133.851,133.802,133.838,0,0
2015-05-25,01:00:00,133.457,133.744,133.457,133.676,0,0
2015-05-25,02:00:00,133.691,133.779,133.567,133.616,0,0
2015-05-25,03:00:00,133.613,133.763,133.574,133.592,0,0
2015-05-25,04:00:00,133.604,133.69,133.559,133.643,0,0
2015-05-25,05:00:00,133.644,133.699,133.62,133.669,0,0
2015-05-25,06:00:00,133.676,133.75,133.644,133.664,0,0
2015-05-25,07:00:00,133.661,133.69,133.617,133.645,0,0
2015-05-25,08:00:00,133.644,133.687,133.529,133.616,0,0
2015-05-25,09:00:00,133.627,133.83,133.583,133.785,0,0
2015-05-25,10:00:00,133.794,133.839,133.386,133.477,0,0
2015-05-25,11:00:00,133.477,133.492,133.326,133.457,0,0
2015-05-25,12:00:00,133.457,133.574,133.337,133.402,0,0
2015-05-25,13:00:00,133.399,133.432,133.322,133.341,0,0
2015-05-25,14:00:00,133.337,133.442,133.306,133.412,0,0
2015-05-25,15:00:00,133.411,133.519,133.37,133.447,0,0
2015-05-25,16:00:00,133.449,133.463,133.29,133.305,0,0
2015-05-25,17:00:00,133.305,133.37,133.269,133.285,0,0
2015-05-25,18:00:00,133.284,133.361,133.255,133.307,0,0
2015-05-25,19:00:00,133.294,133.425,133.28,133.419,0,0
2015-05-25,20:00:00,133.449,133.449,133.345,133.345,0,0
2015-05-25,21:00:00,133.344,133.442,133.34,133.411,0,0
2015-05-25,22:00:00,133.407,133.431,133.365,133.427,0,0
2015-05-25,23:00:00,133.428,133.475,133.383,133.444,0,0
2015-05-25,23:59:00,133.444,133.485,133.383,133.456,0,0
2015-05-26,01:00:00,133.456,133.537,133.427,133.463,0,0
2015-05-26,02:00:00,133.476,133.478,133.388,133.436,0,0
2015-05-26,03:00:00,133.436,133.465,133.133,133.199,0,0
2015-05-26,04:00:00,133.199,133.247,133.101,133.192,0,0
2015-05-26,05:00:00,133.187,133.376,133.155,133.315,0,0
2015-05-26,06:00:00,133.315,133.334,133.189,133.255,0,0
2015-05-26,07:00:00,133.255,133.313,133.233,133.263,0,0
2015-05-26,08:00:00,133.263,133.323,133.161,133.267,0,0
2015-05-26,09:00:00,133.259,133.821,133.179,133.488,0,0
2015-05-26,10:00:00,133.472,133.752,133.453,133.551,0,0
2015-05-26,11:00:00,133.549,133.794,133.484,133.721,0,0
2015-05-26,12:00:00,133.729,134.005,133.717,133.797,0,0
2015-05-26,13:00:00,133.801,133.826,133.588,133.716,0,0
2015-05-26,14:00:00,133.737,133.985,133.682,133.985,0,0
2015-05-26,15:00:00,133.997,134.406,133.89,134.366,0,0
2015-05-26,16:00:00,134.351,134.512,134.24,134.384,0,0
2015-05-26,17:00:00,134.388,134.458,134.039,134.115,0,0
2015-05-26,18:00:00,134.098,134.116,133.859,133.859,0,0
2015-05-26,19:00:00,133.856,133.891,133.783,133.873,0,0
2015-05-26,20:00:00,133.868,133.884,133.672,133.693,0,0
2015-05-26,21:00:00,133.701,133.857,133.701,133.772,0,0
2015-05-26,22:00:00,133.781,133.871,133.7,133.858,0,0
2015-05-26,23:00:00,133.849,133.949,133.835,133.835,0,0
2015-05-26,23:59:00,133.859,133.936,133.788,133.794,0,0
2015-05-27,01:00:00,133.805,133.983,133.803,133.929,0,0
2015-05-27,02:00:00,133.939,133.939,133.817,133.899,0,0
2015-05-27,03:00:00,133.899,133.95,133.784,133.852,0,0
2015-05-27,04:00:00,133.842,133.988,133.832,133.872,0,0
2015-05-27,05:00:00,133.874,133.937,133.802,133.827,0,0
2015-05-27,06:00:00,133.842,133.98,133.842,133.914,0,0
2015-05-27,07:00:00,133.918,134.066,133.911,134.04,0,0
2015-05-27,08:00:00,134.042,134.203,134.002,134.074,0,0
2015-05-27,09:00:00,134.057,134.323,134.034,134.262,0,0
2015-05-27,10:00:00,134.265,134.357,134.163,134.291,0,0
2015-05-27,11:00:00,134.289,134.401,134.223,134.379,0,0
2015-05-27,12:00:00,134.378,134.593,134.356,134.552,0,0
2015-05-27,13:00:00,134.54,134.781,134.392,134.45,0,0
2015-05-27,14:00:00,134.494,134.562,134.33,134.375,0,0
2015-05-27,15:00:00,134.367,134.494,133.984,134.037,0,0
2015-05-27,16:00:00,134.037,134.472,133.825,134.22,0,0
2015-05-27,17:00:00,134.213,134.788,134.18,134.63,0,0
2015-05-27,18:00:00,134.64,134.927,134.509,134.744,0,0
2015-05-27,19:00:00,134.74,134.845,134.73,134.79,0,0
2015-05-27,20:00:00,134.798,135.009,134.763,134.966,0,0
2015-05-27,21:00:00,134.966,135.013,134.778,134.9,0,0
2015-05-27,22:00:00,134.89,135.019,134.815,134.909,0,0
2015-05-27,23:00:00,134.915,134.969,134.805,134.855,0,0
2015-05-27,23:59:00,134.848,134.904,134.799,134.848,0,0
2015-05-28,01:00:00,134.859,134.94,134.797,134.917,0,0
2015-05-28,02:00:00,134.917,134.92,134.839,134.847,0,0
2015-05-28,03:00:00,134.839,135.012,134.754,134.943,0,0
2015-05-28,04:00:00,134.948,135.063,134.856,135.035,0,0
2015-05-28,05:00:00,135.056,135.399,135.016,135.227,0,0
2015-05-28,06:00:00,135.236,135.432,135.21,135.378,0,0
2015-05-28,07:00:00,135.378,135.495,135.275,135.324,0,0
2015-05-28,08:00:00,135.321,135.35,135.001,135.18,0,0
2015-05-28,09:00:00,135.169,135.405,135.092,135.24,0,0
2015-05-28,10:00:00,135.234,135.343,135.055,135.272,0,0
2015-05-28,11:00:00,135.285,135.636,135.204,135.541,0,0
2015-05-28,12:00:00,135.535,135.767,135.408,135.713,0,0
2015-05-28,13:00:00,135.715,135.859,135.559,135.606,0,0
2015-05-28,14:00:00,135.593,135.637,135.212,135.278,0,0
2015-05-28,15:00:00,135.28,135.567,135.166,135.309,0,0
2015-05-28,16:00:00,135.306,135.476,135.213,135.38,0,0
2015-05-28,17:00:00,135.341,135.653,135.228,135.653,0,0
2015-05-28,18:00:00,135.633,135.714,135.48,135.54,0,0
2015-05-28,19:00:00,135.54,135.671,135.283,135.353,0,0
2015-05-28,20:00:00,135.357,135.474,135.266,135.32,0,0
2015-05-28,21:00:00,135.32,135.732,135.299,135.718,0,0
2015-05-28,22:00:00,135.702,135.778,135.632,135.712,0,0
2015-05-28,23:00:00,135.704,135.769,135.647,135.712,0,0
2015-05-28,23:59:00,135.702,135.912,135.692,135.835,0,0
2015-05-29,01:00:00,135.824,135.921,135.741,135.782,0,0
2015-05-29,02:00:00,135.782,135.861,135.689,135.733,0,0
2015-05-29,03:00:00,135.733,135.739,135.553,135.594,0,0
2015-05-29,04:00:00,135.599,135.682,135.544,135.557,0,0
2015-05-29,05:00:00,135.555,135.622,135.435,135.51,0,0
2015-05-29,06:00:00,135.505,135.583,135.497,135.574,0,0
2015-05-29,07:00:00,135.573,135.642,135.556,135.582,0,0
2015-05-29,08:00:00,135.575,135.699,135.51,135.666,0,0
2015-05-29,09:00:00,135.654,135.806,135.447,135.447,0,0
2015-05-29,10:00:00,135.472,135.686,135.457,135.642,0,0
2015-05-29,11:00:00,135.642,135.801,135.586,135.694,0,0
2015-05-29,12:00:00,135.697,135.995,135.646,135.951,0,0
2015-05-29,13:00:00,135.953,135.953,135.678,135.726,0,0
2015-05-29,14:00:00,135.752,136.037,135.697,136.011,0,0
2015-05-29,15:00:00,136.007,136.255,135.863,136.027,0,0
2015-05-29,16:00:00,136.036,136.242,136.019,136.155,0,0
2015-05-29,17:00:00,136.147,136.305,135.857,136.011,0,0
2015-05-29,18:00:00,136.004,136.335,135.97,136.317,0,0
2015-05-29,19:00:00,136.3,136.41,136.191,136.191,0,0
2015-05-29,20:00:00,136.192,136.36,136.187,136.279,0,0
2015-05-29,21:00:00,136.279,136.339,136.176,136.22,0,0
2015-05-29,22:00:00,136.245,136.377,136.228,136.313,0,0
2015-05-29,23:00:00,136.316,136.316,136.277,136.277,0,0
2015-06-01,01:00:00,136.344,136.355,136.159,136.208,0,0
2015-06-01,02:00:00,136.21,136.21,136.064,136.137,0,0
2015-06-01,03:00:00,136.15,136.156,135.934,135.938,0,0
2015-06-01,04:00:00,135.937,136.021,135.811,135.871,0,0
2015-06-01,05:00:00,135.885,136.006,135.811,135.954,0,0
2015-06-01,06:00:00,135.949,135.995,135.892,135.903,0,0
2015-06-01,07:00:00,135.903,135.985,135.884,135.947,0,0
2015-06-01,08:00:00,135.945,136.076,135.942,136.051,0,0
2015-06-01,09:00:00,136.053,136.072,135.69,135.716,0,0
2015-06-01,10:00:00,135.702,135.853,135.333,135.436,0,0
2015-06-01,11:00:00,135.426,135.615,135.137,135.22,0,0
2015-06-01,12:00:00,135.237,135.486,135.153,135.466,0,0
2015-06-01,13:00:00,135.46,135.572,135.273,135.508,0,0
2015-06-01,14:00:00,135.503,135.859,135.389,135.69,0,0
2015-06-01,15:00:00,135.676,135.902,135.617,135.664,0,0
2015-06-01,16:00:00,135.688,136.112,135.688,136.048,0,0
2015-06-01,17:00:00,136.036,136.128,135.52,135.702,0,0
2015-06-01,18:00:00,135.688,136.057,135.646,136.032,0,0
2015-06-01,19:00:00,136.03,136.412,135.993,136.338,0,0
2015-06-01,20:00:00,136.345,136.459,136.289,136.396,0,0
2015-06-01,21:00:00,136.399,136.498,136.278,136.498,0,0
2015-06-01,22:00:00,136.499,136.587,136.315,136.315,0,0
2015-06-01,23:00:00,136.323,136.441,136.314,136.356,0,0
2015-06-01,23:59:00,136.34,136.47,136.249,136.273,0,0
2015-06-02,01:00:00,136.28,136.417,136.266,136.399,0,0
2015-06-02,02:00:00,136.402,136.458,136.349,136.371,0,0
2015-06-02,03:00:00,136.377,136.456,136.333,136.431,0,0
2015-06-02,04:00:00,136.432,136.444,136.345,136.425,0,0
2015-06-02,05:00:00,136.429,136.516,136.272,136.352,0,0
2015-06-02,06:00:00,136.35,136.4,136.198,136.315,0,0
2015-06-02,07:00:00,136.312,136.377,136.211,136.315,0,0
2015-06-02,08:00:00,136.296,136.39,136.223,136.258,0,0
2015-06-02,09:00:00,136.262,136.499,136.109,136.445,0,0
2015-06-02,10:00:00,136.445,136.88,136.365,136.454,0,0
2015-06-02,11:00:00,136.455,136.765,136.355,136.732,0,0
2015-06-02,12:00:00,136.75,136.985,136.641,136.929,0,0
2015-06-02,13:00:00,136.921,137.719,136.912,137.502,0,0
2015-06-02,14:00:00,137.496,137.911,137.472,137.537,0,0
2015-06-02,15:00:00,137.543,137.995,137.425,137.979,0,0
2015-06-02,16:00:00,137.979,138.832,137.979,138.115,0,0
2015-06-02,17:00:00,138.121,138.338,137.863,138.112,0,0
2015-06-02,18:00:00,138.116,138.274,137.997,138.211,0,0
2015-06-02,19:00:00,138.205,138.615,138.159,138.589,0,0
2015-06-02,20:00:00,138.6,138.648,138.41,138.515,0,0
2015-06-02,21:00:00,138.525,138.569,138.395,138.569,0,0
2015-06-02,22:00:00,138.615,138.615,138.289,138.321,0,0
2015-06-02,23:00:00,138.32,138.433,138.303,138.401,0,0
2015-06-02,23:59:00,138.398,138.426,138.35,138.379,0,0
2015-06-03,01:00:00,138.376,138.44,138.336,138.344,0,0
2015-06-03,02:00:00,138.344,138.38,138.267,138.304,0,0
2015-06-03,03:00:00,138.294,138.391,138.267,138.36,0,0
2015-06-03,04:00:00,138.349,138.466,138.274,138.425,0,0
2015-06-03,05:00:00,138.429,138.443,138.225,138.354,0,0
2015-06-03,06:00:00,138.354,138.423,138.313,138.368,0,0
2015-06-03,07:00:00,138.373,138.492,138.307,138.348,0,0
2015-06-03,08:00:00,138.347,138.544,138.341,138.413,0,0
2015-06-03,09:00:00,138.418,138.63,138.281,138.453,0,0
2015-06-03,10:00:00,138.444,138.444,138.071,138.322,0,0
2015-06-03,11:00:00,138.321,138.564,138.287,138.387,0,0
2015-06-03,12:00:00,138.394,138.509,138.116,138.335,0,0
2015-06-03,13:00:00,138.329,138.507,138.314,138.426,0,0
2015-06-03,14:00:00,138.413,138.439,138.244,138.334,0,0
2015-06-03,15:00:00,138.331,138.747,138.131,138.59,0,0
2015-06-03,16:00:00,138.583,139.632,138.583,139.413,0,0
2015-06-03,17:00:00,139.412,139.971,139.312,139.839,0,0
2015-06-03,18:00:00,139.836,140.071,139.808,139.989,0,0
2015-06-03,19:00:00,139.988,140.057,139.876,139.986,0,0
2015-06-03,20:00:00,139.986,140.097,139.893,139.95,0,0
2015-06-03,21:00:00,139.95,140.036,139.845,139.896,0,0
2015-06-03,22:00:00,139.905,140.142,139.883,140.08,0,0
2015-06-03,23:00:00,140.066,140.081,139.999,140.07,0,0
2015-06-03,23:59:00,140.076,140.08,139.978,140.03,0,0
2015-06-04,01:00:00,140.032,140.093,139.943,140.047,0,0
2015-06-04,02:00:00,140.035,140.11,139.931,139.983,0,0
2015-06-04,03:00:00,139.985,140.115,139.974,140.023,0,0
2015-06-04,04:00:00,140.023,140.279,139.998,140.236,0,0
2015-06-04,05:00:00,140.234,140.283,140.198,140.266,0,0
2015-06-04,06:00:00,140.266,140.359,140.234,140.237,0,0
2015-06-04,07:00:00,140.237,140.315,140.212,140.264,0,0
2015-06-04,08:00:00,140.269,140.276,140.012,140.069,0,0
2015-06-04,09:00:00,140.06,140.14,139.552,139.649,0,0
2015-06-04,10:00:00,139.65,140.031,139.566,139.936,0,0
2015-06-04,11:00:00,139.941,140.915,139.8,140.641,0,0
2015-06-04,12:00:00,140.635,140.891,140.527,140.852,0,0
2015-06-04,13:00:00,140.843,141.052,140.761,140.916,0,0
2015-06-04,14:00:00,140.921,140.982,140.475,140.501,0,0
2015-06-04,15:00:00,140.52,140.725,140.221,140.408,0,0
2015-06-04,16:00:00,140.415,140.433,139.899,140.197,0,0
2015-06-04,17:00:00,140.211,140.537,140.1,140.458,0,0
2015-06-04,18:00:00,140.457,140.552,140.196,140.388,0,0
2015-06-04,19:00:00,140.399,140.922,140.284,140.578,0,0
2015-06-04,20:00:00,140.561,140.625,139.673,139.781,0,0
2015-06-04,21:00:00,139.793,139.932,139.709,139.838,0,0
2015-06-04,22:00:00,139.854,139.891,139.696,139.754,0,0
2015-06-04,23:00:00,139.78,139.853,139.755,139.767,0,0
2015-06-04,23:59:00,139.766,139.866,139.659,139.694,0,0
2015-06-05,01:00:00,139.694,139.716,139.406,139.43,0,0
2015-06-05,02:00:00,139.427,139.448,139.139,139.404,0,0
2015-06-05,03:00:00,139.413,139.634,139.412,139.541,0,0
2015-06-05,04:00:00,139.542,139.563,139.393,139.537,0,0
2015-06-05,05:00:00,139.552,139.604,139.493,139.502,0,0
2015-06-05,06:00:00,139.504,139.562,139.456,139.548,0,0
2015-06-05,07:00:00,139.548,139.689,139.546,139.584,0,0
2015-06-05,08:00:00,139.593,139.692,139.542,139.672,0,0
2015-06-05,09:00:00,139.7,140.022,139.675,140.015,0,0
2015-06-05,10:00:00,140.014,140.697,139.993,140.608,0,0
2015-06-05,11:00:00,140.605,140.645,140.404,140.469,0,0
2015-06-05,12:00:00,140.467,140.604,140.312,140.551,0,0
2015-06-05,13:00:00,140.553,140.577,140.027,140.065,0,0
2015-06-05,14:00:00,140.058,140.159,139.967,140.076,0,0
2015-06-05,15:00:00,140.074,140.141,139.241,139.44,0,0
2015-06-05,16:00:00,139.431,139.528,139.043,139.14,0,0
2015-06-05,17:00:00,139.135,139.629,139.135,139.571,0,0
2015-06-05,18:00:00,139.577,139.752,139.448,139.507,0,0
2015-06-05,19:00:00,139.516,139.627,139.274,139.62,0,0
2015-06-05,20:00:00,139.64,139.714,139.58,139.629,0,0
2015-06-05,21:00:00,139.62,139.833,139.602,139.666,0,0
2015-06-05,22:00:00,139.662,139.68,139.569,139.61,0,0
2015-06-05,23:00:00,139.602,139.631,139.602,139.629,0,0
2015-06-08,01:00:00,139.381,139.6,139.357,139.58,0,0
2015-06-08,02:00:00,139.589,139.604,139.461,139.467,0,0
2015-06-08,03:00:00,139.478,139.497,139.19,139.214,0,0
2015-06-08,04:00:00,139.212,139.285,139.124,139.132,0,0
2015-06-08,05:00:00,139.132,139.242,139.042,139.239,0,0
2015-06-08,06:00:00,139.262,139.313,139.223,139.287,0,0
2015-06-08,07:00:00,139.3,139.374,139.215,139.341,0,0
2015-06-08,08:00:00,139.346,139.514,139.311,139.493,0,0
2015-06-08,09:00:00,139.547,139.691,139.163,139.325,0,0
2015-06-08,10:00:00,139.337,139.964,139.332,139.837,0,0
2015-06-08,11:00:00,139.829,139.914,139.378,139.412,0,0
2015-06-08,12:00:00,139.426,139.639,139.379,139.409,0,0
2015-06-08,13:00:00,139.402,139.537,139.282,139.502,0,0
2015-06-08,14:00:00,139.508,139.971,139.472,139.785,0,0
2015-06-08,15:00:00,139.792,140.271,139.745,139.902,0,0
2015-06-08,16:00:00,139.913,140.317,139.903,140.197,0,0
2015-06-08,17:00:00,140.168,140.494,140.042,140.468,0,0
2015-06-08,18:00:00,140.468,140.552,140.306,140.477,0,0
2015-06-08,19:00:00,140.485,140.607,140.47,140.475,0,0
2015-06-08,20:00:00,140.483,140.747,140.463,140.545,0,0
2015-06-08,21:00:00,140.524,140.695,140.395,140.512,0,0
2015-06-08,22:00:00,140.511,140.526,140.335,140.421,0,0
2015-06-08,23:00:00,140.419,140.633,140.416,140.574,0,0
2015-06-08,23:59:00,140.56,140.629,140.468,140.541,0,0
2015-06-09,01:00:00,140.515,140.637,140.515,140.579,0,0
2015-06-09,02:00:00,140.579,140.608,140.515,140.535,0,0
2015-06-09,03:00:00,140.535,140.707,140.516,140.577,0,0
2015-06-09,04:00:00,140.569,141.005,140.552,140.926,0,0
2015-06-09,05:00:00,140.914,140.996,140.872,140.925,0,0
2015-06-09,06:00:00,140.924,140.957,140.853,140.951,0,0
2015-06-09,07:00:00,140.954,140.972,140.87,140.893,0,0
2015-06-09,08:00:00,140.894,140.975,140.724,140.931,0,0
2015-06-09,09:00:00,140.928,140.928,140.406,140.553,0,0
2015-06-09,10:00:00,140.57,140.691,140.203,140.628,0,0
2015-06-09,11:00:00,140.626,140.662,140.161,140.199,0,0
2015-06-09,12:00:00,140.217,140.268,139.872,139.897,0,0
2015-06-09,13:00:00,139.882,139.925,139.534,139.734,0,0
2015-06-09,14:00:00,139.769,139.924,139.457,139.518,0,0
2015-06-09,15:00:00,139.522,139.624,139.391,139.53,0,0
2015-06-09,16:00:00,139.542,139.941,139.366,139.859,0,0
2015-06-09,17:00:00,139.905,139.973,139.556,139.835,0,0
2015-06-09,18:00:00,139.839,140.19,139.837,140.09,0,0
2015-06-09,19:00:00,140.088,140.173,139.982,140.081,0,0
2015-06-09,20:00:00,140.078,140.404,140.01,140.4,0,0
2015-06-09,21:00:00,140.388,140.421,140.287,140.297,0,0
2015-06-09,22:00:00,140.289,140.298,140.173,140.208,0,0
2015-06-09,23:00:00,140.215,140.306,140.197,140.302,0,0
2015-06-09,23:59:00,140.296,140.296,140.169,140.205,0,0
2015-06-10,01:00:00,140.205,140.269,140.185,140.269,0,0
2015-06-10,02:00:00,140.27,140.503,140.24,140.432,0,0
2015-06-10,03:00:00,140.43,140.675,140.427,140.564,0,0
2015-06-10,04:00:00,140.552,140.598,140.414,140.436,0,0
2015-06-10,05:00:00,140.436,140.518,140.373,140.49,0,0
2015-06-10,06:00:00,140.489,140.575,140.477,140.517,0,0
2015-06-10,07:00:00,140.517,140.517,138.738,138.918,0,0
2015-06-10,08:00:00,138.937,139.003,138.583,138.791,0,0
2015-06-10,09:00:00,138.832,139.013,138.539,138.978,0,0
2015-06-10,10:00:00,139.036,139.517,139.036,139.407,0,0
2015-06-10,11:00:00,139.405,139.754,138.729,138.82,0,0
2015-06-10,12:00:00,138.822,139.048,138.656,138.75,0,0
2015-06-10,13:00:00,138.748,139.298,138.68,139.129,0,0
2015-06-10,14:00:00,139.129,139.208,138.745,138.765,0,0
2015-06-10,15:00:00,138.761,138.9,138.53,138.747,0,0
2015-06-10,16:00:00,138.745,139.226,138.744,138.865,0,0
2015-06-10,17:00:00,138.85,138.906,138.438,138.635,0,0
2015-06-10,18:00:00,138.606,139.236,138.606,138.762,0,0
2015-06-10,19:00:00,138.753,138.871,138.634,138.78,0,0
2015-06-10,20:00:00,138.776,138.847,138.673,138.787,0,0
2015-06-10,21:00:00,138.789,138.885,138.723,138.835,0,0
2015-06-10,22:00:00,138.844,138.949,138.805,138.927,0,0
2015-06-10,23:00:00,138.919,138.977,138.851,138.938,0,0
2015-06-10,23:59:00,138.928,139.041,138.867,138.953,0,0
2015-06-11,01:00:00,138.954,139.053,138.912,139.039,0,0
2015-06-11,02:00:00,139.04,139.048,138.926,138.976,0,0
2015-06-11,03:00:00,138.981,139.099,138.981,139.046,0,0
2015-06-11,04:00:00,139.043,139.045,138.788,138.991,0,0
2015-06-11,05:00:00,138.983,139.105,138.876,139.089,0,0
2015-06-11,06:00:00,139.082,139.138,139.038,139.116,0,0
2015-06-11,07:00:00,139.117,139.282,139.049,139.261,0,0
2015-06-11,08:00:00,139.27,139.346,139.186,139.233,0,0
2015-06-11,09:00:00,139.244,139.557,139.214,139.247,0,0
2015-06-11,10:00:00,139.235,139.311,139.041,139.149,0,0
2015-06-11,11:00:00,139.134,139.293,138.809,139.215,0,0
2015-06-11,12:00:00,139.219,139.445,139.151,139.269,0,0
2015-06-11,13:00:00,139.272,139.475,139.255,139.312,0,0
2015-06-11,14:00:00,139.31,139.329,139,139.004,0,0
2015-06-11,15:00:00,139.018,139.126,138.629,138.975,0,0
2015-06-11,16:00:00,138.98,138.989,138.585,138.874,0,0
2015-06-11,17:00:00,138.869,138.992,138.622,138.918,0,0
2015-06-11,18:00:00,138.928,139.131,138.875,138.928,0,0
2015-06-11,19:00:00,138.92,138.981,138.799,138.98,0,0
2015-06-11,20:00:00,138.974,139.04,138.807,138.869,0,0
2015-06-11,21:00:00,138.886,139.029,138.865,138.999,0,0
2015-06-11,22:00:00,139.008,139.099,138.956,139.088,0,0
2015-06-11,23:00:00,139.082,139.097,138.927,138.937,0,0
2015-06-11,23:59:00,138.944,139.03,138.743,138.793,0,0
2015-06-12,01:00:00,138.815,138.935,138.772,138.855,0,0
2015-06-12,02:00:00,138.855,139.025,138.83,138.982,0,0
2015-06-12,03:00:00,138.996,139.071,138.919,138.93,0,0
2015-06-12,04:00:00,138.936,139.031,138.891,138.999,0,0
2015-06-12,05:00:00,139.027,139.027,138.927,138.971,0,0
2015-06-12,06:00:00,138.972,139.126,138.954,139.028,0,0
2015-06-12,07:00:00,139.031,139.064,138.5,138.66,0,0
2015-06-12,08:00:00,138.656,138.841,138.568,138.738,0,0
2015-06-12,09:00:00,138.749,138.772,138.595,138.618,0,0
2015-06-12,10:00:00,138.617,139.053,138.617,138.82,0,0
2015-06-12,11:00:00,138.821,138.991,137.986,138.178,0,0
2015-06-12,12:00:00,138.181,138.354,138.046,138.292,0,0
2015-06-12,13:00:00,138.281,138.589,138.281,138.442,0,0
2015-06-12,14:00:00,138.452,138.539,138.28,138.488,0,0
2015-06-12,15:00:00,138.487,138.923,138.457,138.849,0,0
2015-06-12,16:00:00,138.854,138.991,138.616,138.709,0,0
2015-06-12,17:00:00,138.729,138.966,138.514,138.929,0,0
2015-06-12,18:00:00,138.927,139.2,138.852,138.992,0,0
2015-06-12,19:00:00,138.983,139.185,138.95,139.082,0,0
2015-06-12,20:00:00,139.078,139.192,139.032,139.178,0,0
2015-06-12,21:00:00,139.184,139.32,138.988,138.988,0,0
2015-06-12,22:00:00,138.994,139.009,138.846,138.866,0,0
2015-06-12,23:00:00,138.872,138.893,138.872,138.877,0,0
2015-06-15,01:00:00,138.213,138.465,138.213,138.414,0,0
2015-06-15,02:00:00,138.425,138.451,138.3,138.388,0,0
2015-06-15,03:00:00,138.394,138.591,138.368,138.578,0,0
2015-06-15,04:00:00,138.578,138.594,138.292,138.368,0,0
2015-06-15,05:00:00,138.361,138.426,138.323,138.413,0,0
2015-06-15,06:00:00,138.415,138.505,138.346,138.465,0,0
2015-06-15,07:00:00,138.465,138.52,138.358,138.459,0,0
2015-06-15,08:00:00,138.463,138.487,138.225,138.241,0,0
2015-06-15,09:00:00,138.247,138.642,138.156,138.602,0,0
2015-06-15,10:00:00,138.596,138.897,138.567,138.785,0,0
2015-06-15,11:00:00,138.771,139.098,138.711,138.814,0,0
2015-06-15,12:00:00,138.806,138.853,138.533,138.578,0,0
2015-06-15,13:00:00,138.58,138.802,138.493,138.649,0,0
2015-06-15,14:00:00,138.652,138.754,138.49,138.503,0,0
2015-06-15,15:00:00,138.504,138.685,138.392,138.515,0,0
2015-06-15,16:00:00,138.516,138.693,138.355,138.563,0,0
2015-06-15,17:00:00,138.554,138.977,138.554,138.945,0,0
2015-06-15,18:00:00,138.957,139.018,138.803,138.983,0,0
2015-06-15,19:00:00,139.024,139.345,138.881,139.283,0,0
2015-06-15,20:00:00,139.268,139.307,138.966,139.005,0,0
2015-06-15,21:00:00,138.994,139.302,138.987,139.236,0,0
2015-06-15,22:00:00,139.226,139.344,139.2,139.221,0,0
2015-06-15,23:00:00,139.229,139.26,139.177,139.26,0,0
2015-06-15,23:59:00,139.256,139.351,139.177,139.227,0,0
2015-06-16,01:00:00,139.222,139.236,139.146,139.179,0,0
2015-06-16,02:00:00,139.175,139.211,139.149,139.164,0,0
2015-06-16,03:00:00,139.166,139.203,139.11,139.152,0,0
2015-06-16,04:00:00,139.151,139.48,139.022,139.273,0,0
2015-06-16,05:00:00,139.282,139.368,139.2,139.248,0,0
2015-06-16,06:00:00,139.25,139.381,139.22,139.353,0,0
2015-06-16,07:00:00,139.351,139.432,139.345,139.407,0,0
2015-06-16,08:00:00,139.414,139.414,139.258,139.396,0,0
2015-06-16,09:00:00,139.397,139.891,139.16,139.869,0,0
2015-06-16,10:00:00,139.881,139.999,139.286,139.431,0,0
2015-06-16,11:00:00,139.426,139.64,139.061,139.153,0,0
2015-06-16,12:00:00,139.131,139.271,138.872,139,0,0
2015-06-16,13:00:00,139.006,139.222,138.867,138.971,0,0
2015-06-16,14:00:00,138.981,139.154,138.683,138.705,0,0
2015-06-16,15:00:00,138.703,138.703,138.268,138.628,0,0
2015-06-16,16:00:00,138.62,138.818,138.583,138.741,0,0
2015-06-16,17:00:00,138.731,138.822,138.356,138.695,0,0
2015-06-16,18:00:00,138.683,138.741,138.557,138.646,0,0
2015-06-16,19:00:00,138.658,138.718,138.522,138.711,0,0
2015-06-16,20:00:00,138.72,138.763,138.618,138.639,0,0
2015-06-16,21:00:00,138.626,138.711,138.612,138.67,0,0
2015-06-16,22:00:00,138.66,138.794,138.658,138.682,0,0
2015-06-16,23:00:00,138.686,138.815,138.686,138.754,0,0
2015-06-16,23:59:00,138.75,138.803,138.708,138.74,0,0
2015-06-17,01:00:00,138.745,138.796,138.697,138.77,0,0
2015-06-17,02:00:00,138.769,138.797,138.737,138.79,0,0
2015-06-17,03:00:00,138.784,138.798,138.728,138.789,0,0
2015-06-17,04:00:00,138.787,138.952,138.764,138.882,0,0
2015-06-17,05:00:00,138.883,138.919,138.852,138.916,0,0
2015-06-17,06:00:00,138.916,139.063,138.901,139.022,0,0
2015-06-17,07:00:00,139.022,139.039,138.961,139.004,0,0
2015-06-17,08:00:00,139.021,139.115,138.935,138.957,0,0
2015-06-17,09:00:00,138.97,139.212,138.923,139.106,0,0
2015-06-17,10:00:00,139.115,139.428,139.092,139.372,0,0
2015-06-17,11:00:00,139.363,139.669,139.328,139.487,0,0
2015-06-17,12:00:00,139.494,139.749,139.466,139.603,0,0
2015-06-17,13:00:00,139.601,139.74,139.403,139.431,0,0
2015-06-17,14:00:00,139.439,139.603,139.358,139.563,0,0
2015-06-17,15:00:00,139.602,139.862,139.53,139.676,0,0
2015-06-17,16:00:00,139.686,139.858,139.685,139.778,0,0
2015-06-17,17:00:00,139.787,139.857,139.507,139.555,0,0
2015-06-17,18:00:00,139.561,139.788,139.54,139.686,0,0
2015-06-17,19:00:00,139.706,139.951,139.648,139.926,0,0
2015-06-17,20:00:00,139.923,139.973,139.765,139.973,0,0
2015-06-17,21:00:00,140.012,140.012,139.496,139.828,0,0
2015-06-17,22:00:00,139.827,139.988,139.795,139.959,0,0
2015-06-17,23:00:00,139.966,139.998,139.857,139.935,0,0
2015-06-17,23:59:00,139.931,139.978,139.885,139.969,0,0
2015-06-18,01:00:00,139.974,140.079,139.885,140.047,0,0
2015-06-18,02:00:00,140.053,140.476,140,140.421,0,0
2015-06-18,03:00:00,140.422,140.422,140.188,140.214,0,0
2015-06-18,04:00:00,140.226,140.239,139.89,139.944,0,0
2015-06-18,05:00:00,139.946,140.004,139.762,139.818,0,0
2015-06-18,06:00:00,139.825,139.949,139.806,139.917,0,0
2015-06-18,07:00:00,139.915,139.98,139.876,139.897,0,0
2015-06-18,08:00:00,139.913,139.92,139.618,139.629,0,0
2015-06-18,09:00:00,139.636,139.689,139.499,139.661,0,0
2015-06-18,10:00:00,139.651,139.797,139.548,139.797,0,0
2015-06-18,11:00:00,139.809,140.101,139.664,139.808,0,0
2015-06-18,12:00:00,139.805,139.991,139.629,139.948,0,0
2015-06-18,13:00:00,139.943,139.98,139.619,139.829,0,0
2015-06-18,14:00:00,139.841,139.937,139.759,139.892,0,0
2015-06-18,15:00:00,139.904,140.048,139.781,139.787,0,0
2015-06-18,16:00:00,139.799,140.026,139.766,139.991,0,0
2015-06-18,17:00:00,140.008,140.303,139.926,140.231,0,0
2015-06-18,18:00:00,140.228,140.325,140.069,140.126,0,0
2015-06-18,19:00:00,140.113,140.656,139.692,139.938,0,0
2015-06-18,20:00:00,139.927,140.04,139.722,139.838,0,0
2015-06-18,21:00:00,139.838,139.996,139.815,139.884,0,0
2015-06-18,22:00:00,139.887,139.912,139.65,139.816,0,0
2015-06-18,23:00:00,139.823,139.832,139.679,139.679,0,0
2015-06-18,23:59:00,139.677,139.817,139.675,139.775,0,0
2015-06-19,01:00:00,139.776,140.07,139.731,139.807,0,0
2015-06-19,02:00:00,139.807,139.944,139.807,139.873,0,0
2015-06-19,03:00:00,139.874,139.969,139.843,139.887,0,0
2015-06-19,04:00:00,139.886,139.905,139.826,139.853,0,0
2015-06-19,05:00:00,139.849,139.887,139.8,139.844,0,0
2015-06-19,06:00:00,139.843,139.928,139.788,139.877,0,0
2015-06-19,07:00:00,139.874,139.918,139.71,139.71,0,0
2015-06-19,08:00:00,139.709,139.76,139.678,139.74,0,0
2015-06-19,09:00:00,139.733,139.777,139.549,139.649,0,0
2015-06-19,10:00:00,139.659,139.659,139.073,139.325,0,0
2015-06-19,11:00:00,139.343,139.458,139.107,139.166,0,0
2015-06-19,12:00:00,139.156,139.396,139.121,139.247,0,0
2015-06-19,13:00:00,139.246,139.326,139.073,139.156,0,0
2015-06-19,14:00:00,139.149,139.329,139.123,139.244,0,0
2015-06-19,15:00:00,139.238,139.364,139.146,139.199,0,0
2015-06-19,16:00:00,139.2,139.29,138.927,139.097,0,0
2015-06-19,17:00:00,139.11,139.263,139.023,139.085,0,0
2015-06-19,18:00:00,139.075,139.152,139.046,139.087,0,0
2015-06-19,19:00:00,139.088,139.158,139.045,139.083,0,0
2015-06-19,20:00:00,139.094,139.371,139.077,139.263,0,0
2015-06-19,21:00:00,139.255,139.347,139.218,139.271,0,0
2015-06-19,22:00:00,139.27,139.308,139.198,139.255,0,0
2015-06-19,23:00:00,139.259,139.259,139.195,139.214,0,0
2015-06-22,01:00:00,139.753,139.753,139.449,139.498,0,0
2015-06-22,02:00:00,139.51,139.604,139.458,139.493,0,0
2015-06-22,03:00:00,139.497,139.632,139.466,139.503,0,0
2015-06-22,04:00:00,139.506,139.621,139.445,139.6,0,0
2015-06-22,05:00:00,139.603,139.704,139.542,139.686,0,0
2015-06-22,06:00:00,139.696,139.751,139.673,139.675,0,0
2015-06-22,07:00:00,139.677,139.935,139.67,139.884,0,0
2015-06-22,08:00:00,139.887,139.895,139.765,139.883,0,0
2015-06-22,09:00:00,139.885,140.073,139.699,139.949,0,0
2015-06-22,10:00:00,139.949,140.047,139.398,139.43,0,0
2015-06-22,11:00:00,139.419,139.565,139.269,139.524,0,0
2015-06-22,12:00:00,139.532,139.903,139.51,139.885,0,0
2015-06-22,13:00:00,139.889,140.011,139.759,139.771,0,0
2015-06-22,14:00:00,139.772,140.015,139.761,139.867,0,0
2015-06-22,15:00:00,139.858,139.957,139.734,139.808,0,0
2015-06-22,16:00:00,139.804,140.037,139.733,139.968,0,0
2015-06-22,17:00:00,139.976,140.486,139.911,140.435,0,0
2015-06-22,18:00:00,140.432,140.63,140.291,140.291,0,0
2015-06-22,19:00:00,140.301,140.301,139.983,140.111,0,0
2015-06-22,20:00:00,140.117,140.163,139.91,139.952,0,0
2015-06-22,21:00:00,139.951,140.092,139.878,139.878,0,0
2015-06-22,22:00:00,139.872,139.941,139.709,139.843,0,0
2015-06-22,23:00:00,139.845,139.954,139.833,139.894,0,0
2015-06-22,23:59:00,139.908,139.928,139.81,139.889,0,0
2015-06-23,01:00:00,139.897,139.953,139.856,139.935,0,0
2015-06-23,02:00:00,139.936,140.028,139.936,140.022,0,0
2015-06-23,03:00:00,140.025,140.028,139.915,139.954,0,0
2015-06-23,04:00:00,139.957,139.999,139.918,139.964,0,0
2015-06-23,05:00:00,139.96,139.968,139.275,139.326,0,0
2015-06-23,06:00:00,139.311,139.417,139.269,139.348,0,0
2015-06-23,07:00:00,139.339,139.507,139.288,139.499,0,0
2015-06-23,08:00:00,139.499,139.54,139.416,139.451,0,0
2015-06-23,09:00:00,139.466,139.479,139.114,139.27,0,0
2015-06-23,10:00:00,139.265,139.39,139.237,139.292,0,0
2015-06-23,11:00:00,139.271,139.342,138.922,138.986,0,0
2015-06-23,12:00:00,138.974,139.058,138.809,138.881,0,0
2015-06-23,13:00:00,138.867,138.919,138.76,138.777,0,0
2015-06-23,14:00:00,138.788,138.837,138.625,138.717,0,0
2015-06-23,15:00:00,138.707,138.75,138.386,138.593,0,0
2015-06-23,16:00:00,138.589,138.621,138.246,138.455,0,0
2015-06-23,17:00:00,138.464,138.631,138.343,138.573,0,0
2015-06-23,18:00:00,138.564,138.575,138.382,138.424,0,0
2015-06-23,19:00:00,138.419,138.424,138.273,138.384,0,0
2015-06-23,20:00:00,138.379,138.431,138.212,138.274,0,0
2015-06-23,21:00:00,138.274,138.47,138.253,138.407,0,0
2015-06-23,22:00:00,138.414,138.53,138.245,138.334,0,0
2015-06-23,23:00:00,138.349,138.517,138.349,138.413,0,0
2015-06-23,23:59:00,138.411,138.432,138.272,138.377,0,0
2015-06-24,01:00:00,138.385,138.441,138.319,138.437,0,0
2015-06-24,02:00:00,138.437,138.444,138.326,138.417,0,0
2015-06-24,03:00:00,138.426,138.463,138.299,138.316,0,0
2015-06-24,04:00:00,138.315,138.423,138.301,138.33,0,0
2015-06-24,05:00:00,138.339,138.581,138.334,138.581,0,0
2015-06-24,06:00:00,138.581,138.613,138.519,138.613,0,0
2015-06-24,07:00:00,138.614,138.672,138.563,138.617,0,0
2015-06-24,08:00:00,138.617,139.022,138.595,138.873,0,0
2015-06-24,09:00:00,138.849,138.932,138.63,138.755,0,0
2015-06-24,10:00:00,138.762,139.094,138.669,139.092,0,0
2015-06-24,11:00:00,139.084,139.144,138.892,138.988,0,0
2015-06-24,12:00:00,138.972,139.049,138.496,138.71,0,0
2015-06-24,13:00:00,138.681,138.81,138.486,138.81,0,0
2015-06-24,14:00:00,138.811,138.98,138.713,138.956,0,0
2015-06-24,15:00:00,138.961,138.99,138.659,138.809,0,0
2015-06-24,16:00:00,138.808,138.917,138.635,138.837,0,0
2015-06-24,17:00:00,138.833,139.098,138.787,139.098,0,0
2015-06-24,18:00:00,139.089,139.168,138.857,138.866,0,0
2015-06-24,19:00:00,138.878,138.891,138.657,138.743,0,0
2015-06-24,20:00:00,138.741,138.87,138.61,138.79,0,0
2015-06-24,21:00:00,138.789,138.839,138.654,138.759,0,0
2015-06-24,22:00:00,138.77,138.859,138.681,138.684,0,0
2015-06-24,23:00:00,138.678,138.886,138.665,138.781,0,0
2015-06-24,23:59:00,138.788,138.832,138.745,138.821,0,0
2015-06-25,01:00:00,138.82,138.826,138.765,138.803,0,0
2015-06-25,02:00:00,138.802,138.821,138.737,138.794,0,0
2015-06-25,03:00:00,138.799,138.85,138.759,138.768,0,0
2015-06-25,04:00:00,138.774,138.833,138.77,138.788,0,0
2015-06-25,05:00:00,138.787,138.807,138.739,138.761,0,0
2015-06-25,06:00:00,138.76,138.789,138.613,138.651,0,0
2015-06-25,07:00:00,138.649,138.693,138.51,138.563,0,0
2015-06-25,08:00:00,138.563,138.564,138.412,138.48,0,0
2015-06-25,09:00:00,138.482,138.686,138.429,138.518,0,0
2015-06-25,10:00:00,138.515,138.861,138.47,138.668,0,0
2015-06-25,11:00:00,138.669,138.804,138.386,138.402,0,0
2015-06-25,12:00:00,138.403,138.45,137.682,137.868,0,0
2015-06-25,13:00:00,137.889,138.757,137.796,138.48,0,0
2015-06-25,14:00:00,138.472,138.632,138.315,138.449,0,0
2015-06-25,15:00:00,138.45,138.607,138.428,138.499,0,0
2015-06-25,16:00:00,138.491,138.567,138.181,138.435,0,0
2015-06-25,17:00:00,138.427,138.529,138.214,138.432,0,0
2015-06-25,18:00:00,138.435,138.456,138.321,138.4,0,0
2015-06-25,19:00:00,138.4,138.509,138.392,138.495,0,0
2015-06-25,20:00:00,138.495,138.497,138.412,138.459,0,0
2015-06-25,21:00:00,138.458,138.488,138.357,138.465,0,0
2015-06-25,22:00:00,138.464,138.532,138.435,138.498,0,0
2015-06-25,23:00:00,138.507,138.546,138.452,138.513,0,0
2015-06-25,23:59:00,138.512,138.599,138.455,138.502,0,0
2015-06-26,01:00:00,138.505,138.516,138.419,138.423,0,0
2015-06-26,02:00:00,138.425,138.497,138.405,138.462,0,0
2015-06-26,03:00:00,138.467,138.485,138.119,138.196,0,0
2015-06-26,04:00:00,138.199,138.25,138.003,138.04,0,0
2015-06-26,05:00:00,138.041,138.048,137.807,137.915,0,0
2015-06-26,06:00:00,137.921,138.019,137.913,138.011,0,0
2015-06-26,07:00:00,138.029,138.114,138.016,138.055,0,0
2015-06-26,08:00:00,138.053,138.07,137.895,138.047,0,0
2015-06-26,09:00:00,138.046,138.303,138.026,138.219,0,0
2015-06-26,10:00:00,138.235,138.371,138.048,138.231,0,0
2015-06-26,11:00:00,138.229,138.423,138.227,138.27,0,0
2015-06-26,12:00:00,138.27,138.367,138.202,138.202,0,0
2015-06-26,13:00:00,138.211,138.338,138.096,138.243,0,0
2015-06-26,14:00:00,138.257,138.497,138.202,138.436,0,0
2015-06-26,15:00:00,138.435,138.624,138.349,138.418,0,0
2015-06-26,16:00:00,138.391,138.537,138.233,138.498,0,0
2015-06-26,17:00:00,138.496,138.675,138.034,138.055,0,0
2015-06-26,18:00:00,138.051,138.254,137.994,138.242,0,0
2015-06-26,19:00:00,138.243,138.256,138.047,138.175,0,0
2015-06-26,20:00:00,138.163,138.219,138.1,138.169,0,0
2015-06-26,21:00:00,138.172,138.244,138.156,138.191,0,0
2015-06-26,22:00:00,138.205,138.313,138.205,138.28,0,0
2015-06-26,23:00:00,138.275,138.289,138.275,138.288,0,0
2015-06-29,01:00:00,134.859,134.859,133.765,134.706,0,0
2015-06-29,02:00:00,134.711,134.949,134.455,134.545,0,0
2015-06-29,03:00:00,134.551,135.673,134.441,135.469,0,0
2015-06-29,04:00:00,135.469,135.667,135.422,135.564,0,0
2015-06-29,05:00:00,135.575,135.662,135.527,135.579,0,0
2015-06-29,06:00:00,135.578,135.584,135.287,135.362,0,0
2015-06-29,07:00:00,135.362,135.405,134.848,135.028,0,0
2015-06-29,08:00:00,135.032,135.169,134.484,134.902,0,0
2015-06-29,09:00:00,134.895,136.39,134.839,136.311,0,0
2015-06-29,10:00:00,136.302,136.336,135.906,136.09,0,0
2015-06-29,11:00:00,136.076,136.868,136,136.715,0,0
2015-06-29,12:00:00,136.718,136.73,136.173,136.389,0,0
2015-06-29,13:00:00,136.395,136.8,136.203,136.633,0,0
2015-06-29,14:00:00,136.65,136.669,136.472,136.581,0,0
2015-06-29,15:00:00,136.566,136.884,136.492,136.645,0,0
2015-06-29,16:00:00,136.653,136.825,136.464,136.62,0,0
2015-06-29,17:00:00,136.657,137.148,136.641,136.739,0,0
2015-06-29,18:00:00,136.769,137.248,136.669,136.974,0,0
2015-06-29,19:00:00,136.978,137.384,136.909,137.318,0,0
2015-06-29,20:00:00,137.323,138.113,137.233,137.662,0,0
2015-06-29,21:00:00,137.679,137.91,137.589,137.778,0,0
2015-06-29,22:00:00,137.756,137.827,137.537,137.724,0,0
2015-06-29,23:00:00,137.72,137.874,137.653,137.686,0,0
2015-06-29,23:59:00,137.682,137.754,137.647,137.651,0,0
2015-06-30,01:00:00,137.628,137.689,137.395,137.449,0,0
2015-06-30,02:00:00,137.454,137.677,137.407,137.625,0,0
2015-06-30,03:00:00,137.626,137.638,137.087,137.142,0,0
2015-06-30,04:00:00,137.135,137.221,137.047,137.098,0,0
2015-06-30,05:00:00,137.106,137.151,136.682,136.701,0,0
2015-06-30,06:00:00,136.704,137.08,136.704,137.031,0,0
2015-06-30,07:00:00,136.854,137.031,136.83,136.895,0,0
2015-06-30,08:00:00,136.882,137.029,136.754,136.769,0,0
2015-06-30,09:00:00,136.787,137.027,136.623,136.624,0,0
2015-06-30,10:00:00,136.632,136.793,136.428,136.519,0,0
2015-06-30,11:00:00,136.518,136.614,135.89,135.977,0,0
2015-06-30,12:00:00,135.987,136.995,135.933,136.916,0,0
2015-06-30,13:00:00,136.921,137.249,136.679,136.905,0,0
2015-06-30,14:00:00,136.92,137.001,136.735,136.789,0,0
2015-06-30,15:00:00,136.786,137.279,136.786,137.259,0,0
2015-06-30,16:00:00,137.256,137.524,136.878,136.968,0,0
2015-06-30,17:00:00,136.967,137.094,136.301,136.313,0,0
2015-06-30,18:00:00,136.313,136.408,136.133,136.178,0,0
2015-06-30,19:00:00,136.175,136.344,135.985,136.191,0,0
2015-06-30,20:00:00,136.189,136.39,136.141,136.39,0,0
2015-06-30,21:00:00,136.369,136.473,136.154,136.33,0,0
2015-06-30,22:00:00,136.33,136.503,136.3,136.476,0,0
2015-06-30,23:00:00,136.46,136.465,136.294,136.449,0,0
2015-06-30,23:59:00,136.559,136.58,136.356,136.4,0,0
2015-07-01,01:00:00,136.396,136.42,136.243,136.255,0,0
2015-07-01,02:00:00,136.255,136.326,136.185,136.28,0,0
2015-07-01,03:00:00,136.297,136.471,136.272,136.437,0,0
2015-07-01,04:00:00,136.453,136.557,136.415,136.507,0,0
2015-07-01,05:00:00,136.504,136.508,136.341,136.35,0,0
2015-07-01,06:00:00,136.365,136.479,136.354,136.466,0,0
2015-07-01,07:00:00,136.465,136.496,136.366,136.453,0,0
2015-07-01,08:00:00,136.453,136.608,136.451,136.523,0,0
2015-07-01,09:00:00,136.52,136.661,136.395,136.487,0,0
2015-07-01,10:00:00,136.463,136.566,136.152,136.277,0,0
2015-07-01,11:00:00,136.265,136.933,136.082,136.899,0,0
2015-07-01,12:00:00,136.921,137.417,136.596,136.662,0,0
2015-07-01,13:00:00,136.652,136.789,136.438,136.558,0,0
2015-07-01,14:00:00,136.563,136.661,136.459,136.509,0,0
2015-07-01,15:00:00,136.512,136.653,136.376,136.491,0,0
2015-07-01,16:00:00,136.499,136.611,136.246,136.302,0,0
2015-07-01,17:00:00,136.313,136.579,136.203,136.571,0,0
2015-07-01,18:00:00,136.578,136.578,136.302,136.354,0,0
2015-07-01,19:00:00,136.353,136.43,136.267,136.268,0,0
2015-07-01,20:00:00,136.267,136.334,136.124,136.182,0,0
2015-07-01,21:00:00,136.184,136.214,136.039,136.08,0,0
2015-07-01,22:00:00,136.081,136.156,136.032,136.124,0,0
2015-07-01,23:00:00,136.125,136.212,136.057,136.141,0,0
2015-07-01,23:59:00,136.146,136.187,136.115,136.157,0,0
2015-07-02,01:00:00,136.157,136.205,136.082,136.107,0,0
2015-07-02,02:00:00,136.107,136.162,136.052,136.13,0,0
2015-07-02,03:00:00,136.121,136.3,136.089,136.268,0,0
2015-07-02,04:00:00,136.27,136.451,136.25,136.414,0,0
2015-07-02,05:00:00,136.421,136.648,136.389,136.572,0,0
2015-07-02,06:00:00,136.572,136.629,136.517,136.524,0,0
2015-07-02,07:00:00,136.524,136.615,136.488,136.576,0,0
2015-07-02,08:00:00,136.594,136.623,136.537,136.611,0,0
2015-07-02,09:00:00,136.612,136.793,136.433,136.665,0,0
2015-07-02,10:00:00,136.683,136.736,136.453,136.587,0,0
2015-07-02,11:00:00,136.577,136.918,136.539,136.825,0,0
2015-07-02,12:00:00,136.802,136.824,136.718,136.789,0,0
2015-07-02,13:00:00,136.78,136.886,136.681,136.717,0,0
2015-07-02,14:00:00,136.706,136.892,136.706,136.809,0,0
2015-07-02,15:00:00,136.812,136.866,136.488,136.595,0,0
2015-07-02,16:00:00,136.586,136.586,136.388,136.419,0,0
2015-07-02,17:00:00,136.411,136.686,136.396,136.677,0,0
2015-07-02,18:00:00,136.678,136.727,136.553,136.562,0,0
2015-07-02,19:00:00,136.565,136.637,136.529,136.623,0,0
2015-07-02,20:00:00,136.622,136.653,136.415,136.454,0,0
2015-07-02,21:00:00,136.441,136.464,136.353,136.43,0,0
2015-07-02,22:00:00,136.43,136.504,136.355,136.426,0,0
2015-07-02,23:00:00,136.388,136.459,136.332,136.421,0,0
2015-07-02,23:59:00,136.416,136.444,136.377,136.433,0,0
2015-07-03,01:00:00,136.437,136.521,136.399,136.472,0,0
2015-07-03,02:00:00,136.472,136.474,136.41,136.424,0,0
2015-07-03,03:00:00,136.425,136.44,136.228,136.34,0,0
2015-07-03,04:00:00,136.34,136.393,136.283,136.363,0,0
2015-07-03,05:00:00,136.361,136.531,136.337,136.527,0,0
2015-07-03,06:00:00,136.527,136.592,136.498,136.503,0,0
2015-07-03,07:00:00,136.503,136.585,136.484,136.574,0,0
2015-07-03,08:00:00,136.583,136.689,136.522,136.551,0,0
2015-07-03,09:00:00,136.561,136.666,136.529,136.571,0,0
2015-07-03,10:00:00,136.563,136.8,136.538,136.729,0,0
2015-07-03,11:00:00,136.716,136.849,136.634,136.653,0,0
2015-07-03,12:00:00,136.671,136.708,136.575,136.628,0,0
2015-07-03,13:00:00,136.642,136.648,136.555,136.595,0,0
2015-07-03,14:00:00,136.599,136.599,136.385,136.403,0,0
2015-07-03,15:00:00,136.4,136.44,136.067,136.19,0,0
2015-07-03,16:00:00,136.195,136.347,136.068,136.115,0,0
2015-07-03,17:00:00,136.125,136.265,136.088,136.199,0,0
2015-07-03,18:00:00,136.214,136.296,136.084,136.11,0,0
2015-07-03,19:00:00,136.11,136.328,135.929,135.966,0,0
2015-07-03,20:00:00,135.971,136.288,135.971,136.241,0,0
2015-07-03,21:00:00,136.235,136.354,136.205,136.298,0,0
2015-07-03,22:00:00,136.307,136.413,136.157,136.322,0,0
2015-07-03,23:00:00,136.322,136.358,136.321,136.354,0,0
2015-07-06,01:00:00,134.192,135.044,133.92,134.887,0,0
2015-07-06,02:00:00,134.884,135.004,134.571,134.6,0,0
2015-07-06,03:00:00,134.6,135.162,134.585,134.996,0,0
2015-07-06,04:00:00,134.991,135.571,134.988,135.463,0,0
2015-07-06,05:00:00,135.479,135.511,135.315,135.339,0,0
2015-07-06,06:00:00,135.348,135.348,135.133,135.191,0,0
2015-07-06,07:00:00,135.2,135.215,134.858,134.93,0,0
2015-07-06,08:00:00,134.928,135.771,134.569,135.504,0,0
2015-07-06,09:00:00,135.519,135.764,135.346,135.588,0,0
2015-07-06,10:00:00,135.589,135.926,135.439,135.926,0,0
2015-07-06,11:00:00,135.906,136.058,135.528,135.592,0,0
2015-07-06,12:00:00,135.595,135.657,135.454,135.535,0,0
2015-07-06,13:00:00,135.535,135.576,135.235,135.437,0,0
2015-07-06,14:00:00,135.445,135.646,135.142,135.167,0,0
2015-07-06,15:00:00,135.178,135.341,135.021,135.324,0,0
2015-07-06,16:00:00,135.32,135.446,135.167,135.422,0,0
2015-07-06,17:00:00,135.431,135.978,135.385,135.85,0,0
2015-07-06,18:00:00,135.84,135.864,135.602,135.71,0,0
2015-07-06,19:00:00,135.709,135.903,135.635,135.703,0,0
2015-07-06,20:00:00,135.714,135.807,135.428,135.495,0,0
2015-07-06,21:00:00,135.484,135.484,135.12,135.246,0,0
2015-07-06,22:00:00,135.253,135.434,135.248,135.403,0,0
2015-07-06,23:00:00,135.419,135.538,135.393,135.518,0,0
2015-07-06,23:59:00,135.514,135.54,135.479,135.513,0,0
2015-07-07,01:00:00,135.512,135.585,135.48,135.533,0,0
2015-07-07,02:00:00,135.535,135.559,135.463,135.52,0,0
2015-07-07,03:00:00,135.519,135.671,135.424,135.667,0,0
2015-07-07,04:00:00,135.665,135.671,135.403,135.451,0,0
2015-07-07,05:00:00,135.452,135.468,135.351,135.364,0,0
2015-07-07,06:00:00,135.366,135.387,135.228,135.33,0,0
2015-07-07,07:00:00,135.332,135.36,135.247,135.333,0,0
2015-07-07,08:00:00,135.332,135.419,135.266,135.394,0,0
2015-07-07,09:00:00,135.395,135.494,135.227,135.332,0,0
2015-07-07,10:00:00,135.333,135.376,135.04,135.077,0,0
2015-07-07,11:00:00,135.077,135.161,134.458,134.505,0,0
2015-07-07,12:00:00,134.509,134.75,134.4,134.688,0,0
2015-07-07,13:00:00,134.685,134.749,134.243,134.602,0,0
2015-07-07,14:00:00,134.576,134.604,134.011,134.112,0,0
2015-07-07,15:00:00,134.112,134.169,133.675,133.851,0,0
2015-07-07,16:00:00,133.856,134.082,133.768,134.023,0,0
2015-07-07,17:00:00,134.018,134.018,133.522,133.631,0,0
2015-07-07,18:00:00,133.65,133.841,133.511,133.783,0,0
2015-07-07,19:00:00,133.792,133.966,133.701,133.774,0,0
2015-07-07,20:00:00,133.773,134.248,133.773,134.208,0,0
2015-07-07,21:00:00,134.226,134.425,134.119,134.388,0,0
2015-07-07,22:00:00,134.388,135.429,134.388,135.083,0,0
2015-07-07,23:00:00,135.091,135.158,134.757,134.928,0,0
2015-07-07,23:59:00,134.933,134.962,134.563,134.685,0,0
2015-07-08,01:00:00,134.677,134.795,134.599,134.79,0,0
2015-07-08,02:00:00,134.806,134.954,134.774,134.885,0,0
2015-07-08,03:00:00,134.883,134.891,134.46,134.494,0,0
2015-07-08,04:00:00,134.496,134.498,133.955,134.311,0,0
2015-07-08,05:00:00,134.287,134.462,134.182,134.251,0,0
2015-07-08,06:00:00,134.247,134.325,134.016,134.161,0,0
2015-07-08,07:00:00,134.159,134.567,134.124,134.25,0,0
2015-07-08,08:00:00,134.268,134.487,134.245,134.256,0,0
2015-07-08,09:00:00,134.273,134.361,134.075,134.103,0,0
2015-07-08,10:00:00,134.089,134.471,133.766,134.387,0,0
2015-07-08,11:00:00,134.409,134.528,133.983,134.327,0,0
2015-07-08,12:00:00,134.32,134.503,134.165,134.179,0,0
2015-07-08,13:00:00,134.178,134.184,133.784,133.821,0,0
2015-07-08,14:00:00,133.841,134.091,133.808,133.885,0,0
2015-07-08,15:00:00,133.873,134.122,133.833,134.008,0,0
2015-07-08,16:00:00,134.001,134.095,133.677,133.706,0,0
2015-07-08,17:00:00,133.698,134.017,133.473,133.959,0,0
2015-07-08,18:00:00,133.928,133.959,133.398,133.457,0,0
2015-07-08,19:00:00,133.459,133.804,133.397,133.411,0,0
2015-07-08,20:00:00,133.422,133.604,133.351,133.47,0,0
2015-07-08,21:00:00,133.467,133.644,133.334,133.411,0,0
2015-07-08,22:00:00,133.417,133.652,133.311,133.545,0,0
2015-07-08,23:00:00,133.565,133.796,133.553,133.707,0,0
2015-07-08,23:59:00,133.708,133.708,133.558,133.582,0,0
2015-07-09,01:00:00,133.55,133.661,133.365,133.653,0,0
2015-07-09,02:00:00,133.655,133.833,133.646,133.833,0,0
2015-07-09,03:00:00,133.843,133.86,133.462,133.565,0,0
2015-07-09,04:00:00,133.566,133.928,133.564,133.889,0,0
2015-07-09,05:00:00,133.909,134.343,133.889,134.058,0,0
2015-07-09,06:00:00,134.059,134.347,134.059,134.241,0,0
2015-07-09,07:00:00,134.238,134.396,134.227,134.396,0,0
2015-07-09,08:00:00,134.403,134.971,134.38,134.858,0,0
2015-07-09,09:00:00,134.85,135.069,134.563,134.757,0,0
2015-07-09,10:00:00,134.737,134.737,133.852,133.894,0,0
2015-07-09,11:00:00,133.873,134.157,133.823,134.084,0,0
2015-07-09,12:00:00,134.081,134.103,133.807,133.983,0,0
2015-07-09,13:00:00,133.976,134.08,133.888,134.08,0,0
2015-07-09,14:00:00,134.098,134.404,134.021,134.357,0,0
2015-07-09,15:00:00,134.364,134.44,133.897,134.092,0,0
2015-07-09,16:00:00,134.09,134.296,133.937,134.056,0,0
2015-07-09,17:00:00,134.068,134.184,133.912,134.008,0,0
2015-07-09,18:00:00,133.996,134.041,133.609,133.642,0,0
2015-07-09,19:00:00,133.643,133.76,133.491,133.491,0,0
2015-07-09,20:00:00,133.493,133.638,133.311,133.505,0,0
2015-07-09,21:00:00,133.491,133.687,133.452,133.617,0,0
2015-07-09,22:00:00,133.624,133.851,133.602,133.745,0,0
2015-07-09,23:00:00,133.73,133.926,133.716,133.903,0,0
2015-07-09,23:59:00,133.919,134.237,133.821,134.237,0,0
2015-07-10,01:00:00,134.202,134.953,134.202,134.83,0,0
2015-07-10,02:00:00,134.832,134.864,134.526,134.623,0,0
2015-07-10,03:00:00,134.624,134.812,134.345,134.778,0,0
2015-07-10,04:00:00,134.77,135.22,134.757,135.12,0,0
2015-07-10,05:00:00,135.113,135.406,135.036,135.397,0,0
2015-07-10,06:00:00,135.392,135.438,135.202,135.325,0,0
2015-07-10,07:00:00,135.327,135.387,135.104,135.135,0,0
2015-07-10,08:00:00,135.136,135.786,135.043,135.531,0,0
2015-07-10,09:00:00,135.514,135.775,135.197,135.237,0,0
2015-07-10,10:00:00,135.264,135.939,135.05,135.813,0,0
2015-07-10,11:00:00,135.809,135.91,135.58,135.739,0,0
2015-07-10,12:00:00,135.735,136.771,135.635,136.498,0,0
2015-07-10,13:00:00,136.502,137.037,136.48,136.942,0,0
2015-07-10,14:00:00,136.939,137.283,136.689,136.814,0,0
2015-07-10,15:00:00,136.811,137.132,136.769,137.102,0,0
2015-07-10,16:00:00,137.115,137.252,136.894,137.099,0,0
2015-07-10,17:00:00,137.113,137.248,136.936,137.069,0,0
2015-07-10,18:00:00,137.06,137.106,136.651,136.876,0,0
2015-07-10,19:00:00,136.857,137.081,136.689,136.697,0,0
2015-07-10,20:00:00,136.699,136.779,136.633,136.779,0,0
2015-07-10,21:00:00,136.779,136.791,136.687,136.713,0,0
2015-07-10,22:00:00,136.704,136.901,136.69,136.901,0,0
2015-07-10,23:00:00,136.9,136.9,136.863,136.867,0,0
2015-07-13,01:00:00,136.533,136.718,136.199,136.214,0,0
2015-07-13,02:00:00,136.208,136.577,136.152,136.347,0,0
2015-07-13,03:00:00,136.343,136.549,136.303,136.405,0,0
2015-07-13,04:00:00,136.406,136.431,136.155,136.327,0,0
2015-07-13,05:00:00,136.317,136.458,136.252,136.447,0,0
2015-07-13,06:00:00,136.468,136.828,136.326,136.568,0,0
2015-07-13,07:00:00,136.573,136.66,136.412,136.481,0,0
2015-07-13,08:00:00,136.496,136.718,136.461,136.607,0,0
2015-07-13,09:00:00,136.613,137.79,136.336,137.616,0,0
2015-07-13,10:00:00,137.605,137.616,136.738,136.89,0,0
2015-07-13,11:00:00,136.877,136.877,136.415,136.605,0,0
2015-07-13,12:00:00,136.569,136.799,136.516,136.761,0,0
2015-07-13,13:00:00,136.765,136.765,136.513,136.565,0,0
2015-07-13,14:00:00,136.542,136.667,136.423,136.534,0,0
2015-07-13,15:00:00,136.544,136.576,136.216,136.506,0,0
2015-07-13,16:00:00,136.5,136.5,136.275,136.349,0,0
2015-07-13,17:00:00,136.398,136.447,135.886,135.907,0,0
2015-07-13,18:00:00,135.927,136.114,135.889,135.937,0,0
2015-07-13,19:00:00,135.936,136.081,135.863,135.951,0,0
2015-07-13,20:00:00,135.954,135.987,135.792,135.818,0,0
2015-07-13,21:00:00,135.817,135.926,135.766,135.772,0,0
2015-07-13,22:00:00,135.766,135.88,135.743,135.748,0,0
2015-07-13,23:00:00,135.747,135.88,135.747,135.797,0,0
2015-07-13,23:59:00,135.794,135.88,135.743,135.869,0,0
2015-07-14,01:00:00,135.876,136.026,135.811,136.026,0,0
2015-07-14,02:00:00,136.026,136.035,135.746,135.762,0,0
2015-07-14,03:00:00,135.776,135.908,135.742,135.877,0,0
2015-07-14,04:00:00,135.875,135.959,135.817,135.874,0,0
2015-07-14,05:00:00,135.872,135.97,135.82,135.908,0,0
2015-07-14,06:00:00,135.904,135.947,135.826,135.924,0,0
2015-07-14,07:00:00,135.924,135.948,135.832,135.909,0,0
2015-07-14,08:00:00,135.908,135.918,135.547,135.563,0,0
2015-07-14,09:00:00,135.562,135.666,135.295,135.539,0,0
2015-07-14,10:00:00,135.54,135.878,135.392,135.707,0,0
2015-07-14,11:00:00,135.711,136.236,135.711,136.133,0,0
2015-07-14,12:00:00,136.144,136.313,135.929,136.188,0,0
2015-07-14,13:00:00,136.188,136.261,135.97,135.996,0,0
2015-07-14,14:00:00,136.01,136.084,135.959,136.002,0,0
2015-07-14,15:00:00,136.01,136.391,135.975,136.068,0,0
2015-07-14,16:00:00,136.068,136.213,136.019,136.084,0,0
2015-07-14,17:00:00,136.096,136.114,135.674,135.765,0,0
2015-07-14,18:00:00,135.751,135.956,135.751,135.926,0,0
2015-07-14,19:00:00,135.923,135.934,135.727,135.823,0,0
2015-07-14,20:00:00,135.826,135.83,135.713,135.728,0,0
2015-07-14,21:00:00,135.719,135.819,135.719,135.806,0,0
2015-07-14,22:00:00,135.805,135.817,135.722,135.77,0,0
2015-07-14,23:00:00,135.769,135.862,135.738,135.827,0,0
2015-07-14,23:59:00,135.845,135.855,135.779,135.816,0,0
2015-07-15,01:00:00,135.816,135.911,135.795,135.839,0,0
2015-07-15,02:00:00,135.84,135.858,135.73,135.75,0,0
2015-07-15,03:00:00,135.755,135.759,135.548,135.62,0,0
2015-07-15,04:00:00,135.615,135.825,135.61,135.794,0,0
2015-07-15,05:00:00,135.788,135.879,135.734,135.772,0,0
2015-07-15,06:00:00,135.772,135.896,135.714,135.858,0,0
2015-07-15,07:00:00,135.865,135.878,135.726,135.78,0,0
2015-07-15,08:00:00,135.779,135.82,135.628,135.761,0,0
2015-07-15,09:00:00,135.76,136.084,135.695,135.866,0,0
2015-07-15,10:00:00,135.862,136.136,135.821,136.067,0,0
2015-07-15,11:00:00,136.067,136.374,136.067,136.266,0,0
2015-07-15,12:00:00,136.278,136.332,136.169,136.198,0,0
2015-07-15,13:00:00,136.196,136.28,136.132,136.154,0,0
2015-07-15,14:00:00,136.151,136.155,135.854,135.94,0,0
2015-07-15,15:00:00,135.939,135.986,135.785,135.785,0,0
2015-07-15,16:00:00,135.797,135.843,135.637,135.738,0,0
2015-07-15,17:00:00,135.742,135.905,135.536,135.8,0,0
2015-07-15,18:00:00,135.809,135.892,135.718,135.823,0,0
2015-07-15,19:00:00,135.827,135.884,135.532,135.627,0,0
2015-07-15,20:00:00,135.631,135.641,135.376,135.524,0,0
2015-07-15,21:00:00,135.524,135.593,135.378,135.436,0,0
2015-07-15,22:00:00,135.44,135.59,135.359,135.588,0,0
2015-07-15,23:00:00,135.574,135.602,135.467,135.536,0,0
2015-07-15,23:59:00,135.516,135.553,135.461,135.484,0,0
2015-07-16,01:00:00,135.493,135.849,135.452,135.838,0,0
2015-07-16,02:00:00,135.842,135.876,135.499,135.528,0,0
2015-07-16,03:00:00,135.545,135.588,135.42,135.47,0,0
2015-07-16,04:00:00,135.476,135.505,135.147,135.32,0,0
2015-07-16,05:00:00,135.326,135.433,135.261,135.39,0,0
2015-07-16,06:00:00,135.394,135.454,135.327,135.373,0,0
2015-07-16,07:00:00,135.373,135.39,135.282,135.336,0,0
2015-07-16,08:00:00,135.343,135.388,135.204,135.336,0,0
2015-07-16,09:00:00,135.348,135.555,135.246,135.405,0,0
2015-07-16,10:00:00,135.378,135.466,135.052,135.092,0,0
2015-07-16,11:00:00,135.086,135.296,135.065,135.149,0,0
2015-07-16,12:00:00,135.127,135.258,135.035,135.167,0,0
2015-07-16,13:00:00,135.168,135.206,134.976,135.058,0,0
2015-07-16,14:00:00,135.054,135.149,134.925,134.932,0,0
2015-07-16,15:00:00,134.927,135.26,134.771,134.771,0,0
2015-07-16,16:00:00,134.776,135.286,134.756,135.265,0,0
2015-07-16,17:00:00,135.246,135.356,135.153,135.291,0,0
2015-07-16,18:00:00,135.301,135.305,135.151,135.181,0,0
2015-07-16,19:00:00,135.17,135.185,134.911,134.943,0,0
2015-07-16,20:00:00,134.94,135.115,134.925,135.027,0,0
2015-07-16,21:00:00,135.03,135.082,134.934,134.974,0,0
2015-07-16,22:00:00,134.97,135.046,134.961,135.007,0,0
2015-07-16,23:00:00,134.995,135.047,134.962,135.007,0,0
2015-07-16,23:59:00,135.007,135.068,135.001,135.012,0,0
2015-07-17,01:00:00,135.013,135.097,134.969,135.082,0,0
2015-07-17,02:00:00,135.082,135.16,135.028,135.141,0,0
2015-07-17,03:00:00,135.129,135.178,135.07,135.122,0,0
2015-07-17,04:00:00,135.121,135.252,135.083,135.205,0,0
2015-07-17,05:00:00,135.205,135.247,135.124,135.185,0,0
2015-07-17,06:00:00,135.185,135.276,135.184,135.249,0,0
2015-07-17,07:00:00,135.249,135.262,135.134,135.178,0,0
2015-07-17,08:00:00,135.164,135.174,134.956,135.012,0,0
2015-07-17,09:00:00,135.027,135.134,134.947,135.013,0,0
2015-07-17,10:00:00,135.009,135.201,134.899,135.014,0,0
2015-07-17,11:00:00,135.014,135.211,134.915,135.106,0,0
2015-07-17,12:00:00,135.115,135.262,135.069,135.069,0,0
2015-07-17,13:00:00,135.066,135.143,134.921,134.997,0,0
2015-07-17,14:00:00,134.988,135.134,134.915,135.107,0,0
2015-07-17,15:00:00,135.107,135.107,134.78,134.823,0,0
2015-07-17,16:00:00,134.821,134.908,134.563,134.689,0,0
2015-07-17,17:00:00,134.686,134.686,134.499,134.566,0,0
2015-07-17,18:00:00,134.564,134.616,134.482,134.53,0,0
2015-07-17,19:00:00,134.53,134.667,134.461,134.667,0,0
2015-07-17,20:00:00,134.661,134.666,134.542,134.566,0,0
2015-07-17,21:00:00,134.566,134.676,134.555,134.614,0,0
2015-07-17,22:00:00,134.616,134.654,134.544,134.547,0,0
2015-07-17,23:00:00,134.544,134.554,134.544,134.551,0,0
2015-07-20,01:00:00,134.475,134.561,134.458,134.507,0,0
2015-07-20,02:00:00,134.508,134.518,134.425,134.451,0,0
2015-07-20,03:00:00,134.441,134.504,134.401,134.448,0,0
2015-07-20,04:00:00,134.448,134.492,134.368,134.375,0,0
2015-07-20,05:00:00,134.365,134.466,134.352,134.419,0,0
2015-07-20,06:00:00,134.416,134.437,134.374,134.385,0,0
2015-07-20,07:00:00,134.397,134.459,134.389,134.442,0,0
2015-07-20,08:00:00,134.44,134.465,134.41,134.446,0,0
2015-07-20,09:00:00,134.448,134.667,134.402,134.581,0,0
2015-07-20,10:00:00,134.637,134.874,134.602,134.852,0,0
2015-07-20,11:00:00,134.864,134.928,134.771,134.832,0,0
2015-07-20,12:00:00,134.846,134.918,134.581,134.695,0,0
2015-07-20,13:00:00,134.61,134.7,134.561,134.675,0,0
2015-07-20,14:00:00,134.687,134.764,134.569,134.753,0,0
2015-07-20,15:00:00,134.764,134.922,134.718,134.818,0,0
2015-07-20,16:00:00,134.794,134.864,134.715,134.732,0,0
2015-07-20,17:00:00,134.759,135.012,134.756,134.981,0,0
2015-07-20,18:00:00,134.976,135.047,134.791,134.796,0,0
2015-07-20,19:00:00,134.795,134.884,134.735,134.738,0,0
2015-07-20,20:00:00,134.738,134.786,134.636,134.659,0,0
2015-07-20,21:00:00,134.663,134.682,134.578,134.578,0,0
2015-07-20,22:00:00,134.581,134.687,134.563,134.671,0,0
2015-07-20,23:00:00,134.67,134.67,134.382,134.52,0,0
2015-07-20,23:59:00,134.547,134.599,134.479,134.528,0,0
