Date,Time,Open,High,Low,Close,Volume,OpenInt
2015-04-22,01:00:00,3.98731,3.98846,3.98655,3.98687,0,0
2015-04-22,02:00:00,3.98687,3.99009,3.98658,3.98968,0,0
2015-04-22,03:00:00,3.98978,3.99024,3.98919,3.98943,0,0
2015-04-22,04:00:00,3.9895,3.99007,3.9892,3.98961,0,0
2015-04-22,05:00:00,3.9897,3.99006,3.98913,3.98967,0,0
2015-04-22,06:00:00,3.98959,3.99002,3.98864,3.98916,0,0
2015-04-22,07:00:00,3.98916,3.98969,3.98624,3.98916,0,0
2015-04-22,08:00:00,3.98911,3.99084,3.98848,3.98981,0,0
2015-04-22,09:00:00,3.98968,3.99046,3.98342,3.99037,0,0
2015-04-22,10:00:00,3.99037,3.99659,3.98539,3.99498,0,0
2015-04-22,11:00:00,3.99483,4.00321,3.99358,4.0019,0,0
2015-04-22,12:00:00,4.00203,4.00724,4.00164,4.00261,0,0
2015-04-22,13:00:00,4.00253,4.00439,3.99874,3.99878,0,0
2015-04-22,14:00:00,3.99873,4.0069,3.99869,4.00396,0,0
2015-04-22,15:00:00,4.00369,4.0038,3.9963,3.99827,0,0
2015-04-22,16:00:00,3.99826,4.00342,3.99788,4.00011,0,0
2015-04-22,17:00:00,4.00045,4.00086,3.99237,3.99378,0,0
2015-04-22,18:00:00,3.99348,3.99558,3.98724,3.99178,0,0
2015-04-22,19:00:00,3.99172,3.99256,3.98761,3.98788,0,0
2015-04-22,20:00:00,3.9879,3.99259,3.98745,3.98974,0,0
2015-04-22,21:00:00,3.98971,3.99151,3.9873,3.98871,0,0
2015-04-22,22:00:00,3.98876,3.98908,3.98698,3.98804,0,0
2015-04-22,23:00:00,3.98808,3.98971,3.98668,3.98812,0,0
2015-04-22,23:59:00,3.98828,3.9888,3.98764,3.98826,0,0
2015-04-23,01:00:00,3.98826,3.9898,3.98787,3.98914,0,0
2015-04-23,02:00:00,3.9896,3.99159,3.98933,3.99137,0,0
2015-04-23,03:00:00,3.99139,3.99336,3.99081,3.99162,0,0
2015-04-23,04:00:00,3.99162,3.992,3.98983,3.99143,0,0
2015-04-23,05:00:00,3.99147,3.99258,3.98873,3.98943,0,0
2015-04-23,06:00:00,3.98939,3.9912,3.98814,3.9912,0,0
2015-04-23,07:00:00,3.99115,3.99176,3.98836,3.99012,0,0
2015-04-23,08:00:00,3.98986,3.99192,3.98763,3.98876,0,0
2015-04-23,09:00:00,3.98817,3.9969,3.98751,3.99587,0,0
2015-04-23,10:00:00,3.99597,4.00515,3.98864,4.00243,0,0
2015-04-23,11:00:00,4.00238,4.0157,4.00237,4.00754,0,0
2015-04-23,12:00:00,4.0075,4.01387,4.00497,4.01197,0,0
2015-04-23,13:00:00,4.01219,4.01745,4.00971,4.01246,0,0
2015-04-23,14:00:00,4.0125,4.01578,4.01193,4.01466,0,0
2015-04-23,15:00:00,4.01463,4.01991,4.01397,4.01517,0,0
2015-04-23,16:00:00,4.01518,4.01547,4.00649,4.00657,0,0
2015-04-23,17:00:00,4.00737,4.0094,3.99832,4.00348,0,0
2015-04-23,18:00:00,4.00353,4.0066,4.00137,4.00476,0,0
2015-04-23,19:00:00,4.00493,4.00618,3.99904,4.00468,0,0
2015-04-23,20:00:00,4.00455,4.00755,3.99966,4.00029,0,0
2015-04-23,21:00:00,4.00036,4.00326,3.99878,3.999,0,0
2015-04-23,22:00:00,3.99907,4.00145,3.99858,4.00013,0,0
2015-04-23,23:00:00,4.00018,4.00194,3.9999,3.9999,0,0
2015-04-23,23:59:00,3.9991,4.00143,3.99909,4.00003,0,0
2015-04-24,01:00:00,4.00003,4.00047,3.99959,3.99996,0,0
2015-04-24,02:00:00,4.0001,4.0007,3.99996,4.00028,0,0
2015-04-24,03:00:00,4.00002,4.00085,3.99981,4.00036,0,0
2015-04-24,04:00:00,4.00027,4.00053,3.99832,3.99979,0,0
2015-04-24,05:00:00,3.99998,4.00125,3.99918,3.99929,0,0
2015-04-24,06:00:00,3.99964,3.99992,3.99905,3.99968,0,0
2015-04-24,07:00:00,3.99931,3.99992,3.997,3.99852,0,0
2015-04-24,08:00:00,3.99852,4.00057,3.99764,4.00045,0,0
2015-04-24,09:00:00,4.00034,4.0095,3.99982,4.00845,0,0
2015-04-24,10:00:00,4.00846,4.01426,4.00495,4.00844,0,0
2015-04-24,11:00:00,4.0087,4.01661,4.00721,4.01622,0,0
2015-04-24,12:00:00,4.01603,4.01608,4.00439,4.00959,0,0
2015-04-24,13:00:00,4.00979,4.01253,4.00628,4.00892,0,0
2015-04-24,14:00:00,4.00884,4.01862,4.00664,4.01446,0,0
2015-04-24,15:00:00,4.01453,4.01622,4.00661,4.01168,0,0
2015-04-24,16:00:00,4.01138,4.01938,4.00862,4.0179,0,0
2015-04-24,17:00:00,4.01795,4.03112,4.01662,4.02585,0,0
2015-04-24,18:00:00,4.02558,4.03489,4.02344,4.03273,0,0
2015-04-24,19:00:00,4.03272,4.04191,4.03153,4.03935,0,0
2015-04-24,20:00:00,4.03994,4.04539,4.03908,4.04028,0,0
2015-04-24,21:00:00,4.04191,4.04828,4.03957,4.04377,0,0
2015-04-24,22:00:00,4.04399,4.04445,4.03758,4.03793,0,0
2015-04-24,23:00:00,4.0376,4.0381,4.0376,4.0377,0,0
2015-04-27,01:00:00,4.03472,4.03472,4.03186,4.03325,0,0
2015-04-27,02:00:00,4.03323,4.03687,4.03251,4.03363,0,0
2015-04-27,03:00:00,4.0339,4.03914,4.03245,4.0332,0,0
2015-04-27,04:00:00,4.03288,4.03542,4.03195,4.03217,0,0
2015-04-27,05:00:00,4.03195,4.03509,4.03178,4.0336,0,0
2015-04-27,06:00:00,4.03359,4.03937,4.03087,4.03876,0,0
2015-04-27,07:00:00,4.0388,4.03969,4.03416,4.03465,0,0
2015-04-27,08:00:00,4.0347,4.04019,4.03222,4.03835,0,0
2015-04-27,09:00:00,4.03835,4.04088,4.03201,4.03716,0,0
2015-04-27,10:00:00,4.03737,4.04051,4.03313,4.03512,0,0
2015-04-27,11:00:00,4.03479,4.0348,4.01883,4.02033,0,0
2015-04-27,12:00:00,4.02032,4.02122,4.01553,4.02068,0,0
2015-04-27,13:00:00,4.02068,4.02074,4.01046,4.01152,0,0
2015-04-27,14:00:00,4.01218,4.0149,4.01015,4.01307,0,0
2015-04-27,15:00:00,4.01293,4.01324,3.99762,3.99933,0,0
2015-04-27,16:00:00,3.99932,4.00402,3.99605,3.99653,0,0
2015-04-27,17:00:00,3.99638,3.99663,3.98448,3.98593,0,0
2015-04-27,18:00:00,3.98607,3.99149,3.98554,3.98821,0,0
2015-04-27,19:00:00,3.98811,3.99076,3.98734,3.98962,0,0
2015-04-27,20:00:00,3.98954,3.99065,3.98853,3.99028,0,0
2015-04-27,21:00:00,3.99047,3.99071,3.98865,3.99004,0,0
2015-04-27,22:00:00,3.98988,3.99013,3.9892,3.98947,0,0
2015-04-27,23:00:00,3.98932,3.98973,3.98809,3.98912,0,0
2015-04-27,23:59:00,3.98731,3.99006,3.98636,3.98828,0,0
2015-04-28,01:00:00,3.98829,3.98847,3.98717,3.98807,0,0
2015-04-28,02:00:00,3.98801,3.98854,3.98722,3.98849,0,0
2015-04-28,03:00:00,3.98849,3.98908,3.98749,3.98904,0,0
2015-04-28,04:00:00,3.98904,3.98905,3.98791,3.98825,0,0
2015-04-28,05:00:00,3.98825,3.98865,3.98785,3.98812,0,0
2015-04-28,06:00:00,3.98804,3.98869,3.98781,3.98852,0,0
2015-04-28,07:00:00,3.98803,3.9886,3.98749,3.98806,0,0
2015-04-28,08:00:00,3.98806,3.98837,3.98565,3.98726,0,0
2015-04-28,09:00:00,3.98726,3.99351,3.98684,3.99319,0,0
2015-04-28,10:00:00,3.99318,4.00338,3.98978,4.00294,0,0
2015-04-28,11:00:00,4.00328,4.00915,4.00226,4.00673,0,0
2015-04-28,12:00:00,4.00673,4.00786,3.99726,4.00274,0,0
2015-04-28,13:00:00,4.00289,4.00731,4.00236,4.00567,0,0
2015-04-28,14:00:00,4.006,4.00757,4.0027,4.00417,0,0
2015-04-28,15:00:00,4.0041,4.0041,3.99683,4.00129,0,0
2015-04-28,16:00:00,4.00129,4.00227,3.99615,3.99974,0,0
2015-04-28,17:00:00,3.99975,4.01188,3.99582,4.00343,0,0
2015-04-28,18:00:00,4.00342,4.00531,3.99804,3.99935,0,0
2015-04-28,19:00:00,3.99925,3.99948,3.99333,3.9947,0,0
2015-04-28,20:00:00,3.99444,3.99855,3.99379,3.99632,0,0
2015-04-28,21:00:00,3.99632,3.99925,3.99452,3.99876,0,0
2015-04-28,22:00:00,3.99853,3.99967,3.99508,3.99511,0,0
2015-04-28,23:00:00,3.99529,3.99624,3.99443,3.99624,0,0
2015-04-28,23:59:00,3.9952,3.99828,3.99314,3.99475,0,0
2015-04-29,01:00:00,3.99481,3.99783,3.99433,3.99685,0,0
2015-04-29,02:00:00,3.99682,3.99877,3.99656,3.99741,0,0
2015-04-29,03:00:00,3.99748,3.99784,3.99708,3.99749,0,0
2015-04-29,04:00:00,3.99753,3.99804,3.99713,3.99774,0,0
2015-04-29,05:00:00,3.99778,3.99834,3.99721,3.99775,0,0
2015-04-29,06:00:00,3.99758,3.99815,3.99758,3.99791,0,0
2015-04-29,07:00:00,3.99796,3.998,3.99545,3.99628,0,0
2015-04-29,08:00:00,3.99605,3.9976,3.99569,3.99728,0,0
2015-04-29,09:00:00,3.99724,4.00213,3.99639,4.00137,0,0
2015-04-29,10:00:00,4.00133,4.00607,3.99892,4.00229,0,0
2015-04-29,11:00:00,4.0021,4.00657,4.00151,4.00612,0,0
2015-04-29,12:00:00,4.00602,4.01508,4.00542,4.01217,0,0
2015-04-29,13:00:00,4.01228,4.01537,4.00874,4.01252,0,0
2015-04-29,14:00:00,4.01231,4.01377,4.0109,4.01146,0,0
2015-04-29,15:00:00,4.01149,4.02619,4.00981,4.01711,0,0
2015-04-29,16:00:00,4.01759,4.01805,4.00938,4.01038,0,0
2015-04-29,17:00:00,4.01055,4.02012,4.0094,4.01585,0,0
2015-04-29,18:00:00,4.01586,4.01914,4.0079,4.01518,0,0
2015-04-29,19:00:00,4.01415,4.02323,4.01096,4.02029,0,0
2015-04-29,20:00:00,4.01967,4.02083,4.00714,4.00947,0,0
2015-04-29,21:00:00,4.00943,4.0134,4.0044,4.01134,0,0
2015-04-29,22:00:00,4.01135,4.01177,4.00832,4.00839,0,0
2015-04-29,23:00:00,4.00818,4.01091,4.00637,4.01091,0,0
2015-04-29,23:59:00,4.01205,4.01337,4.00854,4.0116,0,0
2015-04-30,01:00:00,4.01156,4.01364,4.01063,4.01103,0,0
2015-04-30,02:00:00,4.01127,4.01206,4.00958,4.01119,0,0
2015-04-30,03:00:00,4.01119,4.01146,4.01024,4.01085,0,0
2015-04-30,04:00:00,4.01085,4.01274,4.01039,4.01127,0,0
2015-04-30,05:00:00,4.01099,4.01197,4.00706,4.00861,0,0
2015-04-30,06:00:00,4.01134,4.01424,4.00839,4.00973,0,0
2015-04-30,07:00:00,4.00973,4.01271,4.00652,4.00679,0,0
2015-04-30,08:00:00,4.00679,4.0149,4.00638,4.01477,0,0
2015-04-30,09:00:00,4.0145,4.02193,4.01437,4.02013,0,0
2015-04-30,10:00:00,4.02031,4.03823,4.01828,4.03755,0,0
2015-04-30,11:00:00,4.03722,4.04271,4.02434,4.03341,0,0
2015-04-30,12:00:00,4.03317,4.0356,4.0214,4.02359,0,0
2015-04-30,13:00:00,4.02371,4.0288,4.02087,4.02734,0,0
2015-04-30,14:00:00,4.02741,4.02848,4.02017,4.02039,0,0
2015-04-30,15:00:00,4.02023,4.02666,4.01529,4.02397,0,0
2015-04-30,16:00:00,4.02419,4.03142,4.02281,4.03014,0,0
2015-04-30,17:00:00,4.03004,4.04551,4.02835,4.04323,0,0
2015-04-30,18:00:00,4.04317,4.04824,4.04183,4.04646,0,0
2015-04-30,19:00:00,4.04657,4.04735,4.03703,4.03979,0,0
2015-04-30,20:00:00,4.04006,4.04589,4.0383,4.04221,0,0
2015-04-30,21:00:00,4.04207,4.04666,4.04114,4.04637,0,0
2015-04-30,22:00:00,4.04658,4.04774,4.03933,4.04147,0,0
2015-04-30,23:00:00,4.0416,4.04526,4.03947,4.04217,0,0
2015-04-30,23:59:00,4.04277,4.04622,4.03947,4.04151,0,0
2015-05-01,01:00:00,4.04201,4.04201,4.03724,4.03991,0,0
2015-05-01,02:00:00,4.04005,4.04072,4.0366,4.03952,0,0
2015-05-01,03:00:00,4.03964,4.0405,4.03336,4.03681,0,0
2015-05-01,04:00:00,4.03681,4.04137,4.0334,4.0368,0,0
2015-05-01,05:00:00,4.0368,4.04008,4.03309,4.03441,0,0
2015-05-01,06:00:00,4.03403,4.04288,4.03174,4.03413,0,0
2015-05-01,07:00:00,4.03413,4.0394,4.02932,4.0334,0,0
2015-05-01,08:00:00,4.03329,4.03503,4.03257,4.03491,0,0
2015-05-01,09:00:00,4.03462,4.04372,4.0332,4.04037,0,0
2015-05-01,10:00:00,4.03991,4.04605,4.03646,4.04102,0,0
2015-05-01,11:00:00,4.04043,4.04479,4.03982,4.0418,0,0
2015-05-01,12:00:00,4.04178,4.04844,4.0416,4.04691,0,0
2015-05-01,13:00:00,4.04688,4.05328,4.04585,4.0485,0,0
2015-05-01,14:00:00,4.04844,4.04978,4.04706,4.04861,0,0
2015-05-01,15:00:00,4.04869,4.0587,4.04863,4.05803,0,0
2015-05-01,16:00:00,4.05813,4.07446,4.05791,4.06951,0,0
2015-05-01,17:00:00,4.0699,4.07737,4.06538,4.07355,0,0
2015-05-01,18:00:00,4.07375,4.0764,4.07317,4.07515,0,0
2015-05-01,19:00:00,4.07501,4.07685,4.07395,4.0744,0,0
2015-05-01,20:00:00,4.07435,4.07435,4.06682,4.0693,0,0
2015-05-01,21:00:00,4.0693,4.07321,4.06712,4.07285,0,0
2015-05-01,22:00:00,4.07321,4.07321,4.0725,4.07306,0,0
2015-05-01,23:00:00,4.07284,4.07317,4.07284,4.0731,0,0
2015-05-04,01:00:00,4.06867,4.07013,4.0635,4.06631,0,0
2015-05-04,02:00:00,4.06634,4.06944,4.06606,4.06741,0,0
2015-05-04,03:00:00,4.06741,4.06784,4.06607,4.06712,0,0
2015-05-04,04:00:00,4.06709,4.06772,4.06634,4.0671,0,0
2015-05-04,05:00:00,4.0671,4.06795,4.06655,4.06745,0,0
2015-05-04,06:00:00,4.06745,4.06936,4.06644,4.06719,0,0
2015-05-04,07:00:00,4.06719,4.06799,4.0665,4.06679,0,0
2015-05-04,08:00:00,4.06679,4.06883,4.06368,4.06368,0,0
2015-05-04,09:00:00,4.06423,4.06753,4.05495,4.05711,0,0
2015-05-04,10:00:00,4.05715,4.06129,4.04305,4.04437,0,0
2015-05-04,11:00:00,4.04433,4.05082,4.04401,4.04684,0,0
2015-05-04,12:00:00,4.0469,4.04737,4.04053,4.04531,0,0
2015-05-04,13:00:00,4.04531,4.04539,4.04073,4.04119,0,0
2015-05-04,14:00:00,4.04133,4.04324,4.03921,4.04224,0,0
2015-05-04,15:00:00,4.0422,4.04635,4.04187,4.04272,0,0
2015-05-04,16:00:00,4.04273,4.04313,4.02528,4.02743,0,0
2015-05-04,17:00:00,4.02717,4.02894,4.0254,4.02599,0,0
2015-05-04,18:00:00,4.02631,4.03505,4.02545,4.03439,0,0
2015-05-04,19:00:00,4.03443,4.03443,4.02741,4.02893,0,0
2015-05-04,20:00:00,4.02902,4.03416,4.02878,4.03397,0,0
2015-05-04,21:00:00,4.03409,4.0345,4.03202,4.03221,0,0
2015-05-04,22:00:00,4.03225,4.0323,4.0287,4.03047,0,0
2015-05-04,23:00:00,4.03049,4.03088,4.02901,4.03022,0,0
2015-05-04,23:59:00,4.02924,4.03082,4.02658,4.02879,0,0
2015-05-05,01:00:00,4.02879,4.02936,4.02711,4.02843,0,0
2015-05-05,02:00:00,4.02846,4.02944,4.02812,4.02883,0,0
2015-05-05,03:00:00,4.02877,4.02917,4.02833,4.02876,0,0
2015-05-05,04:00:00,4.02876,4.0292,4.02843,4.02888,0,0
2015-05-05,05:00:00,4.02892,4.03153,4.02862,4.03085,0,0
2015-05-05,06:00:00,4.03085,4.032,4.03069,4.03141,0,0
2015-05-05,07:00:00,4.03132,4.03224,4.0295,4.03092,0,0
2015-05-05,08:00:00,4.0309,4.03168,4.0288,4.02942,0,0
2015-05-05,09:00:00,4.02906,4.03461,4.02888,4.0308,0,0
2015-05-05,10:00:00,4.03086,4.03203,4.02337,4.02689,0,0
2015-05-05,11:00:00,4.02684,4.02853,4.01567,4.01833,0,0
2015-05-05,12:00:00,4.01855,4.01926,4.01343,4.01595,0,0
2015-05-05,13:00:00,4.01584,4.01909,4.01441,4.01839,0,0
2015-05-05,14:00:00,4.01849,4.02102,4.01611,4.01641,0,0
2015-05-05,15:00:00,4.0164,4.02178,4.01611,4.02161,0,0
2015-05-05,16:00:00,4.02168,4.02948,4.01884,4.02703,0,0
2015-05-05,17:00:00,4.02802,4.0374,4.02711,4.03457,0,0
2015-05-05,18:00:00,4.0348,4.03963,4.0308,4.03167,0,0
2015-05-05,19:00:00,4.0318,4.03421,4.03039,4.03208,0,0
2015-05-05,20:00:00,4.03199,4.03423,4.02892,4.0316,0,0
2015-05-05,21:00:00,4.0316,4.03224,4.03125,4.03155,0,0
2015-05-05,22:00:00,4.0315,4.03168,4.02953,4.02987,0,0
2015-05-05,23:00:00,4.02962,4.03004,4.0294,4.02957,0,0
2015-05-05,23:59:00,4.02964,4.02989,4.02867,4.02901,0,0
2015-05-06,01:00:00,4.02897,4.02946,4.02854,4.02908,0,0
2015-05-06,02:00:00,4.02908,4.03326,4.02884,4.03281,0,0
2015-05-06,03:00:00,4.03281,4.03329,4.0315,4.03225,0,0
2015-05-06,04:00:00,4.03225,4.03292,4.03124,4.0322,0,0
2015-05-06,05:00:00,4.03213,4.03219,4.02952,4.02961,0,0
2015-05-06,06:00:00,4.02962,4.03083,4.02955,4.03051,0,0
2015-05-06,07:00:00,4.03038,4.03102,4.03014,4.03037,0,0
2015-05-06,08:00:00,4.03053,4.03471,4.03029,4.03274,0,0
2015-05-06,09:00:00,4.03212,4.04676,4.0305,4.04371,0,0
2015-05-06,10:00:00,4.04405,4.06157,4.04307,4.06091,0,0
2015-05-06,11:00:00,4.0611,4.06121,4.05144,4.05486,0,0
2015-05-06,12:00:00,4.05448,4.0562,4.04857,4.05447,0,0
2015-05-06,13:00:00,4.05447,4.05964,4.05023,4.05077,0,0
2015-05-06,14:00:00,4.05101,4.05277,4.04223,4.04656,0,0
2015-05-06,15:00:00,4.04649,4.0613,4.04324,4.05348,0,0
2015-05-06,16:00:00,4.05388,4.06317,4.05339,4.05782,0,0
2015-05-06,17:00:00,4.05759,4.06198,4.03964,4.04208,0,0
2015-05-06,18:00:00,4.0432,4.0483,4.03914,4.03955,0,0
2015-05-06,19:00:00,4.03941,4.04353,4.03914,4.04275,0,0
2015-05-06,20:00:00,4.04278,4.04296,4.04047,4.04151,0,0
2015-05-06,21:00:00,4.04162,4.04693,4.04047,4.0464,0,0
2015-05-06,22:00:00,4.04645,4.04735,4.04516,4.0461,0,0
2015-05-06,23:00:00,4.04595,4.04799,4.04447,4.04551,0,0
2015-05-06,23:59:00,4.04581,4.04654,4.04523,4.04561,0,0
2015-05-07,01:00:00,4.04579,4.04607,4.04514,4.04545,0,0
2015-05-07,02:00:00,4.04549,4.04578,4.0451,4.04518,0,0
2015-05-07,03:00:00,4.04508,4.04575,4.04361,4.04489,0,0
2015-05-07,04:00:00,4.04489,4.04603,4.04446,4.04582,0,0
2015-05-07,05:00:00,4.04584,4.04628,4.04512,4.04537,0,0
2015-05-07,06:00:00,4.04537,4.04631,4.0452,4.04601,0,0
2015-05-07,07:00:00,4.04595,4.0463,4.04505,4.04551,0,0
2015-05-07,08:00:00,4.04551,4.05314,4.04524,4.05174,0,0
2015-05-07,09:00:00,4.05155,4.05938,4.04891,4.05696,0,0
2015-05-07,10:00:00,4.05678,4.07071,4.05161,4.07044,0,0
2015-05-07,11:00:00,4.06962,4.07822,4.06669,4.06876,0,0
2015-05-07,12:00:00,4.06885,4.08582,4.06839,4.07838,0,0
2015-05-07,13:00:00,4.07818,4.07863,4.06118,4.06293,0,0
2015-05-07,14:00:00,4.06278,4.06632,4.04856,4.0499,0,0
2015-05-07,15:00:00,4.04879,4.05282,4.04091,4.05061,0,0
2015-05-07,16:00:00,4.05075,4.05134,4.03883,4.03907,0,0
2015-05-07,17:00:00,4.03903,4.04935,4.03879,4.04753,0,0
2015-05-07,18:00:00,4.0473,4.05533,4.04676,4.05203,0,0
2015-05-07,19:00:00,4.05189,4.0525,4.04647,4.04727,0,0
2015-05-07,20:00:00,4.04711,4.04748,4.04399,4.04621,0,0
2015-05-07,21:00:00,4.04621,4.04854,4.04459,4.04729,0,0
2015-05-07,22:00:00,4.04723,4.04823,4.04441,4.04618,0,0
2015-05-07,23:00:00,4.04632,4.0471,4.04445,4.04547,0,0
2015-05-07,23:59:00,4.04654,4.04913,4.04407,4.04552,0,0
2015-05-08,01:00:00,4.04481,4.04544,4.04242,4.04424,0,0
2015-05-08,02:00:00,4.04424,4.04559,4.04381,4.04539,0,0
2015-05-08,03:00:00,4.04534,4.04535,4.04403,4.0447,0,0
2015-05-08,04:00:00,4.04463,4.04595,4.04322,4.04412,0,0
2015-05-08,05:00:00,4.04403,4.04514,4.0426,4.04401,0,0
2015-05-08,06:00:00,4.04405,4.04485,4.04281,4.04432,0,0
2015-05-08,07:00:00,4.04419,4.04456,4.04385,4.0444,0,0
2015-05-08,08:00:00,4.0444,4.0451,4.04108,4.04178,0,0
2015-05-08,09:00:00,4.04418,4.04689,4.03798,4.04236,0,0
2015-05-08,10:00:00,4.04353,4.04855,4.03648,4.04464,0,0
2015-05-08,11:00:00,4.04366,4.05793,4.04366,4.05559,0,0
2015-05-08,12:00:00,4.05564,4.07086,4.05479,4.0673,0,0
2015-05-08,13:00:00,4.06728,4.069,4.06133,4.06838,0,0
2015-05-08,14:00:00,4.06847,4.07254,4.06531,4.06887,0,0
2015-05-08,15:00:00,4.06893,4.09133,4.05844,4.06649,0,0
2015-05-08,16:00:00,4.06638,4.06638,4.04774,4.0525,0,0
2015-05-08,17:00:00,4.05272,4.05382,4.04558,4.0479,0,0
2015-05-08,18:00:00,4.04774,4.05186,4.04164,4.04937,0,0
2015-05-08,19:00:00,4.04928,4.05184,4.04569,4.04696,0,0
2015-05-08,20:00:00,4.04696,4.04886,4.0454,4.04601,0,0
2015-05-08,21:00:00,4.04572,4.04708,4.0445,4.04623,0,0
2015-05-08,22:00:00,4.04643,4.04656,4.04462,4.04572,0,0
2015-05-08,23:00:00,4.04581,4.04581,4.04581,4.04581,0,0
2015-05-11,01:00:00,4.06585,4.06616,4.05921,4.06088,0,0
2015-05-11,02:00:00,4.06088,4.06361,4.05946,4.06064,0,0
2015-05-11,03:00:00,4.06064,4.06297,4.05982,4.06241,0,0
2015-05-11,04:00:00,4.0624,4.0629,4.05884,4.06033,0,0
2015-05-11,05:00:00,4.06017,4.06065,4.05795,4.05893,0,0
2015-05-11,06:00:00,4.05898,4.06512,4.0585,4.06298,0,0
2015-05-11,07:00:00,4.06294,4.06348,4.06108,4.06315,0,0
2015-05-11,08:00:00,4.06304,4.07354,4.0585,4.06097,0,0
2015-05-11,09:00:00,4.05977,4.06409,4.05836,4.06041,0,0
2015-05-11,10:00:00,4.06034,4.07504,4.05836,4.0731,0,0
2015-05-11,11:00:00,4.07282,4.07746,4.06734,4.07714,0,0
2015-05-11,12:00:00,4.07724,4.07724,4.06952,4.07243,0,0
2015-05-11,13:00:00,4.07246,4.07255,4.06415,4.06518,0,0
2015-05-11,14:00:00,4.06522,4.06979,4.06283,4.06299,0,0
2015-05-11,15:00:00,4.06306,4.07346,4.06276,4.06882,0,0
2015-05-11,16:00:00,4.06879,4.06879,4.06365,4.06401,0,0
2015-05-11,17:00:00,4.06396,4.06814,4.06343,4.06468,0,0
2015-05-11,18:00:00,4.06461,4.07354,4.06394,4.07064,0,0
2015-05-11,19:00:00,4.07056,4.07704,4.06971,4.07629,0,0
2015-05-11,20:00:00,4.07652,4.07749,4.07587,4.0767,0,0
2015-05-11,21:00:00,4.07683,4.07759,4.07578,4.07738,0,0
2015-05-11,22:00:00,4.07733,4.087,4.07698,4.0812,0,0
2015-05-11,23:00:00,4.08134,4.08268,4.07908,4.0811,0,0
2015-05-11,23:59:00,4.08085,4.08282,4.07918,4.08173,0,0
2015-05-12,01:00:00,4.08188,4.08287,4.07501,4.08062,0,0
2015-05-12,02:00:00,4.08062,4.08123,4.08035,4.08076,0,0
2015-05-12,03:00:00,4.08076,4.08122,4.08038,4.08092,0,0
2015-05-12,04:00:00,4.08092,4.08124,4.08032,4.08076,0,0
2015-05-12,05:00:00,4.0807,4.08131,4.08035,4.08106,0,0
2015-05-12,06:00:00,4.0807,4.08239,4.079,4.08195,0,0
2015-05-12,07:00:00,4.08204,4.08287,4.0813,4.08226,0,0
2015-05-12,08:00:00,4.08242,4.08384,4.07873,4.08286,0,0
2015-05-12,09:00:00,4.08358,4.09815,4.08263,4.09718,0,0
2015-05-12,10:00:00,4.09712,4.09987,4.09284,4.09536,0,0
2015-05-12,11:00:00,4.09612,4.10456,4.09357,4.10175,0,0
2015-05-12,12:00:00,4.10154,4.10745,4.09988,4.10034,0,0
2015-05-12,13:00:00,4.1004,4.10049,4.08691,4.08857,0,0
2015-05-12,14:00:00,4.08905,4.10256,4.08793,4.10136,0,0
2015-05-12,15:00:00,4.10145,4.10391,4.09691,4.09975,0,0
2015-05-12,16:00:00,4.10027,4.11141,4.10027,4.10357,0,0
2015-05-12,17:00:00,4.10424,4.1066,4.09629,4.0981,0,0
2015-05-12,18:00:00,4.09797,4.10008,4.0942,4.09562,0,0
2015-05-12,19:00:00,4.0957,4.09939,4.09332,4.09928,0,0
2015-05-12,20:00:00,4.09902,4.10021,4.0975,4.09845,0,0
2015-05-12,21:00:00,4.09873,4.10108,4.09697,4.09896,0,0
2015-05-12,22:00:00,4.09896,4.09978,4.09834,4.09951,0,0
2015-05-12,23:00:00,4.10103,4.10138,4.09927,4.09975,0,0
2015-05-12,23:59:00,4.09998,4.10097,4.09656,4.09966,0,0
2015-05-13,01:00:00,4.09971,4.10032,4.09526,4.0967,0,0
2015-05-13,02:00:00,4.0967,4.09821,4.09381,4.09386,0,0
2015-05-13,03:00:00,4.09399,4.10116,4.09379,4.10071,0,0
2015-05-13,04:00:00,4.10104,4.1012,4.09995,4.10043,0,0
2015-05-13,05:00:00,4.10051,4.10117,4.09925,4.09984,0,0
2015-05-13,06:00:00,4.09979,4.1003,4.09915,4.09965,0,0
2015-05-13,07:00:00,4.0996,4.10079,4.09924,4.09978,0,0
2015-05-13,08:00:00,4.09978,4.10127,4.09568,4.09891,0,0
2015-05-13,09:00:00,4.09931,4.10049,4.09105,4.09431,0,0
2015-05-13,10:00:00,4.09449,4.09623,4.07042,4.07247,0,0
2015-05-13,11:00:00,4.07294,4.07702,4.07006,4.07555,0,0
2015-05-13,12:00:00,4.07566,4.07784,4.07249,4.07685,0,0
2015-05-13,13:00:00,4.07676,4.08535,4.07633,4.08244,0,0
2015-05-13,14:00:00,4.08246,4.08859,4.08013,4.08555,0,0
2015-05-13,15:00:00,4.08543,4.10471,4.06841,4.0755,0,0
2015-05-13,16:00:00,4.07542,4.08315,4.07114,4.08314,0,0
2015-05-13,17:00:00,4.0829,4.09138,4.07593,4.09127,0,0
2015-05-13,18:00:00,4.09112,4.09465,4.08944,4.09425,0,0
2015-05-13,19:00:00,4.09426,4.09815,4.09307,4.09809,0,0
2015-05-13,20:00:00,4.09802,4.09833,4.09282,4.0957,0,0
2015-05-13,21:00:00,4.09564,4.09812,4.09454,4.09797,0,0
2015-05-13,22:00:00,4.09804,4.09947,4.09704,4.09818,0,0
2015-05-13,23:00:00,4.09818,4.10031,4.09746,4.09906,0,0
2015-05-13,23:59:00,4.09869,4.10001,4.09714,4.09966,0,0
2015-05-14,01:00:00,4.09959,4.09978,4.09724,4.09733,0,0
2015-05-14,02:00:00,4.09739,4.09867,4.09504,4.09513,0,0
2015-05-14,03:00:00,4.09513,4.10087,4.09496,4.10057,0,0
2015-05-14,04:00:00,4.10057,4.1019,4.09663,4.09664,0,0
2015-05-14,05:00:00,4.09746,4.09817,4.09453,4.09592,0,0
2015-05-14,06:00:00,4.09573,4.09668,4.09531,4.09602,0,0
2015-05-14,07:00:00,4.09626,4.09654,4.09506,4.09544,0,0
2015-05-14,08:00:00,4.09544,4.09812,4.09475,4.09792,0,0
2015-05-14,09:00:00,4.09775,4.10608,4.09337,4.10521,0,0
2015-05-14,10:00:00,4.10507,4.1075,4.09461,4.09652,0,0
2015-05-14,11:00:00,4.09612,4.09999,4.09089,4.09509,0,0
2015-05-14,12:00:00,4.09499,4.10085,4.09263,4.09561,0,0
2015-05-14,13:00:00,4.09576,4.09652,4.09104,4.09228,0,0
2015-05-14,14:00:00,4.09232,4.09392,4.08301,4.08383,0,0
2015-05-14,15:00:00,4.08374,4.0866,4.07325,4.07391,0,0
2015-05-14,16:00:00,4.07371,4.07447,4.06664,4.07111,0,0
2015-05-14,17:00:00,4.07113,4.07518,4.06291,4.06707,0,0
2015-05-14,18:00:00,4.06684,4.06967,4.06393,4.06913,0,0
2015-05-14,19:00:00,4.06908,4.07138,4.06757,4.06891,0,0
2015-05-14,20:00:00,4.06884,4.07113,4.06869,4.06965,0,0
2015-05-14,21:00:00,4.06949,4.0701,4.06679,4.06756,0,0
2015-05-14,22:00:00,4.0676,4.06878,4.06712,4.06845,0,0
2015-05-14,23:00:00,4.06836,4.06943,4.06672,4.06672,0,0
2015-05-14,23:59:00,4.06652,4.06941,4.06574,4.0689,0,0
2015-05-15,01:00:00,4.06889,4.06994,4.06779,4.06814,0,0
2015-05-15,02:00:00,4.06881,4.07195,4.06723,4.06918,0,0
2015-05-15,03:00:00,4.06918,4.06991,4.06862,4.06911,0,0
2015-05-15,04:00:00,4.06923,4.06993,4.06689,4.06826,0,0
2015-05-15,05:00:00,4.06816,4.07069,4.06556,4.06754,0,0
2015-05-15,06:00:00,4.06754,4.07115,4.06743,4.06992,0,0
2015-05-15,07:00:00,4.06992,4.07037,4.06715,4.06814,0,0
2015-05-15,08:00:00,4.06778,4.07173,4.06633,4.06961,0,0
2015-05-15,09:00:00,4.06946,4.07032,4.06211,4.06411,0,0
2015-05-15,10:00:00,4.0639,4.06568,4.05142,4.05142,0,0
2015-05-15,11:00:00,4.05136,4.05901,4.04688,4.05733,0,0
2015-05-15,12:00:00,4.05739,4.05739,4.0482,4.05078,0,0
2015-05-15,13:00:00,4.05084,4.05306,4.04789,4.05283,0,0
2015-05-15,14:00:00,4.05277,4.05447,4.04355,4.04486,0,0
2015-05-15,15:00:00,4.0449,4.04968,4.03798,4.04863,0,0
2015-05-15,16:00:00,4.04858,4.0574,4.04814,4.0537,0,0
2015-05-15,17:00:00,4.05381,4.05959,4.05169,4.05322,0,0
2015-05-15,18:00:00,4.05272,4.05327,4.04724,4.05209,0,0
2015-05-15,19:00:00,4.05209,4.05287,4.04826,4.04873,0,0
2015-05-15,20:00:00,4.04879,4.04934,4.04694,4.04818,0,0
2015-05-15,21:00:00,4.0483,4.04895,4.04427,4.0455,0,0
2015-05-15,22:00:00,4.04541,4.04543,4.03932,4.04062,0,0
2015-05-15,23:00:00,4.04069,4.04076,4.04003,4.04017,0,0
2015-05-18,01:00:00,4.04709,4.04709,4.04473,4.04668,0,0
2015-05-18,02:00:00,4.04664,4.04759,4.04528,4.04714,0,0
2015-05-18,03:00:00,4.04714,4.04771,4.04298,4.04477,0,0
2015-05-18,04:00:00,4.04477,4.04975,4.04038,4.04095,0,0
2015-05-18,05:00:00,4.04118,4.04968,4.04071,4.04671,0,0
2015-05-18,06:00:00,4.04661,4.04966,4.04387,4.04882,0,0
2015-05-18,07:00:00,4.04882,4.05048,4.04677,4.0496,0,0
2015-05-18,08:00:00,4.0496,4.05004,4.04669,4.04837,0,0
2015-05-18,09:00:00,4.04814,4.04982,4.0442,4.04901,0,0
2015-05-18,10:00:00,4.04899,4.04916,4.04008,4.04126,0,0
2015-05-18,11:00:00,4.04077,4.04748,4.038,4.04505,0,0
2015-05-18,12:00:00,4.04505,4.05573,4.04387,4.0539,0,0
2015-05-18,13:00:00,4.05389,4.05985,4.05389,4.05859,0,0
2015-05-18,14:00:00,4.05868,4.06236,4.05624,4.06053,0,0
2015-05-18,15:00:00,4.06062,4.063,4.05935,4.06177,0,0
2015-05-18,16:00:00,4.06171,4.06268,4.05687,4.0626,0,0
2015-05-18,17:00:00,4.06266,4.06858,4.06051,4.06798,0,0
2015-05-18,18:00:00,4.068,4.07738,4.06783,4.07685,0,0
2015-05-18,19:00:00,4.07681,4.07713,4.07041,4.07107,0,0
2015-05-18,20:00:00,4.07109,4.0738,4.06974,4.07316,0,0
2015-05-18,21:00:00,4.07294,4.07451,4.07072,4.07379,0,0
2015-05-18,22:00:00,4.07377,4.07547,4.07344,4.07374,0,0
2015-05-18,23:00:00,4.07374,4.07545,4.07314,4.07436,0,0
2015-05-18,23:59:00,4.07348,4.07575,4.07331,4.07483,0,0
2015-05-19,01:00:00,4.07487,4.0777,4.07442,4.07475,0,0
2015-05-19,02:00:00,4.0747,4.07558,4.07345,4.07519,0,0
2015-05-19,03:00:00,4.07519,4.07569,4.07444,4.07495,0,0
2015-05-19,04:00:00,4.07491,4.07555,4.07412,4.07477,0,0
2015-05-19,05:00:00,4.07444,4.07574,4.07432,4.07549,0,0
2015-05-19,06:00:00,4.07545,4.076,4.07527,4.0755,0,0
2015-05-19,07:00:00,4.07564,4.07571,4.07459,4.0752,0,0
2015-05-19,08:00:00,4.07515,4.07615,4.07502,4.07601,0,0
2015-05-19,09:00:00,4.07621,4.0767,4.06498,4.06547,0,0
2015-05-19,10:00:00,4.06555,4.06555,4.03734,4.04134,0,0
2015-05-19,11:00:00,4.04124,4.04745,4.04054,4.04602,0,0
2015-05-19,12:00:00,4.04529,4.05228,4.04294,4.05214,0,0
2015-05-19,13:00:00,4.05227,4.0583,4.0521,4.05491,0,0
2015-05-19,14:00:00,4.05521,4.06088,4.05199,4.05209,0,0
2015-05-19,15:00:00,4.05209,4.0583,4.04812,4.05626,0,0
2015-05-19,16:00:00,4.05605,4.06405,4.05365,4.06393,0,0
2015-05-19,17:00:00,4.06415,4.06768,4.05806,4.06137,0,0
2015-05-19,18:00:00,4.06071,4.06238,4.05455,4.05455,0,0
2015-05-19,19:00:00,4.05486,4.06115,4.04877,4.04916,0,0
2015-05-19,20:00:00,4.04902,4.05221,4.04544,4.04814,0,0
2015-05-19,21:00:00,4.04806,4.04917,4.04802,4.04872,0,0
2015-05-19,22:00:00,4.0487,4.04904,4.04784,4.04858,0,0
2015-05-19,23:00:00,4.04892,4.0522,4.04849,4.05069,0,0
2015-05-19,23:59:00,4.05089,4.05256,4.0496,4.05176,0,0
2015-05-20,01:00:00,4.05175,4.05234,4.05056,4.05232,0,0
2015-05-20,02:00:00,4.05206,4.05221,4.05137,4.05169,0,0
2015-05-20,03:00:00,4.05169,4.05244,4.05136,4.05186,0,0
2015-05-20,04:00:00,4.05186,4.05254,4.05052,4.05091,0,0
2015-05-20,05:00:00,4.05087,4.0518,4.05054,4.05135,0,0
2015-05-20,06:00:00,4.05125,4.05188,4.0509,4.05128,0,0
2015-05-20,07:00:00,4.05128,4.05342,4.05029,4.05056,0,0
2015-05-20,08:00:00,4.05048,4.05229,4.05008,4.05119,0,0
2015-05-20,09:00:00,4.05146,4.05484,4.04614,4.05029,0,0
2015-05-20,10:00:00,4.05041,4.05732,4.0465,4.05494,0,0
2015-05-20,11:00:00,4.05474,4.06227,4.05474,4.06049,0,0
2015-05-20,12:00:00,4.0604,4.06211,4.05419,4.05433,0,0
2015-05-20,13:00:00,4.05435,4.05861,4.0485,4.05707,0,0
2015-05-20,14:00:00,4.05746,4.05952,4.05325,4.0558,0,0
2015-05-20,15:00:00,4.05576,4.07449,4.05576,4.0742,0,0
2015-05-20,16:00:00,4.07427,4.08228,4.07374,4.07974,0,0
2015-05-20,17:00:00,4.07967,4.08673,4.07955,4.08175,0,0
2015-05-20,18:00:00,4.08192,4.08648,4.08102,4.08399,0,0
2015-05-20,19:00:00,4.08517,4.08675,4.07871,4.08206,0,0
2015-05-20,20:00:00,4.08182,4.08301,4.07946,4.07962,0,0
2015-05-20,21:00:00,4.0798,4.08089,4.07608,4.07682,0,0
2015-05-20,22:00:00,4.07691,4.08129,4.07594,4.0789,0,0
2015-05-20,23:00:00,4.07878,4.07934,4.0736,4.07596,0,0
2015-05-20,23:59:00,4.07628,4.08187,4.07261,4.0814,0,0
2015-05-21,01:00:00,4.0814,4.08659,4.08046,4.08174,0,0
2015-05-21,02:00:00,4.08242,4.08399,4.08066,4.08257,0,0
2015-05-21,03:00:00,4.08264,4.08598,4.08066,4.08411,0,0
2015-05-21,04:00:00,4.08461,4.08495,4.07935,4.08355,0,0
2015-05-21,05:00:00,4.08327,4.08626,4.08226,4.08571,0,0
2015-05-21,06:00:00,4.08571,4.08601,4.08556,4.08581,0,0
2015-05-21,07:00:00,4.08581,4.08652,4.08558,4.08593,0,0
2015-05-21,08:00:00,4.08627,4.08674,4.08549,4.08601,0,0
2015-05-21,09:00:00,4.08603,4.08842,4.07899,4.08155,0,0
2015-05-21,10:00:00,4.08304,4.08937,4.08142,4.0869,0,0
2015-05-21,11:00:00,4.08691,4.08691,4.08052,4.08458,0,0
2015-05-21,12:00:00,4.08448,4.08906,4.08412,4.08787,0,0
2015-05-21,13:00:00,4.08782,4.10377,4.08775,4.09445,0,0
2015-05-21,14:00:00,4.09466,4.09944,4.09376,4.09786,0,0
2015-05-21,15:00:00,4.09801,4.10396,4.09373,4.10172,0,0
2015-05-21,16:00:00,4.10194,4.1039,4.09568,4.10243,0,0
2015-05-21,17:00:00,4.10215,4.1085,4.09331,4.09387,0,0
2015-05-21,18:00:00,4.09396,4.09721,4.09144,4.09553,0,0
2015-05-21,19:00:00,4.09563,4.0963,4.09176,4.0926,0,0
2015-05-21,20:00:00,4.09258,4.09791,4.09174,4.09726,0,0
2015-05-21,21:00:00,4.09725,4.09856,4.0967,4.09772,0,0
2015-05-21,22:00:00,4.09758,4.09836,4.09635,4.09738,0,0
2015-05-21,23:00:00,4.09738,4.09762,4.09648,4.09724,0,0
2015-05-21,23:59:00,4.09666,4.09838,4.09032,4.09201,0,0
2015-05-22,01:00:00,4.09223,4.09451,4.09121,4.09219,0,0
2015-05-22,02:00:00,4.09343,4.09419,4.09192,4.09244,0,0
2015-05-22,03:00:00,4.09274,4.09543,4.09089,4.09516,0,0
2015-05-22,04:00:00,4.09516,4.09689,4.09324,4.09597,0,0
2015-05-22,05:00:00,4.09592,4.09823,4.09339,4.09789,0,0
2015-05-22,06:00:00,4.09789,4.09886,4.09401,4.09672,0,0
2015-05-22,07:00:00,4.09677,4.09793,4.09677,4.09708,0,0
2015-05-22,08:00:00,4.09705,4.09779,4.09688,4.09738,0,0
2015-05-22,09:00:00,4.09598,4.09849,4.09349,4.09586,0,0
2015-05-22,10:00:00,4.09577,4.09659,4.09002,4.09404,0,0
2015-05-22,11:00:00,4.09405,4.09924,4.09061,4.09817,0,0
2015-05-22,12:00:00,4.09826,4.10092,4.09465,4.10047,0,0
2015-05-22,13:00:00,4.10049,4.1057,4.09675,4.09716,0,0
2015-05-22,14:00:00,4.09715,4.10053,4.09542,4.09857,0,0
2015-05-22,15:00:00,4.09853,4.10502,4.08785,4.10047,0,0
2015-05-22,16:00:00,4.10071,4.10182,4.092,4.09771,0,0
2015-05-22,17:00:00,4.09743,4.1085,4.09658,4.10217,0,0
2015-05-22,18:00:00,4.1026,4.10756,4.0992,4.10383,0,0
2015-05-22,19:00:00,4.10396,4.10612,4.10193,4.10517,0,0
2015-05-22,20:00:00,4.10511,4.11116,4.10255,4.10855,0,0
2015-05-22,21:00:00,4.10855,4.10973,4.10765,4.1086,0,0
2015-05-22,22:00:00,4.10864,4.10948,4.10687,4.10822,0,0
2015-05-22,23:00:00,4.10831,4.10831,4.10768,4.10768,0,0
2015-05-25,01:00:00,4.1286,4.13155,4.12506,4.13122,0,0
2015-05-25,02:00:00,4.13148,4.13148,4.1304,4.13063,0,0
2015-05-25,03:00:00,4.13054,4.13099,4.13039,4.13065,0,0
2015-05-25,04:00:00,4.13068,4.13221,4.12794,4.12981,0,0
2015-05-25,05:00:00,4.12935,4.13131,4.12913,4.13086,0,0
2015-05-25,06:00:00,4.13084,4.13189,4.12997,4.13129,0,0
2015-05-25,07:00:00,4.13133,4.13158,4.1296,4.13007,0,0
2015-05-25,08:00:00,4.13021,4.13344,4.12936,4.13132,0,0
2015-05-25,09:00:00,4.13125,4.13264,4.12576,4.12649,0,0
2015-05-25,10:00:00,4.12648,4.12648,4.11084,4.11702,0,0
2015-05-25,11:00:00,4.11702,4.11805,4.11343,4.1146,0,0
2015-05-25,12:00:00,4.11463,4.11569,4.10977,4.11304,0,0
2015-05-25,13:00:00,4.11303,4.11424,4.10752,4.10775,0,0
2015-05-25,14:00:00,4.10783,4.10957,4.10771,4.10791,0,0
2015-05-25,15:00:00,4.10791,4.10834,4.10393,4.10478,0,0
2015-05-25,16:00:00,4.10478,4.10535,4.09983,4.10201,0,0
2015-05-25,17:00:00,4.10201,4.10621,4.10201,4.1042,0,0
2015-05-25,18:00:00,4.1042,4.10494,4.10027,4.10427,0,0
2015-05-25,19:00:00,4.10424,4.10467,4.10353,4.10386,0,0
2015-05-25,20:00:00,4.10331,4.10421,4.10315,4.10364,0,0
2015-05-25,21:00:00,4.10368,4.1047,4.10249,4.10357,0,0
2015-05-25,22:00:00,4.10343,4.10527,4.10295,4.10471,0,0
2015-05-25,23:00:00,4.10475,4.10528,4.10404,4.10467,0,0
2015-05-25,23:59:00,4.1039,4.10521,4.10287,4.104,0,0
2015-05-26,01:00:00,4.104,4.10554,4.10294,4.10376,0,0
2015-05-26,02:00:00,4.10364,4.10452,4.10314,4.1039,0,0
2015-05-26,03:00:00,4.10395,4.10472,4.10206,4.10258,0,0
2015-05-26,04:00:00,4.10258,4.10367,4.10091,4.10285,0,0
2015-05-26,05:00:00,4.1029,4.10383,4.10167,4.10199,0,0
2015-05-26,06:00:00,4.10199,4.10371,4.10171,4.10203,0,0
2015-05-26,07:00:00,4.10194,4.10577,4.1016,4.10405,0,0
2015-05-26,08:00:00,4.10405,4.10504,4.10337,4.10421,0,0
2015-05-26,09:00:00,4.10428,4.11525,4.10388,4.11299,0,0
2015-05-26,10:00:00,4.11313,4.12012,4.10818,4.12012,0,0
2015-05-26,11:00:00,4.11997,4.13042,4.11997,4.12803,0,0
2015-05-26,12:00:00,4.12793,4.13803,4.12661,4.13471,0,0
2015-05-26,13:00:00,4.13462,4.13893,4.13347,4.1367,0,0
2015-05-26,14:00:00,4.13656,4.14029,4.13458,4.13789,0,0
2015-05-26,15:00:00,4.13787,4.14801,4.13787,4.14291,0,0
2015-05-26,16:00:00,4.14338,4.14532,4.13863,4.14489,0,0
2015-05-26,17:00:00,4.14495,4.15145,4.14322,4.1449,0,0
2015-05-26,18:00:00,4.14442,4.15244,4.14236,4.14942,0,0
2015-05-26,19:00:00,4.14928,4.15324,4.14545,4.15305,0,0
2015-05-26,20:00:00,4.15287,4.15463,4.15145,4.1528,0,0
2015-05-26,21:00:00,4.15239,4.15323,4.15122,4.15285,0,0
2015-05-26,22:00:00,4.153,4.15342,4.14672,4.14969,0,0
2015-05-26,23:00:00,4.14972,4.15116,4.14802,4.14973,0,0
2015-05-26,23:59:00,4.15091,4.15208,4.14542,4.1475,0,0
2015-05-27,01:00:00,4.1477,4.14899,4.14703,4.1476,0,0
2015-05-27,02:00:00,4.14804,4.14872,4.14717,4.14752,0,0
2015-05-27,03:00:00,4.14752,4.15384,4.14706,4.148,0,0
2015-05-27,04:00:00,4.1483,4.15282,4.14645,4.15086,0,0
2015-05-27,05:00:00,4.15093,4.15192,4.14939,4.14958,0,0
2015-05-27,06:00:00,4.14978,4.15017,4.14924,4.14979,0,0
2015-05-27,07:00:00,4.14984,4.15213,4.14936,4.15162,0,0
2015-05-27,08:00:00,4.15152,4.15367,4.14708,4.14711,0,0
2015-05-27,09:00:00,4.14735,4.15028,4.13797,4.13974,0,0
2015-05-27,10:00:00,4.13972,4.13998,4.12739,4.12761,0,0
2015-05-27,11:00:00,4.1276,4.14202,4.12385,4.13973,0,0
2015-05-27,12:00:00,4.13973,4.14231,4.13353,4.13787,0,0
2015-05-27,13:00:00,4.13778,4.13936,4.13411,4.13685,0,0
2015-05-27,14:00:00,4.13671,4.13709,4.13267,4.13344,0,0
2015-05-27,15:00:00,4.13338,4.1387,4.13172,4.13853,0,0
2015-05-27,16:00:00,4.13849,4.14309,4.12232,4.12875,0,0
2015-05-27,17:00:00,4.12845,4.13273,4.12553,4.12976,0,0
2015-05-27,18:00:00,4.12978,4.13133,4.12331,4.12917,0,0
2015-05-27,19:00:00,4.12934,4.12985,4.12653,4.12726,0,0
2015-05-27,20:00:00,4.12715,4.12801,4.12569,4.1279,0,0
2015-05-27,21:00:00,4.1279,4.12824,4.12638,4.12716,0,0
2015-05-27,22:00:00,4.12699,4.12891,4.1263,4.12779,0,0
2015-05-27,23:00:00,4.128,4.12891,4.12595,4.1287,0,0
2015-05-27,23:59:00,4.12897,4.12933,4.12576,4.12891,0,0
2015-05-28,01:00:00,4.12898,4.12911,4.12768,4.12815,0,0
2015-05-28,02:00:00,4.12815,4.12908,4.12793,4.12845,0,0
2015-05-28,03:00:00,4.12851,4.12881,4.12803,4.12843,0,0
2015-05-28,04:00:00,4.12839,4.12878,4.128,4.12875,0,0
2015-05-28,05:00:00,4.12842,4.12884,4.12768,4.12795,0,0
2015-05-28,06:00:00,4.12821,4.1289,4.12774,4.12851,0,0
2015-05-28,07:00:00,4.12843,4.1293,4.12788,4.12841,0,0
2015-05-28,08:00:00,4.12828,4.12893,4.12733,4.1276,0,0
2015-05-28,09:00:00,4.12772,4.12921,4.12278,4.12524,0,0
2015-05-28,10:00:00,4.12573,4.13214,4.12568,4.13112,0,0
2015-05-28,11:00:00,4.13137,4.14304,4.12908,4.14022,0,0
2015-05-28,12:00:00,4.13883,4.14353,4.13779,4.14079,0,0
2015-05-28,13:00:00,4.14078,4.1418,4.13257,4.13257,0,0
2015-05-28,14:00:00,4.13289,4.13289,4.12669,4.1293,0,0
2015-05-28,15:00:00,4.12923,4.1308,4.12562,4.12714,0,0
2015-05-28,16:00:00,4.12705,4.13985,4.12659,4.13916,0,0
2015-05-28,17:00:00,4.13881,4.14279,4.13436,4.14243,0,0
2015-05-28,18:00:00,4.14226,4.14328,4.1403,4.14201,0,0
2015-05-28,19:00:00,4.14191,4.14278,4.14101,4.14197,0,0
2015-05-28,20:00:00,4.1418,4.14268,4.14044,4.14155,0,0
2015-05-28,21:00:00,4.14182,4.14247,4.1399,4.14081,0,0
2015-05-28,22:00:00,4.14079,4.14226,4.14043,4.14197,0,0
2015-05-28,23:00:00,4.1418,4.14259,4.14115,4.1416,0,0
2015-05-28,23:59:00,4.14054,4.14288,4.13953,4.14131,0,0
2015-05-29,01:00:00,4.14075,4.14364,4.14037,4.14319,0,0
2015-05-29,02:00:00,4.14319,4.14377,4.14081,4.14146,0,0
2015-05-29,03:00:00,4.14112,4.14213,4.14054,4.14201,0,0
2015-05-29,04:00:00,4.1421,4.14322,4.1411,4.14192,0,0
2015-05-29,05:00:00,4.14189,4.14301,4.14059,4.14272,0,0
2015-05-29,06:00:00,4.14261,4.14308,4.13249,4.13254,0,0
2015-05-29,07:00:00,4.13239,4.1337,4.12092,4.12598,0,0
2015-05-29,08:00:00,4.12626,4.12693,4.12521,4.12576,0,0
2015-05-29,09:00:00,4.12639,4.13578,4.12557,4.13531,0,0
2015-05-29,10:00:00,4.13513,4.13853,4.1335,4.13555,0,0
2015-05-29,11:00:00,4.13634,4.13924,4.12916,4.12996,0,0
2015-05-29,12:00:00,4.13097,4.13185,4.12198,4.12525,0,0
2015-05-29,13:00:00,4.12525,4.1275,4.12452,4.12517,0,0
2015-05-29,14:00:00,4.12548,4.1283,4.12404,4.12717,0,0
2015-05-29,15:00:00,4.12719,4.13592,4.12331,4.12464,0,0
2015-05-29,16:00:00,4.12473,4.12534,4.12136,4.12345,0,0
2015-05-29,17:00:00,4.12295,4.12726,4.11644,4.11713,0,0
2015-05-29,18:00:00,4.11644,4.11884,4.10827,4.10874,0,0
2015-05-29,19:00:00,4.10879,4.11115,4.10708,4.1106,0,0
2015-05-29,20:00:00,4.11068,4.11189,4.10948,4.11136,0,0
2015-05-29,21:00:00,4.11125,4.11236,4.11057,4.11146,0,0
2015-05-29,22:00:00,4.1114,4.11253,4.11071,4.11075,0,0
2015-05-29,23:00:00,4.11075,4.1108,4.11051,4.11062,0,0
2015-06-01,01:00:00,4.10948,4.1105,4.10922,4.10976,0,0
2015-06-01,02:00:00,4.10972,4.11032,4.10881,4.1099,0,0
2015-06-01,03:00:00,4.1099,4.11129,4.10853,4.11011,0,0
2015-06-01,04:00:00,4.11015,4.11123,4.10963,4.11052,0,0
2015-06-01,05:00:00,4.11012,4.11085,4.10974,4.11028,0,0
2015-06-01,06:00:00,4.11014,4.11072,4.10919,4.11032,0,0
2015-06-01,07:00:00,4.11032,4.11204,4.10964,4.11046,0,0
2015-06-01,08:00:00,4.11042,4.11133,4.10987,4.11027,0,0
2015-06-01,09:00:00,4.11033,4.11605,4.11,4.1113,0,0
2015-06-01,10:00:00,4.11115,4.1196,4.11076,4.11572,0,0
2015-06-01,11:00:00,4.1155,4.12947,4.11526,4.12576,0,0
2015-06-01,12:00:00,4.12586,4.12998,4.12352,4.12869,0,0
2015-06-01,13:00:00,4.12851,4.13211,4.12357,4.12982,0,0
2015-06-01,14:00:00,4.12983,4.13143,4.12508,4.12638,0,0
2015-06-01,15:00:00,4.12639,4.1337,4.11956,4.12018,0,0
2015-06-01,16:00:00,4.11995,4.13039,4.11995,4.1279,0,0
2015-06-01,17:00:00,4.12781,4.12862,4.1191,4.11953,0,0
2015-06-01,18:00:00,4.1195,4.12941,4.11921,4.12545,0,0
2015-06-01,19:00:00,4.12536,4.12742,4.12143,4.12222,0,0
2015-06-01,20:00:00,4.12174,4.12193,4.11499,4.11526,0,0
2015-06-01,21:00:00,4.1153,4.1202,4.11491,4.11539,0,0
2015-06-01,22:00:00,4.11528,4.11738,4.11347,4.11514,0,0
2015-06-01,23:00:00,4.11524,4.11618,4.1144,4.11587,0,0
2015-06-01,23:59:00,4.11768,4.11916,4.11406,4.11642,0,0
2015-06-02,01:00:00,4.11656,4.11702,4.11569,4.11588,0,0
2015-06-02,02:00:00,4.11584,4.11836,4.11561,4.1174,0,0
2015-06-02,03:00:00,4.1174,4.11929,4.11477,4.11793,0,0
2015-06-02,04:00:00,4.11793,4.11818,4.11572,4.11771,0,0
2015-06-02,05:00:00,4.11776,4.1182,4.11636,4.11753,0,0
2015-06-02,06:00:00,4.11753,4.11845,4.11688,4.11765,0,0
2015-06-02,07:00:00,4.11765,4.11938,4.11688,4.1177,0,0
2015-06-02,08:00:00,4.11752,4.11846,4.11688,4.11786,0,0
2015-06-02,09:00:00,4.11791,4.11921,4.11679,4.11863,0,0
2015-06-02,10:00:00,4.1185,4.13061,4.1185,4.12824,0,0
2015-06-02,11:00:00,4.12877,4.13768,4.12668,4.13659,0,0
2015-06-02,12:00:00,4.1364,4.13733,4.13044,4.13418,0,0
2015-06-02,13:00:00,4.134,4.1354,4.1316,4.13487,0,0
2015-06-02,14:00:00,4.13493,4.13861,4.12904,4.13205,0,0
2015-06-02,15:00:00,4.13223,4.1339,4.12831,4.1297,0,0
2015-06-02,16:00:00,4.12966,4.13063,4.12537,4.12901,0,0
2015-06-02,17:00:00,4.12914,4.1307,4.11718,4.1195,0,0
2015-06-02,18:00:00,4.11933,4.12516,4.11614,4.12377,0,0
2015-06-02,19:00:00,4.12368,4.12685,4.12015,4.12519,0,0
2015-06-02,20:00:00,4.12518,4.1258,4.1211,4.12241,0,0
2015-06-02,21:00:00,4.12239,4.12296,4.12053,4.12116,0,0
2015-06-02,22:00:00,4.12091,4.12173,4.11958,4.12024,0,0
2015-06-02,23:00:00,4.1201,4.12064,4.11904,4.11965,0,0
2015-06-02,23:59:00,4.12036,4.12194,4.11884,4.11939,0,0
2015-06-03,01:00:00,4.11969,4.11995,4.11683,4.11942,0,0
2015-06-03,02:00:00,4.11942,4.11987,4.11901,4.11923,0,0
2015-06-03,03:00:00,4.11931,4.11964,4.11911,4.11943,0,0
2015-06-03,04:00:00,4.11923,4.11969,4.11881,4.11891,0,0
2015-06-03,05:00:00,4.11897,4.11972,4.11887,4.11923,0,0
2015-06-03,06:00:00,4.11923,4.11993,4.11787,4.11945,0,0
2015-06-03,07:00:00,4.11955,4.11978,4.11804,4.11912,0,0
2015-06-03,08:00:00,4.11904,4.1203,4.11798,4.11957,0,0
2015-06-03,09:00:00,4.11981,4.12896,4.11944,4.12585,0,0
2015-06-03,10:00:00,4.12561,4.13507,4.12179,4.12487,0,0
2015-06-03,11:00:00,4.12463,4.13076,4.12404,4.13044,0,0
2015-06-03,12:00:00,4.13047,4.13203,4.12573,4.12834,0,0
2015-06-03,13:00:00,4.12846,4.12973,4.12588,4.1294,0,0
2015-06-03,14:00:00,4.12885,4.12941,4.12452,4.12666,0,0
2015-06-03,15:00:00,4.12746,4.13194,4.12118,4.12742,0,0
2015-06-03,16:00:00,4.12802,4.14413,4.12518,4.14343,0,0
2015-06-03,17:00:00,4.14309,4.15576,4.14145,4.15419,0,0
2015-06-03,18:00:00,4.15427,4.15702,4.15187,4.15596,0,0
2015-06-03,19:00:00,4.15617,4.15709,4.1559,4.15641,0,0
2015-06-03,20:00:00,4.15624,4.15738,4.15548,4.15701,0,0
2015-06-03,21:00:00,4.157,4.16373,4.15679,4.16267,0,0
2015-06-03,22:00:00,4.16264,4.16366,4.1618,4.16332,0,0
2015-06-03,23:00:00,4.16338,4.16371,4.16201,4.16331,0,0
2015-06-03,23:59:00,4.16315,4.16543,4.16276,4.16394,0,0
2015-06-04,01:00:00,4.164,4.16414,4.16337,4.1636,0,0
2015-06-04,02:00:00,4.16362,4.16406,4.16078,4.16109,0,0
2015-06-04,03:00:00,4.16109,4.16333,4.16045,4.16104,0,0
2015-06-04,04:00:00,4.16104,4.16142,4.15845,4.1602,0,0
2015-06-04,05:00:00,4.16042,4.16115,4.15984,4.16024,0,0
2015-06-04,06:00:00,4.16108,4.16113,4.15981,4.16039,0,0
2015-06-04,07:00:00,4.16039,4.16428,4.16002,4.16024,0,0
2015-06-04,08:00:00,4.1603,4.16311,4.16,4.1622,0,0
2015-06-04,09:00:00,4.16246,4.16428,4.15685,4.15926,0,0
2015-06-04,10:00:00,4.15926,4.17196,4.157,4.1717,0,0
2015-06-04,11:00:00,4.17193,4.19226,4.17075,4.18382,0,0
2015-06-04,12:00:00,4.18323,4.1881,4.18182,4.1831,0,0
2015-06-04,13:00:00,4.18283,4.18672,4.18164,4.18375,0,0
2015-06-04,14:00:00,4.18383,4.18717,4.16902,4.17096,0,0
2015-06-04,15:00:00,4.17085,4.17363,4.16502,4.17003,0,0
2015-06-04,16:00:00,4.17032,4.17101,4.15779,4.1637,0,0
2015-06-04,17:00:00,4.1637,4.1652,4.15709,4.16096,0,0
2015-06-04,18:00:00,4.16101,4.16432,4.15819,4.15928,0,0
2015-06-04,19:00:00,4.15931,4.16249,4.15783,4.1612,0,0
2015-06-04,20:00:00,4.16098,4.16897,4.16026,4.16842,0,0
2015-06-04,21:00:00,4.16852,4.17288,4.16831,4.17037,0,0
2015-06-04,22:00:00,4.17064,4.17585,4.17026,4.17262,0,0
2015-06-04,23:00:00,4.17245,4.17488,4.17111,4.17201,0,0
2015-06-04,23:59:00,4.17215,4.17647,4.17012,4.17074,0,0
2015-06-05,01:00:00,4.17065,4.17266,4.16458,4.16627,0,0
2015-06-05,02:00:00,4.16612,4.1688,4.16292,4.16547,0,0
2015-06-05,03:00:00,4.16547,4.16652,4.16484,4.16553,0,0
2015-06-05,04:00:00,4.16545,4.17086,4.16441,4.16848,0,0
2015-06-05,05:00:00,4.16843,4.17076,4.16781,4.16832,0,0
2015-06-05,06:00:00,4.16832,4.17094,4.16451,4.16515,0,0
2015-06-05,07:00:00,4.16516,4.17103,4.1639,4.16924,0,0
2015-06-05,08:00:00,4.16924,4.17018,4.16593,4.16884,0,0
2015-06-05,09:00:00,4.1692,4.17188,4.16177,4.16206,0,0
2015-06-05,10:00:00,4.16285,4.16834,4.15755,4.1659,0,0
2015-06-05,11:00:00,4.16557,4.16785,4.15643,4.15972,0,0
2015-06-05,12:00:00,4.16011,4.16029,4.14501,4.15411,0,0
2015-06-05,13:00:00,4.15404,4.15542,4.14793,4.14947,0,0
2015-06-05,14:00:00,4.14936,4.15016,4.14565,4.14582,0,0
2015-06-05,15:00:00,4.14589,4.16349,4.1159,4.16224,0,0
2015-06-05,16:00:00,4.16226,4.16561,4.1574,4.1574,0,0
2015-06-05,17:00:00,4.15748,4.16287,4.15406,4.15927,0,0
2015-06-05,18:00:00,4.15696,4.16468,4.15112,4.15816,0,0
2015-06-05,19:00:00,4.15749,4.16302,4.15393,4.16109,0,0
2015-06-05,20:00:00,4.16146,4.162,4.15456,4.15498,0,0
2015-06-05,21:00:00,4.15487,4.15818,4.14994,4.15343,0,0
2015-06-05,22:00:00,4.15333,4.16121,4.15085,4.15977,0,0
2015-06-05,23:00:00,4.15988,4.1608,4.15988,4.16073,0,0
2015-06-08,01:00:00,4.15527,4.15978,4.15527,4.15873,0,0
2015-06-08,02:00:00,4.15868,4.15991,4.15314,4.15732,0,0
2015-06-08,03:00:00,4.15759,4.16354,4.1532,4.16305,0,0
2015-06-08,04:00:00,4.16315,4.16374,4.16062,4.16131,0,0
2015-06-08,05:00:00,4.16112,4.1617,4.15995,4.16133,0,0
2015-06-08,06:00:00,4.16133,4.16202,4.16031,4.16156,0,0
2015-06-08,07:00:00,4.16161,4.16289,4.16101,4.16265,0,0
2015-06-08,08:00:00,4.16201,4.16434,4.16096,4.16254,0,0
2015-06-08,09:00:00,4.16053,4.16611,4.15671,4.15811,0,0
2015-06-08,10:00:00,4.15891,4.16243,4.15715,4.15742,0,0
2015-06-08,11:00:00,4.15736,4.16076,4.15285,4.15603,0,0
2015-06-08,12:00:00,4.15658,4.16048,4.15658,4.1577,0,0
2015-06-08,13:00:00,4.15779,4.15916,4.15578,4.15831,0,0
2015-06-08,14:00:00,4.15812,4.1598,4.15152,4.15288,0,0
2015-06-08,15:00:00,4.15284,4.15892,4.1526,4.158,0,0
2015-06-08,16:00:00,4.15837,4.16968,4.15804,4.16939,0,0
2015-06-08,17:00:00,4.16934,4.17422,4.16784,4.17422,0,0
2015-06-08,18:00:00,4.17422,4.17422,4.16822,4.16977,0,0
2015-06-08,19:00:00,4.16989,4.17357,4.16966,4.17353,0,0
2015-06-08,20:00:00,4.17383,4.17478,4.1728,4.17363,0,0
2015-06-08,21:00:00,4.17353,4.17476,4.17152,4.17268,0,0
2015-06-08,22:00:00,4.17271,4.1736,4.17182,4.17267,0,0
2015-06-08,23:00:00,4.17248,4.1762,4.17238,4.17618,0,0
2015-06-08,23:59:00,4.17651,4.17726,4.17411,4.17558,0,0
2015-06-09,01:00:00,4.17547,4.17611,4.17374,4.17468,0,0
2015-06-09,02:00:00,4.17468,4.1764,4.17417,4.17593,0,0
2015-06-09,03:00:00,4.17588,4.17615,4.17527,4.17604,0,0
2015-06-09,04:00:00,4.17607,4.17683,4.17477,4.17588,0,0
2015-06-09,05:00:00,4.17569,4.17679,4.17556,4.17641,0,0
2015-06-09,06:00:00,4.17631,4.17876,4.17576,4.17856,0,0
2015-06-09,07:00:00,4.17838,4.17965,4.17599,4.17913,0,0
2015-06-09,08:00:00,4.17913,4.17952,4.17763,4.17784,0,0
2015-06-09,09:00:00,4.17764,4.17874,4.16911,4.17004,0,0
2015-06-09,10:00:00,4.16993,4.17249,4.16279,4.17187,0,0
2015-06-09,11:00:00,4.17165,4.17372,4.16773,4.17057,0,0
2015-06-09,12:00:00,4.17036,4.17177,4.16739,4.16958,0,0
2015-06-09,13:00:00,4.16951,4.16956,4.16552,4.16757,0,0
2015-06-09,14:00:00,4.16764,4.1716,4.1672,4.16779,0,0
2015-06-09,15:00:00,4.16784,4.17092,4.1646,4.16919,0,0
2015-06-09,16:00:00,4.16909,4.1725,4.16631,4.16787,0,0
2015-06-09,17:00:00,4.16841,4.17215,4.16219,4.17207,0,0
2015-06-09,18:00:00,4.17202,4.17345,4.17045,4.17125,0,0
2015-06-09,19:00:00,4.17132,4.17414,4.16961,4.17083,0,0
2015-06-09,20:00:00,4.17079,4.1755,4.17052,4.17512,0,0
2015-06-09,21:00:00,4.17494,4.17626,4.17398,4.17586,0,0
2015-06-09,22:00:00,4.17587,4.17642,4.17403,4.1748,0,0
2015-06-09,23:00:00,4.1749,4.17698,4.17473,4.17642,0,0
2015-06-09,23:59:00,4.17666,4.1774,4.17488,4.17632,0,0
2015-06-10,01:00:00,4.17551,4.17691,4.17521,4.17538,0,0
2015-06-10,02:00:00,4.17538,4.17666,4.1751,4.17576,0,0
2015-06-10,03:00:00,4.1758,4.17669,4.17518,4.17552,0,0
2015-06-10,04:00:00,4.17552,4.17585,4.17521,4.17544,0,0
2015-06-10,05:00:00,4.1755,4.17576,4.1751,4.17539,0,0
2015-06-10,06:00:00,4.17539,4.17576,4.17507,4.17521,0,0
2015-06-10,07:00:00,4.17521,4.17578,4.17471,4.17493,0,0
2015-06-10,08:00:00,4.17483,4.17559,4.17265,4.17319,0,0
2015-06-10,09:00:00,4.17307,4.17352,4.16857,4.16872,0,0
2015-06-10,10:00:00,4.16856,4.17589,4.1677,4.17014,0,0
2015-06-10,11:00:00,4.16993,4.17099,4.15851,4.16001,0,0
2015-06-10,12:00:00,4.16,4.1638,4.14884,4.1507,0,0
2015-06-10,13:00:00,4.15057,4.15482,4.14922,4.1535,0,0
2015-06-10,14:00:00,4.15374,4.15374,4.14653,4.14916,0,0
2015-06-10,15:00:00,4.14917,4.15144,4.14689,4.14729,0,0
2015-06-10,16:00:00,4.14729,4.14799,4.13773,4.14301,0,0
2015-06-10,17:00:00,4.14295,4.14345,4.13537,4.13927,0,0
2015-06-10,18:00:00,4.13959,4.1421,4.13477,4.13598,0,0
2015-06-10,19:00:00,4.13563,4.1391,4.13563,4.13856,0,0
2015-06-10,20:00:00,4.13838,4.14003,4.13705,4.13805,0,0
2015-06-10,21:00:00,4.13805,4.14253,4.13785,4.14203,0,0
2015-06-10,22:00:00,4.14221,4.14334,4.14028,4.14217,0,0
2015-06-10,23:00:00,4.14243,4.14367,4.14014,4.14236,0,0
2015-06-10,23:59:00,4.14236,4.14555,4.1411,4.14217,0,0
2015-06-11,01:00:00,4.14217,4.14293,4.14035,4.14115,0,0
2015-06-11,02:00:00,4.14115,4.1444,4.14059,4.14418,0,0
2015-06-11,03:00:00,4.14413,4.14435,4.13513,4.13746,0,0
2015-06-11,04:00:00,4.13764,4.13764,4.13468,4.1348,0,0
2015-06-11,05:00:00,4.13477,4.13558,4.1347,4.13503,0,0
2015-06-11,06:00:00,4.13515,4.13567,4.13471,4.13487,0,0
2015-06-11,07:00:00,4.13487,4.13575,4.13461,4.13507,0,0
2015-06-11,08:00:00,4.13507,4.13582,4.13469,4.1353,0,0
2015-06-11,09:00:00,4.13532,4.14855,4.13515,4.14738,0,0
2015-06-11,10:00:00,4.14779,4.15371,4.14489,4.14872,0,0
2015-06-11,11:00:00,4.14912,4.1506,4.14329,4.14794,0,0
2015-06-11,12:00:00,4.14784,4.14808,4.14045,4.14514,0,0
2015-06-11,13:00:00,4.1451,4.14818,4.144,4.144,0,0
2015-06-11,14:00:00,4.14413,4.14864,4.14215,4.14353,0,0
2015-06-11,15:00:00,4.14345,4.14378,4.12141,4.13057,0,0
2015-06-11,16:00:00,4.13073,4.134,4.12736,4.13007,0,0
2015-06-11,17:00:00,4.13005,4.13963,4.1284,4.13754,0,0
2015-06-11,18:00:00,4.13764,4.14013,4.13487,4.13779,0,0
2015-06-11,19:00:00,4.13795,4.13885,4.13744,4.13788,0,0
2015-06-11,20:00:00,4.13777,4.13811,4.13579,4.13644,0,0
2015-06-11,21:00:00,4.13583,4.13666,4.13242,4.13545,0,0
2015-06-11,22:00:00,4.13549,4.13658,4.13521,4.13553,0,0
2015-06-11,23:00:00,4.13544,4.13598,4.13175,4.13269,0,0
2015-06-11,23:59:00,4.13309,4.13432,4.13096,4.1326,0,0
2015-06-12,01:00:00,4.13275,4.13275,4.13063,4.13116,0,0
2015-06-12,02:00:00,4.13116,4.1324,4.13054,4.13129,0,0
2015-06-12,03:00:00,4.13135,4.13463,4.13069,4.13211,0,0
2015-06-12,04:00:00,4.13237,4.13547,4.13099,4.1334,0,0
2015-06-12,05:00:00,4.13344,4.13673,4.13225,4.1358,0,0
2015-06-12,06:00:00,4.13601,4.13879,4.13385,4.13435,0,0
2015-06-12,07:00:00,4.13422,4.13579,4.13169,4.13216,0,0
2015-06-12,08:00:00,4.13216,4.13404,4.13172,4.13235,0,0
2015-06-12,09:00:00,4.13262,4.14142,4.1322,4.1391,0,0
2015-06-12,10:00:00,4.1391,4.14008,4.13002,4.13386,0,0
2015-06-12,11:00:00,4.13389,4.14364,4.13342,4.14217,0,0
2015-06-12,12:00:00,4.14162,4.14326,4.13692,4.13729,0,0
2015-06-12,13:00:00,4.13675,4.1432,4.13613,4.14195,0,0
2015-06-12,14:00:00,4.14205,4.14897,4.14062,4.14578,0,0
2015-06-12,15:00:00,4.14577,4.14994,4.14568,4.14733,0,0
2015-06-12,16:00:00,4.14717,4.15332,4.14485,4.15244,0,0
2015-06-12,17:00:00,4.15324,4.1563,4.15045,4.15422,0,0
2015-06-12,18:00:00,4.15405,4.15591,4.14562,4.14614,0,0
2015-06-12,19:00:00,4.14611,4.14674,4.14086,4.1415,0,0
2015-06-12,20:00:00,4.14164,4.14254,4.13618,4.14101,0,0
2015-06-12,21:00:00,4.1408,4.14106,4.13867,4.13899,0,0
2015-06-12,22:00:00,4.13886,4.13986,4.13677,4.13969,0,0
2015-06-12,23:00:00,4.13982,4.13982,4.13792,4.1381,0,0
2015-06-15,01:00:00,4.14836,4.14995,4.14168,4.1456,0,0
2015-06-15,02:00:00,4.14582,4.14626,4.14437,4.1455,0,0
2015-06-15,03:00:00,4.1455,4.14637,4.144,4.14578,0,0
2015-06-15,04:00:00,4.14605,4.14638,4.14133,4.14278,0,0
2015-06-15,05:00:00,4.14268,4.14696,4.14239,4.14605,0,0
2015-06-15,06:00:00,4.14616,4.14936,4.14279,4.14547,0,0
2015-06-15,07:00:00,4.14547,4.15051,4.14329,4.1485,0,0
2015-06-15,08:00:00,4.14894,4.1494,4.14462,4.14733,0,0
2015-06-15,09:00:00,4.14737,4.1556,4.14659,4.15358,0,0
2015-06-15,10:00:00,4.15376,4.15411,4.14617,4.14729,0,0
2015-06-15,11:00:00,4.1473,4.15179,4.14531,4.14909,0,0
2015-06-15,12:00:00,4.14907,4.14933,4.14451,4.14785,0,0
2015-06-15,13:00:00,4.14787,4.15287,4.14628,4.15262,0,0
2015-06-15,14:00:00,4.15214,4.15329,4.14928,4.15256,0,0
2015-06-15,15:00:00,4.15255,4.16343,4.15243,4.15787,0,0
2015-06-15,16:00:00,4.15791,4.15937,4.15599,4.15808,0,0
2015-06-15,17:00:00,4.15787,4.15787,4.14957,4.15129,0,0
2015-06-15,18:00:00,4.1508,4.15667,4.14991,4.15405,0,0
2015-06-15,19:00:00,4.15369,4.15785,4.15208,4.15739,0,0
2015-06-15,20:00:00,4.15727,4.15774,4.15313,4.15585,0,0
2015-06-15,21:00:00,4.15589,4.15665,4.15535,4.15595,0,0
2015-06-15,22:00:00,4.15605,4.15723,4.15273,4.1529,0,0
2015-06-15,23:00:00,4.15319,4.15448,4.14981,4.15404,0,0
2015-06-15,23:59:00,4.15362,4.15744,4.15109,4.15114,0,0
2015-06-16,01:00:00,4.15114,4.15534,4.1507,4.15142,0,0
2015-06-16,02:00:00,4.15142,4.1528,4.14997,4.15019,0,0
2015-06-16,03:00:00,4.15019,4.15221,4.14988,4.15067,0,0
2015-06-16,04:00:00,4.15063,4.15244,4.14999,4.15171,0,0
2015-06-16,05:00:00,4.15147,4.15208,4.1503,4.15059,0,0
2015-06-16,06:00:00,4.15055,4.15274,4.15023,4.15188,0,0
2015-06-16,07:00:00,4.15198,4.15248,4.15141,4.15177,0,0
2015-06-16,08:00:00,4.15189,4.15223,4.14975,4.15059,0,0
2015-06-16,09:00:00,4.15064,4.1631,4.15014,4.16225,0,0
2015-06-16,10:00:00,4.16238,4.16515,4.15838,4.1605,0,0
2015-06-16,11:00:00,4.16049,4.16196,4.15701,4.15962,0,0
2015-06-16,12:00:00,4.15936,4.15965,4.14965,4.15315,0,0
2015-06-16,13:00:00,4.15322,4.15605,4.15142,4.15215,0,0
2015-06-16,14:00:00,4.15187,4.1524,4.14193,4.14198,0,0
2015-06-16,15:00:00,4.143,4.14817,4.14141,4.14149,0,0
2015-06-16,16:00:00,4.14147,4.14483,4.13823,4.14253,0,0
2015-06-16,17:00:00,4.14274,4.14602,4.13996,4.14582,0,0
2015-06-16,18:00:00,4.14553,4.14741,4.1387,4.14065,0,0
2015-06-16,19:00:00,4.14162,4.14285,4.1387,4.14183,0,0
2015-06-16,20:00:00,4.14173,4.14206,4.13844,4.13894,0,0
2015-06-16,21:00:00,4.13898,4.14122,4.13812,4.14043,0,0
2015-06-16,22:00:00,4.14043,4.14671,4.14024,4.14444,0,0
2015-06-16,23:00:00,4.14449,4.14717,4.13981,4.14387,0,0
2015-06-16,23:59:00,4.14406,4.14752,4.14105,4.14232,0,0
2015-06-17,01:00:00,4.1424,4.14321,4.14139,4.14168,0,0
2015-06-17,02:00:00,4.14168,4.14372,4.1416,4.14273,0,0
2015-06-17,03:00:00,4.14263,4.14355,4.14261,4.14348,0,0
2015-06-17,04:00:00,4.14546,4.14604,4.145,4.14575,0,0
2015-06-17,05:00:00,4.14575,4.14689,4.14489,4.14522,0,0
2015-06-17,06:00:00,4.14522,4.14579,4.14495,4.14556,0,0
2015-06-17,07:00:00,4.14551,4.1484,4.14523,4.14821,0,0
2015-06-17,08:00:00,4.14821,4.14852,4.14666,4.14836,0,0
2015-06-17,09:00:00,4.14824,4.14969,4.14657,4.14849,0,0
2015-06-17,10:00:00,4.14826,4.15394,4.14732,4.15108,0,0
2015-06-17,11:00:00,4.1511,4.15679,4.15049,4.15285,0,0
2015-06-17,12:00:00,4.15159,4.15444,4.15045,4.15326,0,0
2015-06-17,13:00:00,4.15317,4.15611,4.15155,4.15575,0,0
2015-06-17,14:00:00,4.15583,4.15885,4.15409,4.15814,0,0
2015-06-17,15:00:00,4.15813,4.15853,4.15127,4.15168,0,0
2015-06-17,16:00:00,4.15144,4.15521,4.15089,4.15405,0,0
2015-06-17,17:00:00,4.15403,4.16384,4.15399,4.16258,0,0
2015-06-17,18:00:00,4.1625,4.17079,4.16238,4.17079,0,0
2015-06-17,19:00:00,4.17139,4.17315,4.16649,4.1667,0,0
2015-06-17,20:00:00,4.16674,4.16837,4.15931,4.16418,0,0
2015-06-17,21:00:00,4.16432,4.17806,4.15309,4.16065,0,0
2015-06-17,22:00:00,4.16018,4.16202,4.15598,4.15784,0,0
2015-06-17,23:00:00,4.15757,4.15866,4.15272,4.15361,0,0
2015-06-17,23:59:00,4.15217,4.15413,4.15016,4.15128,0,0
2015-06-18,01:00:00,4.15137,4.15231,4.1507,4.15184,0,0
2015-06-18,02:00:00,4.15177,4.15383,4.15082,4.15312,0,0
2015-06-18,03:00:00,4.15312,4.155,4.15072,4.15432,0,0
2015-06-18,04:00:00,4.15457,4.15462,4.15278,4.15306,0,0
2015-06-18,05:00:00,4.15311,4.15478,4.15288,4.15336,0,0
2015-06-18,06:00:00,4.153,4.15395,4.15288,4.15339,0,0
2015-06-18,07:00:00,4.15344,4.15622,4.15294,4.1551,0,0
2015-06-18,08:00:00,4.15511,4.1589,4.15284,4.15868,0,0
2015-06-18,09:00:00,4.1586,4.16667,4.15646,4.15918,0,0
2015-06-18,10:00:00,4.15909,4.16315,4.15383,4.15434,0,0
2015-06-18,11:00:00,4.15426,4.16198,4.15425,4.16115,0,0
2015-06-18,12:00:00,4.16121,4.17294,4.16032,4.1682,0,0
2015-06-18,13:00:00,4.16795,4.16832,4.15803,4.16556,0,0
2015-06-18,14:00:00,4.16563,4.16702,4.16034,4.16088,0,0
2015-06-18,15:00:00,4.16107,4.17529,4.16062,4.16565,0,0
2015-06-18,16:00:00,4.16553,4.16917,4.16376,4.16542,0,0
2015-06-18,17:00:00,4.16565,4.1709,4.1628,4.17024,0,0
2015-06-18,18:00:00,4.17016,4.17736,4.16982,4.17532,0,0
2015-06-18,19:00:00,4.17587,4.17681,4.16036,4.16799,0,0
2015-06-18,20:00:00,4.16796,4.17306,4.16777,4.1705,0,0
2015-06-18,21:00:00,4.17055,4.17643,4.17054,4.17196,0,0
2015-06-18,22:00:00,4.17205,4.17384,4.17111,4.17264,0,0
2015-06-18,23:00:00,4.17262,4.17535,4.17112,4.17229,0,0
2015-06-18,23:59:00,4.17508,4.17659,4.17373,4.17484,0,0
2015-06-19,01:00:00,4.17481,4.18185,4.17055,4.17093,0,0
2015-06-19,02:00:00,4.17093,4.17361,4.17077,4.17196,0,0
2015-06-19,03:00:00,4.17196,4.17275,4.17068,4.17135,0,0
2015-06-19,04:00:00,4.17074,4.17224,4.1706,4.171,0,0
2015-06-19,05:00:00,4.17164,4.172,4.17082,4.17132,0,0
2015-06-19,06:00:00,4.17132,4.17239,4.17105,4.17151,0,0
2015-06-19,07:00:00,4.17151,4.17235,4.1699,4.17053,0,0
2015-06-19,08:00:00,4.17048,4.17197,4.16941,4.17014,0,0
2015-06-19,09:00:00,4.17024,4.176,4.16869,4.17483,0,0
2015-06-19,10:00:00,4.17489,4.17489,4.16793,4.1688,0,0
2015-06-19,11:00:00,4.1693,4.17293,4.16651,4.1708,0,0
2015-06-19,12:00:00,4.17078,4.17317,4.16823,4.17121,0,0
2015-06-19,13:00:00,4.17114,4.17691,4.16941,4.17686,0,0
2015-06-19,14:00:00,4.17666,4.17733,4.17231,4.17326,0,0
2015-06-19,15:00:00,4.17229,4.17477,4.17217,4.17477,0,0
2015-06-19,16:00:00,4.1747,4.18453,4.17437,4.17875,0,0
2015-06-19,17:00:00,4.17881,4.17978,4.17526,4.17633,0,0
2015-06-19,18:00:00,4.17612,4.18404,4.17584,4.18098,0,0
2015-06-19,19:00:00,4.18111,4.18294,4.18068,4.18088,0,0
2015-06-19,20:00:00,4.18079,4.18316,4.17799,4.18258,0,0
2015-06-19,21:00:00,4.18258,4.18608,4.18227,4.18395,0,0
2015-06-19,22:00:00,4.18395,4.18521,4.18394,4.1845,0,0
2015-06-19,23:00:00,4.18418,4.18442,4.18395,4.18422,0,0
2015-06-22,01:00:00,4.17869,4.18091,4.17754,4.17802,0,0
2015-06-22,02:00:00,4.17797,4.17836,4.17542,4.17682,0,0
2015-06-22,03:00:00,4.17687,4.17883,4.1759,4.17827,0,0
2015-06-22,04:00:00,4.17789,4.17874,4.17703,4.1782,0,0
2015-06-22,05:00:00,4.1783,4.17866,4.1776,4.17829,0,0
2015-06-22,06:00:00,4.17814,4.17897,4.17805,4.17872,0,0
2015-06-22,07:00:00,4.17872,4.18105,4.17815,4.18066,0,0
2015-06-22,08:00:00,4.18075,4.18109,4.17803,4.17867,0,0
2015-06-22,09:00:00,4.17872,4.1806,4.16368,4.1647,0,0
2015-06-22,10:00:00,4.1647,4.17269,4.16279,4.16279,0,0
2015-06-22,11:00:00,4.16277,4.17294,4.16159,4.17246,0,0
2015-06-22,12:00:00,4.17247,4.17695,4.16662,4.16753,0,0
2015-06-22,13:00:00,4.16739,4.16966,4.16047,4.16305,0,0
2015-06-22,14:00:00,4.16305,4.1668,4.16046,4.16046,0,0
2015-06-22,15:00:00,4.16053,4.17964,4.15863,4.17261,0,0
2015-06-22,16:00:00,4.1725,4.17397,4.16834,4.17304,0,0
2015-06-22,17:00:00,4.1729,4.17369,4.16716,4.17259,0,0
2015-06-22,18:00:00,4.17262,4.17725,4.17047,4.17275,0,0
2015-06-22,19:00:00,4.17266,4.17332,4.16683,4.16702,0,0
2015-06-22,20:00:00,4.16699,4.17019,4.16562,4.16993,0,0
2015-06-22,21:00:00,4.16993,4.17012,4.16818,4.16839,0,0
2015-06-22,22:00:00,4.16841,4.16856,4.16563,4.16641,0,0
2015-06-22,23:00:00,4.16656,4.16764,4.16542,4.16572,0,0
2015-06-22,23:59:00,4.16462,4.16983,4.16294,4.16765,0,0
2015-06-23,01:00:00,4.16788,4.17375,4.16755,4.17291,0,0
2015-06-23,02:00:00,4.17291,4.17437,4.1687,4.17372,0,0
2015-06-23,03:00:00,4.17358,4.17377,4.17265,4.17287,0,0
2015-06-23,04:00:00,4.17282,4.17401,4.17179,4.17233,0,0
2015-06-23,05:00:00,4.1722,4.17394,4.16881,4.1694,0,0
2015-06-23,06:00:00,4.16919,4.17248,4.16604,4.16845,0,0
2015-06-23,07:00:00,4.16807,4.16911,4.16446,4.16501,0,0
2015-06-23,08:00:00,4.16501,4.16626,4.16417,4.16461,0,0
2015-06-23,09:00:00,4.16455,4.17478,4.16377,4.16387,0,0
2015-06-23,10:00:00,4.16403,4.16541,4.15482,4.16194,0,0
2015-06-23,11:00:00,4.16153,4.16446,4.1599,4.16319,0,0
2015-06-23,12:00:00,4.16343,4.16755,4.16282,4.16581,0,0
2015-06-23,13:00:00,4.16565,4.17501,4.16425,4.17058,0,0
2015-06-23,14:00:00,4.1706,4.1706,4.16698,4.16898,0,0
2015-06-23,15:00:00,4.16908,4.17606,4.16817,4.17137,0,0
2015-06-23,16:00:00,4.17138,4.17331,4.16857,4.16983,0,0
2015-06-23,17:00:00,4.16954,4.16956,4.15747,4.16432,0,0
2015-06-23,18:00:00,4.16224,4.16734,4.16157,4.16304,0,0
2015-06-23,19:00:00,4.16312,4.16457,4.16166,4.16373,0,0
2015-06-23,20:00:00,4.16375,4.16405,4.15799,4.15859,0,0
2015-06-23,21:00:00,4.15859,4.16087,4.15795,4.16081,0,0
2015-06-23,22:00:00,4.16082,4.16245,4.15634,4.16106,0,0
2015-06-23,23:00:00,4.1612,4.16479,4.15743,4.16174,0,0
2015-06-23,23:59:00,4.16199,4.1626,4.16047,4.16223,0,0
2015-06-24,01:00:00,4.16201,4.16282,4.16077,4.16221,0,0
2015-06-24,02:00:00,4.16221,4.16502,4.16176,4.16276,0,0
2015-06-24,03:00:00,4.1629,4.16653,4.16059,4.16402,0,0
2015-06-24,04:00:00,4.16407,4.16638,4.16229,4.16507,0,0
2015-06-24,05:00:00,4.16484,4.16911,4.16407,4.16694,0,0
2015-06-24,06:00:00,4.16694,4.16738,4.16583,4.16704,0,0
2015-06-24,07:00:00,4.16709,4.1677,4.16649,4.16722,0,0
2015-06-24,08:00:00,4.16722,4.16804,4.16659,4.16797,0,0
2015-06-24,09:00:00,4.16773,4.16871,4.16402,4.16518,0,0
2015-06-24,10:00:00,4.16512,4.16553,4.15682,4.15973,0,0
2015-06-24,11:00:00,4.16015,4.1642,4.15763,4.16351,0,0
2015-06-24,12:00:00,4.16345,4.17188,4.15904,4.16789,0,0
2015-06-24,13:00:00,4.16777,4.16801,4.15913,4.16187,0,0
2015-06-24,14:00:00,4.16141,4.16758,4.16141,4.16665,0,0
2015-06-24,15:00:00,4.1668,4.17038,4.16404,4.16972,0,0
2015-06-24,16:00:00,4.16991,4.17069,4.16741,4.16763,0,0
2015-06-24,17:00:00,4.16759,4.17173,4.16543,4.1707,0,0
2015-06-24,18:00:00,4.17061,4.1736,4.16963,4.17264,0,0
2015-06-24,19:00:00,4.1729,4.17335,4.15793,4.16543,0,0
2015-06-24,20:00:00,4.16515,4.16812,4.16398,4.16712,0,0
2015-06-24,21:00:00,4.16712,4.16955,4.16657,4.16783,0,0
2015-06-24,22:00:00,4.16792,4.16846,4.16692,4.16778,0,0
2015-06-24,23:00:00,4.16792,4.17195,4.16752,4.16951,0,0
2015-06-24,23:59:00,4.16947,4.17515,4.16947,4.17234,0,0
2015-06-25,01:00:00,4.17229,4.17273,4.17052,4.1718,0,0
2015-06-25,02:00:00,4.17177,4.17256,4.17153,4.17187,0,0
2015-06-25,03:00:00,4.17177,4.17288,4.17152,4.17192,0,0
2015-06-25,04:00:00,4.17193,4.17244,4.17101,4.1714,0,0
2015-06-25,05:00:00,4.17152,4.17239,4.17121,4.17148,0,0
2015-06-25,06:00:00,4.17158,4.17215,4.17098,4.17139,0,0
2015-06-25,07:00:00,4.17198,4.17215,4.17004,4.1708,0,0
2015-06-25,08:00:00,4.17141,4.17195,4.17033,4.17146,0,0
2015-06-25,09:00:00,4.1715,4.17286,4.16626,4.16773,0,0
2015-06-25,10:00:00,4.16795,4.17394,4.16692,4.17298,0,0
2015-06-25,11:00:00,4.17362,4.17409,4.16969,4.17359,0,0
2015-06-25,12:00:00,4.17356,4.17593,4.17169,4.17411,0,0
2015-06-25,13:00:00,4.17417,4.17495,4.16393,4.17337,0,0
2015-06-25,14:00:00,4.17308,4.17834,4.16933,4.17015,0,0
2015-06-25,15:00:00,4.16995,4.1735,4.16823,4.16838,0,0
2015-06-25,16:00:00,4.16848,4.17107,4.16777,4.17,0,0
2015-06-25,17:00:00,4.17012,4.17172,4.16825,4.17117,0,0
2015-06-25,18:00:00,4.17099,4.17149,4.16812,4.17084,0,0
2015-06-25,19:00:00,4.17078,4.17172,4.17067,4.17097,0,0
2015-06-25,20:00:00,4.17101,4.17191,4.17038,4.17118,0,0
2015-06-25,21:00:00,4.17113,4.17148,4.17076,4.17121,0,0
2015-06-25,22:00:00,4.17122,4.17171,4.1704,4.17144,0,0
2015-06-25,23:00:00,4.17159,4.17206,4.17086,4.17153,0,0
2015-06-25,23:59:00,4.17146,4.1731,4.16993,4.17097,0,0
2015-06-26,01:00:00,4.17101,4.17237,4.17027,4.17101,0,0
2015-06-26,02:00:00,4.17096,4.17135,4.17063,4.17105,0,0
2015-06-26,03:00:00,4.17119,4.17153,4.16951,4.17007,0,0
2015-06-26,04:00:00,4.17005,4.17095,4.16998,4.17067,0,0
2015-06-26,05:00:00,4.17067,4.17316,4.16925,4.17068,0,0
2015-06-26,06:00:00,4.17082,4.17195,4.17006,4.17043,0,0
2015-06-26,07:00:00,4.17053,4.17245,4.16784,4.1708,0,0
2015-06-26,08:00:00,4.17063,4.17251,4.16854,4.17061,0,0
2015-06-26,09:00:00,4.17068,4.17197,4.17035,4.1704,0,0
2015-06-26,10:00:00,4.17063,4.17518,4.16858,4.1745,0,0
2015-06-26,11:00:00,4.17443,4.17666,4.17188,4.1757,0,0
2015-06-26,12:00:00,4.17546,4.17599,4.17153,4.17235,0,0
2015-06-26,13:00:00,4.17236,4.17487,4.17189,4.17434,0,0
2015-06-26,14:00:00,4.17417,4.17626,4.17278,4.17357,0,0
2015-06-26,15:00:00,4.17343,4.17666,4.17343,4.17609,0,0
2015-06-26,16:00:00,4.17626,4.17727,4.17229,4.17242,0,0
2015-06-26,17:00:00,4.17255,4.17613,4.17174,4.17515,0,0
2015-06-26,18:00:00,4.17499,4.17575,4.17162,4.17408,0,0
2015-06-26,19:00:00,4.17403,4.17608,4.17228,4.1757,0,0
2015-06-26,20:00:00,4.17565,4.17677,4.1745,4.1756,0,0
2015-06-26,21:00:00,4.1756,4.17638,4.17412,4.17603,0,0
2015-06-26,22:00:00,4.17608,4.17682,4.17425,4.17631,0,0
2015-06-26,23:00:00,4.17622,4.17646,4.17622,4.17645,0,0
2015-06-29,01:00:00,4.18873,4.19709,4.18712,4.1875,0,0
2015-06-29,02:00:00,4.1877,4.19231,4.18625,4.18687,0,0
2015-06-29,03:00:00,4.18698,4.18744,4.18614,4.18704,0,0
2015-06-29,04:00:00,4.18702,4.18776,4.18537,4.18707,0,0
2015-06-29,05:00:00,4.18719,4.18816,4.18673,4.1879,0,0
2015-06-29,06:00:00,4.1879,4.18943,4.18729,4.18914,0,0
2015-06-29,07:00:00,4.18914,4.18994,4.18884,4.18945,0,0
2015-06-29,08:00:00,4.1896,4.19486,4.1896,4.19399,0,0
2015-06-29,09:00:00,4.19433,4.20468,4.19096,4.19901,0,0
2015-06-29,10:00:00,4.19893,4.20443,4.19245,4.19362,0,0
2015-06-29,11:00:00,4.19368,4.19586,4.18657,4.18884,0,0
2015-06-29,12:00:00,4.18891,4.19597,4.18837,4.19279,0,0
2015-06-29,13:00:00,4.19302,4.19779,4.19173,4.19173,0,0
2015-06-29,14:00:00,4.19182,4.19347,4.18888,4.19161,0,0
2015-06-29,15:00:00,4.19136,4.19422,4.1879,4.19143,0,0
2015-06-29,16:00:00,4.19144,4.19225,4.18898,4.19191,0,0
2015-06-29,17:00:00,4.19196,4.19746,4.19176,4.19289,0,0
2015-06-29,18:00:00,4.19297,4.19742,4.19172,4.19557,0,0
2015-06-29,19:00:00,4.19568,4.19622,4.19354,4.19589,0,0
2015-06-29,20:00:00,4.19543,4.19617,4.19459,4.19553,0,0
2015-06-29,21:00:00,4.19555,4.19631,4.19418,4.19582,0,0
2015-06-29,22:00:00,4.19556,4.19626,4.19509,4.19555,0,0
2015-06-29,23:00:00,4.19542,4.19674,4.19454,4.19552,0,0
2015-06-29,23:59:00,4.19602,4.19638,4.19314,4.19579,0,0
2015-06-30,01:00:00,4.19578,4.1963,4.19338,4.1935,0,0
2015-06-30,02:00:00,4.19363,4.19411,4.19214,4.19396,0,0
2015-06-30,03:00:00,4.19396,4.19396,4.18262,4.18544,0,0
2015-06-30,04:00:00,4.18544,4.19058,4.185,4.19015,0,0
2015-06-30,05:00:00,4.1902,4.19256,4.18832,4.19128,0,0
2015-06-30,06:00:00,4.19128,4.19266,4.19115,4.19242,0,0
2015-06-30,07:00:00,4.19223,4.19352,4.19178,4.19345,0,0
2015-06-30,08:00:00,4.19345,4.19387,4.19253,4.19321,0,0
2015-06-30,09:00:00,4.19383,4.19383,4.18924,4.19112,0,0
2015-06-30,10:00:00,4.19121,4.19541,4.18947,4.19062,0,0
2015-06-30,11:00:00,4.19062,4.19544,4.18918,4.19404,0,0
2015-06-30,12:00:00,4.19381,4.19558,4.19007,4.19042,0,0
2015-06-30,13:00:00,4.19053,4.19243,4.18992,4.19074,0,0
2015-06-30,14:00:00,4.19097,4.19319,4.18883,4.19084,0,0
2015-06-30,15:00:00,4.19069,4.19314,4.18916,4.1929,0,0
2015-06-30,16:00:00,4.19278,4.1932,4.18723,4.18894,0,0
2015-06-30,17:00:00,4.18836,4.19237,4.18832,4.18987,0,0
2015-06-30,18:00:00,4.18931,4.19337,4.18281,4.18955,0,0
2015-06-30,19:00:00,4.18777,4.19521,4.18628,4.19061,0,0
2015-06-30,20:00:00,4.19061,4.19536,4.18977,4.19269,0,0
2015-06-30,21:00:00,4.19203,4.19402,4.19131,4.19308,0,0
2015-06-30,22:00:00,4.19284,4.19321,4.1912,4.19185,0,0
2015-06-30,23:00:00,4.19173,4.19281,4.19089,4.19131,0,0
2015-06-30,23:59:00,4.19216,4.19274,4.18932,4.19166,0,0
2015-07-01,01:00:00,4.19157,4.19197,4.19113,4.19163,0,0
2015-07-01,02:00:00,4.19162,4.19213,4.19102,4.19165,0,0
2015-07-01,03:00:00,4.19165,4.19264,4.19038,4.19118,0,0
2015-07-01,04:00:00,4.19167,4.19167,4.19017,4.19156,0,0
2015-07-01,05:00:00,4.19146,4.19159,4.19073,4.19129,0,0
2015-07-01,06:00:00,4.19124,4.19207,4.19102,4.19178,0,0
2015-07-01,07:00:00,4.19178,4.19185,4.19098,4.19144,0,0
2015-07-01,08:00:00,4.19163,4.19268,4.19109,4.19155,0,0
2015-07-01,09:00:00,4.19145,4.19426,4.19071,4.19373,0,0
2015-07-01,10:00:00,4.19371,4.19402,4.18731,4.1889,0,0
2015-07-01,11:00:00,4.18897,4.1944,4.18847,4.19254,0,0
2015-07-01,12:00:00,4.19238,4.19238,4.18311,4.18686,0,0
2015-07-01,13:00:00,4.18681,4.18713,4.18305,4.18532,0,0
2015-07-01,14:00:00,4.18537,4.19074,4.18529,4.18899,0,0
2015-07-01,15:00:00,4.18904,4.19104,4.18755,4.18828,0,0
2015-07-01,16:00:00,4.18826,4.18894,4.18535,4.18555,0,0
2015-07-01,17:00:00,4.18568,4.19014,4.18473,4.18957,0,0
2015-07-01,18:00:00,4.18954,4.19029,4.18842,4.19009,0,0
2015-07-01,19:00:00,4.19012,4.19012,4.18709,4.18791,0,0
2015-07-01,20:00:00,4.18803,4.18936,4.18667,4.18808,0,0
2015-07-01,21:00:00,4.18812,4.18892,4.18754,4.18788,0,0
2015-07-01,22:00:00,4.18779,4.18898,4.18749,4.18807,0,0
2015-07-01,23:00:00,4.1882,4.18944,4.18767,4.18874,0,0
2015-07-01,23:59:00,4.18916,4.18945,4.1874,4.18805,0,0
2015-07-02,01:00:00,4.18805,4.18883,4.18749,4.18795,0,0
2015-07-02,02:00:00,4.1881,4.18841,4.18757,4.18822,0,0
2015-07-02,03:00:00,4.18795,4.18843,4.18756,4.18823,0,0
2015-07-02,04:00:00,4.1881,4.1884,4.18761,4.18812,0,0
2015-07-02,05:00:00,4.18812,4.1887,4.18711,4.18729,0,0
2015-07-02,06:00:00,4.18729,4.18809,4.18691,4.18792,0,0
2015-07-02,07:00:00,4.18792,4.18842,4.18661,4.1871,0,0
2015-07-02,08:00:00,4.18792,4.19077,4.18704,4.18943,0,0
2015-07-02,09:00:00,4.18955,4.19178,4.18869,4.19142,0,0
2015-07-02,10:00:00,4.19148,4.19342,4.18935,4.19028,0,0
2015-07-02,11:00:00,4.19038,4.19375,4.18921,4.19259,0,0
2015-07-02,12:00:00,4.19259,4.19374,4.18978,4.1918,0,0
2015-07-02,13:00:00,4.19182,4.19383,4.19141,4.19367,0,0
2015-07-02,14:00:00,4.1938,4.19445,4.19192,4.19208,0,0
2015-07-02,15:00:00,4.19204,4.19399,4.18739,4.19059,0,0
2015-07-02,16:00:00,4.19062,4.19643,4.19018,4.19079,0,0
2015-07-02,17:00:00,4.19106,4.19156,4.18659,4.18925,0,0
2015-07-02,18:00:00,4.19008,4.19298,4.18813,4.19274,0,0
2015-07-02,19:00:00,4.19283,4.19283,4.19131,4.19175,0,0
2015-07-02,20:00:00,4.1917,4.19213,4.19109,4.19203,0,0
2015-07-02,21:00:00,4.19201,4.19233,4.19169,4.1918,0,0
2015-07-02,22:00:00,4.19213,4.19243,4.19167,4.19196,0,0
2015-07-02,23:00:00,4.19189,4.19218,4.19099,4.19216,0,0
2015-07-02,23:59:00,4.19219,4.19294,4.1901,4.1918,0,0
2015-07-03,01:00:00,4.19185,4.19218,4.19013,4.19103,0,0
2015-07-03,02:00:00,4.19104,4.19124,4.19013,4.19024,0,0
2015-07-03,03:00:00,4.19027,4.19196,4.19,4.1917,0,0
2015-07-03,04:00:00,4.1917,4.19199,4.19116,4.19178,0,0
2015-07-03,05:00:00,4.19178,4.19216,4.19128,4.19172,0,0
2015-07-03,06:00:00,4.19172,4.19199,4.19134,4.1917,0,0
2015-07-03,07:00:00,4.1917,4.19199,4.19146,4.19176,0,0
2015-07-03,08:00:00,4.19198,4.1921,4.19134,4.19158,0,0
2015-07-03,09:00:00,4.19129,4.19173,4.19018,4.19092,0,0
2015-07-03,10:00:00,4.19075,4.19303,4.19053,4.19159,0,0
2015-07-03,11:00:00,4.19141,4.19165,4.18811,4.18947,0,0
2015-07-03,12:00:00,4.18943,4.1917,4.18821,4.1906,0,0
2015-07-03,13:00:00,4.19067,4.19322,4.19055,4.19227,0,0
2015-07-03,14:00:00,4.1924,4.19544,4.19215,4.19483,0,0
2015-07-03,15:00:00,4.19476,4.19641,4.19194,4.19367,0,0
2015-07-03,16:00:00,4.19371,4.1961,4.19194,4.19392,0,0
2015-07-03,17:00:00,4.19385,4.19626,4.18744,4.18919,0,0
2015-07-03,18:00:00,4.18915,4.19544,4.18915,4.19513,0,0
2015-07-03,19:00:00,4.19568,4.19568,4.1886,4.19227,0,0
2015-07-03,20:00:00,4.19231,4.19346,4.18981,4.1926,0,0
2015-07-03,21:00:00,4.19241,4.1927,4.19179,4.19198,0,0
2015-07-03,22:00:00,4.19227,4.19271,4.19143,4.19145,0,0
2015-07-03,23:00:00,4.19213,4.19375,4.19143,4.19199,0,0
2015-07-06,01:00:00,4.21339,4.21561,4.20599,4.2071,0,0
2015-07-06,02:00:00,4.20706,4.20777,4.20226,4.20267,0,0
2015-07-06,03:00:00,4.2027,4.20289,4.2019,4.20246,0,0
2015-07-06,04:00:00,4.20243,4.20272,4.20181,4.20242,0,0
2015-07-06,05:00:00,4.20237,4.20267,4.20188,4.20258,0,0
2015-07-06,06:00:00,4.2024,4.20292,4.20212,4.20277,0,0
2015-07-06,07:00:00,4.20291,4.21121,4.20204,4.20899,0,0
2015-07-06,08:00:00,4.20921,4.21098,4.20235,4.20314,0,0
2015-07-06,09:00:00,4.20289,4.20332,4.19508,4.19999,0,0
2015-07-06,10:00:00,4.20006,4.20046,4.19309,4.19578,0,0
2015-07-06,11:00:00,4.19595,4.19943,4.1953,4.19924,0,0
2015-07-06,12:00:00,4.19929,4.20049,4.1942,4.19516,0,0
2015-07-06,13:00:00,4.19516,4.19962,4.19453,4.19542,0,0
2015-07-06,14:00:00,4.19537,4.20201,4.19402,4.20103,0,0
2015-07-06,15:00:00,4.20094,4.20443,4.19915,4.20289,0,0
2015-07-06,16:00:00,4.20278,4.20526,4.20117,4.20359,0,0
2015-07-06,17:00:00,4.20397,4.20769,4.19971,4.20441,0,0
2015-07-06,18:00:00,4.20437,4.20683,4.2002,4.20137,0,0
2015-07-06,19:00:00,4.2015,4.20484,4.19734,4.20039,0,0
2015-07-06,20:00:00,4.20037,4.20153,4.19961,4.20031,0,0
2015-07-06,21:00:00,4.20016,4.20755,4.2001,4.20634,0,0
2015-07-06,22:00:00,4.20634,4.20682,4.2027,4.20394,0,0
2015-07-06,23:00:00,4.20425,4.20536,4.20291,4.20379,0,0
2015-07-06,23:59:00,4.20202,4.20471,4.20202,4.20408,0,0
2015-07-07,01:00:00,4.20415,4.2047,4.20205,4.20375,0,0
2015-07-07,02:00:00,4.20375,4.20447,4.20279,4.20362,0,0
2015-07-07,03:00:00,4.20353,4.20439,4.20331,4.20367,0,0
2015-07-07,04:00:00,4.20367,4.20474,4.20343,4.20448,0,0
2015-07-07,05:00:00,4.20444,4.20491,4.20356,4.20386,0,0
2015-07-07,06:00:00,4.20379,4.20463,4.20316,4.20351,0,0
2015-07-07,07:00:00,4.20351,4.20393,4.20218,4.20287,0,0
2015-07-07,08:00:00,4.20287,4.20313,4.19978,4.20021,0,0
2015-07-07,09:00:00,4.19955,4.2033,4.19937,4.2029,0,0
2015-07-07,10:00:00,4.20296,4.20833,4.20275,4.20581,0,0
2015-07-07,11:00:00,4.20524,4.2064,4.19788,4.2031,0,0
2015-07-07,12:00:00,4.20325,4.20469,4.20183,4.20379,0,0
2015-07-07,13:00:00,4.2038,4.20471,4.2027,4.20355,0,0
2015-07-07,14:00:00,4.20375,4.20425,4.20276,4.20358,0,0
2015-07-07,15:00:00,4.20352,4.20381,4.19465,4.20159,0,0
2015-07-07,16:00:00,4.20147,4.20799,4.2003,4.20719,0,0
2015-07-07,17:00:00,4.20704,4.2136,4.20704,4.21087,0,0
2015-07-07,18:00:00,4.21082,4.2167,4.21053,4.21282,0,0
2015-07-07,19:00:00,4.21306,4.21637,4.21122,4.21332,0,0
2015-07-07,20:00:00,4.21332,4.21457,4.21112,4.21434,0,0
2015-07-07,21:00:00,4.21423,4.21436,4.21175,4.21344,0,0
2015-07-07,22:00:00,4.21339,4.21455,4.20619,4.21016,0,0
2015-07-07,23:00:00,4.21011,4.21224,4.20688,4.20796,0,0
2015-07-07,23:59:00,4.20779,4.21474,4.20768,4.21178,0,0
2015-07-08,01:00:00,4.21193,4.21194,4.21079,4.2115,0,0
2015-07-08,02:00:00,4.2115,4.21162,4.21088,4.2113,0,0
2015-07-08,03:00:00,4.2113,4.21213,4.21085,4.21139,0,0
2015-07-08,04:00:00,4.2113,4.21211,4.21115,4.21175,0,0
2015-07-08,05:00:00,4.21144,4.21301,4.21091,4.21275,0,0
2015-07-08,06:00:00,4.21271,4.21389,4.2123,4.21364,0,0
2015-07-08,07:00:00,4.21364,4.21496,4.21306,4.21455,0,0
2015-07-08,08:00:00,4.21461,4.21627,4.2137,4.21596,0,0
2015-07-08,09:00:00,4.21608,4.22337,4.21597,4.22165,0,0
2015-07-08,10:00:00,4.22166,4.22842,4.21882,4.22587,0,0
2015-07-08,11:00:00,4.22498,4.2252,4.21912,4.22112,0,0
2015-07-08,12:00:00,4.22102,4.22562,4.22032,4.2235,0,0
2015-07-08,13:00:00,4.22347,4.22683,4.22333,4.22575,0,0
2015-07-08,14:00:00,4.2256,4.2277,4.22459,4.22528,0,0
2015-07-08,15:00:00,4.22543,4.22848,4.22303,4.22785,0,0
2015-07-08,16:00:00,4.22786,4.23152,4.22649,4.23135,0,0
2015-07-08,17:00:00,4.23157,4.23934,4.2311,4.23454,0,0
2015-07-08,18:00:00,4.23422,4.23796,4.23381,4.23707,0,0
2015-07-08,19:00:00,4.23737,4.23858,4.23685,4.23786,0,0
2015-07-08,20:00:00,4.23785,4.23855,4.23756,4.23799,0,0
2015-07-08,21:00:00,4.23798,4.23869,4.23753,4.23847,0,0
2015-07-08,22:00:00,4.2387,4.23958,4.23823,4.23858,0,0
2015-07-08,23:00:00,4.23866,4.24003,4.23839,4.23889,0,0
2015-07-08,23:59:00,4.23886,4.23911,4.23052,4.23316,0,0
2015-07-09,01:00:00,4.23307,4.2345,4.23286,4.234,0,0
2015-07-09,02:00:00,4.23459,4.23622,4.23196,4.23351,0,0
2015-07-09,03:00:00,4.23359,4.23563,4.23241,4.233,0,0
2015-07-09,04:00:00,4.23299,4.23472,4.23219,4.23254,0,0
2015-07-09,05:00:00,4.23245,4.23318,4.23183,4.23191,0,0
2015-07-09,06:00:00,4.23191,4.23245,4.23176,4.23191,0,0
2015-07-09,07:00:00,4.23186,4.23212,4.23169,4.23187,0,0
2015-07-09,08:00:00,4.23187,4.2357,4.23101,4.23514,0,0
2015-07-09,09:00:00,4.23494,4.23848,4.2308,4.2314,0,0
2015-07-09,10:00:00,4.23147,4.23619,4.22591,4.2299,0,0
2015-07-09,11:00:00,4.22989,4.22996,4.22458,4.22768,0,0
2015-07-09,12:00:00,4.22764,4.22861,4.2197,4.22177,0,0
2015-07-09,13:00:00,4.2218,4.22713,4.22113,4.22553,0,0
2015-07-09,14:00:00,4.22565,4.22648,4.21175,4.21175,0,0
2015-07-09,15:00:00,4.21219,4.2167,4.21199,4.21409,0,0
2015-07-09,16:00:00,4.21409,4.22105,4.21309,4.21898,0,0
2015-07-09,17:00:00,4.21937,4.22064,4.21422,4.21935,0,0
2015-07-09,18:00:00,4.22032,4.22398,4.21898,4.22135,0,0
2015-07-09,19:00:00,4.22119,4.22126,4.2161,4.21659,0,0
2015-07-09,20:00:00,4.21693,4.21737,4.21633,4.2167,0,0
2015-07-09,21:00:00,4.21663,4.21698,4.21547,4.21564,0,0
2015-07-09,22:00:00,4.21568,4.21608,4.21388,4.21554,0,0
2015-07-09,23:00:00,4.21568,4.21793,4.21463,4.21678,0,0
2015-07-09,23:59:00,4.21737,4.21737,4.21511,4.21589,0,0
2015-07-10,01:00:00,4.21558,4.22021,4.2131,4.21692,0,0
2015-07-10,02:00:00,4.21719,4.21956,4.21282,4.21612,0,0
2015-07-10,03:00:00,4.21612,4.21653,4.21583,4.21623,0,0
2015-07-10,04:00:00,4.21609,4.21762,4.21417,4.21531,0,0
2015-07-10,05:00:00,4.21533,4.2174,4.21407,4.21705,0,0
2015-07-10,06:00:00,4.21709,4.21768,4.21435,4.21689,0,0
2015-07-10,07:00:00,4.21689,4.21917,4.21609,4.21666,0,0
2015-07-10,08:00:00,4.21661,4.21856,4.212,4.21412,0,0
2015-07-10,09:00:00,4.21454,4.21642,4.19029,4.19386,0,0
2015-07-10,10:00:00,4.19374,4.2006,4.18984,4.19785,0,0
2015-07-10,11:00:00,4.19781,4.20022,4.18956,4.18956,0,0
2015-07-10,12:00:00,4.18962,4.19581,4.1859,4.18766,0,0
2015-07-10,13:00:00,4.18763,4.19069,4.1816,4.1816,0,0
2015-07-10,14:00:00,4.182,4.18224,4.17292,4.17783,0,0
2015-07-10,15:00:00,4.17782,4.17978,4.16878,4.16955,0,0
2015-07-10,16:00:00,4.16963,4.17444,4.16823,4.17172,0,0
2015-07-10,17:00:00,4.17168,4.17234,4.16874,4.1722,0,0
2015-07-10,18:00:00,4.17215,4.17463,4.16996,4.17415,0,0
2015-07-10,19:00:00,4.17423,4.17964,4.17408,4.17747,0,0
2015-07-10,20:00:00,4.17683,4.17809,4.17541,4.17658,0,0
2015-07-10,21:00:00,4.17685,4.17748,4.17377,4.17484,0,0
2015-07-10,22:00:00,4.17489,4.17598,4.17358,4.17463,0,0
2015-07-10,23:00:00,4.17484,4.17514,4.17475,4.17499,0,0
2015-07-13,01:00:00,4.17965,4.1812,4.17816,4.17896,0,0
2015-07-13,02:00:00,4.17895,4.18116,4.17874,4.17949,0,0
2015-07-13,03:00:00,4.17896,4.18113,4.17594,4.1797,0,0
2015-07-13,04:00:00,4.1797,4.18046,4.17848,4.1793,0,0
2015-07-13,05:00:00,4.17915,4.18034,4.17654,4.17976,0,0
2015-07-13,06:00:00,4.17976,4.18032,4.17891,4.17992,0,0
2015-07-13,07:00:00,4.17992,4.18051,4.17852,4.1797,0,0
2015-07-13,08:00:00,4.17975,4.1806,4.1735,4.17354,0,0
2015-07-13,09:00:00,4.17378,4.18173,4.15727,4.16378,0,0
2015-07-13,10:00:00,4.16274,4.16622,4.1521,4.15284,0,0
2015-07-13,11:00:00,4.15278,4.15678,4.14762,4.15522,0,0
2015-07-13,12:00:00,4.15527,4.1559,4.14867,4.15328,0,0
2015-07-13,13:00:00,4.15326,4.15852,4.15076,4.15076,0,0
2015-07-13,14:00:00,4.15056,4.15071,4.14352,4.1441,0,0
2015-07-13,15:00:00,4.14429,4.14835,4.14116,4.14256,0,0
2015-07-13,16:00:00,4.1426,4.14755,4.14011,4.14478,0,0
2015-07-13,17:00:00,4.14463,4.14473,4.1337,4.13731,0,0
2015-07-13,18:00:00,4.13732,4.13964,4.13388,4.13946,0,0
2015-07-13,19:00:00,4.13946,4.1407,4.13801,4.13966,0,0
2015-07-13,20:00:00,4.13952,4.13985,4.13868,4.13982,0,0
2015-07-13,21:00:00,4.13992,4.14003,4.1387,4.1389,0,0
2015-07-13,22:00:00,4.13918,4.13926,4.13783,4.13841,0,0
2015-07-13,23:00:00,4.13841,4.13872,4.13634,4.13708,0,0
2015-07-13,23:59:00,4.13625,4.14032,4.1357,4.13703,0,0
2015-07-14,01:00:00,4.13713,4.13801,4.13649,4.13708,0,0
2015-07-14,02:00:00,4.13708,4.13872,4.13654,4.13762,0,0
2015-07-14,03:00:00,4.13742,4.14007,4.13679,4.13732,0,0
2015-07-14,04:00:00,4.13761,4.13988,4.13682,4.13946,0,0
2015-07-14,05:00:00,4.13941,4.14014,4.13688,4.13888,0,0
2015-07-14,06:00:00,4.1389,4.13947,4.13684,4.13754,0,0
2015-07-14,07:00:00,4.13754,4.13879,4.13668,4.13826,0,0
2015-07-14,08:00:00,4.13822,4.13856,4.13709,4.13846,0,0
2015-07-14,09:00:00,4.13833,4.14632,4.13725,4.1461,0,0
2015-07-14,10:00:00,4.14605,4.14943,4.14337,4.14855,0,0
2015-07-14,11:00:00,4.14835,4.15491,4.14835,4.1545,0,0
2015-07-14,12:00:00,4.15461,4.15461,4.14506,4.14801,0,0
2015-07-14,13:00:00,4.14801,4.15516,4.14783,4.1526,0,0
2015-07-14,14:00:00,4.15269,4.155,4.15094,4.15214,0,0
2015-07-14,15:00:00,4.15195,4.15199,4.14655,4.14993,0,0
2015-07-14,16:00:00,4.14993,4.15038,4.14772,4.14858,0,0
2015-07-14,17:00:00,4.14854,4.14868,4.13421,4.13582,0,0
2015-07-14,18:00:00,4.13603,4.13807,4.13103,4.1324,0,0
2015-07-14,19:00:00,4.13252,4.1342,4.13027,4.13293,0,0
2015-07-14,20:00:00,4.13293,4.13309,4.12638,4.13035,0,0
2015-07-14,21:00:00,4.13025,4.13122,4.13006,4.13116,0,0
2015-07-14,22:00:00,4.13116,4.13141,4.13045,4.13105,0,0
2015-07-14,23:00:00,4.1309,4.13136,4.12898,4.1297,0,0
2015-07-14,23:59:00,4.12971,4.13091,4.12819,4.13031,0,0
2015-07-15,01:00:00,4.13053,4.132,4.12989,4.13019,0,0
2015-07-15,02:00:00,4.13013,4.13213,4.13013,4.13037,0,0
2015-07-15,03:00:00,4.13043,4.13106,4.13022,4.1304,0,0
2015-07-15,04:00:00,4.13123,4.13167,4.13027,4.13082,0,0
2015-07-15,05:00:00,4.13088,4.13154,4.13032,4.13117,0,0
2015-07-15,06:00:00,4.13117,4.13232,4.13034,4.1306,0,0
2015-07-15,07:00:00,4.13071,4.13174,4.13034,4.13056,0,0
2015-07-15,08:00:00,4.13056,4.13295,4.12799,4.13247,0,0
2015-07-15,09:00:00,4.13262,4.13377,4.12775,4.12824,0,0
2015-07-15,10:00:00,4.1283,4.13801,4.12788,4.13644,0,0
2015-07-15,11:00:00,4.13647,4.138,4.13171,4.13178,0,0
2015-07-15,12:00:00,4.13165,4.13374,4.13004,4.13009,0,0
2015-07-15,13:00:00,4.13013,4.13242,4.12967,4.13181,0,0
2015-07-15,14:00:00,4.13179,4.13203,4.12844,4.12988,0,0
2015-07-15,15:00:00,4.12986,4.13309,4.12847,4.13286,0,0
2015-07-15,16:00:00,4.13287,4.13435,4.12737,4.13417,0,0
2015-07-15,17:00:00,4.13427,4.13559,4.13073,4.13494,0,0
2015-07-15,18:00:00,4.13503,4.13601,4.12961,4.13113,0,0
2015-07-15,19:00:00,4.13121,4.1321,4.12989,4.13041,0,0
2015-07-15,20:00:00,4.13062,4.13123,4.12971,4.13104,0,0
2015-07-15,21:00:00,4.131,4.13128,4.13028,4.13107,0,0
2015-07-15,22:00:00,4.13134,4.13327,4.13019,4.13033,0,0
2015-07-15,23:00:00,4.13031,4.13081,4.12906,4.13025,0,0
2015-07-15,23:59:00,4.12947,4.13132,4.12911,4.13063,0,0
2015-07-16,01:00:00,4.13004,4.13144,4.13003,4.13054,0,0
2015-07-16,02:00:00,4.13046,4.13106,4.13005,4.13034,0,0
2015-07-16,03:00:00,4.13049,4.13238,4.13043,4.13128,0,0
2015-07-16,04:00:00,4.13139,4.13218,4.13006,4.13062,0,0
2015-07-16,05:00:00,4.13062,4.13159,4.13019,4.13057,0,0
2015-07-16,06:00:00,4.13061,4.13155,4.13024,4.13135,0,0
2015-07-16,07:00:00,4.13136,4.1316,4.12968,4.12985,0,0
2015-07-16,08:00:00,4.12984,4.13067,4.12639,4.12672,0,0
2015-07-16,09:00:00,4.12666,4.12761,4.12388,4.12676,0,0
2015-07-16,10:00:00,4.12676,4.12741,4.11168,4.11399,0,0
2015-07-16,11:00:00,4.11386,4.11854,4.10998,4.11123,0,0
2015-07-16,12:00:00,4.11113,4.11393,4.10559,4.11323,0,0
2015-07-16,13:00:00,4.11326,4.1147,4.11103,4.11234,0,0
2015-07-16,14:00:00,4.11228,4.11329,4.10929,4.10929,0,0
2015-07-16,15:00:00,4.10949,4.11151,4.10533,4.10889,0,0
2015-07-16,16:00:00,4.10895,4.11481,4.10593,4.11102,0,0
2015-07-16,17:00:00,4.11071,4.1131,4.11071,4.11167,0,0
2015-07-16,18:00:00,4.11169,4.11395,4.11016,4.11264,0,0
2015-07-16,19:00:00,4.11246,4.11437,4.1121,4.11403,0,0
2015-07-16,20:00:00,4.11406,4.11475,4.11376,4.11453,0,0
2015-07-16,21:00:00,4.11457,4.1152,4.11063,4.11101,0,0
2015-07-16,22:00:00,4.11105,4.1133,4.10999,4.11185,0,0
2015-07-16,23:00:00,4.11206,4.11346,4.11141,4.11313,0,0
2015-07-16,23:59:00,4.11313,4.11477,4.1112,4.11204,0,0
2015-07-17,01:00:00,4.11204,4.11466,4.11154,4.11239,0,0
2015-07-17,02:00:00,4.1125,4.11361,4.11226,4.11271,0,0
2015-07-17,03:00:00,4.11248,4.11468,4.111,4.11241,0,0
2015-07-17,04:00:00,4.1124,4.11613,4.11126,4.1151,0,0
2015-07-17,05:00:00,4.11509,4.11737,4.11336,4.11665,0,0
2015-07-17,06:00:00,4.11648,4.11722,4.11237,4.11422,0,0
2015-07-17,07:00:00,4.11422,4.11708,4.11348,4.11445,0,0
2015-07-17,08:00:00,4.11445,4.11522,4.11214,4.11245,0,0
2015-07-17,09:00:00,4.11259,4.11377,4.10897,4.10931,0,0
2015-07-17,10:00:00,4.10921,4.1139,4.10296,4.10426,0,0
2015-07-17,11:00:00,4.10435,4.10596,4.0978,4.10322,0,0
2015-07-17,12:00:00,4.10334,4.10334,4.09956,4.10063,0,0
2015-07-17,13:00:00,4.10049,4.10184,4.09614,4.10008,0,0
2015-07-17,14:00:00,4.10041,4.10655,4.09874,4.10515,0,0
2015-07-17,15:00:00,4.10515,4.10716,4.10156,4.10661,0,0
2015-07-17,16:00:00,4.10646,4.1119,4.10256,4.1119,0,0
2015-07-17,17:00:00,4.11228,4.11242,4.10482,4.10652,0,0
2015-07-17,18:00:00,4.1066,4.1088,4.1066,4.10836,0,0
2015-07-17,19:00:00,4.10851,4.10853,4.10727,4.10817,0,0
2015-07-17,20:00:00,4.10826,4.11011,4.10733,4.10925,0,0
2015-07-17,21:00:00,4.10925,4.11032,4.10911,4.10913,0,0
2015-07-17,22:00:00,4.10923,4.10969,4.10897,4.10932,0,0
2015-07-17,23:00:00,4.1094,4.10949,4.1094,4.10944,0,0
2015-07-20,01:00:00,4.10673,4.10806,4.10526,4.10567,0,0
2015-07-20,02:00:00,4.10672,4.10812,4.10526,4.10694,0,0
2015-07-20,03:00:00,4.10677,4.10873,4.10447,4.10843,0,0
2015-07-20,04:00:00,4.10831,4.10932,4.10649,4.10845,0,0
2015-07-20,05:00:00,4.10838,4.1112,4.10802,4.1085,0,0
2015-07-20,06:00:00,4.10821,4.11121,4.10809,4.10913,0,0
2015-07-20,07:00:00,4.10913,4.11075,4.10894,4.10923,0,0
2015-07-20,08:00:00,4.10954,4.10992,4.10786,4.10912,0,0
2015-07-20,09:00:00,4.10892,4.1098,4.10764,4.10854,0,0
2015-07-20,10:00:00,4.10865,4.11388,4.10679,4.1079,0,0
2015-07-20,11:00:00,4.10769,4.11073,4.10561,4.10832,0,0
2015-07-20,12:00:00,4.10737,4.11627,4.1062,4.10966,0,0
2015-07-20,13:00:00,4.10977,4.11587,4.10955,4.11505,0,0
2015-07-20,14:00:00,4.11519,4.1193,4.11432,4.11765,0,0
2015-07-20,15:00:00,4.11743,4.12253,4.11548,4.12101,0,0
2015-07-20,16:00:00,4.12072,4.12332,4.11855,4.12223,0,0
2015-07-20,17:00:00,4.12263,4.12544,4.12061,4.12485,0,0
2015-07-20,18:00:00,4.1249,4.1255,4.12375,4.12512,0,0
2015-07-20,19:00:00,4.12462,4.12545,4.1238,4.12398,0,0
2015-07-20,20:00:00,4.12402,4.12418,4.12191,4.12262,0,0
2015-07-20,21:00:00,4.1227,4.12361,4.12158,4.12287,0,0
2015-07-20,22:00:00,4.12301,4.12574,4.12225,4.12343,0,0
2015-07-20,23:00:00,4.12345,4.12528,4.12293,4.12418,0,0
2015-07-20,23:59:00,4.12358,4.12489,4.12315,4.12399,0,0
