Date,Time,Open,High,Low,Close,Volume,OpenInt
2015-04-22,01:00:00,1.07379,1.07382,1.07336,1.0738,0,0
2015-04-22,02:00:00,1.07381,1.07417,1.07345,1.07383,0,0
2015-04-22,03:00:00,1.07386,1.07386,1.07169,1.07194,0,0
2015-04-22,04:00:00,1.07192,1.07277,1.07176,1.07217,0,0
2015-04-22,05:00:00,1.07219,1.07331,1.0718,1.0728,0,0
2015-04-22,06:00:00,1.07279,1.07281,1.07207,1.07253,0,0
2015-04-22,07:00:00,1.07253,1.07382,1.07243,1.07369,0,0
2015-04-22,08:00:00,1.07368,1.07483,1.07323,1.07396,0,0
2015-04-22,09:00:00,1.07393,1.07745,1.07275,1.0768,0,0
2015-04-22,10:00:00,1.07681,1.07731,1.07501,1.07521,0,0
2015-04-22,11:00:00,1.07518,1.07951,1.0745,1.07764,0,0
2015-04-22,12:00:00,1.0776,1.08003,1.0776,1.07909,0,0
2015-04-22,13:00:00,1.07908,1.0799,1.07653,1.07714,0,0
2015-04-22,14:00:00,1.0768,1.07766,1.07509,1.07528,0,0
2015-04-22,15:00:00,1.07526,1.07593,1.07143,1.07263,0,0
2015-04-22,16:00:00,1.07272,1.07484,1.07085,1.07443,0,0
2015-04-22,17:00:00,1.0746,1.07461,1.072,1.07242,0,0
2015-04-22,18:00:00,1.07226,1.07325,1.07131,1.07274,0,0
2015-04-22,19:00:00,1.07275,1.07326,1.0717,1.07277,0,0
2015-04-22,20:00:00,1.07274,1.07401,1.0725,1.07309,0,0
2015-04-22,21:00:00,1.07308,1.07415,1.07308,1.07395,0,0
2015-04-22,22:00:00,1.07385,1.07431,1.0723,1.07273,0,0
2015-04-22,23:00:00,1.07274,1.07285,1.07227,1.07253,0,0
2015-04-22,23:59:00,1.07253,1.07278,1.07199,1.0722,0,0
2015-04-23,01:00:00,1.0722,1.0725,1.07181,1.07197,0,0
2015-04-23,02:00:00,1.07197,1.07278,1.07194,1.07245,0,0
2015-04-23,03:00:00,1.07247,1.07261,1.07012,1.07063,0,0
2015-04-23,04:00:00,1.07063,1.07127,1.06928,1.06987,0,0
2015-04-23,05:00:00,1.06989,1.07033,1.06915,1.06984,0,0
2015-04-23,06:00:00,1.06983,1.07103,1.06949,1.07082,0,0
2015-04-23,07:00:00,1.07085,1.0718,1.07015,1.07035,0,0
2015-04-23,08:00:00,1.07028,1.07179,1.07028,1.07076,0,0
2015-04-23,09:00:00,1.07074,1.07121,1.06803,1.06911,0,0
2015-04-23,10:00:00,1.06893,1.06897,1.06673,1.06874,0,0
2015-04-23,11:00:00,1.06879,1.07363,1.06849,1.07282,0,0
2015-04-23,12:00:00,1.07288,1.07558,1.07189,1.07532,0,0
2015-04-23,13:00:00,1.07524,1.07574,1.07368,1.07432,0,0
2015-04-23,14:00:00,1.07416,1.07735,1.07333,1.07678,0,0
2015-04-23,15:00:00,1.07707,1.07823,1.0747,1.07642,0,0
2015-04-23,16:00:00,1.0764,1.07792,1.0735,1.07543,0,0
2015-04-23,17:00:00,1.07536,1.08158,1.0752,1.08016,0,0
2015-04-23,18:00:00,1.08028,1.08214,1.07896,1.08023,0,0
2015-04-23,19:00:00,1.08027,1.08307,1.08027,1.08246,0,0
2015-04-23,20:00:00,1.08243,1.08454,1.08243,1.08298,0,0
2015-04-23,21:00:00,1.08304,1.08455,1.08246,1.08246,0,0
2015-04-23,22:00:00,1.08265,1.08302,1.08229,1.08254,0,0
2015-04-23,23:00:00,1.08264,1.08326,1.08228,1.08242,0,0
2015-04-23,23:59:00,1.08246,1.08262,1.08203,1.08217,0,0
2015-04-24,01:00:00,1.08217,1.08258,1.08155,1.08169,0,0
2015-04-24,02:00:00,1.08163,1.08234,1.08108,1.08153,0,0
2015-04-24,03:00:00,1.08146,1.08299,1.08069,1.08287,0,0
2015-04-24,04:00:00,1.08285,1.08285,1.08127,1.08135,0,0
2015-04-24,05:00:00,1.08129,1.08157,1.07942,1.07965,0,0
2015-04-24,06:00:00,1.07971,1.07993,1.07854,1.07933,0,0
2015-04-24,07:00:00,1.07927,1.08047,1.07905,1.08047,0,0
2015-04-24,08:00:00,1.08047,1.08145,1.08021,1.08135,0,0
2015-04-24,09:00:00,1.08142,1.088,1.07978,1.08737,0,0
2015-04-24,10:00:00,1.08738,1.08971,1.08627,1.08788,0,0
2015-04-24,11:00:00,1.08788,1.08994,1.08725,1.08846,0,0
2015-04-24,12:00:00,1.08848,1.08848,1.08522,1.08522,0,0
2015-04-24,13:00:00,1.08517,1.08559,1.08102,1.08159,0,0
2015-04-24,14:00:00,1.08156,1.0839,1.08132,1.08326,0,0
2015-04-24,15:00:00,1.08329,1.08722,1.08183,1.08421,0,0
2015-04-24,16:00:00,1.08413,1.08664,1.0812,1.08132,0,0
2015-04-24,17:00:00,1.08143,1.08681,1.0805,1.08633,0,0
2015-04-24,18:00:00,1.08636,1.08779,1.08581,1.08758,0,0
2015-04-24,19:00:00,1.08746,1.0879,1.08524,1.08524,0,0
2015-04-24,20:00:00,1.08529,1.08615,1.08506,1.086,0,0
2015-04-24,21:00:00,1.086,1.08707,1.08583,1.08676,0,0
2015-04-24,22:00:00,1.08681,1.08717,1.08615,1.08677,0,0
2015-04-24,23:00:00,1.08678,1.08684,1.08657,1.08657,0,0
2015-04-27,01:00:00,1.08671,1.08696,1.08599,1.08656,0,0
2015-04-27,02:00:00,1.08656,1.08746,1.08624,1.08657,0,0
2015-04-27,03:00:00,1.08662,1.0878,1.08621,1.08665,0,0
2015-04-27,04:00:00,1.0866,1.08711,1.08613,1.08623,0,0
2015-04-27,05:00:00,1.08616,1.08677,1.08606,1.08641,0,0
2015-04-27,06:00:00,1.08642,1.08642,1.08476,1.08535,0,0
2015-04-27,07:00:00,1.08536,1.08597,1.08518,1.08556,0,0
2015-04-27,08:00:00,1.08557,1.08782,1.08535,1.08738,0,0
2015-04-27,09:00:00,1.08738,1.08868,1.0849,1.08498,0,0
2015-04-27,10:00:00,1.08508,1.08789,1.08399,1.0856,0,0
2015-04-27,11:00:00,1.08558,1.0859,1.08256,1.0835,0,0
2015-04-27,12:00:00,1.0835,1.085,1.08277,1.0838,0,0
2015-04-27,13:00:00,1.08382,1.08447,1.0821,1.08445,0,0
2015-04-27,14:00:00,1.08455,1.08487,1.08285,1.08384,0,0
2015-04-27,15:00:00,1.08374,1.08439,1.08196,1.08424,0,0
2015-04-27,16:00:00,1.08433,1.08639,1.08368,1.08541,0,0
2015-04-27,17:00:00,1.08529,1.08834,1.08517,1.08834,0,0
2015-04-27,18:00:00,1.08827,1.09071,1.08827,1.08909,0,0
2015-04-27,19:00:00,1.08907,1.09261,1.08894,1.09057,0,0
2015-04-27,20:00:00,1.09066,1.091,1.08776,1.088,0,0
2015-04-27,21:00:00,1.08809,1.08932,1.08779,1.08816,0,0
2015-04-27,22:00:00,1.0882,1.08909,1.08777,1.08899,0,0
2015-04-27,23:00:00,1.08895,1.0892,1.08819,1.0892,0,0
2015-04-27,23:59:00,1.08915,1.08922,1.08832,1.08841,0,0
2015-04-28,01:00:00,1.0884,1.08863,1.08667,1.08759,0,0
2015-04-28,02:00:00,1.0876,1.088,1.08726,1.08767,0,0
2015-04-28,03:00:00,1.08766,1.08789,1.08701,1.0878,0,0
2015-04-28,04:00:00,1.0878,1.08841,1.08726,1.08782,0,0
2015-04-28,05:00:00,1.08782,1.08829,1.08736,1.08767,0,0
2015-04-28,06:00:00,1.08766,1.08843,1.08744,1.08782,0,0
2015-04-28,07:00:00,1.08791,1.08795,1.08723,1.08726,0,0
2015-04-28,08:00:00,1.08726,1.08878,1.08698,1.08823,0,0
2015-04-28,09:00:00,1.08823,1.08953,1.08704,1.08743,0,0
2015-04-28,10:00:00,1.08743,1.08996,1.08609,1.08815,0,0
2015-04-28,11:00:00,1.08804,1.0905,1.08637,1.09042,0,0
2015-04-28,12:00:00,1.0904,1.09223,1.08998,1.09147,0,0
2015-04-28,13:00:00,1.09146,1.09428,1.09088,1.09416,0,0
2015-04-28,14:00:00,1.09414,1.09496,1.09347,1.09434,0,0
2015-04-28,15:00:00,1.09429,1.09467,1.09184,1.09268,0,0
2015-04-28,16:00:00,1.09264,1.09523,1.09193,1.09468,0,0
2015-04-28,17:00:00,1.09508,1.09823,1.09482,1.09823,0,0
2015-04-28,18:00:00,1.09821,1.09897,1.09665,1.09785,0,0
2015-04-28,19:00:00,1.09783,1.0979,1.09605,1.09688,0,0
2015-04-28,20:00:00,1.09688,1.09877,1.09675,1.0985,0,0
2015-04-28,21:00:00,1.0985,1.09904,1.09724,1.09776,0,0
2015-04-28,22:00:00,1.09785,1.09793,1.09648,1.09733,0,0
2015-04-28,23:00:00,1.09741,1.09828,1.09694,1.09814,0,0
2015-04-28,23:59:00,1.09814,1.09814,1.09715,1.09762,0,0
2015-04-29,01:00:00,1.09761,1.09807,1.09714,1.09751,0,0
2015-04-29,02:00:00,1.09751,1.09757,1.09673,1.09679,0,0
2015-04-29,03:00:00,1.09681,1.09814,1.09681,1.09802,0,0
2015-04-29,04:00:00,1.09803,1.09803,1.09682,1.09709,0,0
2015-04-29,05:00:00,1.0971,1.09734,1.09678,1.09688,0,0
2015-04-29,06:00:00,1.09682,1.09731,1.09662,1.09681,0,0
2015-04-29,07:00:00,1.09683,1.09684,1.09598,1.09629,0,0
2015-04-29,08:00:00,1.09632,1.09714,1.09613,1.09684,0,0
2015-04-29,09:00:00,1.09683,1.09879,1.09644,1.09824,0,0
2015-04-29,10:00:00,1.0981,1.0998,1.09664,1.09977,0,0
2015-04-29,11:00:00,1.09977,1.10098,1.09846,1.10079,0,0
2015-04-29,12:00:00,1.10074,1.10142,1.09908,1.10059,0,0
2015-04-29,13:00:00,1.10058,1.10083,1.09942,1.09944,0,0
2015-04-29,14:00:00,1.09951,1.10084,1.09867,1.09956,0,0
2015-04-29,15:00:00,1.09948,1.1071,1.09925,1.10247,0,0
2015-04-29,16:00:00,1.10291,1.1078,1.10161,1.10775,0,0
2015-04-29,17:00:00,1.10773,1.116,1.10677,1.11473,0,0
2015-04-29,18:00:00,1.11489,1.11761,1.11321,1.11704,0,0
2015-04-29,19:00:00,1.11718,1.11876,1.11442,1.11442,0,0
2015-04-29,20:00:00,1.11443,1.11735,1.11359,1.11527,0,0
2015-04-29,21:00:00,1.11522,1.11522,1.10766,1.11116,0,0
2015-04-29,22:00:00,1.11138,1.11195,1.10963,1.11112,0,0
2015-04-29,23:00:00,1.11116,1.11285,1.1109,1.11284,0,0
2015-04-29,23:59:00,1.11287,1.11293,1.11144,1.11145,0,0
2015-04-30,01:00:00,1.11146,1.11221,1.11134,1.11174,0,0
2015-04-30,02:00:00,1.11184,1.11191,1.11105,1.11122,0,0
2015-04-30,03:00:00,1.11122,1.11232,1.11117,1.11144,0,0
2015-04-30,04:00:00,1.11144,1.11256,1.11141,1.11253,0,0
2015-04-30,05:00:00,1.11251,1.11251,1.1112,1.1115,0,0
2015-04-30,06:00:00,1.11152,1.11152,1.11024,1.11073,0,0
2015-04-30,07:00:00,1.11073,1.11156,1.11023,1.11075,0,0
2015-04-30,08:00:00,1.11075,1.11075,1.10851,1.10878,0,0
2015-04-30,09:00:00,1.10878,1.11219,1.10762,1.11153,0,0
2015-04-30,10:00:00,1.11155,1.12307,1.11057,1.12215,0,0
2015-04-30,11:00:00,1.12207,1.12491,1.11962,1.12081,0,0
2015-04-30,12:00:00,1.12087,1.12205,1.11676,1.117,0,0
2015-04-30,13:00:00,1.11697,1.11945,1.11533,1.11939,0,0
2015-04-30,14:00:00,1.11918,1.12132,1.11803,1.11934,0,0
2015-04-30,15:00:00,1.11936,1.12197,1.11407,1.11646,0,0
2015-04-30,16:00:00,1.11639,1.11676,1.11172,1.11406,0,0
2015-04-30,17:00:00,1.11413,1.12077,1.11396,1.12006,0,0
2015-04-30,18:00:00,1.1201,1.12226,1.11613,1.11621,0,0
2015-04-30,19:00:00,1.11623,1.12148,1.11572,1.12144,0,0
2015-04-30,20:00:00,1.12141,1.12149,1.11864,1.119,0,0
2015-04-30,21:00:00,1.11896,1.12632,1.11896,1.12575,0,0
2015-04-30,22:00:00,1.12594,1.12662,1.12193,1.12287,0,0
2015-04-30,23:00:00,1.1229,1.12292,1.12169,1.12237,0,0
2015-04-30,23:59:00,1.12239,1.12263,1.12122,1.12141,0,0
2015-05-01,01:00:00,1.12146,1.12193,1.121,1.12114,0,0
2015-05-01,02:00:00,1.12112,1.12168,1.12109,1.1212,0,0
2015-05-01,03:00:00,1.12116,1.12184,1.12068,1.12082,0,0
2015-05-01,04:00:00,1.12083,1.12161,1.12075,1.12085,0,0
2015-05-01,05:00:00,1.12085,1.12131,1.12033,1.12073,0,0
2015-05-01,06:00:00,1.12079,1.12115,1.12063,1.12086,0,0
2015-05-01,07:00:00,1.12086,1.12115,1.12051,1.12083,0,0
2015-05-01,08:00:00,1.12082,1.12193,1.1206,1.12182,0,0
2015-05-01,09:00:00,1.12186,1.12506,1.1201,1.12501,0,0
2015-05-01,10:00:00,1.12499,1.1267,1.12328,1.12572,0,0
2015-05-01,11:00:00,1.12569,1.12676,1.12383,1.12595,0,0
2015-05-01,12:00:00,1.12559,1.12849,1.12341,1.12351,0,0
2015-05-01,13:00:00,1.12352,1.12716,1.12313,1.12702,0,0
2015-05-01,14:00:00,1.12693,1.12777,1.12612,1.12612,0,0
2015-05-01,15:00:00,1.12612,1.12729,1.12434,1.12566,0,0
2015-05-01,16:00:00,1.12569,1.12764,1.12452,1.12729,0,0
2015-05-01,17:00:00,1.12736,1.12899,1.12093,1.12195,0,0
2015-05-01,18:00:00,1.12203,1.1225,1.11843,1.11948,0,0
2015-05-01,19:00:00,1.11945,1.12067,1.11758,1.11764,0,0
2015-05-01,20:00:00,1.11766,1.11979,1.11766,1.11978,0,0
2015-05-01,21:00:00,1.11978,1.12026,1.11843,1.11918,0,0
2015-05-01,22:00:00,1.11928,1.12178,1.1192,1.1209,0,0
2015-05-01,23:00:00,1.12084,1.12135,1.12078,1.12115,0,0
2015-05-04,01:00:00,1.11946,1.11965,1.11856,1.11859,0,0
2015-05-04,02:00:00,1.1186,1.11928,1.11825,1.11886,0,0
2015-05-04,03:00:00,1.11886,1.11948,1.11766,1.11873,0,0
2015-05-04,04:00:00,1.11876,1.11966,1.11876,1.11957,0,0
2015-05-04,05:00:00,1.11957,1.11977,1.11844,1.11907,0,0
2015-05-04,06:00:00,1.11907,1.11927,1.11855,1.11895,0,0
2015-05-04,07:00:00,1.11895,1.11954,1.11863,1.11925,0,0
2015-05-04,08:00:00,1.11924,1.12084,1.11922,1.12033,0,0
2015-05-04,09:00:00,1.12034,1.12239,1.11814,1.11846,0,0
2015-05-04,10:00:00,1.11847,1.11879,1.11547,1.1156,0,0
2015-05-04,11:00:00,1.1151,1.11575,1.11361,1.11417,0,0
2015-05-04,12:00:00,1.11419,1.11501,1.11277,1.11277,0,0
2015-05-04,13:00:00,1.11284,1.11398,1.1123,1.11344,0,0
2015-05-04,14:00:00,1.11342,1.11467,1.11286,1.11351,0,0
2015-05-04,15:00:00,1.11341,1.11876,1.11326,1.11827,0,0
2015-05-04,16:00:00,1.11825,1.11902,1.11583,1.11636,0,0
2015-05-04,17:00:00,1.11617,1.11677,1.11375,1.11623,0,0
2015-05-04,18:00:00,1.11633,1.11646,1.11422,1.11443,0,0
2015-05-04,19:00:00,1.11446,1.11649,1.11405,1.11585,0,0
2015-05-04,20:00:00,1.11587,1.11609,1.11492,1.11565,0,0
2015-05-04,21:00:00,1.11565,1.11579,1.1132,1.11401,0,0
2015-05-04,22:00:00,1.11402,1.11539,1.11368,1.11535,0,0
2015-05-04,23:00:00,1.11531,1.11531,1.11407,1.11476,0,0
2015-05-04,23:59:00,1.11466,1.11505,1.11443,1.11493,0,0
2015-05-05,01:00:00,1.11493,1.11515,1.11427,1.11457,0,0
2015-05-05,02:00:00,1.11459,1.11511,1.11456,1.1149,0,0
2015-05-05,03:00:00,1.11488,1.1149,1.11429,1.11455,0,0
2015-05-05,04:00:00,1.11455,1.11499,1.11406,1.11407,0,0
2015-05-05,05:00:00,1.11408,1.11439,1.11376,1.11396,0,0
2015-05-05,06:00:00,1.11396,1.11407,1.11324,1.11351,0,0
2015-05-05,07:00:00,1.11349,1.11356,1.11244,1.11271,0,0
2015-05-05,08:00:00,1.11271,1.11391,1.11259,1.1131,0,0
2015-05-05,09:00:00,1.1131,1.11464,1.10887,1.10917,0,0
2015-05-05,10:00:00,1.10898,1.1109,1.10829,1.10853,0,0
2015-05-05,11:00:00,1.10847,1.11009,1.10674,1.10982,0,0
2015-05-05,12:00:00,1.10985,1.11206,1.10825,1.11176,0,0
2015-05-05,13:00:00,1.11166,1.11324,1.11007,1.11267,0,0
2015-05-05,14:00:00,1.11267,1.11459,1.11193,1.11204,0,0
2015-05-05,15:00:00,1.11203,1.11727,1.11095,1.11585,0,0
2015-05-05,16:00:00,1.11571,1.11668,1.11264,1.11668,0,0
2015-05-05,17:00:00,1.11683,1.12026,1.11186,1.11871,0,0
2015-05-05,18:00:00,1.11876,1.12094,1.11718,1.11738,0,0
2015-05-05,19:00:00,1.11736,1.12073,1.11736,1.12008,0,0
2015-05-05,20:00:00,1.12006,1.12221,1.11897,1.11937,0,0
2015-05-05,21:00:00,1.11937,1.12039,1.11916,1.11943,0,0
2015-05-05,22:00:00,1.11942,1.12013,1.11877,1.11919,0,0
2015-05-05,23:00:00,1.11912,1.11922,1.11825,1.11855,0,0
2015-05-05,23:59:00,1.1185,1.11887,1.1184,1.11845,0,0
2015-05-06,01:00:00,1.11855,1.11878,1.11781,1.11797,0,0
2015-05-06,02:00:00,1.11797,1.11864,1.11781,1.11796,0,0
2015-05-06,03:00:00,1.11796,1.1187,1.11775,1.11807,0,0
2015-05-06,04:00:00,1.11807,1.11955,1.11756,1.11947,0,0
2015-05-06,05:00:00,1.11947,1.12159,1.11888,1.12156,0,0
2015-05-06,06:00:00,1.12156,1.12391,1.12114,1.12291,0,0
2015-05-06,07:00:00,1.12297,1.12362,1.12217,1.12342,0,0
2015-05-06,08:00:00,1.12351,1.12404,1.12284,1.12305,0,0
2015-05-06,09:00:00,1.12303,1.12639,1.12213,1.12561,0,0
2015-05-06,10:00:00,1.12569,1.12707,1.12236,1.12438,0,0
2015-05-06,11:00:00,1.12462,1.12551,1.12259,1.12284,0,0
2015-05-06,12:00:00,1.12285,1.12328,1.12033,1.12155,0,0
2015-05-06,13:00:00,1.12156,1.12395,1.12129,1.12308,0,0
2015-05-06,14:00:00,1.12303,1.12388,1.12156,1.12225,0,0
2015-05-06,15:00:00,1.12225,1.12873,1.12215,1.12817,0,0
2015-05-06,16:00:00,1.12833,1.13427,1.12696,1.13355,0,0
2015-05-06,17:00:00,1.13347,1.13672,1.13295,1.13533,0,0
2015-05-06,18:00:00,1.13536,1.13576,1.13286,1.13468,0,0
2015-05-06,19:00:00,1.13454,1.13519,1.13188,1.13219,0,0
2015-05-06,20:00:00,1.13233,1.13427,1.13233,1.13382,0,0
2015-05-06,21:00:00,1.13376,1.13701,1.13365,1.13522,0,0
2015-05-06,22:00:00,1.13541,1.13555,1.13449,1.13486,0,0
2015-05-06,23:00:00,1.13487,1.13492,1.13437,1.13468,0,0
2015-05-06,23:59:00,1.13466,1.13495,1.13423,1.13429,0,0
2015-05-07,01:00:00,1.13428,1.1346,1.13395,1.13435,0,0
2015-05-07,02:00:00,1.13435,1.13484,1.13395,1.13395,0,0
2015-05-07,03:00:00,1.13393,1.13435,1.13274,1.13306,0,0
2015-05-07,04:00:00,1.13306,1.134,1.13253,1.13291,0,0
2015-05-07,05:00:00,1.13279,1.13408,1.13275,1.13366,0,0
2015-05-07,06:00:00,1.13366,1.13476,1.13366,1.13437,0,0
2015-05-07,07:00:00,1.13437,1.13473,1.134,1.13447,0,0
2015-05-07,08:00:00,1.13447,1.13659,1.134,1.13587,0,0
2015-05-07,09:00:00,1.13582,1.13709,1.13357,1.13414,0,0
2015-05-07,10:00:00,1.13402,1.13821,1.13373,1.13685,0,0
2015-05-07,11:00:00,1.13663,1.13681,1.13393,1.13576,0,0
2015-05-07,12:00:00,1.1356,1.13917,1.13502,1.13782,0,0
2015-05-07,13:00:00,1.13785,1.13792,1.13312,1.13446,0,0
2015-05-07,14:00:00,1.13444,1.13449,1.12958,1.12972,0,0
2015-05-07,15:00:00,1.12974,1.13137,1.12632,1.12924,0,0
2015-05-07,16:00:00,1.12955,1.13077,1.12675,1.12689,0,0
2015-05-07,17:00:00,1.12693,1.12753,1.12377,1.12597,0,0
2015-05-07,18:00:00,1.12618,1.12897,1.12564,1.12829,0,0
2015-05-07,19:00:00,1.12824,1.12872,1.12674,1.12677,0,0
2015-05-07,20:00:00,1.12673,1.12708,1.12546,1.12642,0,0
2015-05-07,21:00:00,1.12642,1.12809,1.12584,1.1268,0,0
2015-05-07,22:00:00,1.12673,1.12724,1.12626,1.12693,0,0
2015-05-07,23:00:00,1.12697,1.1273,1.1264,1.12669,0,0
2015-05-07,23:59:00,1.12668,1.12771,1.12429,1.12529,0,0
2015-05-08,01:00:00,1.12521,1.12545,1.12284,1.12416,0,0
2015-05-08,02:00:00,1.12416,1.12499,1.12372,1.1245,0,0
2015-05-08,03:00:00,1.12449,1.12573,1.12446,1.12464,0,0
2015-05-08,04:00:00,1.12464,1.12541,1.12358,1.12411,0,0
2015-05-08,05:00:00,1.12424,1.12425,1.12105,1.12117,0,0
2015-05-08,06:00:00,1.12118,1.12142,1.11982,1.12043,0,0
2015-05-08,07:00:00,1.12045,1.12229,1.12033,1.12171,0,0
2015-05-08,08:00:00,1.1217,1.12285,1.12011,1.12053,0,0
2015-05-08,09:00:00,1.12054,1.12073,1.11819,1.11949,0,0
2015-05-08,10:00:00,1.11941,1.12228,1.11877,1.12172,0,0
2015-05-08,11:00:00,1.12156,1.12437,1.12156,1.12341,0,0
2015-05-08,12:00:00,1.12339,1.12449,1.12233,1.12393,0,0
2015-05-08,13:00:00,1.12384,1.12446,1.12132,1.12151,0,0
2015-05-08,14:00:00,1.12141,1.12277,1.12107,1.12113,0,0
2015-05-08,15:00:00,1.12106,1.12866,1.118,1.12641,0,0
2015-05-08,16:00:00,1.12624,1.12734,1.12214,1.12268,0,0
2015-05-08,17:00:00,1.12274,1.12277,1.11863,1.12234,0,0
2015-05-08,18:00:00,1.12224,1.12564,1.12134,1.12406,0,0
2015-05-08,19:00:00,1.12406,1.12463,1.12117,1.12214,0,0
2015-05-08,20:00:00,1.12203,1.12374,1.1216,1.12276,0,0
2015-05-08,21:00:00,1.12277,1.12288,1.11977,1.1205,0,0
2015-05-08,22:00:00,1.12061,1.12172,1.12037,1.1208,0,0
2015-05-08,23:00:00,1.1208,1.1208,1.1208,1.1208,0,0
2015-05-11,01:00:00,1.12014,1.12042,1.11934,1.11974,0,0
2015-05-11,02:00:00,1.11974,1.11983,1.11923,1.11959,0,0
2015-05-11,03:00:00,1.11959,1.12018,1.11662,1.11666,0,0
2015-05-11,04:00:00,1.11666,1.11701,1.1152,1.11592,0,0
2015-05-11,05:00:00,1.11592,1.11678,1.11519,1.11575,0,0
2015-05-11,06:00:00,1.11575,1.11578,1.11337,1.11434,0,0
2015-05-11,07:00:00,1.11436,1.11498,1.1141,1.11497,0,0
2015-05-11,08:00:00,1.11497,1.11539,1.11351,1.11458,0,0
2015-05-11,09:00:00,1.11454,1.11956,1.1141,1.11909,0,0
2015-05-11,10:00:00,1.11902,1.11925,1.11524,1.11586,0,0
2015-05-11,11:00:00,1.11581,1.11769,1.11542,1.11693,0,0
2015-05-11,12:00:00,1.11682,1.11751,1.11471,1.11601,0,0
2015-05-11,13:00:00,1.11614,1.11711,1.11504,1.11555,0,0
2015-05-11,14:00:00,1.11542,1.11616,1.11383,1.11412,0,0
2015-05-11,15:00:00,1.11418,1.11554,1.11351,1.11416,0,0
2015-05-11,16:00:00,1.11425,1.11733,1.11384,1.11515,0,0
2015-05-11,17:00:00,1.11537,1.11703,1.11462,1.11471,0,0
2015-05-11,18:00:00,1.11485,1.11623,1.11313,1.1141,0,0
2015-05-11,19:00:00,1.11418,1.11563,1.11334,1.11552,0,0
2015-05-11,20:00:00,1.11583,1.11694,1.11463,1.1161,0,0
2015-05-11,21:00:00,1.11613,1.11675,1.11485,1.11557,0,0
2015-05-11,22:00:00,1.11556,1.11593,1.11511,1.11511,0,0
2015-05-11,23:00:00,1.11515,1.11565,1.11504,1.11551,0,0
2015-05-11,23:59:00,1.11553,1.11586,1.1152,1.11521,0,0
2015-05-12,01:00:00,1.11523,1.1158,1.11487,1.11487,0,0
2015-05-12,02:00:00,1.11487,1.11497,1.11397,1.11457,0,0
2015-05-12,03:00:00,1.11457,1.11518,1.11346,1.11402,0,0
2015-05-12,04:00:00,1.11402,1.11477,1.11366,1.11476,0,0
2015-05-12,05:00:00,1.11463,1.11663,1.11457,1.11619,0,0
2015-05-12,06:00:00,1.1162,1.11667,1.11535,1.11554,0,0
2015-05-12,07:00:00,1.11556,1.11729,1.11554,1.11708,0,0
2015-05-12,08:00:00,1.11716,1.11894,1.11714,1.11762,0,0
2015-05-12,09:00:00,1.11758,1.12016,1.11673,1.11844,0,0
2015-05-12,10:00:00,1.11837,1.12358,1.11768,1.12262,0,0
2015-05-12,11:00:00,1.1226,1.12664,1.1226,1.12576,0,0
2015-05-12,12:00:00,1.12586,1.12778,1.12504,1.12666,0,0
2015-05-12,13:00:00,1.12666,1.12736,1.12514,1.12544,0,0
2015-05-12,14:00:00,1.12534,1.12569,1.12339,1.12358,0,0
2015-05-12,15:00:00,1.12363,1.1246,1.1227,1.12289,0,0
2015-05-12,16:00:00,1.12289,1.12609,1.12227,1.12526,0,0
2015-05-12,17:00:00,1.12497,1.1266,1.12371,1.12474,0,0
2015-05-12,18:00:00,1.12475,1.12484,1.12276,1.12404,0,0
2015-05-12,19:00:00,1.12385,1.12575,1.12344,1.12368,0,0
2015-05-12,20:00:00,1.12369,1.12395,1.12177,1.12225,0,0
2015-05-12,21:00:00,1.12232,1.1226,1.12135,1.12199,0,0
2015-05-12,22:00:00,1.12199,1.12219,1.12126,1.12171,0,0
2015-05-12,23:00:00,1.12161,1.12171,1.1206,1.12132,0,0
2015-05-12,23:59:00,1.12134,1.12219,1.12077,1.12219,0,0
2015-05-13,01:00:00,1.12215,1.12217,1.12148,1.12155,0,0
2015-05-13,02:00:00,1.12155,1.12206,1.12153,1.12189,0,0
2015-05-13,03:00:00,1.12188,1.12329,1.12141,1.12278,0,0
2015-05-13,04:00:00,1.12278,1.12294,1.12129,1.12206,0,0
2015-05-13,05:00:00,1.12198,1.12377,1.12191,1.12358,0,0
2015-05-13,06:00:00,1.12358,1.12452,1.12347,1.12395,0,0
2015-05-13,07:00:00,1.12395,1.12548,1.12376,1.12486,0,0
2015-05-13,08:00:00,1.12486,1.12535,1.12376,1.12376,0,0
2015-05-13,09:00:00,1.12349,1.12651,1.12252,1.12515,0,0
2015-05-13,10:00:00,1.12506,1.12615,1.12371,1.1251,0,0
2015-05-13,11:00:00,1.1251,1.12569,1.12198,1.12273,0,0
2015-05-13,12:00:00,1.12276,1.12449,1.12028,1.12283,0,0
2015-05-13,13:00:00,1.12283,1.12325,1.12119,1.12241,0,0
2015-05-13,14:00:00,1.1225,1.12438,1.12195,1.1232,0,0
2015-05-13,15:00:00,1.12317,1.13235,1.12196,1.13088,0,0
2015-05-13,16:00:00,1.1307,1.1334,1.13042,1.13304,0,0
2015-05-13,17:00:00,1.1331,1.13528,1.13303,1.13511,0,0
2015-05-13,18:00:00,1.13508,1.13826,1.13453,1.13718,0,0
2015-05-13,19:00:00,1.13719,1.13749,1.13579,1.13718,0,0
2015-05-13,20:00:00,1.13708,1.13789,1.13577,1.13578,0,0
2015-05-13,21:00:00,1.13568,1.13637,1.1351,1.13602,0,0
2015-05-13,22:00:00,1.13605,1.13605,1.13398,1.13427,0,0
2015-05-13,23:00:00,1.13427,1.13548,1.1341,1.13548,0,0
2015-05-13,23:59:00,1.13543,1.13563,1.13476,1.13497,0,0
2015-05-14,01:00:00,1.13497,1.13604,1.1349,1.13534,0,0
2015-05-14,02:00:00,1.13534,1.13556,1.13447,1.1347,0,0
2015-05-14,03:00:00,1.1347,1.13524,1.13409,1.13484,0,0
2015-05-14,04:00:00,1.13484,1.13615,1.13481,1.13555,0,0
2015-05-14,05:00:00,1.13626,1.13669,1.13463,1.13469,0,0
2015-05-14,06:00:00,1.13464,1.13742,1.13464,1.13704,0,0
2015-05-14,07:00:00,1.1371,1.13741,1.13646,1.13663,0,0
2015-05-14,08:00:00,1.13663,1.13795,1.13601,1.13795,0,0
2015-05-14,09:00:00,1.13778,1.14207,1.13639,1.14103,0,0
2015-05-14,10:00:00,1.14115,1.14307,1.13782,1.13904,0,0
2015-05-14,11:00:00,1.13896,1.14172,1.13795,1.14044,0,0
2015-05-14,12:00:00,1.14036,1.14348,1.13991,1.14193,0,0
2015-05-14,13:00:00,1.14202,1.14439,1.1411,1.14364,0,0
2015-05-14,14:00:00,1.14342,1.14382,1.1406,1.1427,0,0
2015-05-14,15:00:00,1.14249,1.14324,1.13975,1.14161,0,0
2015-05-14,16:00:00,1.14131,1.14174,1.139,1.14016,0,0
2015-05-14,17:00:00,1.14024,1.14081,1.13666,1.13807,0,0
2015-05-14,18:00:00,1.13803,1.13847,1.13443,1.13687,0,0
2015-05-14,19:00:00,1.13678,1.13815,1.1363,1.13784,0,0
2015-05-14,20:00:00,1.13786,1.13892,1.13671,1.1382,0,0
2015-05-14,21:00:00,1.13798,1.13976,1.13774,1.13964,0,0
2015-05-14,22:00:00,1.13965,1.14104,1.13959,1.14086,0,0
2015-05-14,23:00:00,1.14084,1.14147,1.1405,1.14098,0,0
2015-05-14,23:59:00,1.14097,1.14137,1.14055,1.1407,0,0
2015-05-15,01:00:00,1.14078,1.14104,1.14024,1.14044,0,0
2015-05-15,02:00:00,1.14044,1.14046,1.13983,1.14023,0,0
2015-05-15,03:00:00,1.14022,1.14097,1.13962,1.14032,0,0
2015-05-15,04:00:00,1.14031,1.14106,1.13932,1.14063,0,0
2015-05-15,05:00:00,1.1406,1.14176,1.14033,1.14053,0,0
2015-05-15,06:00:00,1.14053,1.14103,1.14031,1.14073,0,0
2015-05-15,07:00:00,1.14073,1.14145,1.14059,1.14112,0,0
2015-05-15,08:00:00,1.14113,1.14135,1.13807,1.13824,0,0
2015-05-15,09:00:00,1.13831,1.14153,1.13717,1.14133,0,0
2015-05-15,10:00:00,1.14141,1.14203,1.13762,1.13856,0,0
2015-05-15,11:00:00,1.13853,1.13999,1.13523,1.13624,0,0
2015-05-15,12:00:00,1.13597,1.13677,1.1346,1.1357,0,0
2015-05-15,13:00:00,1.13543,1.13688,1.13504,1.13595,0,0
2015-05-15,14:00:00,1.13585,1.13682,1.13297,1.13338,0,0
2015-05-15,15:00:00,1.13339,1.13418,1.13245,1.13351,0,0
2015-05-15,16:00:00,1.13353,1.13577,1.13295,1.13541,0,0
2015-05-15,17:00:00,1.13585,1.1445,1.13585,1.14373,0,0
2015-05-15,18:00:00,1.1438,1.14507,1.14208,1.1428,0,0
2015-05-15,19:00:00,1.14281,1.14389,1.14123,1.14334,0,0
2015-05-15,20:00:00,1.14331,1.14561,1.14256,1.14371,0,0
2015-05-15,21:00:00,1.1437,1.14664,1.1437,1.14649,0,0
2015-05-15,22:00:00,1.14647,1.14647,1.14459,1.14479,0,0
2015-05-15,23:00:00,1.14482,1.1449,1.14479,1.1448,0,0
2015-05-18,01:00:00,1.14437,1.14473,1.14377,1.14403,0,0
2015-05-18,02:00:00,1.14404,1.14453,1.14386,1.14443,0,0
2015-05-18,03:00:00,1.14443,1.14443,1.14218,1.14332,0,0
2015-05-18,04:00:00,1.14332,1.14365,1.14193,1.14219,0,0
2015-05-18,05:00:00,1.14226,1.14345,1.14221,1.14337,0,0
2015-05-18,06:00:00,1.14334,1.14363,1.14271,1.1431,0,0
2015-05-18,07:00:00,1.1431,1.1439,1.14273,1.14341,0,0
2015-05-18,08:00:00,1.14341,1.14385,1.14175,1.14385,0,0
2015-05-18,09:00:00,1.14378,1.14466,1.14185,1.14185,0,0
2015-05-18,10:00:00,1.14168,1.14252,1.13802,1.13906,0,0
2015-05-18,11:00:00,1.13909,1.13924,1.13675,1.1387,0,0
2015-05-18,12:00:00,1.1387,1.14057,1.13723,1.14035,0,0
2015-05-18,13:00:00,1.14043,1.14234,1.13931,1.14175,0,0
2015-05-18,14:00:00,1.14177,1.14189,1.13939,1.1405,0,0
2015-05-18,15:00:00,1.14053,1.14071,1.13806,1.13908,0,0
2015-05-18,16:00:00,1.13896,1.13987,1.13376,1.13393,0,0
2015-05-18,17:00:00,1.13389,1.13642,1.13385,1.13642,0,0
2015-05-18,18:00:00,1.13644,1.13696,1.13487,1.13544,0,0
2015-05-18,19:00:00,1.13542,1.13588,1.13315,1.13512,0,0
2015-05-18,20:00:00,1.13509,1.13545,1.13125,1.13177,0,0
2015-05-18,21:00:00,1.13168,1.13184,1.12996,1.13047,0,0
2015-05-18,22:00:00,1.13037,1.13168,1.12988,1.13088,0,0
2015-05-18,23:00:00,1.13088,1.13171,1.13081,1.13145,0,0
2015-05-18,23:59:00,1.13149,1.13159,1.13107,1.13144,0,0
2015-05-19,01:00:00,1.13145,1.1317,1.13129,1.13153,0,0
2015-05-19,02:00:00,1.13152,1.13263,1.13152,1.13242,0,0
2015-05-19,03:00:00,1.13243,1.1326,1.13114,1.13135,0,0
2015-05-19,04:00:00,1.13134,1.13144,1.12874,1.12947,0,0
2015-05-19,05:00:00,1.12935,1.12984,1.12855,1.12965,0,0
2015-05-19,06:00:00,1.12965,1.13067,1.12941,1.13059,0,0
2015-05-19,07:00:00,1.13063,1.13067,1.12992,1.13039,0,0
2015-05-19,08:00:00,1.13039,1.1321,1.13016,1.13165,0,0
2015-05-19,09:00:00,1.13162,1.13164,1.12798,1.13036,0,0
2015-05-19,10:00:00,1.13042,1.13043,1.11605,1.11829,0,0
2015-05-19,11:00:00,1.11816,1.11957,1.11674,1.11951,0,0
2015-05-19,12:00:00,1.11875,1.12096,1.11821,1.1204,0,0
2015-05-19,13:00:00,1.12037,1.12167,1.11917,1.12113,0,0
2015-05-19,14:00:00,1.12145,1.12154,1.11789,1.11891,0,0
2015-05-19,15:00:00,1.11908,1.11922,1.11231,1.1132,0,0
2015-05-19,16:00:00,1.11328,1.11668,1.11318,1.11555,0,0
2015-05-19,17:00:00,1.11538,1.1162,1.11255,1.1131,0,0
2015-05-19,18:00:00,1.11287,1.11554,1.11197,1.11501,0,0
2015-05-19,19:00:00,1.11504,1.11589,1.11317,1.1147,0,0
2015-05-19,20:00:00,1.11468,1.11468,1.11332,1.11443,0,0
2015-05-19,21:00:00,1.11431,1.11579,1.11431,1.11549,0,0
2015-05-19,22:00:00,1.11538,1.11596,1.11471,1.11483,0,0
2015-05-19,23:00:00,1.11477,1.11507,1.1146,1.11494,0,0
2015-05-19,23:59:00,1.11497,1.11526,1.11451,1.11459,0,0
2015-05-20,01:00:00,1.11458,1.11509,1.11416,1.11471,0,0
2015-05-20,02:00:00,1.11472,1.115,1.11427,1.11427,0,0
2015-05-20,03:00:00,1.11427,1.1147,1.11221,1.11332,0,0
2015-05-20,04:00:00,1.11332,1.11448,1.11257,1.11402,0,0
2015-05-20,05:00:00,1.11401,1.11518,1.11401,1.11441,0,0
2015-05-20,06:00:00,1.1144,1.11459,1.11378,1.114,0,0
2015-05-20,07:00:00,1.114,1.11451,1.11288,1.11318,0,0
2015-05-20,08:00:00,1.11317,1.11462,1.11024,1.11024,0,0
2015-05-20,09:00:00,1.10993,1.11157,1.10635,1.1083,0,0
2015-05-20,10:00:00,1.10834,1.11055,1.10677,1.11009,0,0
2015-05-20,11:00:00,1.11003,1.11266,1.11003,1.11087,0,0
2015-05-20,12:00:00,1.11088,1.11265,1.11047,1.11155,0,0
2015-05-20,13:00:00,1.11151,1.11247,1.10904,1.1092,0,0
2015-05-20,14:00:00,1.10926,1.11119,1.10894,1.11111,0,0
2015-05-20,15:00:00,1.11111,1.11448,1.11111,1.11409,0,0
2015-05-20,16:00:00,1.11406,1.11415,1.10985,1.11028,0,0
2015-05-20,17:00:00,1.11025,1.11199,1.10935,1.11048,0,0
2015-05-20,18:00:00,1.11049,1.11077,1.10764,1.10809,0,0
2015-05-20,19:00:00,1.10806,1.10999,1.10769,1.1099,0,0
2015-05-20,20:00:00,1.10976,1.11077,1.10887,1.1101,0,0
2015-05-20,21:00:00,1.11015,1.11413,1.10714,1.11149,0,0
2015-05-20,22:00:00,1.11152,1.1134,1.10938,1.11075,0,0
2015-05-20,23:00:00,1.1107,1.11096,1.10917,1.10936,0,0
2015-05-20,23:59:00,1.10931,1.1098,1.10879,1.1092,0,0
2015-05-21,01:00:00,1.1092,1.1097,1.10881,1.10954,0,0
2015-05-21,02:00:00,1.10955,1.11013,1.10923,1.11013,0,0
2015-05-21,03:00:00,1.11014,1.11226,1.11014,1.11172,0,0
2015-05-21,04:00:00,1.11173,1.11211,1.11096,1.11144,0,0
2015-05-21,05:00:00,1.11142,1.11281,1.1114,1.11233,0,0
2015-05-21,06:00:00,1.11233,1.11266,1.11138,1.11212,0,0
2015-05-21,07:00:00,1.11212,1.11295,1.11161,1.11219,0,0
2015-05-21,08:00:00,1.11244,1.11282,1.11163,1.11177,0,0
2015-05-21,09:00:00,1.11171,1.11171,1.10802,1.11035,0,0
2015-05-21,10:00:00,1.11013,1.1158,1.11013,1.11372,0,0
2015-05-21,11:00:00,1.11355,1.11724,1.11342,1.11552,0,0
2015-05-21,12:00:00,1.11544,1.11614,1.11421,1.11422,0,0
2015-05-21,13:00:00,1.11398,1.11813,1.11395,1.11643,0,0
2015-05-21,14:00:00,1.11648,1.11657,1.11353,1.11372,0,0
2015-05-21,15:00:00,1.11372,1.11472,1.11093,1.11156,0,0
2015-05-21,16:00:00,1.11135,1.11327,1.11065,1.11168,0,0
2015-05-21,17:00:00,1.11131,1.11414,1.11054,1.11192,0,0
2015-05-21,18:00:00,1.11202,1.11318,1.11146,1.11251,0,0
2015-05-21,19:00:00,1.1126,1.11359,1.11203,1.11327,0,0
2015-05-21,20:00:00,1.1133,1.11376,1.11203,1.11206,0,0
2015-05-21,21:00:00,1.11202,1.11387,1.11177,1.11314,0,0
2015-05-21,22:00:00,1.11325,1.11333,1.11138,1.1115,0,0
2015-05-21,23:00:00,1.11149,1.11157,1.11095,1.11128,0,0
2015-05-21,23:59:00,1.11118,1.11187,1.11014,1.11081,0,0
2015-05-22,01:00:00,1.11081,1.11108,1.11045,1.11081,0,0
2015-05-22,02:00:00,1.11081,1.11121,1.11072,1.11095,0,0
2015-05-22,03:00:00,1.11098,1.11202,1.11083,1.11183,0,0
2015-05-22,04:00:00,1.11183,1.11294,1.11173,1.11254,0,0
2015-05-22,05:00:00,1.11253,1.11364,1.11246,1.11342,0,0
2015-05-22,06:00:00,1.11342,1.11477,1.11292,1.11466,0,0
2015-05-22,07:00:00,1.11465,1.11523,1.11382,1.114,0,0
2015-05-22,08:00:00,1.11403,1.11523,1.1134,1.11474,0,0
2015-05-22,09:00:00,1.11466,1.11699,1.11462,1.11547,0,0
2015-05-22,10:00:00,1.11545,1.11688,1.11463,1.11585,0,0
2015-05-22,11:00:00,1.11585,1.11762,1.11515,1.11702,0,0
2015-05-22,12:00:00,1.11693,1.1195,1.11615,1.11932,0,0
2015-05-22,13:00:00,1.11921,1.12067,1.11834,1.11857,0,0
2015-05-22,14:00:00,1.11857,1.11863,1.1154,1.11633,0,0
2015-05-22,15:00:00,1.11633,1.11755,1.10715,1.10793,0,0
2015-05-22,16:00:00,1.10797,1.10797,1.10024,1.10304,0,0
2015-05-22,17:00:00,1.10297,1.10364,1.10118,1.10276,0,0
2015-05-22,18:00:00,1.10272,1.10379,1.10172,1.10331,0,0
2015-05-22,19:00:00,1.1033,1.10429,1.10301,1.10398,0,0
2015-05-22,20:00:00,1.10365,1.10405,1.10097,1.10133,0,0
2015-05-22,21:00:00,1.10135,1.10166,1.10032,1.10115,0,0
2015-05-22,22:00:00,1.10116,1.10146,1.10038,1.10077,0,0
2015-05-22,23:00:00,1.10087,1.10114,1.10087,1.10104,0,0
2015-05-25,01:00:00,1.09779,1.10046,1.09779,1.1001,0,0
2015-05-25,02:00:00,1.10022,1.10095,1.09867,1.09914,0,0
2015-05-25,03:00:00,1.09912,1.10015,1.09714,1.09775,0,0
2015-05-25,04:00:00,1.09785,1.09866,1.09734,1.09798,0,0
2015-05-25,05:00:00,1.09798,1.09898,1.09792,1.09875,0,0
2015-05-25,06:00:00,1.09873,1.09946,1.09841,1.09875,0,0
2015-05-25,07:00:00,1.09876,1.09885,1.09812,1.09847,0,0
2015-05-25,08:00:00,1.09848,1.09908,1.09783,1.09863,0,0
2015-05-25,09:00:00,1.09863,1.10054,1.09856,1.10032,0,0
2015-05-25,10:00:00,1.10042,1.1008,1.09674,1.09736,0,0
2015-05-25,11:00:00,1.09736,1.09769,1.09597,1.09734,0,0
2015-05-25,12:00:00,1.09733,1.09857,1.09685,1.09766,0,0
2015-05-25,13:00:00,1.09763,1.09836,1.09717,1.09764,0,0
2015-05-25,14:00:00,1.09755,1.09802,1.09723,1.0977,0,0
2015-05-25,15:00:00,1.09769,1.09915,1.09755,1.09856,0,0
2015-05-25,16:00:00,1.09858,1.09874,1.09712,1.09714,0,0
2015-05-25,17:00:00,1.09714,1.09776,1.09681,1.09721,0,0
2015-05-25,18:00:00,1.09721,1.09784,1.09684,1.09714,0,0
2015-05-25,19:00:00,1.09708,1.09814,1.0969,1.09809,0,0
2015-05-25,20:00:00,1.09834,1.09834,1.0975,1.0975,0,0
2015-05-25,21:00:00,1.09752,1.09825,1.09751,1.09792,0,0
2015-05-25,22:00:00,1.09789,1.09806,1.0975,1.09799,0,0
2015-05-25,23:00:00,1.09798,1.09812,1.09742,1.09776,0,0
2015-05-25,23:59:00,1.09776,1.09812,1.09755,1.09797,0,0
2015-05-26,01:00:00,1.09797,1.0985,1.09765,1.09787,0,0
2015-05-26,02:00:00,1.09788,1.098,1.09672,1.09684,0,0
2015-05-26,03:00:00,1.09685,1.09706,1.09352,1.09437,0,0
2015-05-26,04:00:00,1.09437,1.09498,1.09313,1.09383,0,0
2015-05-26,05:00:00,1.09384,1.09554,1.09356,1.09501,0,0
2015-05-26,06:00:00,1.09502,1.09508,1.09377,1.09428,0,0
2015-05-26,07:00:00,1.09428,1.09484,1.09361,1.09362,0,0
2015-05-26,08:00:00,1.09362,1.09401,1.09281,1.09336,0,0
2015-05-26,09:00:00,1.09328,1.09391,1.08865,1.08907,0,0
2015-05-26,10:00:00,1.089,1.09148,1.08853,1.09006,0,0
2015-05-26,11:00:00,1.08997,1.09057,1.08867,1.08909,0,0
2015-05-26,12:00:00,1.08912,1.09128,1.08909,1.0911,0,0
2015-05-26,13:00:00,1.09115,1.09137,1.08942,1.09055,0,0
2015-05-26,14:00:00,1.09067,1.09328,1.09057,1.09322,0,0
2015-05-26,15:00:00,1.09335,1.09394,1.08876,1.09067,0,0
2015-05-26,16:00:00,1.09043,1.09277,1.08985,1.09139,0,0
2015-05-26,17:00:00,1.09131,1.09131,1.08733,1.08989,0,0
2015-05-26,18:00:00,1.08969,1.09023,1.08761,1.08761,0,0
2015-05-26,19:00:00,1.08758,1.08928,1.08691,1.08917,0,0
2015-05-26,20:00:00,1.0891,1.08965,1.08702,1.08725,0,0
2015-05-26,21:00:00,1.08735,1.08805,1.08709,1.08717,0,0
2015-05-26,22:00:00,1.08712,1.08776,1.08636,1.08749,0,0
2015-05-26,23:00:00,1.0874,1.08796,1.08698,1.08716,0,0
2015-05-26,23:59:00,1.08725,1.08789,1.08724,1.08729,0,0
2015-05-27,01:00:00,1.08736,1.08887,1.08728,1.08863,0,0
2015-05-27,02:00:00,1.08872,1.08893,1.08796,1.08867,0,0
2015-05-27,03:00:00,1.08867,1.08892,1.08769,1.08799,0,0
2015-05-27,04:00:00,1.08791,1.08849,1.08652,1.08683,0,0
2015-05-27,05:00:00,1.08681,1.08818,1.08677,1.08762,0,0
2015-05-27,06:00:00,1.08762,1.08879,1.0875,1.08812,0,0
2015-05-27,07:00:00,1.08813,1.08917,1.08762,1.08893,0,0
2015-05-27,08:00:00,1.0889,1.09158,1.0888,1.09087,0,0
2015-05-27,09:00:00,1.09074,1.0929,1.09,1.09199,0,0
2015-05-27,10:00:00,1.09189,1.09248,1.09013,1.09192,0,0
2015-05-27,11:00:00,1.09192,1.09226,1.09097,1.09208,0,0
2015-05-27,12:00:00,1.092,1.09248,1.08936,1.09028,0,0
2015-05-27,13:00:00,1.09012,1.09048,1.08721,1.08789,0,0
2015-05-27,14:00:00,1.08828,1.08907,1.0859,1.08619,0,0
2015-05-27,15:00:00,1.08613,1.08794,1.08274,1.08316,0,0
2015-05-27,16:00:00,1.08316,1.08756,1.08196,1.08548,0,0
2015-05-27,17:00:00,1.08544,1.091,1.08513,1.08787,0,0
2015-05-27,18:00:00,1.08795,1.09072,1.08632,1.08858,0,0
2015-05-27,19:00:00,1.08866,1.08877,1.08786,1.08806,0,0
2015-05-27,20:00:00,1.08818,1.09007,1.08765,1.09007,0,0
2015-05-27,21:00:00,1.09007,1.09007,1.08837,1.089,0,0
2015-05-27,22:00:00,1.08895,1.0907,1.08848,1.09014,0,0
2015-05-27,23:00:00,1.09009,1.09076,1.09006,1.09042,0,0
2015-05-27,23:59:00,1.09043,1.09053,1.08995,1.09004,0,0
2015-05-28,01:00:00,1.09006,1.09071,1.08953,1.09042,0,0
2015-05-28,02:00:00,1.09042,1.09042,1.08972,1.08979,0,0
2015-05-28,03:00:00,1.08979,1.09196,1.08899,1.09104,0,0
2015-05-28,04:00:00,1.09106,1.09201,1.09041,1.09119,0,0
2015-05-28,05:00:00,1.0912,1.09201,1.08923,1.08923,0,0
2015-05-28,06:00:00,1.08931,1.09111,1.08924,1.09072,0,0
2015-05-28,07:00:00,1.09071,1.0921,1.09027,1.09183,0,0
2015-05-28,08:00:00,1.0918,1.09266,1.09104,1.09192,0,0
2015-05-28,09:00:00,1.0919,1.09474,1.09023,1.09335,0,0
2015-05-28,10:00:00,1.09342,1.09447,1.09108,1.09404,0,0
2015-05-28,11:00:00,1.09416,1.09498,1.09206,1.09414,0,0
2015-05-28,12:00:00,1.09409,1.09425,1.09271,1.09335,0,0
2015-05-28,13:00:00,1.09335,1.09467,1.09278,1.09302,0,0
2015-05-28,14:00:00,1.09284,1.09305,1.08809,1.08856,0,0
2015-05-28,15:00:00,1.08849,1.09227,1.0877,1.08999,0,0
2015-05-28,16:00:00,1.08994,1.09008,1.08733,1.08881,0,0
2015-05-28,17:00:00,1.08855,1.09199,1.08682,1.09199,0,0
2015-05-28,18:00:00,1.09173,1.09247,1.09043,1.09135,0,0
2015-05-28,19:00:00,1.09133,1.09397,1.08875,1.09303,0,0
2015-05-28,20:00:00,1.09305,1.09514,1.09305,1.09363,0,0
2015-05-28,21:00:00,1.09363,1.0958,1.09242,1.09544,0,0
2015-05-28,22:00:00,1.09544,1.09575,1.09324,1.09429,0,0
2015-05-28,23:00:00,1.09421,1.09512,1.09416,1.09482,0,0
2015-05-28,23:59:00,1.09479,1.09721,1.09479,1.09596,0,0
2015-05-29,01:00:00,1.09579,1.09742,1.09531,1.09693,0,0
2015-05-29,02:00:00,1.09693,1.09694,1.09586,1.09627,0,0
2015-05-29,03:00:00,1.09628,1.09647,1.09535,1.09544,0,0
2015-05-29,04:00:00,1.09546,1.09645,1.09521,1.09606,0,0
2015-05-29,05:00:00,1.09603,1.09646,1.09514,1.09535,0,0
2015-05-29,06:00:00,1.09529,1.09609,1.09524,1.09572,0,0
2015-05-29,07:00:00,1.09572,1.09663,1.09544,1.09549,0,0
2015-05-29,08:00:00,1.09543,1.09551,1.0943,1.09512,0,0
2015-05-29,09:00:00,1.09509,1.09666,1.09273,1.09273,0,0
2015-05-29,10:00:00,1.09293,1.09623,1.09262,1.096,0,0
2015-05-29,11:00:00,1.0961,1.09731,1.09539,1.09582,0,0
2015-05-29,12:00:00,1.09582,1.09901,1.09532,1.09872,0,0
2015-05-29,13:00:00,1.09871,1.09889,1.09544,1.09573,0,0
2015-05-29,14:00:00,1.09595,1.09864,1.09561,1.09812,0,0
2015-05-29,15:00:00,1.09805,1.09972,1.09568,1.09665,0,0
2015-05-29,16:00:00,1.09674,1.10005,1.09591,1.0997,0,0
2015-05-29,17:00:00,1.09946,1.1005,1.09542,1.09641,0,0
2015-05-29,18:00:00,1.09624,1.09948,1.09566,1.09948,0,0
2015-05-29,19:00:00,1.09931,1.09975,1.09732,1.09732,0,0
2015-05-29,20:00:00,1.09732,1.09945,1.09732,1.0987,0,0
2015-05-29,21:00:00,1.09866,1.09916,1.09796,1.09818,0,0
2015-05-29,22:00:00,1.09827,1.0988,1.09792,1.09829,0,0
2015-05-29,23:00:00,1.09828,1.09828,1.098,1.098,0,0
2015-06-01,01:00:00,1.09808,1.09821,1.09647,1.09688,0,0
2015-06-01,02:00:00,1.09687,1.0969,1.09523,1.09574,0,0
2015-06-01,03:00:00,1.09573,1.09626,1.09353,1.09427,0,0
2015-06-01,04:00:00,1.09426,1.0947,1.09305,1.09428,0,0
2015-06-01,05:00:00,1.09418,1.09539,1.09401,1.09511,0,0
2015-06-01,06:00:00,1.09508,1.09558,1.0948,1.09501,0,0
2015-06-01,07:00:00,1.09501,1.09648,1.09491,1.09597,0,0
2015-06-01,08:00:00,1.09596,1.0967,1.09525,1.09538,0,0
2015-06-01,09:00:00,1.09543,1.09606,1.09348,1.09388,0,0
2015-06-01,10:00:00,1.09376,1.09537,1.09046,1.09076,0,0
2015-06-01,11:00:00,1.09068,1.09273,1.08955,1.08988,0,0
2015-06-01,12:00:00,1.08978,1.09238,1.08919,1.0921,0,0
2015-06-01,13:00:00,1.09206,1.09267,1.09038,1.09227,0,0
2015-06-01,14:00:00,1.09227,1.0945,1.09096,1.09327,0,0
2015-06-01,15:00:00,1.09318,1.09595,1.0926,1.09427,0,0
2015-06-01,16:00:00,1.09457,1.09789,1.09447,1.09711,0,0
2015-06-01,17:00:00,1.09699,1.09699,1.08956,1.0897,0,0
2015-06-01,18:00:00,1.08966,1.09158,1.08879,1.09127,0,0
2015-06-01,19:00:00,1.09125,1.0925,1.09043,1.09177,0,0
2015-06-01,20:00:00,1.09187,1.09371,1.09168,1.09226,0,0
2015-06-01,21:00:00,1.09227,1.09349,1.09138,1.0934,0,0
2015-06-01,22:00:00,1.0934,1.09426,1.09211,1.09211,0,0
2015-06-01,23:00:00,1.0921,1.09327,1.09205,1.09273,0,0
2015-06-01,23:59:00,1.09273,1.09367,1.09196,1.09216,0,0
2015-06-02,01:00:00,1.09227,1.09304,1.09221,1.09284,0,0
2015-06-02,02:00:00,1.09283,1.09285,1.09162,1.09217,0,0
2015-06-02,03:00:00,1.09218,1.09348,1.09213,1.09305,0,0
2015-06-02,04:00:00,1.09305,1.09305,1.09214,1.09267,0,0
2015-06-02,05:00:00,1.09268,1.09278,1.09166,1.09267,0,0
2015-06-02,06:00:00,1.09267,1.09331,1.09256,1.09278,0,0
2015-06-02,07:00:00,1.09278,1.09382,1.09226,1.09363,0,0
2015-06-02,08:00:00,1.09358,1.09441,1.09295,1.09324,0,0
2015-06-02,09:00:00,1.09328,1.09627,1.09184,1.09561,0,0
2015-06-02,10:00:00,1.09555,1.09927,1.0949,1.09506,0,0
2015-06-02,11:00:00,1.0949,1.09838,1.09461,1.09818,0,0
2015-06-02,12:00:00,1.09824,1.09941,1.09606,1.09819,0,0
2015-06-02,13:00:00,1.09815,1.10368,1.09808,1.10197,0,0
2015-06-02,14:00:00,1.10186,1.10555,1.10186,1.103,0,0
2015-06-02,15:00:00,1.10305,1.1067,1.10246,1.10648,0,0
2015-06-02,16:00:00,1.10648,1.11905,1.10648,1.11261,0,0
2015-06-02,17:00:00,1.11265,1.11547,1.11164,1.11279,0,0
2015-06-02,18:00:00,1.11287,1.11344,1.11135,1.11284,0,0
2015-06-02,19:00:00,1.11282,1.1176,1.11261,1.11745,0,0
2015-06-02,20:00:00,1.11754,1.11883,1.11659,1.11785,0,0
2015-06-02,21:00:00,1.11796,1.11839,1.1161,1.11685,0,0
2015-06-02,22:00:00,1.11728,1.11728,1.11422,1.11454,0,0
2015-06-02,23:00:00,1.11453,1.11535,1.11424,1.11507,0,0
2015-06-02,23:59:00,1.11509,1.11561,1.11497,1.11512,0,0
2015-06-03,01:00:00,1.11516,1.11529,1.11474,1.11515,0,0
2015-06-03,02:00:00,1.11515,1.11581,1.11476,1.11485,0,0
2015-06-03,03:00:00,1.11477,1.11499,1.11347,1.11437,0,0
2015-06-03,04:00:00,1.11428,1.11751,1.1142,1.11741,0,0
2015-06-03,05:00:00,1.11741,1.11743,1.11547,1.11597,0,0
2015-06-03,06:00:00,1.11597,1.11615,1.11518,1.1157,0,0
2015-06-03,07:00:00,1.1157,1.11736,1.11564,1.11626,0,0
2015-06-03,08:00:00,1.11626,1.11875,1.11615,1.11749,0,0
2015-06-03,09:00:00,1.11754,1.11897,1.11546,1.117,0,0
2015-06-03,10:00:00,1.11681,1.11681,1.11231,1.11411,0,0
2015-06-03,11:00:00,1.11411,1.11635,1.11231,1.11317,0,0
2015-06-03,12:00:00,1.11312,1.11409,1.11043,1.11208,0,0
2015-06-03,13:00:00,1.11208,1.11318,1.11132,1.11223,0,0
2015-06-03,14:00:00,1.11215,1.11279,1.11136,1.11172,0,0
2015-06-03,15:00:00,1.11172,1.11415,1.108,1.11212,0,0
2015-06-03,16:00:00,1.11207,1.1236,1.11207,1.12148,0,0
2015-06-03,17:00:00,1.12147,1.12731,1.12147,1.12655,0,0
2015-06-03,18:00:00,1.12654,1.12833,1.12616,1.12833,0,0
2015-06-03,19:00:00,1.12831,1.12847,1.1249,1.12547,0,0
2015-06-03,20:00:00,1.12547,1.12678,1.12439,1.12496,0,0
2015-06-03,21:00:00,1.12496,1.12567,1.12431,1.12505,0,0
2015-06-03,22:00:00,1.12518,1.12758,1.12493,1.12737,0,0
2015-06-03,23:00:00,1.12745,1.12761,1.12698,1.12754,0,0
2015-06-03,23:59:00,1.12737,1.12737,1.12657,1.12676,0,0
2015-06-04,01:00:00,1.12676,1.12717,1.12567,1.1267,0,0
2015-06-04,02:00:00,1.12659,1.12699,1.12539,1.12611,0,0
2015-06-04,03:00:00,1.12611,1.1265,1.1258,1.12609,0,0
2015-06-04,04:00:00,1.12609,1.12663,1.12532,1.12598,0,0
2015-06-04,05:00:00,1.12591,1.12692,1.12582,1.1266,0,0
2015-06-04,06:00:00,1.12661,1.12748,1.12659,1.12697,0,0
2015-06-04,07:00:00,1.12697,1.12727,1.12631,1.12669,0,0
2015-06-04,08:00:00,1.12669,1.12743,1.12628,1.12673,0,0
2015-06-04,09:00:00,1.12671,1.12737,1.12343,1.12392,0,0
2015-06-04,10:00:00,1.12392,1.12667,1.12313,1.12589,0,0
2015-06-04,11:00:00,1.12595,1.13784,1.12551,1.13368,0,0
2015-06-04,12:00:00,1.13369,1.13605,1.13334,1.1357,0,0
2015-06-04,13:00:00,1.13552,1.13681,1.13458,1.13581,0,0
2015-06-04,14:00:00,1.13583,1.13653,1.13245,1.1328,0,0
2015-06-04,15:00:00,1.13288,1.13308,1.12871,1.12934,0,0
2015-06-04,16:00:00,1.1294,1.12949,1.12399,1.12724,0,0
2015-06-04,17:00:00,1.12724,1.12969,1.1261,1.12822,0,0
2015-06-04,18:00:00,1.12824,1.12878,1.12548,1.1269,0,0
2015-06-04,19:00:00,1.127,1.13184,1.12611,1.12891,0,0
2015-06-04,20:00:00,1.12878,1.12941,1.1226,1.12402,0,0
2015-06-04,21:00:00,1.12412,1.12561,1.12355,1.12434,0,0
2015-06-04,22:00:00,1.12448,1.12503,1.12365,1.12389,0,0
2015-06-04,23:00:00,1.12385,1.12473,1.12377,1.12383,0,0
2015-06-04,23:59:00,1.12381,1.12466,1.12217,1.12241,0,0
2015-06-05,01:00:00,1.1224,1.12282,1.12018,1.12031,0,0
2015-06-05,02:00:00,1.12029,1.12087,1.11805,1.12073,0,0
2015-06-05,03:00:00,1.12073,1.12223,1.12019,1.12099,0,0
2015-06-05,04:00:00,1.121,1.12128,1.11938,1.12094,0,0
2015-06-05,05:00:00,1.12102,1.1215,1.12083,1.12124,0,0
2015-06-05,06:00:00,1.12124,1.12145,1.12066,1.12107,0,0
2015-06-05,07:00:00,1.12107,1.12245,1.12105,1.12182,0,0
2015-06-05,08:00:00,1.12182,1.12243,1.12113,1.12207,0,0
2015-06-05,09:00:00,1.1222,1.12486,1.12188,1.12477,0,0
2015-06-05,10:00:00,1.12474,1.12798,1.12392,1.12747,0,0
2015-06-05,11:00:00,1.1275,1.12782,1.12545,1.12603,0,0
2015-06-05,12:00:00,1.12593,1.12676,1.1248,1.12629,0,0
2015-06-05,13:00:00,1.12631,1.12653,1.12178,1.12214,0,0
2015-06-05,14:00:00,1.12215,1.12366,1.12201,1.12289,0,0
2015-06-05,15:00:00,1.12289,1.12335,1.10755,1.10975,0,0
2015-06-05,16:00:00,1.10976,1.11108,1.10506,1.10706,0,0
2015-06-05,17:00:00,1.10691,1.11297,1.10691,1.11083,0,0
2015-06-05,18:00:00,1.11084,1.11329,1.11054,1.11078,0,0
2015-06-05,19:00:00,1.11085,1.11246,1.10949,1.11237,0,0
2015-06-05,20:00:00,1.1125,1.11347,1.11165,1.11172,0,0
2015-06-05,21:00:00,1.11164,1.11364,1.11117,1.11194,0,0
2015-06-05,22:00:00,1.11192,1.11192,1.11111,1.11111,0,0
2015-06-05,23:00:00,1.11112,1.11128,1.11112,1.11128,0,0
2015-06-08,01:00:00,1.10993,1.11103,1.10993,1.11085,0,0
2015-06-08,02:00:00,1.11084,1.11111,1.11014,1.11019,0,0
2015-06-08,03:00:00,1.11026,1.11124,1.10849,1.10849,0,0
2015-06-08,04:00:00,1.10847,1.11048,1.10847,1.10978,0,0
2015-06-08,05:00:00,1.10973,1.11019,1.10902,1.11007,0,0
2015-06-08,06:00:00,1.11007,1.11065,1.10974,1.11043,0,0
2015-06-08,07:00:00,1.11045,1.11083,1.10963,1.11054,0,0
2015-06-08,08:00:00,1.11055,1.11183,1.11046,1.11171,0,0
2015-06-08,09:00:00,1.1121,1.11613,1.10881,1.11304,0,0
2015-06-08,10:00:00,1.11315,1.11782,1.11315,1.11674,0,0
2015-06-08,11:00:00,1.11666,1.11667,1.11165,1.11196,0,0
2015-06-08,12:00:00,1.11207,1.11427,1.11166,1.11291,0,0
2015-06-08,13:00:00,1.11283,1.11375,1.11148,1.11313,0,0
2015-06-08,14:00:00,1.11315,1.11714,1.11281,1.11568,0,0
2015-06-08,15:00:00,1.11573,1.12031,1.11552,1.11816,0,0
2015-06-08,16:00:00,1.11823,1.1223,1.11805,1.12053,0,0
2015-06-08,17:00:00,1.12036,1.12217,1.11847,1.1207,0,0
2015-06-08,18:00:00,1.12068,1.12439,1.11989,1.12302,0,0
2015-06-08,19:00:00,1.12308,1.12385,1.12281,1.12324,0,0
2015-06-08,20:00:00,1.12331,1.12745,1.12304,1.12654,0,0
2015-06-08,21:00:00,1.12646,1.1293,1.12642,1.12755,0,0
2015-06-08,22:00:00,1.12763,1.12938,1.12738,1.12871,0,0
2015-06-08,23:00:00,1.12866,1.13069,1.12837,1.12921,0,0
2015-06-08,23:59:00,1.1291,1.12932,1.12794,1.12796,0,0
2015-06-09,01:00:00,1.12798,1.12873,1.12793,1.12807,0,0
2015-06-09,02:00:00,1.12807,1.12836,1.12782,1.12805,0,0
2015-06-09,03:00:00,1.12805,1.12835,1.12732,1.12815,0,0
2015-06-09,04:00:00,1.12805,1.133,1.128,1.13224,0,0
2015-06-09,05:00:00,1.13224,1.13287,1.13154,1.13216,0,0
2015-06-09,06:00:00,1.13216,1.1326,1.13157,1.13183,0,0
2015-06-09,07:00:00,1.13164,1.13193,1.13091,1.13107,0,0
2015-06-09,08:00:00,1.13107,1.13456,1.13106,1.13386,0,0
2015-06-09,09:00:00,1.1339,1.1339,1.12915,1.12959,0,0
2015-06-09,10:00:00,1.12977,1.13077,1.12568,1.12922,0,0
2015-06-09,11:00:00,1.12915,1.13108,1.12742,1.12804,0,0
2015-06-09,12:00:00,1.12824,1.12976,1.12656,1.12705,0,0
2015-06-09,13:00:00,1.12697,1.12745,1.12512,1.12629,0,0
2015-06-09,14:00:00,1.1266,1.12835,1.1236,1.12404,0,0
2015-06-09,15:00:00,1.12411,1.12534,1.12146,1.12257,0,0
2015-06-09,16:00:00,1.12264,1.12652,1.12233,1.12491,0,0
2015-06-09,17:00:00,1.12543,1.12655,1.12216,1.12434,0,0
2015-06-09,18:00:00,1.12437,1.12887,1.12425,1.12818,0,0
2015-06-09,19:00:00,1.12816,1.12897,1.12608,1.12702,0,0
2015-06-09,20:00:00,1.127,1.12857,1.12642,1.12855,0,0
2015-06-09,21:00:00,1.12844,1.12908,1.12803,1.12809,0,0
2015-06-09,22:00:00,1.12809,1.1282,1.12709,1.12747,0,0
2015-06-09,23:00:00,1.12754,1.12843,1.12748,1.12825,0,0
2015-06-09,23:59:00,1.1283,1.1283,1.1275,1.12761,0,0
2015-06-10,01:00:00,1.12761,1.12784,1.12718,1.12736,0,0
2015-06-10,02:00:00,1.12736,1.12986,1.12736,1.12928,0,0
2015-06-10,03:00:00,1.12927,1.13077,1.12873,1.12978,0,0
2015-06-10,04:00:00,1.12978,1.13018,1.1288,1.12897,0,0
2015-06-10,05:00:00,1.12898,1.12934,1.12818,1.12848,0,0
2015-06-10,06:00:00,1.12848,1.1289,1.12762,1.12817,0,0
2015-06-10,07:00:00,1.12817,1.12999,1.12765,1.12957,0,0
2015-06-10,08:00:00,1.12955,1.13212,1.12848,1.13087,0,0
2015-06-10,09:00:00,1.13086,1.13155,1.12769,1.12978,0,0
2015-06-10,10:00:00,1.13027,1.13734,1.13016,1.13617,0,0
2015-06-10,11:00:00,1.13606,1.13849,1.13103,1.13176,0,0
2015-06-10,12:00:00,1.13185,1.13343,1.12892,1.13002,0,0
2015-06-10,13:00:00,1.13003,1.13195,1.12806,1.12937,0,0
2015-06-10,14:00:00,1.12947,1.13041,1.12635,1.12856,0,0
2015-06-10,15:00:00,1.12856,1.13167,1.12759,1.13069,0,0
2015-06-10,16:00:00,1.13069,1.13467,1.1305,1.13206,0,0
2015-06-10,17:00:00,1.13193,1.13302,1.12734,1.13026,0,0
2015-06-10,18:00:00,1.13025,1.13469,1.1294,1.13063,0,0
2015-06-10,19:00:00,1.13066,1.13107,1.12866,1.13045,0,0
2015-06-10,20:00:00,1.13037,1.13176,1.13017,1.13144,0,0
2015-06-10,21:00:00,1.13144,1.13228,1.13118,1.13163,0,0
2015-06-10,22:00:00,1.13169,1.13296,1.13132,1.13285,0,0
2015-06-10,23:00:00,1.13292,1.13319,1.13224,1.13243,0,0
2015-06-10,23:59:00,1.13243,1.1328,1.13154,1.13191,0,0
2015-06-11,01:00:00,1.13232,1.13256,1.13142,1.13239,0,0
2015-06-11,02:00:00,1.13239,1.1324,1.13068,1.13102,0,0
2015-06-11,03:00:00,1.13102,1.13122,1.13005,1.13011,0,0
2015-06-11,04:00:00,1.13016,1.13052,1.12838,1.12868,0,0
2015-06-11,05:00:00,1.12861,1.13014,1.12848,1.13014,0,0
2015-06-11,06:00:00,1.13023,1.1305,1.12983,1.13012,0,0
2015-06-11,07:00:00,1.13012,1.13138,1.13008,1.13022,0,0
2015-06-11,08:00:00,1.13022,1.13103,1.12948,1.13022,0,0
2015-06-11,09:00:00,1.13034,1.13253,1.12929,1.13001,0,0
2015-06-11,10:00:00,1.12991,1.12991,1.1252,1.12639,0,0
2015-06-11,11:00:00,1.12627,1.12682,1.12411,1.12658,0,0
2015-06-11,12:00:00,1.12661,1.12692,1.12461,1.12654,0,0
2015-06-11,13:00:00,1.12653,1.12842,1.12637,1.12671,0,0
2015-06-11,14:00:00,1.12669,1.12687,1.12332,1.12332,0,0
2015-06-11,15:00:00,1.12339,1.12693,1.11837,1.12551,0,0
2015-06-11,16:00:00,1.12534,1.12561,1.12056,1.12284,0,0
2015-06-11,17:00:00,1.12279,1.1241,1.1213,1.1233,0,0
2015-06-11,18:00:00,1.12334,1.12534,1.12304,1.12373,0,0
2015-06-11,19:00:00,1.12366,1.12411,1.12253,1.12407,0,0
2015-06-11,20:00:00,1.12402,1.12461,1.12325,1.12346,0,0
2015-06-11,21:00:00,1.12361,1.12648,1.12361,1.12637,0,0
2015-06-11,22:00:00,1.12638,1.12741,1.12566,1.12707,0,0
2015-06-11,23:00:00,1.12704,1.12774,1.12562,1.12575,0,0
2015-06-11,23:59:00,1.12578,1.1259,1.1236,1.12383,0,0
2015-06-12,01:00:00,1.12402,1.12448,1.12393,1.12393,0,0
2015-06-12,02:00:00,1.12393,1.12477,1.12392,1.12461,0,0
2015-06-12,03:00:00,1.12459,1.12555,1.12431,1.12533,0,0
2015-06-12,04:00:00,1.12529,1.12593,1.12471,1.12533,0,0
2015-06-12,05:00:00,1.12534,1.12575,1.12492,1.12551,0,0
2015-06-12,06:00:00,1.12551,1.1267,1.12545,1.12574,0,0
2015-06-12,07:00:00,1.12573,1.12635,1.12245,1.1232,0,0
2015-06-12,08:00:00,1.1232,1.12483,1.12221,1.12393,0,0
2015-06-12,09:00:00,1.12406,1.12433,1.12159,1.12193,0,0
2015-06-12,10:00:00,1.12193,1.12473,1.12192,1.12211,0,0
2015-06-12,11:00:00,1.12202,1.12292,1.11515,1.1167,0,0
2015-06-12,12:00:00,1.11672,1.11853,1.11544,1.11791,0,0
2015-06-12,13:00:00,1.11784,1.12034,1.11774,1.11842,0,0
2015-06-12,14:00:00,1.11849,1.12085,1.11752,1.12051,0,0
2015-06-12,15:00:00,1.1205,1.12413,1.11989,1.12241,0,0
2015-06-12,16:00:00,1.12242,1.12363,1.12123,1.12305,0,0
2015-06-12,17:00:00,1.12323,1.12734,1.1218,1.12701,0,0
2015-06-12,18:00:00,1.12693,1.12955,1.12616,1.12779,0,0
2015-06-12,19:00:00,1.12773,1.12843,1.12683,1.12742,0,0
2015-06-12,20:00:00,1.12738,1.12796,1.12663,1.12783,0,0
2015-06-12,21:00:00,1.12777,1.12892,1.1258,1.12598,0,0
2015-06-12,22:00:00,1.12601,1.12605,1.12483,1.12541,0,0
2015-06-12,23:00:00,1.12542,1.12542,1.1254,1.1254,0,0
2015-06-15,01:00:00,1.12158,1.1228,1.12149,1.12263,0,0
2015-06-15,02:00:00,1.12272,1.12281,1.12154,1.12245,0,0
2015-06-15,03:00:00,1.12245,1.12285,1.12161,1.1223,0,0
2015-06-15,04:00:00,1.12233,1.12245,1.11952,1.12058,0,0
2015-06-15,05:00:00,1.12045,1.12106,1.12033,1.12083,0,0
2015-06-15,06:00:00,1.12083,1.12185,1.12036,1.12174,0,0
2015-06-15,07:00:00,1.12174,1.12219,1.12075,1.12156,0,0
2015-06-15,08:00:00,1.12148,1.12154,1.11897,1.11926,0,0
2015-06-15,09:00:00,1.11929,1.12347,1.11912,1.12291,0,0
2015-06-15,10:00:00,1.1228,1.12484,1.12249,1.12354,0,0
2015-06-15,11:00:00,1.12343,1.12592,1.12284,1.12387,0,0
2015-06-15,12:00:00,1.1238,1.12418,1.12124,1.12164,0,0
2015-06-15,13:00:00,1.12165,1.123,1.12081,1.12171,0,0
2015-06-15,14:00:00,1.12174,1.1226,1.12043,1.12121,0,0
2015-06-15,15:00:00,1.12114,1.1245,1.12049,1.12245,0,0
2015-06-15,16:00:00,1.12246,1.12443,1.12106,1.12333,0,0
2015-06-15,17:00:00,1.12322,1.12546,1.12322,1.12528,0,0
2015-06-15,18:00:00,1.12528,1.12671,1.12403,1.1264,0,0
2015-06-15,19:00:00,1.12671,1.12873,1.12544,1.12835,0,0
2015-06-15,20:00:00,1.1282,1.12844,1.12498,1.12584,0,0
2015-06-15,21:00:00,1.12566,1.1288,1.12566,1.12825,0,0
2015-06-15,22:00:00,1.12837,1.12946,1.12822,1.1283,0,0
2015-06-15,23:00:00,1.12837,1.12866,1.12796,1.1284,0,0
2015-06-15,23:59:00,1.12832,1.12837,1.12765,1.12817,0,0
2015-06-16,01:00:00,1.12817,1.12817,1.12756,1.12768,0,0
2015-06-16,02:00:00,1.12768,1.12793,1.12745,1.12753,0,0
2015-06-16,03:00:00,1.12753,1.12767,1.12674,1.12745,0,0
2015-06-16,04:00:00,1.12743,1.12795,1.12626,1.12731,0,0
2015-06-16,05:00:00,1.12736,1.12767,1.12684,1.12727,0,0
2015-06-16,06:00:00,1.12725,1.12799,1.12693,1.12791,0,0
2015-06-16,07:00:00,1.12793,1.12827,1.12777,1.12815,0,0
2015-06-16,08:00:00,1.1282,1.1282,1.12684,1.12796,0,0
2015-06-16,09:00:00,1.12797,1.13182,1.12594,1.13155,0,0
2015-06-16,10:00:00,1.13162,1.13299,1.12816,1.12906,0,0
2015-06-16,11:00:00,1.12906,1.13054,1.12542,1.12596,0,0
2015-06-16,12:00:00,1.12581,1.12703,1.12394,1.12508,0,0
2015-06-16,13:00:00,1.12517,1.12697,1.12407,1.12497,0,0
2015-06-16,14:00:00,1.12505,1.12644,1.12322,1.12334,0,0
2015-06-16,15:00:00,1.12328,1.12348,1.12051,1.12328,0,0
2015-06-16,16:00:00,1.12322,1.12491,1.12282,1.12448,0,0
2015-06-16,17:00:00,1.12452,1.12549,1.12145,1.12364,0,0
2015-06-16,18:00:00,1.12358,1.12409,1.12257,1.12359,0,0
2015-06-16,19:00:00,1.12369,1.12412,1.12272,1.12405,0,0
2015-06-16,20:00:00,1.12415,1.12441,1.12345,1.12351,0,0
2015-06-16,21:00:00,1.12351,1.12434,1.12349,1.12397,0,0
2015-06-16,22:00:00,1.12397,1.12487,1.12388,1.12399,0,0
2015-06-16,23:00:00,1.124,1.12524,1.124,1.12481,0,0
2015-06-16,23:59:00,1.12478,1.12515,1.12438,1.12451,0,0
2015-06-17,01:00:00,1.12453,1.12492,1.12417,1.12468,0,0
2015-06-17,02:00:00,1.1248,1.1248,1.12396,1.12418,0,0
2015-06-17,03:00:00,1.12415,1.12449,1.12388,1.12446,0,0
2015-06-17,04:00:00,1.12446,1.12581,1.12446,1.12571,0,0
2015-06-17,05:00:00,1.12571,1.12578,1.12515,1.12537,0,0
2015-06-17,06:00:00,1.12537,1.12668,1.12521,1.1262,0,0
2015-06-17,07:00:00,1.12619,1.12619,1.12568,1.1258,0,0
2015-06-17,08:00:00,1.1259,1.12602,1.12458,1.12473,0,0
2015-06-17,09:00:00,1.12484,1.12648,1.12417,1.12589,0,0
2015-06-17,10:00:00,1.12596,1.1277,1.12568,1.12709,0,0
2015-06-17,11:00:00,1.12701,1.12916,1.1259,1.12624,0,0
2015-06-17,12:00:00,1.1262,1.12776,1.12602,1.12651,0,0
2015-06-17,13:00:00,1.12657,1.12774,1.12504,1.12523,0,0
2015-06-17,14:00:00,1.12528,1.12698,1.12473,1.12678,0,0
2015-06-17,15:00:00,1.12707,1.12837,1.12619,1.12663,0,0
2015-06-17,16:00:00,1.12671,1.12779,1.12637,1.12674,0,0
2015-06-17,17:00:00,1.12676,1.12704,1.12248,1.12338,0,0
2015-06-17,18:00:00,1.12331,1.12535,1.12311,1.12421,0,0
2015-06-17,19:00:00,1.12438,1.1269,1.12392,1.12642,0,0
2015-06-17,20:00:00,1.1264,1.12676,1.12523,1.12654,0,0
2015-06-17,21:00:00,1.12663,1.13395,1.12158,1.13327,0,0
2015-06-17,22:00:00,1.13331,1.13579,1.13296,1.13422,0,0
2015-06-17,23:00:00,1.13423,1.13423,1.13304,1.13372,0,0
2015-06-17,23:59:00,1.13368,1.13415,1.13342,1.13404,0,0
2015-06-18,01:00:00,1.13408,1.13423,1.13306,1.13415,0,0
2015-06-18,02:00:00,1.13416,1.13703,1.13395,1.13632,0,0
2015-06-18,03:00:00,1.13632,1.13709,1.13559,1.13614,0,0
2015-06-18,04:00:00,1.13624,1.13639,1.13545,1.13547,0,0
2015-06-18,05:00:00,1.13544,1.13607,1.13504,1.13607,0,0
2015-06-18,06:00:00,1.13608,1.13666,1.13584,1.13616,0,0
2015-06-18,07:00:00,1.13617,1.13757,1.13614,1.13637,0,0
2015-06-18,08:00:00,1.13658,1.13745,1.13524,1.13535,0,0
2015-06-18,09:00:00,1.13543,1.13627,1.13393,1.13466,0,0
2015-06-18,10:00:00,1.13466,1.138,1.13464,1.13795,0,0
2015-06-18,11:00:00,1.13795,1.14196,1.13696,1.13843,0,0
2015-06-18,12:00:00,1.13843,1.14201,1.13816,1.14182,0,0
2015-06-18,13:00:00,1.14181,1.14201,1.13863,1.13975,0,0
2015-06-18,14:00:00,1.13968,1.14127,1.13929,1.14033,0,0
2015-06-18,15:00:00,1.14045,1.14267,1.13904,1.13924,0,0
2015-06-18,16:00:00,1.13934,1.14135,1.13866,1.14067,0,0
2015-06-18,17:00:00,1.14066,1.1412,1.139,1.14026,0,0
2015-06-18,18:00:00,1.14023,1.14182,1.13981,1.14017,0,0
2015-06-18,19:00:00,1.14034,1.14362,1.13428,1.13744,0,0
2015-06-18,20:00:00,1.13734,1.13865,1.13554,1.13653,0,0
2015-06-18,21:00:00,1.13654,1.13835,1.13651,1.13706,0,0
2015-06-18,22:00:00,1.137,1.13806,1.1362,1.13765,0,0
2015-06-18,23:00:00,1.1376,1.1376,1.13598,1.13598,0,0
2015-06-18,23:59:00,1.13584,1.13713,1.13584,1.13685,0,0
2015-06-19,01:00:00,1.13685,1.13962,1.13656,1.13725,0,0
2015-06-19,02:00:00,1.13725,1.13744,1.13674,1.13715,0,0
2015-06-19,03:00:00,1.13715,1.13844,1.13666,1.13843,0,0
2015-06-19,04:00:00,1.13834,1.13875,1.13734,1.13745,0,0
2015-06-19,05:00:00,1.1374,1.13766,1.13706,1.13746,0,0
2015-06-19,06:00:00,1.13746,1.13767,1.13704,1.13724,0,0
2015-06-19,07:00:00,1.13724,1.1373,1.13536,1.13536,0,0
2015-06-19,08:00:00,1.13534,1.13559,1.13403,1.13474,0,0
2015-06-19,09:00:00,1.13477,1.13546,1.13341,1.13438,0,0
2015-06-19,10:00:00,1.13446,1.13446,1.13063,1.1317,0,0
2015-06-19,11:00:00,1.13176,1.13267,1.13002,1.13126,0,0
2015-06-19,12:00:00,1.13133,1.13225,1.13074,1.13147,0,0
2015-06-19,13:00:00,1.13145,1.13157,1.12925,1.13002,0,0
2015-06-19,14:00:00,1.12997,1.13188,1.12974,1.13067,0,0
2015-06-19,15:00:00,1.13061,1.13236,1.12967,1.13155,0,0
2015-06-19,16:00:00,1.13154,1.13478,1.13093,1.13403,0,0
2015-06-19,17:00:00,1.13406,1.13517,1.13254,1.13301,0,0
2015-06-19,18:00:00,1.13297,1.13395,1.13256,1.13342,0,0
2015-06-19,19:00:00,1.13347,1.13446,1.13322,1.1342,0,0
2015-06-19,20:00:00,1.13425,1.13633,1.13408,1.13568,0,0
2015-06-19,21:00:00,1.13568,1.1366,1.13522,1.13531,0,0
2015-06-19,22:00:00,1.13531,1.13577,1.13432,1.13456,0,0
2015-06-19,23:00:00,1.13456,1.13456,1.1343,1.13446,0,0
2015-06-22,01:00:00,1.13684,1.13685,1.13579,1.13614,0,0
2015-06-22,02:00:00,1.13609,1.13735,1.13601,1.13616,0,0
2015-06-22,03:00:00,1.13617,1.13728,1.13588,1.13698,0,0
2015-06-22,04:00:00,1.13705,1.13847,1.13688,1.13744,0,0
2015-06-22,05:00:00,1.13746,1.13815,1.13704,1.13762,0,0
2015-06-22,06:00:00,1.1376,1.13843,1.1376,1.13829,0,0
2015-06-22,07:00:00,1.13829,1.13997,1.13817,1.13965,0,0
2015-06-22,08:00:00,1.13972,1.14035,1.13913,1.14019,0,0
2015-06-22,09:00:00,1.14026,1.14036,1.13802,1.13947,0,0
2015-06-22,10:00:00,1.13947,1.13947,1.1322,1.13242,0,0
2015-06-22,11:00:00,1.13234,1.13418,1.13121,1.13416,0,0
2015-06-22,12:00:00,1.1342,1.1362,1.1337,1.13606,0,0
2015-06-22,13:00:00,1.13608,1.13642,1.13382,1.13428,0,0
2015-06-22,14:00:00,1.13428,1.13571,1.1335,1.13423,0,0
2015-06-22,15:00:00,1.13423,1.13661,1.13393,1.13609,0,0
2015-06-22,16:00:00,1.13602,1.13807,1.1349,1.13697,0,0
2015-06-22,17:00:00,1.13697,1.14051,1.13511,1.13982,0,0
2015-06-22,18:00:00,1.13978,1.14101,1.13792,1.13801,0,0
2015-06-22,19:00:00,1.13808,1.13808,1.13443,1.13624,0,0
2015-06-22,20:00:00,1.13633,1.13659,1.13401,1.13425,0,0
2015-06-22,21:00:00,1.13425,1.13544,1.13364,1.13364,0,0
2015-06-22,22:00:00,1.13361,1.13427,1.13211,1.13356,0,0
2015-06-22,23:00:00,1.13361,1.13451,1.13328,1.13407,0,0
2015-06-22,23:59:00,1.13407,1.1342,1.13319,1.13398,0,0
2015-06-23,01:00:00,1.13404,1.13442,1.13383,1.13419,0,0
2015-06-23,02:00:00,1.13423,1.13474,1.13423,1.13461,0,0
2015-06-23,03:00:00,1.13453,1.13462,1.13368,1.13371,0,0
2015-06-23,04:00:00,1.1337,1.13374,1.13207,1.13217,0,0
2015-06-23,05:00:00,1.13212,1.13238,1.12568,1.12609,0,0
2015-06-23,06:00:00,1.12596,1.12775,1.12585,1.12646,0,0
2015-06-23,07:00:00,1.12636,1.12728,1.1261,1.12724,0,0
2015-06-23,08:00:00,1.12724,1.12824,1.1265,1.12815,0,0
2015-06-23,09:00:00,1.1283,1.1283,1.12419,1.12643,0,0
2015-06-23,10:00:00,1.12642,1.12799,1.12595,1.12602,0,0
2015-06-23,11:00:00,1.12596,1.12674,1.12316,1.12397,0,0
2015-06-23,12:00:00,1.12387,1.12496,1.1225,1.12356,0,0
2015-06-23,13:00:00,1.12345,1.12375,1.12196,1.12196,0,0
2015-06-23,14:00:00,1.12205,1.12247,1.11999,1.12027,0,0
2015-06-23,15:00:00,1.1202,1.12078,1.11602,1.1169,0,0
2015-06-23,16:00:00,1.11686,1.11748,1.11355,1.11612,0,0
2015-06-23,17:00:00,1.11606,1.11959,1.11437,1.11857,0,0
2015-06-23,18:00:00,1.11848,1.1198,1.11697,1.1189,0,0
2015-06-23,19:00:00,1.11888,1.11889,1.11644,1.11726,0,0
2015-06-23,20:00:00,1.11727,1.118,1.11573,1.1163,0,0
2015-06-23,21:00:00,1.1163,1.11699,1.11586,1.11674,0,0
2015-06-23,22:00:00,1.11673,1.11768,1.11536,1.11643,0,0
2015-06-23,23:00:00,1.11648,1.11795,1.11648,1.11674,0,0
2015-06-23,23:59:00,1.11676,1.11691,1.11558,1.11666,0,0
2015-06-24,01:00:00,1.11672,1.11722,1.11618,1.11717,0,0
2015-06-24,02:00:00,1.11717,1.11746,1.11664,1.11746,0,0
2015-06-24,03:00:00,1.11744,1.11796,1.11637,1.1164,0,0
2015-06-24,04:00:00,1.11636,1.11747,1.116,1.11676,0,0
2015-06-24,05:00:00,1.11669,1.11862,1.11667,1.1186,0,0
2015-06-24,06:00:00,1.1186,1.11879,1.11816,1.11859,0,0
2015-06-24,07:00:00,1.1186,1.11889,1.11695,1.11739,0,0
2015-06-24,08:00:00,1.11739,1.12091,1.1171,1.11968,0,0
2015-06-24,09:00:00,1.11964,1.12119,1.11854,1.11977,0,0
2015-06-24,10:00:00,1.11981,1.12241,1.11868,1.12225,0,0
2015-06-24,11:00:00,1.1222,1.12343,1.12075,1.12201,0,0
2015-06-24,12:00:00,1.12189,1.12274,1.11851,1.12099,0,0
2015-06-24,13:00:00,1.12088,1.12141,1.11809,1.12005,0,0
2015-06-24,14:00:00,1.12017,1.12179,1.11921,1.12149,0,0
2015-06-24,15:00:00,1.12155,1.12197,1.11816,1.11936,0,0
2015-06-24,16:00:00,1.11936,1.11964,1.11706,1.11865,0,0
2015-06-24,17:00:00,1.11859,1.1196,1.11692,1.11854,0,0
2015-06-24,18:00:00,1.11853,1.11957,1.11733,1.11768,0,0
2015-06-24,19:00:00,1.11779,1.11883,1.11701,1.11863,0,0
2015-06-24,20:00:00,1.11855,1.12183,1.11822,1.12094,0,0
2015-06-24,21:00:00,1.12094,1.12138,1.11943,1.12059,0,0
2015-06-24,22:00:00,1.12073,1.12133,1.11961,1.11965,0,0
2015-06-24,23:00:00,1.1196,1.12107,1.11944,1.12055,0,0
2015-06-24,23:59:00,1.12055,1.12073,1.11998,1.12038,0,0
2015-06-25,01:00:00,1.12037,1.12073,1.11978,1.12058,0,0
2015-06-25,02:00:00,1.12058,1.1208,1.11996,1.1206,0,0
2015-06-25,03:00:00,1.12057,1.121,1.11999,1.12031,0,0
2015-06-25,04:00:00,1.12034,1.12076,1.11969,1.12017,0,0
2015-06-25,05:00:00,1.12017,1.12155,1.11995,1.12155,0,0
2015-06-25,06:00:00,1.12155,1.12197,1.12099,1.12146,0,0
2015-06-25,07:00:00,1.12146,1.12197,1.12057,1.12078,0,0
2015-06-25,08:00:00,1.12078,1.12084,1.11952,1.12011,0,0
2015-06-25,09:00:00,1.1202,1.12173,1.11829,1.11926,0,0
2015-06-25,10:00:00,1.11927,1.12242,1.11899,1.12044,0,0
2015-06-25,11:00:00,1.12044,1.12176,1.11857,1.11875,0,0
2015-06-25,12:00:00,1.11878,1.1197,1.11542,1.11693,0,0
2015-06-25,13:00:00,1.11694,1.12214,1.1165,1.11979,0,0
2015-06-25,14:00:00,1.11975,1.12146,1.11938,1.12046,0,0
2015-06-25,15:00:00,1.12045,1.12135,1.11903,1.12044,0,0
2015-06-25,16:00:00,1.12041,1.12168,1.11913,1.11967,0,0
2015-06-25,17:00:00,1.11962,1.12066,1.11803,1.11909,0,0
2015-06-25,18:00:00,1.11915,1.12018,1.11876,1.11946,0,0
2015-06-25,19:00:00,1.11941,1.12075,1.11931,1.12059,0,0
2015-06-25,20:00:00,1.12063,1.12136,1.11998,1.12032,0,0
2015-06-25,21:00:00,1.12032,1.12049,1.11956,1.12018,0,0
2015-06-25,22:00:00,1.12026,1.12077,1.11989,1.12044,0,0
2015-06-25,23:00:00,1.12053,1.12067,1.11999,1.12031,0,0
2015-06-25,23:59:00,1.1204,1.12084,1.11992,1.12007,0,0
2015-06-26,01:00:00,1.12008,1.12033,1.12002,1.12014,0,0
2015-06-26,02:00:00,1.12013,1.1207,1.12013,1.12031,0,0
2015-06-26,03:00:00,1.12032,1.1204,1.11822,1.1186,0,0
2015-06-26,04:00:00,1.1186,1.11909,1.11798,1.11853,0,0
2015-06-26,05:00:00,1.11853,1.11878,1.11797,1.11878,0,0
2015-06-26,06:00:00,1.11882,1.11903,1.11837,1.1187,0,0
2015-06-26,07:00:00,1.11877,1.11939,1.11855,1.1188,0,0
2015-06-26,08:00:00,1.1188,1.11898,1.11827,1.11893,0,0
2015-06-26,09:00:00,1.11894,1.12059,1.11857,1.11977,0,0
2015-06-26,10:00:00,1.11989,1.121,1.11888,1.12045,0,0
2015-06-26,11:00:00,1.12045,1.12199,1.1203,1.12044,0,0
2015-06-26,12:00:00,1.12043,1.12107,1.11937,1.11937,0,0
2015-06-26,13:00:00,1.11945,1.12117,1.11915,1.12014,0,0
2015-06-26,14:00:00,1.12029,1.12088,1.11948,1.11991,0,0
2015-06-26,15:00:00,1.11986,1.12071,1.11769,1.11803,0,0
2015-06-26,16:00:00,1.1178,1.11827,1.1155,1.11796,0,0
2015-06-26,17:00:00,1.11792,1.11969,1.11364,1.11389,0,0
2015-06-26,18:00:00,1.11381,1.11571,1.11304,1.11555,0,0
2015-06-26,19:00:00,1.11554,1.11581,1.11347,1.1157,0,0
2015-06-26,20:00:00,1.11552,1.1161,1.11465,1.11549,0,0
2015-06-26,21:00:00,1.11549,1.11665,1.11508,1.11579,0,0
2015-06-26,22:00:00,1.1159,1.11706,1.1159,1.11697,0,0
2015-06-26,23:00:00,1.11695,1.11707,1.11695,1.11707,0,0
2015-06-29,01:00:00,1.09891,1.10165,1.09546,1.09905,0,0
2015-06-29,02:00:00,1.09907,1.10033,1.09697,1.09747,0,0
2015-06-29,03:00:00,1.09749,1.10325,1.09749,1.10175,0,0
2015-06-29,04:00:00,1.10175,1.10257,1.09993,1.10063,0,0
2015-06-29,05:00:00,1.10054,1.10167,1.10046,1.10117,0,0
2015-06-29,06:00:00,1.10117,1.10218,1.10085,1.10149,0,0
2015-06-29,07:00:00,1.10149,1.10166,1.10013,1.10099,0,0
2015-06-29,08:00:00,1.10109,1.10273,1.09854,1.10186,0,0
2015-06-29,09:00:00,1.10178,1.1106,1.1011,1.10938,0,0
2015-06-29,10:00:00,1.10946,1.10967,1.10585,1.10711,0,0
2015-06-29,11:00:00,1.107,1.11249,1.10614,1.11183,0,0
2015-06-29,12:00:00,1.11185,1.11186,1.10839,1.10946,0,0
2015-06-29,13:00:00,1.10954,1.11387,1.10871,1.11226,0,0
2015-06-29,14:00:00,1.11234,1.11258,1.11059,1.11087,0,0
2015-06-29,15:00:00,1.11084,1.11385,1.1103,1.11252,0,0
2015-06-29,16:00:00,1.11261,1.11341,1.11083,1.1115,0,0
2015-06-29,17:00:00,1.11171,1.1169,1.11157,1.11483,0,0
2015-06-29,18:00:00,1.11506,1.12007,1.11453,1.11804,0,0
2015-06-29,19:00:00,1.11804,1.12189,1.11748,1.12125,0,0
2015-06-29,20:00:00,1.12134,1.12751,1.12031,1.12422,0,0
2015-06-29,21:00:00,1.12431,1.12643,1.12333,1.12535,0,0
2015-06-29,22:00:00,1.1251,1.12522,1.12292,1.12424,0,0
2015-06-29,23:00:00,1.12441,1.12533,1.12357,1.12357,0,0
2015-06-29,23:59:00,1.12357,1.12417,1.12308,1.12311,0,0
2015-06-30,01:00:00,1.12305,1.12343,1.12116,1.12154,0,0
2015-06-30,02:00:00,1.12159,1.12248,1.12121,1.12192,0,0
2015-06-30,03:00:00,1.12192,1.12192,1.11973,1.11999,0,0
2015-06-30,04:00:00,1.11999,1.12033,1.11882,1.11943,0,0
2015-06-30,05:00:00,1.11936,1.12024,1.11823,1.11856,0,0
2015-06-30,06:00:00,1.11856,1.11949,1.11843,1.11938,0,0
2015-06-30,07:00:00,1.11884,1.11959,1.11856,1.11944,0,0
2015-06-30,08:00:00,1.11944,1.12019,1.11811,1.11825,0,0
2015-06-30,09:00:00,1.11844,1.11988,1.11595,1.11637,0,0
2015-06-30,10:00:00,1.11645,1.11999,1.11558,1.11677,0,0
2015-06-30,11:00:00,1.11688,1.11758,1.11362,1.11421,0,0
2015-06-30,12:00:00,1.1143,1.11937,1.11358,1.11856,0,0
2015-06-30,13:00:00,1.11859,1.12056,1.11709,1.11839,0,0
2015-06-30,14:00:00,1.1185,1.11926,1.11649,1.11656,0,0
2015-06-30,15:00:00,1.11652,1.12185,1.11633,1.12133,0,0
2015-06-30,16:00:00,1.12133,1.12427,1.11911,1.12005,0,0
2015-06-30,17:00:00,1.11988,1.12069,1.114,1.114,0,0
2015-06-30,18:00:00,1.11442,1.1155,1.11163,1.11515,0,0
2015-06-30,19:00:00,1.11515,1.11627,1.11381,1.11525,0,0
2015-06-30,20:00:00,1.11515,1.11518,1.11386,1.11491,0,0
2015-06-30,21:00:00,1.1149,1.11531,1.11376,1.11452,0,0
2015-06-30,22:00:00,1.11446,1.11512,1.11429,1.11501,0,0
2015-06-30,23:00:00,1.11493,1.11493,1.11322,1.11391,0,0
2015-06-30,23:59:00,1.11474,1.11498,1.11333,1.11435,0,0
2015-07-01,01:00:00,1.11437,1.11456,1.11291,1.11296,0,0
2015-07-01,02:00:00,1.11296,1.11347,1.11265,1.11335,0,0
2015-07-01,03:00:00,1.11335,1.11379,1.11297,1.11346,0,0
2015-07-01,04:00:00,1.1136,1.11428,1.11326,1.11408,0,0
2015-07-01,05:00:00,1.11406,1.11429,1.11314,1.11346,0,0
2015-07-01,06:00:00,1.11354,1.11422,1.11348,1.11402,0,0
2015-07-01,07:00:00,1.11402,1.11402,1.11322,1.11391,0,0
2015-07-01,08:00:00,1.11392,1.11423,1.11295,1.11295,0,0
2015-07-01,09:00:00,1.11294,1.11348,1.11153,1.11268,0,0
2015-07-01,10:00:00,1.11249,1.11342,1.11008,1.11135,0,0
2015-07-01,11:00:00,1.11129,1.11505,1.10973,1.11471,0,0
2015-07-01,12:00:00,1.1148,1.11709,1.11198,1.11253,0,0
2015-07-01,13:00:00,1.11245,1.11299,1.11013,1.11095,0,0
2015-07-01,14:00:00,1.11093,1.11172,1.10998,1.11036,0,0
2015-07-01,15:00:00,1.11036,1.11073,1.10769,1.10963,0,0
2015-07-01,16:00:00,1.10962,1.11026,1.10655,1.10684,0,0
2015-07-01,17:00:00,1.10689,1.11087,1.10596,1.11087,0,0
2015-07-01,18:00:00,1.11093,1.11093,1.10826,1.10833,0,0
2015-07-01,19:00:00,1.10833,1.10835,1.10742,1.10752,0,0
2015-07-01,20:00:00,1.10755,1.10763,1.10559,1.1059,0,0
2015-07-01,21:00:00,1.10582,1.10625,1.1044,1.10478,0,0
2015-07-01,22:00:00,1.10475,1.10569,1.10432,1.10534,0,0
2015-07-01,23:00:00,1.10538,1.10605,1.10484,1.10526,0,0
2015-07-01,23:59:00,1.10529,1.10576,1.10511,1.10535,0,0
2015-07-02,01:00:00,1.10535,1.10557,1.10424,1.10447,0,0
2015-07-02,02:00:00,1.10447,1.1046,1.10325,1.10379,0,0
2015-07-02,03:00:00,1.1037,1.10478,1.10366,1.10454,0,0
2015-07-02,04:00:00,1.10457,1.10568,1.10436,1.10497,0,0
2015-07-02,05:00:00,1.10497,1.10757,1.10476,1.10712,0,0
2015-07-02,06:00:00,1.10712,1.10773,1.10673,1.10709,0,0
2015-07-02,07:00:00,1.10709,1.1075,1.10669,1.10718,0,0
2015-07-02,08:00:00,1.10737,1.10739,1.10641,1.10723,0,0
2015-07-02,09:00:00,1.10728,1.10861,1.10574,1.10741,0,0
2015-07-02,10:00:00,1.10757,1.10794,1.10487,1.10603,0,0
2015-07-02,11:00:00,1.10596,1.10814,1.10482,1.10758,0,0
2015-07-02,12:00:00,1.10758,1.10847,1.10698,1.1081,0,0
2015-07-02,13:00:00,1.10802,1.1084,1.10708,1.10717,0,0
2015-07-02,14:00:00,1.10711,1.10838,1.10697,1.10743,0,0
2015-07-02,15:00:00,1.10748,1.11203,1.10513,1.10956,0,0
2015-07-02,16:00:00,1.10947,1.11009,1.1079,1.10836,0,0
2015-07-02,17:00:00,1.10837,1.11086,1.10837,1.11056,0,0
2015-07-02,18:00:00,1.11058,1.11118,1.10896,1.10897,0,0
2015-07-02,19:00:00,1.10901,1.10967,1.10875,1.10955,0,0
2015-07-02,20:00:00,1.10955,1.10985,1.10791,1.10847,0,0
2015-07-02,21:00:00,1.10858,1.10887,1.10762,1.10849,0,0
2015-07-02,22:00:00,1.10849,1.10918,1.10779,1.10872,0,0
2015-07-02,23:00:00,1.10844,1.10869,1.10795,1.10851,0,0
2015-07-02,23:59:00,1.10848,1.10866,1.1082,1.10865,0,0
2015-07-03,01:00:00,1.10865,1.10927,1.10831,1.10898,0,0
2015-07-03,02:00:00,1.10898,1.10899,1.10837,1.10859,0,0
2015-07-03,03:00:00,1.10859,1.1098,1.10819,1.1087,0,0
2015-07-03,04:00:00,1.1087,1.1092,1.10847,1.10889,0,0
2015-07-03,05:00:00,1.10889,1.10956,1.10854,1.10925,0,0
2015-07-03,06:00:00,1.10925,1.10979,1.10891,1.10937,0,0
2015-07-03,07:00:00,1.10937,1.10968,1.10905,1.10937,0,0
2015-07-03,08:00:00,1.10963,1.10995,1.10909,1.10934,0,0
2015-07-03,09:00:00,1.10937,1.11056,1.10896,1.10955,0,0
2015-07-03,10:00:00,1.10944,1.11137,1.10927,1.11026,0,0
2015-07-03,11:00:00,1.11014,1.1117,1.11014,1.11052,0,0
2015-07-03,12:00:00,1.11077,1.11178,1.11035,1.11138,0,0
2015-07-03,13:00:00,1.11152,1.11167,1.11044,1.11071,0,0
2015-07-03,14:00:00,1.11075,1.11078,1.10946,1.10974,0,0
2015-07-03,15:00:00,1.10973,1.11005,1.10794,1.10917,0,0
2015-07-03,16:00:00,1.1092,1.11051,1.10881,1.10985,0,0
2015-07-03,17:00:00,1.10994,1.1104,1.10949,1.10996,0,0
2015-07-03,18:00:00,1.11011,1.1108,1.10953,1.10962,0,0
2015-07-03,19:00:00,1.10962,1.11081,1.10666,1.1071,0,0
2015-07-03,20:00:00,1.10714,1.11012,1.10714,1.10974,0,0
2015-07-03,21:00:00,1.10969,1.11013,1.10925,1.10951,0,0
2015-07-03,22:00:00,1.10958,1.11098,1.1095,1.11071,0,0
2015-07-03,23:00:00,1.11071,1.11073,1.11066,1.11068,0,0
2015-07-06,01:00:00,1.09993,1.10349,1.09818,1.10224,0,0
2015-07-06,02:00:00,1.10222,1.1039,1.09922,1.09948,0,0
2015-07-06,03:00:00,1.09948,1.10282,1.0994,1.10206,0,0
2015-07-06,04:00:00,1.10201,1.1056,1.10201,1.1042,0,0
2015-07-06,05:00:00,1.10419,1.105,1.10375,1.1043,0,0
2015-07-06,06:00:00,1.10425,1.10427,1.10314,1.10366,0,0
2015-07-06,07:00:00,1.10369,1.10433,1.10249,1.10297,0,0
2015-07-06,08:00:00,1.10297,1.10877,1.10118,1.10674,0,0
2015-07-06,09:00:00,1.10689,1.10739,1.10429,1.10558,0,0
2015-07-06,10:00:00,1.10555,1.1083,1.10453,1.1083,0,0
2015-07-06,11:00:00,1.10818,1.10956,1.10592,1.10619,0,0
2015-07-06,12:00:00,1.10623,1.10655,1.10444,1.10485,0,0
2015-07-06,13:00:00,1.10485,1.10514,1.10227,1.10318,0,0
2015-07-06,14:00:00,1.10318,1.10377,1.10097,1.10117,0,0
2015-07-06,15:00:00,1.10125,1.10353,1.10024,1.1033,0,0
2015-07-06,16:00:00,1.10327,1.10418,1.10227,1.10409,0,0
2015-07-06,17:00:00,1.10422,1.10767,1.10341,1.10754,0,0
2015-07-06,18:00:00,1.10755,1.10837,1.1059,1.10751,0,0
2015-07-06,19:00:00,1.10749,1.10914,1.10702,1.10738,0,0
2015-07-06,20:00:00,1.10747,1.10865,1.10598,1.10666,0,0
2015-07-06,21:00:00,1.10655,1.10655,1.10406,1.10465,0,0
2015-07-06,22:00:00,1.10465,1.10556,1.1046,1.10527,0,0
2015-07-06,23:00:00,1.10542,1.10607,1.10528,1.10562,0,0
2015-07-06,23:59:00,1.10561,1.10589,1.1054,1.1056,0,0
2015-07-07,01:00:00,1.10559,1.1058,1.10529,1.10548,0,0
2015-07-07,02:00:00,1.10548,1.10563,1.10468,1.10477,0,0
2015-07-07,03:00:00,1.10474,1.10517,1.10379,1.10477,0,0
2015-07-07,04:00:00,1.10477,1.10498,1.10337,1.10387,0,0
2015-07-07,05:00:00,1.10386,1.10418,1.1033,1.1033,0,0
2015-07-07,06:00:00,1.10331,1.10348,1.10258,1.10327,0,0
2015-07-07,07:00:00,1.10326,1.1036,1.10275,1.10325,0,0
2015-07-07,08:00:00,1.10325,1.1041,1.10296,1.1041,0,0
2015-07-07,09:00:00,1.10407,1.10447,1.10181,1.10277,0,0
2015-07-07,10:00:00,1.1027,1.1033,1.0999,1.10059,0,0
2015-07-07,11:00:00,1.10064,1.10079,1.09619,1.09658,0,0
2015-07-07,12:00:00,1.09662,1.09951,1.09596,1.09897,0,0
2015-07-07,13:00:00,1.09898,1.09963,1.09493,1.09871,0,0
2015-07-07,14:00:00,1.09843,1.09868,1.09505,1.09547,0,0
2015-07-07,15:00:00,1.09543,1.0958,1.09166,1.09288,0,0
2015-07-07,16:00:00,1.09287,1.0955,1.09207,1.09512,0,0
2015-07-07,17:00:00,1.09497,1.09539,1.09268,1.09336,0,0
2015-07-07,18:00:00,1.0936,1.09599,1.09332,1.09511,0,0
2015-07-07,19:00:00,1.09518,1.09749,1.09381,1.09411,0,0
2015-07-07,20:00:00,1.09401,1.09661,1.09401,1.09646,0,0
2015-07-07,21:00:00,1.0966,1.09799,1.09621,1.09761,0,0
2015-07-07,22:00:00,1.09758,1.10507,1.09757,1.10189,0,0
2015-07-07,23:00:00,1.10182,1.10232,1.09958,1.10113,0,0
2015-07-07,23:59:00,1.10115,1.10115,1.09888,1.09973,0,0
2015-07-08,01:00:00,1.09973,1.10049,1.09908,1.10048,0,0
2015-07-08,02:00:00,1.10048,1.10141,1.10009,1.10076,0,0
2015-07-08,03:00:00,1.10076,1.10076,1.09937,1.09942,0,0
2015-07-08,04:00:00,1.09939,1.09977,1.09747,1.09914,0,0
2015-07-08,05:00:00,1.09903,1.10002,1.09832,1.09848,0,0
2015-07-08,06:00:00,1.09847,1.09978,1.09808,1.09911,0,0
2015-07-08,07:00:00,1.09911,1.10171,1.0991,1.1009,0,0
2015-07-08,08:00:00,1.1009,1.1017,1.10041,1.1005,0,0
2015-07-08,09:00:00,1.10073,1.10307,1.09997,1.10162,0,0
2015-07-08,10:00:00,1.10148,1.10568,1.10057,1.10467,0,0
2015-07-08,11:00:00,1.10474,1.10499,1.10223,1.10434,0,0
2015-07-08,12:00:00,1.10433,1.10599,1.10339,1.10433,0,0
2015-07-08,13:00:00,1.1043,1.10509,1.10108,1.1011,0,0
2015-07-08,14:00:00,1.10115,1.10309,1.10061,1.10275,0,0
2015-07-08,15:00:00,1.10262,1.1039,1.10217,1.10359,0,0
2015-07-08,16:00:00,1.10359,1.10716,1.10306,1.10398,0,0
2015-07-08,17:00:00,1.10403,1.1067,1.10261,1.10662,0,0
2015-07-08,18:00:00,1.10638,1.10924,1.10569,1.1072,0,0
2015-07-08,19:00:00,1.1071,1.10854,1.10466,1.10483,0,0
2015-07-08,20:00:00,1.10494,1.10569,1.10407,1.10497,0,0
2015-07-08,21:00:00,1.10498,1.1077,1.10444,1.10608,0,0
2015-07-08,22:00:00,1.10608,1.10754,1.10588,1.10691,0,0
2015-07-08,23:00:00,1.10704,1.10796,1.10678,1.10771,0,0
2015-07-08,23:59:00,1.10766,1.10776,1.10718,1.10738,0,0
2015-07-09,01:00:00,1.1074,1.10755,1.10699,1.10755,0,0
2015-07-09,02:00:00,1.10755,1.10776,1.10673,1.10711,0,0
2015-07-09,03:00:00,1.10711,1.10783,1.10632,1.10649,0,0
2015-07-09,04:00:00,1.10652,1.10782,1.10633,1.10712,0,0
2015-07-09,05:00:00,1.10697,1.10803,1.10673,1.10731,0,0
2015-07-09,06:00:00,1.10732,1.10795,1.10704,1.10771,0,0
2015-07-09,07:00:00,1.1077,1.10812,1.10728,1.10762,0,0
2015-07-09,08:00:00,1.10762,1.11142,1.1073,1.10994,0,0
2015-07-09,09:00:00,1.10988,1.11249,1.10893,1.11,0,0
2015-07-09,10:00:00,1.10982,1.10982,1.10366,1.10376,0,0
2015-07-09,11:00:00,1.10359,1.10476,1.10307,1.10445,0,0
2015-07-09,12:00:00,1.10444,1.10456,1.10238,1.10337,0,0
2015-07-09,13:00:00,1.1033,1.10451,1.10266,1.10401,0,0
2015-07-09,14:00:00,1.10417,1.10598,1.10345,1.10585,0,0
2015-07-09,15:00:00,1.10595,1.10668,1.10236,1.10362,0,0
2015-07-09,16:00:00,1.10361,1.10676,1.10308,1.10573,0,0
2015-07-09,17:00:00,1.10583,1.10655,1.10277,1.10464,0,0
2015-07-09,18:00:00,1.1045,1.10488,1.10188,1.10246,0,0
2015-07-09,19:00:00,1.10241,1.10276,1.10032,1.10032,0,0
2015-07-09,20:00:00,1.10035,1.10188,1.09917,1.10006,0,0
2015-07-09,21:00:00,1.09997,1.10195,1.09979,1.10135,0,0
2015-07-09,22:00:00,1.10135,1.10314,1.10122,1.10263,0,0
2015-07-09,23:00:00,1.1025,1.10437,1.10227,1.10354,0,0
2015-07-09,23:59:00,1.10369,1.10463,1.10311,1.10463,0,0
2015-07-10,01:00:00,1.10466,1.10826,1.10452,1.10706,0,0
2015-07-10,02:00:00,1.10708,1.10745,1.10554,1.10608,0,0
2015-07-10,03:00:00,1.10608,1.10738,1.10551,1.10734,0,0
2015-07-10,04:00:00,1.1073,1.10895,1.10716,1.10836,0,0
2015-07-10,05:00:00,1.10834,1.10972,1.10795,1.1096,0,0
2015-07-10,06:00:00,1.10961,1.10994,1.10878,1.10982,0,0
2015-07-10,07:00:00,1.1098,1.11036,1.10934,1.1097,0,0
2015-07-10,08:00:00,1.10969,1.1134,1.10951,1.11158,0,0
2015-07-10,09:00:00,1.11166,1.11292,1.10908,1.10941,0,0
2015-07-10,10:00:00,1.10953,1.11278,1.10797,1.11142,0,0
2015-07-10,11:00:00,1.11139,1.11279,1.1099,1.11137,0,0
2015-07-10,12:00:00,1.11137,1.11799,1.11093,1.11611,0,0
2015-07-10,13:00:00,1.1162,1.11984,1.11571,1.11928,0,0
2015-07-10,14:00:00,1.11927,1.12141,1.11788,1.11846,0,0
2015-07-10,15:00:00,1.11848,1.12019,1.118,1.11963,0,0
2015-07-10,16:00:00,1.11973,1.12072,1.11619,1.11805,0,0
2015-07-10,17:00:00,1.11819,1.11931,1.11637,1.11732,0,0
2015-07-10,18:00:00,1.11732,1.1176,1.11365,1.1151,0,0
2015-07-10,19:00:00,1.11492,1.1169,1.1126,1.11282,0,0
2015-07-10,20:00:00,1.11285,1.11401,1.11204,1.11385,0,0
2015-07-10,21:00:00,1.11385,1.11385,1.11268,1.11284,0,0
2015-07-10,22:00:00,1.1128,1.11458,1.11271,1.11458,0,0
2015-07-10,23:00:00,1.11451,1.11466,1.11446,1.11457,0,0
2015-07-13,01:00:00,1.114,1.11429,1.11206,1.11206,0,0
2015-07-13,02:00:00,1.11201,1.11442,1.11183,1.11298,0,0
2015-07-13,03:00:00,1.11297,1.11402,1.11291,1.11346,0,0
2015-07-13,04:00:00,1.11346,1.11357,1.11104,1.11233,0,0
2015-07-13,05:00:00,1.11224,1.11354,1.11211,1.11293,0,0
2015-07-13,06:00:00,1.11293,1.11522,1.11151,1.11337,0,0
2015-07-13,07:00:00,1.11337,1.11405,1.11313,1.11332,0,0
2015-07-13,08:00:00,1.11332,1.11491,1.11323,1.1142,0,0
2015-07-13,09:00:00,1.11426,1.11966,1.11217,1.11866,0,0
2015-07-13,10:00:00,1.11866,1.11866,1.10871,1.10996,0,0
2015-07-13,11:00:00,1.10982,1.10982,1.10554,1.10644,0,0
2015-07-13,12:00:00,1.10614,1.10816,1.10595,1.10796,0,0
2015-07-13,13:00:00,1.10806,1.10846,1.10644,1.10676,0,0
2015-07-13,14:00:00,1.10668,1.10806,1.10579,1.10649,0,0
2015-07-13,15:00:00,1.10657,1.10697,1.10413,1.10601,0,0
2015-07-13,16:00:00,1.106,1.106,1.10363,1.10484,0,0
2015-07-13,17:00:00,1.10524,1.10555,1.10067,1.10085,0,0
2015-07-13,18:00:00,1.10101,1.1032,1.10066,1.10197,0,0
2015-07-13,19:00:00,1.10196,1.10321,1.10147,1.10194,0,0
2015-07-13,20:00:00,1.10198,1.10232,1.10035,1.10057,0,0
2015-07-13,21:00:00,1.10058,1.10115,1.09969,1.09969,0,0
2015-07-13,22:00:00,1.09962,1.10122,1.09962,1.09977,0,0
2015-07-13,23:00:00,1.09977,1.10105,1.09977,1.10013,0,0
2015-07-13,23:59:00,1.10019,1.1007,1.0998,1.10052,0,0
2015-07-14,01:00:00,1.10059,1.1009,1.10024,1.10073,0,0
2015-07-14,02:00:00,1.10073,1.10091,1.09812,1.09828,0,0
2015-07-14,03:00:00,1.0984,1.09908,1.09746,1.0987,0,0
2015-07-14,04:00:00,1.09867,1.10014,1.09855,1.10008,0,0
2015-07-14,05:00:00,1.10007,1.10115,1.0999,1.10054,0,0
2015-07-14,06:00:00,1.10054,1.10126,1.09984,1.10105,0,0
2015-07-14,07:00:00,1.10105,1.10105,1.10005,1.10029,0,0
2015-07-14,08:00:00,1.10028,1.10132,1.09935,1.09967,0,0
2015-07-14,09:00:00,1.09966,1.10027,1.09663,1.09791,0,0
2015-07-14,10:00:00,1.09792,1.10056,1.09709,1.09921,0,0
2015-07-14,11:00:00,1.09925,1.10378,1.09925,1.10277,0,0
2015-07-14,12:00:00,1.10284,1.10428,1.10146,1.10348,0,0
2015-07-14,13:00:00,1.10348,1.10428,1.10186,1.10207,0,0
2015-07-14,14:00:00,1.10217,1.10312,1.10194,1.10264,0,0
2015-07-14,15:00:00,1.10269,1.10827,1.10269,1.10548,0,0
2015-07-14,16:00:00,1.10549,1.10649,1.10331,1.10368,0,0
2015-07-14,17:00:00,1.10372,1.10387,1.09937,1.09999,0,0
2015-07-14,18:00:00,1.09988,1.10187,1.09988,1.10156,0,0
2015-07-14,19:00:00,1.10154,1.10157,1.1004,1.10103,0,0
2015-07-14,20:00:00,1.10103,1.10159,1.10057,1.10067,0,0
2015-07-14,21:00:00,1.10057,1.1011,1.1004,1.10098,0,0
2015-07-14,22:00:00,1.10098,1.10098,1.10018,1.10051,0,0
2015-07-14,23:00:00,1.10049,1.10101,1.10026,1.10081,0,0
2015-07-14,23:59:00,1.10089,1.1011,1.10057,1.1008,0,0
2015-07-15,01:00:00,1.1008,1.10167,1.10058,1.10131,0,0
2015-07-15,02:00:00,1.10131,1.10135,1.10053,1.10065,0,0
2015-07-15,03:00:00,1.10065,1.1007,1.09915,1.09965,0,0
2015-07-15,04:00:00,1.09963,1.10054,1.09951,1.10023,0,0
2015-07-15,05:00:00,1.10022,1.10057,1.09952,1.0997,0,0
2015-07-15,06:00:00,1.0997,1.10068,1.09951,1.1006,0,0
2015-07-15,07:00:00,1.1006,1.10061,1.09978,1.10013,0,0
2015-07-15,08:00:00,1.10013,1.10023,1.09878,1.09973,0,0
2015-07-15,09:00:00,1.09976,1.10233,1.09911,1.10023,0,0
2015-07-15,10:00:00,1.10019,1.10212,1.09931,1.10148,0,0
2015-07-15,11:00:00,1.10153,1.10356,1.10153,1.10269,0,0
2015-07-15,12:00:00,1.10277,1.10322,1.1019,1.10202,0,0
2015-07-15,13:00:00,1.10203,1.10288,1.1017,1.10201,0,0
2015-07-15,14:00:00,1.10199,1.10216,1.09982,1.10051,0,0
2015-07-15,15:00:00,1.10051,1.10161,1.09715,1.0973,0,0
2015-07-15,16:00:00,1.09733,1.09741,1.09504,1.09579,0,0
2015-07-15,17:00:00,1.09579,1.09735,1.09353,1.09579,0,0
2015-07-15,18:00:00,1.09592,1.09672,1.0952,1.09633,0,0
2015-07-15,19:00:00,1.09637,1.09719,1.09397,1.09487,0,0
2015-07-15,20:00:00,1.09482,1.09499,1.093,1.09485,0,0
2015-07-15,21:00:00,1.09484,1.09548,1.09433,1.09474,0,0
2015-07-15,22:00:00,1.09471,1.09538,1.09414,1.09534,0,0
2015-07-15,23:00:00,1.09523,1.09545,1.09448,1.09503,0,0
2015-07-15,23:59:00,1.09499,1.09517,1.09461,1.09464,0,0
2015-07-16,01:00:00,1.09464,1.09599,1.09422,1.09587,0,0
2015-07-16,02:00:00,1.09592,1.09628,1.09349,1.0937,0,0
2015-07-16,03:00:00,1.09378,1.09428,1.0931,1.0935,0,0
2015-07-16,04:00:00,1.09349,1.09372,1.09127,1.09234,0,0
2015-07-16,05:00:00,1.09234,1.09333,1.09215,1.09322,0,0
2015-07-16,06:00:00,1.09324,1.09379,1.09312,1.09341,0,0
2015-07-16,07:00:00,1.09341,1.09378,1.09292,1.09296,0,0
2015-07-16,08:00:00,1.09302,1.09345,1.09114,1.09236,0,0
2015-07-16,09:00:00,1.09244,1.09465,1.09185,1.09339,0,0
2015-07-16,10:00:00,1.09321,1.09383,1.08965,1.08994,0,0
2015-07-16,11:00:00,1.08991,1.09179,1.08991,1.0906,0,0
2015-07-16,12:00:00,1.09043,1.09149,1.08972,1.09043,0,0
2015-07-16,13:00:00,1.09041,1.09049,1.08804,1.08866,0,0
2015-07-16,14:00:00,1.0887,1.08965,1.08771,1.0878,0,0
2015-07-16,15:00:00,1.08772,1.08961,1.0856,1.0856,0,0
2015-07-16,16:00:00,1.08569,1.09114,1.08561,1.09084,0,0
2015-07-16,17:00:00,1.09121,1.09259,1.08931,1.09075,0,0
2015-07-16,18:00:00,1.09087,1.09087,1.08885,1.08976,0,0
2015-07-16,19:00:00,1.08969,1.08981,1.08737,1.08762,0,0
2015-07-16,20:00:00,1.08759,1.0893,1.08749,1.08828,0,0
2015-07-16,21:00:00,1.08831,1.08863,1.08739,1.08739,0,0
2015-07-16,22:00:00,1.08735,1.08783,1.08735,1.08778,0,0
2015-07-16,23:00:00,1.08773,1.088,1.08737,1.08748,0,0
2015-07-16,23:59:00,1.08746,1.08803,1.08746,1.08759,0,0
2015-07-17,01:00:00,1.08759,1.08823,1.08731,1.08799,0,0
2015-07-17,02:00:00,1.08799,1.08848,1.08766,1.08834,0,0
2015-07-17,03:00:00,1.08824,1.08877,1.08758,1.08791,0,0
2015-07-17,04:00:00,1.0879,1.08939,1.08771,1.08913,0,0
2015-07-17,05:00:00,1.08913,1.08968,1.08871,1.08948,0,0
2015-07-17,06:00:00,1.08946,1.09037,1.08945,1.09001,0,0
2015-07-17,07:00:00,1.09001,1.0901,1.08915,1.08952,0,0
2015-07-17,08:00:00,1.08951,1.08973,1.088,1.08843,0,0
2015-07-17,09:00:00,1.08846,1.08965,1.08801,1.08857,0,0
2015-07-17,10:00:00,1.08851,1.09069,1.0879,1.08879,0,0
2015-07-17,11:00:00,1.08875,1.08996,1.08823,1.08894,0,0
2015-07-17,12:00:00,1.08902,1.08968,1.08854,1.08869,0,0
2015-07-17,13:00:00,1.08861,1.08923,1.08711,1.08818,0,0
2015-07-17,14:00:00,1.08819,1.08942,1.08763,1.08942,0,0
2015-07-17,15:00:00,1.08942,1.08952,1.08612,1.08653,0,0
2015-07-17,16:00:00,1.08651,1.08715,1.0849,1.08574,0,0
2015-07-17,17:00:00,1.08566,1.08629,1.08435,1.08552,0,0
2015-07-17,18:00:00,1.0855,1.08575,1.08465,1.08486,0,0
2015-07-17,19:00:00,1.08482,1.08568,1.08412,1.08568,0,0
2015-07-17,20:00:00,1.08563,1.08573,1.08444,1.08473,0,0
2015-07-17,21:00:00,1.08473,1.08551,1.08462,1.08477,0,0
2015-07-17,22:00:00,1.08479,1.08515,1.08441,1.08448,0,0
2015-07-17,23:00:00,1.08445,1.08447,1.08444,1.08446,0,0
2015-07-20,01:00:00,1.08321,1.08434,1.08317,1.08391,0,0
2015-07-20,02:00:00,1.08393,1.08393,1.08284,1.08301,0,0
2015-07-20,03:00:00,1.08294,1.08344,1.0828,1.08332,0,0
2015-07-20,04:00:00,1.08332,1.08356,1.08226,1.0823,0,0
2015-07-20,05:00:00,1.08217,1.08299,1.0821,1.08244,0,0
2015-07-20,06:00:00,1.0824,1.08256,1.08208,1.08215,0,0
2015-07-20,07:00:00,1.08215,1.083,1.08215,1.08297,0,0
2015-07-20,08:00:00,1.08295,1.08297,1.08245,1.08287,0,0
2015-07-20,09:00:00,1.08284,1.0848,1.08251,1.0841,0,0
2015-07-20,10:00:00,1.0849,1.0864,1.0847,1.0862,0,0
2015-07-20,11:00:00,1.0863,1.0863,1.0845,1.0849,0,0
2015-07-20,12:00:00,1.0851,1.08571,1.0826,1.0838,0,0
2015-07-20,13:00:00,1.08329,1.0841,1.0829,1.08391,0,0
2015-07-20,14:00:00,1.084,1.0847,1.0834,1.0847,0,0
2015-07-20,15:00:00,1.0846,1.08589,1.0842,1.0847,0,0
2015-07-20,16:00:00,1.0846,1.0849,1.0831,1.0834,0,0
2015-07-20,17:00:00,1.08371,1.08657,1.0836,1.08634,0,0
2015-07-20,18:00:00,1.08634,1.08694,1.08475,1.08498,0,0
2015-07-20,19:00:00,1.08494,1.08573,1.0841,1.08412,0,0
2015-07-20,20:00:00,1.08413,1.0846,1.08345,1.08353,0,0
2015-07-20,21:00:00,1.08356,1.0839,1.08284,1.08284,0,0
2015-07-20,22:00:00,1.08284,1.08361,1.0826,1.08349,0,0
2015-07-20,23:00:00,1.08349,1.08349,1.08087,1.0825,0,0
2015-07-20,23:59:00,1.08251,1.08278,1.08205,1.08217,0,0
