Date,Time,Open,High,Low,Close,Volume,OpenInt
2015-04-22,01:00:00,1.93471,1.93528,1.93356,1.93441,0,0
2015-04-22,02:00:00,1.93441,1.93619,1.93422,1.9358,0,0
2015-04-22,03:00:00,1.9358,1.9363,1.93344,1.93363,0,0
2015-04-22,04:00:00,1.9336,1.93458,1.92071,1.92298,0,0
2015-04-22,05:00:00,1.92283,1.92391,1.9218,1.92355,0,0
2015-04-22,06:00:00,1.92361,1.9249,1.92299,1.92429,0,0
2015-04-22,07:00:00,1.92444,1.92486,1.92217,1.92267,0,0
2015-04-22,08:00:00,1.92267,1.92378,1.9218,1.92337,0,0
2015-04-22,09:00:00,1.92356,1.92382,1.92025,1.92182,0,0
2015-04-22,10:00:00,1.92166,1.92368,1.92108,1.92244,0,0
2015-04-22,11:00:00,1.92241,1.92576,1.92047,1.92311,0,0
2015-04-22,12:00:00,1.92315,1.92921,1.92306,1.92722,0,0
2015-04-22,13:00:00,1.92722,1.9298,1.92653,1.92971,0,0
2015-04-22,14:00:00,1.92954,1.93641,1.92939,1.93596,0,0
2015-04-22,15:00:00,1.93603,1.93706,1.93345,1.93496,0,0
2015-04-22,16:00:00,1.93492,1.93754,1.93428,1.93524,0,0
2015-04-22,17:00:00,1.93522,1.93839,1.93506,1.93716,0,0
2015-04-22,18:00:00,1.93726,1.9396,1.93352,1.93353,0,0
2015-04-22,19:00:00,1.93353,1.93519,1.93339,1.93444,0,0
2015-04-22,20:00:00,1.93431,1.93529,1.9337,1.93466,0,0
2015-04-22,21:00:00,1.93472,1.93708,1.9347,1.93581,0,0
2015-04-22,22:00:00,1.93576,1.93755,1.93547,1.93706,0,0
2015-04-22,23:00:00,1.93709,1.94049,1.93685,1.9388,0,0
2015-04-22,23:59:00,1.93879,1.94104,1.93809,1.94025,0,0
2015-04-23,01:00:00,1.94027,1.9418,1.94016,1.94119,0,0
2015-04-23,02:00:00,1.94119,1.94138,1.93897,1.94107,0,0
2015-04-23,03:00:00,1.94118,1.94551,1.94068,1.94315,0,0
2015-04-23,04:00:00,1.94312,1.94522,1.94053,1.94268,0,0
2015-04-23,05:00:00,1.94264,1.9446,1.94071,1.94337,0,0
2015-04-23,06:00:00,1.94299,1.94364,1.93974,1.93986,0,0
2015-04-23,07:00:00,1.93957,1.94013,1.93692,1.9372,0,0
2015-04-23,08:00:00,1.9371,1.94011,1.9367,1.93998,0,0
2015-04-23,09:00:00,1.94006,1.94144,1.93879,1.94051,0,0
2015-04-23,10:00:00,1.94054,1.94082,1.93678,1.93802,0,0
2015-04-23,11:00:00,1.93799,1.93949,1.93307,1.93895,0,0
2015-04-23,12:00:00,1.93902,1.9436,1.93838,1.94315,0,0
2015-04-23,13:00:00,1.94315,1.94541,1.94173,1.94319,0,0
2015-04-23,14:00:00,1.9432,1.9437,1.94118,1.94356,0,0
2015-04-23,15:00:00,1.94358,1.94551,1.94177,1.94179,0,0
2015-04-23,16:00:00,1.94188,1.94209,1.93661,1.93747,0,0
2015-04-23,17:00:00,1.93757,1.93942,1.93587,1.93785,0,0
2015-04-23,18:00:00,1.93781,1.93824,1.93326,1.93351,0,0
2015-04-23,19:00:00,1.93347,1.93524,1.93249,1.93474,0,0
2015-04-23,20:00:00,1.9347,1.93566,1.93342,1.93436,0,0
2015-04-23,21:00:00,1.93461,1.93765,1.93461,1.93554,0,0
2015-04-23,22:00:00,1.93564,1.93658,1.9352,1.93552,0,0
2015-04-23,23:00:00,1.93568,1.93625,1.93411,1.93568,0,0
2015-04-23,23:59:00,1.93574,1.93633,1.93489,1.9353,0,0
2015-04-24,01:00:00,1.9353,1.93629,1.93474,1.93567,0,0
2015-04-24,02:00:00,1.93569,1.93635,1.93493,1.93572,0,0
2015-04-24,03:00:00,1.93575,1.93613,1.9319,1.93255,0,0
2015-04-24,04:00:00,1.93243,1.93424,1.93184,1.93399,0,0
2015-04-24,05:00:00,1.93403,1.93602,1.93378,1.93512,0,0
2015-04-24,06:00:00,1.93515,1.93553,1.93332,1.93425,0,0
2015-04-24,07:00:00,1.93435,1.93592,1.93396,1.93498,0,0
2015-04-24,08:00:00,1.93513,1.93582,1.93431,1.93546,0,0
2015-04-24,09:00:00,1.93555,1.93722,1.93226,1.9354,0,0
2015-04-24,10:00:00,1.9355,1.94004,1.93493,1.93912,0,0
2015-04-24,11:00:00,1.93918,1.94468,1.93563,1.94418,0,0
2015-04-24,12:00:00,1.94421,1.94481,1.94213,1.94225,0,0
2015-04-24,13:00:00,1.94184,1.9442,1.94154,1.94312,0,0
2015-04-24,14:00:00,1.94286,1.9456,1.94047,1.94062,0,0
2015-04-24,15:00:00,1.94062,1.94212,1.93814,1.94185,0,0
2015-04-24,16:00:00,1.94185,1.94303,1.93829,1.93923,0,0
2015-04-24,17:00:00,1.93933,1.94024,1.93774,1.93869,0,0
2015-04-24,18:00:00,1.93866,1.93965,1.93574,1.93965,0,0
2015-04-24,19:00:00,1.9395,1.94102,1.93839,1.94058,0,0
2015-04-24,20:00:00,1.94057,1.94172,1.93995,1.93999,0,0
2015-04-24,21:00:00,1.94,1.94087,1.93841,1.93905,0,0
2015-04-24,22:00:00,1.93905,1.94123,1.93844,1.93977,0,0
2015-04-24,23:00:00,1.93977,1.93977,1.93888,1.93888,0,0
2015-04-27,01:00:00,1.93954,1.94092,1.93863,1.93921,0,0
2015-04-27,02:00:00,1.93921,1.93951,1.93684,1.93792,0,0
2015-04-27,03:00:00,1.93795,1.93954,1.93737,1.93937,0,0
2015-04-27,04:00:00,1.93962,1.93998,1.93808,1.9386,0,0
2015-04-27,05:00:00,1.93858,1.94082,1.93784,1.94031,0,0
2015-04-27,06:00:00,1.94039,1.94287,1.94039,1.94172,0,0
2015-04-27,07:00:00,1.94184,1.94308,1.94073,1.94179,0,0
2015-04-27,08:00:00,1.94176,1.94206,1.93878,1.93975,0,0
2015-04-27,09:00:00,1.93975,1.94302,1.93883,1.94161,0,0
2015-04-27,10:00:00,1.94167,1.94347,1.93756,1.93898,0,0
2015-04-27,11:00:00,1.93916,1.94005,1.93727,1.93878,0,0
2015-04-27,12:00:00,1.93879,1.93955,1.93508,1.93652,0,0
2015-04-27,13:00:00,1.93632,1.93765,1.93533,1.93596,0,0
2015-04-27,14:00:00,1.93577,1.93656,1.93457,1.93543,0,0
2015-04-27,15:00:00,1.93535,1.93737,1.93479,1.93718,0,0
2015-04-27,16:00:00,1.93718,1.93889,1.93615,1.93653,0,0
2015-04-27,17:00:00,1.93638,1.93742,1.92987,1.9341,0,0
2015-04-27,18:00:00,1.93428,1.93925,1.93388,1.93882,0,0
2015-04-27,19:00:00,1.93878,1.94075,1.93638,1.94012,0,0
2015-04-27,20:00:00,1.93998,1.94162,1.93822,1.9396,0,0
2015-04-27,21:00:00,1.93948,1.94026,1.93748,1.93889,0,0
2015-04-27,22:00:00,1.93867,1.93973,1.93796,1.93969,0,0
2015-04-27,23:00:00,1.93943,1.94035,1.93883,1.93883,0,0
2015-04-27,23:59:00,1.93903,1.94062,1.93871,1.94023,0,0
2015-04-28,01:00:00,1.94006,1.94258,1.93712,1.93855,0,0
2015-04-28,02:00:00,1.93865,1.93883,1.93429,1.93542,0,0
2015-04-28,03:00:00,1.93532,1.93698,1.93428,1.93681,0,0
2015-04-28,04:00:00,1.93679,1.93709,1.93515,1.93543,0,0
2015-04-28,05:00:00,1.93564,1.93641,1.93454,1.9346,0,0
2015-04-28,06:00:00,1.93457,1.93692,1.93436,1.93674,0,0
2015-04-28,07:00:00,1.93676,1.93751,1.9355,1.9362,0,0
2015-04-28,08:00:00,1.93619,1.93634,1.93379,1.93397,0,0
2015-04-28,09:00:00,1.93387,1.93542,1.93322,1.93474,0,0
2015-04-28,10:00:00,1.93474,1.93556,1.93173,1.93469,0,0
2015-04-28,11:00:00,1.93462,1.93482,1.92324,1.92604,0,0
2015-04-28,12:00:00,1.92608,1.9283,1.92504,1.92657,0,0
2015-04-28,13:00:00,1.9266,1.93133,1.92461,1.92499,0,0
2015-04-28,14:00:00,1.92492,1.92544,1.91973,1.92298,0,0
2015-04-28,15:00:00,1.92298,1.92436,1.92057,1.92089,0,0
2015-04-28,16:00:00,1.92109,1.92217,1.91789,1.91945,0,0
2015-04-28,17:00:00,1.91969,1.92047,1.9138,1.91509,0,0
2015-04-28,18:00:00,1.91509,1.91517,1.91088,1.91205,0,0
2015-04-28,19:00:00,1.91217,1.91348,1.91155,1.91249,0,0
2015-04-28,20:00:00,1.91252,1.91341,1.91038,1.91094,0,0
2015-04-28,21:00:00,1.91094,1.91386,1.91085,1.91355,0,0
2015-04-28,22:00:00,1.91343,1.91385,1.91213,1.91223,0,0
2015-04-28,23:00:00,1.91224,1.91254,1.91101,1.91217,0,0
2015-04-28,23:59:00,1.91163,1.91314,1.91163,1.91185,0,0
2015-04-29,01:00:00,1.91185,1.91442,1.91117,1.91291,0,0
2015-04-29,02:00:00,1.91294,1.91784,1.91286,1.9172,0,0
2015-04-29,03:00:00,1.91726,1.91916,1.91432,1.91483,0,0
2015-04-29,04:00:00,1.91486,1.91935,1.91475,1.91884,0,0
2015-04-29,05:00:00,1.91892,1.92122,1.91846,1.92078,0,0
2015-04-29,06:00:00,1.92081,1.92197,1.91901,1.91943,0,0
2015-04-29,07:00:00,1.91939,1.92104,1.91908,1.92034,0,0
2015-04-29,08:00:00,1.92029,1.92109,1.91879,1.91904,0,0
2015-04-29,09:00:00,1.91904,1.92171,1.91853,1.92072,0,0
2015-04-29,10:00:00,1.92068,1.92565,1.92068,1.92478,0,0
2015-04-29,11:00:00,1.92473,1.92767,1.92395,1.92688,0,0
2015-04-29,12:00:00,1.92704,1.92741,1.924,1.92609,0,0
2015-04-29,13:00:00,1.92633,1.92649,1.92341,1.92468,0,0
2015-04-29,14:00:00,1.92487,1.92496,1.92027,1.9211,0,0
2015-04-29,15:00:00,1.92122,1.92289,1.91682,1.91998,0,0
2015-04-29,16:00:00,1.91972,1.92127,1.91516,1.91556,0,0
2015-04-29,17:00:00,1.91554,1.91877,1.91274,1.91744,0,0
2015-04-29,18:00:00,1.91779,1.92157,1.91741,1.91975,0,0
2015-04-29,19:00:00,1.91982,1.92113,1.91794,1.91863,0,0
2015-04-29,20:00:00,1.9186,1.92063,1.91686,1.91801,0,0
2015-04-29,21:00:00,1.91736,1.92335,1.91712,1.92032,0,0
2015-04-29,22:00:00,1.92026,1.92432,1.92017,1.92384,0,0
2015-04-29,23:00:00,1.92387,1.92792,1.92241,1.92792,0,0
2015-04-29,23:59:00,1.92782,1.93386,1.92655,1.93015,0,0
2015-04-30,01:00:00,1.93001,1.93037,1.92831,1.9292,0,0
2015-04-30,02:00:00,1.92924,1.92975,1.92829,1.92936,0,0
2015-04-30,03:00:00,1.92953,1.92986,1.92574,1.92574,0,0
2015-04-30,04:00:00,1.92574,1.93141,1.92478,1.93093,0,0
2015-04-30,05:00:00,1.93111,1.93305,1.92821,1.92897,0,0
2015-04-30,06:00:00,1.92881,1.92994,1.92821,1.92847,0,0
2015-04-30,07:00:00,1.92847,1.9314,1.92692,1.92875,0,0
2015-04-30,08:00:00,1.92869,1.93223,1.92847,1.93116,0,0
2015-04-30,09:00:00,1.93201,1.93696,1.93116,1.93585,0,0
2015-04-30,10:00:00,1.93592,1.94463,1.93465,1.9436,0,0
2015-04-30,11:00:00,1.94395,1.94895,1.94111,1.94628,0,0
2015-04-30,12:00:00,1.94648,1.94879,1.94298,1.94338,0,0
2015-04-30,13:00:00,1.94355,1.95005,1.94251,1.94832,0,0
2015-04-30,14:00:00,1.94839,1.95004,1.94684,1.94685,0,0
2015-04-30,15:00:00,1.94657,1.94922,1.94473,1.94604,0,0
2015-04-30,16:00:00,1.94602,1.94987,1.94485,1.94863,0,0
2015-04-30,17:00:00,1.94854,1.94924,1.94389,1.94857,0,0
2015-04-30,18:00:00,1.94853,1.95073,1.94768,1.94833,0,0
2015-04-30,19:00:00,1.94832,1.94881,1.94121,1.94196,0,0
2015-04-30,20:00:00,1.94174,1.94278,1.93897,1.93907,0,0
2015-04-30,21:00:00,1.93927,1.94124,1.93843,1.94041,0,0
2015-04-30,22:00:00,1.94025,1.94232,1.93941,1.93986,0,0
2015-04-30,23:00:00,1.94012,1.94271,1.93971,1.94196,0,0
2015-04-30,23:59:00,1.94187,1.94264,1.93858,1.94225,0,0
2015-05-01,01:00:00,1.94231,1.94415,1.94218,1.94324,0,0
2015-05-01,02:00:00,1.94318,1.94428,1.9417,1.94422,0,0
2015-05-01,03:00:00,1.94417,1.9465,1.9437,1.9458,0,0
2015-05-01,04:00:00,1.94503,1.94664,1.94334,1.94531,0,0
2015-05-01,05:00:00,1.94534,1.94803,1.94393,1.94432,0,0
2015-05-01,06:00:00,1.94432,1.94545,1.94338,1.944,0,0
2015-05-01,07:00:00,1.94403,1.94586,1.94395,1.94562,0,0
2015-05-01,08:00:00,1.94562,1.94663,1.9426,1.94339,0,0
2015-05-01,09:00:00,1.94345,1.94958,1.94152,1.94958,0,0
2015-05-01,10:00:00,1.94957,1.95269,1.94856,1.95194,0,0
2015-05-01,11:00:00,1.95148,1.95155,1.93762,1.93815,0,0
2015-05-01,12:00:00,1.93827,1.94182,1.93796,1.94156,0,0
2015-05-01,13:00:00,1.94138,1.94194,1.93648,1.93648,0,0
2015-05-01,14:00:00,1.93652,1.9404,1.93652,1.93904,0,0
2015-05-01,15:00:00,1.93908,1.93992,1.93571,1.93902,0,0
2015-05-01,16:00:00,1.93901,1.93972,1.93281,1.93282,0,0
2015-05-01,17:00:00,1.93319,1.94234,1.9323,1.9369,0,0
2015-05-01,18:00:00,1.93691,1.93882,1.93501,1.93732,0,0
2015-05-01,19:00:00,1.93743,1.9383,1.93307,1.93325,0,0
2015-05-01,20:00:00,1.93334,1.93528,1.93276,1.9352,0,0
2015-05-01,21:00:00,1.93516,1.93546,1.93272,1.93436,0,0
2015-05-01,22:00:00,1.93395,1.93398,1.93214,1.93254,0,0
2015-05-01,23:00:00,1.93257,1.93269,1.93236,1.93263,0,0
2015-05-04,01:00:00,1.93276,1.93557,1.9319,1.93535,0,0
2015-05-04,02:00:00,1.93523,1.93645,1.93346,1.93604,0,0
2015-05-04,03:00:00,1.93589,1.93968,1.93578,1.93903,0,0
2015-05-04,04:00:00,1.939,1.94226,1.934,1.93838,0,0
2015-05-04,05:00:00,1.93838,1.94051,1.9357,1.93716,0,0
2015-05-04,06:00:00,1.93717,1.93791,1.93545,1.93545,0,0
2015-05-04,07:00:00,1.93545,1.93712,1.93504,1.93684,0,0
2015-05-04,08:00:00,1.93684,1.93724,1.93412,1.93438,0,0
2015-05-04,09:00:00,1.93433,1.93563,1.93333,1.93348,0,0
2015-05-04,10:00:00,1.93371,1.93586,1.93074,1.93536,0,0
2015-05-04,11:00:00,1.93518,1.93556,1.93231,1.93455,0,0
2015-05-04,12:00:00,1.93456,1.93456,1.93036,1.93053,0,0
2015-05-04,13:00:00,1.93033,1.93123,1.92907,1.92949,0,0
2015-05-04,14:00:00,1.92953,1.93209,1.92758,1.92764,0,0
2015-05-04,15:00:00,1.92762,1.93284,1.92673,1.93142,0,0
2015-05-04,16:00:00,1.93132,1.93203,1.92921,1.92921,0,0
2015-05-04,17:00:00,1.9289,1.92964,1.92667,1.92754,0,0
2015-05-04,18:00:00,1.92748,1.9293,1.92689,1.92852,0,0
2015-05-04,19:00:00,1.92853,1.92894,1.92677,1.92709,0,0
2015-05-04,20:00:00,1.92717,1.92762,1.92637,1.92722,0,0
2015-05-04,21:00:00,1.92722,1.92767,1.92629,1.92724,0,0
2015-05-04,22:00:00,1.92709,1.92821,1.92657,1.92792,0,0
2015-05-04,23:00:00,1.92795,1.93042,1.92739,1.92918,0,0
2015-05-04,23:59:00,1.92919,1.93031,1.92853,1.93008,0,0
2015-05-05,01:00:00,1.93019,1.93019,1.92783,1.92812,0,0
2015-05-05,02:00:00,1.92815,1.92901,1.92758,1.92898,0,0
2015-05-05,03:00:00,1.92905,1.92976,1.92707,1.92958,0,0
2015-05-05,04:00:00,1.92958,1.93129,1.92797,1.92845,0,0
2015-05-05,05:00:00,1.9284,1.92903,1.92566,1.92601,0,0
2015-05-05,06:00:00,1.92604,1.92753,1.92421,1.92489,0,0
2015-05-05,07:00:00,1.92489,1.93883,1.91205,1.91334,0,0
2015-05-05,08:00:00,1.9139,1.91661,1.91049,1.91613,0,0
2015-05-05,09:00:00,1.91617,1.92167,1.91335,1.92019,0,0
2015-05-05,10:00:00,1.92027,1.92296,1.91808,1.92206,0,0
2015-05-05,11:00:00,1.922,1.92249,1.91774,1.92073,0,0
2015-05-05,12:00:00,1.92076,1.92242,1.91936,1.91988,0,0
2015-05-05,13:00:00,1.9199,1.92266,1.91951,1.92266,0,0
2015-05-05,14:00:00,1.92266,1.92288,1.9184,1.91915,0,0
2015-05-05,15:00:00,1.91906,1.92209,1.91644,1.91688,0,0
2015-05-05,16:00:00,1.91689,1.91992,1.91557,1.91992,0,0
2015-05-05,17:00:00,1.92,1.9227,1.91281,1.91379,0,0
2015-05-05,18:00:00,1.91368,1.91464,1.90945,1.91127,0,0
2015-05-05,19:00:00,1.91133,1.91338,1.9102,1.9129,0,0
2015-05-05,20:00:00,1.91304,1.91431,1.9111,1.91142,0,0
2015-05-05,21:00:00,1.91142,1.91152,1.90959,1.91061,0,0
2015-05-05,22:00:00,1.91034,1.91089,1.90973,1.91008,0,0
2015-05-05,23:00:00,1.91011,1.913,1.91011,1.9116,0,0
2015-05-05,23:59:00,1.91161,1.91233,1.9101,1.9114,0,0
2015-05-06,01:00:00,1.91143,1.91538,1.91123,1.91283,0,0
2015-05-06,02:00:00,1.91282,1.91539,1.91212,1.91308,0,0
2015-05-06,03:00:00,1.91299,1.91299,1.9101,1.91121,0,0
2015-05-06,04:00:00,1.91121,1.91357,1.90818,1.9105,0,0
2015-05-06,05:00:00,1.91043,1.91119,1.9067,1.90769,0,0
2015-05-06,06:00:00,1.90749,1.90925,1.90671,1.90766,0,0
2015-05-06,07:00:00,1.90766,1.91034,1.90737,1.90904,0,0
2015-05-06,08:00:00,1.90905,1.91187,1.90879,1.91123,0,0
2015-05-06,09:00:00,1.91129,1.91184,1.90907,1.91096,0,0
2015-05-06,10:00:00,1.9108,1.91184,1.90253,1.9029,0,0
2015-05-06,11:00:00,1.90259,1.9039,1.89813,1.90188,0,0
2015-05-06,12:00:00,1.90192,1.90467,1.90067,1.90445,0,0
2015-05-06,13:00:00,1.90454,1.90662,1.9039,1.90573,0,0
2015-05-06,14:00:00,1.9057,1.90587,1.9012,1.90293,0,0
2015-05-06,15:00:00,1.90293,1.90449,1.89963,1.90072,0,0
2015-05-06,16:00:00,1.90071,1.90456,1.89821,1.9042,0,0
2015-05-06,17:00:00,1.9044,1.90589,1.90207,1.90207,0,0
2015-05-06,18:00:00,1.90186,1.90562,1.90123,1.90451,0,0
2015-05-06,19:00:00,1.90454,1.91027,1.90423,1.91024,0,0
2015-05-06,20:00:00,1.91042,1.91295,1.90934,1.91163,0,0
2015-05-06,21:00:00,1.91165,1.91506,1.91083,1.91359,0,0
2015-05-06,22:00:00,1.91362,1.91441,1.91245,1.91247,0,0
2015-05-06,23:00:00,1.9125,1.91482,1.91242,1.91326,0,0
2015-05-06,23:59:00,1.91318,1.91318,1.91076,1.91276,0,0
2015-05-07,01:00:00,1.9126,1.9132,1.9115,1.91242,0,0
2015-05-07,02:00:00,1.91241,1.91626,1.91241,1.91606,0,0
2015-05-07,03:00:00,1.91612,1.91688,1.9133,1.91353,0,0
2015-05-07,04:00:00,1.91349,1.92119,1.91106,1.91207,0,0
2015-05-07,05:00:00,1.91209,1.91344,1.9066,1.90822,0,0
2015-05-07,06:00:00,1.90809,1.9094,1.90484,1.90927,0,0
2015-05-07,07:00:00,1.90927,1.91056,1.90785,1.91008,0,0
2015-05-07,08:00:00,1.91008,1.91106,1.90781,1.91035,0,0
2015-05-07,09:00:00,1.91051,1.91051,1.90552,1.90787,0,0
2015-05-07,10:00:00,1.90792,1.91385,1.90755,1.91297,0,0
2015-05-07,11:00:00,1.91271,1.9147,1.91011,1.91166,0,0
2015-05-07,12:00:00,1.91197,1.9188,1.91153,1.91595,0,0
2015-05-07,13:00:00,1.91601,1.91782,1.91089,1.91181,0,0
2015-05-07,14:00:00,1.91181,1.91539,1.91016,1.91238,0,0
2015-05-07,15:00:00,1.91238,1.91715,1.90954,1.91321,0,0
2015-05-07,16:00:00,1.91321,1.91417,1.91107,1.91382,0,0
2015-05-07,17:00:00,1.91389,1.92251,1.91356,1.92053,0,0
2015-05-07,18:00:00,1.92036,1.92499,1.92016,1.92411,0,0
2015-05-07,19:00:00,1.92384,1.92491,1.92349,1.92442,0,0
2015-05-07,20:00:00,1.92417,1.92812,1.92417,1.92765,0,0
2015-05-07,21:00:00,1.92768,1.93202,1.92735,1.93079,0,0
2015-05-07,22:00:00,1.93077,1.93228,1.9306,1.93116,0,0
2015-05-07,23:00:00,1.93126,1.93138,1.92814,1.92814,0,0
2015-05-07,23:59:00,1.92791,1.95296,1.92786,1.94846,0,0
2015-05-08,01:00:00,1.94865,1.95034,1.94476,1.94644,0,0
2015-05-08,02:00:00,1.94645,1.94998,1.94414,1.94882,0,0
2015-05-08,03:00:00,1.94888,1.9516,1.94825,1.95016,0,0
2015-05-08,04:00:00,1.95024,1.9603,1.94427,1.95605,0,0
2015-05-08,05:00:00,1.95628,1.96507,1.95628,1.96481,0,0
2015-05-08,06:00:00,1.96494,1.96656,1.96109,1.9614,0,0
2015-05-08,07:00:00,1.96139,1.96658,1.95943,1.96087,0,0
2015-05-08,08:00:00,1.96069,1.96143,1.95592,1.95734,0,0
2015-05-08,09:00:00,1.95816,1.95816,1.94929,1.95374,0,0
2015-05-08,10:00:00,1.95374,1.95573,1.95079,1.95379,0,0
2015-05-08,11:00:00,1.95367,1.95836,1.9525,1.95671,0,0
2015-05-08,12:00:00,1.95695,1.95697,1.94815,1.94853,0,0
2015-05-08,13:00:00,1.94853,1.95,1.94483,1.94916,0,0
2015-05-08,14:00:00,1.94936,1.95154,1.94864,1.94905,0,0
2015-05-08,15:00:00,1.94921,1.95369,1.94248,1.94327,0,0
2015-05-08,16:00:00,1.94365,1.94481,1.93662,1.94301,0,0
2015-05-08,17:00:00,1.94343,1.95161,1.94292,1.95161,0,0
2015-05-08,18:00:00,1.95179,1.95515,1.95095,1.95304,0,0
2015-05-08,19:00:00,1.95295,1.95401,1.94946,1.95065,0,0
2015-05-08,20:00:00,1.95019,1.95186,1.95015,1.95123,0,0
2015-05-08,21:00:00,1.95107,1.95239,1.95073,1.95176,0,0
2015-05-08,22:00:00,1.95224,1.95224,1.94822,1.9493,0,0
2015-05-08,23:00:00,1.94929,1.94929,1.94929,1.94929,0,0
2015-05-11,01:00:00,1.949,1.95056,1.94814,1.94879,0,0
2015-05-11,02:00:00,1.94879,1.95033,1.94636,1.94807,0,0
2015-05-11,03:00:00,1.94808,1.94898,1.94636,1.94896,0,0
2015-05-11,04:00:00,1.94878,1.95384,1.94872,1.95263,0,0
2015-05-11,05:00:00,1.95244,1.95406,1.95081,1.95364,0,0
2015-05-11,06:00:00,1.95365,1.95595,1.95358,1.95514,0,0
2015-05-11,07:00:00,1.95505,1.95568,1.95303,1.95352,0,0
2015-05-11,08:00:00,1.95352,1.95558,1.95278,1.95426,0,0
2015-05-11,09:00:00,1.95433,1.95485,1.94996,1.95038,0,0
2015-05-11,10:00:00,1.95039,1.95526,1.94903,1.95454,0,0
2015-05-11,11:00:00,1.95445,1.95605,1.94972,1.94972,0,0
2015-05-11,12:00:00,1.94985,1.958,1.94798,1.9578,0,0
2015-05-11,13:00:00,1.95782,1.96149,1.95663,1.96031,0,0
2015-05-11,14:00:00,1.96038,1.961,1.95761,1.95971,0,0
2015-05-11,15:00:00,1.95983,1.96258,1.9581,1.9619,0,0
2015-05-11,16:00:00,1.962,1.96664,1.9602,1.96643,0,0
2015-05-11,17:00:00,1.96673,1.96897,1.96521,1.96608,0,0
2015-05-11,18:00:00,1.96595,1.97469,1.96457,1.97437,0,0
2015-05-11,19:00:00,1.97433,1.97683,1.97234,1.97239,0,0
2015-05-11,20:00:00,1.97251,1.97367,1.971,1.97189,0,0
2015-05-11,21:00:00,1.97196,1.97258,1.96895,1.97258,0,0
2015-05-11,22:00:00,1.97253,1.97544,1.97185,1.97515,0,0
2015-05-11,23:00:00,1.97516,1.97545,1.97335,1.97531,0,0
2015-05-11,23:59:00,1.97523,1.97571,1.97385,1.97419,0,0
2015-05-12,01:00:00,1.97446,1.97531,1.97378,1.97486,0,0
2015-05-12,02:00:00,1.97486,1.97495,1.97091,1.97252,0,0
2015-05-12,03:00:00,1.97257,1.97392,1.9707,1.97285,0,0
2015-05-12,04:00:00,1.97283,1.97376,1.96884,1.96884,0,0
2015-05-12,05:00:00,1.9689,1.96965,1.96622,1.96809,0,0
2015-05-12,06:00:00,1.96809,1.96911,1.9674,1.96806,0,0
2015-05-12,07:00:00,1.96792,1.96792,1.96414,1.96514,0,0
2015-05-12,08:00:00,1.96511,1.96522,1.96233,1.96437,0,0
2015-05-12,09:00:00,1.96435,1.96589,1.96161,1.96296,0,0
2015-05-12,10:00:00,1.96283,1.96382,1.95959,1.96064,0,0
2015-05-12,11:00:00,1.96058,1.96882,1.95995,1.96503,0,0
2015-05-12,12:00:00,1.96479,1.97095,1.96407,1.96763,0,0
2015-05-12,13:00:00,1.96767,1.96767,1.96363,1.96502,0,0
2015-05-12,14:00:00,1.96493,1.96653,1.96317,1.96482,0,0
2015-05-12,15:00:00,1.96454,1.9654,1.96186,1.9645,0,0
2015-05-12,16:00:00,1.96452,1.96963,1.96351,1.96577,0,0
2015-05-12,17:00:00,1.96524,1.96744,1.96193,1.96303,0,0
2015-05-12,18:00:00,1.96311,1.96482,1.96097,1.96328,0,0
2015-05-12,19:00:00,1.96313,1.9675,1.96302,1.96705,0,0
2015-05-12,20:00:00,1.96698,1.96715,1.96335,1.96343,0,0
2015-05-12,21:00:00,1.9635,1.96395,1.96023,1.96171,0,0
2015-05-12,22:00:00,1.96171,1.96269,1.96133,1.9619,0,0
2015-05-12,23:00:00,1.96365,1.96657,1.9619,1.96471,0,0
2015-05-12,23:59:00,1.96463,1.97013,1.96005,1.96186,0,0
2015-05-13,01:00:00,1.96231,1.96477,1.96165,1.96302,0,0
2015-05-13,02:00:00,1.96299,1.96407,1.96051,1.96131,0,0
2015-05-13,03:00:00,1.96119,1.96238,1.95751,1.96107,0,0
2015-05-13,04:00:00,1.96118,1.96277,1.95949,1.9614,0,0
2015-05-13,05:00:00,1.9616,1.96648,1.96022,1.9641,0,0
2015-05-13,06:00:00,1.9641,1.96575,1.9623,1.96504,0,0
2015-05-13,07:00:00,1.96504,1.96755,1.96385,1.96657,0,0
2015-05-13,08:00:00,1.96657,1.96839,1.96449,1.96769,0,0
2015-05-13,09:00:00,1.96775,1.96844,1.96352,1.96372,0,0
2015-05-13,10:00:00,1.96358,1.96594,1.9626,1.96453,0,0
2015-05-13,11:00:00,1.96441,1.96862,1.96128,1.96509,0,0
2015-05-13,12:00:00,1.96522,1.96613,1.95036,1.95216,0,0
2015-05-13,13:00:00,1.95201,1.95368,1.94886,1.95087,0,0
2015-05-13,14:00:00,1.9508,1.95085,1.94352,1.94523,0,0
2015-05-13,15:00:00,1.94528,1.94664,1.93933,1.94128,0,0
2015-05-13,16:00:00,1.94113,1.94182,1.93656,1.93782,0,0
2015-05-13,17:00:00,1.93757,1.94256,1.93603,1.94244,0,0
2015-05-13,18:00:00,1.94238,1.94269,1.93873,1.94007,0,0
2015-05-13,19:00:00,1.94007,1.94217,1.93866,1.94058,0,0
2015-05-13,20:00:00,1.94066,1.94214,1.94041,1.94176,0,0
2015-05-13,21:00:00,1.94182,1.94408,1.94123,1.94375,0,0
2015-05-13,22:00:00,1.94362,1.94415,1.94145,1.94235,0,0
2015-05-13,23:00:00,1.94231,1.94263,1.93937,1.94068,0,0
2015-05-13,23:59:00,1.94083,1.94287,1.94075,1.94202,0,0
2015-05-14,01:00:00,1.94219,1.94223,1.93734,1.93832,0,0
2015-05-14,02:00:00,1.93851,1.94023,1.93703,1.94011,0,0
2015-05-14,03:00:00,1.9402,1.94039,1.93622,1.93733,0,0
2015-05-14,04:00:00,1.93724,1.93724,1.92977,1.93168,0,0
2015-05-14,05:00:00,1.93153,1.93833,1.93147,1.9379,0,0
2015-05-14,06:00:00,1.93784,1.93949,1.93769,1.9391,0,0
2015-05-14,07:00:00,1.939,1.93996,1.93608,1.93901,0,0
2015-05-14,08:00:00,1.93899,1.94015,1.93712,1.93947,0,0
2015-05-14,09:00:00,1.93951,1.94308,1.93727,1.93924,0,0
2015-05-14,10:00:00,1.93932,1.95279,1.93928,1.95077,0,0
2015-05-14,11:00:00,1.95085,1.95436,1.94908,1.95217,0,0
2015-05-14,12:00:00,1.95205,1.95404,1.94964,1.95008,0,0
2015-05-14,13:00:00,1.9498,1.95318,1.94853,1.95109,0,0
2015-05-14,14:00:00,1.95101,1.95382,1.95011,1.95119,0,0
2015-05-14,15:00:00,1.95102,1.95103,1.94537,1.946,0,0
2015-05-14,16:00:00,1.94584,1.94588,1.94154,1.94187,0,0
2015-05-14,17:00:00,1.9419,1.95181,1.94032,1.94945,0,0
2015-05-14,18:00:00,1.94959,1.95347,1.94831,1.95101,0,0
2015-05-14,19:00:00,1.95093,1.95125,1.94733,1.94749,0,0
2015-05-14,20:00:00,1.94756,1.95089,1.94756,1.95006,0,0
2015-05-14,21:00:00,1.94991,1.95462,1.94942,1.95368,0,0
2015-05-14,22:00:00,1.95382,1.95457,1.95176,1.9519,0,0
2015-05-14,23:00:00,1.95197,1.95304,1.95172,1.95236,0,0
2015-05-14,23:59:00,1.95228,1.95297,1.95125,1.95263,0,0
2015-05-15,01:00:00,1.95266,1.95327,1.95139,1.95231,0,0
2015-05-15,02:00:00,1.95231,1.95266,1.95018,1.95101,0,0
2015-05-15,03:00:00,1.95109,1.9592,1.95009,1.95781,0,0
2015-05-15,04:00:00,1.95778,1.95888,1.95519,1.95577,0,0
2015-05-15,05:00:00,1.95576,1.95796,1.95539,1.95772,0,0
2015-05-15,06:00:00,1.95795,1.95795,1.95507,1.95513,0,0
2015-05-15,07:00:00,1.95516,1.95825,1.95513,1.9577,0,0
2015-05-15,08:00:00,1.95773,1.96136,1.95751,1.9612,0,0
2015-05-15,09:00:00,1.96106,1.96138,1.95636,1.95879,0,0
2015-05-15,10:00:00,1.95874,1.96255,1.95874,1.96007,0,0
2015-05-15,11:00:00,1.96007,1.96418,1.95923,1.96392,0,0
2015-05-15,12:00:00,1.96403,1.96423,1.96162,1.96264,0,0
2015-05-15,13:00:00,1.96274,1.96426,1.96123,1.96318,0,0
2015-05-15,14:00:00,1.96318,1.96352,1.9603,1.96204,0,0
2015-05-15,15:00:00,1.96216,1.96537,1.96149,1.96505,0,0
2015-05-15,16:00:00,1.965,1.96676,1.9621,1.96561,0,0
2015-05-15,17:00:00,1.96608,1.96638,1.96036,1.96039,0,0
2015-05-15,18:00:00,1.96041,1.96175,1.9583,1.95857,0,0
2015-05-15,19:00:00,1.95857,1.96041,1.95771,1.96039,0,0
2015-05-15,20:00:00,1.96047,1.96047,1.95787,1.95896,0,0
2015-05-15,21:00:00,1.95888,1.95929,1.95639,1.95752,0,0
2015-05-15,22:00:00,1.95756,1.95838,1.9567,1.95712,0,0
2015-05-15,23:00:00,1.9571,1.9571,1.95687,1.9569,0,0
2015-05-18,01:00:00,1.95633,1.95941,1.9561,1.95797,0,0
2015-05-18,02:00:00,1.95791,1.96019,1.95495,1.95666,0,0
2015-05-18,03:00:00,1.95666,1.96352,1.95633,1.96286,0,0
2015-05-18,04:00:00,1.96286,1.9636,1.96071,1.96178,0,0
2015-05-18,05:00:00,1.96147,1.9625,1.95911,1.96025,0,0
2015-05-18,06:00:00,1.96021,1.96084,1.959,1.96031,0,0
2015-05-18,07:00:00,1.96031,1.96155,1.95973,1.96057,0,0
2015-05-18,08:00:00,1.96057,1.96295,1.96057,1.96157,0,0
2015-05-18,09:00:00,1.96177,1.96192,1.95782,1.96023,0,0
2015-05-18,10:00:00,1.96004,1.96178,1.95762,1.96147,0,0
2015-05-18,11:00:00,1.96148,1.96174,1.95529,1.95532,0,0
2015-05-18,12:00:00,1.95532,1.95962,1.95356,1.95948,0,0
2015-05-18,13:00:00,1.95948,1.9618,1.95798,1.95972,0,0
2015-05-18,14:00:00,1.95963,1.96011,1.95797,1.95815,0,0
2015-05-18,15:00:00,1.95815,1.96048,1.95617,1.96033,0,0
2015-05-18,16:00:00,1.96033,1.96529,1.96003,1.96104,0,0
2015-05-18,17:00:00,1.96118,1.96145,1.95758,1.9583,0,0
2015-05-18,18:00:00,1.95804,1.9599,1.95718,1.95963,0,0
2015-05-18,19:00:00,1.95963,1.96047,1.95884,1.95975,0,0
2015-05-18,20:00:00,1.95972,1.96059,1.95734,1.96006,0,0
2015-05-18,21:00:00,1.96005,1.96242,1.95921,1.96195,0,0
2015-05-18,22:00:00,1.96204,1.96205,1.95905,1.96015,0,0
2015-05-18,23:00:00,1.96032,1.96072,1.95888,1.95888,0,0
2015-05-18,23:59:00,1.95874,1.95998,1.95819,1.95852,0,0
2015-05-19,01:00:00,1.95853,1.9602,1.95829,1.95904,0,0
2015-05-19,02:00:00,1.95904,1.95945,1.95741,1.95936,0,0
2015-05-19,03:00:00,1.95932,1.96106,1.95864,1.95975,0,0
2015-05-19,04:00:00,1.95961,1.96594,1.95772,1.96259,0,0
2015-05-19,05:00:00,1.96265,1.96312,1.95885,1.96013,0,0
2015-05-19,06:00:00,1.96013,1.9602,1.95583,1.95785,0,0
2015-05-19,07:00:00,1.95795,1.95928,1.95734,1.95888,0,0
2015-05-19,08:00:00,1.95892,1.95931,1.9556,1.95786,0,0
2015-05-19,09:00:00,1.95766,1.96027,1.9571,1.95932,0,0
2015-05-19,10:00:00,1.95902,1.96067,1.95492,1.95532,0,0
2015-05-19,11:00:00,1.9554,1.95552,1.94545,1.95061,0,0
2015-05-19,12:00:00,1.95028,1.95069,1.94721,1.9494,0,0
2015-05-19,13:00:00,1.94923,1.94961,1.94551,1.94672,0,0
2015-05-19,14:00:00,1.94664,1.94682,1.94224,1.94295,0,0
2015-05-19,15:00:00,1.9428,1.95065,1.94222,1.95003,0,0
2015-05-19,16:00:00,1.95002,1.95566,1.94961,1.95416,0,0
2015-05-19,17:00:00,1.9541,1.961,1.9541,1.96062,0,0
2015-05-19,18:00:00,1.9605,1.96144,1.95815,1.96065,0,0
2015-05-19,19:00:00,1.96042,1.96114,1.95811,1.95944,0,0
2015-05-19,20:00:00,1.95943,1.95959,1.95766,1.95876,0,0
2015-05-19,21:00:00,1.95896,1.95915,1.957,1.95757,0,0
2015-05-19,22:00:00,1.95763,1.9602,1.95739,1.95888,0,0
2015-05-19,23:00:00,1.95898,1.96009,1.9585,1.95998,0,0
2015-05-19,23:59:00,1.96016,1.96045,1.95775,1.95869,0,0
2015-05-20,01:00:00,1.95868,1.95998,1.95868,1.95885,0,0
2015-05-20,02:00:00,1.95886,1.96006,1.95795,1.95795,0,0
2015-05-20,03:00:00,1.95798,1.96214,1.95798,1.95992,0,0
2015-05-20,04:00:00,1.95989,1.96161,1.95697,1.95767,0,0
2015-05-20,05:00:00,1.9577,1.95884,1.95639,1.95793,0,0
2015-05-20,06:00:00,1.95796,1.95875,1.95642,1.95783,0,0
2015-05-20,07:00:00,1.9578,1.959,1.957,1.95786,0,0
2015-05-20,08:00:00,1.95781,1.95897,1.95642,1.95869,0,0
2015-05-20,09:00:00,1.95849,1.96343,1.95568,1.96204,0,0
2015-05-20,10:00:00,1.96219,1.96338,1.9609,1.96331,0,0
2015-05-20,11:00:00,1.96321,1.96867,1.9607,1.96398,0,0
2015-05-20,12:00:00,1.96398,1.96719,1.9631,1.96584,0,0
2015-05-20,13:00:00,1.96581,1.96881,1.9652,1.96659,0,0
2015-05-20,14:00:00,1.96696,1.96752,1.96524,1.96538,0,0
2015-05-20,15:00:00,1.96533,1.96966,1.96453,1.96891,0,0
2015-05-20,16:00:00,1.9687,1.97489,1.96815,1.97416,0,0
2015-05-20,17:00:00,1.97418,1.97627,1.97232,1.97461,0,0
2015-05-20,18:00:00,1.97443,1.97482,1.97209,1.97306,0,0
2015-05-20,19:00:00,1.97328,1.97411,1.97123,1.97204,0,0
2015-05-20,20:00:00,1.97232,1.97265,1.96976,1.97155,0,0
2015-05-20,21:00:00,1.97155,1.97223,1.96597,1.96774,0,0
2015-05-20,22:00:00,1.96782,1.97134,1.96629,1.97065,0,0
2015-05-20,23:00:00,1.97055,1.97301,1.9704,1.97301,0,0
2015-05-20,23:59:00,1.97306,1.97449,1.97199,1.97237,0,0
2015-05-21,01:00:00,1.9724,1.97511,1.9724,1.97327,0,0
2015-05-21,02:00:00,1.97335,1.97405,1.97165,1.97285,0,0
2015-05-21,03:00:00,1.97285,1.97361,1.97072,1.97137,0,0
2015-05-21,04:00:00,1.97132,1.97337,1.97008,1.97298,0,0
2015-05-21,05:00:00,1.97294,1.97294,1.9674,1.96957,0,0
2015-05-21,06:00:00,1.96957,1.97093,1.96896,1.97081,0,0
2015-05-21,07:00:00,1.97081,1.97081,1.96677,1.96692,0,0
2015-05-21,08:00:00,1.96685,1.96782,1.96592,1.96607,0,0
2015-05-21,09:00:00,1.96611,1.96987,1.96496,1.96531,0,0
2015-05-21,10:00:00,1.96536,1.97313,1.96536,1.97171,0,0
2015-05-21,11:00:00,1.9716,1.98135,1.97128,1.98019,0,0
2015-05-21,12:00:00,1.97997,1.98545,1.97991,1.98535,0,0
2015-05-21,13:00:00,1.98525,1.98877,1.98519,1.98701,0,0
2015-05-21,14:00:00,1.98717,1.98954,1.98707,1.98891,0,0
2015-05-21,15:00:00,1.98885,1.99121,1.98759,1.9899,0,0
2015-05-21,16:00:00,1.98993,1.99083,1.98711,1.98936,0,0
2015-05-21,17:00:00,1.98885,1.99027,1.98601,1.98921,0,0
2015-05-21,18:00:00,1.98927,1.99094,1.98693,1.98704,0,0
2015-05-21,19:00:00,1.98688,1.98761,1.98571,1.9873,0,0
2015-05-21,20:00:00,1.98727,1.98793,1.98633,1.98763,0,0
2015-05-21,21:00:00,1.98766,1.98766,1.98519,1.98519,0,0
2015-05-21,22:00:00,1.98525,1.98615,1.98496,1.98504,0,0
2015-05-21,23:00:00,1.9851,1.98571,1.98332,1.98379,0,0
2015-05-21,23:59:00,1.98391,1.98517,1.98302,1.98392,0,0
2015-05-22,01:00:00,1.98392,1.98465,1.98324,1.98328,0,0
2015-05-22,02:00:00,1.98326,1.98379,1.982,1.98262,0,0
2015-05-22,03:00:00,1.98253,1.98346,1.98053,1.9809,0,0
2015-05-22,04:00:00,1.98088,1.98189,1.97955,1.98136,0,0
2015-05-22,05:00:00,1.98133,1.98175,1.97866,1.97886,0,0
2015-05-22,06:00:00,1.97904,1.98023,1.97762,1.97849,0,0
2015-05-22,07:00:00,1.97849,1.9796,1.9777,1.97902,0,0
2015-05-22,08:00:00,1.97899,1.97976,1.97763,1.97931,0,0
2015-05-22,09:00:00,1.97915,1.98,1.97764,1.97808,0,0
2015-05-22,10:00:00,1.97789,1.98389,1.97734,1.98228,0,0
2015-05-22,11:00:00,1.98212,1.98362,1.97881,1.98219,0,0
2015-05-22,12:00:00,1.98218,1.98563,1.981,1.98252,0,0
2015-05-22,13:00:00,1.98265,1.98479,1.98,1.98346,0,0
2015-05-22,14:00:00,1.98343,1.9838,1.98116,1.98218,0,0
2015-05-22,15:00:00,1.98221,1.98899,1.98094,1.98204,0,0
2015-05-22,16:00:00,1.98213,1.98393,1.98039,1.98159,0,0
2015-05-22,17:00:00,1.98159,1.98301,1.97971,1.98073,0,0
2015-05-22,18:00:00,1.98062,1.98171,1.97777,1.97815,0,0
2015-05-22,19:00:00,1.97812,1.97908,1.97579,1.97784,0,0
2015-05-22,20:00:00,1.97908,1.98021,1.97668,1.97987,0,0
2015-05-22,21:00:00,1.9797,1.98079,1.97908,1.98004,0,0
2015-05-22,22:00:00,1.98,1.98059,1.97933,1.97966,0,0
2015-05-22,23:00:00,1.97987,1.98003,1.97948,1.97948,0,0
2015-05-25,01:00:00,1.97984,1.98051,1.97731,1.97907,0,0
2015-05-25,02:00:00,1.97903,1.98132,1.97883,1.98074,0,0
2015-05-25,03:00:00,1.98074,1.9822,1.98067,1.98134,0,0
2015-05-25,04:00:00,1.98113,1.98172,1.97939,1.98067,0,0
2015-05-25,05:00:00,1.98075,1.98084,1.97734,1.97816,0,0
2015-05-25,06:00:00,1.97822,1.97852,1.97662,1.97769,0,0
2015-05-25,07:00:00,1.97769,1.97838,1.9764,1.97679,0,0
2015-05-25,08:00:00,1.9766,1.98006,1.97645,1.97872,0,0
2015-05-25,09:00:00,1.97869,1.9806,1.97767,1.97877,0,0
2015-05-25,10:00:00,1.97892,1.98054,1.97751,1.98043,0,0
2015-05-25,11:00:00,1.98043,1.98075,1.97745,1.97784,0,0
2015-05-25,12:00:00,1.97778,1.9791,1.97665,1.97761,0,0
2015-05-25,13:00:00,1.97765,1.9784,1.97618,1.97648,0,0
2015-05-25,14:00:00,1.97656,1.97687,1.9749,1.97662,0,0
2015-05-25,15:00:00,1.97665,1.97688,1.97409,1.97536,0,0
2015-05-25,16:00:00,1.97536,1.97613,1.97423,1.97594,0,0
2015-05-25,17:00:00,1.97594,1.97674,1.9749,1.97524,0,0
2015-05-25,18:00:00,1.97524,1.97536,1.97437,1.97521,0,0
2015-05-25,19:00:00,1.97527,1.97672,1.97524,1.97579,0,0
2015-05-25,20:00:00,1.97601,1.97704,1.9757,1.97689,0,0
2015-05-25,21:00:00,1.97706,1.97752,1.97602,1.97704,0,0
2015-05-25,22:00:00,1.97707,1.9774,1.97664,1.97692,0,0
2015-05-25,23:00:00,1.97696,1.97768,1.97678,1.97717,0,0
2015-05-25,23:59:00,1.97717,1.97795,1.97635,1.97743,0,0
2015-05-26,01:00:00,1.97735,1.97761,1.976,1.97674,0,0
2015-05-26,02:00:00,1.97677,1.97767,1.97589,1.97761,0,0
2015-05-26,03:00:00,1.97769,1.9789,1.9765,1.97682,0,0
2015-05-26,04:00:00,1.97662,1.97694,1.97351,1.97354,0,0
2015-05-26,05:00:00,1.97359,1.97397,1.97244,1.97295,0,0
2015-05-26,06:00:00,1.97298,1.97352,1.97196,1.97231,0,0
2015-05-26,07:00:00,1.97231,1.97333,1.97122,1.97299,0,0
2015-05-26,08:00:00,1.97299,1.97471,1.97265,1.9735,0,0
2015-05-26,09:00:00,1.97352,1.97753,1.9717,1.97665,0,0
2015-05-26,10:00:00,1.97644,1.9815,1.97496,1.97928,0,0
2015-05-26,11:00:00,1.97913,1.98089,1.97772,1.97908,0,0
2015-05-26,12:00:00,1.97933,1.97973,1.97263,1.97338,0,0
2015-05-26,13:00:00,1.97375,1.97668,1.9736,1.97542,0,0
2015-05-26,14:00:00,1.97556,1.97594,1.97381,1.97537,0,0
2015-05-26,15:00:00,1.97535,1.98302,1.9746,1.98302,0,0
2015-05-26,16:00:00,1.9831,1.98479,1.9814,1.98362,0,0
2015-05-26,17:00:00,1.98315,1.98702,1.98259,1.98695,0,0
2015-05-26,18:00:00,1.98668,1.99012,1.98666,1.98995,0,0
2015-05-26,19:00:00,1.98999,1.99054,1.98795,1.98824,0,0
2015-05-26,20:00:00,1.9881,1.98917,1.98715,1.98862,0,0
2015-05-26,21:00:00,1.98878,1.99012,1.98835,1.99012,0,0
2015-05-26,22:00:00,1.99034,1.99098,1.98838,1.98899,0,0
2015-05-26,23:00:00,1.98911,1.98979,1.9882,1.98895,0,0
2015-05-26,23:59:00,1.98875,1.99089,1.98796,1.98828,0,0
2015-05-27,01:00:00,1.98868,1.98921,1.98762,1.98813,0,0
2015-05-27,02:00:00,1.98816,1.98922,1.98722,1.98772,0,0
2015-05-27,03:00:00,1.98767,1.98864,1.98604,1.9868,0,0
2015-05-27,04:00:00,1.987,1.99047,1.98687,1.9878,0,0
2015-05-27,05:00:00,1.98819,1.98819,1.98469,1.98664,0,0
2015-05-27,06:00:00,1.98663,1.98701,1.98582,1.98607,0,0
2015-05-27,07:00:00,1.98607,1.98795,1.9851,1.98788,0,0
2015-05-27,08:00:00,1.98786,1.98894,1.98681,1.98894,0,0
2015-05-27,09:00:00,1.98908,1.98967,1.98487,1.98497,0,0
2015-05-27,10:00:00,1.98497,1.99153,1.98457,1.99141,0,0
2015-05-27,11:00:00,1.99147,1.99346,1.98836,1.98903,0,0
2015-05-27,12:00:00,1.989,1.99166,1.98786,1.98997,0,0
2015-05-27,13:00:00,1.98994,1.99492,1.9896,1.99354,0,0
2015-05-27,14:00:00,1.9936,1.99605,1.99236,1.99378,0,0
2015-05-27,15:00:00,1.99374,1.99435,1.99124,1.99328,0,0
2015-05-27,16:00:00,1.99313,1.99417,1.98595,1.98669,0,0
2015-05-27,17:00:00,1.98675,1.98854,1.98601,1.98685,0,0
2015-05-27,18:00:00,1.98709,1.98828,1.98535,1.98716,0,0
2015-05-27,19:00:00,1.98701,1.98976,1.98701,1.98754,0,0
2015-05-27,20:00:00,1.98766,1.98852,1.98592,1.98658,0,0
2015-05-27,21:00:00,1.98662,1.98742,1.98578,1.98692,0,0
2015-05-27,22:00:00,1.98684,1.98728,1.98534,1.98534,0,0
2015-05-27,23:00:00,1.98505,1.98853,1.98505,1.98637,0,0
2015-05-27,23:59:00,1.98632,1.98807,1.985,1.98531,0,0
2015-05-28,01:00:00,1.98549,1.98674,1.98472,1.98542,0,0
2015-05-28,02:00:00,1.98546,1.98616,1.98416,1.98419,0,0
2015-05-28,03:00:00,1.98419,1.98498,1.98184,1.98215,0,0
2015-05-28,04:00:00,1.9819,1.99779,1.97879,1.9965,0,0
2015-05-28,05:00:00,1.99653,2.00058,1.99542,1.99758,0,0
2015-05-28,06:00:00,1.99739,1.99971,1.99645,1.99788,0,0
2015-05-28,07:00:00,1.99779,1.99985,1.99765,1.99767,0,0
2015-05-28,08:00:00,1.99767,1.999,1.99259,1.99436,0,0
2015-05-28,09:00:00,1.99441,1.9976,1.99382,1.9971,0,0
2015-05-28,10:00:00,1.99722,2.00247,1.99667,1.99954,0,0
2015-05-28,11:00:00,1.99932,2.00484,1.99643,1.99756,0,0
2015-05-28,12:00:00,1.99768,2,1.99697,1.99893,0,0
2015-05-28,13:00:00,1.99878,2.00092,1.99592,1.99801,0,0
2015-05-28,14:00:00,1.99804,2.00098,1.99571,1.9989,0,0
2015-05-28,15:00:00,1.9987,2.00366,1.998,2.00105,0,0
2015-05-28,16:00:00,2.00116,2.00518,1.99976,2.004,0,0
2015-05-28,17:00:00,2.00411,2.00461,2.0002,2.00162,0,0
2015-05-28,18:00:00,2.00165,2.00569,2.00087,2.00372,0,0
2015-05-28,19:00:00,2.00359,2.0057,2.00138,2.00178,0,0
2015-05-28,20:00:00,2.00181,2.00334,2.00031,2.00149,0,0
2015-05-28,21:00:00,2.00136,2.00225,2.00011,2.00187,0,0
2015-05-28,22:00:00,2.00198,2.00213,2.00078,2.00153,0,0
2015-05-28,23:00:00,2.00139,2.00242,2.0009,2.0019,0,0
2015-05-28,23:59:00,2.00236,2.00501,2.00051,2.00181,0,0
2015-05-29,01:00:00,2.00172,2.00253,1.99933,2.00074,0,0
2015-05-29,02:00:00,2.00074,2.00267,2.00055,2.00098,0,0
2015-05-29,03:00:00,2.00098,2.00245,1.99953,2.00187,0,0
2015-05-29,04:00:00,2.00132,2.00328,1.99953,2.00041,0,0
2015-05-29,05:00:00,2.00057,2.00169,1.99865,2.00118,0,0
2015-05-29,06:00:00,2.00112,2.00296,2.00037,2.00117,0,0
2015-05-29,07:00:00,2.00103,2.0015,1.99908,1.99998,0,0
2015-05-29,08:00:00,1.99992,2.00196,1.99991,2.00175,0,0
2015-05-29,09:00:00,2.00167,2.00199,1.99792,1.99838,0,0
2015-05-29,10:00:00,1.99852,1.99966,1.99706,1.99896,0,0
2015-05-29,11:00:00,1.99911,2.0017,1.99655,1.99662,0,0
2015-05-29,12:00:00,1.99682,1.99982,1.99522,1.9963,0,0
2015-05-29,13:00:00,1.99635,1.99746,1.99351,1.99416,0,0
2015-05-29,14:00:00,1.99398,1.99425,1.99111,1.99365,0,0
2015-05-29,15:00:00,1.99359,1.99982,1.99192,1.99921,0,0
2015-05-29,16:00:00,1.99873,2.00131,1.99755,1.99812,0,0
2015-05-29,17:00:00,1.99858,1.99924,1.99287,1.99287,0,0
2015-05-29,18:00:00,1.99295,1.99831,1.99243,1.99528,0,0
2015-05-29,19:00:00,1.99549,1.99606,1.9937,1.99517,0,0
2015-05-29,20:00:00,1.99519,1.99734,1.9945,1.99673,0,0
2015-05-29,21:00:00,1.99673,1.99867,1.99633,1.99737,0,0
2015-05-29,22:00:00,1.99758,2.00003,1.99699,1.9993,0,0
2015-05-29,23:00:00,1.9993,1.99956,1.99924,1.99942,0,0
2015-06-01,01:00:00,1.99948,2.00154,1.99927,2.00125,0,0
2015-06-01,02:00:00,2.00122,2.00167,1.9991,2.00026,0,0
2015-06-01,03:00:00,2.00043,2.00096,1.99666,1.99768,0,0
2015-06-01,04:00:00,1.99753,2.00089,1.9956,1.99743,0,0
2015-06-01,05:00:00,1.99754,1.99979,1.99493,1.99887,0,0
2015-06-01,06:00:00,1.99905,1.99994,1.99677,1.99913,0,0
2015-06-01,07:00:00,1.99913,1.99934,1.99644,1.99677,0,0
2015-06-01,08:00:00,1.99671,2.00047,1.99671,1.99936,0,0
2015-06-01,09:00:00,1.9995,2.00038,1.99136,1.99265,0,0
2015-06-01,10:00:00,1.99291,1.99638,1.99222,1.99396,0,0
2015-06-01,11:00:00,1.99399,1.99572,1.99042,1.99182,0,0
2015-06-01,12:00:00,1.99173,1.99403,1.9907,1.9933,0,0
2015-06-01,13:00:00,1.99345,1.99522,1.99216,1.9925,0,0
2015-06-01,14:00:00,1.99267,1.99405,1.98998,1.99277,0,0
2015-06-01,15:00:00,1.99294,1.99562,1.99102,1.99366,0,0
2015-06-01,16:00:00,1.99328,1.99699,1.99302,1.99527,0,0
2015-06-01,17:00:00,1.99533,1.99919,1.99525,1.99749,0,0
2015-06-01,18:00:00,1.99737,1.99812,1.99396,1.99538,0,0
2015-06-01,19:00:00,1.99535,1.99848,1.99516,1.99748,0,0
2015-06-01,20:00:00,1.99739,1.99992,1.99731,1.99938,0,0
2015-06-01,21:00:00,1.99935,1.99954,1.99796,1.99901,0,0
2015-06-01,22:00:00,1.99916,1.99929,1.99742,1.99847,0,0
2015-06-01,23:00:00,1.9984,1.99871,1.99731,1.9986,0,0
2015-06-01,23:59:00,1.99848,1.99907,1.99682,1.99693,0,0
2015-06-02,01:00:00,1.99757,1.99778,1.99682,1.9969,0,0
2015-06-02,02:00:00,1.9969,1.99792,1.99535,1.99591,0,0
2015-06-02,03:00:00,1.99574,1.99628,1.99284,1.99418,0,0
2015-06-02,04:00:00,1.99415,1.99465,1.9908,1.99255,0,0
2015-06-02,05:00:00,1.99255,1.99348,1.99185,1.99322,0,0
2015-06-02,06:00:00,1.99322,1.99322,1.99115,1.99177,0,0
2015-06-02,07:00:00,1.99177,1.99358,1.97894,1.98142,0,0
2015-06-02,08:00:00,1.98142,1.98198,1.97785,1.97898,0,0
2015-06-02,09:00:00,1.97901,1.98091,1.9749,1.97642,0,0
2015-06-02,10:00:00,1.97617,1.97785,1.97291,1.97517,0,0
2015-06-02,11:00:00,1.97527,1.98414,1.97498,1.98294,0,0
2015-06-02,12:00:00,1.98304,1.98789,1.98186,1.98762,0,0
2015-06-02,13:00:00,1.98799,1.98982,1.98327,1.98347,0,0
2015-06-02,14:00:00,1.98345,1.98382,1.97811,1.97883,0,0
2015-06-02,15:00:00,1.97894,1.9832,1.97814,1.98225,0,0
2015-06-02,16:00:00,1.98254,1.98336,1.9757,1.97765,0,0
2015-06-02,17:00:00,1.97776,1.97871,1.97437,1.9786,0,0
2015-06-02,18:00:00,1.97876,1.98062,1.97831,1.97861,0,0
2015-06-02,19:00:00,1.97861,1.97887,1.97337,1.97343,0,0
2015-06-02,20:00:00,1.9746,1.9747,1.97216,1.97328,0,0
2015-06-02,21:00:00,1.97324,1.97504,1.9724,1.9724,0,0
2015-06-02,22:00:00,1.97215,1.97476,1.97215,1.97374,0,0
2015-06-02,23:00:00,1.97386,1.97458,1.97298,1.97416,0,0
2015-06-02,23:59:00,1.97412,1.97444,1.97271,1.97396,0,0
2015-06-03,01:00:00,1.97415,1.97555,1.97294,1.97507,0,0
2015-06-03,02:00:00,1.97507,1.9765,1.97442,1.97624,0,0
2015-06-03,03:00:00,1.97624,1.97655,1.97487,1.97574,0,0
2015-06-03,04:00:00,1.97568,1.9759,1.96379,1.96473,0,0
2015-06-03,05:00:00,1.96477,1.96982,1.96477,1.96923,0,0
2015-06-03,06:00:00,1.96945,1.97152,1.96859,1.96878,0,0
2015-06-03,07:00:00,1.9696,1.97075,1.96877,1.96993,0,0
2015-06-03,08:00:00,1.97004,1.97101,1.96888,1.97078,0,0
2015-06-03,09:00:00,1.97069,1.9709,1.96751,1.96771,0,0
2015-06-03,10:00:00,1.9677,1.97108,1.96662,1.97096,0,0
2015-06-03,11:00:00,1.9711,1.97176,1.96096,1.96452,0,0
2015-06-03,12:00:00,1.96426,1.96586,1.96141,1.96461,0,0
2015-06-03,13:00:00,1.96473,1.96824,1.96453,1.96812,0,0
2015-06-03,14:00:00,1.96821,1.96863,1.9663,1.96724,0,0
2015-06-03,15:00:00,1.96721,1.96996,1.96563,1.96761,0,0
2015-06-03,16:00:00,1.96763,1.96862,1.96363,1.96382,0,0
2015-06-03,17:00:00,1.9637,1.96521,1.9619,1.96443,0,0
2015-06-03,18:00:00,1.96452,1.96912,1.96361,1.96711,0,0
2015-06-03,19:00:00,1.96688,1.9706,1.96683,1.96945,0,0
2015-06-03,20:00:00,1.96916,1.97109,1.96892,1.96909,0,0
2015-06-03,21:00:00,1.96901,1.97132,1.96877,1.97086,0,0
2015-06-03,22:00:00,1.97063,1.97094,1.96865,1.96924,0,0
2015-06-03,23:00:00,1.96927,1.97068,1.96903,1.9701,0,0
2015-06-03,23:59:00,1.9703,1.97114,1.96854,1.97088,0,0
2015-06-04,01:00:00,1.97087,1.97287,1.9707,1.97193,0,0
2015-06-04,02:00:00,1.97187,1.97332,1.97131,1.97229,0,0
2015-06-04,03:00:00,1.97229,1.9734,1.97176,1.97218,0,0
2015-06-04,04:00:00,1.97218,1.98677,1.97025,1.98437,0,0
2015-06-04,05:00:00,1.98419,1.9859,1.98333,1.98394,0,0
2015-06-04,06:00:00,1.98381,1.98496,1.9822,1.98294,0,0
2015-06-04,07:00:00,1.98297,1.984,1.98154,1.98255,0,0
2015-06-04,08:00:00,1.98278,1.98737,1.98278,1.98609,0,0
2015-06-04,09:00:00,1.98586,1.98593,1.98046,1.98395,0,0
2015-06-04,10:00:00,1.98395,1.98841,1.98376,1.9879,0,0
2015-06-04,11:00:00,1.98793,1.98937,1.98462,1.98694,0,0
2015-06-04,12:00:00,1.98659,1.99321,1.98659,1.99219,0,0
2015-06-04,13:00:00,1.99234,1.99355,1.98873,1.99016,0,0
2015-06-04,14:00:00,1.99016,1.99122,1.98459,1.98555,0,0
2015-06-04,15:00:00,1.98552,1.99387,1.98552,1.99301,0,0
2015-06-04,16:00:00,1.99303,1.9982,1.99178,1.99714,0,0
2015-06-04,17:00:00,1.99739,2.00237,1.99714,2.0016,0,0
2015-06-04,18:00:00,2.00152,2.00404,2.00072,2.0025,0,0
2015-06-04,19:00:00,2.00257,2.00284,2.00026,2.00168,0,0
2015-06-04,20:00:00,2.00162,2.0039,2.00057,2.00057,0,0
2015-06-04,21:00:00,2.00048,2.00154,1.99902,2.00005,0,0
2015-06-04,22:00:00,2.00081,2.00081,1.99922,2.00009,0,0
2015-06-04,23:00:00,1.99968,2.00014,1.99848,1.99851,0,0
2015-06-04,23:59:00,1.99852,2.00091,1.99744,2.00063,0,0
2015-06-05,01:00:00,2.00052,2.00134,1.99911,1.99994,0,0
2015-06-05,02:00:00,1.99997,2.00049,1.99806,1.99811,0,0
2015-06-05,03:00:00,1.99811,2.00035,1.99719,1.9972,0,0
2015-06-05,04:00:00,1.99722,1.99765,1.99498,1.99533,0,0
2015-06-05,05:00:00,1.99541,1.99604,1.99469,1.99539,0,0
2015-06-05,06:00:00,1.99544,1.99674,1.99505,1.99508,0,0
2015-06-05,07:00:00,1.99508,1.99528,1.9939,1.99475,0,0
2015-06-05,08:00:00,1.99475,1.99507,1.99323,1.99473,0,0
2015-06-05,09:00:00,1.99475,1.9953,1.992,1.99241,0,0
2015-06-05,10:00:00,1.99239,1.99537,1.99145,1.99329,0,0
2015-06-05,11:00:00,1.99329,1.99439,1.98889,1.98926,0,0
2015-06-05,12:00:00,1.98883,1.99101,1.98847,1.99088,0,0
2015-06-05,13:00:00,1.9907,1.99139,1.98645,1.98693,0,0
2015-06-05,14:00:00,1.98696,1.98835,1.98261,1.98709,0,0
2015-06-05,15:00:00,1.98712,1.9996,1.98477,1.99951,0,0
2015-06-05,16:00:00,1.99968,2.00088,1.99539,1.99872,0,0
2015-06-05,17:00:00,1.99928,1.99936,1.99185,1.99845,0,0
2015-06-05,18:00:00,1.99848,2.00316,1.99748,2.0029,0,0
2015-06-05,19:00:00,2.00319,2.00487,2.00205,2.00328,0,0
2015-06-05,20:00:00,2.00318,2.00441,2.00212,2.00408,0,0
2015-06-05,21:00:00,2.00402,2.00681,2.00373,2.00529,0,0
2015-06-05,22:00:00,2.00541,2.00567,2.00214,2.00246,0,0
2015-06-05,23:00:00,2.00293,2.00368,2.00293,2.00368,0,0
2015-06-08,01:00:00,2.0025,2.00356,2.00179,2.0027,0,0
2015-06-08,02:00:00,2.00276,2.00394,2.00235,2.00394,0,0
2015-06-08,03:00:00,2.00392,2.00465,2.00189,2.00456,0,0
2015-06-08,04:00:00,2.00453,2.00453,2.0007,2.0007,0,0
2015-06-08,05:00:00,2.00096,2.0046,1.99808,2.00397,0,0
2015-06-08,06:00:00,2.00397,2.00569,2.00359,2.00441,0,0
2015-06-08,07:00:00,2.00435,2.00661,2.00409,2.00588,0,0
2015-06-08,08:00:00,2.00588,2.00623,2.00322,2.00345,0,0
2015-06-08,09:00:00,2.00341,2.00679,1.99841,2.00275,0,0
2015-06-08,10:00:00,2.00275,2.00275,1.99783,1.99882,0,0
2015-06-08,11:00:00,1.99905,2.0029,1.99446,1.99525,0,0
2015-06-08,12:00:00,1.99503,1.9966,1.99214,1.99223,0,0
2015-06-08,13:00:00,1.99208,1.99633,1.99186,1.99605,0,0
2015-06-08,14:00:00,1.99613,1.99767,1.99469,1.99701,0,0
2015-06-08,15:00:00,1.99698,2.00046,1.99522,1.99811,0,0
2015-06-08,16:00:00,1.99812,1.99934,1.99675,1.9993,0,0
2015-06-08,17:00:00,1.99917,2.00167,1.998,2.00167,0,0
2015-06-08,18:00:00,2.00156,2.00156,1.9956,1.9976,0,0
2015-06-08,19:00:00,1.99748,2.00115,1.99719,2.00066,0,0
2015-06-08,20:00:00,2.00109,2.00118,1.99379,1.99529,0,0
2015-06-08,21:00:00,1.99526,1.99649,1.99227,1.99232,0,0
2015-06-08,22:00:00,1.99233,1.9931,1.99055,1.99133,0,0
2015-06-08,23:00:00,1.99124,1.9937,1.99109,1.99288,0,0
2015-06-08,23:59:00,1.99263,1.99467,1.99248,1.99428,0,0
2015-06-09,01:00:00,1.99422,1.99649,1.99371,1.99639,0,0
2015-06-09,02:00:00,1.99661,1.99712,1.99442,1.9957,0,0
2015-06-09,03:00:00,1.99572,1.99698,1.99505,1.99509,0,0
2015-06-09,04:00:00,1.99525,1.99558,1.98953,1.99306,0,0
2015-06-09,05:00:00,1.9951,1.99576,1.99306,1.99346,0,0
2015-06-09,06:00:00,1.99343,1.99633,1.99287,1.99576,0,0
2015-06-09,07:00:00,1.99596,1.99745,1.99507,1.99584,0,0
2015-06-09,08:00:00,1.99583,1.99794,1.99516,1.99791,0,0
2015-06-09,09:00:00,1.99794,2.00164,1.99742,1.99948,0,0
2015-06-09,10:00:00,1.99963,2.00052,1.99594,1.99638,0,0
2015-06-09,11:00:00,1.99639,1.99885,1.99359,1.99359,0,0
2015-06-09,12:00:00,1.99396,1.9946,1.99077,1.99332,0,0
2015-06-09,13:00:00,1.99326,1.99326,1.98924,1.98924,0,0
2015-06-09,14:00:00,1.9893,1.98972,1.98536,1.98718,0,0
2015-06-09,15:00:00,1.98702,1.99143,1.98593,1.99104,0,0
2015-06-09,16:00:00,1.99121,1.99121,1.98712,1.99031,0,0
2015-06-09,17:00:00,1.99054,1.99598,1.98816,1.99562,0,0
2015-06-09,18:00:00,1.99568,2.00242,1.99464,2.00154,0,0
2015-06-09,19:00:00,2.00168,2.00435,2.00069,2.00315,0,0
2015-06-09,20:00:00,2.00315,2.0044,2.00227,2.00372,0,0
2015-06-09,21:00:00,2.00395,2.00452,2.00132,2.00132,0,0
2015-06-09,22:00:00,2.00138,2.00249,2.00075,2.00185,0,0
2015-06-09,23:00:00,2.00186,2.00202,1.9994,2.00048,0,0
2015-06-09,23:59:00,2.00049,2.00157,1.99935,2.0004,0,0
2015-06-10,01:00:00,2.0004,2.00094,1.99972,1.99994,0,0
2015-06-10,02:00:00,2.00005,2.00192,1.99975,2.00186,0,0
2015-06-10,03:00:00,2.00183,2.00483,1.99872,2.00311,0,0
2015-06-10,04:00:00,2.00311,2.00479,2.00226,2.00388,0,0
2015-06-10,05:00:00,2.00388,2.01232,2.002,2.01008,0,0
2015-06-10,06:00:00,2.01034,2.01288,2.00913,2.00913,0,0
2015-06-10,07:00:00,2.00904,2.01104,2.00052,2.00387,0,0
2015-06-10,08:00:00,2.00393,2.00464,1.99148,1.99526,0,0
2015-06-10,09:00:00,1.99568,1.99749,1.99274,1.99721,0,0
2015-06-10,10:00:00,1.99743,1.9975,1.98519,1.98719,0,0
2015-06-10,11:00:00,1.98721,1.99095,1.9856,1.98855,0,0
2015-06-10,12:00:00,1.98825,1.99324,1.98807,1.99323,0,0
2015-06-10,13:00:00,1.99326,1.99839,1.99138,1.99788,0,0
2015-06-10,14:00:00,1.99794,2.00031,1.99708,1.99929,0,0
2015-06-10,15:00:00,1.9994,2.00236,1.9994,2.00124,0,0
2015-06-10,16:00:00,2.00116,2.00254,1.99936,2.00062,0,0
2015-06-10,17:00:00,2.00082,2.00494,1.99913,2.00381,0,0
2015-06-10,18:00:00,2.00379,2.00476,2.00115,2.00433,0,0
2015-06-10,19:00:00,2.00415,2.00447,1.99833,1.9998,0,0
2015-06-10,20:00:00,1.99978,2.00157,1.99898,1.99933,0,0
2015-06-10,21:00:00,1.9993,2.00193,1.99791,2.00118,0,0
2015-06-10,22:00:00,2.00127,2.00264,2.00095,2.00224,0,0
2015-06-10,23:00:00,2.0019,2.00196,1.99984,2.00118,0,0
2015-06-10,23:59:00,2.00141,2.0157,1.99994,2.00354,0,0
2015-06-11,01:00:00,2.00406,2.00566,2.00299,2.00439,0,0
2015-06-11,02:00:00,2.00439,2.00569,2.00302,2.00569,0,0
2015-06-11,03:00:00,2.00584,2.00928,2.00584,2.00756,0,0
2015-06-11,04:00:00,2.00742,2.00786,1.98933,1.99532,0,0
2015-06-11,05:00:00,1.99552,1.99766,1.9942,1.99444,0,0
2015-06-11,06:00:00,1.99423,1.9973,1.99303,1.99538,0,0
2015-06-11,07:00:00,1.99527,1.9974,1.99377,1.99476,0,0
2015-06-11,08:00:00,1.99489,1.99752,1.99416,1.99642,0,0
2015-06-11,09:00:00,1.9963,1.99862,1.99195,1.9927,0,0
2015-06-11,10:00:00,1.99261,1.99555,1.99045,1.99513,0,0
2015-06-11,11:00:00,1.99501,1.99771,1.99419,1.99616,0,0
2015-06-11,12:00:00,1.99587,2.00206,1.99526,1.99941,0,0
2015-06-11,13:00:00,1.99949,2.00097,1.99882,2.0007,0,0
2015-06-11,14:00:00,2.00067,2.00207,1.99944,2.00131,0,0
2015-06-11,15:00:00,2.00119,2.00488,1.9995,2.00119,0,0
2015-06-11,16:00:00,2.00138,2.00547,2.00071,2.00464,0,0
2015-06-11,17:00:00,2.00471,2.00725,2.00335,2.00689,0,0
2015-06-11,18:00:00,2.00697,2.00886,2.0029,2.00556,0,0
2015-06-11,19:00:00,2.0055,2.00593,2.00393,2.0048,0,0
2015-06-11,20:00:00,2.00482,2.00591,2.00352,2.00442,0,0
2015-06-11,21:00:00,2.00456,2.00468,2.0011,2.00219,0,0
2015-06-11,22:00:00,2.00222,2.00228,1.9995,2.00012,0,0
2015-06-11,23:00:00,2.00023,2.00146,1.99894,2.00092,0,0
2015-06-11,23:59:00,2.00098,2.00195,1.99966,2.00025,0,0
2015-06-12,01:00:00,2.00042,2.00216,2.00042,2.00105,0,0
2015-06-12,02:00:00,2.00107,2.00304,2.00023,2.00304,0,0
2015-06-12,03:00:00,2.00275,2.00389,2.00163,2.00213,0,0
2015-06-12,04:00:00,2.00205,2.00431,2.00116,2.00303,0,0
2015-06-12,05:00:00,2.00307,2.0036,2.00188,2.00276,0,0
2015-06-12,06:00:00,2.00279,2.00354,2.00202,2.00321,0,0
2015-06-12,07:00:00,2.00318,2.00493,2.0025,2.00457,0,0
2015-06-12,08:00:00,2.00457,2.00687,2.00279,2.0044,0,0
2015-06-12,09:00:00,2.00408,2.00832,2.00391,2.00805,0,0
2015-06-12,10:00:00,2.00807,2.01114,2.00687,2.01026,0,0
2015-06-12,11:00:00,2.01051,2.01569,2.01029,2.0141,0,0
2015-06-12,12:00:00,2.01432,2.01642,2.00922,2.00923,0,0
2015-06-12,13:00:00,2.0092,2.01408,2.00869,2.01383,0,0
2015-06-12,14:00:00,2.0138,2.01417,2.00872,2.00887,0,0
2015-06-12,15:00:00,2.00901,2.01211,2.00847,2.01211,0,0
2015-06-12,16:00:00,2.01205,2.01419,2.00851,2.00919,0,0
2015-06-12,17:00:00,2.00955,2.0143,2.00862,2.01221,0,0
2015-06-12,18:00:00,2.0118,2.01407,2.01089,2.01362,0,0
2015-06-12,19:00:00,2.0135,2.01362,2.00786,2.00874,0,0
2015-06-12,20:00:00,2.00857,2.00991,2.00818,2.00977,0,0
2015-06-12,21:00:00,2.00985,2.01167,2.00907,2.01036,0,0
2015-06-12,22:00:00,2.01016,2.01281,2.01016,2.01207,0,0
2015-06-12,23:00:00,2.01212,2.01232,2.01208,2.01211,0,0
2015-06-15,01:00:00,2.00955,2.01359,2.0094,2.0132,0,0
2015-06-15,02:00:00,2.01332,2.01387,2.0119,2.01387,0,0
2015-06-15,03:00:00,2.0139,2.01696,2.01361,2.01544,0,0
2015-06-15,04:00:00,2.01571,2.01594,2.01263,2.01343,0,0
2015-06-15,05:00:00,2.01332,2.01416,2.01256,2.01355,0,0
2015-06-15,06:00:00,2.01378,2.01434,2.01301,2.01386,0,0
2015-06-15,07:00:00,2.01386,2.01497,2.01282,2.01493,0,0
2015-06-15,08:00:00,2.01492,2.01633,2.01337,2.0144,0,0
2015-06-15,09:00:00,2.01398,2.01469,2.00985,2.01121,0,0
2015-06-15,10:00:00,2.01148,2.01262,2.00963,2.01048,0,0
2015-06-15,11:00:00,2.01069,2.0128,2.01029,2.01149,0,0
2015-06-15,12:00:00,2.0118,2.0118,2.00671,2.00751,0,0
2015-06-15,13:00:00,2.00751,2.00898,2.00376,2.00445,0,0
2015-06-15,14:00:00,2.00454,2.00454,2.00181,2.00291,0,0
2015-06-15,15:00:00,2.00291,2.00291,1.99753,2.00008,0,0
2015-06-15,16:00:00,2.00008,2.00101,1.99752,1.99915,0,0
2015-06-15,17:00:00,1.99916,2.00155,1.99708,2.00103,0,0
2015-06-15,18:00:00,2.00115,2.00543,2.00113,2.00526,0,0
2015-06-15,19:00:00,2.00506,2.00688,2.0049,2.00549,0,0
2015-06-15,20:00:00,2.00545,2.00888,2.00542,2.00731,0,0
2015-06-15,21:00:00,2.00726,2.01018,2.00672,2.01005,0,0
2015-06-15,22:00:00,2.01014,2.01062,2.00922,2.00994,0,0
2015-06-15,23:00:00,2.00967,2.00981,2.0086,2.00908,0,0
2015-06-15,23:59:00,2.00905,2.01069,2.00864,2.00953,0,0
2015-06-16,01:00:00,2.00953,2.01086,2.00914,2.0093,0,0
2015-06-16,02:00:00,2.00928,2.01118,2.00928,2.01078,0,0
2015-06-16,03:00:00,2.01073,2.01179,2.00984,2.01098,0,0
2015-06-16,04:00:00,2.01121,2.01411,2.00541,2.00952,0,0
2015-06-16,05:00:00,2.00925,2.01242,2.00925,2.00991,0,0
2015-06-16,06:00:00,2.00988,2.01219,2.0096,2.01162,0,0
2015-06-16,07:00:00,2.01143,2.01197,2.00976,2.01185,0,0
2015-06-16,08:00:00,2.01183,2.0137,2.01151,2.01342,0,0
2015-06-16,09:00:00,2.01347,2.01642,2.01255,2.01642,0,0
2015-06-16,10:00:00,2.01644,2.01836,2.01394,2.01567,0,0
2015-06-16,11:00:00,2.01536,2.01977,2.0114,2.01182,0,0
2015-06-16,12:00:00,2.0118,2.01393,2.01059,2.01323,0,0
2015-06-16,13:00:00,2.01362,2.01542,2.01201,2.01413,0,0
2015-06-16,14:00:00,2.01409,2.01891,2.01409,2.01789,0,0
2015-06-16,15:00:00,2.01791,2.01931,2.01501,2.01507,0,0
2015-06-16,16:00:00,2.01493,2.01653,2.01301,2.01445,0,0
2015-06-16,17:00:00,2.01431,2.01555,2.01277,2.01555,0,0
2015-06-16,18:00:00,2.01541,2.01693,2.01361,2.01693,0,0
2015-06-16,19:00:00,2.0169,2.01828,2.01641,2.01782,0,0
2015-06-16,20:00:00,2.01779,2.02026,2.01762,2.02003,0,0
2015-06-16,21:00:00,2.01992,2.02132,2.01978,2.02088,0,0
2015-06-16,22:00:00,2.02089,2.02127,2.02008,2.02008,0,0
2015-06-16,23:00:00,2.01997,2.02073,2.01836,2.01884,0,0
2015-06-16,23:59:00,2.0187,2.0198,2.01721,2.01917,0,0
2015-06-17,01:00:00,2.01919,2.0195,2.01726,2.01829,0,0
2015-06-17,02:00:00,2.01834,2.01946,2.01787,2.01935,0,0
2015-06-17,03:00:00,2.01927,2.02084,2.01869,2.01871,0,0
2015-06-17,04:00:00,2.01875,2.02346,2.01833,2.02275,0,0
2015-06-17,05:00:00,2.02281,2.02492,2.02228,2.02453,0,0
2015-06-17,06:00:00,2.02453,2.02686,2.0236,2.02364,0,0
2015-06-17,07:00:00,2.02367,2.02612,2.02367,2.02535,0,0
2015-06-17,08:00:00,2.02535,2.02651,2.02459,2.02527,0,0
2015-06-17,09:00:00,2.02539,2.02804,2.02428,2.02754,0,0
2015-06-17,10:00:00,2.02752,2.03177,2.02573,2.0291,0,0
2015-06-17,11:00:00,2.02919,2.04811,2.02907,2.04652,0,0
2015-06-17,12:00:00,2.04662,2.04855,2.0452,2.04736,0,0
2015-06-17,13:00:00,2.04713,2.05218,2.04682,2.05161,0,0
2015-06-17,14:00:00,2.05126,2.05271,2.04671,2.04848,0,0
2015-06-17,15:00:00,2.04828,2.05027,2.04711,2.04871,0,0
2015-06-17,16:00:00,2.04871,2.04949,2.04385,2.0469,0,0
2015-06-17,17:00:00,2.04703,2.04989,2.04608,2.04941,0,0
2015-06-17,18:00:00,2.04928,2.04983,2.04693,2.0483,0,0
2015-06-17,19:00:00,2.04845,2.05151,2.04845,2.05041,0,0
2015-06-17,20:00:00,2.05055,2.05193,2.04856,2.05128,0,0
2015-06-17,21:00:00,2.05198,2.05229,2.04157,2.04242,0,0
2015-06-17,22:00:00,2.04245,2.04695,2.03931,2.0448,0,0
2015-06-17,23:00:00,2.0449,2.04543,2.04134,2.04299,0,0
2015-06-17,23:59:00,2.04349,2.04385,2.04127,2.04244,0,0
2015-06-18,01:00:00,2.04244,2.05003,2.04244,2.04621,0,0
2015-06-18,02:00:00,2.04627,2.05249,2.04524,2.05244,0,0
2015-06-18,03:00:00,2.05246,2.05481,2.04831,2.04868,0,0
2015-06-18,04:00:00,2.04872,2.05037,2.04684,2.04839,0,0
2015-06-18,05:00:00,2.04834,2.05117,2.04774,2.04808,0,0
2015-06-18,06:00:00,2.04819,2.05156,2.04798,2.05107,0,0
2015-06-18,07:00:00,2.05107,2.05293,2.04956,2.04956,0,0
2015-06-18,08:00:00,2.04965,2.05084,2.04533,2.04557,0,0
2015-06-18,09:00:00,2.04557,2.04607,2.04105,2.04415,0,0
2015-06-18,10:00:00,2.04421,2.04743,2.04299,2.04503,0,0
2015-06-18,11:00:00,2.04478,2.04521,2.0401,2.04036,0,0
2015-06-18,12:00:00,2.04046,2.0426,2.03268,2.03268,0,0
2015-06-18,13:00:00,2.03244,2.03531,2.03175,2.0338,0,0
2015-06-18,14:00:00,2.03357,2.0348,2.03071,2.03124,0,0
2015-06-18,15:00:00,2.03124,2.03363,2.02958,2.03074,0,0
2015-06-18,16:00:00,2.03058,2.03069,2.02593,2.02715,0,0
2015-06-18,17:00:00,2.02726,2.03111,2.02686,2.02895,0,0
2015-06-18,18:00:00,2.02908,2.02956,2.02696,2.02822,0,0
2015-06-18,19:00:00,2.02827,2.03152,2.02816,2.03128,0,0
2015-06-18,20:00:00,2.03128,2.03303,2.03041,2.03258,0,0
2015-06-18,21:00:00,2.03253,2.03627,2.03253,2.03627,0,0
2015-06-18,22:00:00,2.03619,2.03756,2.03567,2.03668,0,0
2015-06-18,23:00:00,2.03678,2.03741,2.03494,2.03592,0,0
2015-06-18,23:59:00,2.03656,2.03696,2.03529,2.03555,0,0
2015-06-19,01:00:00,2.03555,2.0363,2.03412,2.03462,0,0
2015-06-19,02:00:00,2.03462,2.03876,2.03462,2.03836,0,0
2015-06-19,03:00:00,2.03817,2.04125,2.03676,2.03691,0,0
2015-06-19,04:00:00,2.03681,2.03931,2.03576,2.03821,0,0
2015-06-19,05:00:00,2.03821,2.04109,2.03802,2.04017,0,0
2015-06-19,06:00:00,2.04007,2.04229,2.03987,2.04181,0,0
2015-06-19,07:00:00,2.04181,2.04563,2.0418,2.04396,0,0
2015-06-19,08:00:00,2.04396,2.04523,2.0429,2.04348,0,0
2015-06-19,09:00:00,2.04371,2.04479,2.04267,2.04374,0,0
2015-06-19,10:00:00,2.04377,2.04452,2.04097,2.04227,0,0
2015-06-19,11:00:00,2.04236,2.04365,2.04025,2.0406,0,0
2015-06-19,12:00:00,2.04047,2.04644,2.03894,2.04423,0,0
2015-06-19,13:00:00,2.0443,2.04632,2.04314,2.04394,0,0
2015-06-19,14:00:00,2.04389,2.04442,2.04098,2.04294,0,0
2015-06-19,15:00:00,2.04295,2.04861,2.0429,2.04833,0,0
2015-06-19,16:00:00,2.04841,2.05035,2.04451,2.04584,0,0
2015-06-19,17:00:00,2.046,2.04812,2.04559,2.04751,0,0
2015-06-19,18:00:00,2.04757,2.05028,2.04619,2.04684,0,0
2015-06-19,19:00:00,2.0469,2.04761,2.04482,2.04609,0,0
2015-06-19,20:00:00,2.04625,2.04638,2.0442,2.04424,0,0
2015-06-19,21:00:00,2.04424,2.04546,2.04379,2.04469,0,0
2015-06-19,22:00:00,2.04467,2.04472,2.0425,2.0425,0,0
2015-06-19,23:00:00,2.04254,2.04322,2.04254,2.04322,0,0
2015-06-22,01:00:00,2.04389,2.04489,2.0425,2.04338,0,0
2015-06-22,02:00:00,2.04338,2.04475,2.04267,2.04392,0,0
2015-06-22,03:00:00,2.04395,2.0442,2.0421,2.04291,0,0
2015-06-22,04:00:00,2.04292,2.04311,2.04043,2.04192,0,0
2015-06-22,05:00:00,2.04188,2.04365,2.04095,2.04363,0,0
2015-06-22,06:00:00,2.04363,2.0445,2.04195,2.04203,0,0
2015-06-22,07:00:00,2.04203,2.04405,2.04127,2.04352,0,0
2015-06-22,08:00:00,2.04357,2.04487,2.04018,2.04044,0,0
2015-06-22,09:00:00,2.04027,2.04204,2.03898,2.04204,0,0
2015-06-22,10:00:00,2.04212,2.04254,2.03883,2.04145,0,0
2015-06-22,11:00:00,2.04167,2.04263,2.04042,2.04149,0,0
2015-06-22,12:00:00,2.0413,2.04178,2.03852,2.03893,0,0
2015-06-22,13:00:00,2.03904,2.04139,2.03837,2.03876,0,0
2015-06-22,14:00:00,2.03887,2.04005,2.03771,2.03879,0,0
2015-06-22,15:00:00,2.03898,2.03919,2.03463,2.03634,0,0
2015-06-22,16:00:00,2.03625,2.03906,2.0353,2.03833,0,0
2015-06-22,17:00:00,2.03927,2.04218,2.03861,2.03899,0,0
2015-06-22,18:00:00,2.03895,2.04424,2.03891,2.04288,0,0
2015-06-22,19:00:00,2.04298,2.04784,2.04284,2.04748,0,0
2015-06-22,20:00:00,2.04728,2.04802,2.0457,2.04657,0,0
2015-06-22,21:00:00,2.04654,2.04917,2.04523,2.04859,0,0
2015-06-22,22:00:00,2.04862,2.0489,2.04669,2.04723,0,0
2015-06-22,23:00:00,2.04738,2.04816,2.0462,2.04768,0,0
2015-06-22,23:59:00,2.04763,2.04899,2.0458,2.04682,0,0
2015-06-23,01:00:00,2.04695,2.04857,2.04625,2.04853,0,0
2015-06-23,02:00:00,2.04842,2.04896,2.0472,2.04775,0,0
2015-06-23,03:00:00,2.04775,2.04801,2.04504,2.04635,0,0
2015-06-23,04:00:00,2.04656,2.05079,2.04433,2.04765,0,0
2015-06-23,05:00:00,2.04768,2.04881,2.0452,2.04843,0,0
2015-06-23,06:00:00,2.04849,2.04913,2.04648,2.04794,0,0
2015-06-23,07:00:00,2.04813,2.0489,2.04669,2.04756,0,0
2015-06-23,08:00:00,2.04741,2.04813,2.04539,2.04539,0,0
2015-06-23,09:00:00,2.04559,2.04628,2.04125,2.04256,0,0
2015-06-23,10:00:00,2.0425,2.04411,2.04144,2.04365,0,0
2015-06-23,11:00:00,2.0433,2.04466,2.04098,2.04437,0,0
2015-06-23,12:00:00,2.04453,2.04686,2.04298,2.04566,0,0
2015-06-23,13:00:00,2.0456,2.04688,2.04294,2.04579,0,0
2015-06-23,14:00:00,2.04576,2.04801,2.04542,2.04622,0,0
2015-06-23,15:00:00,2.04639,2.04742,2.04369,2.04658,0,0
2015-06-23,16:00:00,2.04646,2.04813,2.04378,2.04468,0,0
2015-06-23,17:00:00,2.04473,2.04473,2.03565,2.03629,0,0
2015-06-23,18:00:00,2.03605,2.03634,2.03268,2.03515,0,0
2015-06-23,19:00:00,2.03515,2.0363,2.03334,2.03524,0,0
2015-06-23,20:00:00,2.03531,2.03576,2.03313,2.03344,0,0
2015-06-23,21:00:00,2.03341,2.03469,2.03284,2.033,0,0
2015-06-23,22:00:00,2.0331,2.03458,2.03285,2.03403,0,0
2015-06-23,23:00:00,2.0339,2.03404,2.03074,2.03309,0,0
2015-06-23,23:59:00,2.03325,2.03521,2.03268,2.0331,0,0
2015-06-24,01:00:00,2.03356,2.03372,2.03199,2.03297,0,0
2015-06-24,02:00:00,2.033,2.03347,2.03217,2.03269,0,0
2015-06-24,03:00:00,2.03237,2.03237,2.02911,2.03131,0,0
2015-06-24,04:00:00,2.03149,2.03411,2.03058,2.034,0,0
2015-06-24,05:00:00,2.03381,2.03544,2.03304,2.03498,0,0
2015-06-24,06:00:00,2.03498,2.03731,2.03358,2.03651,0,0
2015-06-24,07:00:00,2.03651,2.04046,2.03559,2.03993,0,0
2015-06-24,08:00:00,2.03998,2.04089,2.03814,2.03934,0,0
2015-06-24,09:00:00,2.03933,2.04436,2.03719,2.04393,0,0
2015-06-24,10:00:00,2.04397,2.04425,2.03777,2.03831,0,0
2015-06-24,11:00:00,2.0381,2.03974,2.03359,2.03643,0,0
2015-06-24,12:00:00,2.03666,2.03946,2.03401,2.03588,0,0
2015-06-24,13:00:00,2.03585,2.03728,2.03386,2.03542,0,0
2015-06-24,14:00:00,2.03523,2.03756,2.03463,2.03498,0,0
2015-06-24,15:00:00,2.03517,2.03875,2.03152,2.03843,0,0
2015-06-24,16:00:00,2.03838,2.04357,2.03807,2.04306,0,0
2015-06-24,17:00:00,2.04287,2.04533,2.04126,2.04431,0,0
2015-06-24,18:00:00,2.04461,2.04497,2.03843,2.03947,0,0
2015-06-24,19:00:00,2.0395,2.03997,2.03383,2.03584,0,0
2015-06-24,20:00:00,2.03571,2.03697,2.03414,2.03591,0,0
2015-06-24,21:00:00,2.03584,2.03767,2.03521,2.03662,0,0
2015-06-24,22:00:00,2.03646,2.03769,2.03571,2.03728,0,0
2015-06-24,23:00:00,2.03728,2.03893,2.03699,2.03859,0,0
2015-06-24,23:59:00,2.03859,2.03974,2.03761,2.0389,0,0
2015-06-25,01:00:00,2.03873,2.04036,2.0378,2.03896,0,0
2015-06-25,02:00:00,2.03896,2.03896,2.03724,2.03779,0,0
2015-06-25,03:00:00,2.03786,2.03786,2.03331,2.03343,0,0
2015-06-25,04:00:00,2.03346,2.03389,2.03059,2.03237,0,0
2015-06-25,05:00:00,2.03231,2.03272,2.02926,2.03002,0,0
2015-06-25,06:00:00,2.02972,2.03036,2.02595,2.02683,0,0
2015-06-25,07:00:00,2.02678,2.02883,2.02664,2.02704,0,0
2015-06-25,08:00:00,2.02704,2.02774,2.02605,2.02674,0,0
2015-06-25,09:00:00,2.02695,2.03179,2.02539,2.03039,0,0
2015-06-25,10:00:00,2.03039,2.03397,2.02995,2.03212,0,0
2015-06-25,11:00:00,2.032,2.0338,2.02852,2.02954,0,0
2015-06-25,12:00:00,2.02954,2.02974,2.02481,2.02664,0,0
2015-06-25,13:00:00,2.02697,2.03155,2.02508,2.03059,0,0
2015-06-25,14:00:00,2.03027,2.03281,2.02837,2.03234,0,0
2015-06-25,15:00:00,2.03242,2.03525,2.03141,2.03511,0,0
2015-06-25,16:00:00,2.03511,2.03788,2.03371,2.03589,0,0
2015-06-25,17:00:00,2.03614,2.03624,2.03105,2.03135,0,0
2015-06-25,18:00:00,2.03137,2.03207,2.02999,2.03153,0,0
2015-06-25,19:00:00,2.03159,2.03261,2.03149,2.0322,0,0
2015-06-25,20:00:00,2.0322,2.03304,2.03137,2.03188,0,0
2015-06-25,21:00:00,2.03188,2.03303,2.03168,2.03225,0,0
2015-06-25,22:00:00,2.03205,2.03354,2.03195,2.03303,0,0
2015-06-25,23:00:00,2.03305,2.03505,2.03268,2.0347,0,0
2015-06-25,23:59:00,2.03503,2.03641,2.03439,2.03555,0,0
2015-06-26,01:00:00,2.03546,2.03625,2.03461,2.0354,0,0
2015-06-26,02:00:00,2.03536,2.03672,2.03469,2.0364,0,0
2015-06-26,03:00:00,2.03631,2.03789,2.03524,2.03652,0,0
2015-06-26,04:00:00,2.0364,2.0412,2.0364,2.03912,0,0
2015-06-26,05:00:00,2.03937,2.03982,2.03698,2.03892,0,0
2015-06-26,06:00:00,2.03886,2.04178,2.03802,2.04073,0,0
2015-06-26,07:00:00,2.04076,2.04118,2.03763,2.03865,0,0
2015-06-26,08:00:00,2.03881,2.04055,2.03847,2.03947,0,0
2015-06-26,09:00:00,2.03948,2.04449,2.0391,2.04372,0,0
2015-06-26,10:00:00,2.04374,2.04457,2.04036,2.04387,0,0
2015-06-26,11:00:00,2.04406,2.04673,2.04336,2.04376,0,0
2015-06-26,12:00:00,2.04368,2.0478,2.04347,2.0469,0,0
2015-06-26,13:00:00,2.04709,2.04747,2.04395,2.04664,0,0
2015-06-26,14:00:00,2.04666,2.05362,2.04436,2.05355,0,0
2015-06-26,15:00:00,2.05363,2.05646,2.0523,2.05646,0,0
2015-06-26,16:00:00,2.05601,2.05877,2.05461,2.05828,0,0
2015-06-26,17:00:00,2.05822,2.06157,2.05558,2.05831,0,0
2015-06-26,18:00:00,2.05861,2.06,2.05664,2.05759,0,0
2015-06-26,19:00:00,2.0577,2.05821,2.05608,2.05678,0,0
2015-06-26,20:00:00,2.05684,2.05764,2.05561,2.05632,0,0
2015-06-26,21:00:00,2.05635,2.05681,2.05508,2.05581,0,0
2015-06-26,22:00:00,2.05594,2.05682,2.05544,2.05649,0,0
2015-06-26,23:00:00,2.05628,2.05628,2.05602,2.05622,0,0
2015-06-29,01:00:00,2.06002,2.06786,2.05322,2.0623,0,0
2015-06-29,02:00:00,2.06155,2.06429,2.05561,2.05904,0,0
2015-06-29,03:00:00,2.05929,2.06292,2.05559,2.05782,0,0
2015-06-29,04:00:00,2.05782,2.05841,2.05433,2.0551,0,0
2015-06-29,05:00:00,2.05519,2.05606,2.0429,2.05162,0,0
2015-06-29,06:00:00,2.0516,2.05372,2.04985,2.05284,0,0
2015-06-29,07:00:00,2.05284,2.05371,2.05195,2.05299,0,0
2015-06-29,08:00:00,2.05298,2.05903,2.05238,2.05526,0,0
2015-06-29,09:00:00,2.05513,2.0576,2.04901,2.05029,0,0
2015-06-29,10:00:00,2.05006,2.05925,2.04954,2.05294,0,0
2015-06-29,11:00:00,2.05287,2.05595,2.05035,2.05042,0,0
2015-06-29,12:00:00,2.05045,2.05396,2.05003,2.05119,0,0
2015-06-29,13:00:00,2.05127,2.05214,2.04832,2.04837,0,0
2015-06-29,14:00:00,2.04844,2.05184,2.04679,2.05115,0,0
2015-06-29,15:00:00,2.0511,2.05372,2.04879,2.05232,0,0
2015-06-29,16:00:00,2.05227,2.05512,2.05227,2.05364,0,0
2015-06-29,17:00:00,2.05391,2.0581,2.05169,2.05762,0,0
2015-06-29,18:00:00,2.05779,2.0589,2.05339,2.05367,0,0
2015-06-29,19:00:00,2.05352,2.056,2.04612,2.04818,0,0
2015-06-29,20:00:00,2.04798,2.04869,2.04151,2.04514,0,0
2015-06-29,21:00:00,2.0452,2.04592,2.04142,2.04238,0,0
2015-06-29,22:00:00,2.04252,2.04686,2.04252,2.04647,0,0
2015-06-29,23:00:00,2.04639,2.0496,2.0456,2.04948,0,0
2015-06-29,23:59:00,2.04942,2.05081,2.04815,2.04898,0,0
2015-06-30,01:00:00,2.04898,2.05064,2.04815,2.05002,0,0
2015-06-30,02:00:00,2.05,2.05014,2.04768,2.04986,0,0
2015-06-30,03:00:00,2.04986,2.0525,2.04834,2.0504,0,0
2015-06-30,04:00:00,2.05032,2.05279,2.04815,2.04881,0,0
2015-06-30,05:00:00,2.04958,2.05264,2.04897,2.0502,0,0
2015-06-30,06:00:00,2.05011,2.05267,2.04873,2.0499,0,0
2015-06-30,07:00:00,2.04928,2.05159,2.04901,2.04944,0,0
2015-06-30,08:00:00,2.04946,2.05038,2.04706,2.04771,0,0
2015-06-30,09:00:00,2.04783,2.04794,2.04303,2.04644,0,0
2015-06-30,10:00:00,2.04638,2.04819,2.04378,2.04465,0,0
2015-06-30,11:00:00,2.04457,2.05153,2.04457,2.04696,0,0
2015-06-30,12:00:00,2.04699,2.04976,2.04397,2.04898,0,0
2015-06-30,13:00:00,2.04909,2.05072,2.04498,2.04725,0,0
2015-06-30,14:00:00,2.04714,2.04742,2.04244,2.04365,0,0
2015-06-30,15:00:00,2.04368,2.04716,2.04243,2.04431,0,0
2015-06-30,16:00:00,2.04423,2.0452,2.04029,2.04168,0,0
2015-06-30,17:00:00,2.04168,2.04695,2.04087,2.04657,0,0
2015-06-30,18:00:00,2.04657,2.04689,2.04131,2.04131,0,0
2015-06-30,19:00:00,2.04137,2.04236,2.0383,2.03986,0,0
2015-06-30,20:00:00,2.03986,2.0428,2.03903,2.04192,0,0
2015-06-30,21:00:00,2.04192,2.04321,2.03878,2.0391,0,0
2015-06-30,22:00:00,2.03894,2.03944,2.03667,2.03671,0,0
2015-06-30,23:00:00,2.03664,2.03917,2.03631,2.03806,0,0
2015-06-30,23:59:00,2.03804,2.04059,2.0377,2.0395,0,0
2015-07-01,01:00:00,2.03957,2.04151,2.03764,2.03866,0,0
2015-07-01,02:00:00,2.03866,2.03961,2.03683,2.03877,0,0
2015-07-01,03:00:00,2.0392,2.03981,2.03456,2.0368,0,0
2015-07-01,04:00:00,2.03501,2.03929,2.03242,2.03409,0,0
2015-07-01,05:00:00,2.03409,2.03422,2.02895,2.032,0,0
2015-07-01,06:00:00,2.03192,2.03236,2.0299,2.03099,0,0
2015-07-01,07:00:00,2.03099,2.03542,2.03099,2.03465,0,0
2015-07-01,08:00:00,2.03465,2.03643,2.03374,2.03466,0,0
2015-07-01,09:00:00,2.03472,2.03849,2.03402,2.03465,0,0
2015-07-01,10:00:00,2.03475,2.0379,2.03446,2.03658,0,0
2015-07-01,11:00:00,2.03705,2.04122,2.0303,2.03084,0,0
2015-07-01,12:00:00,2.03098,2.03152,2.02908,2.03142,0,0
2015-07-01,13:00:00,2.03132,2.03311,2.03047,2.03273,0,0
2015-07-01,14:00:00,2.03279,2.03778,2.03279,2.03735,0,0
2015-07-01,15:00:00,2.03742,2.0408,2.03688,2.03832,0,0
2015-07-01,16:00:00,2.03843,2.04376,2.03808,2.04107,0,0
2015-07-01,17:00:00,2.0411,2.04201,2.0371,2.03938,0,0
2015-07-01,18:00:00,2.03935,2.04043,2.03657,2.03798,0,0
2015-07-01,19:00:00,2.03801,2.03916,2.03709,2.03876,0,0
2015-07-01,20:00:00,2.0384,2.03979,2.0376,2.0376,0,0
2015-07-01,21:00:00,2.03739,2.04163,2.03727,2.0408,0,0
2015-07-01,22:00:00,2.04123,2.04206,2.03964,2.04163,0,0
2015-07-01,23:00:00,2.04192,2.04285,2.04065,2.04285,0,0
2015-07-01,23:59:00,2.043,2.04331,2.04071,2.04157,0,0
2015-07-02,01:00:00,2.04162,2.04502,2.04126,2.04366,0,0
2015-07-02,02:00:00,2.04363,2.04469,2.04262,2.04304,0,0
2015-07-02,03:00:00,2.04305,2.04308,2.03977,2.03977,0,0
2015-07-02,04:00:00,2.03969,2.04516,2.03893,2.04207,0,0
2015-07-02,05:00:00,2.04226,2.04386,2.04189,2.04253,0,0
2015-07-02,06:00:00,2.04253,2.04283,2.03889,2.03973,0,0
2015-07-02,07:00:00,2.03962,2.04186,2.03945,2.04093,0,0
2015-07-02,08:00:00,2.04104,2.04248,2.04035,2.04143,0,0
2015-07-02,09:00:00,2.04119,2.04651,2.04046,2.04337,0,0
2015-07-02,10:00:00,2.0434,2.0484,2.04335,2.04748,0,0
2015-07-02,11:00:00,2.04728,2.05293,2.04706,2.05179,0,0
2015-07-02,12:00:00,2.05168,2.05354,2.05102,2.05224,0,0
2015-07-02,13:00:00,2.05214,2.05436,2.05022,2.05093,0,0
2015-07-02,14:00:00,2.05121,2.05404,2.05087,2.05245,0,0
2015-07-02,15:00:00,2.05247,2.05269,2.04562,2.04844,0,0
2015-07-02,16:00:00,2.04854,2.04962,2.04682,2.04953,0,0
2015-07-02,17:00:00,2.04947,2.04948,2.04465,2.04473,0,0
2015-07-02,18:00:00,2.04437,2.04747,2.04422,2.04662,0,0
2015-07-02,19:00:00,2.04659,2.04676,2.04456,2.04461,0,0
2015-07-02,20:00:00,2.04469,2.04659,2.04467,2.0463,0,0
2015-07-02,21:00:00,2.04605,2.04698,2.04599,2.04669,0,0
2015-07-02,22:00:00,2.04658,2.0468,2.0441,2.04468,0,0
2015-07-02,23:00:00,2.04474,2.0453,2.04356,2.0453,0,0
2015-07-02,23:59:00,2.04494,2.0455,2.04416,2.04438,0,0
2015-07-03,01:00:00,2.04423,2.04552,2.04325,2.04403,0,0
2015-07-03,02:00:00,2.04403,2.0449,2.04366,2.04402,0,0
2015-07-03,03:00:00,2.04402,2.04476,2.04187,2.04278,0,0
2015-07-03,04:00:00,2.04284,2.05551,2.04225,2.05482,0,0
2015-07-03,05:00:00,2.05479,2.05912,2.05404,2.05839,0,0
2015-07-03,06:00:00,2.05839,2.06223,2.05734,2.05849,0,0
2015-07-03,07:00:00,2.05848,2.05943,2.05506,2.05732,0,0
2015-07-03,08:00:00,2.057,2.05905,2.0555,2.05801,0,0
2015-07-03,09:00:00,2.05826,2.05969,2.05723,2.05839,0,0
2015-07-03,10:00:00,2.0583,2.06642,2.05818,2.06507,0,0
2015-07-03,11:00:00,2.06518,2.07359,2.0648,2.07268,0,0
2015-07-03,12:00:00,2.07304,2.0761,2.0707,2.07398,0,0
2015-07-03,13:00:00,2.07405,2.08144,2.07385,2.07904,0,0
2015-07-03,14:00:00,2.07904,2.07914,2.07427,2.07706,0,0
2015-07-03,15:00:00,2.07703,2.07829,2.07504,2.07568,0,0
2015-07-03,16:00:00,2.07561,2.07932,2.07518,2.07731,0,0
2015-07-03,17:00:00,2.0772,2.07943,2.07534,2.07544,0,0
2015-07-03,18:00:00,2.07574,2.07639,2.07145,2.07231,0,0
2015-07-03,19:00:00,2.07224,2.07319,2.07052,2.07205,0,0
2015-07-03,20:00:00,2.07247,2.07253,2.06844,2.07075,0,0
2015-07-03,21:00:00,2.07075,2.07302,2.06936,2.07276,0,0
2015-07-03,22:00:00,2.07273,2.07374,2.06916,2.07032,0,0
2015-07-03,23:00:00,2.07032,2.07086,2.07022,2.07081,0,0
2015-07-06,01:00:00,2.08211,2.08325,2.07646,2.07797,0,0
2015-07-06,02:00:00,2.07794,2.0785,2.07311,2.07763,0,0
2015-07-06,03:00:00,2.07735,2.07738,2.07005,2.07044,0,0
2015-07-06,04:00:00,2.07044,2.07438,2.0699,2.07332,0,0
2015-07-06,05:00:00,2.07325,2.07959,2.07322,2.07503,0,0
2015-07-06,06:00:00,2.07503,2.08063,2.07472,2.07906,0,0
2015-07-06,07:00:00,2.07886,2.08309,2.07833,2.08017,0,0
2015-07-06,08:00:00,2.08017,2.08496,2.07906,2.08156,0,0
2015-07-06,09:00:00,2.08184,2.0821,2.07064,2.07092,0,0
2015-07-06,10:00:00,2.07088,2.07479,2.06765,2.0732,0,0
2015-07-06,11:00:00,2.07336,2.07535,2.0717,2.07459,0,0
2015-07-06,12:00:00,2.07441,2.07592,2.07186,2.07189,0,0
2015-07-06,13:00:00,2.07189,2.07844,2.07124,2.07739,0,0
2015-07-06,14:00:00,2.07743,2.07881,2.07542,2.07654,0,0
2015-07-06,15:00:00,2.07671,2.07673,2.07185,2.07218,0,0
2015-07-06,16:00:00,2.07214,2.07281,2.06956,2.0715,0,0
2015-07-06,17:00:00,2.07008,2.07397,2.06799,2.07207,0,0
2015-07-06,18:00:00,2.07216,2.07776,2.07211,2.0772,0,0
2015-07-06,19:00:00,2.0772,2.07924,2.07447,2.07813,0,0
2015-07-06,20:00:00,2.07798,2.07962,2.07688,2.0792,0,0
2015-07-06,21:00:00,2.07914,2.08227,2.0788,2.08173,0,0
2015-07-06,22:00:00,2.08184,2.08294,2.08042,2.08089,0,0
2015-07-06,23:00:00,2.08104,2.08242,2.08065,2.08101,0,0
2015-07-06,23:59:00,2.08084,2.08217,2.07999,2.08084,0,0
2015-07-07,01:00:00,2.08097,2.0829,2.08017,2.08281,0,0
2015-07-07,02:00:00,2.08281,2.08681,2.08253,2.08674,0,0
2015-07-07,03:00:00,2.08678,2.08687,2.0826,2.08545,0,0
2015-07-07,04:00:00,2.08545,2.08673,2.08292,2.08323,0,0
2015-07-07,05:00:00,2.08383,2.08447,2.08205,2.08439,0,0
2015-07-07,06:00:00,2.08439,2.0875,2.08397,2.08674,0,0
2015-07-07,07:00:00,2.08669,2.08882,2.08209,2.08324,0,0
2015-07-07,08:00:00,2.08326,2.08331,2.07969,2.08287,0,0
2015-07-07,09:00:00,2.08284,2.08416,2.07731,2.08007,0,0
2015-07-07,10:00:00,2.0801,2.09042,2.07784,2.08942,0,0
2015-07-07,11:00:00,2.08973,2.09309,2.0837,2.08483,0,0
2015-07-07,12:00:00,2.08456,2.08639,2.08196,2.08306,0,0
2015-07-07,13:00:00,2.08295,2.08608,2.07819,2.07921,0,0
2015-07-07,14:00:00,2.0792,2.08045,2.077,2.07992,0,0
2015-07-07,15:00:00,2.07987,2.0822,2.07714,2.07821,0,0
2015-07-07,16:00:00,2.07829,2.08472,2.07804,2.08408,0,0
2015-07-07,17:00:00,2.08354,2.08591,2.07622,2.07652,0,0
2015-07-07,18:00:00,2.07643,2.07965,2.07564,2.07718,0,0
2015-07-07,19:00:00,2.07758,2.07785,2.0754,2.07756,0,0
2015-07-07,20:00:00,2.07735,2.07809,2.07535,2.07764,0,0
2015-07-07,21:00:00,2.0777,2.07906,2.07576,2.0759,0,0
2015-07-07,22:00:00,2.07574,2.07644,2.07079,2.07556,0,0
2015-07-07,23:00:00,2.0756,2.07754,2.07407,2.07493,0,0
2015-07-07,23:59:00,2.07483,2.07697,2.07483,2.07633,0,0
2015-07-08,01:00:00,2.07617,2.07693,2.07517,2.07554,0,0
2015-07-08,02:00:00,2.07554,2.07609,2.07284,2.07403,0,0
2015-07-08,03:00:00,2.07403,2.07812,2.07334,2.07781,0,0
2015-07-08,04:00:00,2.07781,2.08726,2.07774,2.08182,0,0
2015-07-08,05:00:00,2.08206,2.08273,2.07849,2.08119,0,0
2015-07-08,06:00:00,2.08116,2.08406,2.08042,2.08211,0,0
2015-07-08,07:00:00,2.08211,2.08586,2.0797,2.08372,0,0
2015-07-08,08:00:00,2.08379,2.08685,2.08093,2.08685,0,0
2015-07-08,09:00:00,2.08659,2.09285,2.08564,2.08921,0,0
2015-07-08,10:00:00,2.08943,2.09084,2.08503,2.087,0,0
2015-07-08,11:00:00,2.087,2.08756,2.08213,2.08231,0,0
2015-07-08,12:00:00,2.0821,2.0821,2.07469,2.07678,0,0
2015-07-08,13:00:00,2.07678,2.07807,2.06961,2.07061,0,0
2015-07-08,14:00:00,2.07051,2.07271,2.06566,2.07078,0,0
2015-07-08,15:00:00,2.07098,2.0748,2.06978,2.07146,0,0
2015-07-08,16:00:00,2.07136,2.07337,2.06556,2.06919,0,0
2015-07-08,17:00:00,2.06935,2.07047,2.06332,2.06411,0,0
2015-07-08,18:00:00,2.06408,2.06514,2.0615,2.06227,0,0
2015-07-08,19:00:00,2.06242,2.06377,2.0606,2.06263,0,0
2015-07-08,20:00:00,2.06294,2.06438,2.06166,2.06389,0,0
2015-07-08,21:00:00,2.06377,2.06968,2.06272,2.06949,0,0
2015-07-08,22:00:00,2.0698,2.0698,2.06733,2.06903,0,0
2015-07-08,23:00:00,2.06886,2.06989,2.06748,2.06767,0,0
2015-07-08,23:59:00,2.06783,2.06913,2.06714,2.06885,0,0
2015-07-09,01:00:00,2.06876,2.07054,2.06799,2.06837,0,0
2015-07-09,02:00:00,2.0684,2.07214,2.06805,2.07073,0,0
2015-07-09,03:00:00,2.07064,2.0779,2.07054,2.0751,0,0
2015-07-09,04:00:00,2.07521,2.07549,2.06235,2.06489,0,0
2015-07-09,05:00:00,2.06507,2.06544,2.05701,2.06183,0,0
2015-07-09,06:00:00,2.06187,2.06306,2.05859,2.06073,0,0
2015-07-09,07:00:00,2.06073,2.06311,2.05936,2.05959,0,0
2015-07-09,08:00:00,2.05964,2.05997,2.05437,2.05817,0,0
2015-07-09,09:00:00,2.05803,2.06071,2.05717,2.0586,0,0
2015-07-09,10:00:00,2.05886,2.06375,2.05669,2.0626,0,0
2015-07-09,11:00:00,2.06269,2.06445,2.05977,2.06412,0,0
2015-07-09,12:00:00,2.06418,2.07263,2.06358,2.0713,0,0
2015-07-09,13:00:00,2.0713,2.07375,2.07009,2.07095,0,0
2015-07-09,14:00:00,2.0705,2.0705,2.06614,2.06682,0,0
2015-07-09,15:00:00,2.06673,2.06727,2.06146,2.06364,0,0
2015-07-09,16:00:00,2.06367,2.06806,2.06326,2.06797,0,0
2015-07-09,17:00:00,2.06795,2.07304,2.06744,2.0716,0,0
2015-07-09,18:00:00,2.07167,2.07167,2.06673,2.06723,0,0
2015-07-09,19:00:00,2.06747,2.06747,2.06307,2.0637,0,0
2015-07-09,20:00:00,2.06408,2.06627,2.06317,2.06443,0,0
2015-07-09,21:00:00,2.06442,2.06594,2.06405,2.06405,0,0
2015-07-09,22:00:00,2.06413,2.0673,2.06392,2.0649,0,0
2015-07-09,23:00:00,2.06476,2.06624,2.06132,2.06513,0,0
2015-07-09,23:59:00,2.06526,2.06537,2.06261,2.0639,0,0
2015-07-10,01:00:00,2.06391,2.06501,2.05823,2.06184,0,0
2015-07-10,02:00:00,2.06187,2.06284,2.06011,2.06058,0,0
2015-07-10,03:00:00,2.06058,2.0619,2.056,2.0572,0,0
2015-07-10,04:00:00,2.0572,2.05779,2.05435,2.05706,0,0
2015-07-10,05:00:00,2.05724,2.0578,2.05401,2.05573,0,0
2015-07-10,06:00:00,2.05573,2.05843,2.05534,2.0564,0,0
2015-07-10,07:00:00,2.0564,2.05861,2.05531,2.05861,0,0
2015-07-10,08:00:00,2.05861,2.0614,2.05746,2.0589,0,0
2015-07-10,09:00:00,2.05887,2.0631,2.05705,2.06182,0,0
2015-07-10,10:00:00,2.06166,2.07091,2.06138,2.07059,0,0
2015-07-10,11:00:00,2.07083,2.0747,2.07039,2.07405,0,0
2015-07-10,12:00:00,2.0744,2.07712,2.07204,2.07341,0,0
2015-07-10,13:00:00,2.07322,2.07699,2.07237,2.07543,0,0
2015-07-10,14:00:00,2.07544,2.07978,2.07346,2.07769,0,0
2015-07-10,15:00:00,2.07768,2.08075,2.07665,2.08053,0,0
2015-07-10,16:00:00,2.08066,2.09105,2.0787,2.08933,0,0
2015-07-10,17:00:00,2.08957,2.09102,2.08727,2.09014,0,0
2015-07-10,18:00:00,2.09004,2.09196,2.0861,2.0876,0,0
2015-07-10,19:00:00,2.08777,2.08866,2.08533,2.08671,0,0
2015-07-10,20:00:00,2.08681,2.08955,2.08619,2.08892,0,0
2015-07-10,21:00:00,2.08868,2.08881,2.08449,2.08477,0,0
2015-07-10,22:00:00,2.08474,2.08591,2.08272,2.08381,0,0
2015-07-10,23:00:00,2.08387,2.08424,2.0835,2.08424,0,0
2015-07-13,01:00:00,2.08989,2.09139,2.08435,2.08728,0,0
2015-07-13,02:00:00,2.08718,2.09077,2.08479,2.09077,0,0
2015-07-13,03:00:00,2.09068,2.0911,2.08637,2.08637,0,0
2015-07-13,04:00:00,2.08637,2.08838,2.08543,2.08706,0,0
2015-07-13,05:00:00,2.08738,2.08738,2.08285,2.08333,0,0
2015-07-13,06:00:00,2.08333,2.08475,2.07832,2.08386,0,0
2015-07-13,07:00:00,2.08394,2.08459,2.0815,2.08252,0,0
2015-07-13,08:00:00,2.08247,2.08352,2.08015,2.08327,0,0
2015-07-13,09:00:00,2.08309,2.0872,2.07973,2.08429,0,0
2015-07-13,10:00:00,2.08453,2.09454,2.08251,2.08989,0,0
2015-07-13,11:00:00,2.09032,2.09495,2.0903,2.09133,0,0
2015-07-13,12:00:00,2.09142,2.09745,2.08845,2.09394,0,0
2015-07-13,13:00:00,2.09397,2.09686,2.09251,2.09432,0,0
2015-07-13,14:00:00,2.09407,2.09506,2.09007,2.09007,0,0
2015-07-13,15:00:00,2.0904,2.09468,2.08978,2.09391,0,0
2015-07-13,16:00:00,2.09391,2.09942,2.09391,2.09692,0,0
2015-07-13,17:00:00,2.09689,2.10371,2.09689,2.10257,0,0
2015-07-13,18:00:00,2.10227,2.10313,2.09475,2.09504,0,0
2015-07-13,19:00:00,2.09501,2.0956,2.09179,2.09198,0,0
2015-07-13,20:00:00,2.09183,2.09426,2.0913,2.09206,0,0
2015-07-13,21:00:00,2.09221,2.09267,2.09003,2.09078,0,0
2015-07-13,22:00:00,2.09035,2.09133,2.08863,2.09087,0,0
2015-07-13,23:00:00,2.09075,2.09181,2.0897,2.09114,0,0
2015-07-13,23:59:00,2.09078,2.09298,2.08916,2.09228,0,0
2015-07-14,01:00:00,2.09228,2.09391,2.09132,2.09364,0,0
2015-07-14,02:00:00,2.09361,2.09474,2.09228,2.0942,0,0
2015-07-14,03:00:00,2.09403,2.09485,2.08952,2.08957,0,0
2015-07-14,04:00:00,2.08994,2.09263,2.08447,2.08644,0,0
2015-07-14,05:00:00,2.08633,2.0865,2.08406,2.08515,0,0
2015-07-14,06:00:00,2.08515,2.08607,2.08345,2.08537,0,0
2015-07-14,07:00:00,2.08537,2.0858,2.08379,2.08568,0,0
2015-07-14,08:00:00,2.08577,2.08738,2.08335,2.08425,0,0
2015-07-14,09:00:00,2.08424,2.08466,2.08006,2.08191,0,0
2015-07-14,10:00:00,2.08188,2.08305,2.08034,2.08221,0,0
2015-07-14,11:00:00,2.08207,2.08544,2.08056,2.08431,0,0
2015-07-14,12:00:00,2.08459,2.09885,2.08295,2.09748,0,0
2015-07-14,13:00:00,2.09725,2.09819,2.09371,2.09557,0,0
2015-07-14,14:00:00,2.09527,2.09792,2.09434,2.09527,0,0
2015-07-14,15:00:00,2.09495,2.09508,2.08769,2.0929,0,0
2015-07-14,16:00:00,2.09294,2.09438,2.08989,2.09195,0,0
2015-07-14,17:00:00,2.09195,2.09258,2.08824,2.09049,0,0
2015-07-14,18:00:00,2.09055,2.09419,2.0895,2.09221,0,0
2015-07-14,19:00:00,2.0921,2.0925,2.09039,2.09133,0,0
2015-07-14,20:00:00,2.09133,2.09827,2.09074,2.09822,0,0
2015-07-14,21:00:00,2.09835,2.09964,2.09757,2.09881,0,0
2015-07-14,22:00:00,2.09871,2.09903,2.09744,2.09888,0,0
2015-07-14,23:00:00,2.09899,2.09924,2.09728,2.09829,0,0
2015-07-14,23:59:00,2.09823,2.09903,2.09724,2.09783,0,0
2015-07-15,01:00:00,2.09783,2.09866,2.09722,2.0982,0,0
2015-07-15,02:00:00,2.09816,2.10024,2.09793,2.09953,0,0
2015-07-15,03:00:00,2.09967,2.10161,2.09739,2.10091,0,0
2015-07-15,04:00:00,2.10091,2.10153,2.09393,2.09815,0,0
2015-07-15,05:00:00,2.09665,2.09665,2.08998,2.0943,0,0
2015-07-15,06:00:00,2.09424,2.09578,2.09281,2.09452,0,0
2015-07-15,07:00:00,2.09453,2.09547,2.09336,2.09426,0,0
2015-07-15,08:00:00,2.09429,2.09811,2.09355,2.09663,0,0
2015-07-15,09:00:00,2.09648,2.09728,2.09145,2.09621,0,0
2015-07-15,10:00:00,2.09637,2.09908,2.09559,2.09825,0,0
2015-07-15,11:00:00,2.09825,2.10029,2.09225,2.09772,0,0
2015-07-15,12:00:00,2.09779,2.0982,2.09263,2.09476,0,0
2015-07-15,13:00:00,2.09476,2.09745,2.09397,2.09705,0,0
2015-07-15,14:00:00,2.09705,2.09719,2.09381,2.0943,0,0
2015-07-15,15:00:00,2.0943,2.09881,2.09027,2.09738,0,0
2015-07-15,16:00:00,2.09744,2.10213,2.09665,2.10061,0,0
2015-07-15,17:00:00,2.10068,2.11009,2.10068,2.10982,0,0
2015-07-15,18:00:00,2.10981,2.12085,2.10894,2.12057,0,0
2015-07-15,19:00:00,2.12034,2.12507,2.11995,2.12114,0,0
2015-07-15,20:00:00,2.12129,2.12344,2.1198,2.12293,0,0
2015-07-15,21:00:00,2.12287,2.1232,2.11971,2.12044,0,0
2015-07-15,22:00:00,2.12061,2.12114,2.11838,2.11951,0,0
2015-07-15,23:00:00,2.1196,2.12101,2.11845,2.11957,0,0
2015-07-15,23:59:00,2.11952,2.12089,2.11801,2.1181,0,0
2015-07-16,01:00:00,2.11848,2.12099,2.11635,2.1183,0,0
2015-07-16,02:00:00,2.1182,2.12166,2.116,2.12042,0,0
2015-07-16,03:00:00,2.12011,2.1223,2.11923,2.12121,0,0
2015-07-16,04:00:00,2.12114,2.12325,2.11944,2.12093,0,0
2015-07-16,05:00:00,2.12096,2.12238,2.11941,2.11941,0,0
2015-07-16,06:00:00,2.11941,2.12133,2.11805,2.12028,0,0
2015-07-16,07:00:00,2.12037,2.12437,2.11951,2.12251,0,0
2015-07-16,08:00:00,2.12254,2.12428,2.12125,2.12242,0,0
2015-07-16,09:00:00,2.12249,2.12263,2.11456,2.11748,0,0
2015-07-16,10:00:00,2.11738,2.1227,2.11661,2.11812,0,0
2015-07-16,11:00:00,2.11805,2.11869,2.11371,2.11401,0,0
2015-07-16,12:00:00,2.11421,2.11542,2.11053,2.11189,0,0
2015-07-16,13:00:00,2.11182,2.11443,2.10944,2.11069,0,0
2015-07-16,14:00:00,2.11067,2.11143,2.10487,2.10671,0,0
2015-07-16,15:00:00,2.10689,2.10985,2.10555,2.10736,0,0
2015-07-16,16:00:00,2.10751,2.10781,2.10073,2.10229,0,0
2015-07-16,17:00:00,2.10219,2.10285,2.09927,2.10077,0,0
2015-07-16,18:00:00,2.10071,2.10354,2.09928,2.09977,0,0
2015-07-16,19:00:00,2.09985,2.10498,2.09949,2.10439,0,0
2015-07-16,20:00:00,2.10423,2.10848,2.10361,2.10848,0,0
2015-07-16,21:00:00,2.1084,2.11039,2.10717,2.10784,0,0
2015-07-16,22:00:00,2.10794,2.10892,2.10682,2.10857,0,0
2015-07-16,23:00:00,2.10847,2.10948,2.10729,2.10812,0,0
2015-07-16,23:59:00,2.10813,2.10819,2.10628,2.10719,0,0
2015-07-17,01:00:00,2.10716,2.10777,2.10542,2.10592,0,0
2015-07-17,02:00:00,2.10592,2.10696,2.10512,2.10574,0,0
2015-07-17,03:00:00,2.10576,2.1067,2.1047,2.10571,0,0
2015-07-17,04:00:00,2.10575,2.10717,2.10476,2.10717,0,0
2015-07-17,05:00:00,2.10721,2.10926,2.10648,2.10836,0,0
2015-07-17,06:00:00,2.10833,2.10903,2.10747,2.10886,0,0
2015-07-17,07:00:00,2.10875,2.11043,2.10741,2.10768,0,0
2015-07-17,08:00:00,2.10765,2.10988,2.10717,2.10862,0,0
2015-07-17,09:00:00,2.10876,2.11559,2.1082,2.11435,0,0
2015-07-17,10:00:00,2.11444,2.11666,2.11368,2.1159,0,0
2015-07-17,11:00:00,2.11574,2.11598,2.1126,2.11558,0,0
2015-07-17,12:00:00,2.11561,2.11665,2.1133,2.11368,0,0
2015-07-17,13:00:00,2.11379,2.11388,2.11015,2.11033,0,0
2015-07-17,14:00:00,2.11,2.11081,2.10834,2.10841,0,0
2015-07-17,15:00:00,2.10834,2.1116,2.1035,2.11105,0,0
2015-07-17,16:00:00,2.11112,2.11271,2.10872,2.11271,0,0
2015-07-17,17:00:00,2.11208,2.11974,2.11134,2.11725,0,0
2015-07-17,18:00:00,2.11715,2.12045,2.11641,2.11988,0,0
2015-07-17,19:00:00,2.11991,2.12018,2.11723,2.11755,0,0
2015-07-17,20:00:00,2.11695,2.11803,2.11522,2.11579,0,0
2015-07-17,21:00:00,2.11579,2.11692,2.11516,2.11616,0,0
2015-07-17,22:00:00,2.11619,2.11651,2.11403,2.11403,0,0
2015-07-17,23:00:00,2.11397,2.11418,2.11397,2.11411,0,0
2015-07-20,01:00:00,2.11593,2.11681,2.11469,2.11547,0,0
2015-07-20,02:00:00,2.11547,2.11799,2.11536,2.11781,0,0
2015-07-20,03:00:00,2.11765,2.11859,2.11655,2.11701,0,0
2015-07-20,04:00:00,2.11704,2.12089,2.11556,2.1196,0,0
2015-07-20,05:00:00,2.12029,2.12433,2.11755,2.12314,0,0
2015-07-20,06:00:00,2.12359,2.12681,2.12223,2.12451,0,0
2015-07-20,07:00:00,2.12462,2.1251,2.11877,2.11934,0,0
2015-07-20,08:00:00,2.11951,2.12159,2.11778,2.11806,0,0
2015-07-20,09:00:00,2.11812,2.11895,2.11154,2.11354,0,0
2015-07-20,10:00:00,2.11182,2.11438,2.11063,2.11063,0,0
2015-07-20,11:00:00,2.11109,2.11459,2.10961,2.11089,0,0
2015-07-20,12:00:00,2.11056,2.11199,2.10503,2.11014,0,0
2015-07-20,13:00:00,2.10983,2.1112,2.10717,2.11002,0,0
2015-07-20,14:00:00,2.10955,2.11168,2.10664,2.10826,0,0
2015-07-20,15:00:00,2.107,2.10997,2.107,2.10943,0,0
2015-07-20,16:00:00,2.10892,2.11602,2.10798,2.11602,0,0
2015-07-20,17:00:00,2.11652,2.11777,2.11122,2.11381,0,0
2015-07-20,18:00:00,2.11427,2.11427,2.11049,2.11217,0,0
2015-07-20,19:00:00,2.11201,2.11281,2.11085,2.11206,0,0
2015-07-20,20:00:00,2.11201,2.11253,2.11021,2.11124,0,0
2015-07-20,21:00:00,2.11117,2.11163,2.10996,2.11119,0,0
2015-07-20,22:00:00,2.11129,2.1113,2.10855,2.11082,0,0
2015-07-20,23:00:00,2.11082,2.1119,2.11025,2.11125,0,0
2015-07-20,23:59:00,2.11112,2.11264,2.11061,2.1115,0,0
