Date,Time,Open,High,Low,Close,Volume,OpenInt
2015-04-22,01:00:00,1.42629,1.42674,1.42572,1.42616,0,0
2015-04-22,02:00:00,1.42616,1.42637,1.42562,1.42585,0,0
2015-04-22,03:00:00,1.42582,1.42641,1.42564,1.42617,0,0
2015-04-22,04:00:00,1.42614,1.42655,1.42508,1.42616,0,0
2015-04-22,05:00:00,1.42616,1.4269,1.42563,1.42673,0,0
2015-04-22,06:00:00,1.42677,1.42679,1.42598,1.4265,0,0
2015-04-22,07:00:00,1.4265,1.42672,1.42586,1.42605,0,0
2015-04-22,08:00:00,1.42604,1.42677,1.42569,1.42621,0,0
2015-04-22,09:00:00,1.4263,1.42704,1.42369,1.42392,0,0
2015-04-22,10:00:00,1.42381,1.42858,1.42358,1.42742,0,0
2015-04-22,11:00:00,1.42743,1.42765,1.42388,1.42704,0,0
2015-04-22,12:00:00,1.42723,1.43111,1.42682,1.43044,0,0
2015-04-22,13:00:00,1.43044,1.43557,1.42999,1.43518,0,0
2015-04-22,14:00:00,1.43539,1.44146,1.43528,1.44135,0,0
2015-04-22,15:00:00,1.44139,1.45439,1.44125,1.45025,0,0
2015-04-22,16:00:00,1.45027,1.45128,1.44762,1.44769,0,0
2015-04-22,17:00:00,1.4472,1.4521,1.44698,1.45198,0,0
2015-04-22,18:00:00,1.45214,1.45623,1.45187,1.45199,0,0
2015-04-22,19:00:00,1.45199,1.454,1.45179,1.4533,0,0
2015-04-22,20:00:00,1.45321,1.45643,1.45309,1.45636,0,0
2015-04-22,21:00:00,1.45645,1.45917,1.45582,1.45909,0,0
2015-04-22,22:00:00,1.45898,1.46027,1.45758,1.45891,0,0
2015-04-22,23:00:00,1.45905,1.46105,1.45875,1.46097,0,0
2015-04-22,23:59:00,1.46087,1.46108,1.45866,1.45964,0,0
2015-04-23,01:00:00,1.45963,1.45992,1.45736,1.4586,0,0
2015-04-23,02:00:00,1.45844,1.45866,1.457,1.45819,0,0
2015-04-23,03:00:00,1.45805,1.46008,1.45724,1.45991,0,0
2015-04-23,04:00:00,1.45994,1.46019,1.4585,1.45869,0,0
2015-04-23,05:00:00,1.45865,1.45905,1.45779,1.45792,0,0
2015-04-23,06:00:00,1.45794,1.45858,1.45726,1.45726,0,0
2015-04-23,07:00:00,1.45725,1.45878,1.45717,1.45834,0,0
2015-04-23,08:00:00,1.45835,1.45847,1.45696,1.45723,0,0
2015-04-23,09:00:00,1.45735,1.45778,1.45255,1.453,0,0
2015-04-23,10:00:00,1.45314,1.45416,1.45078,1.45359,0,0
2015-04-23,11:00:00,1.45363,1.45393,1.44693,1.44978,0,0
2015-04-23,12:00:00,1.44989,1.45111,1.44559,1.44559,0,0
2015-04-23,13:00:00,1.44565,1.44836,1.44488,1.44815,0,0
2015-04-23,14:00:00,1.44821,1.45071,1.44742,1.44912,0,0
2015-04-23,15:00:00,1.44926,1.44934,1.44567,1.44567,0,0
2015-04-23,16:00:00,1.44572,1.44664,1.44401,1.44479,0,0
2015-04-23,17:00:00,1.44485,1.44723,1.43737,1.43792,0,0
2015-04-23,18:00:00,1.43817,1.4388,1.43619,1.43732,0,0
2015-04-23,19:00:00,1.43721,1.43866,1.43598,1.43629,0,0
2015-04-23,20:00:00,1.43632,1.43741,1.4357,1.43651,0,0
2015-04-23,21:00:00,1.43669,1.43753,1.43604,1.43731,0,0
2015-04-23,22:00:00,1.43744,1.4379,1.43643,1.4368,0,0
2015-04-23,23:00:00,1.43676,1.43816,1.43647,1.43739,0,0
2015-04-23,23:59:00,1.4372,1.43747,1.43652,1.43714,0,0
2015-04-24,01:00:00,1.43714,1.43866,1.43691,1.43857,0,0
2015-04-24,02:00:00,1.43856,1.4386,1.4374,1.43854,0,0
2015-04-24,03:00:00,1.43878,1.4389,1.43715,1.43719,0,0
2015-04-24,04:00:00,1.43721,1.43809,1.43639,1.43724,0,0
2015-04-24,05:00:00,1.43739,1.43879,1.43733,1.43827,0,0
2015-04-24,06:00:00,1.43827,1.43922,1.43731,1.43848,0,0
2015-04-24,07:00:00,1.43859,1.4397,1.43842,1.43918,0,0
2015-04-24,08:00:00,1.43913,1.44004,1.43875,1.43988,0,0
2015-04-24,09:00:00,1.43988,1.4415,1.43636,1.44127,0,0
2015-04-24,10:00:00,1.44143,1.44303,1.44017,1.44277,0,0
2015-04-24,11:00:00,1.44269,1.44307,1.43925,1.44273,0,0
2015-04-24,12:00:00,1.44272,1.44361,1.44026,1.44273,0,0
2015-04-24,13:00:00,1.44277,1.44439,1.44178,1.44378,0,0
2015-04-24,14:00:00,1.44362,1.4448,1.4424,1.44297,0,0
2015-04-24,15:00:00,1.44292,1.44736,1.44238,1.44602,0,0
2015-04-24,16:00:00,1.44607,1.44658,1.44275,1.44425,0,0
2015-04-24,17:00:00,1.44432,1.4459,1.44312,1.44533,0,0
2015-04-24,18:00:00,1.44536,1.4478,1.44458,1.4466,0,0
2015-04-24,19:00:00,1.44651,1.44909,1.44651,1.44902,0,0
2015-04-24,20:00:00,1.44904,1.44945,1.44718,1.44718,0,0
2015-04-24,21:00:00,1.44723,1.4481,1.44658,1.44763,0,0
2015-04-24,22:00:00,1.44768,1.44784,1.44656,1.44767,0,0
2015-04-24,23:00:00,1.4477,1.44776,1.44751,1.44759,0,0
2015-04-27,01:00:00,1.44834,1.44853,1.44705,1.44769,0,0
2015-04-27,02:00:00,1.44769,1.4481,1.44681,1.44717,0,0
2015-04-27,03:00:00,1.44719,1.44807,1.44668,1.44774,0,0
2015-04-27,04:00:00,1.44772,1.44809,1.44666,1.44749,0,0
2015-04-27,05:00:00,1.4475,1.44898,1.4475,1.4486,0,0
2015-04-27,06:00:00,1.4486,1.44939,1.44825,1.44858,0,0
2015-04-27,07:00:00,1.44858,1.45011,1.44851,1.44959,0,0
2015-04-27,08:00:00,1.44959,1.4496,1.44685,1.44697,0,0
2015-04-27,09:00:00,1.44712,1.45001,1.44674,1.44907,0,0
2015-04-27,10:00:00,1.44912,1.45193,1.44777,1.44826,0,0
2015-04-27,11:00:00,1.44831,1.44882,1.44748,1.44794,0,0
2015-04-27,12:00:00,1.44796,1.44798,1.44634,1.44646,0,0
2015-04-27,13:00:00,1.44629,1.44807,1.44598,1.44598,0,0
2015-04-27,14:00:00,1.44591,1.44779,1.44529,1.44726,0,0
2015-04-27,15:00:00,1.44721,1.44866,1.44651,1.4484,0,0
2015-04-27,16:00:00,1.44837,1.44988,1.4474,1.44898,0,0
2015-04-27,17:00:00,1.44901,1.45101,1.44822,1.4495,0,0
2015-04-27,18:00:00,1.44953,1.45294,1.44642,1.45266,0,0
2015-04-27,19:00:00,1.45243,1.45299,1.45011,1.45101,0,0
2015-04-27,20:00:00,1.45103,1.45619,1.45034,1.45579,0,0
2015-04-27,21:00:00,1.45564,1.45644,1.45443,1.45526,0,0
2015-04-27,22:00:00,1.45531,1.4561,1.45506,1.4561,0,0
2015-04-27,23:00:00,1.45608,1.45669,1.4547,1.4551,0,0
2015-04-27,23:59:00,1.45507,1.45643,1.45447,1.4551,0,0
2015-04-28,01:00:00,1.45502,1.45589,1.45414,1.45484,0,0
2015-04-28,02:00:00,1.45489,1.45514,1.45401,1.45423,0,0
2015-04-28,03:00:00,1.45421,1.45517,1.45394,1.45466,0,0
2015-04-28,04:00:00,1.45464,1.45465,1.45353,1.4541,0,0
2015-04-28,05:00:00,1.45416,1.45461,1.45398,1.45438,0,0
2015-04-28,06:00:00,1.45437,1.45444,1.45343,1.45377,0,0
2015-04-28,07:00:00,1.45366,1.45504,1.45349,1.45498,0,0
2015-04-28,08:00:00,1.45498,1.45508,1.45385,1.45441,0,0
2015-04-28,09:00:00,1.45438,1.45685,1.4539,1.45637,0,0
2015-04-28,10:00:00,1.45638,1.45752,1.45542,1.45752,0,0
2015-04-28,11:00:00,1.45745,1.45843,1.45171,1.4545,0,0
2015-04-28,12:00:00,1.45445,1.46127,1.45396,1.46067,0,0
2015-04-28,13:00:00,1.46067,1.46605,1.45998,1.46129,0,0
2015-04-28,14:00:00,1.46125,1.46466,1.46007,1.46239,0,0
2015-04-28,15:00:00,1.46244,1.46488,1.46241,1.46422,0,0
2015-04-28,16:00:00,1.46412,1.46655,1.46411,1.46423,0,0
2015-04-28,17:00:00,1.46384,1.46437,1.45673,1.45698,0,0
2015-04-28,18:00:00,1.45687,1.46278,1.45649,1.46193,0,0
2015-04-28,19:00:00,1.46205,1.46323,1.46152,1.46275,0,0
2015-04-28,20:00:00,1.46277,1.46347,1.46168,1.4621,0,0
2015-04-28,21:00:00,1.4621,1.46361,1.46159,1.46361,0,0
2015-04-28,22:00:00,1.46368,1.46612,1.46326,1.46536,0,0
2015-04-28,23:00:00,1.46526,1.46676,1.46493,1.46579,0,0
2015-04-28,23:59:00,1.46528,1.46641,1.46463,1.4653,0,0
2015-04-29,01:00:00,1.46531,1.46673,1.46506,1.46594,0,0
2015-04-29,02:00:00,1.46602,1.46665,1.46568,1.46593,0,0
2015-04-29,03:00:00,1.46597,1.46658,1.46484,1.46555,0,0
2015-04-29,04:00:00,1.46562,1.46676,1.46525,1.46599,0,0
2015-04-29,05:00:00,1.46602,1.46718,1.4659,1.46694,0,0
2015-04-29,06:00:00,1.46703,1.46722,1.46663,1.46676,0,0
2015-04-29,07:00:00,1.46679,1.46756,1.46626,1.46736,0,0
2015-04-29,08:00:00,1.46743,1.46865,1.46708,1.46731,0,0
2015-04-29,09:00:00,1.46729,1.4702,1.46679,1.46959,0,0
2015-04-29,10:00:00,1.46953,1.47118,1.46786,1.46875,0,0
2015-04-29,11:00:00,1.46875,1.47021,1.46754,1.46798,0,0
2015-04-29,12:00:00,1.46803,1.46933,1.46549,1.46596,0,0
2015-04-29,13:00:00,1.46607,1.46765,1.46566,1.46754,0,0
2015-04-29,14:00:00,1.46763,1.46789,1.46289,1.46411,0,0
2015-04-29,15:00:00,1.46415,1.46659,1.45779,1.46479,0,0
2015-04-29,16:00:00,1.46415,1.46544,1.4556,1.45573,0,0
2015-04-29,17:00:00,1.4555,1.45689,1.44956,1.44956,0,0
2015-04-29,18:00:00,1.44957,1.45135,1.44738,1.44908,0,0
2015-04-29,19:00:00,1.44896,1.45067,1.44729,1.4502,0,0
2015-04-29,20:00:00,1.4501,1.45053,1.44768,1.44841,0,0
2015-04-29,21:00:00,1.44823,1.45174,1.44823,1.44976,0,0
2015-04-29,22:00:00,1.44972,1.45194,1.44963,1.45073,0,0
2015-04-29,23:00:00,1.45069,1.45095,1.44988,1.45007,0,0
2015-04-29,23:59:00,1.45019,1.45155,1.45014,1.45131,0,0
2015-04-30,01:00:00,1.45121,1.45121,1.45004,1.4502,0,0
2015-04-30,02:00:00,1.45014,1.45065,1.44985,1.45065,0,0
2015-04-30,03:00:00,1.45065,1.45104,1.44988,1.44993,0,0
2015-04-30,04:00:00,1.44993,1.45117,1.44993,1.45089,0,0
2015-04-30,05:00:00,1.45088,1.45097,1.45018,1.45047,0,0
2015-04-30,06:00:00,1.4504,1.45073,1.44992,1.45021,0,0
2015-04-30,07:00:00,1.45021,1.45054,1.44905,1.44956,0,0
2015-04-30,08:00:00,1.44951,1.45036,1.44908,1.45034,0,0
2015-04-30,09:00:00,1.45054,1.45245,1.44982,1.4522,0,0
2015-04-30,10:00:00,1.45215,1.45275,1.44428,1.44491,0,0
2015-04-30,11:00:00,1.4448,1.44835,1.44357,1.44707,0,0
2015-04-30,12:00:00,1.44694,1.45316,1.44686,1.45042,0,0
2015-04-30,13:00:00,1.45034,1.45081,1.44297,1.4438,0,0
2015-04-30,14:00:00,1.44386,1.44504,1.44249,1.44278,0,0
2015-04-30,15:00:00,1.44252,1.44513,1.44187,1.44396,0,0
2015-04-30,16:00:00,1.44388,1.45023,1.44368,1.44628,0,0
2015-04-30,17:00:00,1.44619,1.44625,1.43886,1.44014,0,0
2015-04-30,18:00:00,1.44014,1.44393,1.43884,1.44246,0,0
2015-04-30,19:00:00,1.44244,1.44282,1.43806,1.43858,0,0
2015-04-30,20:00:00,1.43864,1.43938,1.43774,1.43801,0,0
2015-04-30,21:00:00,1.43801,1.43837,1.42992,1.43018,0,0
2015-04-30,22:00:00,1.43005,1.43331,1.42973,1.43234,0,0
2015-04-30,23:00:00,1.43223,1.43355,1.43129,1.43129,0,0
2015-04-30,23:59:00,1.4315,1.43305,1.43097,1.43225,0,0
2015-05-01,01:00:00,1.43208,1.43331,1.43208,1.43271,0,0
2015-05-01,02:00:00,1.43284,1.43344,1.43232,1.43343,0,0
2015-05-01,03:00:00,1.43359,1.43435,1.43332,1.43342,0,0
2015-05-01,04:00:00,1.43342,1.43387,1.43282,1.43302,0,0
2015-05-01,05:00:00,1.43304,1.43344,1.43259,1.43334,0,0
2015-05-01,06:00:00,1.43334,1.43348,1.43286,1.43299,0,0
2015-05-01,07:00:00,1.43299,1.43335,1.43228,1.43246,0,0
2015-05-01,08:00:00,1.43246,1.43275,1.43185,1.43228,0,0
2015-05-01,09:00:00,1.43232,1.43299,1.42816,1.4307,0,0
2015-05-01,10:00:00,1.43076,1.43596,1.42927,1.43526,0,0
2015-05-01,11:00:00,1.43495,1.43514,1.42427,1.42449,0,0
2015-05-01,12:00:00,1.42459,1.42569,1.42366,1.42519,0,0
2015-05-01,13:00:00,1.42505,1.42586,1.41938,1.41991,0,0
2015-05-01,14:00:00,1.41996,1.42112,1.41803,1.41934,0,0
2015-05-01,15:00:00,1.41942,1.41972,1.41626,1.41762,0,0
2015-05-01,16:00:00,1.41759,1.41924,1.41193,1.41193,0,0
2015-05-01,17:00:00,1.41187,1.41712,1.41181,1.41396,0,0
2015-05-01,18:00:00,1.414,1.41533,1.4114,1.41397,0,0
2015-05-01,19:00:00,1.41393,1.41471,1.41204,1.41346,0,0
2015-05-01,20:00:00,1.41353,1.41515,1.4131,1.41503,0,0
2015-05-01,21:00:00,1.41498,1.41554,1.41265,1.41372,0,0
2015-05-01,22:00:00,1.41373,1.41416,1.41233,1.41282,0,0
2015-05-01,23:00:00,1.41297,1.41337,1.41297,1.41312,0,0
2015-05-04,01:00:00,1.41376,1.41513,1.41289,1.41468,0,0
2015-05-04,02:00:00,1.41468,1.41497,1.41355,1.41442,0,0
2015-05-04,03:00:00,1.41442,1.41475,1.41364,1.41404,0,0
2015-05-04,04:00:00,1.414,1.41551,1.41382,1.41429,0,0
2015-05-04,05:00:00,1.41429,1.41501,1.414,1.41466,0,0
2015-05-04,06:00:00,1.41466,1.41545,1.41452,1.41538,0,0
2015-05-04,07:00:00,1.41537,1.41542,1.41479,1.41489,0,0
2015-05-04,08:00:00,1.41489,1.41496,1.41393,1.41419,0,0
2015-05-04,09:00:00,1.41444,1.41808,1.41438,1.41775,0,0
2015-05-04,10:00:00,1.4178,1.4202,1.41721,1.41997,0,0
2015-05-04,11:00:00,1.4195,1.42104,1.41811,1.41971,0,0
2015-05-04,12:00:00,1.41971,1.41973,1.41631,1.41661,0,0
2015-05-04,13:00:00,1.41662,1.41711,1.413,1.413,0,0
2015-05-04,14:00:00,1.41303,1.41459,1.41233,1.41238,0,0
2015-05-04,15:00:00,1.41241,1.41407,1.41175,1.4119,0,0
2015-05-04,16:00:00,1.41176,1.41236,1.40939,1.40986,0,0
2015-05-04,17:00:00,1.4097,1.41408,1.40936,1.41209,0,0
2015-05-04,18:00:00,1.41203,1.41532,1.41166,1.41444,0,0
2015-05-04,19:00:00,1.4145,1.415,1.4129,1.4145,0,0
2015-05-04,20:00:00,1.41437,1.41466,1.4118,1.41197,0,0
2015-05-04,21:00:00,1.41197,1.41304,1.41183,1.41298,0,0
2015-05-04,22:00:00,1.41305,1.41316,1.41167,1.41224,0,0
2015-05-04,23:00:00,1.41214,1.41259,1.41104,1.41172,0,0
2015-05-04,23:59:00,1.41187,1.41214,1.41138,1.41208,0,0
2015-05-05,01:00:00,1.41208,1.41276,1.41114,1.41252,0,0
2015-05-05,02:00:00,1.41252,1.41268,1.41191,1.41191,0,0
2015-05-05,03:00:00,1.41193,1.41276,1.41192,1.41243,0,0
2015-05-05,04:00:00,1.41243,1.41377,1.41205,1.41369,0,0
2015-05-05,05:00:00,1.41369,1.41439,1.41341,1.41367,0,0
2015-05-05,06:00:00,1.41365,1.41419,1.41352,1.41381,0,0
2015-05-05,07:00:00,1.41382,1.41509,1.41343,1.41442,0,0
2015-05-05,08:00:00,1.41445,1.41543,1.41385,1.41497,0,0
2015-05-05,09:00:00,1.41501,1.41704,1.41441,1.41529,0,0
2015-05-05,10:00:00,1.41538,1.42183,1.41454,1.42167,0,0
2015-05-05,11:00:00,1.42163,1.42376,1.41786,1.41786,0,0
2015-05-05,12:00:00,1.41793,1.41794,1.41306,1.41313,0,0
2015-05-05,13:00:00,1.41322,1.41487,1.41204,1.41276,0,0
2015-05-05,14:00:00,1.41278,1.4139,1.40713,1.41069,0,0
2015-05-05,15:00:00,1.41062,1.41259,1.41021,1.41109,0,0
2015-05-05,16:00:00,1.41119,1.41309,1.40955,1.41294,0,0
2015-05-05,17:00:00,1.41289,1.41558,1.40536,1.40618,0,0
2015-05-05,18:00:00,1.40607,1.40703,1.40477,1.40582,0,0
2015-05-05,19:00:00,1.4059,1.40705,1.40508,1.40599,0,0
2015-05-05,20:00:00,1.40594,1.40673,1.40512,1.40673,0,0
2015-05-05,21:00:00,1.40675,1.40694,1.4053,1.40548,0,0
2015-05-05,22:00:00,1.40551,1.40662,1.40492,1.40605,0,0
2015-05-05,23:00:00,1.4061,1.40743,1.4061,1.40649,0,0
2015-05-05,23:59:00,1.40661,1.40702,1.40561,1.40629,0,0
2015-05-06,01:00:00,1.40631,1.40745,1.40601,1.4068,0,0
2015-05-06,02:00:00,1.4068,1.40768,1.40645,1.4071,0,0
2015-05-06,03:00:00,1.40703,1.4072,1.40664,1.40689,0,0
2015-05-06,04:00:00,1.40689,1.40758,1.40678,1.40704,0,0
2015-05-06,05:00:00,1.40699,1.40772,1.40678,1.407,0,0
2015-05-06,06:00:00,1.40698,1.40727,1.40535,1.40687,0,0
2015-05-06,07:00:00,1.40691,1.40775,1.40639,1.4072,0,0
2015-05-06,08:00:00,1.40723,1.40783,1.40682,1.4072,0,0
2015-05-06,09:00:00,1.40722,1.40802,1.40455,1.4061,0,0
2015-05-06,10:00:00,1.4062,1.40836,1.40204,1.40297,0,0
2015-05-06,11:00:00,1.40292,1.4035,1.4,1.40315,0,0
2015-05-06,12:00:00,1.40317,1.40532,1.40297,1.40301,0,0
2015-05-06,13:00:00,1.40306,1.40695,1.40221,1.40666,0,0
2015-05-06,14:00:00,1.4067,1.40726,1.40564,1.40642,0,0
2015-05-06,15:00:00,1.40644,1.40694,1.4004,1.40107,0,0
2015-05-06,16:00:00,1.40113,1.40235,1.39401,1.39498,0,0
2015-05-06,17:00:00,1.39518,1.39748,1.39303,1.39318,0,0
2015-05-06,18:00:00,1.3933,1.39656,1.39265,1.39518,0,0
2015-05-06,19:00:00,1.3951,1.39771,1.39397,1.39771,0,0
2015-05-06,20:00:00,1.39783,1.39815,1.39656,1.39667,0,0
2015-05-06,21:00:00,1.39678,1.39686,1.39429,1.3957,0,0
2015-05-06,22:00:00,1.39538,1.39718,1.39536,1.39702,0,0
2015-05-06,23:00:00,1.39704,1.39743,1.3961,1.39675,0,0
2015-05-06,23:59:00,1.39668,1.39733,1.39611,1.39669,0,0
2015-05-07,01:00:00,1.39622,1.39701,1.39622,1.39628,0,0
2015-05-07,02:00:00,1.39633,1.39709,1.39615,1.39692,0,0
2015-05-07,03:00:00,1.39698,1.39704,1.39626,1.39655,0,0
2015-05-07,04:00:00,1.39658,1.3973,1.39623,1.39658,0,0
2015-05-07,05:00:00,1.39666,1.39755,1.39648,1.39696,0,0
2015-05-07,06:00:00,1.39694,1.39751,1.39651,1.39697,0,0
2015-05-07,07:00:00,1.39697,1.39736,1.39669,1.39714,0,0
2015-05-07,08:00:00,1.39715,1.39749,1.39404,1.39539,0,0
2015-05-07,09:00:00,1.39554,1.39561,1.39012,1.39015,0,0
2015-05-07,10:00:00,1.39021,1.39145,1.38851,1.38871,0,0
2015-05-07,11:00:00,1.38851,1.38963,1.3844,1.38528,0,0
2015-05-07,12:00:00,1.3856,1.38615,1.38238,1.38252,0,0
2015-05-07,13:00:00,1.38262,1.38628,1.38177,1.38292,0,0
2015-05-07,14:00:00,1.38285,1.39019,1.3828,1.38999,0,0
2015-05-07,15:00:00,1.38997,1.39551,1.38997,1.3938,0,0
2015-05-07,16:00:00,1.39363,1.39611,1.39178,1.39258,0,0
2015-05-07,17:00:00,1.39267,1.39867,1.39237,1.39844,0,0
2015-05-07,18:00:00,1.39828,1.40187,1.39785,1.40027,0,0
2015-05-07,19:00:00,1.40009,1.4032,1.4,1.40267,0,0
2015-05-07,20:00:00,1.40251,1.40462,1.40251,1.40375,0,0
2015-05-07,21:00:00,1.40378,1.40813,1.40366,1.40614,0,0
2015-05-07,22:00:00,1.40624,1.40725,1.40569,1.40624,0,0
2015-05-07,23:00:00,1.40642,1.40695,1.40524,1.40527,0,0
2015-05-07,23:59:00,1.40498,1.42498,1.40494,1.42174,0,0
2015-05-08,01:00:00,1.42189,1.42281,1.41898,1.41964,0,0
2015-05-08,02:00:00,1.41964,1.42121,1.4181,1.41923,0,0
2015-05-08,03:00:00,1.41922,1.42075,1.41858,1.42064,0,0
2015-05-08,04:00:00,1.42058,1.42445,1.42023,1.42431,0,0
2015-05-08,05:00:00,1.42428,1.43116,1.42369,1.43096,0,0
2015-05-08,06:00:00,1.43105,1.43175,1.42771,1.42903,0,0
2015-05-08,07:00:00,1.42898,1.43308,1.42852,1.43133,0,0
2015-05-08,08:00:00,1.43125,1.43174,1.42678,1.42737,0,0
2015-05-08,09:00:00,1.42747,1.42898,1.42384,1.42809,0,0
2015-05-08,10:00:00,1.42816,1.43308,1.42589,1.42855,0,0
2015-05-08,11:00:00,1.42838,1.42887,1.42381,1.42666,0,0
2015-05-08,12:00:00,1.42681,1.42695,1.42122,1.42164,0,0
2015-05-08,13:00:00,1.42162,1.42594,1.42119,1.42579,0,0
2015-05-08,14:00:00,1.42604,1.42768,1.42557,1.42563,0,0
2015-05-08,15:00:00,1.4258,1.42775,1.42072,1.42473,0,0
2015-05-08,16:00:00,1.42474,1.42679,1.42238,1.42542,0,0
2015-05-08,17:00:00,1.42553,1.43045,1.4236,1.43031,0,0
2015-05-08,18:00:00,1.43049,1.43438,1.43049,1.4333,0,0
2015-05-08,19:00:00,1.43331,1.43739,1.43315,1.43684,0,0
2015-05-08,20:00:00,1.43651,1.43862,1.43651,1.43817,0,0
2015-05-08,21:00:00,1.43794,1.4393,1.43765,1.43902,0,0
2015-05-08,22:00:00,1.43933,1.43966,1.4384,1.43916,0,0
2015-05-08,23:00:00,1.43902,1.43902,1.43902,1.43902,0,0
2015-05-11,01:00:00,1.43905,1.43948,1.43835,1.4386,0,0
2015-05-11,02:00:00,1.4386,1.43876,1.43761,1.4382,0,0
2015-05-11,03:00:00,1.43823,1.43879,1.4372,1.43838,0,0
2015-05-11,04:00:00,1.43839,1.44088,1.43839,1.43971,0,0
2015-05-11,05:00:00,1.43952,1.43994,1.43827,1.4394,0,0
2015-05-11,06:00:00,1.43944,1.44059,1.43936,1.4403,0,0
2015-05-11,07:00:00,1.44027,1.44068,1.4393,1.43933,0,0
2015-05-11,08:00:00,1.43934,1.4402,1.43881,1.43954,0,0
2015-05-11,09:00:00,1.43955,1.44014,1.43584,1.43662,0,0
2015-05-11,10:00:00,1.43661,1.43889,1.43534,1.43717,0,0
2015-05-11,11:00:00,1.4371,1.43767,1.43339,1.4341,0,0
2015-05-11,12:00:00,1.43414,1.44021,1.43271,1.43934,0,0
2015-05-11,13:00:00,1.43947,1.44344,1.43844,1.44274,0,0
2015-05-11,14:00:00,1.44282,1.44592,1.44143,1.44577,0,0
2015-05-11,15:00:00,1.44582,1.44991,1.44438,1.44977,0,0
2015-05-11,16:00:00,1.44996,1.45245,1.44804,1.45227,0,0
2015-05-11,17:00:00,1.45259,1.45369,1.45052,1.45369,0,0
2015-05-11,18:00:00,1.45353,1.45776,1.45151,1.45703,0,0
2015-05-11,19:00:00,1.45707,1.45856,1.4558,1.45604,0,0
2015-05-11,20:00:00,1.45595,1.45887,1.45595,1.45705,0,0
2015-05-11,21:00:00,1.45707,1.45724,1.45522,1.45591,0,0
2015-05-11,22:00:00,1.4559,1.45726,1.45513,1.45653,0,0
2015-05-11,23:00:00,1.45652,1.45695,1.45551,1.456,0,0
2015-05-11,23:59:00,1.45602,1.45684,1.45524,1.45601,0,0
2015-05-12,01:00:00,1.45596,1.45612,1.45482,1.45531,0,0
2015-05-12,02:00:00,1.4554,1.45629,1.45523,1.4559,0,0
2015-05-12,03:00:00,1.4559,1.45686,1.45525,1.45594,0,0
2015-05-12,04:00:00,1.45594,1.45616,1.45482,1.4552,0,0
2015-05-12,05:00:00,1.45514,1.45545,1.45372,1.45406,0,0
2015-05-12,06:00:00,1.45408,1.45465,1.45365,1.4546,0,0
2015-05-12,07:00:00,1.4546,1.45474,1.45318,1.45341,0,0
2015-05-12,08:00:00,1.45343,1.45406,1.45265,1.45343,0,0
2015-05-12,09:00:00,1.45344,1.4539,1.44997,1.45101,0,0
2015-05-12,10:00:00,1.45082,1.45162,1.44413,1.44443,0,0
2015-05-12,11:00:00,1.44439,1.44875,1.44239,1.44598,0,0
2015-05-12,12:00:00,1.44576,1.44792,1.4447,1.44669,0,0
2015-05-12,13:00:00,1.44672,1.44946,1.44519,1.44734,0,0
2015-05-12,14:00:00,1.44734,1.45074,1.44734,1.45047,0,0
2015-05-12,15:00:00,1.45039,1.45235,1.44995,1.45084,0,0
2015-05-12,16:00:00,1.45086,1.45103,1.44473,1.44748,0,0
2015-05-12,17:00:00,1.44699,1.45089,1.44655,1.44973,0,0
2015-05-12,18:00:00,1.4496,1.45364,1.44949,1.45349,0,0
2015-05-12,19:00:00,1.45365,1.45651,1.4532,1.45651,0,0
2015-05-12,20:00:00,1.45645,1.4572,1.45548,1.45614,0,0
2015-05-12,21:00:00,1.45635,1.45751,1.45542,1.45583,0,0
2015-05-12,22:00:00,1.45595,1.45659,1.45535,1.45658,0,0
2015-05-12,23:00:00,1.45683,1.4571,1.45587,1.45652,0,0
2015-05-12,23:59:00,1.4565,1.45682,1.45488,1.45519,0,0
2015-05-13,01:00:00,1.45546,1.45647,1.45515,1.45567,0,0
2015-05-13,02:00:00,1.45567,1.45573,1.45474,1.45479,0,0
2015-05-13,03:00:00,1.4549,1.4558,1.45489,1.455,0,0
2015-05-13,04:00:00,1.45491,1.45604,1.45472,1.45515,0,0
2015-05-13,05:00:00,1.45508,1.45541,1.45417,1.45461,0,0
2015-05-13,06:00:00,1.45461,1.45485,1.4537,1.45402,0,0
2015-05-13,07:00:00,1.45401,1.45458,1.45365,1.45405,0,0
2015-05-13,08:00:00,1.45407,1.45548,1.45372,1.45531,0,0
2015-05-13,09:00:00,1.45535,1.45621,1.4492,1.44946,0,0
2015-05-13,10:00:00,1.44938,1.45531,1.44938,1.45484,0,0
2015-05-13,11:00:00,1.45489,1.45953,1.45268,1.45909,0,0
2015-05-13,12:00:00,1.45913,1.46095,1.45154,1.45262,0,0
2015-05-13,13:00:00,1.45256,1.45548,1.45109,1.45548,0,0
2015-05-13,14:00:00,1.45557,1.45563,1.44955,1.45223,0,0
2015-05-13,15:00:00,1.45223,1.45257,1.44514,1.44732,0,0
2015-05-13,16:00:00,1.44735,1.44809,1.44414,1.44487,0,0
2015-05-13,17:00:00,1.44476,1.44574,1.44212,1.44294,0,0
2015-05-13,18:00:00,1.44292,1.44417,1.44125,1.44283,0,0
2015-05-13,19:00:00,1.44277,1.44474,1.44221,1.44337,0,0
2015-05-13,20:00:00,1.44335,1.44509,1.44213,1.44355,0,0
2015-05-13,21:00:00,1.44373,1.44413,1.44287,1.44339,0,0
2015-05-13,22:00:00,1.44334,1.44461,1.44265,1.44433,0,0
2015-05-13,23:00:00,1.44425,1.44445,1.44287,1.44339,0,0
2015-05-13,23:59:00,1.44344,1.444,1.44299,1.44372,0,0
2015-05-14,01:00:00,1.44372,1.44372,1.44274,1.44344,0,0
2015-05-14,02:00:00,1.44344,1.44385,1.44305,1.44329,0,0
2015-05-14,03:00:00,1.44329,1.44383,1.44318,1.44327,0,0
2015-05-14,04:00:00,1.44327,1.44423,1.44288,1.44337,0,0
2015-05-14,05:00:00,1.44307,1.44339,1.44221,1.44306,0,0
2015-05-14,06:00:00,1.44305,1.44339,1.44166,1.44194,0,0
2015-05-14,07:00:00,1.44195,1.44284,1.44171,1.44198,0,0
2015-05-14,08:00:00,1.44201,1.44243,1.44145,1.44148,0,0
2015-05-14,09:00:00,1.44149,1.44221,1.43883,1.43947,0,0
2015-05-14,10:00:00,1.43939,1.44214,1.43846,1.44165,0,0
2015-05-14,11:00:00,1.44146,1.44292,1.44008,1.44066,0,0
2015-05-14,12:00:00,1.44041,1.44129,1.43751,1.43769,0,0
2015-05-14,13:00:00,1.43774,1.43842,1.43455,1.43507,0,0
2015-05-14,14:00:00,1.43515,1.43927,1.43465,1.43691,0,0
2015-05-14,15:00:00,1.43707,1.44038,1.43624,1.43927,0,0
2015-05-14,16:00:00,1.4394,1.44373,1.43828,1.44261,0,0
2015-05-14,17:00:00,1.44256,1.44291,1.44083,1.44208,0,0
2015-05-14,18:00:00,1.44198,1.44379,1.44061,1.44227,0,0
2015-05-14,19:00:00,1.44218,1.44252,1.43949,1.43988,0,0
2015-05-14,20:00:00,1.43993,1.4407,1.43954,1.43995,0,0
2015-05-14,21:00:00,1.44001,1.44065,1.43894,1.43976,0,0
2015-05-14,22:00:00,1.43974,1.44071,1.43947,1.43971,0,0
2015-05-14,23:00:00,1.43976,1.44056,1.43873,1.43904,0,0
2015-05-14,23:59:00,1.43911,1.44011,1.43874,1.43956,0,0
2015-05-15,01:00:00,1.43955,1.43995,1.43923,1.43968,0,0
2015-05-15,02:00:00,1.4397,1.44006,1.43937,1.43937,0,0
2015-05-15,03:00:00,1.43938,1.44028,1.43933,1.43998,0,0
2015-05-15,04:00:00,1.43998,1.44045,1.43939,1.43981,0,0
2015-05-15,05:00:00,1.43982,1.44005,1.43921,1.43988,0,0
2015-05-15,06:00:00,1.43986,1.44027,1.43951,1.43972,0,0
2015-05-15,07:00:00,1.43974,1.43988,1.43932,1.43964,0,0
2015-05-15,08:00:00,1.43964,1.44176,1.43948,1.44163,0,0
2015-05-15,09:00:00,1.4416,1.44331,1.43882,1.43882,0,0
2015-05-15,10:00:00,1.4387,1.44265,1.43814,1.44152,0,0
2015-05-15,11:00:00,1.44146,1.44508,1.44079,1.44441,0,0
2015-05-15,12:00:00,1.44474,1.44582,1.44374,1.44441,0,0
2015-05-15,13:00:00,1.44465,1.44805,1.4443,1.4469,0,0
2015-05-15,14:00:00,1.44693,1.45019,1.44563,1.4494,0,0
2015-05-15,15:00:00,1.44947,1.45387,1.44939,1.45386,0,0
2015-05-15,16:00:00,1.45384,1.45632,1.4533,1.45564,0,0
2015-05-15,17:00:00,1.45513,1.45523,1.44631,1.44639,0,0
2015-05-15,18:00:00,1.4465,1.44747,1.44502,1.44719,0,0
2015-05-15,19:00:00,1.4472,1.44802,1.44557,1.44676,0,0
2015-05-15,20:00:00,1.4468,1.4468,1.44356,1.44431,0,0
2015-05-15,21:00:00,1.44431,1.44433,1.43912,1.43981,0,0
2015-05-15,22:00:00,1.43983,1.44105,1.43899,1.44105,0,0
2015-05-15,23:00:00,1.44101,1.44101,1.44052,1.44059,0,0
2015-05-18,01:00:00,1.44035,1.44185,1.44035,1.44117,0,0
2015-05-18,02:00:00,1.44115,1.44173,1.44078,1.44078,0,0
2015-05-18,03:00:00,1.44078,1.44262,1.44052,1.44215,0,0
2015-05-18,04:00:00,1.44224,1.44394,1.4416,1.44358,0,0
2015-05-18,05:00:00,1.44331,1.44425,1.44276,1.44276,0,0
2015-05-18,06:00:00,1.44276,1.44284,1.4422,1.44233,0,0
2015-05-18,07:00:00,1.44231,1.44308,1.44195,1.4422,0,0
2015-05-18,08:00:00,1.4422,1.44385,1.4422,1.44262,0,0
2015-05-18,09:00:00,1.44262,1.44306,1.44091,1.4426,0,0
2015-05-18,10:00:00,1.4426,1.44383,1.44033,1.44269,0,0
2015-05-18,11:00:00,1.44276,1.44368,1.44096,1.44096,0,0
2015-05-18,12:00:00,1.44096,1.44404,1.43996,1.44088,0,0
2015-05-18,13:00:00,1.44075,1.44143,1.4374,1.43886,0,0
2015-05-18,14:00:00,1.43875,1.44198,1.43807,1.44029,0,0
2015-05-18,15:00:00,1.44029,1.44209,1.43999,1.44069,0,0
2015-05-18,16:00:00,1.44063,1.44646,1.44011,1.44467,0,0
2015-05-18,17:00:00,1.44476,1.446,1.44332,1.44586,0,0
2015-05-18,18:00:00,1.44576,1.44789,1.44564,1.44738,0,0
2015-05-18,19:00:00,1.44736,1.44885,1.44682,1.44745,0,0
2015-05-18,20:00:00,1.44742,1.44819,1.44646,1.44792,0,0
2015-05-18,21:00:00,1.44799,1.44968,1.44756,1.44968,0,0
2015-05-18,22:00:00,1.44971,1.44998,1.44806,1.44894,0,0
2015-05-18,23:00:00,1.449,1.45012,1.44815,1.44993,0,0
2015-05-18,23:59:00,1.44989,1.45039,1.44936,1.44986,0,0
2015-05-19,01:00:00,1.44988,1.45034,1.44988,1.45016,0,0
2015-05-19,02:00:00,1.45016,1.45062,1.44978,1.45056,0,0
2015-05-19,03:00:00,1.45067,1.45083,1.44953,1.45019,0,0
2015-05-19,04:00:00,1.4502,1.45037,1.44886,1.44899,0,0
2015-05-19,05:00:00,1.44912,1.44978,1.4487,1.44942,0,0
2015-05-19,06:00:00,1.44942,1.45084,1.44899,1.45081,0,0
2015-05-19,07:00:00,1.45079,1.45082,1.44995,1.45071,0,0
2015-05-19,08:00:00,1.45071,1.45088,1.45014,1.45047,0,0
2015-05-19,09:00:00,1.45057,1.4509,1.44843,1.44963,0,0
2015-05-19,10:00:00,1.44966,1.46074,1.44963,1.45285,0,0
2015-05-19,11:00:00,1.45252,1.45449,1.448,1.44908,0,0
2015-05-19,12:00:00,1.44924,1.44949,1.44521,1.44643,0,0
2015-05-19,13:00:00,1.44636,1.44649,1.44316,1.44378,0,0
2015-05-19,14:00:00,1.44373,1.44469,1.44145,1.44145,0,0
2015-05-19,15:00:00,1.44146,1.45002,1.44092,1.44985,0,0
2015-05-19,16:00:00,1.44986,1.45155,1.4488,1.4508,0,0
2015-05-19,17:00:00,1.45086,1.45476,1.45058,1.45448,0,0
2015-05-19,18:00:00,1.4547,1.45477,1.45221,1.45433,0,0
2015-05-19,19:00:00,1.45416,1.45449,1.45153,1.45162,0,0
2015-05-19,20:00:00,1.45154,1.45439,1.45131,1.45368,0,0
2015-05-19,21:00:00,1.45363,1.45399,1.45181,1.45278,0,0
2015-05-19,22:00:00,1.45298,1.45384,1.45186,1.45384,0,0
2015-05-19,23:00:00,1.45394,1.454,1.45258,1.45328,0,0
2015-05-19,23:59:00,1.45348,1.45401,1.45255,1.45361,0,0
2015-05-20,01:00:00,1.45355,1.45424,1.4535,1.45371,0,0
2015-05-20,02:00:00,1.45373,1.45421,1.45358,1.45384,0,0
2015-05-20,03:00:00,1.45387,1.45464,1.45346,1.45355,0,0
2015-05-20,04:00:00,1.45353,1.45468,1.45308,1.45381,0,0
2015-05-20,05:00:00,1.4538,1.45404,1.45302,1.45327,0,0
2015-05-20,06:00:00,1.4533,1.45394,1.45273,1.4529,0,0
2015-05-20,07:00:00,1.45288,1.45351,1.45249,1.45288,0,0
2015-05-20,08:00:00,1.45288,1.45329,1.45133,1.45318,0,0
2015-05-20,09:00:00,1.45355,1.45536,1.45251,1.45458,0,0
2015-05-20,10:00:00,1.45458,1.45659,1.45291,1.45472,0,0
2015-05-20,11:00:00,1.45468,1.45732,1.45272,1.45433,0,0
2015-05-20,12:00:00,1.45433,1.45653,1.45242,1.45597,0,0
2015-05-20,13:00:00,1.45592,1.45949,1.45551,1.45893,0,0
2015-05-20,14:00:00,1.45903,1.45905,1.45558,1.45675,0,0
2015-05-20,15:00:00,1.45674,1.45808,1.45498,1.45619,0,0
2015-05-20,16:00:00,1.45595,1.461,1.45538,1.45957,0,0
2015-05-20,17:00:00,1.45914,1.46019,1.45639,1.45987,0,0
2015-05-20,18:00:00,1.46011,1.46123,1.45851,1.4604,0,0
2015-05-20,19:00:00,1.46041,1.46046,1.45674,1.45727,0,0
2015-05-20,20:00:00,1.45732,1.45746,1.45294,1.45396,0,0
2015-05-20,21:00:00,1.45396,1.45576,1.45238,1.45473,0,0
2015-05-20,22:00:00,1.45474,1.45576,1.45368,1.45479,0,0
2015-05-20,23:00:00,1.45463,1.45607,1.45422,1.45607,0,0
2015-05-20,23:59:00,1.45603,1.45636,1.4547,1.4551,0,0
2015-05-21,01:00:00,1.45512,1.45602,1.45512,1.45583,0,0
2015-05-21,02:00:00,1.45583,1.45588,1.45492,1.45503,0,0
2015-05-21,03:00:00,1.45503,1.4555,1.45332,1.45402,0,0
2015-05-21,04:00:00,1.45406,1.45478,1.45371,1.45401,0,0
2015-05-21,05:00:00,1.45403,1.45406,1.45279,1.45304,0,0
2015-05-21,06:00:00,1.45304,1.45365,1.45269,1.45299,0,0
2015-05-21,07:00:00,1.45299,1.45363,1.45206,1.45359,0,0
2015-05-21,08:00:00,1.45348,1.455,1.45249,1.45279,0,0
2015-05-21,09:00:00,1.45277,1.45713,1.45277,1.45429,0,0
2015-05-21,10:00:00,1.45454,1.45564,1.45287,1.45485,0,0
2015-05-21,11:00:00,1.45495,1.46119,1.45332,1.46041,0,0
2015-05-21,12:00:00,1.46045,1.46205,1.45954,1.46129,0,0
2015-05-21,13:00:00,1.46139,1.46301,1.45955,1.46205,0,0
2015-05-21,14:00:00,1.4622,1.46467,1.46107,1.4646,0,0
2015-05-21,15:00:00,1.46447,1.46591,1.46321,1.46506,0,0
2015-05-21,16:00:00,1.46505,1.46582,1.46298,1.46529,0,0
2015-05-21,17:00:00,1.46521,1.46787,1.46355,1.46658,0,0
2015-05-21,18:00:00,1.46645,1.46682,1.4646,1.465,0,0
2015-05-21,19:00:00,1.46482,1.46569,1.46363,1.46402,0,0
2015-05-21,20:00:00,1.464,1.46626,1.46388,1.4661,0,0
2015-05-21,21:00:00,1.46609,1.46652,1.46477,1.46613,0,0
2015-05-21,22:00:00,1.46613,1.46713,1.46555,1.46694,0,0
2015-05-21,23:00:00,1.46697,1.46727,1.46643,1.46705,0,0
2015-05-21,23:59:00,1.46718,1.46809,1.46644,1.46757,0,0
2015-05-22,01:00:00,1.46763,1.46763,1.46676,1.46739,0,0
2015-05-22,02:00:00,1.4674,1.46841,1.46707,1.46818,0,0
2015-05-22,03:00:00,1.46847,1.46847,1.46707,1.46764,0,0
2015-05-22,04:00:00,1.46768,1.46839,1.46673,1.46802,0,0
2015-05-22,05:00:00,1.46799,1.46821,1.46576,1.46597,0,0
2015-05-22,06:00:00,1.46597,1.46651,1.46576,1.46578,0,0
2015-05-22,07:00:00,1.46578,1.46625,1.46491,1.46569,0,0
2015-05-22,08:00:00,1.46575,1.4661,1.46514,1.4654,0,0
2015-05-22,09:00:00,1.46534,1.46546,1.4633,1.46435,0,0
2015-05-22,10:00:00,1.46425,1.46515,1.46219,1.46309,0,0
2015-05-22,11:00:00,1.46303,1.46306,1.45831,1.45986,0,0
2015-05-22,12:00:00,1.45981,1.46113,1.4558,1.45679,0,0
2015-05-22,13:00:00,1.45673,1.45693,1.4534,1.45689,0,0
2015-05-22,14:00:00,1.45685,1.45972,1.45491,1.45927,0,0
2015-05-22,15:00:00,1.45928,1.46623,1.45824,1.46243,0,0
2015-05-22,16:00:00,1.4629,1.46588,1.46287,1.46336,0,0
2015-05-22,17:00:00,1.46347,1.46536,1.46079,1.46088,0,0
2015-05-22,18:00:00,1.46092,1.46173,1.45947,1.45998,0,0
2015-05-22,19:00:00,1.46,1.46039,1.45852,1.45968,0,0
2015-05-22,20:00:00,1.45968,1.46142,1.45917,1.46117,0,0
2015-05-22,21:00:00,1.46115,1.46151,1.45974,1.46074,0,0
2015-05-22,22:00:00,1.46074,1.46194,1.46061,1.46121,0,0
2015-05-22,23:00:00,1.46113,1.46121,1.4611,1.46119,0,0
2015-05-25,01:00:00,1.45951,1.46131,1.45951,1.46032,0,0
2015-05-25,02:00:00,1.46021,1.46063,1.45953,1.4596,0,0
2015-05-25,03:00:00,1.45962,1.46197,1.45962,1.46058,0,0
2015-05-25,04:00:00,1.46049,1.4611,1.46031,1.46087,0,0
2015-05-25,05:00:00,1.46087,1.46102,1.4592,1.45951,0,0
2015-05-25,06:00:00,1.45944,1.45962,1.45869,1.45898,0,0
2015-05-25,07:00:00,1.459,1.45929,1.4588,1.4588,0,0
2015-05-25,08:00:00,1.4588,1.45923,1.4577,1.45793,0,0
2015-05-25,09:00:00,1.45796,1.45918,1.45637,1.45837,0,0
2015-05-25,10:00:00,1.45822,1.4626,1.45799,1.46239,0,0
2015-05-25,11:00:00,1.46237,1.46295,1.46041,1.46042,0,0
2015-05-25,12:00:00,1.46042,1.46149,1.45953,1.46125,0,0
2015-05-25,13:00:00,1.46127,1.46199,1.46094,1.46096,0,0
2015-05-25,14:00:00,1.461,1.46144,1.45864,1.45913,0,0
2015-05-25,15:00:00,1.45916,1.45928,1.45721,1.45787,0,0
2015-05-25,16:00:00,1.45792,1.45886,1.45688,1.45869,0,0
2015-05-25,17:00:00,1.45874,1.46078,1.45863,1.46028,0,0
2015-05-25,18:00:00,1.46026,1.46123,1.45968,1.46054,0,0
2015-05-25,19:00:00,1.46064,1.4627,1.46056,1.4625,0,0
2015-05-25,20:00:00,1.46197,1.46278,1.46197,1.46278,0,0
2015-05-25,21:00:00,1.46278,1.46284,1.46241,1.46264,0,0
2015-05-25,22:00:00,1.46259,1.46294,1.46186,1.46246,0,0
2015-05-25,23:00:00,1.46258,1.4631,1.46169,1.46204,0,0
2015-05-25,23:59:00,1.46204,1.46302,1.46181,1.46261,0,0
2015-05-26,01:00:00,1.46261,1.46297,1.4622,1.46254,0,0
2015-05-26,02:00:00,1.46254,1.4634,1.46235,1.46321,0,0
2015-05-26,03:00:00,1.46319,1.46414,1.46273,1.46305,0,0
2015-05-26,04:00:00,1.46305,1.46392,1.46196,1.46228,0,0
2015-05-26,05:00:00,1.4623,1.46236,1.46095,1.46151,0,0
2015-05-26,06:00:00,1.46153,1.46294,1.46153,1.46277,0,0
2015-05-26,07:00:00,1.46279,1.46403,1.46279,1.46394,0,0
2015-05-26,08:00:00,1.46394,1.46442,1.46323,1.46424,0,0
2015-05-26,09:00:00,1.46436,1.46652,1.46301,1.46544,0,0
2015-05-26,10:00:00,1.46546,1.46624,1.46292,1.46354,0,0
2015-05-26,11:00:00,1.46351,1.46502,1.46261,1.46464,0,0
2015-05-26,12:00:00,1.46468,1.4649,1.45832,1.45882,0,0
2015-05-26,13:00:00,1.45903,1.46238,1.45762,1.46198,0,0
2015-05-26,14:00:00,1.46197,1.46205,1.45893,1.45935,0,0
2015-05-26,15:00:00,1.45927,1.46137,1.45859,1.46051,0,0
2015-05-26,16:00:00,1.46042,1.46119,1.45821,1.45888,0,0
2015-05-26,17:00:00,1.45858,1.46158,1.45858,1.46018,0,0
2015-05-26,18:00:00,1.46049,1.46349,1.46016,1.4633,0,0
2015-05-26,19:00:00,1.46344,1.46397,1.4619,1.46212,0,0
2015-05-26,20:00:00,1.46204,1.46425,1.46203,1.46404,0,0
2015-05-26,21:00:00,1.46416,1.46632,1.46332,1.46586,0,0
2015-05-26,22:00:00,1.46592,1.4666,1.46564,1.46615,0,0
2015-05-26,23:00:00,1.46617,1.46697,1.46556,1.46675,0,0
2015-05-26,23:59:00,1.46667,1.4676,1.46611,1.46644,0,0
2015-05-27,01:00:00,1.46663,1.46692,1.46595,1.4664,0,0
2015-05-27,02:00:00,1.46639,1.46669,1.46538,1.46538,0,0
2015-05-27,03:00:00,1.46538,1.46632,1.46534,1.46584,0,0
2015-05-27,04:00:00,1.46587,1.46661,1.46539,1.46582,0,0
2015-05-27,05:00:00,1.46588,1.46615,1.46476,1.46506,0,0
2015-05-27,06:00:00,1.46507,1.46552,1.46462,1.46486,0,0
2015-05-27,07:00:00,1.46486,1.46536,1.46429,1.46535,0,0
2015-05-27,08:00:00,1.46517,1.46543,1.46359,1.46529,0,0
2015-05-27,09:00:00,1.46543,1.46578,1.45991,1.45997,0,0
2015-05-27,10:00:00,1.46009,1.46285,1.45993,1.46163,0,0
2015-05-27,11:00:00,1.46163,1.4624,1.45924,1.4599,0,0
2015-05-27,12:00:00,1.45996,1.46049,1.4586,1.46005,0,0
2015-05-27,13:00:00,1.46012,1.46217,1.46003,1.46087,0,0
2015-05-27,14:00:00,1.46063,1.46347,1.45943,1.4622,0,0
2015-05-27,15:00:00,1.46226,1.4632,1.45976,1.46279,0,0
2015-05-27,16:00:00,1.46273,1.463,1.45918,1.45997,0,0
2015-05-27,17:00:00,1.46007,1.46061,1.4568,1.4582,0,0
2015-05-27,18:00:00,1.45834,1.45917,1.45416,1.45696,0,0
2015-05-27,19:00:00,1.45693,1.45852,1.45648,1.45677,0,0
2015-05-27,20:00:00,1.45676,1.45764,1.45551,1.45714,0,0
2015-05-27,21:00:00,1.45715,1.46002,1.45715,1.45924,0,0
2015-05-27,22:00:00,1.45914,1.45988,1.45817,1.45877,0,0
2015-05-27,23:00:00,1.45869,1.45924,1.45774,1.45774,0,0
2015-05-27,23:59:00,1.45804,1.45906,1.45746,1.45891,0,0
2015-05-28,01:00:00,1.45901,1.45921,1.45759,1.45794,0,0
2015-05-28,02:00:00,1.45794,1.45825,1.45771,1.45797,0,0
2015-05-28,03:00:00,1.45797,1.45815,1.45637,1.45689,0,0
2015-05-28,04:00:00,1.45683,1.45809,1.45618,1.45763,0,0
2015-05-28,05:00:00,1.45766,1.458,1.45641,1.45742,0,0
2015-05-28,06:00:00,1.45731,1.45763,1.45553,1.45654,0,0
2015-05-28,07:00:00,1.45654,1.45672,1.45547,1.45572,0,0
2015-05-28,08:00:00,1.45574,1.45717,1.45555,1.45649,0,0
2015-05-28,09:00:00,1.45649,1.45778,1.45409,1.45433,0,0
2015-05-28,10:00:00,1.45436,1.45517,1.45245,1.45296,0,0
2015-05-28,11:00:00,1.45294,1.45662,1.45005,1.4507,0,0
2015-05-28,12:00:00,1.45082,1.45178,1.44918,1.44922,0,0
2015-05-28,13:00:00,1.44924,1.44954,1.44634,1.44717,0,0
2015-05-28,14:00:00,1.44728,1.45142,1.4459,1.45092,0,0
2015-05-28,15:00:00,1.45115,1.45309,1.4495,1.45044,0,0
2015-05-28,16:00:00,1.45047,1.45188,1.45041,1.45103,0,0
2015-05-28,17:00:00,1.45106,1.45185,1.44588,1.44599,0,0
2015-05-28,18:00:00,1.44604,1.44656,1.44462,1.44633,0,0
2015-05-28,19:00:00,1.44617,1.44712,1.44466,1.44543,0,0
2015-05-28,20:00:00,1.44536,1.44558,1.44316,1.44456,0,0
2015-05-28,21:00:00,1.4445,1.44512,1.44391,1.44445,0,0
2015-05-28,22:00:00,1.44433,1.4455,1.44417,1.4452,0,0
2015-05-28,23:00:00,1.44533,1.44598,1.4444,1.44549,0,0
2015-05-28,23:59:00,1.44557,1.4478,1.44333,1.44504,0,0
2015-05-29,01:00:00,1.44487,1.44529,1.44361,1.44401,0,0
2015-05-29,02:00:00,1.44402,1.44494,1.44391,1.44474,0,0
2015-05-29,03:00:00,1.44474,1.44525,1.44409,1.44421,0,0
2015-05-29,04:00:00,1.44418,1.4461,1.44382,1.44538,0,0
2015-05-29,05:00:00,1.4454,1.44606,1.44523,1.44551,0,0
2015-05-29,06:00:00,1.44551,1.44554,1.44412,1.44413,0,0
2015-05-29,07:00:00,1.4442,1.44462,1.44316,1.44386,0,0
2015-05-29,08:00:00,1.44391,1.44657,1.44384,1.44632,0,0
2015-05-29,09:00:00,1.44646,1.44933,1.4458,1.44913,0,0
2015-05-29,10:00:00,1.44919,1.44966,1.44435,1.44491,0,0
2015-05-29,11:00:00,1.44487,1.44554,1.44209,1.44281,0,0
2015-05-29,12:00:00,1.44325,1.44431,1.43833,1.43855,0,0
2015-05-29,13:00:00,1.43861,1.43897,1.43561,1.43603,0,0
2015-05-29,14:00:00,1.43573,1.43907,1.43479,1.43658,0,0
2015-05-29,15:00:00,1.43656,1.43846,1.43465,1.43669,0,0
2015-05-29,16:00:00,1.43669,1.43773,1.4302,1.43134,0,0
2015-05-29,17:00:00,1.43198,1.43975,1.43136,1.43975,0,0
2015-05-29,18:00:00,1.44023,1.44183,1.43727,1.43754,0,0
2015-05-29,19:00:00,1.43763,1.43866,1.43559,1.43864,0,0
2015-05-29,20:00:00,1.43864,1.43879,1.43663,1.43763,0,0
2015-05-29,21:00:00,1.43758,1.43769,1.43651,1.43726,0,0
2015-05-29,22:00:00,1.43733,1.43771,1.43601,1.43662,0,0
2015-05-29,23:00:00,1.43675,1.43719,1.43675,1.43719,0,0
2015-06-01,01:00:00,1.43704,1.43845,1.43675,1.43835,0,0
2015-06-01,02:00:00,1.43833,1.43944,1.43756,1.43911,0,0
2015-06-01,03:00:00,1.43919,1.44052,1.43864,1.43917,0,0
2015-06-01,04:00:00,1.43917,1.44075,1.43896,1.4407,0,0
2015-06-01,05:00:00,1.44065,1.4417,1.4403,1.44166,0,0
2015-06-01,06:00:00,1.44161,1.44208,1.44052,1.44072,0,0
2015-06-01,07:00:00,1.44072,1.44158,1.44062,1.44133,0,0
2015-06-01,08:00:00,1.44133,1.44327,1.44131,1.44265,0,0
2015-06-01,09:00:00,1.44263,1.44579,1.44236,1.44346,0,0
2015-06-01,10:00:00,1.4434,1.44706,1.44304,1.44419,0,0
2015-06-01,11:00:00,1.44412,1.44483,1.44161,1.44202,0,0
2015-06-01,12:00:00,1.44203,1.44307,1.43876,1.4401,0,0
2015-06-01,13:00:00,1.4403,1.44087,1.43695,1.43739,0,0
2015-06-01,14:00:00,1.43752,1.44035,1.43733,1.43748,0,0
2015-06-01,15:00:00,1.43754,1.43891,1.43503,1.43831,0,0
2015-06-01,16:00:00,1.4381,1.43855,1.43578,1.43694,0,0
2015-06-01,17:00:00,1.43703,1.43932,1.43526,1.43924,0,0
2015-06-01,18:00:00,1.43893,1.4396,1.43687,1.43802,0,0
2015-06-01,19:00:00,1.438,1.4393,1.43684,1.4378,0,0
2015-06-01,20:00:00,1.43767,1.43846,1.43645,1.43776,0,0
2015-06-01,21:00:00,1.43769,1.43877,1.43722,1.43784,0,0
2015-06-01,22:00:00,1.43766,1.43825,1.43716,1.43793,0,0
2015-06-01,23:00:00,1.43791,1.43839,1.43721,1.43792,0,0
2015-06-01,23:59:00,1.43792,1.4396,1.43624,1.43774,0,0
2015-06-02,01:00:00,1.43771,1.43825,1.43739,1.43773,0,0
2015-06-02,02:00:00,1.43775,1.43827,1.43754,1.43781,0,0
2015-06-02,03:00:00,1.43775,1.43794,1.43679,1.43703,0,0
2015-06-02,04:00:00,1.437,1.43735,1.43664,1.43696,0,0
2015-06-02,05:00:00,1.43696,1.43751,1.4368,1.43709,0,0
2015-06-02,06:00:00,1.43708,1.43725,1.43628,1.43632,0,0
2015-06-02,07:00:00,1.43632,1.43641,1.43571,1.43616,0,0
2015-06-02,08:00:00,1.43616,1.43766,1.43589,1.43744,0,0
2015-06-02,09:00:00,1.43747,1.4384,1.43315,1.43328,0,0
2015-06-02,10:00:00,1.43336,1.43425,1.43106,1.43322,0,0
2015-06-02,11:00:00,1.43354,1.43653,1.43283,1.43479,0,0
2015-06-02,12:00:00,1.43473,1.43644,1.43259,1.43635,0,0
2015-06-02,13:00:00,1.43655,1.4374,1.43216,1.43305,0,0
2015-06-02,14:00:00,1.43304,1.43426,1.43075,1.43354,0,0
2015-06-02,15:00:00,1.43352,1.4358,1.43227,1.4326,0,0
2015-06-02,16:00:00,1.4326,1.43351,1.42665,1.42991,0,0
2015-06-02,17:00:00,1.42994,1.43265,1.42872,1.43194,0,0
2015-06-02,18:00:00,1.43189,1.43278,1.42996,1.43259,0,0
2015-06-02,19:00:00,1.43262,1.43383,1.4314,1.43181,0,0
2015-06-02,20:00:00,1.43263,1.43308,1.43132,1.43151,0,0
2015-06-02,21:00:00,1.43152,1.43174,1.43058,1.43059,0,0
2015-06-02,22:00:00,1.43044,1.43191,1.43044,1.43153,0,0
2015-06-02,23:00:00,1.43151,1.43203,1.43112,1.43173,0,0
2015-06-02,23:59:00,1.4317,1.43225,1.43132,1.43175,0,0
2015-06-03,01:00:00,1.43185,1.43195,1.4312,1.43193,0,0
2015-06-03,02:00:00,1.43193,1.43201,1.43142,1.43165,0,0
2015-06-03,03:00:00,1.43168,1.43267,1.43163,1.43212,0,0
2015-06-03,04:00:00,1.43211,1.43336,1.43137,1.43329,0,0
2015-06-03,05:00:00,1.43328,1.43333,1.4312,1.43135,0,0
2015-06-03,06:00:00,1.4314,1.43265,1.4314,1.43257,0,0
2015-06-03,07:00:00,1.43277,1.43277,1.43195,1.43218,0,0
2015-06-03,08:00:00,1.43216,1.43348,1.43085,1.43348,0,0
2015-06-03,09:00:00,1.43365,1.43425,1.42999,1.43187,0,0
2015-06-03,10:00:00,1.43195,1.43555,1.43195,1.43462,0,0
2015-06-03,11:00:00,1.4346,1.43461,1.42557,1.42876,0,0
2015-06-03,12:00:00,1.42844,1.43004,1.42751,1.42863,0,0
2015-06-03,13:00:00,1.42885,1.43213,1.42856,1.43105,0,0
2015-06-03,14:00:00,1.43121,1.43405,1.43024,1.43371,0,0
2015-06-03,15:00:00,1.43371,1.43866,1.4324,1.43546,0,0
2015-06-03,16:00:00,1.43541,1.43559,1.42795,1.42835,0,0
2015-06-03,17:00:00,1.42822,1.43418,1.42746,1.43356,0,0
2015-06-03,18:00:00,1.43355,1.43441,1.43242,1.43337,0,0
2015-06-03,19:00:00,1.43312,1.43351,1.43185,1.43257,0,0
2015-06-03,20:00:00,1.43255,1.4339,1.43189,1.43347,0,0
2015-06-03,21:00:00,1.43336,1.43338,1.43217,1.43294,0,0
2015-06-03,22:00:00,1.43302,1.43371,1.43225,1.43269,0,0
2015-06-03,23:00:00,1.43258,1.43328,1.43144,1.43255,0,0
2015-06-03,23:59:00,1.43272,1.43294,1.43123,1.43214,0,0
2015-06-04,01:00:00,1.43214,1.43243,1.43133,1.43133,0,0
2015-06-04,02:00:00,1.43139,1.43277,1.43133,1.43241,0,0
2015-06-04,03:00:00,1.43238,1.43255,1.43168,1.43214,0,0
2015-06-04,04:00:00,1.43214,1.43272,1.43137,1.43238,0,0
2015-06-04,05:00:00,1.43233,1.43311,1.43198,1.43242,0,0
2015-06-04,06:00:00,1.43234,1.43268,1.43184,1.43229,0,0
2015-06-04,07:00:00,1.43223,1.4324,1.43144,1.43193,0,0
2015-06-04,08:00:00,1.43191,1.43205,1.43135,1.43183,0,0
2015-06-04,09:00:00,1.43182,1.43335,1.42988,1.43319,0,0
2015-06-04,10:00:00,1.43308,1.43621,1.43293,1.43473,0,0
2015-06-04,11:00:00,1.43474,1.43477,1.42971,1.43213,0,0
2015-06-04,12:00:00,1.43179,1.43589,1.43041,1.43461,0,0
2015-06-04,13:00:00,1.43484,1.43584,1.43288,1.4345,0,0
2015-06-04,14:00:00,1.43452,1.43502,1.43244,1.4338,0,0
2015-06-04,15:00:00,1.43375,1.43663,1.43368,1.43558,0,0
2015-06-04,16:00:00,1.43565,1.43709,1.43356,1.43575,0,0
2015-06-04,17:00:00,1.43575,1.43718,1.43391,1.43518,0,0
2015-06-04,18:00:00,1.43525,1.4366,1.43423,1.43578,0,0
2015-06-04,19:00:00,1.43567,1.43639,1.4337,1.43505,0,0
2015-06-04,20:00:00,1.43506,1.43648,1.43389,1.43505,0,0
2015-06-04,21:00:00,1.435,1.4352,1.43347,1.43361,0,0
2015-06-04,22:00:00,1.4339,1.43406,1.43294,1.43362,0,0
2015-06-04,23:00:00,1.43361,1.43473,1.43338,1.43466,0,0
2015-06-04,23:59:00,1.43471,1.43471,1.4332,1.4345,0,0
2015-06-05,01:00:00,1.43439,1.43584,1.43402,1.43567,0,0
2015-06-05,02:00:00,1.4357,1.43759,1.43518,1.43603,0,0
2015-06-05,03:00:00,1.43606,1.4373,1.43599,1.43657,0,0
2015-06-05,04:00:00,1.43659,1.43724,1.43592,1.43602,0,0
2015-06-05,05:00:00,1.43605,1.43625,1.43568,1.43582,0,0
2015-06-05,06:00:00,1.43584,1.43649,1.43576,1.43578,0,0
2015-06-05,07:00:00,1.43578,1.43599,1.43435,1.43467,0,0
2015-06-05,08:00:00,1.43467,1.43492,1.43363,1.43363,0,0
2015-06-05,09:00:00,1.43361,1.43363,1.42998,1.42998,0,0
2015-06-05,10:00:00,1.42996,1.43049,1.42547,1.42673,0,0
2015-06-05,11:00:00,1.42672,1.42882,1.42637,1.42724,0,0
2015-06-05,12:00:00,1.42725,1.42889,1.42706,1.42749,0,0
2015-06-05,13:00:00,1.42741,1.43108,1.42732,1.42961,0,0
2015-06-05,14:00:00,1.42964,1.43112,1.42797,1.43031,0,0
2015-06-05,15:00:00,1.43041,1.44102,1.42891,1.44102,0,0
2015-06-05,16:00:00,1.44097,1.44446,1.43957,1.443,0,0
2015-06-05,17:00:00,1.44324,1.44371,1.4401,1.4434,0,0
2015-06-05,18:00:00,1.44342,1.44449,1.43921,1.44043,0,0
2015-06-05,19:00:00,1.44058,1.44086,1.43593,1.43595,0,0
2015-06-05,20:00:00,1.43571,1.43765,1.43401,1.436,0,0
2015-06-05,21:00:00,1.43588,1.43654,1.43349,1.43507,0,0
2015-06-05,22:00:00,1.43496,1.43583,1.43439,1.43517,0,0
2015-06-05,23:00:00,1.43539,1.43588,1.43539,1.43588,0,0
2015-06-08,01:00:00,1.43632,1.43632,1.43525,1.43587,0,0
2015-06-08,02:00:00,1.43591,1.43608,1.43507,1.43583,0,0
2015-06-08,03:00:00,1.43584,1.43693,1.43524,1.43679,0,0
2015-06-08,04:00:00,1.43685,1.43726,1.43644,1.4367,0,0
2015-06-08,05:00:00,1.43673,1.43792,1.43671,1.43727,0,0
2015-06-08,06:00:00,1.43727,1.43738,1.43678,1.43685,0,0
2015-06-08,07:00:00,1.43685,1.43746,1.4366,1.43705,0,0
2015-06-08,08:00:00,1.43705,1.43777,1.43655,1.43704,0,0
2015-06-08,09:00:00,1.43688,1.43895,1.43392,1.43715,0,0
2015-06-08,10:00:00,1.43718,1.43718,1.43125,1.43218,0,0
2015-06-08,11:00:00,1.43214,1.43497,1.43074,1.43187,0,0
2015-06-08,12:00:00,1.43182,1.43259,1.43062,1.43217,0,0
2015-06-08,13:00:00,1.43221,1.43313,1.43153,1.4324,0,0
2015-06-08,14:00:00,1.43243,1.43243,1.43048,1.43072,0,0
2015-06-08,15:00:00,1.43073,1.43178,1.42925,1.43143,0,0
2015-06-08,16:00:00,1.43148,1.43346,1.4309,1.4323,0,0
2015-06-08,17:00:00,1.4321,1.43254,1.42859,1.43055,0,0
2015-06-08,18:00:00,1.43051,1.43116,1.42413,1.42604,0,0
2015-06-08,19:00:00,1.42609,1.42709,1.4254,1.4268,0,0
2015-06-08,20:00:00,1.42742,1.42771,1.42358,1.42415,0,0
2015-06-08,21:00:00,1.42414,1.42547,1.42353,1.42483,0,0
2015-06-08,22:00:00,1.42482,1.42578,1.42427,1.42486,0,0
2015-06-08,23:00:00,1.42492,1.42537,1.42151,1.42347,0,0
2015-06-08,23:59:00,1.42365,1.42438,1.42306,1.42338,0,0
2015-06-09,01:00:00,1.42334,1.4236,1.42251,1.42283,0,0
2015-06-09,02:00:00,1.42283,1.42352,1.42262,1.42295,0,0
2015-06-09,03:00:00,1.42302,1.42354,1.4225,1.42312,0,0
2015-06-09,04:00:00,1.42312,1.42339,1.42116,1.42287,0,0
2015-06-09,05:00:00,1.42225,1.42299,1.42225,1.42271,0,0
2015-06-09,06:00:00,1.42271,1.42302,1.42239,1.42243,0,0
2015-06-09,07:00:00,1.42248,1.423,1.42157,1.42228,0,0
2015-06-09,08:00:00,1.42226,1.42283,1.42183,1.42257,0,0
2015-06-09,09:00:00,1.42254,1.42554,1.42113,1.42279,0,0
2015-06-09,10:00:00,1.42283,1.4238,1.41581,1.41632,0,0
2015-06-09,11:00:00,1.41653,1.41864,1.41413,1.41793,0,0
2015-06-09,12:00:00,1.41794,1.42007,1.41688,1.41984,0,0
2015-06-09,13:00:00,1.41983,1.42106,1.41844,1.41851,0,0
2015-06-09,14:00:00,1.41834,1.42515,1.41738,1.42451,0,0
2015-06-09,15:00:00,1.42461,1.4272,1.42252,1.4258,0,0
2015-06-09,16:00:00,1.4258,1.4258,1.42338,1.42437,0,0
2015-06-09,17:00:00,1.42406,1.42749,1.42238,1.42636,0,0
2015-06-09,18:00:00,1.42633,1.43031,1.42589,1.43009,0,0
2015-06-09,19:00:00,1.43009,1.43159,1.42849,1.43105,0,0
2015-06-09,20:00:00,1.43105,1.43257,1.43073,1.43159,0,0
2015-06-09,21:00:00,1.43159,1.43243,1.4313,1.43171,0,0
2015-06-09,22:00:00,1.43172,1.43249,1.43137,1.43223,0,0
2015-06-09,23:00:00,1.43219,1.43251,1.43174,1.432,0,0
2015-06-09,23:59:00,1.43198,1.43262,1.43172,1.43217,0,0
2015-06-10,01:00:00,1.43217,1.43257,1.43215,1.43226,0,0
2015-06-10,02:00:00,1.43233,1.43248,1.43124,1.43177,0,0
2015-06-10,03:00:00,1.43179,1.43217,1.43087,1.43127,0,0
2015-06-10,04:00:00,1.43129,1.43216,1.43085,1.43181,0,0
2015-06-10,05:00:00,1.4318,1.43321,1.4318,1.4331,0,0
2015-06-10,06:00:00,1.43312,1.43327,1.43203,1.43263,0,0
2015-06-10,07:00:00,1.43257,1.43403,1.43197,1.4332,0,0
2015-06-10,08:00:00,1.43319,1.43481,1.43233,1.43391,0,0
2015-06-10,09:00:00,1.43395,1.43419,1.43044,1.43056,0,0
2015-06-10,10:00:00,1.4303,1.4303,1.4272,1.42878,0,0
2015-06-10,11:00:00,1.42877,1.43142,1.4272,1.43087,0,0
2015-06-10,12:00:00,1.43088,1.43681,1.43085,1.43679,0,0
2015-06-10,13:00:00,1.43679,1.43874,1.4358,1.4362,0,0
2015-06-10,14:00:00,1.43611,1.44022,1.43485,1.43978,0,0
2015-06-10,15:00:00,1.43981,1.4408,1.43857,1.43914,0,0
2015-06-10,16:00:00,1.43915,1.44028,1.43794,1.44009,0,0
2015-06-10,17:00:00,1.44028,1.44334,1.43823,1.44315,0,0
2015-06-10,18:00:00,1.44319,1.4436,1.4408,1.44323,0,0
2015-06-10,19:00:00,1.44323,1.44496,1.44062,1.44409,0,0
2015-06-10,20:00:00,1.44408,1.44686,1.44387,1.44566,0,0
2015-06-10,21:00:00,1.44568,1.44703,1.44521,1.44683,0,0
2015-06-10,22:00:00,1.44686,1.44731,1.44605,1.44682,0,0
2015-06-10,23:00:00,1.4465,1.44703,1.44612,1.44665,0,0
2015-06-10,23:59:00,1.44638,1.447,1.44487,1.44554,0,0
2015-06-11,01:00:00,1.44592,1.44657,1.4453,1.44543,0,0
2015-06-11,02:00:00,1.44543,1.44561,1.44455,1.4449,0,0
2015-06-11,03:00:00,1.44501,1.44524,1.44438,1.44495,0,0
2015-06-11,04:00:00,1.44491,1.44644,1.44387,1.44632,0,0
2015-06-11,05:00:00,1.44624,1.44653,1.44529,1.44562,0,0
2015-06-11,06:00:00,1.44565,1.44608,1.445,1.44585,0,0
2015-06-11,07:00:00,1.44582,1.44662,1.445,1.44542,0,0
2015-06-11,08:00:00,1.44542,1.44568,1.44287,1.44303,0,0
2015-06-11,09:00:00,1.44293,1.44362,1.43918,1.4408,0,0
2015-06-11,10:00:00,1.44077,1.4429,1.4389,1.44176,0,0
2015-06-11,11:00:00,1.44196,1.44917,1.44166,1.44694,0,0
2015-06-11,12:00:00,1.44676,1.44947,1.4457,1.44693,0,0
2015-06-11,13:00:00,1.447,1.4478,1.44482,1.44498,0,0
2015-06-11,14:00:00,1.44485,1.44744,1.44485,1.44706,0,0
2015-06-11,15:00:00,1.44707,1.45179,1.44585,1.44857,0,0
2015-06-11,16:00:00,1.44871,1.4505,1.44777,1.4499,0,0
2015-06-11,17:00:00,1.44998,1.45417,1.44888,1.45032,0,0
2015-06-11,18:00:00,1.45045,1.45183,1.44909,1.45104,0,0
2015-06-11,19:00:00,1.45103,1.45213,1.45009,1.45077,0,0
2015-06-11,20:00:00,1.45077,1.45207,1.45074,1.45147,0,0
2015-06-11,21:00:00,1.45157,1.45166,1.44956,1.44967,0,0
2015-06-11,22:00:00,1.44963,1.45002,1.44798,1.44899,0,0
2015-06-11,23:00:00,1.44906,1.44968,1.44797,1.4481,0,0
2015-06-11,23:59:00,1.44799,1.44909,1.44693,1.44864,0,0
2015-06-12,01:00:00,1.4487,1.44922,1.4482,1.44858,0,0
2015-06-12,02:00:00,1.44851,1.44906,1.4482,1.44906,0,0
2015-06-12,03:00:00,1.44905,1.44923,1.44833,1.44853,0,0
2015-06-12,04:00:00,1.44851,1.44936,1.44817,1.44817,0,0
2015-06-12,05:00:00,1.44817,1.44862,1.44765,1.44828,0,0
2015-06-12,06:00:00,1.44828,1.44854,1.44767,1.44828,0,0
2015-06-12,07:00:00,1.44826,1.44902,1.4472,1.44898,0,0
2015-06-12,08:00:00,1.44898,1.449,1.44799,1.44821,0,0
2015-06-12,09:00:00,1.44816,1.44896,1.44705,1.44888,0,0
2015-06-12,10:00:00,1.44888,1.44925,1.44662,1.44869,0,0
2015-06-12,11:00:00,1.44869,1.4531,1.44744,1.45101,0,0
2015-06-12,12:00:00,1.45095,1.4526,1.44775,1.44851,0,0
2015-06-12,13:00:00,1.44847,1.44992,1.44797,1.44938,0,0
2015-06-12,14:00:00,1.44936,1.44937,1.44559,1.44574,0,0
2015-06-12,15:00:00,1.4458,1.4465,1.44157,1.44185,0,0
2015-06-12,16:00:00,1.44183,1.442,1.43844,1.44143,0,0
2015-06-12,17:00:00,1.44146,1.44372,1.4408,1.44267,0,0
2015-06-12,18:00:00,1.44263,1.44459,1.44158,1.44362,0,0
2015-06-12,19:00:00,1.44363,1.44452,1.44001,1.44113,0,0
2015-06-12,20:00:00,1.44105,1.44292,1.44091,1.44281,0,0
2015-06-12,21:00:00,1.44285,1.44416,1.44272,1.4437,0,0
2015-06-12,22:00:00,1.44367,1.44631,1.44366,1.44619,0,0
2015-06-12,23:00:00,1.44609,1.44616,1.44596,1.44597,0,0
2015-06-15,01:00:00,1.44642,1.44693,1.4458,1.44643,0,0
2015-06-15,02:00:00,1.4464,1.44709,1.44573,1.44697,0,0
2015-06-15,03:00:00,1.44699,1.45069,1.44691,1.44849,0,0
2015-06-15,04:00:00,1.44845,1.45132,1.44824,1.45128,0,0
2015-06-15,05:00:00,1.45106,1.45145,1.44887,1.44899,0,0
2015-06-15,06:00:00,1.44901,1.4491,1.44822,1.44845,0,0
2015-06-15,07:00:00,1.44845,1.44856,1.44774,1.44786,0,0
2015-06-15,08:00:00,1.44775,1.44925,1.44759,1.44923,0,0
2015-06-15,09:00:00,1.44927,1.45062,1.44604,1.44615,0,0
2015-06-15,10:00:00,1.44627,1.44791,1.44569,1.44622,0,0
2015-06-15,11:00:00,1.4463,1.44672,1.44338,1.44451,0,0
2015-06-15,12:00:00,1.4448,1.44555,1.44251,1.44508,0,0
2015-06-15,13:00:00,1.44505,1.44668,1.44269,1.44644,0,0
2015-06-15,14:00:00,1.44635,1.45163,1.44619,1.45152,0,0
2015-06-15,15:00:00,1.45147,1.45442,1.45139,1.45414,0,0
2015-06-15,16:00:00,1.45414,1.45671,1.4525,1.45279,0,0
2015-06-15,17:00:00,1.45277,1.45491,1.45181,1.45339,0,0
2015-06-15,18:00:00,1.45355,1.45683,1.45347,1.45637,0,0
2015-06-15,19:00:00,1.45609,1.45714,1.45446,1.4549,0,0
2015-06-15,20:00:00,1.45496,1.45717,1.45385,1.45385,0,0
2015-06-15,21:00:00,1.45413,1.45428,1.45235,1.45333,0,0
2015-06-15,22:00:00,1.45324,1.45324,1.4481,1.44924,0,0
2015-06-15,23:00:00,1.44934,1.45041,1.44885,1.45001,0,0
2015-06-15,23:59:00,1.45025,1.451,1.44963,1.45051,0,0
2015-06-16,01:00:00,1.4505,1.45087,1.45,1.45067,0,0
2015-06-16,02:00:00,1.45067,1.45085,1.45018,1.45061,0,0
2015-06-16,03:00:00,1.45058,1.45213,1.45025,1.45133,0,0
2015-06-16,04:00:00,1.45157,1.45344,1.45135,1.45278,0,0
2015-06-16,05:00:00,1.45283,1.45314,1.45166,1.45212,0,0
2015-06-16,06:00:00,1.45214,1.45222,1.45116,1.45145,0,0
2015-06-16,07:00:00,1.45145,1.45192,1.4512,1.45155,0,0
2015-06-16,08:00:00,1.45157,1.45232,1.45074,1.4511,0,0
2015-06-16,09:00:00,1.45107,1.45182,1.44803,1.44954,0,0
2015-06-16,10:00:00,1.44946,1.45069,1.44855,1.45024,0,0
2015-06-16,11:00:00,1.45039,1.4518,1.4471,1.44801,0,0
2015-06-16,12:00:00,1.44797,1.45199,1.44789,1.45089,0,0
2015-06-16,13:00:00,1.45088,1.45244,1.45058,1.45202,0,0
2015-06-16,14:00:00,1.45182,1.457,1.45181,1.45678,0,0
2015-06-16,15:00:00,1.4568,1.45848,1.45578,1.45579,0,0
2015-06-16,16:00:00,1.45588,1.45769,1.45476,1.45588,0,0
2015-06-16,17:00:00,1.45583,1.4577,1.45511,1.45521,0,0
2015-06-16,18:00:00,1.45498,1.45837,1.45467,1.45837,0,0
2015-06-16,19:00:00,1.45834,1.45942,1.45789,1.45878,0,0
2015-06-16,20:00:00,1.45867,1.45996,1.45818,1.4583,0,0
2015-06-16,21:00:00,1.45831,1.45964,1.45781,1.45902,0,0
2015-06-16,22:00:00,1.45906,1.45928,1.45823,1.45878,0,0
2015-06-16,23:00:00,1.45881,1.45931,1.4581,1.45891,0,0
2015-06-16,23:59:00,1.45877,1.45921,1.45853,1.45901,0,0
2015-06-17,01:00:00,1.459,1.45929,1.45804,1.45806,0,0
2015-06-17,02:00:00,1.45808,1.45839,1.45719,1.45736,0,0
2015-06-17,03:00:00,1.45734,1.45805,1.45711,1.45727,0,0
2015-06-17,04:00:00,1.45727,1.45739,1.45574,1.4559,0,0
2015-06-17,05:00:00,1.45594,1.4566,1.45589,1.4562,0,0
2015-06-17,06:00:00,1.4562,1.45647,1.45561,1.4561,0,0
2015-06-17,07:00:00,1.45609,1.45645,1.45569,1.45625,0,0
2015-06-17,08:00:00,1.45619,1.45671,1.45568,1.45635,0,0
2015-06-17,09:00:00,1.45633,1.45715,1.45329,1.45486,0,0
2015-06-17,10:00:00,1.45489,1.45489,1.44415,1.44713,0,0
2015-06-17,11:00:00,1.44743,1.45668,1.44674,1.45638,0,0
2015-06-17,12:00:00,1.45638,1.46076,1.45623,1.46067,0,0
2015-06-17,13:00:00,1.46065,1.46272,1.46019,1.46248,0,0
2015-06-17,14:00:00,1.46238,1.46286,1.45874,1.45893,0,0
2015-06-17,15:00:00,1.459,1.45971,1.45743,1.45964,0,0
2015-06-17,16:00:00,1.45962,1.45979,1.45713,1.45816,0,0
2015-06-17,17:00:00,1.45821,1.4618,1.45779,1.46084,0,0
2015-06-17,18:00:00,1.46064,1.46139,1.45573,1.45666,0,0
2015-06-17,19:00:00,1.45645,1.45741,1.45561,1.45624,0,0
2015-06-17,20:00:00,1.45622,1.45798,1.45569,1.45685,0,0
2015-06-17,21:00:00,1.45621,1.46118,1.45476,1.45953,0,0
2015-06-17,22:00:00,1.45968,1.46016,1.45742,1.45965,0,0
2015-06-17,23:00:00,1.46001,1.46064,1.45829,1.4598,0,0
2015-06-17,23:59:00,1.45939,1.46056,1.45899,1.46,0,0
2015-06-18,01:00:00,1.45997,1.46051,1.45944,1.45959,0,0
2015-06-18,02:00:00,1.45959,1.46117,1.45922,1.45987,0,0
2015-06-18,03:00:00,1.45983,1.45983,1.45722,1.45749,0,0
2015-06-18,04:00:00,1.45754,1.45925,1.4574,1.45861,0,0
2015-06-18,05:00:00,1.45861,1.45872,1.45804,1.45861,0,0
2015-06-18,06:00:00,1.45854,1.45862,1.45769,1.45776,0,0
2015-06-18,07:00:00,1.4578,1.45797,1.45663,1.45678,0,0
2015-06-18,08:00:00,1.45687,1.45761,1.45593,1.4562,0,0
2015-06-18,09:00:00,1.45619,1.45863,1.45544,1.45748,0,0
2015-06-18,10:00:00,1.45742,1.4618,1.4574,1.46065,0,0
2015-06-18,11:00:00,1.46031,1.46095,1.45615,1.45846,0,0
2015-06-18,12:00:00,1.45879,1.46151,1.45755,1.45759,0,0
2015-06-18,13:00:00,1.45764,1.46073,1.4575,1.45798,0,0
2015-06-18,14:00:00,1.45773,1.46099,1.45668,1.45955,0,0
2015-06-18,15:00:00,1.45946,1.46141,1.457,1.45827,0,0
2015-06-18,16:00:00,1.45809,1.45817,1.4556,1.45794,0,0
2015-06-18,17:00:00,1.45794,1.45968,1.4571,1.45867,0,0
2015-06-18,18:00:00,1.4588,1.46153,1.45697,1.46057,0,0
2015-06-18,19:00:00,1.46066,1.46568,1.46058,1.46495,0,0
2015-06-18,20:00:00,1.46507,1.46544,1.46294,1.4635,0,0
2015-06-18,21:00:00,1.46355,1.46473,1.46243,1.46333,0,0
2015-06-18,22:00:00,1.46341,1.46438,1.46317,1.46336,0,0
2015-06-18,23:00:00,1.4633,1.46393,1.46288,1.46371,0,0
2015-06-18,23:59:00,1.46309,1.46366,1.46247,1.46341,0,0
2015-06-19,01:00:00,1.46333,1.46366,1.46205,1.4622,0,0
2015-06-19,02:00:00,1.4622,1.46332,1.4622,1.46314,0,0
2015-06-19,03:00:00,1.46314,1.46351,1.46238,1.4632,0,0
2015-06-19,04:00:00,1.46322,1.46363,1.46283,1.46328,0,0
2015-06-19,05:00:00,1.46326,1.46381,1.46306,1.46381,0,0
2015-06-19,06:00:00,1.46373,1.46392,1.46318,1.46335,0,0
2015-06-19,07:00:00,1.46335,1.46429,1.46311,1.46346,0,0
2015-06-19,08:00:00,1.46352,1.46403,1.463,1.46304,0,0
2015-06-19,09:00:00,1.46311,1.46512,1.46291,1.46396,0,0
2015-06-19,10:00:00,1.46392,1.4664,1.46326,1.46442,0,0
2015-06-19,11:00:00,1.46423,1.46519,1.46279,1.46294,0,0
2015-06-19,12:00:00,1.46298,1.46408,1.46159,1.46385,0,0
2015-06-19,13:00:00,1.46378,1.46561,1.46241,1.46241,0,0
2015-06-19,14:00:00,1.46256,1.46515,1.46193,1.46487,0,0
2015-06-19,15:00:00,1.46479,1.46625,1.46403,1.46529,0,0
2015-06-19,16:00:00,1.46536,1.46767,1.46438,1.46563,0,0
2015-06-19,17:00:00,1.46567,1.46655,1.46411,1.46487,0,0
2015-06-19,18:00:00,1.46494,1.46523,1.46141,1.46208,0,0
2015-06-19,19:00:00,1.46201,1.46206,1.45888,1.46144,0,0
2015-06-19,20:00:00,1.46113,1.46156,1.45768,1.45768,0,0
2015-06-19,21:00:00,1.45768,1.45768,1.45567,1.45674,0,0
2015-06-19,22:00:00,1.45672,1.45702,1.45521,1.4558,0,0
2015-06-19,23:00:00,1.45578,1.45607,1.45578,1.45607,0,0
2015-06-22,01:00:00,1.45598,1.45746,1.45571,1.45716,0,0
2015-06-22,02:00:00,1.45715,1.45797,1.45684,1.45797,0,0
2015-06-22,03:00:00,1.45799,1.4581,1.45669,1.45717,0,0
2015-06-22,04:00:00,1.45711,1.45726,1.45587,1.45691,0,0
2015-06-22,05:00:00,1.45689,1.45811,1.45632,1.45782,0,0
2015-06-22,06:00:00,1.45784,1.45831,1.4574,1.45802,0,0
2015-06-22,07:00:00,1.45802,1.45827,1.45749,1.45807,0,0
2015-06-22,08:00:00,1.45806,1.45974,1.45792,1.45917,0,0
2015-06-22,09:00:00,1.45921,1.46016,1.45718,1.45948,0,0
2015-06-22,10:00:00,1.45949,1.46139,1.45713,1.45968,0,0
2015-06-22,11:00:00,1.4591,1.46222,1.45881,1.46026,0,0
2015-06-22,12:00:00,1.46021,1.46102,1.45833,1.45907,0,0
2015-06-22,13:00:00,1.45901,1.46032,1.45595,1.45611,0,0
2015-06-22,14:00:00,1.45632,1.45926,1.45524,1.45877,0,0
2015-06-22,15:00:00,1.4589,1.45925,1.4509,1.45423,0,0
2015-06-22,16:00:00,1.45415,1.45915,1.45244,1.45745,0,0
2015-06-22,17:00:00,1.45741,1.45974,1.45071,1.45096,0,0
2015-06-22,18:00:00,1.45099,1.45427,1.45075,1.45393,0,0
2015-06-22,19:00:00,1.45395,1.458,1.45395,1.4572,0,0
2015-06-22,20:00:00,1.45706,1.45807,1.45638,1.45807,0,0
2015-06-22,21:00:00,1.45805,1.45884,1.45686,1.45873,0,0
2015-06-22,22:00:00,1.45881,1.4593,1.45795,1.45812,0,0
2015-06-22,23:00:00,1.45824,1.45901,1.45783,1.45796,0,0
2015-06-22,23:59:00,1.45837,1.45929,1.45721,1.45822,0,0
2015-06-23,01:00:00,1.45826,1.45852,1.45791,1.45817,0,0
2015-06-23,02:00:00,1.45817,1.45891,1.45789,1.45891,0,0
2015-06-23,03:00:00,1.45896,1.45898,1.45801,1.45883,0,0
2015-06-23,04:00:00,1.45882,1.45937,1.45557,1.45718,0,0
2015-06-23,05:00:00,1.45711,1.46314,1.45573,1.46307,0,0
2015-06-23,06:00:00,1.46298,1.46463,1.46212,1.46354,0,0
2015-06-23,07:00:00,1.46357,1.46357,1.46188,1.463,0,0
2015-06-23,08:00:00,1.463,1.46393,1.46208,1.46257,0,0
2015-06-23,09:00:00,1.46254,1.46585,1.46236,1.46482,0,0
2015-06-23,10:00:00,1.46476,1.46659,1.46307,1.46353,0,0
2015-06-23,11:00:00,1.46349,1.46754,1.46316,1.46645,0,0
2015-06-23,12:00:00,1.46684,1.4714,1.46631,1.4698,0,0
2015-06-23,13:00:00,1.46977,1.47193,1.46923,1.47168,0,0
2015-06-23,14:00:00,1.4715,1.4732,1.47118,1.47233,0,0
2015-06-23,15:00:00,1.47244,1.47623,1.47095,1.47623,0,0
2015-06-23,16:00:00,1.47627,1.47682,1.4737,1.47511,0,0
2015-06-23,17:00:00,1.47503,1.47512,1.4678,1.46918,0,0
2015-06-23,18:00:00,1.46919,1.47137,1.46861,1.47068,0,0
2015-06-23,19:00:00,1.47068,1.47142,1.46905,1.46954,0,0
2015-06-23,20:00:00,1.46955,1.46955,1.46789,1.46803,0,0
2015-06-23,21:00:00,1.46803,1.47016,1.46721,1.46998,0,0
2015-06-23,22:00:00,1.46987,1.47027,1.46877,1.46973,0,0
2015-06-23,23:00:00,1.46959,1.46989,1.46865,1.46897,0,0
2015-06-23,23:59:00,1.46922,1.46975,1.46905,1.4694,0,0
2015-06-24,01:00:00,1.46954,1.46965,1.46897,1.46916,0,0
2015-06-24,02:00:00,1.4692,1.4695,1.46906,1.46928,0,0
2015-06-24,03:00:00,1.46923,1.47029,1.46903,1.46996,0,0
2015-06-24,04:00:00,1.46998,1.47013,1.46857,1.4691,0,0
2015-06-24,05:00:00,1.46912,1.46943,1.46843,1.46903,0,0
2015-06-24,06:00:00,1.46903,1.46944,1.46878,1.46895,0,0
2015-06-24,07:00:00,1.46895,1.47039,1.46824,1.47018,0,0
2015-06-24,08:00:00,1.47018,1.47115,1.46894,1.46916,0,0
2015-06-24,09:00:00,1.46924,1.47189,1.46903,1.47189,0,0
2015-06-24,10:00:00,1.4718,1.47272,1.4666,1.4666,0,0
2015-06-24,11:00:00,1.46652,1.47006,1.46652,1.46948,0,0
2015-06-24,12:00:00,1.46966,1.4715,1.46847,1.46894,0,0
2015-06-24,13:00:00,1.46893,1.47048,1.4683,1.4684,0,0
2015-06-24,14:00:00,1.46833,1.46965,1.46805,1.46813,0,0
2015-06-24,15:00:00,1.46792,1.47083,1.46631,1.47083,0,0
2015-06-24,16:00:00,1.47079,1.47218,1.46996,1.47035,0,0
2015-06-24,17:00:00,1.47008,1.47063,1.46891,1.46971,0,0
2015-06-24,18:00:00,1.47002,1.47093,1.46705,1.46811,0,0
2015-06-24,19:00:00,1.46794,1.46879,1.46665,1.46735,0,0
2015-06-24,20:00:00,1.46729,1.46816,1.46494,1.46607,0,0
2015-06-24,21:00:00,1.46609,1.46667,1.46501,1.46645,0,0
2015-06-24,22:00:00,1.46641,1.46676,1.46522,1.46617,0,0
2015-06-24,23:00:00,1.46624,1.46668,1.46569,1.46644,0,0
2015-06-24,23:59:00,1.46645,1.46725,1.46593,1.46631,0,0
2015-06-25,01:00:00,1.4663,1.46723,1.46589,1.46617,0,0
2015-06-25,02:00:00,1.46617,1.46718,1.46576,1.46632,0,0
2015-06-25,03:00:00,1.46632,1.46656,1.46548,1.46566,0,0
2015-06-25,04:00:00,1.46568,1.46653,1.46547,1.46615,0,0
2015-06-25,05:00:00,1.46612,1.46654,1.46551,1.46574,0,0
2015-06-25,06:00:00,1.46577,1.46582,1.46486,1.46544,0,0
2015-06-25,07:00:00,1.46542,1.466,1.46501,1.46513,0,0
2015-06-25,08:00:00,1.46513,1.46551,1.46358,1.46393,0,0
2015-06-25,09:00:00,1.46452,1.46895,1.46343,1.46843,0,0
2015-06-25,10:00:00,1.46806,1.46857,1.4666,1.46853,0,0
2015-06-25,11:00:00,1.46846,1.4716,1.46709,1.47031,0,0
2015-06-25,12:00:00,1.47029,1.474,1.46993,1.47279,0,0
2015-06-25,13:00:00,1.4729,1.47725,1.47254,1.47629,0,0
2015-06-25,14:00:00,1.4765,1.47946,1.47628,1.4776,0,0
2015-06-25,15:00:00,1.47797,1.47818,1.47415,1.47759,0,0
2015-06-25,16:00:00,1.47762,1.47925,1.47226,1.4759,0,0
2015-06-25,17:00:00,1.47587,1.47625,1.47324,1.47538,0,0
2015-06-25,18:00:00,1.47538,1.47787,1.47409,1.47456,0,0
2015-06-25,19:00:00,1.47451,1.47466,1.47217,1.47348,0,0
2015-06-25,20:00:00,1.47332,1.47521,1.47309,1.47495,0,0
2015-06-25,21:00:00,1.47495,1.47505,1.47249,1.47327,0,0
2015-06-25,22:00:00,1.4732,1.47508,1.47305,1.47495,0,0
2015-06-25,23:00:00,1.47456,1.47497,1.47368,1.47492,0,0
2015-06-25,23:59:00,1.47546,1.4755,1.4734,1.47396,0,0
2015-06-26,01:00:00,1.47389,1.47507,1.47389,1.47481,0,0
2015-06-26,02:00:00,1.47479,1.47525,1.4745,1.47472,0,0
2015-06-26,03:00:00,1.47475,1.47475,1.47307,1.47331,0,0
2015-06-26,04:00:00,1.47335,1.47367,1.47266,1.4732,0,0
2015-06-26,05:00:00,1.4732,1.47428,1.47311,1.47427,0,0
2015-06-26,06:00:00,1.47427,1.47465,1.47373,1.47386,0,0
2015-06-26,07:00:00,1.47386,1.47412,1.47338,1.47346,0,0
2015-06-26,08:00:00,1.47346,1.47532,1.47314,1.47502,0,0
2015-06-26,09:00:00,1.47507,1.47548,1.47262,1.47355,0,0
2015-06-26,10:00:00,1.47357,1.47357,1.47031,1.47057,0,0
2015-06-26,11:00:00,1.47068,1.47099,1.46915,1.46935,0,0
2015-06-26,12:00:00,1.4693,1.47039,1.46794,1.46903,0,0
2015-06-26,13:00:00,1.4691,1.46964,1.46388,1.46589,0,0
2015-06-26,14:00:00,1.46584,1.46789,1.46521,1.46681,0,0
2015-06-26,15:00:00,1.46669,1.46991,1.46608,1.46951,0,0
2015-06-26,16:00:00,1.46946,1.4712,1.46828,1.46866,0,0
2015-06-26,17:00:00,1.4689,1.47128,1.46665,1.4706,0,0
2015-06-26,18:00:00,1.47055,1.47269,1.47025,1.4718,0,0
2015-06-26,19:00:00,1.4718,1.4737,1.47098,1.47174,0,0
2015-06-26,20:00:00,1.47132,1.47169,1.46917,1.47061,0,0
2015-06-26,21:00:00,1.47061,1.47352,1.46997,1.47341,0,0
2015-06-26,22:00:00,1.47327,1.47333,1.4698,1.47052,0,0
2015-06-26,23:00:00,1.47038,1.47038,1.4699,1.47005,0,0
2015-06-29,01:00:00,1.47646,1.47745,1.47112,1.47519,0,0
2015-06-29,02:00:00,1.47522,1.47616,1.47407,1.47565,0,0
2015-06-29,03:00:00,1.47561,1.47636,1.47127,1.47262,0,0
2015-06-29,04:00:00,1.47262,1.47525,1.47262,1.47511,0,0
2015-06-29,05:00:00,1.47507,1.47579,1.47358,1.47558,0,0
2015-06-29,06:00:00,1.47556,1.47577,1.47416,1.47493,0,0
2015-06-29,07:00:00,1.47492,1.47524,1.47406,1.47459,0,0
2015-06-29,08:00:00,1.47449,1.47607,1.47284,1.47399,0,0
2015-06-29,09:00:00,1.47392,1.47569,1.46756,1.46892,0,0
2015-06-29,10:00:00,1.46881,1.47985,1.46795,1.4737,0,0
2015-06-29,11:00:00,1.47364,1.47467,1.47077,1.4714,0,0
2015-06-29,12:00:00,1.4714,1.47243,1.46896,1.46983,0,0
2015-06-29,13:00:00,1.46991,1.47077,1.46476,1.46531,0,0
2015-06-29,14:00:00,1.46547,1.46719,1.46353,1.46594,0,0
2015-06-29,15:00:00,1.46593,1.46756,1.46386,1.46739,0,0
2015-06-29,16:00:00,1.46729,1.46865,1.46395,1.46423,0,0
2015-06-29,17:00:00,1.4639,1.46392,1.45916,1.46279,0,0
2015-06-29,18:00:00,1.46273,1.46472,1.46196,1.46278,0,0
2015-06-29,19:00:00,1.46283,1.46466,1.45622,1.45805,0,0
2015-06-29,20:00:00,1.45797,1.45927,1.455,1.45749,0,0
2015-06-29,21:00:00,1.45751,1.45863,1.45555,1.45671,0,0
2015-06-29,22:00:00,1.45683,1.45844,1.45579,1.45601,0,0
2015-06-29,23:00:00,1.45581,1.45716,1.45519,1.4557,0,0
2015-06-29,23:59:00,1.45589,1.45592,1.4551,1.45523,0,0
2015-06-30,01:00:00,1.45518,1.45634,1.4548,1.45591,0,0
2015-06-30,02:00:00,1.45597,1.45664,1.4558,1.45637,0,0
2015-06-30,03:00:00,1.45637,1.45773,1.45637,1.45725,0,0
2015-06-30,04:00:00,1.45721,1.45875,1.45662,1.4587,0,0
2015-06-30,05:00:00,1.45858,1.459,1.45763,1.45862,0,0
2015-06-30,06:00:00,1.45859,1.4615,1.45836,1.46025,0,0
2015-06-30,07:00:00,1.46292,1.46394,1.46025,1.46385,0,0
2015-06-30,08:00:00,1.46383,1.46383,1.46223,1.46287,0,0
2015-06-30,09:00:00,1.46286,1.46493,1.46109,1.46342,0,0
2015-06-30,10:00:00,1.46357,1.46465,1.46119,1.46309,0,0
2015-06-30,11:00:00,1.46309,1.46605,1.46299,1.46447,0,0
2015-06-30,12:00:00,1.46459,1.46489,1.46144,1.46198,0,0
2015-06-30,13:00:00,1.46199,1.46306,1.45962,1.46108,0,0
2015-06-30,14:00:00,1.46093,1.46312,1.4607,1.46245,0,0
2015-06-30,15:00:00,1.46272,1.46612,1.46223,1.46585,0,0
2015-06-30,16:00:00,1.46588,1.46788,1.46481,1.46481,0,0
2015-06-30,17:00:00,1.46493,1.47137,1.46389,1.47137,0,0
2015-06-30,18:00:00,1.47137,1.47412,1.46994,1.47009,0,0
2015-06-30,19:00:00,1.47004,1.47401,1.46899,1.4706,0,0
2015-06-30,20:00:00,1.4706,1.47213,1.46969,1.47042,0,0
2015-06-30,21:00:00,1.47042,1.47197,1.47002,1.47144,0,0
2015-06-30,22:00:00,1.47132,1.4714,1.469,1.469,0,0
2015-06-30,23:00:00,1.46908,1.46985,1.46857,1.46933,0,0
2015-06-30,23:59:00,1.46943,1.47152,1.46867,1.46897,0,0
2015-07-01,01:00:00,1.46925,1.47055,1.46809,1.46809,0,0
2015-07-01,02:00:00,1.46809,1.46818,1.4662,1.46713,0,0
2015-07-01,03:00:00,1.46713,1.46831,1.46587,1.46722,0,0
2015-07-01,04:00:00,1.46724,1.46828,1.46658,1.46759,0,0
2015-07-01,05:00:00,1.46759,1.46858,1.4674,1.46806,0,0
2015-07-01,06:00:00,1.46802,1.46845,1.46763,1.46841,0,0
2015-07-01,07:00:00,1.46841,1.46974,1.4684,1.46958,0,0
2015-07-01,08:00:00,1.46958,1.46979,1.46898,1.46923,0,0
2015-07-01,09:00:00,1.46909,1.47177,1.46852,1.47108,0,0
2015-07-01,10:00:00,1.47135,1.47748,1.47109,1.47599,0,0
2015-07-01,11:00:00,1.4763,1.47917,1.46799,1.46939,0,0
2015-07-01,12:00:00,1.46921,1.47214,1.46668,1.47049,0,0
2015-07-01,13:00:00,1.47051,1.47506,1.46992,1.47489,0,0
2015-07-01,14:00:00,1.47486,1.47567,1.47361,1.47392,0,0
2015-07-01,15:00:00,1.47387,1.47684,1.47168,1.47353,0,0
2015-07-01,16:00:00,1.47363,1.47755,1.47311,1.47453,0,0
2015-07-01,17:00:00,1.47455,1.47668,1.47274,1.47668,0,0
2015-07-01,18:00:00,1.47665,1.47782,1.47519,1.47698,0,0
2015-07-01,19:00:00,1.47698,1.47836,1.47578,1.47782,0,0
2015-07-01,20:00:00,1.47762,1.47974,1.47732,1.47866,0,0
2015-07-01,21:00:00,1.47851,1.4805,1.47807,1.48045,0,0
2015-07-01,22:00:00,1.4805,1.48106,1.47963,1.48054,0,0
2015-07-01,23:00:00,1.48065,1.48131,1.4799,1.48129,0,0
2015-07-01,23:59:00,1.48087,1.48137,1.47921,1.4805,0,0
2015-07-02,01:00:00,1.48049,1.481,1.47997,1.48004,0,0
2015-07-02,02:00:00,1.48011,1.48106,1.48007,1.48046,0,0
2015-07-02,03:00:00,1.48046,1.48097,1.4797,1.47994,0,0
2015-07-02,04:00:00,1.48004,1.48004,1.47857,1.47903,0,0
2015-07-02,05:00:00,1.47904,1.47947,1.47691,1.47792,0,0
2015-07-02,06:00:00,1.47795,1.47832,1.4773,1.47761,0,0
2015-07-02,07:00:00,1.47761,1.47807,1.477,1.477,0,0
2015-07-02,08:00:00,1.47711,1.47761,1.47552,1.47603,0,0
2015-07-02,09:00:00,1.47601,1.47761,1.47464,1.47526,0,0
2015-07-02,10:00:00,1.4749,1.47909,1.47471,1.47875,0,0
2015-07-02,11:00:00,1.47874,1.4799,1.47714,1.47771,0,0
2015-07-02,12:00:00,1.47769,1.48319,1.47754,1.48316,0,0
2015-07-02,13:00:00,1.48317,1.48335,1.47991,1.48026,0,0
2015-07-02,14:00:00,1.48026,1.48189,1.47881,1.48003,0,0
2015-07-02,15:00:00,1.48001,1.48109,1.47229,1.4732,0,0
2015-07-02,16:00:00,1.47336,1.47403,1.47153,1.47178,0,0
2015-07-02,17:00:00,1.47168,1.47434,1.47033,1.47275,0,0
2015-07-02,18:00:00,1.47255,1.4746,1.47191,1.47357,0,0
2015-07-02,19:00:00,1.47355,1.47482,1.47287,1.4747,0,0
2015-07-02,20:00:00,1.4747,1.47518,1.47327,1.47336,0,0
2015-07-02,21:00:00,1.47329,1.4741,1.47195,1.47195,0,0
2015-07-02,22:00:00,1.47195,1.47299,1.47149,1.47225,0,0
2015-07-02,23:00:00,1.47257,1.47332,1.4724,1.47282,0,0
2015-07-02,23:59:00,1.47269,1.47306,1.47226,1.47258,0,0
2015-07-03,01:00:00,1.47253,1.47337,1.47158,1.47189,0,0
2015-07-03,02:00:00,1.47184,1.47306,1.47178,1.47306,0,0
2015-07-03,03:00:00,1.47306,1.47329,1.47234,1.4726,0,0
2015-07-03,04:00:00,1.47262,1.47296,1.47222,1.47233,0,0
2015-07-03,05:00:00,1.47239,1.47275,1.47189,1.47246,0,0
2015-07-03,06:00:00,1.47238,1.47275,1.47213,1.47262,0,0
2015-07-03,07:00:00,1.47259,1.47265,1.47092,1.47168,0,0
2015-07-03,08:00:00,1.47162,1.47176,1.47071,1.47117,0,0
2015-07-03,09:00:00,1.47124,1.47192,1.47016,1.47091,0,0
2015-07-03,10:00:00,1.4707,1.47228,1.47017,1.47072,0,0
2015-07-03,11:00:00,1.47084,1.47241,1.46915,1.47241,0,0
2015-07-03,12:00:00,1.47173,1.47282,1.47057,1.47165,0,0
2015-07-03,13:00:00,1.47155,1.4731,1.47141,1.47245,0,0
2015-07-03,14:00:00,1.4724,1.47401,1.47182,1.47285,0,0
2015-07-03,15:00:00,1.47281,1.47426,1.47166,1.47206,0,0
2015-07-03,16:00:00,1.47204,1.4722,1.46841,1.46884,0,0
2015-07-03,17:00:00,1.46872,1.46951,1.46731,1.46935,0,0
2015-07-03,18:00:00,1.4694,1.47033,1.46433,1.46604,0,0
2015-07-03,19:00:00,1.46601,1.46908,1.46448,1.46902,0,0
2015-07-03,20:00:00,1.46928,1.46928,1.46609,1.46794,0,0
2015-07-03,21:00:00,1.46794,1.4681,1.46542,1.46732,0,0
2015-07-03,22:00:00,1.46728,1.46759,1.46552,1.46552,0,0
2015-07-03,23:00:00,1.46552,1.46573,1.46552,1.46571,0,0
2015-07-06,01:00:00,1.46683,1.47053,1.46608,1.46736,0,0
2015-07-06,02:00:00,1.46732,1.46855,1.46659,1.46855,0,0
2015-07-06,03:00:00,1.46853,1.46931,1.46663,1.46685,0,0
2015-07-06,04:00:00,1.46683,1.46816,1.46603,1.46799,0,0
2015-07-06,05:00:00,1.46797,1.46878,1.46768,1.46845,0,0
2015-07-06,06:00:00,1.46847,1.46973,1.46824,1.46928,0,0
2015-07-06,07:00:00,1.46921,1.46981,1.46855,1.46882,0,0
2015-07-06,08:00:00,1.4688,1.47031,1.46703,1.46771,0,0
2015-07-06,09:00:00,1.4678,1.4705,1.46708,1.46731,0,0
2015-07-06,10:00:00,1.46734,1.46852,1.46508,1.46771,0,0
2015-07-06,11:00:00,1.46777,1.46971,1.46725,1.46956,0,0
2015-07-06,12:00:00,1.46949,1.47111,1.46794,1.47075,0,0
2015-07-06,13:00:00,1.47079,1.47192,1.47037,1.47122,0,0
2015-07-06,14:00:00,1.47112,1.47267,1.46855,1.47133,0,0
2015-07-06,15:00:00,1.47136,1.4727,1.47051,1.47166,0,0
2015-07-06,16:00:00,1.47162,1.47276,1.47089,1.47173,0,0
2015-07-06,17:00:00,1.47117,1.47305,1.46845,1.47239,0,0
2015-07-06,18:00:00,1.4722,1.47375,1.47075,1.47349,0,0
2015-07-06,19:00:00,1.47344,1.47366,1.47021,1.47155,0,0
2015-07-06,20:00:00,1.47159,1.47307,1.47074,1.47111,0,0
2015-07-06,21:00:00,1.47112,1.47145,1.47002,1.4712,0,0
2015-07-06,22:00:00,1.4711,1.47176,1.47067,1.47069,0,0
2015-07-06,23:00:00,1.47061,1.4714,1.47057,1.47092,0,0
2015-07-06,23:59:00,1.47095,1.47134,1.47046,1.47075,0,0
2015-07-07,01:00:00,1.47094,1.47113,1.47017,1.47072,0,0
2015-07-07,02:00:00,1.47072,1.47121,1.47055,1.47114,0,0
2015-07-07,03:00:00,1.4711,1.47246,1.47085,1.47114,0,0
2015-07-07,04:00:00,1.47114,1.4721,1.47037,1.4713,0,0
2015-07-07,05:00:00,1.47132,1.47156,1.47064,1.47064,0,0
2015-07-07,06:00:00,1.47064,1.47173,1.47037,1.4716,0,0
2015-07-07,07:00:00,1.47158,1.47195,1.47097,1.47148,0,0
2015-07-07,08:00:00,1.47147,1.47264,1.47139,1.47226,0,0
2015-07-07,09:00:00,1.47219,1.47302,1.47011,1.47182,0,0
2015-07-07,10:00:00,1.47163,1.47248,1.46756,1.4697,0,0
2015-07-07,11:00:00,1.46986,1.47281,1.46894,1.46936,0,0
2015-07-07,12:00:00,1.46919,1.47024,1.46627,1.46777,0,0
2015-07-07,13:00:00,1.4678,1.46782,1.46356,1.46541,0,0
2015-07-07,14:00:00,1.46573,1.46742,1.46511,1.46612,0,0
2015-07-07,15:00:00,1.46612,1.4682,1.4648,1.46667,0,0
2015-07-07,16:00:00,1.46669,1.46774,1.46294,1.46422,0,0
2015-07-07,17:00:00,1.46433,1.467,1.46289,1.46568,0,0
2015-07-07,18:00:00,1.46533,1.46578,1.46339,1.46461,0,0
2015-07-07,19:00:00,1.46463,1.46508,1.46235,1.46508,0,0
2015-07-07,20:00:00,1.46473,1.46592,1.46314,1.46445,0,0
2015-07-07,21:00:00,1.46434,1.46453,1.46158,1.46172,0,0
2015-07-07,22:00:00,1.46163,1.46347,1.46069,1.46262,0,0
2015-07-07,23:00:00,1.46281,1.46414,1.46234,1.46383,0,0
2015-07-07,23:59:00,1.46378,1.46462,1.46253,1.46349,0,0
2015-07-08,01:00:00,1.46339,1.4644,1.46333,1.46363,0,0
2015-07-08,02:00:00,1.46365,1.46384,1.46301,1.46376,0,0
2015-07-08,03:00:00,1.46378,1.46392,1.46224,1.46247,0,0
2015-07-08,04:00:00,1.46256,1.46283,1.46065,1.46184,0,0
2015-07-08,05:00:00,1.46181,1.46208,1.46068,1.46151,0,0
2015-07-08,06:00:00,1.46151,1.4619,1.45998,1.4604,0,0
2015-07-08,07:00:00,1.46039,1.46063,1.45962,1.45984,0,0
2015-07-08,08:00:00,1.45983,1.46194,1.45884,1.46164,0,0
2015-07-08,09:00:00,1.46141,1.46268,1.45748,1.45782,0,0
2015-07-08,10:00:00,1.45782,1.45789,1.45353,1.45415,0,0
2015-07-08,11:00:00,1.45401,1.45588,1.45224,1.45224,0,0
2015-07-08,12:00:00,1.45228,1.45267,1.44994,1.45206,0,0
2015-07-08,13:00:00,1.452,1.45563,1.44683,1.45563,0,0
2015-07-08,14:00:00,1.45547,1.46087,1.45535,1.4605,0,0
2015-07-08,15:00:00,1.46064,1.46156,1.45694,1.45921,0,0
2015-07-08,16:00:00,1.45914,1.4601,1.45561,1.45759,0,0
2015-07-08,17:00:00,1.45766,1.45983,1.45636,1.45833,0,0
2015-07-08,18:00:00,1.45835,1.459,1.4519,1.45202,0,0
2015-07-08,19:00:00,1.45202,1.45513,1.45202,1.4533,0,0
2015-07-08,20:00:00,1.45327,1.45516,1.45172,1.45406,0,0
2015-07-08,21:00:00,1.45398,1.45501,1.45211,1.45218,0,0
2015-07-08,22:00:00,1.45222,1.45324,1.45188,1.45257,0,0
2015-07-08,23:00:00,1.45246,1.45309,1.45214,1.45216,0,0
2015-07-08,23:59:00,1.45227,1.45365,1.45176,1.45298,0,0
2015-07-09,01:00:00,1.453,1.45381,1.45271,1.45313,0,0
2015-07-09,02:00:00,1.45314,1.45349,1.45308,1.4533,0,0
2015-07-09,03:00:00,1.4533,1.45346,1.45199,1.45268,0,0
2015-07-09,04:00:00,1.45281,1.4534,1.45209,1.45279,0,0
2015-07-09,05:00:00,1.45275,1.45388,1.4525,1.45354,0,0
2015-07-09,06:00:00,1.45354,1.45409,1.45269,1.45325,0,0
2015-07-09,07:00:00,1.45325,1.4539,1.45305,1.45315,0,0
2015-07-09,08:00:00,1.45338,1.45517,1.45133,1.45419,0,0
2015-07-09,09:00:00,1.45411,1.4553,1.45279,1.45337,0,0
2015-07-09,10:00:00,1.45359,1.45914,1.45276,1.459,0,0
2015-07-09,11:00:00,1.45911,1.46218,1.45848,1.46146,0,0
2015-07-09,12:00:00,1.46147,1.46451,1.45913,1.46431,0,0
2015-07-09,13:00:00,1.46408,1.46447,1.46024,1.46129,0,0
2015-07-09,14:00:00,1.46088,1.4632,1.46002,1.46279,0,0
2015-07-09,15:00:00,1.46285,1.4641,1.46164,1.46315,0,0
2015-07-09,16:00:00,1.46314,1.46348,1.45722,1.45902,0,0
2015-07-09,17:00:00,1.45902,1.46235,1.45795,1.45795,0,0
2015-07-09,18:00:00,1.45779,1.46095,1.45748,1.46013,0,0
2015-07-09,19:00:00,1.46006,1.46025,1.45535,1.45548,0,0
2015-07-09,20:00:00,1.45592,1.45739,1.45483,1.45628,0,0
2015-07-09,21:00:00,1.45631,1.45797,1.45525,1.45732,0,0
2015-07-09,22:00:00,1.45737,1.45895,1.45701,1.45848,0,0
2015-07-09,23:00:00,1.45841,1.45878,1.45755,1.45778,0,0
2015-07-09,23:59:00,1.45773,1.45983,1.45756,1.45785,0,0
2015-07-10,01:00:00,1.45764,1.45871,1.45643,1.45741,0,0
2015-07-10,02:00:00,1.45743,1.45798,1.45682,1.45686,0,0
2015-07-10,03:00:00,1.4568,1.45706,1.4554,1.45592,0,0
2015-07-10,04:00:00,1.45592,1.45709,1.45485,1.45619,0,0
2015-07-10,05:00:00,1.45612,1.45734,1.45562,1.45637,0,0
2015-07-10,06:00:00,1.45635,1.4577,1.45628,1.45715,0,0
2015-07-10,07:00:00,1.45717,1.45778,1.45636,1.4574,0,0
2015-07-10,08:00:00,1.4574,1.45877,1.45674,1.45825,0,0
2015-07-10,09:00:00,1.4583,1.45877,1.45632,1.45776,0,0
2015-07-10,10:00:00,1.4576,1.45949,1.45064,1.45413,0,0
2015-07-10,11:00:00,1.45416,1.45446,1.4497,1.45414,0,0
2015-07-10,12:00:00,1.45407,1.45499,1.45048,1.45218,0,0
2015-07-10,13:00:00,1.45209,1.45374,1.45027,1.45328,0,0
2015-07-10,14:00:00,1.45326,1.45467,1.45048,1.45195,0,0
2015-07-10,15:00:00,1.45195,1.45378,1.4507,1.45365,0,0
2015-07-10,16:00:00,1.45372,1.45567,1.4509,1.45502,0,0
2015-07-10,17:00:00,1.45474,1.45688,1.454,1.45641,0,0
2015-07-10,18:00:00,1.45632,1.45906,1.45577,1.45882,0,0
2015-07-10,19:00:00,1.45908,1.45908,1.45667,1.45783,0,0
2015-07-10,20:00:00,1.4579,1.45854,1.45639,1.45813,0,0
2015-07-10,21:00:00,1.45799,1.45976,1.45798,1.45953,0,0
2015-07-10,22:00:00,1.45952,1.46002,1.4582,1.45834,0,0
2015-07-10,23:00:00,1.45831,1.45831,1.45805,1.45807,0,0
2015-07-13,01:00:00,1.45725,1.45998,1.45725,1.4585,0,0
2015-07-13,02:00:00,1.45843,1.45926,1.45825,1.45858,0,0
2015-07-13,03:00:00,1.45852,1.45853,1.4566,1.45673,0,0
2015-07-13,04:00:00,1.45673,1.45788,1.45612,1.45684,0,0
2015-07-13,05:00:00,1.45676,1.45792,1.4564,1.45791,0,0
2015-07-13,06:00:00,1.45791,1.45983,1.45765,1.45781,0,0
2015-07-13,07:00:00,1.45781,1.45814,1.45715,1.45779,0,0
2015-07-13,08:00:00,1.45778,1.45919,1.45762,1.45899,0,0
2015-07-13,09:00:00,1.45898,1.45958,1.45675,1.45781,0,0
2015-07-13,10:00:00,1.45779,1.46867,1.45778,1.46659,0,0
2015-07-13,11:00:00,1.46672,1.47374,1.46658,1.47112,0,0
2015-07-13,12:00:00,1.47139,1.47518,1.46932,1.47402,0,0
2015-07-13,13:00:00,1.47411,1.4752,1.47375,1.47405,0,0
2015-07-13,14:00:00,1.47386,1.47393,1.47134,1.47236,0,0
2015-07-13,15:00:00,1.47253,1.47409,1.47138,1.47202,0,0
2015-07-13,16:00:00,1.47205,1.47447,1.47204,1.4741,0,0
2015-07-13,17:00:00,1.47392,1.4756,1.47285,1.47499,0,0
2015-07-13,18:00:00,1.47466,1.47494,1.47255,1.473,0,0
2015-07-13,19:00:00,1.4729,1.47321,1.47066,1.4715,0,0
2015-07-13,20:00:00,1.47114,1.47145,1.46907,1.46986,0,0
2015-07-13,21:00:00,1.47001,1.47124,1.46973,1.4711,0,0
2015-07-13,22:00:00,1.47117,1.47153,1.47034,1.47151,0,0
2015-07-13,23:00:00,1.47149,1.47237,1.47064,1.4716,0,0
2015-07-13,23:59:00,1.4715,1.47203,1.47104,1.47116,0,0
2015-07-14,01:00:00,1.47114,1.47191,1.47073,1.47137,0,0
2015-07-14,02:00:00,1.47135,1.47205,1.47112,1.47168,0,0
2015-07-14,03:00:00,1.47169,1.47503,1.47127,1.47343,0,0
2015-07-14,04:00:00,1.47346,1.47402,1.47247,1.47292,0,0
2015-07-14,05:00:00,1.47302,1.47322,1.47147,1.47186,0,0
2015-07-14,06:00:00,1.47188,1.47218,1.47125,1.47129,0,0
2015-07-14,07:00:00,1.47129,1.47191,1.47113,1.47175,0,0
2015-07-14,08:00:00,1.47179,1.4722,1.47091,1.4722,0,0
2015-07-14,09:00:00,1.4722,1.47313,1.47021,1.4719,0,0
2015-07-14,10:00:00,1.47189,1.47278,1.46408,1.46581,0,0
2015-07-14,11:00:00,1.46587,1.46587,1.45848,1.46049,0,0
2015-07-14,12:00:00,1.45992,1.47222,1.45992,1.47126,0,0
2015-07-14,13:00:00,1.47118,1.47417,1.46962,1.47356,0,0
2015-07-14,14:00:00,1.47319,1.47496,1.47219,1.47229,0,0
2015-07-14,15:00:00,1.47226,1.47237,1.46849,1.47062,0,0
2015-07-14,16:00:00,1.47095,1.4728,1.46943,1.47243,0,0
2015-07-14,17:00:00,1.47262,1.4742,1.4711,1.47353,0,0
2015-07-14,18:00:00,1.47359,1.47464,1.47208,1.47424,0,0
2015-07-14,19:00:00,1.47424,1.47569,1.47342,1.47366,0,0
2015-07-14,20:00:00,1.47366,1.47765,1.47331,1.47765,0,0
2015-07-14,21:00:00,1.4779,1.47831,1.47608,1.47737,0,0
2015-07-14,22:00:00,1.47745,1.47804,1.4767,1.47802,0,0
2015-07-14,23:00:00,1.47808,1.47855,1.47715,1.4773,0,0
2015-07-14,23:59:00,1.47738,1.47832,1.47582,1.47779,0,0
2015-07-15,01:00:00,1.47778,1.4784,1.47689,1.47724,0,0
2015-07-15,02:00:00,1.47724,1.4786,1.47696,1.47753,0,0
2015-07-15,03:00:00,1.47753,1.48008,1.47749,1.47979,0,0
2015-07-15,04:00:00,1.48018,1.48027,1.47889,1.47932,0,0
2015-07-15,05:00:00,1.47919,1.47997,1.4789,1.47959,0,0
2015-07-15,06:00:00,1.47956,1.47993,1.4783,1.47854,0,0
2015-07-15,07:00:00,1.47854,1.47913,1.47826,1.4789,0,0
2015-07-15,08:00:00,1.47892,1.48069,1.47861,1.48013,0,0
2015-07-15,09:00:00,1.47997,1.48232,1.47865,1.48228,0,0
2015-07-15,10:00:00,1.48249,1.48355,1.4803,1.48073,0,0
2015-07-15,11:00:00,1.48071,1.48139,1.47548,1.48025,0,0
2015-07-15,12:00:00,1.48006,1.48117,1.4775,1.47952,0,0
2015-07-15,13:00:00,1.4795,1.48155,1.4793,1.48127,0,0
2015-07-15,14:00:00,1.48119,1.48334,1.48039,1.48247,0,0
2015-07-15,15:00:00,1.48248,1.4836,1.47976,1.48297,0,0
2015-07-15,16:00:00,1.48297,1.48469,1.48223,1.48321,0,0
2015-07-15,17:00:00,1.48334,1.48812,1.48251,1.48762,0,0
2015-07-15,18:00:00,1.48761,1.48881,1.48647,1.48746,0,0
2015-07-15,19:00:00,1.48754,1.48976,1.48658,1.4885,0,0
2015-07-15,20:00:00,1.48843,1.49086,1.4884,1.48917,0,0
2015-07-15,21:00:00,1.48917,1.48948,1.48737,1.48867,0,0
2015-07-15,22:00:00,1.48841,1.48928,1.48811,1.48831,0,0
2015-07-15,23:00:00,1.48832,1.48979,1.48806,1.48886,0,0
2015-07-15,23:59:00,1.489,1.4893,1.48826,1.48839,0,0
2015-07-16,01:00:00,1.48853,1.4893,1.4882,1.48871,0,0
2015-07-16,02:00:00,1.48869,1.48918,1.48778,1.48896,0,0
2015-07-16,03:00:00,1.48901,1.48968,1.48865,1.48932,0,0
2015-07-16,04:00:00,1.48929,1.48966,1.48848,1.48953,0,0
2015-07-16,05:00:00,1.48953,1.4902,1.48879,1.48971,0,0
2015-07-16,06:00:00,1.48971,1.49079,1.48925,1.48977,0,0
2015-07-16,07:00:00,1.48981,1.49036,1.48933,1.48995,0,0
2015-07-16,08:00:00,1.48988,1.49211,1.48933,1.49181,0,0
2015-07-16,09:00:00,1.49147,1.49205,1.48927,1.49099,0,0
2015-07-16,10:00:00,1.4912,1.49585,1.4902,1.49452,0,0
2015-07-16,11:00:00,1.49455,1.49464,1.49076,1.49125,0,0
2015-07-16,12:00:00,1.49138,1.49341,1.49068,1.49127,0,0
2015-07-16,13:00:00,1.4914,1.49455,1.49109,1.49394,0,0
2015-07-16,14:00:00,1.49393,1.49464,1.48868,1.48993,0,0
2015-07-16,15:00:00,1.48996,1.49401,1.48786,1.49374,0,0
2015-07-16,16:00:00,1.49387,1.49431,1.48966,1.48994,0,0
2015-07-16,17:00:00,1.48963,1.49111,1.48837,1.4886,0,0
2015-07-16,18:00:00,1.4886,1.49258,1.4886,1.49181,0,0
2015-07-16,19:00:00,1.49183,1.49601,1.49169,1.49549,0,0
2015-07-16,20:00:00,1.49547,1.49608,1.49393,1.49461,0,0
2015-07-16,21:00:00,1.49464,1.4966,1.49437,1.49462,0,0
2015-07-16,22:00:00,1.49469,1.49511,1.49419,1.49474,0,0
2015-07-16,23:00:00,1.49458,1.49592,1.49429,1.49526,0,0
2015-07-16,23:59:00,1.49519,1.49532,1.49414,1.49436,0,0
2015-07-17,01:00:00,1.49436,1.49593,1.49425,1.49446,0,0
2015-07-17,02:00:00,1.49436,1.49512,1.49394,1.49454,0,0
2015-07-17,03:00:00,1.49457,1.49509,1.49409,1.49409,0,0
2015-07-17,04:00:00,1.49432,1.49511,1.49401,1.49426,0,0
2015-07-17,05:00:00,1.49428,1.49632,1.49412,1.49497,0,0
2015-07-17,06:00:00,1.49495,1.49633,1.49478,1.49505,0,0
2015-07-17,07:00:00,1.49504,1.49604,1.49481,1.49556,0,0
2015-07-17,08:00:00,1.49556,1.49703,1.49469,1.49633,0,0
2015-07-17,09:00:00,1.49628,1.50024,1.49609,1.49847,0,0
2015-07-17,10:00:00,1.49867,1.49972,1.49692,1.49838,0,0
2015-07-17,11:00:00,1.49828,1.49883,1.49644,1.49857,0,0
2015-07-17,12:00:00,1.49851,1.49957,1.49544,1.4961,0,0
2015-07-17,13:00:00,1.49615,1.49774,1.49577,1.49603,0,0
2015-07-17,14:00:00,1.49584,1.49772,1.49499,1.49499,0,0
2015-07-17,15:00:00,1.49504,1.49596,1.49252,1.49575,0,0
2015-07-17,16:00:00,1.49579,1.4962,1.49417,1.49528,0,0
2015-07-17,17:00:00,1.49508,1.50292,1.49492,1.50073,0,0
2015-07-17,18:00:00,1.50054,1.50158,1.49995,1.50138,0,0
2015-07-17,19:00:00,1.50148,1.50179,1.50032,1.50045,0,0
2015-07-17,20:00:00,1.50038,1.50102,1.49861,1.49945,0,0
2015-07-17,21:00:00,1.49945,1.5003,1.4993,1.50004,0,0
2015-07-17,22:00:00,1.49992,1.50038,1.49894,1.49904,0,0
2015-07-17,23:00:00,1.49906,1.49922,1.49905,1.49922,0,0
2015-07-20,01:00:00,1.50078,1.50157,1.4991,1.49952,0,0
2015-07-20,02:00:00,1.49956,1.50183,1.49945,1.50183,0,0
2015-07-20,03:00:00,1.5018,1.50199,1.50017,1.50074,0,0
2015-07-20,04:00:00,1.50069,1.50095,1.49969,1.50013,0,0
2015-07-20,05:00:00,1.5003,1.50169,1.5003,1.50058,0,0
2015-07-20,06:00:00,1.50065,1.50154,1.50058,1.50154,0,0
2015-07-20,07:00:00,1.50154,1.50182,1.50104,1.50176,0,0
2015-07-20,08:00:00,1.50175,1.50246,1.50153,1.50231,0,0
2015-07-20,09:00:00,1.50213,1.50406,1.50133,1.5032,0,0
2015-07-20,10:00:00,1.50351,1.50398,1.49899,1.49899,0,0
2015-07-20,11:00:00,1.49906,1.50078,1.49829,1.49852,0,0
2015-07-20,12:00:00,1.49829,1.49922,1.49674,1.49844,0,0
2015-07-20,13:00:00,1.49868,1.50023,1.49712,1.49767,0,0
2015-07-20,14:00:00,1.49751,1.5,1.4951,1.49634,0,0
2015-07-20,15:00:00,1.49603,1.49922,1.49603,1.49922,0,0
2015-07-20,16:00:00,1.49868,1.50187,1.49806,1.5,0,0
2015-07-20,17:00:00,1.50016,1.50048,1.49829,1.50041,0,0
2015-07-20,18:00:00,1.50068,1.50193,1.49976,1.50134,0,0
2015-07-20,19:00:00,1.50117,1.50204,1.50012,1.50092,0,0
2015-07-20,20:00:00,1.50108,1.50139,1.50061,1.50093,0,0
2015-07-20,21:00:00,1.50091,1.5021,1.50072,1.50119,0,0
2015-07-20,22:00:00,1.50139,1.5014,1.49932,1.50039,0,0
2015-07-20,23:00:00,1.50033,1.5016,1.50012,1.50125,0,0
2015-07-20,23:59:00,1.50115,1.50208,1.50038,1.50046,0,0
