Date,Time,Open,High,Low,Close,Volume,OpenInt
2015-04-22,01:00:00,1.8329,1.83302,1.83168,1.83196,0,0
2015-04-22,02:00:00,1.83196,1.83276,1.83191,1.83201,0,0
2015-04-22,03:00:00,1.83201,1.83293,1.83127,1.83237,0,0
2015-04-22,04:00:00,1.83233,1.83277,1.83121,1.83169,0,0
2015-04-22,05:00:00,1.83169,1.83223,1.83105,1.83174,0,0
2015-04-22,06:00:00,1.83178,1.83219,1.83126,1.83209,0,0
2015-04-22,07:00:00,1.8321,1.8324,1.83125,1.83141,0,0
2015-04-22,08:00:00,1.83141,1.83219,1.83036,1.83087,0,0
2015-04-22,09:00:00,1.83095,1.8319,1.82956,1.83076,0,0
2015-04-22,10:00:00,1.83064,1.83138,1.8296,1.82979,0,0
2015-04-22,11:00:00,1.82977,1.83529,1.82796,1.8335,0,0
2015-04-22,12:00:00,1.83359,1.839,1.83353,1.83701,0,0
2015-04-22,13:00:00,1.83701,1.84027,1.83614,1.84006,0,0
2015-04-22,14:00:00,1.8401,1.84444,1.84004,1.84406,0,0
2015-04-22,15:00:00,1.84407,1.84644,1.84093,1.84242,0,0
2015-04-22,16:00:00,1.84235,1.84272,1.83889,1.83948,0,0
2015-04-22,17:00:00,1.83935,1.84301,1.83894,1.84215,0,0
2015-04-22,18:00:00,1.84227,1.84482,1.83936,1.84039,0,0
2015-04-22,19:00:00,1.84051,1.84195,1.83847,1.83858,0,0
2015-04-22,20:00:00,1.83844,1.84102,1.83834,1.83988,0,0
2015-04-22,21:00:00,1.83995,1.84198,1.8391,1.84065,0,0
2015-04-22,22:00:00,1.84058,1.8408,1.83874,1.83894,0,0
2015-04-22,23:00:00,1.83917,1.84101,1.83846,1.84023,0,0
2015-04-22,23:59:00,1.83995,1.8413,1.8396,1.84116,0,0
2015-04-23,01:00:00,1.84116,1.8418,1.84061,1.84129,0,0
2015-04-23,02:00:00,1.84132,1.84168,1.84054,1.84129,0,0
2015-04-23,03:00:00,1.84113,1.84287,1.84075,1.84284,0,0
2015-04-23,04:00:00,1.84284,1.84308,1.84171,1.84182,0,0
2015-04-23,05:00:00,1.84182,1.84245,1.84138,1.84167,0,0
2015-04-23,06:00:00,1.84168,1.84172,1.8401,1.84036,0,0
2015-04-23,07:00:00,1.84035,1.84146,1.83973,1.83993,0,0
2015-04-23,08:00:00,1.83983,1.84053,1.83971,1.84017,0,0
2015-04-23,09:00:00,1.84025,1.84052,1.83843,1.83932,0,0
2015-04-23,10:00:00,1.83924,1.83942,1.83429,1.83524,0,0
2015-04-23,11:00:00,1.83521,1.83793,1.83168,1.8371,0,0
2015-04-23,12:00:00,1.83714,1.83836,1.83494,1.83702,0,0
2015-04-23,13:00:00,1.83702,1.83873,1.83582,1.83688,0,0
2015-04-23,14:00:00,1.83674,1.83804,1.83484,1.83765,0,0
2015-04-23,15:00:00,1.83764,1.83847,1.83462,1.83479,0,0
2015-04-23,16:00:00,1.83484,1.83547,1.83047,1.83111,0,0
2015-04-23,17:00:00,1.83123,1.83231,1.82918,1.83061,0,0
2015-04-23,18:00:00,1.83053,1.83053,1.82676,1.82769,0,0
2015-04-23,19:00:00,1.82763,1.82826,1.82602,1.82654,0,0
2015-04-23,20:00:00,1.82648,1.82943,1.82586,1.82787,0,0
2015-04-23,21:00:00,1.82802,1.82983,1.8276,1.82797,0,0
2015-04-23,22:00:00,1.82791,1.82947,1.82791,1.82918,0,0
2015-04-23,23:00:00,1.82926,1.82964,1.82816,1.8287,0,0
2015-04-23,23:59:00,1.82857,1.82978,1.82817,1.82956,0,0
2015-04-24,01:00:00,1.82965,1.82965,1.82818,1.82908,0,0
2015-04-24,02:00:00,1.82905,1.82924,1.82807,1.82837,0,0
2015-04-24,03:00:00,1.82855,1.82901,1.8277,1.82806,0,0
2015-04-24,04:00:00,1.82809,1.82872,1.82685,1.82703,0,0
2015-04-24,05:00:00,1.827,1.8276,1.82653,1.82724,0,0
2015-04-24,06:00:00,1.82722,1.82764,1.82643,1.82681,0,0
2015-04-24,07:00:00,1.82683,1.82838,1.82683,1.82767,0,0
2015-04-24,08:00:00,1.82777,1.82926,1.82765,1.82882,0,0
2015-04-24,09:00:00,1.82877,1.83377,1.82877,1.83341,0,0
2015-04-24,10:00:00,1.83347,1.8365,1.83279,1.8365,0,0
2015-04-24,11:00:00,1.83665,1.83696,1.83309,1.8362,0,0
2015-04-24,12:00:00,1.8362,1.83711,1.83446,1.83493,0,0
2015-04-24,13:00:00,1.83481,1.83603,1.8331,1.83453,0,0
2015-04-24,14:00:00,1.83437,1.83554,1.83177,1.83204,0,0
2015-04-24,15:00:00,1.83203,1.83668,1.83174,1.83607,0,0
2015-04-24,16:00:00,1.83599,1.84283,1.83572,1.83941,0,0
2015-04-24,17:00:00,1.83944,1.84586,1.83892,1.84566,0,0
2015-04-24,18:00:00,1.84587,1.84798,1.84399,1.8465,0,0
2015-04-24,19:00:00,1.84651,1.84691,1.84485,1.84691,0,0
2015-04-24,20:00:00,1.84663,1.84791,1.84621,1.84672,0,0
2015-04-24,21:00:00,1.84672,1.84706,1.84416,1.84692,0,0
2015-04-24,22:00:00,1.84695,1.84749,1.84612,1.84724,0,0
2015-04-24,23:00:00,1.84717,1.84717,1.84686,1.84686,0,0
2015-04-27,01:00:00,1.84963,1.84965,1.84831,1.84848,0,0
2015-04-27,02:00:00,1.84848,1.84848,1.84676,1.84697,0,0
2015-04-27,03:00:00,1.847,1.84763,1.84541,1.84604,0,0
2015-04-27,04:00:00,1.84604,1.8463,1.84429,1.84437,0,0
2015-04-27,05:00:00,1.84434,1.84569,1.84404,1.84541,0,0
2015-04-27,06:00:00,1.84538,1.84633,1.84517,1.84577,0,0
2015-04-27,07:00:00,1.84573,1.84671,1.84536,1.84625,0,0
2015-04-27,08:00:00,1.84624,1.84652,1.84572,1.84585,0,0
2015-04-27,09:00:00,1.84586,1.84653,1.84444,1.84512,0,0
2015-04-27,10:00:00,1.84518,1.84778,1.84499,1.84605,0,0
2015-04-27,11:00:00,1.84611,1.84667,1.84296,1.8437,0,0
2015-04-27,12:00:00,1.84372,1.84381,1.84104,1.84126,0,0
2015-04-27,13:00:00,1.84108,1.84183,1.83861,1.83946,0,0
2015-04-27,14:00:00,1.83939,1.83973,1.83783,1.8379,0,0
2015-04-27,15:00:00,1.83775,1.84136,1.83658,1.84114,0,0
2015-04-27,16:00:00,1.84117,1.84117,1.83627,1.83752,0,0
2015-04-27,17:00:00,1.83748,1.83986,1.83407,1.83981,0,0
2015-04-27,18:00:00,1.83996,1.84451,1.83962,1.84419,0,0
2015-04-27,19:00:00,1.8443,1.84569,1.84268,1.84506,0,0
2015-04-27,20:00:00,1.84508,1.84645,1.84404,1.84458,0,0
2015-04-27,21:00:00,1.84451,1.845,1.84028,1.84028,0,0
2015-04-27,22:00:00,1.84026,1.84283,1.84026,1.84283,0,0
2015-04-27,23:00:00,1.84257,1.84264,1.84101,1.84155,0,0
2015-04-27,23:59:00,1.84166,1.84241,1.8407,1.84124,0,0
2015-04-28,01:00:00,1.84117,1.84174,1.84063,1.8413,0,0
2015-04-28,02:00:00,1.84134,1.84155,1.84047,1.8411,0,0
2015-04-28,03:00:00,1.84113,1.84227,1.84084,1.84223,0,0
2015-04-28,04:00:00,1.84234,1.84256,1.84145,1.84251,0,0
2015-04-28,05:00:00,1.84257,1.8431,1.84222,1.84237,0,0
2015-04-28,06:00:00,1.84234,1.84342,1.84224,1.84339,0,0
2015-04-28,07:00:00,1.8435,1.84453,1.84313,1.84451,0,0
2015-04-28,08:00:00,1.84453,1.84499,1.8435,1.84397,0,0
2015-04-28,09:00:00,1.84392,1.84612,1.84347,1.84479,0,0
2015-04-28,10:00:00,1.84479,1.84672,1.8431,1.84669,0,0
2015-04-28,11:00:00,1.84654,1.84676,1.83758,1.84023,0,0
2015-04-28,12:00:00,1.84027,1.84306,1.83976,1.84112,0,0
2015-04-28,13:00:00,1.84127,1.84529,1.84116,1.8437,0,0
2015-04-28,14:00:00,1.84366,1.84504,1.84251,1.84366,0,0
2015-04-28,15:00:00,1.8436,1.84665,1.843,1.84347,0,0
2015-04-28,16:00:00,1.8435,1.84887,1.8432,1.84723,0,0
2015-04-28,17:00:00,1.84745,1.84745,1.8432,1.84387,0,0
2015-04-28,18:00:00,1.84353,1.84554,1.84138,1.84227,0,0
2015-04-28,19:00:00,1.84232,1.84297,1.84099,1.8418,0,0
2015-04-28,20:00:00,1.84167,1.84434,1.84109,1.84383,0,0
2015-04-28,21:00:00,1.8438,1.84526,1.84312,1.84499,0,0
2015-04-28,22:00:00,1.84498,1.8453,1.84185,1.84376,0,0
2015-04-28,23:00:00,1.84369,1.84625,1.84346,1.84575,0,0
2015-04-28,23:59:00,1.84571,1.84578,1.84372,1.84439,0,0
2015-04-29,01:00:00,1.84503,1.84626,1.84457,1.84536,0,0
2015-04-29,02:00:00,1.84536,1.84587,1.84483,1.84568,0,0
2015-04-29,03:00:00,1.84564,1.84714,1.84504,1.84658,0,0
2015-04-29,04:00:00,1.84661,1.84747,1.84611,1.84667,0,0
2015-04-29,05:00:00,1.84673,1.84739,1.84649,1.84709,0,0
2015-04-29,06:00:00,1.84709,1.84725,1.84623,1.84635,0,0
2015-04-29,07:00:00,1.84637,1.84692,1.846,1.84627,0,0
2015-04-29,08:00:00,1.84632,1.84694,1.8457,1.84578,0,0
2015-04-29,09:00:00,1.84575,1.84853,1.84551,1.84764,0,0
2015-04-29,10:00:00,1.84756,1.85059,1.8475,1.8493,0,0
2015-04-29,11:00:00,1.8493,1.85301,1.84912,1.85032,0,0
2015-04-29,12:00:00,1.85046,1.85398,1.84856,1.85367,0,0
2015-04-29,13:00:00,1.85378,1.8551,1.85165,1.85339,0,0
2015-04-29,14:00:00,1.85357,1.85371,1.85058,1.8514,0,0
2015-04-29,15:00:00,1.8515,1.85342,1.84679,1.84886,0,0
2015-04-29,16:00:00,1.8487,1.84991,1.84456,1.8455,0,0
2015-04-29,17:00:00,1.84541,1.85053,1.84475,1.84851,0,0
2015-04-29,18:00:00,1.84881,1.85215,1.84829,1.851,0,0
2015-04-29,19:00:00,1.85107,1.85193,1.85013,1.85105,0,0
2015-04-29,20:00:00,1.85082,1.85484,1.85066,1.85479,0,0
2015-04-29,21:00:00,1.85507,1.85507,1.85038,1.85373,0,0
2015-04-29,22:00:00,1.8539,1.85502,1.85288,1.85502,0,0
2015-04-29,23:00:00,1.85497,1.8555,1.85376,1.85542,0,0
2015-04-29,23:59:00,1.85556,1.85579,1.85284,1.85433,0,0
2015-04-30,01:00:00,1.85441,1.85463,1.85355,1.854,0,0
2015-04-30,02:00:00,1.85403,1.85466,1.85373,1.85439,0,0
2015-04-30,03:00:00,1.85443,1.85533,1.85354,1.85458,0,0
2015-04-30,04:00:00,1.85456,1.85638,1.85451,1.85634,0,0
2015-04-30,05:00:00,1.85631,1.85706,1.85555,1.85571,0,0
2015-04-30,06:00:00,1.85562,1.85609,1.85498,1.85523,0,0
2015-04-30,07:00:00,1.85525,1.85551,1.85441,1.85479,0,0
2015-04-30,08:00:00,1.85474,1.85486,1.85388,1.85468,0,0
2015-04-30,09:00:00,1.85372,1.85684,1.85372,1.85675,0,0
2015-04-30,10:00:00,1.85672,1.85998,1.85513,1.85647,0,0
2015-04-30,11:00:00,1.85663,1.86037,1.85532,1.85871,0,0
2015-04-30,12:00:00,1.85863,1.86128,1.85686,1.85721,0,0
2015-04-30,13:00:00,1.85715,1.85776,1.85423,1.85749,0,0
2015-04-30,14:00:00,1.85736,1.85801,1.85524,1.85539,0,0
2015-04-30,15:00:00,1.85505,1.85678,1.84904,1.85124,0,0
2015-04-30,16:00:00,1.85112,1.85462,1.8498,1.85321,0,0
2015-04-30,17:00:00,1.85289,1.86134,1.85193,1.86134,0,0
2015-04-30,18:00:00,1.86139,1.86493,1.85719,1.85719,0,0
2015-04-30,19:00:00,1.85714,1.85969,1.85378,1.85407,0,0
2015-04-30,20:00:00,1.85412,1.85533,1.85241,1.85241,0,0
2015-04-30,21:00:00,1.85259,1.85672,1.85207,1.85664,0,0
2015-04-30,22:00:00,1.85683,1.85903,1.85128,1.85192,0,0
2015-04-30,23:00:00,1.85249,1.85378,1.85181,1.85378,0,0
2015-04-30,23:59:00,1.85392,1.85439,1.85164,1.85228,0,0
2015-05-01,01:00:00,1.85243,1.8545,1.85243,1.85418,0,0
2015-05-01,02:00:00,1.85415,1.85525,1.85354,1.85468,0,0
2015-05-01,03:00:00,1.8546,1.85659,1.85427,1.8555,0,0
2015-05-01,04:00:00,1.8555,1.85633,1.85494,1.85546,0,0
2015-05-01,05:00:00,1.85548,1.85628,1.85498,1.85517,0,0
2015-05-01,06:00:00,1.85517,1.85568,1.85498,1.85526,0,0
2015-05-01,07:00:00,1.85525,1.85575,1.85482,1.85527,0,0
2015-05-01,08:00:00,1.85527,1.85609,1.85504,1.85571,0,0
2015-05-01,09:00:00,1.8558,1.8559,1.85264,1.85525,0,0
2015-05-01,10:00:00,1.85516,1.86022,1.85452,1.8601,0,0
2015-05-01,11:00:00,1.85975,1.86057,1.84968,1.84985,0,0
2015-05-01,12:00:00,1.84953,1.85172,1.84863,1.84881,0,0
2015-05-01,13:00:00,1.84867,1.85012,1.8474,1.84811,0,0
2015-05-01,14:00:00,1.84814,1.85072,1.84792,1.84892,0,0
2015-05-01,15:00:00,1.84902,1.84949,1.84507,1.84788,0,0
2015-05-01,16:00:00,1.84786,1.84958,1.84442,1.84525,0,0
2015-05-01,17:00:00,1.84539,1.85136,1.84539,1.84583,0,0
2015-05-01,18:00:00,1.8458,1.84613,1.8415,1.84536,0,0
2015-05-01,19:00:00,1.8454,1.84577,1.84092,1.84114,0,0
2015-05-01,20:00:00,1.84125,1.8436,1.84111,1.84283,0,0
2015-05-01,21:00:00,1.84283,1.8433,1.84009,1.84173,0,0
2015-05-01,22:00:00,1.8418,1.84398,1.84102,1.84152,0,0
2015-05-01,23:00:00,1.84158,1.84206,1.84143,1.84201,0,0
2015-05-04,01:00:00,1.84164,1.84386,1.84158,1.8434,0,0
2015-05-04,02:00:00,1.8434,1.84388,1.84225,1.84313,0,0
2015-05-04,03:00:00,1.84313,1.84422,1.8426,1.8436,0,0
2015-05-04,04:00:00,1.84358,1.84578,1.84341,1.84491,0,0
2015-05-04,05:00:00,1.84491,1.84588,1.84488,1.84549,0,0
2015-05-04,06:00:00,1.84549,1.84601,1.84503,1.84535,0,0
2015-05-04,07:00:00,1.84535,1.84559,1.84399,1.84409,0,0
2015-05-04,08:00:00,1.84409,1.84411,1.84298,1.84338,0,0
2015-05-04,09:00:00,1.84338,1.84417,1.84023,1.84158,0,0
2015-05-04,10:00:00,1.84165,1.8421,1.83909,1.84142,0,0
2015-05-04,11:00:00,1.84114,1.84221,1.8397,1.83995,0,0
2015-05-04,12:00:00,1.83997,1.84011,1.83418,1.83448,0,0
2015-05-04,13:00:00,1.83447,1.83519,1.83126,1.83141,0,0
2015-05-04,14:00:00,1.83144,1.83252,1.83056,1.8311,0,0
2015-05-04,15:00:00,1.83109,1.83266,1.83067,1.83153,0,0
2015-05-04,16:00:00,1.83135,1.83315,1.83117,1.83196,0,0
2015-05-04,17:00:00,1.83159,1.83288,1.82912,1.83149,0,0
2015-05-04,18:00:00,1.83145,1.83283,1.82915,1.83028,0,0
2015-05-04,19:00:00,1.83035,1.83182,1.83007,1.83147,0,0
2015-05-04,20:00:00,1.83151,1.83194,1.83074,1.83097,0,0
2015-05-04,21:00:00,1.83097,1.83167,1.82908,1.82967,0,0
2015-05-04,22:00:00,1.82969,1.82996,1.8282,1.82919,0,0
2015-05-04,23:00:00,1.8292,1.82932,1.82771,1.82884,0,0
2015-05-04,23:59:00,1.82873,1.82923,1.82796,1.82845,0,0
2015-05-05,01:00:00,1.82845,1.82899,1.82791,1.8283,0,0
2015-05-05,02:00:00,1.82834,1.82915,1.82781,1.8286,0,0
2015-05-05,03:00:00,1.8286,1.83074,1.8286,1.83055,0,0
2015-05-05,04:00:00,1.83053,1.83127,1.8305,1.83093,0,0
2015-05-05,05:00:00,1.83093,1.8317,1.83078,1.83112,0,0
2015-05-05,06:00:00,1.83112,1.83167,1.83092,1.83126,0,0
2015-05-05,07:00:00,1.83126,1.83253,1.83028,1.83175,0,0
2015-05-05,08:00:00,1.83175,1.83303,1.83115,1.83289,0,0
2015-05-05,09:00:00,1.8329,1.83404,1.83184,1.83216,0,0
2015-05-05,10:00:00,1.83211,1.8338,1.83137,1.83337,0,0
2015-05-05,11:00:00,1.8333,1.83556,1.82933,1.83239,0,0
2015-05-05,12:00:00,1.83244,1.83249,1.82865,1.82865,0,0
2015-05-05,13:00:00,1.8287,1.83042,1.82774,1.8302,0,0
2015-05-05,14:00:00,1.8302,1.83078,1.8271,1.82742,0,0
2015-05-05,15:00:00,1.82737,1.83448,1.82636,1.82725,0,0
2015-05-05,16:00:00,1.82716,1.82839,1.82377,1.82837,0,0
2015-05-05,17:00:00,1.82827,1.82939,1.82381,1.82408,0,0
2015-05-05,18:00:00,1.82395,1.8286,1.82289,1.82695,0,0
2015-05-05,19:00:00,1.827,1.83056,1.82624,1.83005,0,0
2015-05-05,20:00:00,1.82999,1.83171,1.82996,1.83043,0,0
2015-05-05,21:00:00,1.83043,1.83201,1.82974,1.83149,0,0
2015-05-05,22:00:00,1.83142,1.83204,1.83068,1.83115,0,0
2015-05-05,23:00:00,1.83151,1.833,1.83139,1.83223,0,0
2015-05-05,23:59:00,1.83245,1.83284,1.83093,1.83219,0,0
2015-05-06,01:00:00,1.83222,1.83333,1.83184,1.83257,0,0
2015-05-06,02:00:00,1.83257,1.83299,1.83136,1.83177,0,0
2015-05-06,03:00:00,1.83171,1.83331,1.83154,1.83319,0,0
2015-05-06,04:00:00,1.83319,1.83354,1.83134,1.83165,0,0
2015-05-06,05:00:00,1.83161,1.83238,1.83012,1.83052,0,0
2015-05-06,06:00:00,1.83049,1.83096,1.82975,1.8298,0,0
2015-05-06,07:00:00,1.8299,1.83101,1.82934,1.83081,0,0
2015-05-06,08:00:00,1.83082,1.83154,1.83077,1.83124,0,0
2015-05-06,09:00:00,1.83129,1.83436,1.83066,1.83427,0,0
2015-05-06,10:00:00,1.83413,1.83479,1.82691,1.82746,0,0
2015-05-06,11:00:00,1.82725,1.82942,1.82376,1.8251,0,0
2015-05-06,12:00:00,1.82509,1.82728,1.82387,1.82727,0,0
2015-05-06,13:00:00,1.82732,1.83251,1.8263,1.8312,0,0
2015-05-06,14:00:00,1.83115,1.83189,1.82832,1.82885,0,0
2015-05-06,15:00:00,1.82889,1.83137,1.82647,1.82818,0,0
2015-05-06,16:00:00,1.82829,1.83037,1.82523,1.82977,0,0
2015-05-06,17:00:00,1.8303,1.8303,1.82493,1.82493,0,0
2015-05-06,18:00:00,1.82497,1.83098,1.82436,1.83072,0,0
2015-05-06,19:00:00,1.83054,1.83368,1.83049,1.8329,0,0
2015-05-06,20:00:00,1.83291,1.83667,1.83263,1.8356,0,0
2015-05-06,21:00:00,1.83564,1.8381,1.8354,1.83611,0,0
2015-05-06,22:00:00,1.83629,1.83687,1.83552,1.83648,0,0
2015-05-06,23:00:00,1.8366,1.83679,1.83459,1.83658,0,0
2015-05-06,23:59:00,1.83669,1.83669,1.83513,1.83598,0,0
2015-05-07,01:00:00,1.83591,1.83637,1.83453,1.83489,0,0
2015-05-07,02:00:00,1.83488,1.83536,1.83422,1.83523,0,0
2015-05-07,03:00:00,1.83525,1.83599,1.8347,1.83595,0,0
2015-05-07,04:00:00,1.83596,1.83659,1.83505,1.83578,0,0
2015-05-07,05:00:00,1.83583,1.83663,1.83556,1.83591,0,0
2015-05-07,06:00:00,1.83588,1.83611,1.83539,1.83559,0,0
2015-05-07,07:00:00,1.83556,1.83586,1.83511,1.83549,0,0
2015-05-07,08:00:00,1.83552,1.83684,1.83511,1.83684,0,0
2015-05-07,09:00:00,1.83695,1.83695,1.83255,1.83266,0,0
2015-05-07,10:00:00,1.83262,1.83748,1.83248,1.83615,0,0
2015-05-07,11:00:00,1.83592,1.83607,1.83131,1.8338,0,0
2015-05-07,12:00:00,1.8338,1.84122,1.83367,1.83847,0,0
2015-05-07,13:00:00,1.83858,1.83977,1.83566,1.83684,0,0
2015-05-07,14:00:00,1.83689,1.84118,1.83571,1.8376,0,0
2015-05-07,15:00:00,1.83757,1.84095,1.83658,1.83882,0,0
2015-05-07,16:00:00,1.83884,1.84222,1.83791,1.84068,0,0
2015-05-07,17:00:00,1.84067,1.84959,1.84067,1.8469,0,0
2015-05-07,18:00:00,1.84697,1.85052,1.84669,1.84833,0,0
2015-05-07,19:00:00,1.84799,1.85012,1.8479,1.84876,0,0
2015-05-07,20:00:00,1.84849,1.85161,1.84784,1.85061,0,0
2015-05-07,21:00:00,1.85064,1.85367,1.85016,1.85181,0,0
2015-05-07,22:00:00,1.85182,1.85218,1.84974,1.84998,0,0
2015-05-07,23:00:00,1.84988,1.85173,1.84849,1.84949,0,0
2015-05-07,23:59:00,1.8495,1.87094,1.84945,1.86717,0,0
2015-05-08,01:00:00,1.86723,1.86806,1.86263,1.86373,0,0
2015-05-08,02:00:00,1.86371,1.86637,1.86101,1.86393,0,0
2015-05-08,03:00:00,1.86388,1.8651,1.86287,1.86455,0,0
2015-05-08,04:00:00,1.86454,1.86961,1.86442,1.8686,0,0
2015-05-08,05:00:00,1.86873,1.87579,1.86833,1.87566,0,0
2015-05-08,06:00:00,1.87579,1.87632,1.87164,1.87327,0,0
2015-05-08,07:00:00,1.87325,1.87905,1.87273,1.87809,0,0
2015-05-08,08:00:00,1.87791,1.87876,1.87329,1.87417,0,0
2015-05-08,09:00:00,1.87436,1.87436,1.86707,1.87099,0,0
2015-05-08,10:00:00,1.8712,1.87585,1.86981,1.87303,0,0
2015-05-08,11:00:00,1.87286,1.87464,1.86927,1.87215,0,0
2015-05-08,12:00:00,1.87234,1.87236,1.86662,1.8675,0,0
2015-05-08,13:00:00,1.86738,1.86806,1.8644,1.86734,0,0
2015-05-08,14:00:00,1.86731,1.86869,1.8663,1.86717,0,0
2015-05-08,15:00:00,1.86728,1.87021,1.86066,1.86541,0,0
2015-05-08,16:00:00,1.86552,1.86837,1.86205,1.86685,0,0
2015-05-08,17:00:00,1.86723,1.87126,1.86482,1.87115,0,0
2015-05-08,18:00:00,1.8714,1.87259,1.86635,1.86772,0,0
2015-05-08,19:00:00,1.86779,1.86949,1.86608,1.86883,0,0
2015-05-08,20:00:00,1.86853,1.8698,1.86602,1.86782,0,0
2015-05-08,21:00:00,1.86772,1.86929,1.86671,1.86907,0,0
2015-05-08,22:00:00,1.86953,1.86953,1.86756,1.86872,0,0
2015-05-08,23:00:00,1.86836,1.86836,1.86836,1.86836,0,0
2015-05-11,01:00:00,1.86794,1.86808,1.86622,1.86711,0,0
2015-05-11,02:00:00,1.86711,1.86729,1.86579,1.86649,0,0
2015-05-11,03:00:00,1.86649,1.8672,1.86597,1.86597,0,0
2015-05-11,04:00:00,1.86604,1.867,1.86575,1.86664,0,0
2015-05-11,05:00:00,1.8664,1.86928,1.8661,1.86866,0,0
2015-05-11,06:00:00,1.86869,1.86935,1.86816,1.86928,0,0
2015-05-11,07:00:00,1.86926,1.8699,1.86902,1.86916,0,0
2015-05-11,08:00:00,1.86916,1.87011,1.86869,1.86946,0,0
2015-05-11,09:00:00,1.86946,1.87117,1.86877,1.86944,0,0
2015-05-11,10:00:00,1.86939,1.87132,1.86787,1.87083,0,0
2015-05-11,11:00:00,1.87078,1.87184,1.86949,1.86965,0,0
2015-05-11,12:00:00,1.86966,1.87562,1.8688,1.87552,0,0
2015-05-11,13:00:00,1.87542,1.87985,1.87475,1.87785,0,0
2015-05-11,14:00:00,1.87777,1.87802,1.87434,1.8754,0,0
2015-05-11,15:00:00,1.87547,1.87732,1.87255,1.87678,0,0
2015-05-11,16:00:00,1.87694,1.87912,1.87327,1.87791,0,0
2015-05-11,17:00:00,1.87832,1.8806,1.87763,1.8806,0,0
2015-05-11,18:00:00,1.8809,1.88835,1.87906,1.88778,0,0
2015-05-11,19:00:00,1.88787,1.88917,1.88479,1.88604,0,0
2015-05-11,20:00:00,1.88622,1.8875,1.88511,1.88532,0,0
2015-05-11,21:00:00,1.88535,1.88596,1.88265,1.88566,0,0
2015-05-11,22:00:00,1.88563,1.88816,1.88513,1.88789,0,0
2015-05-11,23:00:00,1.8879,1.8879,1.88488,1.88599,0,0
2015-05-11,23:59:00,1.88643,1.88651,1.88492,1.88549,0,0
2015-05-12,01:00:00,1.88557,1.886,1.88402,1.88446,0,0
2015-05-12,02:00:00,1.88445,1.8852,1.88382,1.88423,0,0
2015-05-12,03:00:00,1.88424,1.88505,1.88401,1.88443,0,0
2015-05-12,04:00:00,1.88441,1.8852,1.88383,1.88421,0,0
2015-05-12,05:00:00,1.884,1.88444,1.88299,1.88311,0,0
2015-05-12,06:00:00,1.88311,1.8838,1.88249,1.88295,0,0
2015-05-12,07:00:00,1.88295,1.88333,1.88249,1.88307,0,0
2015-05-12,08:00:00,1.88313,1.88379,1.88224,1.88312,0,0
2015-05-12,09:00:00,1.88312,1.88568,1.88251,1.88354,0,0
2015-05-12,10:00:00,1.88325,1.88422,1.87877,1.87897,0,0
2015-05-12,11:00:00,1.87886,1.88724,1.87881,1.88534,0,0
2015-05-12,12:00:00,1.8854,1.89257,1.8854,1.88952,0,0
2015-05-12,13:00:00,1.88952,1.89117,1.88646,1.88646,0,0
2015-05-12,14:00:00,1.88652,1.88934,1.88493,1.88918,0,0
2015-05-12,15:00:00,1.88878,1.88987,1.8826,1.88269,0,0
2015-05-12,16:00:00,1.8829,1.88832,1.88249,1.88426,0,0
2015-05-12,17:00:00,1.88355,1.88554,1.8785,1.87858,0,0
2015-05-12,18:00:00,1.87905,1.88154,1.87844,1.88028,0,0
2015-05-12,19:00:00,1.88002,1.88318,1.87979,1.88128,0,0
2015-05-12,20:00:00,1.8812,1.88207,1.87966,1.88059,0,0
2015-05-12,21:00:00,1.88066,1.88253,1.88035,1.88084,0,0
2015-05-12,22:00:00,1.88095,1.88341,1.88069,1.88226,0,0
2015-05-12,23:00:00,1.88414,1.88414,1.88226,1.88348,0,0
2015-05-12,23:59:00,1.88353,1.88423,1.88073,1.88085,0,0
2015-05-13,01:00:00,1.88126,1.88246,1.8806,1.88155,0,0
2015-05-13,02:00:00,1.88139,1.88181,1.88074,1.8814,0,0
2015-05-13,03:00:00,1.88132,1.88273,1.88089,1.88205,0,0
2015-05-13,04:00:00,1.88196,1.88219,1.88101,1.88191,0,0
2015-05-13,05:00:00,1.88194,1.88344,1.88162,1.88336,0,0
2015-05-13,06:00:00,1.88336,1.88414,1.88303,1.88405,0,0
2015-05-13,07:00:00,1.88405,1.8859,1.88381,1.8856,0,0
2015-05-13,08:00:00,1.88563,1.88569,1.88468,1.88505,0,0
2015-05-13,09:00:00,1.885,1.88592,1.88221,1.88234,0,0
2015-05-13,10:00:00,1.88224,1.88576,1.882,1.88405,0,0
2015-05-13,11:00:00,1.88409,1.88691,1.8796,1.88421,0,0
2015-05-13,12:00:00,1.88432,1.88585,1.87466,1.87493,0,0
2015-05-13,13:00:00,1.8748,1.87866,1.87291,1.87866,0,0
2015-05-13,14:00:00,1.87861,1.87861,1.8721,1.87457,0,0
2015-05-13,15:00:00,1.87457,1.87667,1.87219,1.87602,0,0
2015-05-13,16:00:00,1.87597,1.88034,1.87585,1.87722,0,0
2015-05-13,17:00:00,1.87712,1.88432,1.8753,1.88419,0,0
2015-05-13,18:00:00,1.88413,1.88413,1.88002,1.8819,0,0
2015-05-13,19:00:00,1.8819,1.8828,1.87913,1.87943,0,0
2015-05-13,20:00:00,1.87934,1.88154,1.87929,1.88074,0,0
2015-05-13,21:00:00,1.88076,1.88559,1.88035,1.88559,0,0
2015-05-13,22:00:00,1.88544,1.88544,1.88243,1.88348,0,0
2015-05-13,23:00:00,1.8835,1.88361,1.88237,1.88272,0,0
2015-05-13,23:59:00,1.88267,1.88333,1.88217,1.88226,0,0
2015-05-14,01:00:00,1.88226,1.8827,1.88103,1.88154,0,0
2015-05-14,02:00:00,1.88162,1.88223,1.88134,1.88155,0,0
2015-05-14,03:00:00,1.88158,1.88201,1.88128,1.88163,0,0
2015-05-14,04:00:00,1.8816,1.8819,1.88034,1.88051,0,0
2015-05-14,05:00:00,1.88061,1.88141,1.87958,1.88106,0,0
2015-05-14,06:00:00,1.88122,1.88153,1.87987,1.88037,0,0
2015-05-14,07:00:00,1.88036,1.88046,1.87923,1.87986,0,0
2015-05-14,08:00:00,1.87983,1.88014,1.87886,1.8792,0,0
2015-05-14,09:00:00,1.87927,1.88113,1.87846,1.88053,0,0
2015-05-14,10:00:00,1.88059,1.8858,1.88042,1.88409,0,0
2015-05-14,11:00:00,1.88391,1.88573,1.88297,1.88493,0,0
2015-05-14,12:00:00,1.8848,1.88716,1.88415,1.88551,0,0
2015-05-14,13:00:00,1.88556,1.8878,1.88473,1.88743,0,0
2015-05-14,14:00:00,1.88734,1.89019,1.88717,1.88882,0,0
2015-05-14,15:00:00,1.8886,1.89039,1.88543,1.88543,0,0
2015-05-14,16:00:00,1.88522,1.88583,1.88319,1.88408,0,0
2015-05-14,17:00:00,1.88417,1.88729,1.88242,1.88508,0,0
2015-05-14,18:00:00,1.88525,1.89222,1.88307,1.89092,0,0
2015-05-14,19:00:00,1.89077,1.89113,1.88886,1.89113,0,0
2015-05-14,20:00:00,1.89119,1.89235,1.88947,1.89017,0,0
2015-05-14,21:00:00,1.89006,1.89133,1.88861,1.89133,0,0
2015-05-14,22:00:00,1.89132,1.89352,1.89048,1.89229,0,0
2015-05-14,23:00:00,1.89227,1.89283,1.89034,1.8905,0,0
2015-05-14,23:59:00,1.89037,1.89202,1.8902,1.8917,0,0
2015-05-15,01:00:00,1.89154,1.89186,1.89033,1.89036,0,0
2015-05-15,02:00:00,1.89036,1.89105,1.88996,1.89025,0,0
2015-05-15,03:00:00,1.89026,1.89105,1.88954,1.89044,0,0
2015-05-15,04:00:00,1.89044,1.89202,1.88981,1.89202,0,0
2015-05-15,05:00:00,1.89202,1.89364,1.89187,1.89271,0,0
2015-05-15,06:00:00,1.89268,1.89284,1.8912,1.89138,0,0
2015-05-15,07:00:00,1.89138,1.89185,1.89115,1.89182,0,0
2015-05-15,08:00:00,1.89184,1.89289,1.89134,1.89271,0,0
2015-05-15,09:00:00,1.89251,1.89299,1.89063,1.89134,0,0
2015-05-15,10:00:00,1.89123,1.89276,1.8889,1.89071,0,0
2015-05-15,11:00:00,1.89073,1.8928,1.89048,1.89154,0,0
2015-05-15,12:00:00,1.89165,1.89177,1.88941,1.89059,0,0
2015-05-15,13:00:00,1.89046,1.89141,1.88929,1.89096,0,0
2015-05-15,14:00:00,1.89098,1.89148,1.88796,1.88982,0,0
2015-05-15,15:00:00,1.88994,1.895,1.88918,1.89404,0,0
2015-05-15,16:00:00,1.89376,1.8993,1.89364,1.8975,0,0
2015-05-15,17:00:00,1.89768,1.89842,1.89487,1.89604,0,0
2015-05-15,18:00:00,1.89594,1.89902,1.89388,1.89412,0,0
2015-05-15,19:00:00,1.89417,1.896,1.89315,1.896,0,0
2015-05-15,20:00:00,1.89614,1.89741,1.89416,1.8943,0,0
2015-05-15,21:00:00,1.89412,1.89475,1.89114,1.89184,0,0
2015-05-15,22:00:00,1.89181,1.8921,1.89011,1.89158,0,0
2015-05-15,23:00:00,1.89163,1.89178,1.89163,1.89165,0,0
2015-05-18,01:00:00,1.89032,1.89262,1.88988,1.89164,0,0
2015-05-18,02:00:00,1.89161,1.89268,1.89095,1.89103,0,0
2015-05-18,03:00:00,1.89103,1.89196,1.89088,1.89178,0,0
2015-05-18,04:00:00,1.89178,1.89285,1.89158,1.89241,0,0
2015-05-18,05:00:00,1.89216,1.89328,1.89203,1.89274,0,0
2015-05-18,06:00:00,1.8927,1.89286,1.89221,1.89241,0,0
2015-05-18,07:00:00,1.89241,1.8928,1.89207,1.89226,0,0
2015-05-18,08:00:00,1.89226,1.89244,1.89062,1.89062,0,0
2015-05-18,09:00:00,1.89067,1.89198,1.88874,1.88966,0,0
2015-05-18,10:00:00,1.88978,1.89072,1.88592,1.88911,0,0
2015-05-18,11:00:00,1.88931,1.88942,1.88645,1.8867,0,0
2015-05-18,12:00:00,1.8867,1.88986,1.88522,1.8893,0,0
2015-05-18,13:00:00,1.88975,1.89148,1.88785,1.89043,0,0
2015-05-18,14:00:00,1.89034,1.89154,1.88941,1.88962,0,0
2015-05-18,15:00:00,1.88962,1.89369,1.88808,1.8935,0,0
2015-05-18,16:00:00,1.89364,1.90386,1.89364,1.89943,0,0
2015-05-18,17:00:00,1.89945,1.90269,1.89808,1.90242,0,0
2015-05-18,18:00:00,1.90208,1.90658,1.90197,1.90503,0,0
2015-05-18,19:00:00,1.90505,1.90579,1.90325,1.90325,0,0
2015-05-18,20:00:00,1.90331,1.90387,1.90116,1.90184,0,0
2015-05-18,21:00:00,1.90187,1.90462,1.90178,1.90462,0,0
2015-05-18,22:00:00,1.9053,1.9053,1.9029,1.904,0,0
2015-05-18,23:00:00,1.90404,1.90435,1.9031,1.90325,0,0
2015-05-18,23:59:00,1.90333,1.90408,1.9027,1.90293,0,0
2015-05-19,01:00:00,1.90294,1.90389,1.90259,1.90283,0,0
2015-05-19,02:00:00,1.90283,1.90309,1.90222,1.90238,0,0
2015-05-19,03:00:00,1.90238,1.90446,1.90238,1.90393,0,0
2015-05-19,04:00:00,1.90374,1.90403,1.902,1.90219,0,0
2015-05-19,05:00:00,1.90234,1.90299,1.90006,1.90071,0,0
2015-05-19,06:00:00,1.90071,1.90104,1.89981,1.90055,0,0
2015-05-19,07:00:00,1.90016,1.90051,1.89892,1.89972,0,0
2015-05-19,08:00:00,1.89972,1.90116,1.89928,1.90047,0,0
2015-05-19,09:00:00,1.90044,1.90408,1.90001,1.90289,0,0
2015-05-19,10:00:00,1.90274,1.90341,1.89791,1.89832,0,0
2015-05-19,11:00:00,1.8981,1.89823,1.89047,1.89418,0,0
2015-05-19,12:00:00,1.89399,1.89514,1.89247,1.89346,0,0
2015-05-19,13:00:00,1.89336,1.89358,1.88818,1.88941,0,0
2015-05-19,14:00:00,1.88933,1.88941,1.88505,1.88636,0,0
2015-05-19,15:00:00,1.88642,1.89052,1.88401,1.88945,0,0
2015-05-19,16:00:00,1.88948,1.89836,1.88873,1.89827,0,0
2015-05-19,17:00:00,1.89843,1.90115,1.89649,1.89884,0,0
2015-05-19,18:00:00,1.89882,1.90002,1.89397,1.89584,0,0
2015-05-19,19:00:00,1.89568,1.89667,1.89363,1.89519,0,0
2015-05-19,20:00:00,1.89553,1.89715,1.89446,1.8959,0,0
2015-05-19,21:00:00,1.89593,1.89693,1.89357,1.89387,0,0
2015-05-19,22:00:00,1.894,1.8968,1.89373,1.89655,0,0
2015-05-19,23:00:00,1.89655,1.89743,1.89585,1.89741,0,0
2015-05-19,23:59:00,1.89752,1.89783,1.8961,1.8971,0,0
2015-05-20,01:00:00,1.89704,1.89752,1.89674,1.89711,0,0
2015-05-20,02:00:00,1.89712,1.89757,1.89678,1.89695,0,0
2015-05-20,03:00:00,1.89698,1.8982,1.89692,1.89753,0,0
2015-05-20,04:00:00,1.8975,1.89858,1.89664,1.89668,0,0
2015-05-20,05:00:00,1.8967,1.89772,1.89669,1.89699,0,0
2015-05-20,06:00:00,1.89705,1.89716,1.89597,1.89617,0,0
2015-05-20,07:00:00,1.89614,1.89678,1.89511,1.89587,0,0
2015-05-20,08:00:00,1.89592,1.89671,1.89552,1.89647,0,0
2015-05-20,09:00:00,1.89637,1.89781,1.89398,1.89563,0,0
2015-05-20,10:00:00,1.89563,1.89678,1.89392,1.89515,0,0
2015-05-20,11:00:00,1.89509,1.90025,1.89409,1.89616,0,0
2015-05-20,12:00:00,1.89605,1.90052,1.89605,1.89992,0,0
2015-05-20,13:00:00,1.89991,1.90189,1.89793,1.89878,0,0
2015-05-20,14:00:00,1.89889,1.89891,1.89521,1.8957,0,0
2015-05-20,15:00:00,1.8957,1.89979,1.89547,1.89979,0,0
2015-05-20,16:00:00,1.8996,1.90489,1.89818,1.90359,0,0
2015-05-20,17:00:00,1.90348,1.90458,1.90002,1.90156,0,0
2015-05-20,18:00:00,1.90155,1.90209,1.89771,1.89771,0,0
2015-05-20,19:00:00,1.89799,1.90021,1.89738,1.89769,0,0
2015-05-20,20:00:00,1.89786,1.8984,1.89298,1.8935,0,0
2015-05-20,21:00:00,1.8935,1.89735,1.89168,1.89517,0,0
2015-05-20,22:00:00,1.89514,1.89597,1.8943,1.89518,0,0
2015-05-20,23:00:00,1.89504,1.89685,1.89481,1.89682,0,0
2015-05-20,23:59:00,1.89659,1.8972,1.89439,1.89567,0,0
2015-05-21,01:00:00,1.8957,1.89702,1.8957,1.89618,0,0
2015-05-21,02:00:00,1.89617,1.89729,1.89596,1.89728,0,0
2015-05-21,03:00:00,1.89728,1.89734,1.89596,1.89651,0,0
2015-05-21,04:00:00,1.89652,1.89715,1.89612,1.89644,0,0
2015-05-21,05:00:00,1.89644,1.89672,1.89531,1.89641,0,0
2015-05-21,06:00:00,1.89641,1.89697,1.89593,1.89675,0,0
2015-05-21,07:00:00,1.89677,1.89679,1.8957,1.89582,0,0
2015-05-21,08:00:00,1.89572,1.89634,1.8945,1.89482,0,0
2015-05-21,09:00:00,1.89471,1.8953,1.8918,1.89199,0,0
2015-05-21,10:00:00,1.89203,1.89854,1.89203,1.89708,0,0
2015-05-21,11:00:00,1.89696,1.9073,1.89696,1.90649,0,0
2015-05-21,12:00:00,1.90648,1.91064,1.90602,1.91027,0,0
2015-05-21,13:00:00,1.91008,1.91442,1.91008,1.9135,0,0
2015-05-21,14:00:00,1.91367,1.91612,1.91332,1.91575,0,0
2015-05-21,15:00:00,1.91572,1.91843,1.91447,1.91588,0,0
2015-05-21,16:00:00,1.91581,1.91696,1.91316,1.91696,0,0
2015-05-21,17:00:00,1.91651,1.91835,1.9115,1.91392,0,0
2015-05-21,18:00:00,1.91397,1.91454,1.91101,1.91238,0,0
2015-05-21,19:00:00,1.9122,1.91349,1.91091,1.91185,0,0
2015-05-21,20:00:00,1.91196,1.91384,1.91175,1.91333,0,0
2015-05-21,21:00:00,1.91333,1.91333,1.91149,1.91241,0,0
2015-05-21,22:00:00,1.91247,1.91353,1.91199,1.91224,0,0
2015-05-21,23:00:00,1.91231,1.9126,1.91044,1.91054,0,0
2015-05-21,23:59:00,1.91074,1.91126,1.91005,1.91084,0,0
2015-05-22,01:00:00,1.91084,1.91124,1.91027,1.91089,0,0
2015-05-22,02:00:00,1.91088,1.91093,1.90999,1.90999,0,0
2015-05-22,03:00:00,1.91012,1.91085,1.90967,1.91042,0,0
2015-05-22,04:00:00,1.91042,1.91062,1.90939,1.91001,0,0
2015-05-22,05:00:00,1.90998,1.91028,1.90818,1.90847,0,0
2015-05-22,06:00:00,1.90847,1.9092,1.90827,1.9089,0,0
2015-05-22,07:00:00,1.90895,1.9099,1.90834,1.90932,0,0
2015-05-22,08:00:00,1.90925,1.91011,1.90852,1.90985,0,0
2015-05-22,09:00:00,1.9097,1.91119,1.9095,1.91028,0,0
2015-05-22,10:00:00,1.91018,1.91145,1.90762,1.91031,0,0
2015-05-22,11:00:00,1.91016,1.91148,1.90765,1.91071,0,0
2015-05-22,12:00:00,1.91062,1.91231,1.90919,1.90952,0,0
2015-05-22,13:00:00,1.90941,1.91032,1.9074,1.90953,0,0
2015-05-22,14:00:00,1.90947,1.90992,1.90688,1.9074,0,0
2015-05-22,15:00:00,1.90748,1.91244,1.90313,1.90425,0,0
2015-05-22,16:00:00,1.90445,1.90782,1.90287,1.90332,0,0
2015-05-22,17:00:00,1.90321,1.90583,1.90321,1.90389,0,0
2015-05-22,18:00:00,1.90382,1.90494,1.90161,1.90261,0,0
2015-05-22,19:00:00,1.90263,1.90482,1.90229,1.90472,0,0
2015-05-22,20:00:00,1.90527,1.90683,1.90338,1.90485,0,0
2015-05-22,21:00:00,1.90421,1.90615,1.90332,1.90442,0,0
2015-05-22,22:00:00,1.90455,1.90505,1.90364,1.90385,0,0
2015-05-22,23:00:00,1.90362,1.90377,1.90362,1.90371,0,0
2015-05-25,01:00:00,1.90253,1.90332,1.90175,1.9026,0,0
2015-05-25,02:00:00,1.90257,1.90326,1.9024,1.90252,0,0
2015-05-25,03:00:00,1.90252,1.90322,1.90216,1.90267,0,0
2015-05-25,04:00:00,1.90269,1.90331,1.90214,1.90279,0,0
2015-05-25,05:00:00,1.90279,1.90292,1.902,1.90224,0,0
2015-05-25,06:00:00,1.9023,1.90277,1.90188,1.90209,0,0
2015-05-25,07:00:00,1.90212,1.90248,1.90173,1.90173,0,0
2015-05-25,08:00:00,1.90173,1.90256,1.90167,1.90213,0,0
2015-05-25,09:00:00,1.90211,1.90383,1.90192,1.90266,0,0
2015-05-25,10:00:00,1.9028,1.90618,1.90168,1.90581,0,0
2015-05-25,11:00:00,1.90583,1.90721,1.90366,1.90368,0,0
2015-05-25,12:00:00,1.90368,1.90504,1.90251,1.90369,0,0
2015-05-25,13:00:00,1.90372,1.90389,1.902,1.90287,0,0
2015-05-25,14:00:00,1.9028,1.90324,1.90122,1.90202,0,0
2015-05-25,15:00:00,1.90205,1.90369,1.90028,1.90239,0,0
2015-05-25,16:00:00,1.90239,1.90304,1.90034,1.90221,0,0
2015-05-25,17:00:00,1.90237,1.90442,1.90225,1.90328,0,0
2015-05-25,18:00:00,1.90338,1.9035,1.9014,1.90261,0,0
2015-05-25,19:00:00,1.90264,1.90549,1.90264,1.90431,0,0
2015-05-25,20:00:00,1.90435,1.90533,1.90373,1.90521,0,0
2015-05-25,21:00:00,1.90521,1.90537,1.90442,1.9048,0,0
2015-05-25,22:00:00,1.90486,1.90495,1.90394,1.90456,0,0
2015-05-25,23:00:00,1.90459,1.90537,1.90432,1.90495,0,0
2015-05-25,23:59:00,1.90495,1.90548,1.90433,1.90464,0,0
2015-05-26,01:00:00,1.90464,1.90533,1.9045,1.9048,0,0
2015-05-26,02:00:00,1.90488,1.90585,1.90467,1.90585,0,0
2015-05-26,03:00:00,1.9058,1.90604,1.904,1.90441,0,0
2015-05-26,04:00:00,1.9044,1.905,1.90234,1.90267,0,0
2015-05-26,05:00:00,1.90273,1.90287,1.90178,1.90252,0,0
2015-05-26,06:00:00,1.90255,1.9028,1.90135,1.90168,0,0
2015-05-26,07:00:00,1.90168,1.90264,1.90168,1.90212,0,0
2015-05-26,08:00:00,1.90212,1.90251,1.90133,1.90196,0,0
2015-05-26,09:00:00,1.90194,1.90265,1.90032,1.90183,0,0
2015-05-26,10:00:00,1.90171,1.90352,1.90015,1.90215,0,0
2015-05-26,11:00:00,1.90194,1.90498,1.89993,1.90378,0,0
2015-05-26,12:00:00,1.90389,1.90576,1.90188,1.90249,0,0
2015-05-26,13:00:00,1.90283,1.90705,1.90283,1.90648,0,0
2015-05-26,14:00:00,1.90644,1.90655,1.9044,1.90583,0,0
2015-05-26,15:00:00,1.90587,1.90878,1.90302,1.90798,0,0
2015-05-26,16:00:00,1.908,1.91172,1.90722,1.91022,0,0
2015-05-26,17:00:00,1.91004,1.91317,1.90955,1.91083,0,0
2015-05-26,18:00:00,1.91047,1.91417,1.91007,1.91364,0,0
2015-05-26,19:00:00,1.91369,1.91533,1.91242,1.9139,0,0
2015-05-26,20:00:00,1.91377,1.9147,1.91211,1.91285,0,0
2015-05-26,21:00:00,1.91312,1.91363,1.91147,1.91254,0,0
2015-05-26,22:00:00,1.91277,1.91324,1.91082,1.91143,0,0
2015-05-26,23:00:00,1.91146,1.91289,1.91123,1.91283,0,0
2015-05-26,23:59:00,1.91296,1.91385,1.91166,1.91228,0,0
2015-05-27,01:00:00,1.9124,1.9134,1.91211,1.91212,0,0
2015-05-27,02:00:00,1.91212,1.91316,1.91199,1.91268,0,0
2015-05-27,03:00:00,1.91252,1.91306,1.91209,1.91249,0,0
2015-05-27,04:00:00,1.91265,1.91363,1.91223,1.91223,0,0
2015-05-27,05:00:00,1.91228,1.91307,1.91187,1.91303,0,0
2015-05-27,06:00:00,1.91305,1.91339,1.91236,1.91313,0,0
2015-05-27,07:00:00,1.91313,1.91428,1.9128,1.91419,0,0
2015-05-27,08:00:00,1.91397,1.91529,1.91369,1.91514,0,0
2015-05-27,09:00:00,1.91528,1.9161,1.91075,1.91085,0,0
2015-05-27,10:00:00,1.9107,1.91501,1.91043,1.91493,0,0
2015-05-27,11:00:00,1.91493,1.91569,1.91283,1.91371,0,0
2015-05-27,12:00:00,1.91368,1.91686,1.91343,1.91534,0,0
2015-05-27,13:00:00,1.91531,1.91862,1.91478,1.91513,0,0
2015-05-27,14:00:00,1.91531,1.9175,1.91244,1.91549,0,0
2015-05-27,15:00:00,1.91547,1.91595,1.91194,1.9135,0,0
2015-05-27,16:00:00,1.91352,1.91415,1.90636,1.90636,0,0
2015-05-27,17:00:00,1.90719,1.9139,1.90539,1.91312,0,0
2015-05-27,18:00:00,1.91327,1.91476,1.90987,1.91287,0,0
2015-05-27,19:00:00,1.91276,1.91419,1.91217,1.91365,0,0
2015-05-27,20:00:00,1.91382,1.91412,1.91185,1.91367,0,0
2015-05-27,21:00:00,1.9137,1.91405,1.91252,1.91268,0,0
2015-05-27,22:00:00,1.9127,1.91313,1.91108,1.91217,0,0
2015-05-27,23:00:00,1.91208,1.91383,1.91185,1.91191,0,0
2015-05-27,23:59:00,1.91191,1.91304,1.91149,1.91215,0,0
2015-05-28,01:00:00,1.91249,1.91268,1.91129,1.91194,0,0
2015-05-28,02:00:00,1.91194,1.91209,1.91168,1.91188,0,0
2015-05-28,03:00:00,1.91192,1.91218,1.91052,1.91139,0,0
2015-05-28,04:00:00,1.91133,1.91305,1.91119,1.9122,0,0
2015-05-28,05:00:00,1.91221,1.91418,1.91188,1.91338,0,0
2015-05-28,06:00:00,1.9132,1.91404,1.91263,1.91404,0,0
2015-05-28,07:00:00,1.91404,1.91525,1.91347,1.91505,0,0
2015-05-28,08:00:00,1.91505,1.91527,1.91263,1.91324,0,0
2015-05-28,09:00:00,1.91324,1.91493,1.91242,1.91284,0,0
2015-05-28,10:00:00,1.91278,1.91457,1.91206,1.91331,0,0
2015-05-28,11:00:00,1.91343,1.91662,1.91152,1.91261,0,0
2015-05-28,12:00:00,1.91267,1.91402,1.91121,1.91163,0,0
2015-05-28,13:00:00,1.91174,1.9134,1.90941,1.90987,0,0
2015-05-28,14:00:00,1.90982,1.9102,1.90669,1.90698,0,0
2015-05-28,15:00:00,1.90668,1.91061,1.90623,1.91006,0,0
2015-05-28,16:00:00,1.91004,1.91526,1.90954,1.9146,0,0
2015-05-28,17:00:00,1.91467,1.91467,1.91068,1.91221,0,0
2015-05-28,18:00:00,1.9118,1.91194,1.9074,1.9074,0,0
2015-05-28,19:00:00,1.90719,1.90902,1.9058,1.90695,0,0
2015-05-28,20:00:00,1.90693,1.90802,1.90366,1.90392,0,0
2015-05-28,21:00:00,1.90388,1.90462,1.90243,1.90379,0,0
2015-05-28,22:00:00,1.90385,1.90425,1.90252,1.90328,0,0
2015-05-28,23:00:00,1.90326,1.90434,1.90308,1.9042,0,0
2015-05-28,23:59:00,1.90464,1.9052,1.90301,1.90329,0,0
2015-05-29,01:00:00,1.90326,1.90423,1.903,1.90357,0,0
2015-05-29,02:00:00,1.90354,1.90432,1.90321,1.90359,0,0
2015-05-29,03:00:00,1.90359,1.90387,1.9021,1.90276,0,0
2015-05-29,04:00:00,1.90255,1.90469,1.90171,1.90428,0,0
2015-05-29,05:00:00,1.90431,1.90506,1.90414,1.90459,0,0
2015-05-29,06:00:00,1.90455,1.90499,1.90414,1.90452,0,0
2015-05-29,07:00:00,1.90456,1.90471,1.90346,1.9038,0,0
2015-05-29,08:00:00,1.90374,1.90464,1.90334,1.90461,0,0
2015-05-29,09:00:00,1.90459,1.90539,1.9031,1.90322,0,0
2015-05-29,10:00:00,1.90322,1.90489,1.90221,1.90341,0,0
2015-05-29,11:00:00,1.90355,1.90588,1.90146,1.90148,0,0
2015-05-29,12:00:00,1.90152,1.90299,1.89995,1.90079,0,0
2015-05-29,13:00:00,1.90072,1.90104,1.89699,1.89739,0,0
2015-05-29,14:00:00,1.89719,1.89841,1.89557,1.89745,0,0
2015-05-29,15:00:00,1.89737,1.91223,1.89648,1.91031,0,0
2015-05-29,16:00:00,1.91012,1.91298,1.90721,1.90869,0,0
2015-05-29,17:00:00,1.90895,1.91047,1.90342,1.904,0,0
2015-05-29,18:00:00,1.9038,1.90947,1.9037,1.90467,0,0
2015-05-29,19:00:00,1.90472,1.90556,1.90251,1.90337,0,0
2015-05-29,20:00:00,1.90337,1.90611,1.90337,1.90496,0,0
2015-05-29,21:00:00,1.90497,1.90499,1.90166,1.90308,0,0
2015-05-29,22:00:00,1.90323,1.90361,1.90048,1.9007,0,0
2015-05-29,23:00:00,1.9011,1.90162,1.90105,1.90162,0,0
2015-06-01,01:00:00,1.90254,1.90465,1.90248,1.90465,0,0
2015-06-01,02:00:00,1.90465,1.90515,1.90367,1.90413,0,0
2015-06-01,03:00:00,1.90448,1.90487,1.9025,1.90376,0,0
2015-06-01,04:00:00,1.90393,1.90495,1.90345,1.90484,0,0
2015-06-01,05:00:00,1.90491,1.90542,1.90387,1.90531,0,0
2015-06-01,06:00:00,1.90542,1.90571,1.90465,1.90476,0,0
2015-06-01,07:00:00,1.90479,1.90575,1.90456,1.90547,0,0
2015-06-01,08:00:00,1.90547,1.90675,1.90546,1.90578,0,0
2015-06-01,09:00:00,1.90578,1.90653,1.90243,1.90305,0,0
2015-06-01,10:00:00,1.90312,1.90575,1.90311,1.90419,0,0
2015-06-01,11:00:00,1.90431,1.9057,1.90146,1.90176,0,0
2015-06-01,12:00:00,1.90155,1.90155,1.89924,1.90058,0,0
2015-06-01,13:00:00,1.90075,1.90075,1.8981,1.89828,0,0
2015-06-01,14:00:00,1.89852,1.90088,1.89677,1.89912,0,0
2015-06-01,15:00:00,1.89943,1.90429,1.89855,1.90425,0,0
2015-06-01,16:00:00,1.90391,1.90683,1.90297,1.90527,0,0
2015-06-01,17:00:00,1.90569,1.90923,1.90432,1.90758,0,0
2015-06-01,18:00:00,1.90744,1.90841,1.90451,1.90563,0,0
2015-06-01,19:00:00,1.9056,1.90694,1.90499,1.9061,0,0
2015-06-01,20:00:00,1.906,1.90771,1.90586,1.90645,0,0
2015-06-01,21:00:00,1.90649,1.90679,1.90205,1.90438,0,0
2015-06-01,22:00:00,1.90433,1.90541,1.90352,1.90455,0,0
2015-06-01,23:00:00,1.90452,1.90528,1.9034,1.9034,0,0
2015-06-01,23:59:00,1.90351,1.90412,1.90286,1.90376,0,0
2015-06-02,01:00:00,1.90387,1.90461,1.90354,1.90417,0,0
2015-06-02,02:00:00,1.90418,1.90448,1.90313,1.90353,0,0
2015-06-02,03:00:00,1.9035,1.90507,1.90337,1.9046,0,0
2015-06-02,04:00:00,1.90457,1.90481,1.90404,1.90462,0,0
2015-06-02,05:00:00,1.90462,1.90475,1.90398,1.9044,0,0
2015-06-02,06:00:00,1.90442,1.90453,1.90353,1.90357,0,0
2015-06-02,07:00:00,1.90357,1.90382,1.90237,1.90276,0,0
2015-06-02,08:00:00,1.90273,1.90306,1.90199,1.90202,0,0
2015-06-02,09:00:00,1.90204,1.90364,1.90201,1.90293,0,0
2015-06-02,10:00:00,1.90261,1.90372,1.89886,1.89945,0,0
2015-06-02,11:00:00,1.8993,1.90717,1.89907,1.90701,0,0
2015-06-02,12:00:00,1.90713,1.91162,1.90467,1.9114,0,0
2015-06-02,13:00:00,1.9118,1.91226,1.90834,1.90834,0,0
2015-06-02,14:00:00,1.90825,1.90889,1.90294,1.90424,0,0
2015-06-02,15:00:00,1.90425,1.90549,1.90236,1.90485,0,0
2015-06-02,16:00:00,1.9049,1.90777,1.90325,1.9069,0,0
2015-06-02,17:00:00,1.90684,1.9088,1.90538,1.90714,0,0
2015-06-02,18:00:00,1.90721,1.90802,1.90433,1.90452,0,0
2015-06-02,19:00:00,1.90468,1.90492,1.89991,1.90127,0,0
2015-06-02,20:00:00,1.90214,1.90338,1.90156,1.90283,0,0
2015-06-02,21:00:00,1.90287,1.90493,1.90267,1.90347,0,0
2015-06-02,22:00:00,1.90344,1.90443,1.90303,1.90329,0,0
2015-06-02,23:00:00,1.90333,1.90418,1.90267,1.90284,0,0
2015-06-02,23:59:00,1.9029,1.90398,1.90261,1.90309,0,0
2015-06-03,01:00:00,1.9032,1.9043,1.90298,1.90406,0,0
2015-06-03,02:00:00,1.90406,1.9046,1.90357,1.90417,0,0
2015-06-03,03:00:00,1.9042,1.90451,1.90372,1.90401,0,0
2015-06-03,04:00:00,1.90396,1.90415,1.90173,1.90247,0,0
2015-06-03,05:00:00,1.90247,1.90324,1.90204,1.90234,0,0
2015-06-03,06:00:00,1.9024,1.90375,1.90232,1.90297,0,0
2015-06-03,07:00:00,1.90312,1.90356,1.90286,1.90346,0,0
2015-06-03,08:00:00,1.90337,1.90515,1.90318,1.90515,0,0
2015-06-03,09:00:00,1.90547,1.90547,1.90303,1.90303,0,0
2015-06-03,10:00:00,1.90304,1.90641,1.90191,1.90638,0,0
2015-06-03,11:00:00,1.90647,1.9075,1.89618,1.89896,0,0
2015-06-03,12:00:00,1.89901,1.90369,1.89781,1.90264,0,0
2015-06-03,13:00:00,1.90273,1.90358,1.90071,1.90325,0,0
2015-06-03,14:00:00,1.90332,1.90363,1.90049,1.90144,0,0
2015-06-03,15:00:00,1.90138,1.90891,1.90117,1.90832,0,0
2015-06-03,16:00:00,1.9082,1.90931,1.90552,1.90676,0,0
2015-06-03,17:00:00,1.90665,1.90815,1.90345,1.90815,0,0
2015-06-03,18:00:00,1.90835,1.91051,1.90647,1.90911,0,0
2015-06-03,19:00:00,1.90896,1.91119,1.9079,1.9089,0,0
2015-06-03,20:00:00,1.90884,1.91081,1.90878,1.90916,0,0
2015-06-03,21:00:00,1.90915,1.90916,1.90778,1.90785,0,0
2015-06-03,22:00:00,1.90808,1.90949,1.90805,1.90928,0,0
2015-06-03,23:00:00,1.90922,1.91076,1.90899,1.91012,0,0
2015-06-03,23:59:00,1.9101,1.91023,1.90795,1.90926,0,0
2015-06-04,01:00:00,1.90921,1.90983,1.90889,1.90932,0,0
2015-06-04,02:00:00,1.90932,1.90977,1.90883,1.90907,0,0
2015-06-04,03:00:00,1.90908,1.9096,1.90873,1.90897,0,0
2015-06-04,04:00:00,1.90897,1.90972,1.90809,1.90954,0,0
2015-06-04,05:00:00,1.90938,1.90974,1.90881,1.90889,0,0
2015-06-04,06:00:00,1.90898,1.90963,1.90869,1.90925,0,0
2015-06-04,07:00:00,1.90927,1.90951,1.90859,1.9092,0,0
2015-06-04,08:00:00,1.90917,1.91068,1.90878,1.91056,0,0
2015-06-04,09:00:00,1.91054,1.91153,1.9076,1.90999,0,0
2015-06-04,10:00:00,1.90992,1.9142,1.90992,1.91405,0,0
2015-06-04,11:00:00,1.91408,1.91916,1.91372,1.91793,0,0
2015-06-04,12:00:00,1.91784,1.92189,1.91781,1.92087,0,0
2015-06-04,13:00:00,1.92093,1.92146,1.91784,1.91998,0,0
2015-06-04,14:00:00,1.91998,1.92076,1.91501,1.91516,0,0
2015-06-04,15:00:00,1.91491,1.91962,1.91433,1.91856,0,0
2015-06-04,16:00:00,1.91862,1.92068,1.91706,1.91923,0,0
2015-06-04,17:00:00,1.91916,1.91966,1.91449,1.91485,0,0
2015-06-04,18:00:00,1.91508,1.91786,1.91507,1.917,0,0
2015-06-04,19:00:00,1.91723,1.91992,1.91576,1.91932,0,0
2015-06-04,20:00:00,1.9188,1.92196,1.91811,1.91965,0,0
2015-06-04,21:00:00,1.91974,1.92099,1.91909,1.92035,0,0
2015-06-04,22:00:00,1.92091,1.92109,1.91937,1.92088,0,0
2015-06-04,23:00:00,1.92093,1.92114,1.91945,1.92099,0,0
2015-06-04,23:59:00,1.92093,1.92122,1.91973,1.92064,0,0
2015-06-05,01:00:00,1.92066,1.92108,1.9196,1.92023,0,0
2015-06-05,02:00:00,1.92023,1.92075,1.91928,1.91936,0,0
2015-06-05,03:00:00,1.91938,1.92069,1.91934,1.91971,0,0
2015-06-05,04:00:00,1.91971,1.92015,1.91905,1.91906,0,0
2015-06-05,05:00:00,1.91923,1.91948,1.91895,1.91925,0,0
2015-06-05,06:00:00,1.91925,1.91967,1.9191,1.91916,0,0
2015-06-05,07:00:00,1.91916,1.91953,1.91882,1.91898,0,0
2015-06-05,08:00:00,1.91898,1.919,1.91787,1.91807,0,0
2015-06-05,09:00:00,1.91803,1.91829,1.91589,1.91654,0,0
2015-06-05,10:00:00,1.91657,1.91905,1.91522,1.918,0,0
2015-06-05,11:00:00,1.91809,1.92037,1.91653,1.9168,0,0
2015-06-05,12:00:00,1.91693,1.91945,1.91646,1.9191,0,0
2015-06-05,13:00:00,1.91893,1.91927,1.91596,1.91637,0,0
2015-06-05,14:00:00,1.91628,1.91739,1.91405,1.91638,0,0
2015-06-05,15:00:00,1.91649,1.91744,1.9008,1.90669,0,0
2015-06-05,16:00:00,1.90697,1.91033,1.90515,1.90592,0,0
2015-06-05,17:00:00,1.90608,1.90634,1.90053,1.90104,0,0
2015-06-05,18:00:00,1.90093,1.90646,1.89999,1.9061,0,0
2015-06-05,19:00:00,1.90644,1.907,1.90499,1.90652,0,0
2015-06-05,20:00:00,1.90646,1.90683,1.90269,1.90357,0,0
2015-06-05,21:00:00,1.90358,1.9041,1.90064,1.90068,0,0
2015-06-05,22:00:00,1.90055,1.90143,1.89933,1.89942,0,0
2015-06-05,23:00:00,1.89942,1.89993,1.89942,1.89993,0,0
2015-06-08,01:00:00,1.89901,1.90068,1.89901,1.90044,0,0
2015-06-08,02:00:00,1.90047,1.90222,1.90047,1.90189,0,0
2015-06-08,03:00:00,1.90203,1.90292,1.90159,1.90221,0,0
2015-06-08,04:00:00,1.90221,1.90303,1.90197,1.90251,0,0
2015-06-08,05:00:00,1.90248,1.90327,1.90213,1.90257,0,0
2015-06-08,06:00:00,1.90259,1.90286,1.90204,1.90251,0,0
2015-06-08,07:00:00,1.90251,1.9028,1.90198,1.90207,0,0
2015-06-08,08:00:00,1.90206,1.90253,1.9016,1.90204,0,0
2015-06-08,09:00:00,1.90205,1.90386,1.90135,1.90201,0,0
2015-06-08,10:00:00,1.90198,1.90274,1.89974,1.90022,0,0
2015-06-08,11:00:00,1.90007,1.90139,1.89507,1.89579,0,0
2015-06-08,12:00:00,1.89578,1.89714,1.89371,1.89409,0,0
2015-06-08,13:00:00,1.89397,1.89622,1.89311,1.89622,0,0
2015-06-08,14:00:00,1.89622,1.89829,1.89579,1.89698,0,0
2015-06-08,15:00:00,1.89689,1.89767,1.89359,1.89521,0,0
2015-06-08,16:00:00,1.89521,1.89809,1.8949,1.8973,0,0
2015-06-08,17:00:00,1.89729,1.90195,1.89665,1.9019,0,0
2015-06-08,18:00:00,1.90163,1.90163,1.89775,1.8998,0,0
2015-06-08,19:00:00,1.90004,1.90449,1.90003,1.90328,0,0
2015-06-08,20:00:00,1.90369,1.90554,1.90311,1.90413,0,0
2015-06-08,21:00:00,1.90419,1.90485,1.90248,1.90255,0,0
2015-06-08,22:00:00,1.90261,1.9036,1.90194,1.9024,0,0
2015-06-08,23:00:00,1.90235,1.90506,1.9021,1.90491,0,0
2015-06-08,23:59:00,1.90492,1.90492,1.90309,1.90386,0,0
2015-06-09,01:00:00,1.90398,1.90515,1.90388,1.90502,0,0
2015-06-09,02:00:00,1.90503,1.90503,1.90375,1.90431,0,0
2015-06-09,03:00:00,1.9044,1.90473,1.90376,1.90431,0,0
2015-06-09,04:00:00,1.90443,1.90489,1.90336,1.90395,0,0
2015-06-09,05:00:00,1.90408,1.90444,1.90352,1.90372,0,0
2015-06-09,06:00:00,1.90381,1.90381,1.90262,1.90282,0,0
2015-06-09,07:00:00,1.90276,1.90331,1.90253,1.90266,0,0
2015-06-09,08:00:00,1.90264,1.90382,1.90242,1.9033,0,0
2015-06-09,09:00:00,1.90321,1.90491,1.90272,1.90352,0,0
2015-06-09,10:00:00,1.90371,1.90371,1.899,1.90077,0,0
2015-06-09,11:00:00,1.90075,1.90132,1.8965,1.89665,0,0
2015-06-09,12:00:00,1.89703,1.89762,1.89492,1.89531,0,0
2015-06-09,13:00:00,1.89552,1.8978,1.89302,1.89311,0,0
2015-06-09,14:00:00,1.89326,1.89481,1.88884,1.89195,0,0
2015-06-09,15:00:00,1.89193,1.89206,1.88681,1.88931,0,0
2015-06-09,16:00:00,1.88951,1.88977,1.88714,1.88907,0,0
2015-06-09,17:00:00,1.88926,1.89008,1.88487,1.88839,0,0
2015-06-09,18:00:00,1.88841,1.89566,1.887,1.89449,0,0
2015-06-09,19:00:00,1.89463,1.89613,1.89281,1.89536,0,0
2015-06-09,20:00:00,1.89508,1.89712,1.89454,1.89695,0,0
2015-06-09,21:00:00,1.89713,1.89882,1.89634,1.89669,0,0
2015-06-09,22:00:00,1.89681,1.89916,1.89678,1.8991,0,0
2015-06-09,23:00:00,1.89907,1.89907,1.89466,1.89777,0,0
2015-06-09,23:59:00,1.89824,1.89824,1.89643,1.89807,0,0
2015-06-10,01:00:00,1.89807,1.89868,1.89735,1.89784,0,0
2015-06-10,02:00:00,1.898,1.89934,1.89754,1.8991,0,0
2015-06-10,03:00:00,1.8991,1.89997,1.89825,1.89968,0,0
2015-06-10,04:00:00,1.8997,1.8997,1.89891,1.89953,0,0
2015-06-10,05:00:00,1.8995,1.89986,1.8988,1.89949,0,0
2015-06-10,06:00:00,1.89948,1.89948,1.89813,1.89817,0,0
2015-06-10,07:00:00,1.89808,1.89979,1.89712,1.89878,0,0
2015-06-10,08:00:00,1.89892,1.89941,1.89761,1.89915,0,0
2015-06-10,09:00:00,1.89907,1.89907,1.89618,1.89719,0,0
2015-06-10,10:00:00,1.89743,1.89784,1.89256,1.89407,0,0
2015-06-10,11:00:00,1.89398,1.8955,1.88893,1.88963,0,0
2015-06-10,12:00:00,1.88954,1.89352,1.88937,1.89352,0,0
2015-06-10,13:00:00,1.89357,1.89462,1.89138,1.89436,0,0
2015-06-10,14:00:00,1.89443,1.89822,1.89276,1.89683,0,0
2015-06-10,15:00:00,1.89682,1.89792,1.89452,1.89565,0,0
2015-06-10,16:00:00,1.89553,1.89822,1.8941,1.89822,0,0
2015-06-10,17:00:00,1.89832,1.90613,1.89727,1.90536,0,0
2015-06-10,18:00:00,1.90542,1.90631,1.90292,1.90512,0,0
2015-06-10,19:00:00,1.9051,1.90516,1.90073,1.9042,0,0
2015-06-10,20:00:00,1.90429,1.90702,1.90429,1.90582,0,0
2015-06-10,21:00:00,1.90585,1.90597,1.90383,1.90409,0,0
2015-06-10,22:00:00,1.90423,1.90579,1.90409,1.90522,0,0
2015-06-10,23:00:00,1.90504,1.90529,1.90314,1.90314,0,0
2015-06-10,23:59:00,1.90312,1.90544,1.90264,1.90335,0,0
2015-06-11,01:00:00,1.90385,1.90438,1.90254,1.90276,0,0
2015-06-11,02:00:00,1.90278,1.90312,1.9017,1.90312,0,0
2015-06-11,03:00:00,1.90333,1.90337,1.90243,1.90264,0,0
2015-06-11,04:00:00,1.90274,1.90327,1.90101,1.90266,0,0
2015-06-11,05:00:00,1.90273,1.9033,1.90164,1.90185,0,0
2015-06-11,06:00:00,1.90177,1.90258,1.90148,1.90201,0,0
2015-06-11,07:00:00,1.90189,1.90282,1.90179,1.90207,0,0
2015-06-11,08:00:00,1.90211,1.90268,1.90131,1.90173,0,0
2015-06-11,09:00:00,1.90176,1.90258,1.89861,1.89949,0,0
2015-06-11,10:00:00,1.89938,1.90071,1.89678,1.90023,0,0
2015-06-11,11:00:00,1.90016,1.9035,1.89966,1.90299,0,0
2015-06-11,12:00:00,1.90268,1.90501,1.90047,1.90304,0,0
2015-06-11,13:00:00,1.90309,1.90446,1.90143,1.90332,0,0
2015-06-11,14:00:00,1.90319,1.90483,1.90295,1.90428,0,0
2015-06-11,15:00:00,1.90416,1.907,1.90177,1.90542,0,0
2015-06-11,16:00:00,1.90565,1.90565,1.90353,1.9054,0,0
2015-06-11,17:00:00,1.90547,1.90802,1.90546,1.90612,0,0
2015-06-11,18:00:00,1.90616,1.91047,1.90542,1.90784,0,0
2015-06-11,19:00:00,1.90781,1.90927,1.90684,1.90916,0,0
2015-06-11,20:00:00,1.90913,1.91077,1.90728,1.90798,0,0
2015-06-11,21:00:00,1.90816,1.90868,1.90541,1.90585,0,0
2015-06-11,22:00:00,1.90573,1.90679,1.90482,1.90654,0,0
2015-06-11,23:00:00,1.90645,1.90823,1.9054,1.90755,0,0
2015-06-11,23:59:00,1.90738,1.90848,1.90685,1.90765,0,0
2015-06-12,01:00:00,1.90755,1.90832,1.90713,1.90729,0,0
2015-06-12,02:00:00,1.9072,1.9076,1.90633,1.90737,0,0
2015-06-12,03:00:00,1.90734,1.90753,1.90668,1.9075,0,0
2015-06-12,04:00:00,1.90745,1.90802,1.90705,1.90743,0,0
2015-06-12,05:00:00,1.90745,1.90745,1.90629,1.90651,0,0
2015-06-12,06:00:00,1.9065,1.90679,1.90601,1.90626,0,0
2015-06-12,07:00:00,1.90623,1.9066,1.90554,1.90582,0,0
2015-06-12,08:00:00,1.9058,1.90623,1.905,1.90545,0,0
2015-06-12,09:00:00,1.90525,1.90769,1.90474,1.90733,0,0
2015-06-12,10:00:00,1.90723,1.90924,1.90651,1.90796,0,0
2015-06-12,11:00:00,1.90799,1.91117,1.90643,1.90815,0,0
2015-06-12,12:00:00,1.90816,1.91088,1.90743,1.90743,0,0
2015-06-12,13:00:00,1.90737,1.90805,1.90611,1.90656,0,0
2015-06-12,14:00:00,1.90654,1.90701,1.9035,1.90401,0,0
2015-06-12,15:00:00,1.90407,1.9092,1.90407,1.90891,0,0
2015-06-12,16:00:00,1.90878,1.9123,1.90796,1.91086,0,0
2015-06-12,17:00:00,1.91149,1.91836,1.91115,1.91553,0,0
2015-06-12,18:00:00,1.91526,1.91869,1.91467,1.91808,0,0
2015-06-12,19:00:00,1.91808,1.91823,1.91316,1.9148,0,0
2015-06-12,20:00:00,1.91467,1.9168,1.91467,1.91524,0,0
2015-06-12,21:00:00,1.91526,1.91747,1.91501,1.91671,0,0
2015-06-12,22:00:00,1.91674,1.91761,1.91429,1.91566,0,0
2015-06-12,23:00:00,1.91566,1.91569,1.91523,1.91533,0,0
2015-06-15,01:00:00,1.91631,1.91723,1.91593,1.91625,0,0
2015-06-15,02:00:00,1.91637,1.91677,1.91591,1.91657,0,0
2015-06-15,03:00:00,1.9166,1.91672,1.91553,1.91607,0,0
2015-06-15,04:00:00,1.91604,1.91679,1.91499,1.91676,0,0
2015-06-15,05:00:00,1.91645,1.91692,1.91581,1.91612,0,0
2015-06-15,06:00:00,1.91612,1.91693,1.9156,1.91678,0,0
2015-06-15,07:00:00,1.91678,1.91706,1.91573,1.91643,0,0
2015-06-15,08:00:00,1.91634,1.91691,1.91538,1.91538,0,0
2015-06-15,09:00:00,1.9155,1.91666,1.91375,1.91438,0,0
2015-06-15,10:00:00,1.9144,1.91511,1.91321,1.91441,0,0
2015-06-15,11:00:00,1.91433,1.91634,1.9139,1.91544,0,0
2015-06-15,12:00:00,1.91571,1.91591,1.91334,1.91467,0,0
2015-06-15,13:00:00,1.91467,1.91585,1.91312,1.91456,0,0
2015-06-15,14:00:00,1.91459,1.91577,1.91371,1.91554,0,0
2015-06-15,15:00:00,1.91554,1.91756,1.91343,1.91748,0,0
2015-06-15,16:00:00,1.91749,1.91761,1.91419,1.91475,0,0
2015-06-15,17:00:00,1.91464,1.91797,1.91334,1.91702,0,0
2015-06-15,18:00:00,1.91711,1.91962,1.91711,1.91877,0,0
2015-06-15,19:00:00,1.91871,1.91871,1.91699,1.91797,0,0
2015-06-15,20:00:00,1.91788,1.91891,1.91712,1.91785,0,0
2015-06-15,21:00:00,1.91796,1.92292,1.91796,1.9228,0,0
2015-06-15,22:00:00,1.92284,1.92369,1.92151,1.92183,0,0
2015-06-15,23:00:00,1.92175,1.92262,1.92022,1.92256,0,0
2015-06-15,23:59:00,1.92287,1.92295,1.92133,1.92156,0,0
2015-06-16,01:00:00,1.92158,1.92263,1.92072,1.92093,0,0
2015-06-16,02:00:00,1.92102,1.92155,1.92069,1.92112,0,0
2015-06-16,03:00:00,1.92107,1.92166,1.92045,1.92159,0,0
2015-06-16,04:00:00,1.92156,1.92433,1.92136,1.92227,0,0
2015-06-16,05:00:00,1.92233,1.92319,1.92211,1.92245,0,0
2015-06-16,06:00:00,1.92247,1.92324,1.92238,1.92291,0,0
2015-06-16,07:00:00,1.92291,1.92315,1.92218,1.92225,0,0
2015-06-16,08:00:00,1.92224,1.92295,1.92214,1.92239,0,0
2015-06-16,09:00:00,1.92238,1.92418,1.92161,1.92418,0,0
2015-06-16,10:00:00,1.92422,1.92577,1.92224,1.92335,0,0
2015-06-16,11:00:00,1.92346,1.92716,1.91755,1.91779,0,0
2015-06-16,12:00:00,1.91767,1.92166,1.91756,1.92159,0,0
2015-06-16,13:00:00,1.92198,1.92457,1.92185,1.92325,0,0
2015-06-16,14:00:00,1.92317,1.92874,1.92317,1.92776,0,0
2015-06-16,15:00:00,1.92778,1.9293,1.92565,1.92633,0,0
2015-06-16,16:00:00,1.92624,1.9283,1.92414,1.92473,0,0
2015-06-16,17:00:00,1.92485,1.92755,1.92443,1.9275,0,0
2015-06-16,18:00:00,1.92743,1.92773,1.92469,1.92773,0,0
2015-06-16,19:00:00,1.92776,1.93073,1.92735,1.92905,0,0
2015-06-16,20:00:00,1.92908,1.93029,1.92613,1.92653,0,0
2015-06-16,21:00:00,1.92646,1.9289,1.92625,1.92733,0,0
2015-06-16,22:00:00,1.92739,1.92759,1.92576,1.92592,0,0
2015-06-16,23:00:00,1.92596,1.92659,1.92243,1.92398,0,0
2015-06-16,23:59:00,1.92381,1.92407,1.92236,1.92374,0,0
2015-06-17,01:00:00,1.92373,1.92407,1.92278,1.92315,0,0
2015-06-17,02:00:00,1.92312,1.92349,1.92252,1.92288,0,0
2015-06-17,03:00:00,1.92287,1.92366,1.92253,1.92271,0,0
2015-06-17,04:00:00,1.92263,1.92318,1.92242,1.92269,0,0
2015-06-17,05:00:00,1.92272,1.92378,1.92252,1.92319,0,0
2015-06-17,06:00:00,1.92314,1.92393,1.92267,1.92307,0,0
2015-06-17,07:00:00,1.92304,1.92378,1.92257,1.92314,0,0
2015-06-17,08:00:00,1.92311,1.92373,1.92289,1.9233,0,0
2015-06-17,09:00:00,1.92339,1.92639,1.92243,1.92639,0,0
2015-06-17,10:00:00,1.92642,1.9287,1.92554,1.92723,0,0
2015-06-17,11:00:00,1.92719,1.93985,1.92719,1.93849,0,0
2015-06-17,12:00:00,1.93858,1.93999,1.93747,1.9385,0,0
2015-06-17,13:00:00,1.93856,1.94007,1.9371,1.93858,0,0
2015-06-17,14:00:00,1.93843,1.93971,1.93482,1.93551,0,0
2015-06-17,15:00:00,1.93572,1.93948,1.93565,1.9391,0,0
2015-06-17,16:00:00,1.9391,1.93914,1.93559,1.93648,0,0
2015-06-17,17:00:00,1.93676,1.93805,1.9329,1.93531,0,0
2015-06-17,18:00:00,1.93531,1.93573,1.93203,1.93262,0,0
2015-06-17,19:00:00,1.93283,1.93636,1.93283,1.93604,0,0
2015-06-17,20:00:00,1.936,1.93825,1.9351,1.93794,0,0
2015-06-17,21:00:00,1.93823,1.93882,1.93431,1.93563,0,0
2015-06-17,22:00:00,1.93566,1.9385,1.93512,1.93739,0,0
2015-06-17,23:00:00,1.93751,1.93822,1.93563,1.93599,0,0
2015-06-17,23:59:00,1.93585,1.9373,1.93585,1.93625,0,0
2015-06-18,01:00:00,1.93625,1.93721,1.93579,1.93656,0,0
2015-06-18,02:00:00,1.93654,1.93851,1.93611,1.93849,0,0
2015-06-18,03:00:00,1.93849,1.93854,1.93733,1.93743,0,0
2015-06-18,04:00:00,1.93749,1.93819,1.93707,1.93758,0,0
2015-06-18,05:00:00,1.93752,1.93819,1.93719,1.93734,0,0
2015-06-18,06:00:00,1.93725,1.93778,1.93688,1.93754,0,0
2015-06-18,07:00:00,1.93754,1.93771,1.93565,1.93571,0,0
2015-06-18,08:00:00,1.9358,1.93653,1.93409,1.9345,0,0
2015-06-18,09:00:00,1.93448,1.93499,1.93296,1.9332,0,0
2015-06-18,10:00:00,1.93314,1.9392,1.93312,1.93874,0,0
2015-06-18,11:00:00,1.93831,1.93898,1.93461,1.93499,0,0
2015-06-18,12:00:00,1.93505,1.93796,1.93327,1.93472,0,0
2015-06-18,13:00:00,1.93469,1.93661,1.93425,1.93479,0,0
2015-06-18,14:00:00,1.93461,1.93697,1.93381,1.93423,0,0
2015-06-18,15:00:00,1.93419,1.9348,1.92975,1.93153,0,0
2015-06-18,16:00:00,1.93152,1.93432,1.92976,1.93157,0,0
2015-06-18,17:00:00,1.93178,1.93694,1.9312,1.93694,0,0
2015-06-18,18:00:00,1.93713,1.93879,1.93549,1.93874,0,0
2015-06-18,19:00:00,1.93869,1.94038,1.93779,1.94033,0,0
2015-06-18,20:00:00,1.94033,1.94218,1.94012,1.94036,0,0
2015-06-18,21:00:00,1.94022,1.94228,1.94022,1.94176,0,0
2015-06-18,22:00:00,1.94187,1.94394,1.9413,1.94279,0,0
2015-06-18,23:00:00,1.94271,1.94307,1.94096,1.94096,0,0
2015-06-18,23:59:00,1.94107,1.94272,1.941,1.94139,0,0
2015-06-19,01:00:00,1.94141,1.94165,1.94036,1.9404,0,0
2015-06-19,02:00:00,1.94045,1.94199,1.94027,1.94142,0,0
2015-06-19,03:00:00,1.94142,1.94269,1.94104,1.94197,0,0
2015-06-19,04:00:00,1.94186,1.9424,1.94137,1.94157,0,0
2015-06-19,05:00:00,1.94163,1.94236,1.94155,1.94202,0,0
2015-06-19,06:00:00,1.94199,1.94261,1.9418,1.94254,0,0
2015-06-19,07:00:00,1.94254,1.94282,1.94167,1.94216,0,0
2015-06-19,08:00:00,1.94214,1.94219,1.93987,1.94022,0,0
2015-06-19,09:00:00,1.94042,1.94165,1.93993,1.94093,0,0
2015-06-19,10:00:00,1.94085,1.94153,1.93815,1.93847,0,0
2015-06-19,11:00:00,1.93845,1.93956,1.93674,1.93727,0,0
2015-06-19,12:00:00,1.93713,1.94041,1.93642,1.9386,0,0
2015-06-19,13:00:00,1.93866,1.94135,1.93852,1.94011,0,0
2015-06-19,14:00:00,1.93994,1.94331,1.93934,1.94237,0,0
2015-06-19,15:00:00,1.94223,1.94985,1.94171,1.94965,0,0
2015-06-19,16:00:00,1.94962,1.95261,1.94557,1.94733,0,0
2015-06-19,17:00:00,1.94749,1.9526,1.94749,1.95073,0,0
2015-06-19,18:00:00,1.95062,1.95211,1.94931,1.94953,0,0
2015-06-19,19:00:00,1.94951,1.95018,1.94825,1.94939,0,0
2015-06-19,20:00:00,1.94911,1.94949,1.9468,1.94749,0,0
2015-06-19,21:00:00,1.94757,1.94805,1.94655,1.94715,0,0
2015-06-19,22:00:00,1.9471,1.94831,1.94685,1.94685,0,0
2015-06-19,23:00:00,1.94693,1.94708,1.94678,1.94708,0,0
2015-06-22,01:00:00,1.94699,1.94835,1.94684,1.9476,0,0
2015-06-22,02:00:00,1.94758,1.94913,1.94746,1.94856,0,0
2015-06-22,03:00:00,1.94859,1.94873,1.94785,1.94862,0,0
2015-06-22,04:00:00,1.9486,1.94876,1.94769,1.94786,0,0
2015-06-22,05:00:00,1.94782,1.94856,1.94771,1.94806,0,0
2015-06-22,06:00:00,1.94806,1.94846,1.94733,1.94751,0,0
2015-06-22,07:00:00,1.94754,1.94881,1.9472,1.94872,0,0
2015-06-22,08:00:00,1.94881,1.94941,1.94697,1.94731,0,0
2015-06-22,09:00:00,1.94739,1.94883,1.94589,1.94846,0,0
2015-06-22,10:00:00,1.94846,1.94863,1.94446,1.94482,0,0
2015-06-22,11:00:00,1.945,1.9461,1.9443,1.9461,0,0
2015-06-22,12:00:00,1.94594,1.94655,1.94244,1.94246,0,0
2015-06-22,13:00:00,1.9425,1.9425,1.93593,1.936,0,0
2015-06-22,14:00:00,1.93611,1.93673,1.93468,1.9353,0,0
2015-06-22,15:00:00,1.93548,1.93826,1.93374,1.93781,0,0
2015-06-22,16:00:00,1.93772,1.94363,1.93655,1.94284,0,0
2015-06-22,17:00:00,1.943,1.9455,1.94147,1.94223,0,0
2015-06-22,18:00:00,1.94215,1.94515,1.94215,1.94426,0,0
2015-06-22,19:00:00,1.94432,1.95029,1.94368,1.9495,0,0
2015-06-22,20:00:00,1.94904,1.94959,1.94819,1.9493,0,0
2015-06-22,21:00:00,1.94927,1.95082,1.94789,1.9497,0,0
2015-06-22,22:00:00,1.94975,1.95062,1.94873,1.94972,0,0
2015-06-22,23:00:00,1.94982,1.9501,1.9477,1.94798,0,0
2015-06-22,23:59:00,1.94776,1.94956,1.94755,1.94848,0,0
2015-06-23,01:00:00,1.94863,1.94912,1.94799,1.94887,0,0
2015-06-23,02:00:00,1.94886,1.9494,1.9485,1.94896,0,0
2015-06-23,03:00:00,1.94904,1.94989,1.94872,1.94946,0,0
2015-06-23,04:00:00,1.94943,1.94952,1.94416,1.94652,0,0
2015-06-23,05:00:00,1.94649,1.9468,1.94471,1.94643,0,0
2015-06-23,06:00:00,1.94643,1.94778,1.94616,1.94623,0,0
2015-06-23,07:00:00,1.94637,1.94661,1.94584,1.94642,0,0
2015-06-23,08:00:00,1.94642,1.94693,1.94587,1.94632,0,0
2015-06-23,09:00:00,1.94625,1.94878,1.94585,1.94867,0,0
2015-06-23,10:00:00,1.9486,1.94982,1.94721,1.9478,0,0
2015-06-23,11:00:00,1.94766,1.9483,1.94607,1.94775,0,0
2015-06-23,12:00:00,1.9479,1.9504,1.94691,1.94849,0,0
2015-06-23,13:00:00,1.94843,1.94921,1.94632,1.94755,0,0
2015-06-23,14:00:00,1.94752,1.94909,1.94687,1.94722,0,0
2015-06-23,15:00:00,1.94724,1.94759,1.94131,1.94394,0,0
2015-06-23,16:00:00,1.9439,1.94737,1.94244,1.94641,0,0
2015-06-23,17:00:00,1.94683,1.94702,1.93858,1.9403,0,0
2015-06-23,18:00:00,1.94014,1.94203,1.93817,1.94141,0,0
2015-06-23,19:00:00,1.9413,1.94142,1.93687,1.93885,0,0
2015-06-23,20:00:00,1.93891,1.94163,1.93871,1.93917,0,0
2015-06-23,21:00:00,1.93917,1.94008,1.9386,1.93879,0,0
2015-06-23,22:00:00,1.93881,1.94022,1.93809,1.93992,0,0
2015-06-23,23:00:00,1.9397,1.94014,1.93866,1.93885,0,0
2015-06-23,23:59:00,1.93892,1.94013,1.93857,1.93934,0,0
2015-06-24,01:00:00,1.93956,1.93968,1.93881,1.93905,0,0
2015-06-24,02:00:00,1.93908,1.9399,1.93905,1.93949,0,0
2015-06-24,03:00:00,1.93943,1.94034,1.93904,1.93967,0,0
2015-06-24,04:00:00,1.9397,1.94035,1.93836,1.93936,0,0
2015-06-24,05:00:00,1.9392,1.93977,1.93884,1.93953,0,0
2015-06-24,06:00:00,1.93953,1.94039,1.93946,1.94022,0,0
2015-06-24,07:00:00,1.94021,1.94245,1.93953,1.94186,0,0
2015-06-24,08:00:00,1.94186,1.94362,1.94158,1.94229,0,0
2015-06-24,09:00:00,1.94229,1.948,1.9418,1.948,0,0
2015-06-24,10:00:00,1.94805,1.94805,1.94305,1.94341,0,0
2015-06-24,11:00:00,1.94318,1.94442,1.93991,1.94054,0,0
2015-06-24,12:00:00,1.94071,1.94108,1.93849,1.93849,0,0
2015-06-24,13:00:00,1.93843,1.9398,1.93715,1.93838,0,0
2015-06-24,14:00:00,1.9383,1.94048,1.93801,1.93966,0,0
2015-06-24,15:00:00,1.93969,1.94357,1.93645,1.94293,0,0
2015-06-24,16:00:00,1.9429,1.94813,1.9429,1.9468,0,0
2015-06-24,17:00:00,1.94674,1.95093,1.94674,1.9484,0,0
2015-06-24,18:00:00,1.94874,1.95013,1.94627,1.94645,0,0
2015-06-24,19:00:00,1.94647,1.9472,1.94236,1.94356,0,0
2015-06-24,20:00:00,1.94343,1.94514,1.94194,1.94488,0,0
2015-06-24,21:00:00,1.94491,1.94691,1.94452,1.94575,0,0
2015-06-24,22:00:00,1.94599,1.94627,1.945,1.94613,0,0
2015-06-24,23:00:00,1.94613,1.9468,1.9448,1.9448,0,0
2015-06-24,23:59:00,1.94486,1.9456,1.94453,1.94538,0,0
2015-06-25,01:00:00,1.94527,1.94602,1.94508,1.94584,0,0
2015-06-25,02:00:00,1.94581,1.94617,1.94506,1.94516,0,0
2015-06-25,03:00:00,1.94513,1.9454,1.94373,1.94436,0,0
2015-06-25,04:00:00,1.94436,1.94461,1.94376,1.94445,0,0
2015-06-25,05:00:00,1.94439,1.94445,1.94357,1.94378,0,0
2015-06-25,06:00:00,1.94358,1.9439,1.94252,1.94256,0,0
2015-06-25,07:00:00,1.94253,1.94274,1.9419,1.9424,0,0
2015-06-25,08:00:00,1.9424,1.94348,1.94223,1.94287,0,0
2015-06-25,09:00:00,1.9432,1.94637,1.94255,1.946,0,0
2015-06-25,10:00:00,1.94599,1.94878,1.94538,1.9468,0,0
2015-06-25,11:00:00,1.94656,1.94758,1.94333,1.9435,0,0
2015-06-25,12:00:00,1.94347,1.94414,1.9408,1.94252,0,0
2015-06-25,13:00:00,1.94261,1.94676,1.94142,1.94616,0,0
2015-06-25,14:00:00,1.94606,1.94759,1.94401,1.94721,0,0
2015-06-25,15:00:00,1.94727,1.94959,1.94636,1.94917,0,0
2015-06-25,16:00:00,1.94917,1.94917,1.94298,1.9431,0,0
2015-06-25,17:00:00,1.94326,1.94462,1.94147,1.94164,0,0
2015-06-25,18:00:00,1.94192,1.94344,1.94105,1.9418,0,0
2015-06-25,19:00:00,1.94175,1.94383,1.94152,1.94295,0,0
2015-06-25,20:00:00,1.94299,1.94418,1.94194,1.94197,0,0
2015-06-25,21:00:00,1.94197,1.94227,1.93825,1.93825,0,0
2015-06-25,22:00:00,1.93832,1.93988,1.93812,1.93918,0,0
2015-06-25,23:00:00,1.93952,1.94109,1.93884,1.94086,0,0
2015-06-25,23:59:00,1.94135,1.94178,1.94073,1.94094,0,0
2015-06-26,01:00:00,1.94084,1.94236,1.94084,1.94209,0,0
2015-06-26,02:00:00,1.94206,1.94217,1.94147,1.94171,0,0
2015-06-26,03:00:00,1.94171,1.94179,1.94088,1.94154,0,0
2015-06-26,04:00:00,1.94156,1.94282,1.94156,1.94228,0,0
2015-06-26,05:00:00,1.94228,1.94316,1.94228,1.94267,0,0
2015-06-26,06:00:00,1.94265,1.94381,1.94243,1.94353,0,0
2015-06-26,07:00:00,1.94353,1.94361,1.94218,1.9423,0,0
2015-06-26,08:00:00,1.94232,1.94286,1.94199,1.94244,0,0
2015-06-26,09:00:00,1.94255,1.94501,1.94158,1.94458,0,0
2015-06-26,10:00:00,1.94457,1.94639,1.942,1.94604,0,0
2015-06-26,11:00:00,1.94621,1.94847,1.94527,1.94564,0,0
2015-06-26,12:00:00,1.94528,1.94664,1.94497,1.94613,0,0
2015-06-26,13:00:00,1.94625,1.94625,1.94112,1.94291,0,0
2015-06-26,14:00:00,1.9431,1.94448,1.94096,1.94339,0,0
2015-06-26,15:00:00,1.94342,1.94634,1.943,1.94453,0,0
2015-06-26,16:00:00,1.94434,1.94903,1.94408,1.94573,0,0
2015-06-26,17:00:00,1.94562,1.94847,1.94457,1.94789,0,0
2015-06-26,18:00:00,1.94795,1.94906,1.94372,1.94498,0,0
2015-06-26,19:00:00,1.94506,1.94526,1.94137,1.94185,0,0
2015-06-26,20:00:00,1.94172,1.94297,1.93753,1.93928,0,0
2015-06-26,21:00:00,1.93928,1.93976,1.93772,1.93843,0,0
2015-06-26,22:00:00,1.93838,1.93933,1.93754,1.93906,0,0
2015-06-26,23:00:00,1.93899,1.93899,1.93872,1.93892,0,0
2015-06-29,01:00:00,1.93783,1.94158,1.93453,1.94023,0,0
2015-06-29,02:00:00,1.94024,1.94058,1.93801,1.93818,0,0
2015-06-29,03:00:00,1.9382,1.94108,1.93637,1.9383,0,0
2015-06-29,04:00:00,1.9383,1.93975,1.93792,1.93909,0,0
2015-06-29,05:00:00,1.93906,1.94053,1.9381,1.93925,0,0
2015-06-29,06:00:00,1.9393,1.94016,1.93793,1.93809,0,0
2015-06-29,07:00:00,1.93809,1.93905,1.93645,1.93728,0,0
2015-06-29,08:00:00,1.9373,1.9393,1.93663,1.93814,0,0
2015-06-29,09:00:00,1.93808,1.93966,1.93319,1.9336,0,0
2015-06-29,10:00:00,1.93383,1.93871,1.93278,1.93496,0,0
2015-06-29,11:00:00,1.93487,1.93679,1.9339,1.93598,0,0
2015-06-29,12:00:00,1.93601,1.94127,1.93543,1.93985,0,0
2015-06-29,13:00:00,1.93997,1.94215,1.93936,1.93938,0,0
2015-06-29,14:00:00,1.93939,1.94327,1.93832,1.93984,0,0
2015-06-29,15:00:00,1.93968,1.9447,1.93852,1.9446,0,0
2015-06-29,16:00:00,1.94464,1.94856,1.94464,1.94568,0,0
2015-06-29,17:00:00,1.94559,1.95246,1.94393,1.94921,0,0
2015-06-29,18:00:00,1.94924,1.95468,1.94781,1.95154,0,0
2015-06-29,19:00:00,1.95161,1.95605,1.94863,1.9508,0,0
2015-06-29,20:00:00,1.95034,1.95186,1.94768,1.95018,0,0
2015-06-29,21:00:00,1.95024,1.95063,1.94539,1.94659,0,0
2015-06-29,22:00:00,1.94657,1.94938,1.9465,1.94927,0,0
2015-06-29,23:00:00,1.94938,1.95225,1.94906,1.9522,0,0
2015-06-29,23:59:00,1.952,1.95225,1.95054,1.95112,0,0
2015-06-30,01:00:00,1.95112,1.95158,1.9505,1.95107,0,0
2015-06-30,02:00:00,1.95107,1.95244,1.95099,1.95238,0,0
2015-06-30,03:00:00,1.95239,1.95406,1.95202,1.95342,0,0
2015-06-30,04:00:00,1.95337,1.95369,1.95234,1.95315,0,0
2015-06-30,05:00:00,1.95324,1.95396,1.95294,1.95324,0,0
2015-06-30,06:00:00,1.9532,1.9532,1.95087,1.95227,0,0
2015-06-30,07:00:00,1.95069,1.95227,1.94917,1.95009,0,0
2015-06-30,08:00:00,1.95009,1.95049,1.94828,1.94876,0,0
2015-06-30,09:00:00,1.94886,1.94968,1.9461,1.94695,0,0
2015-06-30,10:00:00,1.94689,1.9497,1.94614,1.9474,0,0
2015-06-30,11:00:00,1.94717,1.95271,1.94717,1.94917,0,0
2015-06-30,12:00:00,1.94919,1.95077,1.94751,1.94918,0,0
2015-06-30,13:00:00,1.94915,1.9492,1.94528,1.94612,0,0
2015-06-30,14:00:00,1.94602,1.94786,1.944,1.94492,0,0
2015-06-30,15:00:00,1.94492,1.95783,1.94414,1.95749,0,0
2015-06-30,16:00:00,1.9575,1.96274,1.9575,1.9586,0,0
2015-06-30,17:00:00,1.95855,1.96486,1.95803,1.96303,0,0
2015-06-30,18:00:00,1.96303,1.96384,1.96007,1.96135,0,0
2015-06-30,19:00:00,1.96141,1.9655,1.96058,1.96286,0,0
2015-06-30,20:00:00,1.96286,1.96581,1.96286,1.96495,0,0
2015-06-30,21:00:00,1.96519,1.96671,1.96298,1.96509,0,0
2015-06-30,22:00:00,1.96493,1.96538,1.96146,1.96251,0,0
2015-06-30,23:00:00,1.96274,1.96428,1.96209,1.96255,0,0
2015-06-30,23:59:00,1.9624,1.96298,1.96041,1.96245,0,0
2015-07-01,01:00:00,1.96248,1.9628,1.95778,1.95778,0,0
2015-07-01,02:00:00,1.95778,1.95895,1.95647,1.95727,0,0
2015-07-01,03:00:00,1.95727,1.961,1.95651,1.96083,0,0
2015-07-01,04:00:00,1.96067,1.96143,1.95985,1.96078,0,0
2015-07-01,05:00:00,1.96078,1.96128,1.95994,1.96012,0,0
2015-07-01,06:00:00,1.96006,1.96111,1.95998,1.96108,0,0
2015-07-01,07:00:00,1.96108,1.96302,1.96105,1.96282,0,0
2015-07-01,08:00:00,1.96282,1.96367,1.96261,1.96261,0,0
2015-07-01,09:00:00,1.96277,1.96475,1.96223,1.96297,0,0
2015-07-01,10:00:00,1.96298,1.96521,1.96245,1.96372,0,0
2015-07-01,11:00:00,1.96397,1.96503,1.95645,1.95774,0,0
2015-07-01,12:00:00,1.95774,1.95948,1.95659,1.95886,0,0
2015-07-01,13:00:00,1.95877,1.96044,1.95809,1.96026,0,0
2015-07-01,14:00:00,1.96026,1.96099,1.95907,1.95972,0,0
2015-07-01,15:00:00,1.95956,1.963,1.95907,1.96219,0,0
2015-07-01,16:00:00,1.96243,1.96418,1.96079,1.96135,0,0
2015-07-01,17:00:00,1.96118,1.96422,1.95965,1.96073,0,0
2015-07-01,18:00:00,1.96065,1.96317,1.9592,1.96151,0,0
2015-07-01,19:00:00,1.96141,1.96289,1.96037,1.9628,0,0
2015-07-01,20:00:00,1.96205,1.96482,1.96195,1.96346,0,0
2015-07-01,21:00:00,1.96314,1.96512,1.96314,1.9643,0,0
2015-07-01,22:00:00,1.9643,1.96573,1.9638,1.96556,0,0
2015-07-01,23:00:00,1.96559,1.96673,1.96513,1.96619,0,0
2015-07-01,23:59:00,1.9663,1.96638,1.96427,1.96532,0,0
2015-07-02,01:00:00,1.96535,1.96622,1.96506,1.96524,0,0
2015-07-02,02:00:00,1.96527,1.96551,1.96446,1.96461,0,0
2015-07-02,03:00:00,1.96463,1.96557,1.96444,1.96509,0,0
2015-07-02,04:00:00,1.96526,1.96538,1.96382,1.96385,0,0
2015-07-02,05:00:00,1.96385,1.96501,1.96345,1.96476,0,0
2015-07-02,06:00:00,1.96478,1.96506,1.96427,1.9644,0,0
2015-07-02,07:00:00,1.9644,1.96516,1.96426,1.96513,0,0
2015-07-02,08:00:00,1.96521,1.96594,1.96495,1.96588,0,0
2015-07-02,09:00:00,1.96576,1.9659,1.96354,1.96396,0,0
2015-07-02,10:00:00,1.96399,1.96538,1.96349,1.96431,0,0
2015-07-02,11:00:00,1.96418,1.96962,1.96402,1.96929,0,0
2015-07-02,12:00:00,1.96934,1.97236,1.96877,1.97006,0,0
2015-07-02,13:00:00,1.97006,1.97049,1.9676,1.96858,0,0
2015-07-02,14:00:00,1.96859,1.96864,1.96518,1.96692,0,0
2015-07-02,15:00:00,1.96698,1.96704,1.96258,1.96341,0,0
2015-07-02,16:00:00,1.96342,1.96482,1.96177,1.96374,0,0
2015-07-02,17:00:00,1.9638,1.96449,1.96064,1.96079,0,0
2015-07-02,18:00:00,1.96047,1.96305,1.96012,1.96209,0,0
2015-07-02,19:00:00,1.96209,1.96232,1.95827,1.95862,0,0
2015-07-02,20:00:00,1.95857,1.95995,1.9584,1.95957,0,0
2015-07-02,21:00:00,1.95958,1.96022,1.95898,1.95943,0,0
2015-07-02,22:00:00,1.95936,1.95951,1.95722,1.95768,0,0
2015-07-02,23:00:00,1.95756,1.95856,1.95697,1.95753,0,0
2015-07-02,23:59:00,1.95708,1.95837,1.9569,1.95736,0,0
2015-07-03,01:00:00,1.95747,1.95872,1.95747,1.95759,0,0
2015-07-03,02:00:00,1.95759,1.9584,1.95759,1.95837,0,0
2015-07-03,03:00:00,1.95829,1.9593,1.95824,1.95845,0,0
2015-07-03,04:00:00,1.95844,1.96095,1.95816,1.96069,0,0
2015-07-03,05:00:00,1.96074,1.96081,1.96,1.96042,0,0
2015-07-03,06:00:00,1.96042,1.96115,1.95995,1.96061,0,0
2015-07-03,07:00:00,1.96058,1.96064,1.95948,1.96005,0,0
2015-07-03,08:00:00,1.96006,1.96055,1.95937,1.95986,0,0
2015-07-03,09:00:00,1.95992,1.96185,1.95952,1.95999,0,0
2015-07-03,10:00:00,1.9599,1.96114,1.95929,1.96006,0,0
2015-07-03,11:00:00,1.96012,1.96473,1.96003,1.96265,0,0
2015-07-03,12:00:00,1.96285,1.9635,1.96145,1.96259,0,0
2015-07-03,13:00:00,1.96265,1.96439,1.96206,1.9631,0,0
2015-07-03,14:00:00,1.96309,1.96488,1.9625,1.96455,0,0
2015-07-03,15:00:00,1.96449,1.96743,1.96407,1.96559,0,0
2015-07-03,16:00:00,1.96561,1.96753,1.96452,1.96525,0,0
2015-07-03,17:00:00,1.96514,1.96677,1.96132,1.96137,0,0
2015-07-03,18:00:00,1.96161,1.96203,1.95701,1.9578,0,0
2015-07-03,19:00:00,1.95775,1.96016,1.95677,1.95956,0,0
2015-07-03,20:00:00,1.96005,1.96005,1.95698,1.95756,0,0
2015-07-03,21:00:00,1.95758,1.9581,1.95564,1.95767,0,0
2015-07-03,22:00:00,1.95765,1.95805,1.95643,1.95759,0,0
2015-07-03,23:00:00,1.95759,1.95793,1.95748,1.95793,0,0
2015-07-06,01:00:00,1.95998,1.96299,1.95926,1.96052,0,0
2015-07-06,02:00:00,1.96055,1.9618,1.95934,1.96145,0,0
2015-07-06,03:00:00,1.96145,1.96189,1.95968,1.95991,0,0
2015-07-06,04:00:00,1.95988,1.96202,1.95979,1.96202,0,0
2015-07-06,05:00:00,1.96208,1.96309,1.96149,1.96184,0,0
2015-07-06,06:00:00,1.96182,1.9629,1.96165,1.96227,0,0
2015-07-06,07:00:00,1.96218,1.9625,1.96063,1.96199,0,0
2015-07-06,08:00:00,1.96199,1.96472,1.96155,1.96465,0,0
2015-07-06,09:00:00,1.96466,1.96549,1.95808,1.95808,0,0
2015-07-06,10:00:00,1.95811,1.95901,1.95466,1.95758,0,0
2015-07-06,11:00:00,1.95766,1.9599,1.95734,1.95951,0,0
2015-07-06,12:00:00,1.95945,1.96176,1.95887,1.96168,0,0
2015-07-06,13:00:00,1.96168,1.96533,1.96097,1.96501,0,0
2015-07-06,14:00:00,1.96493,1.96612,1.96359,1.96536,0,0
2015-07-06,15:00:00,1.96542,1.96695,1.96344,1.96571,0,0
2015-07-06,16:00:00,1.96572,1.96869,1.96572,1.9682,0,0
2015-07-06,17:00:00,1.96768,1.97015,1.96651,1.96937,0,0
2015-07-06,18:00:00,1.96931,1.97276,1.96863,1.97206,0,0
2015-07-06,19:00:00,1.97193,1.97401,1.97026,1.97268,0,0
2015-07-06,20:00:00,1.97215,1.97544,1.97215,1.97443,0,0
2015-07-06,21:00:00,1.97443,1.97673,1.97417,1.9746,0,0
2015-07-06,22:00:00,1.97457,1.97522,1.97381,1.97422,0,0
2015-07-06,23:00:00,1.97422,1.97506,1.97391,1.97425,0,0
2015-07-06,23:59:00,1.9743,1.97497,1.97318,1.97333,0,0
2015-07-07,01:00:00,1.97347,1.97402,1.97333,1.9736,0,0
2015-07-07,02:00:00,1.9736,1.97526,1.97344,1.975,0,0
2015-07-07,03:00:00,1.975,1.97565,1.97359,1.97456,0,0
2015-07-07,04:00:00,1.97456,1.97486,1.97318,1.97318,0,0
2015-07-07,05:00:00,1.97326,1.9742,1.97265,1.97387,0,0
2015-07-07,06:00:00,1.97387,1.97442,1.97358,1.97404,0,0
2015-07-07,07:00:00,1.97401,1.9742,1.97296,1.97328,0,0
2015-07-07,08:00:00,1.97328,1.97548,1.97328,1.97544,0,0
2015-07-07,09:00:00,1.97536,1.97561,1.97102,1.9722,0,0
2015-07-07,10:00:00,1.97223,1.97337,1.97165,1.97303,0,0
2015-07-07,11:00:00,1.97326,1.97418,1.96866,1.9688,0,0
2015-07-07,12:00:00,1.96849,1.97027,1.96642,1.96681,0,0
2015-07-07,13:00:00,1.96683,1.9689,1.964,1.9649,0,0
2015-07-07,14:00:00,1.96454,1.96736,1.96417,1.96589,0,0
2015-07-07,15:00:00,1.96589,1.9686,1.96374,1.96446,0,0
2015-07-07,16:00:00,1.96461,1.97193,1.96454,1.97156,0,0
2015-07-07,17:00:00,1.97142,1.97326,1.96713,1.96855,0,0
2015-07-07,18:00:00,1.96838,1.97071,1.96578,1.96793,0,0
2015-07-07,19:00:00,1.9681,1.96883,1.96604,1.96752,0,0
2015-07-07,20:00:00,1.96722,1.96822,1.96556,1.96775,0,0
2015-07-07,21:00:00,1.9678,1.96963,1.96508,1.9651,0,0
2015-07-07,22:00:00,1.96513,1.9668,1.96228,1.9663,0,0
2015-07-07,23:00:00,1.96607,1.96692,1.96425,1.96425,0,0
2015-07-07,23:59:00,1.96444,1.96579,1.96437,1.96534,0,0
2015-07-08,01:00:00,1.96524,1.96655,1.96484,1.96603,0,0
2015-07-08,02:00:00,1.96602,1.96737,1.96563,1.96688,0,0
2015-07-08,03:00:00,1.96691,1.96696,1.96573,1.96601,0,0
2015-07-08,04:00:00,1.96601,1.96813,1.96595,1.96642,0,0
2015-07-08,05:00:00,1.96637,1.96637,1.96497,1.96533,0,0
2015-07-08,06:00:00,1.96532,1.96577,1.96448,1.96499,0,0
2015-07-08,07:00:00,1.96499,1.96508,1.96342,1.96438,0,0
2015-07-08,08:00:00,1.96438,1.968,1.96418,1.96782,0,0
2015-07-08,09:00:00,1.96779,1.97028,1.96696,1.96807,0,0
2015-07-08,10:00:00,1.96785,1.96832,1.96346,1.96525,0,0
2015-07-08,11:00:00,1.96505,1.96552,1.96098,1.96105,0,0
2015-07-08,12:00:00,1.96082,1.96082,1.95528,1.95586,0,0
2015-07-08,13:00:00,1.95586,1.95841,1.95399,1.9548,0,0
2015-07-08,14:00:00,1.95474,1.9578,1.95207,1.95766,0,0
2015-07-08,15:00:00,1.95772,1.96189,1.95717,1.9604,0,0
2015-07-08,16:00:00,1.96042,1.96152,1.95348,1.95643,0,0
2015-07-08,17:00:00,1.95673,1.95686,1.9531,1.95371,0,0
2015-07-08,18:00:00,1.95358,1.95503,1.95066,1.9536,0,0
2015-07-08,19:00:00,1.95356,1.95568,1.95281,1.95533,0,0
2015-07-08,20:00:00,1.95533,1.95609,1.95249,1.95556,0,0
2015-07-08,21:00:00,1.95561,1.95753,1.95487,1.95675,0,0
2015-07-08,22:00:00,1.95645,1.95731,1.95525,1.95692,0,0
2015-07-08,23:00:00,1.95693,1.95843,1.95649,1.9582,0,0
2015-07-08,23:59:00,1.95826,1.95826,1.95649,1.95781,0,0
2015-07-09,01:00:00,1.95787,1.95894,1.95774,1.9581,0,0
2015-07-09,02:00:00,1.95816,1.95861,1.9563,1.95633,0,0
2015-07-09,03:00:00,1.95634,1.95781,1.95587,1.95655,0,0
2015-07-09,04:00:00,1.95666,1.95681,1.95439,1.95473,0,0
2015-07-09,05:00:00,1.95479,1.95652,1.95422,1.95642,0,0
2015-07-09,06:00:00,1.95642,1.95696,1.95512,1.95548,0,0
2015-07-09,07:00:00,1.95548,1.95672,1.95539,1.95572,0,0
2015-07-09,08:00:00,1.95572,1.9571,1.95358,1.95578,0,0
2015-07-09,09:00:00,1.95572,1.95827,1.95529,1.95735,0,0
2015-07-09,10:00:00,1.95751,1.95943,1.95549,1.95943,0,0
2015-07-09,11:00:00,1.95945,1.95992,1.95695,1.95795,0,0
2015-07-09,12:00:00,1.95798,1.95996,1.9562,1.95872,0,0
2015-07-09,13:00:00,1.95872,1.95898,1.95558,1.95752,0,0
2015-07-09,14:00:00,1.95711,1.95711,1.95249,1.95328,0,0
2015-07-09,15:00:00,1.95341,1.95506,1.9486,1.95198,0,0
2015-07-09,16:00:00,1.95201,1.95607,1.95186,1.95567,0,0
2015-07-09,17:00:00,1.95568,1.96111,1.95568,1.95995,0,0
2015-07-09,18:00:00,1.95993,1.95998,1.95664,1.95694,0,0
2015-07-09,19:00:00,1.957,1.95701,1.95272,1.95293,0,0
2015-07-09,20:00:00,1.95334,1.9551,1.95253,1.95423,0,0
2015-07-09,21:00:00,1.95425,1.95498,1.95327,1.954,0,0
2015-07-09,22:00:00,1.95419,1.95632,1.95377,1.95418,0,0
2015-07-09,23:00:00,1.95411,1.95457,1.95205,1.95449,0,0
2015-07-09,23:59:00,1.95423,1.95457,1.95349,1.95391,0,0
2015-07-10,01:00:00,1.95374,1.95462,1.95254,1.9536,0,0
2015-07-10,02:00:00,1.95363,1.95446,1.95322,1.95355,0,0
2015-07-10,03:00:00,1.95363,1.95427,1.95243,1.95349,0,0
2015-07-10,04:00:00,1.95349,1.95512,1.953,1.95406,0,0
2015-07-10,05:00:00,1.95405,1.95434,1.95273,1.9535,0,0
2015-07-10,06:00:00,1.95347,1.95401,1.95282,1.95316,0,0
2015-07-10,07:00:00,1.95333,1.95405,1.9521,1.95331,0,0
2015-07-10,08:00:00,1.95331,1.95437,1.95254,1.95349,0,0
2015-07-10,09:00:00,1.95345,1.95649,1.95255,1.95576,0,0
2015-07-10,10:00:00,1.95555,1.9637,1.95519,1.9637,0,0
2015-07-10,11:00:00,1.96376,1.96619,1.96376,1.96547,0,0
2015-07-10,12:00:00,1.96555,1.96866,1.96502,1.96738,0,0
2015-07-10,13:00:00,1.96723,1.97111,1.96615,1.97086,0,0
2015-07-10,14:00:00,1.97062,1.97416,1.97041,1.97159,0,0
2015-07-10,15:00:00,1.97159,1.97485,1.96595,1.9701,0,0
2015-07-10,16:00:00,1.9703,1.97865,1.96811,1.97573,0,0
2015-07-10,17:00:00,1.97586,1.97697,1.97293,1.9739,0,0
2015-07-10,18:00:00,1.97396,1.9748,1.97064,1.97072,0,0
2015-07-10,19:00:00,1.97087,1.97146,1.96829,1.96922,0,0
2015-07-10,20:00:00,1.96905,1.97197,1.96849,1.97153,0,0
2015-07-10,21:00:00,1.97127,1.97127,1.96745,1.96791,0,0
2015-07-10,22:00:00,1.96799,1.96857,1.96658,1.9671,0,0
2015-07-10,23:00:00,1.96716,1.96716,1.96674,1.9669,0,0
2015-07-13,01:00:00,1.97098,1.97131,1.96796,1.96853,0,0
2015-07-13,02:00:00,1.96839,1.9701,1.96774,1.96998,0,0
2015-07-13,03:00:00,1.96989,1.96989,1.96773,1.96882,0,0
2015-07-13,04:00:00,1.96882,1.97062,1.96855,1.96992,0,0
2015-07-13,05:00:00,1.96978,1.97028,1.96892,1.96979,0,0
2015-07-13,06:00:00,1.96979,1.9698,1.96777,1.96829,0,0
2015-07-13,07:00:00,1.9683,1.96888,1.96809,1.96859,0,0
2015-07-13,08:00:00,1.96859,1.96991,1.96774,1.96979,0,0
2015-07-13,09:00:00,1.96981,1.9738,1.96883,1.97314,0,0
2015-07-13,10:00:00,1.97328,1.97833,1.9711,1.97569,0,0
2015-07-13,11:00:00,1.97572,1.97937,1.97564,1.97715,0,0
2015-07-13,12:00:00,1.97724,1.98177,1.97558,1.97946,0,0
2015-07-13,13:00:00,1.97949,1.98175,1.97868,1.97876,0,0
2015-07-13,14:00:00,1.97868,1.97868,1.97449,1.97533,0,0
2015-07-13,15:00:00,1.97553,1.97914,1.97427,1.97742,0,0
2015-07-13,16:00:00,1.97743,1.98483,1.9774,1.98426,0,0
2015-07-13,17:00:00,1.98432,1.9866,1.98227,1.9828,0,0
2015-07-13,18:00:00,1.98278,1.98468,1.97969,1.9804,0,0
2015-07-13,19:00:00,1.9804,1.98121,1.97534,1.97638,0,0
2015-07-13,20:00:00,1.9765,1.97739,1.97439,1.9751,0,0
2015-07-13,21:00:00,1.97526,1.97652,1.97418,1.97481,0,0
2015-07-13,22:00:00,1.97453,1.97481,1.97108,1.97348,0,0
2015-07-13,23:00:00,1.9733,1.97342,1.97214,1.97325,0,0
2015-07-13,23:59:00,1.97321,1.97357,1.97244,1.973,0,0
2015-07-14,01:00:00,1.973,1.97362,1.97253,1.97337,0,0
2015-07-14,02:00:00,1.97337,1.97461,1.9731,1.97396,0,0
2015-07-14,03:00:00,1.97406,1.97541,1.97371,1.9738,0,0
2015-07-14,04:00:00,1.97401,1.97508,1.97314,1.9744,0,0
2015-07-14,05:00:00,1.9744,1.97474,1.97238,1.97257,0,0
2015-07-14,06:00:00,1.97267,1.97314,1.97207,1.97307,0,0
2015-07-14,07:00:00,1.97302,1.97391,1.97297,1.97359,0,0
2015-07-14,08:00:00,1.97366,1.9744,1.97267,1.97293,0,0
2015-07-14,09:00:00,1.97296,1.97879,1.96985,1.9764,0,0
2015-07-14,10:00:00,1.97645,1.97991,1.97497,1.97888,0,0
2015-07-14,11:00:00,1.97886,1.97977,1.97583,1.97886,0,0
2015-07-14,12:00:00,1.97901,1.99443,1.97899,1.99257,0,0
2015-07-14,13:00:00,1.99244,1.99595,1.9907,1.99288,0,0
2015-07-14,14:00:00,1.99248,1.99339,1.98938,1.98972,0,0
2015-07-14,15:00:00,1.98975,1.99125,1.985,1.98997,0,0
2015-07-14,16:00:00,1.99001,1.99129,1.9856,1.9864,0,0
2015-07-14,17:00:00,1.98618,1.98711,1.98006,1.98213,0,0
2015-07-14,18:00:00,1.98231,1.9875,1.98231,1.9866,0,0
2015-07-14,19:00:00,1.98635,1.98717,1.98529,1.98608,0,0
2015-07-14,20:00:00,1.98608,1.99248,1.98497,1.99248,0,0
2015-07-14,21:00:00,1.99262,1.99345,1.99159,1.99261,0,0
2015-07-14,22:00:00,1.99275,1.99278,1.99053,1.99203,0,0
2015-07-14,23:00:00,1.99195,1.99217,1.99023,1.99023,0,0
2015-07-14,23:59:00,1.9901,1.9917,1.98995,1.99046,0,0
2015-07-15,01:00:00,1.99046,1.99121,1.99001,1.99038,0,0
2015-07-15,02:00:00,1.99038,1.99154,1.99001,1.99128,0,0
2015-07-15,03:00:00,1.99128,1.99318,1.99112,1.99291,0,0
2015-07-15,04:00:00,1.99291,1.99301,1.99107,1.99135,0,0
2015-07-15,05:00:00,1.9911,1.99262,1.99093,1.99213,0,0
2015-07-15,06:00:00,1.99212,1.99268,1.99077,1.99143,0,0
2015-07-15,07:00:00,1.99143,1.99247,1.99119,1.99208,0,0
2015-07-15,08:00:00,1.99212,1.99415,1.99196,1.99363,0,0
2015-07-15,09:00:00,1.99351,1.99729,1.99208,1.99698,0,0
2015-07-15,10:00:00,1.99713,1.99787,1.99571,1.99681,0,0
2015-07-15,11:00:00,1.99681,1.9974,1.98925,1.99534,0,0
2015-07-15,12:00:00,1.99542,1.99612,1.99095,1.99308,0,0
2015-07-15,13:00:00,1.9931,1.99614,1.99258,1.99465,0,0
2015-07-15,14:00:00,1.99451,1.99475,1.98989,1.99042,0,0
2015-07-15,15:00:00,1.99045,1.99574,1.99011,1.99547,0,0
2015-07-15,16:00:00,1.99552,1.99696,1.99256,1.99391,0,0
2015-07-15,17:00:00,1.99434,2.01478,1.99434,2.0136,0,0
2015-07-15,18:00:00,2.01351,2.02102,2.01264,2.02082,0,0
2015-07-15,19:00:00,2.02071,2.02499,2.01913,2.0228,0,0
2015-07-15,20:00:00,2.02286,2.02588,2.02129,2.02442,0,0
2015-07-15,21:00:00,2.02434,2.02471,2.02082,2.02082,0,0
2015-07-15,22:00:00,2.02075,2.02266,2.01897,2.02071,0,0
2015-07-15,23:00:00,2.02094,2.02118,2.01828,2.01985,0,0
2015-07-15,23:59:00,2.01978,2.02026,2.01863,2.01946,0,0
2015-07-16,01:00:00,2.01954,2.02044,2.01878,2.01942,0,0
2015-07-16,02:00:00,2.01937,2.02107,2.0189,2.02038,0,0
2015-07-16,03:00:00,2.02044,2.0222,2.02,2.02205,0,0
2015-07-16,04:00:00,2.02201,2.02235,2.02009,2.02128,0,0
2015-07-16,05:00:00,2.02133,2.02226,2.02025,2.02111,0,0
2015-07-16,06:00:00,2.0211,2.02135,2.0204,2.02075,0,0
2015-07-16,07:00:00,2.02083,2.021,2.01973,2.02023,0,0
2015-07-16,08:00:00,2.02025,2.02068,2.01899,2.01947,0,0
2015-07-16,09:00:00,2.01954,2.02076,2.01757,2.01962,0,0
2015-07-16,10:00:00,2.01958,2.02505,2.0188,2.02132,0,0
2015-07-16,11:00:00,2.02126,2.02221,2.01783,2.01873,0,0
2015-07-16,12:00:00,2.01874,2.02052,2.01805,2.01982,0,0
2015-07-16,13:00:00,2.01974,2.02208,2.0195,2.02097,0,0
2015-07-16,14:00:00,2.02105,2.02158,2.01405,2.01517,0,0
2015-07-16,15:00:00,2.01534,2.01768,2.01248,2.0157,0,0
2015-07-16,16:00:00,2.01576,2.01741,2.01348,2.01471,0,0
2015-07-16,17:00:00,2.01539,2.01654,2.01322,2.016,0,0
2015-07-16,18:00:00,2.01581,2.01959,2.01551,2.01827,0,0
2015-07-16,19:00:00,2.01831,2.02208,2.01831,2.02137,0,0
2015-07-16,20:00:00,2.02126,2.02326,2.02016,2.02259,0,0
2015-07-16,21:00:00,2.0228,2.02406,2.02191,2.02368,0,0
2015-07-16,22:00:00,2.02369,2.02448,2.02221,2.02441,0,0
2015-07-16,23:00:00,2.0244,2.02478,2.02281,2.02282,0,0
2015-07-16,23:59:00,2.02276,2.02362,2.02216,2.02222,0,0
2015-07-17,01:00:00,2.02222,2.024,2.02222,2.0238,0,0
2015-07-17,02:00:00,2.02372,2.02468,2.02306,2.02454,0,0
2015-07-17,03:00:00,2.02449,2.02492,2.02421,2.02439,0,0
2015-07-17,04:00:00,2.02442,2.02559,2.02402,2.02532,0,0
2015-07-17,05:00:00,2.02535,2.02693,2.02519,2.02629,0,0
2015-07-17,06:00:00,2.02626,2.02634,2.02496,2.02502,0,0
2015-07-17,07:00:00,2.02499,2.02589,2.0247,2.02537,0,0
2015-07-17,08:00:00,2.02537,2.02653,2.025,2.02616,0,0
2015-07-17,09:00:00,2.02614,2.02977,2.02572,2.02863,0,0
2015-07-17,10:00:00,2.02862,2.03076,2.02791,2.03048,0,0
2015-07-17,11:00:00,2.03029,2.03198,2.02953,2.0312,0,0
2015-07-17,12:00:00,2.03114,2.03135,2.02651,2.02761,0,0
2015-07-17,13:00:00,2.02765,2.02799,2.02456,2.02554,0,0
2015-07-17,14:00:00,2.02523,2.02756,2.02417,2.02566,0,0
2015-07-17,15:00:00,2.02566,2.02581,2.01865,2.02375,0,0
2015-07-17,16:00:00,2.02376,2.02418,2.01888,2.02347,0,0
2015-07-17,17:00:00,2.02297,2.03048,2.02168,2.0287,0,0
2015-07-17,18:00:00,2.02858,2.03188,2.02847,2.03065,0,0
2015-07-17,19:00:00,2.03067,2.03229,2.0297,2.03005,0,0
2015-07-17,20:00:00,2.02972,2.03064,2.02722,2.02778,0,0
2015-07-17,21:00:00,2.02776,2.02865,2.02639,2.02793,0,0
2015-07-17,22:00:00,2.02792,2.02812,2.02655,2.02673,0,0
2015-07-17,23:00:00,2.02672,2.02687,2.02672,2.02678,0,0
2015-07-20,01:00:00,2.02584,2.02619,2.02504,2.02578,0,0
2015-07-20,02:00:00,2.02578,2.02693,2.02552,2.02662,0,0
2015-07-20,03:00:00,2.02656,2.02748,2.02638,2.02656,0,0
2015-07-20,04:00:00,2.02656,2.02687,2.02481,2.02491,0,0
2015-07-20,05:00:00,2.02501,2.0261,2.02484,2.02537,0,0
2015-07-20,06:00:00,2.02536,2.02671,2.02509,2.02599,0,0
2015-07-20,07:00:00,2.02599,2.02617,2.02429,2.02486,0,0
2015-07-20,08:00:00,2.02506,2.02591,2.02412,2.02441,0,0
2015-07-20,09:00:00,2.02429,2.02578,2.02199,2.02499,0,0
2015-07-20,10:00:00,2.02436,2.02625,2.02184,2.02184,0,0
2015-07-20,11:00:00,2.022,2.02417,2.02102,2.02134,0,0
2015-07-20,12:00:00,2.02071,2.02212,2.01756,2.02085,0,0
2015-07-20,13:00:00,2.021,2.02461,2.01975,2.02116,0,0
2015-07-20,14:00:00,2.02101,2.02383,2.01881,2.02022,0,0
2015-07-20,15:00:00,2.02007,2.02226,2.01836,2.02226,0,0
2015-07-20,16:00:00,2.02132,2.02505,2.02023,2.02411,0,0
2015-07-20,17:00:00,2.02474,2.02645,2.02097,2.02203,0,0
2015-07-20,18:00:00,2.02242,2.02454,2.02144,2.02341,0,0
2015-07-20,19:00:00,2.02343,2.02387,2.02226,2.02377,0,0
2015-07-20,20:00:00,2.02401,2.0249,2.02292,2.02395,0,0
2015-07-20,21:00:00,2.02395,2.02503,2.02214,2.02421,0,0
2015-07-20,22:00:00,2.0244,2.0244,2.02186,2.02354,0,0
2015-07-20,23:00:00,2.02362,2.02413,2.02199,2.02243,0,0
2015-07-20,23:59:00,2.02224,2.02397,2.02215,2.02258,0,0
