Date,Time,Open,High,Low,Close,Volume,OpenInt
2015-04-22,01:00:00,1.39009,1.39075,1.38973,1.39008,0,0
2015-04-22,02:00:00,1.39008,1.3905,1.38996,1.39036,0,0
2015-04-22,03:00:00,1.39032,1.3919,1.39026,1.39177,0,0
2015-04-22,04:00:00,1.39178,1.39206,1.39154,1.39193,0,0
2015-04-22,05:00:00,1.3919,1.39222,1.39145,1.39184,0,0
2015-04-22,06:00:00,1.39188,1.39243,1.39183,1.3921,0,0
2015-04-22,07:00:00,1.3921,1.39229,1.39154,1.39175,0,0
2015-04-22,08:00:00,1.39176,1.39214,1.39035,1.39108,0,0
2015-04-22,09:00:00,1.3912,1.39192,1.38765,1.38793,0,0
2015-04-22,10:00:00,1.38784,1.3914,1.38784,1.39117,0,0
2015-04-22,11:00:00,1.39119,1.39325,1.38894,1.39115,0,0
2015-04-22,12:00:00,1.39127,1.39435,1.39091,1.39353,0,0
2015-04-22,13:00:00,1.39354,1.3963,1.39268,1.39608,0,0
2015-04-22,14:00:00,1.39643,1.4008,1.39607,1.40067,0,0
2015-04-22,15:00:00,1.40072,1.40374,1.40072,1.40291,0,0
2015-04-22,16:00:00,1.40281,1.40402,1.39945,1.3997,0,0
2015-04-22,17:00:00,1.39937,1.40232,1.39937,1.40211,0,0
2015-04-22,18:00:00,1.40225,1.40329,1.40039,1.4005,0,0
2015-04-22,19:00:00,1.40049,1.40152,1.40038,1.40081,0,0
2015-04-22,20:00:00,1.40074,1.40132,1.40045,1.40106,0,0
2015-04-22,21:00:00,1.40112,1.40186,1.40072,1.40097,0,0
2015-04-22,22:00:00,1.40108,1.4024,1.40039,1.40202,0,0
2015-04-22,23:00:00,1.40204,1.4025,1.40152,1.402,0,0
2015-04-22,23:59:00,1.40198,1.40252,1.40171,1.40218,0,0
2015-04-23,01:00:00,1.40218,1.40299,1.40173,1.40269,0,0
2015-04-23,02:00:00,1.40271,1.40281,1.40185,1.4021,0,0
2015-04-23,03:00:00,1.40198,1.40377,1.40176,1.40367,0,0
2015-04-23,04:00:00,1.40367,1.40452,1.40313,1.40394,0,0
2015-04-23,05:00:00,1.40393,1.4043,1.40359,1.40374,0,0
2015-04-23,06:00:00,1.40377,1.40415,1.40337,1.40337,0,0
2015-04-23,07:00:00,1.40334,1.40415,1.40294,1.40397,0,0
2015-04-23,08:00:00,1.40395,1.40407,1.40277,1.40355,0,0
2015-04-23,09:00:00,1.40367,1.40479,1.40253,1.40276,0,0
2015-04-23,10:00:00,1.4029,1.40504,1.40166,1.40227,0,0
2015-04-23,11:00:00,1.40221,1.40252,1.39582,1.39828,0,0
2015-04-23,12:00:00,1.39818,1.39926,1.39568,1.39575,0,0
2015-04-23,13:00:00,1.39584,1.39741,1.39549,1.39698,0,0
2015-04-23,14:00:00,1.39708,1.39736,1.39522,1.39556,0,0
2015-04-23,15:00:00,1.39533,1.39649,1.39361,1.39368,0,0
2015-04-23,16:00:00,1.39375,1.39567,1.39189,1.39411,0,0
2015-04-23,17:00:00,1.3942,1.39535,1.39132,1.39359,0,0
2015-04-23,18:00:00,1.39361,1.39418,1.39145,1.39287,0,0
2015-04-23,19:00:00,1.39281,1.39287,1.39034,1.39067,0,0
2015-04-23,20:00:00,1.39073,1.39088,1.38911,1.39017,0,0
2015-04-23,21:00:00,1.39024,1.39079,1.38937,1.39079,0,0
2015-04-23,22:00:00,1.39066,1.39131,1.39016,1.39111,0,0
2015-04-23,23:00:00,1.39105,1.39154,1.39026,1.39104,0,0
2015-04-23,23:59:00,1.39102,1.39178,1.39076,1.39144,0,0
2015-04-24,01:00:00,1.39144,1.39174,1.39103,1.39158,0,0
2015-04-24,02:00:00,1.39167,1.39181,1.39088,1.39168,0,0
2015-04-24,03:00:00,1.39177,1.39225,1.39068,1.39073,0,0
2015-04-24,04:00:00,1.39078,1.3914,1.39037,1.39057,0,0
2015-04-24,05:00:00,1.39062,1.39255,1.39059,1.39243,0,0
2015-04-24,06:00:00,1.39236,1.3934,1.3923,1.393,0,0
2015-04-24,07:00:00,1.39314,1.39393,1.3927,1.3927,0,0
2015-04-24,08:00:00,1.39268,1.39291,1.39206,1.39212,0,0
2015-04-24,09:00:00,1.39211,1.39395,1.38652,1.38998,0,0
2015-04-24,10:00:00,1.39007,1.3918,1.38798,1.39137,0,0
2015-04-24,11:00:00,1.39139,1.39181,1.38895,1.39136,0,0
2015-04-24,12:00:00,1.39133,1.39368,1.39099,1.39346,0,0
2015-04-24,13:00:00,1.39346,1.39856,1.39317,1.39763,0,0
2015-04-24,14:00:00,1.39755,1.39772,1.39525,1.39582,0,0
2015-04-24,15:00:00,1.39578,1.39898,1.39432,1.39768,0,0
2015-04-24,16:00:00,1.39779,1.39891,1.39549,1.39861,0,0
2015-04-24,17:00:00,1.39858,1.39877,1.39472,1.39588,0,0
2015-04-24,18:00:00,1.39588,1.39721,1.39501,1.39536,0,0
2015-04-24,19:00:00,1.3954,1.3974,1.3954,1.3974,0,0
2015-04-24,20:00:00,1.39735,1.39847,1.39645,1.3972,0,0
2015-04-24,21:00:00,1.3972,1.39737,1.39581,1.39648,0,0
2015-04-24,22:00:00,1.39649,1.3972,1.3959,1.39681,0,0
2015-04-24,23:00:00,1.39679,1.39692,1.39666,1.39685,0,0
2015-04-27,01:00:00,1.39686,1.39697,1.3963,1.39655,0,0
2015-04-27,02:00:00,1.39655,1.39698,1.39597,1.39647,0,0
2015-04-27,03:00:00,1.39649,1.39686,1.39569,1.39672,0,0
2015-04-27,04:00:00,1.39679,1.39707,1.39618,1.39697,0,0
2015-04-27,05:00:00,1.39703,1.39801,1.39666,1.3976,0,0
2015-04-27,06:00:00,1.39759,1.39843,1.39747,1.39791,0,0
2015-04-27,07:00:00,1.39789,1.39863,1.39768,1.39827,0,0
2015-04-27,08:00:00,1.39827,1.39838,1.39605,1.39627,0,0
2015-04-27,09:00:00,1.39627,1.39632,1.39439,1.39568,0,0
2015-04-27,10:00:00,1.39559,1.39759,1.39486,1.39575,0,0
2015-04-27,11:00:00,1.39582,1.39841,1.39535,1.39785,0,0
2015-04-27,12:00:00,1.39787,1.39805,1.39582,1.39654,0,0
2015-04-27,13:00:00,1.39636,1.39797,1.39548,1.3955,0,0
2015-04-27,14:00:00,1.39534,1.39582,1.39447,1.39512,0,0
2015-04-27,15:00:00,1.39514,1.39675,1.39459,1.39577,0,0
2015-04-27,16:00:00,1.39565,1.39712,1.3945,1.39662,0,0
2015-04-27,17:00:00,1.39663,1.39765,1.3952,1.3975,0,0
2015-04-27,18:00:00,1.39759,1.39935,1.39602,1.39878,0,0
2015-04-27,19:00:00,1.39877,1.39905,1.39638,1.3979,0,0
2015-04-27,20:00:00,1.39781,1.40034,1.39742,1.39982,0,0
2015-04-27,21:00:00,1.39965,1.39985,1.39838,1.39909,0,0
2015-04-27,22:00:00,1.39913,1.39944,1.39832,1.39847,0,0
2015-04-27,23:00:00,1.39834,1.39954,1.39831,1.39902,0,0
2015-04-27,23:59:00,1.39909,1.39978,1.39845,1.39918,0,0
2015-04-28,01:00:00,1.39913,1.40056,1.39885,1.39999,0,0
2015-04-28,02:00:00,1.40006,1.40006,1.39946,1.39963,0,0
2015-04-28,03:00:00,1.3996,1.4003,1.39938,1.40012,0,0
2015-04-28,04:00:00,1.4001,1.40033,1.39952,1.4,0,0
2015-04-28,05:00:00,1.40005,1.40041,1.39965,1.39999,0,0
2015-04-28,06:00:00,1.39997,1.40031,1.39949,1.40002,0,0
2015-04-28,07:00:00,1.39999,1.40115,1.3999,1.4011,0,0
2015-04-28,08:00:00,1.4011,1.40134,1.39995,1.4003,0,0
2015-04-28,09:00:00,1.40026,1.40206,1.39984,1.40093,0,0
2015-04-28,10:00:00,1.40093,1.40182,1.39918,1.4016,0,0
2015-04-28,11:00:00,1.40163,1.40189,1.39465,1.39514,0,0
2015-04-28,12:00:00,1.39513,1.39787,1.39497,1.39752,0,0
2015-04-28,13:00:00,1.39752,1.3996,1.39675,1.39729,0,0
2015-04-28,14:00:00,1.3973,1.39813,1.39655,1.39706,0,0
2015-04-28,15:00:00,1.3971,1.39961,1.3971,1.39844,0,0
2015-04-28,16:00:00,1.39851,1.39951,1.39727,1.39811,0,0
2015-04-28,17:00:00,1.39777,1.39841,1.39533,1.39541,0,0
2015-04-28,18:00:00,1.39532,1.39757,1.39439,1.39597,0,0
2015-04-28,19:00:00,1.39604,1.39714,1.39588,1.39631,0,0
2015-04-28,20:00:00,1.39631,1.39659,1.39494,1.39518,0,0
2015-04-28,21:00:00,1.39518,1.39711,1.39503,1.39699,0,0
2015-04-28,22:00:00,1.39695,1.39751,1.39647,1.39661,0,0
2015-04-28,23:00:00,1.39656,1.3973,1.39635,1.39682,0,0
2015-04-28,23:59:00,1.39686,1.39784,1.39682,1.39744,0,0
2015-04-29,01:00:00,1.39745,1.39801,1.39688,1.39753,0,0
2015-04-29,02:00:00,1.39753,1.39817,1.39733,1.39781,0,0
2015-04-29,03:00:00,1.39782,1.3979,1.39707,1.39736,0,0
2015-04-29,04:00:00,1.39737,1.39849,1.39725,1.39813,0,0
2015-04-29,05:00:00,1.39814,1.39855,1.39789,1.39839,0,0
2015-04-29,06:00:00,1.39847,1.39857,1.39807,1.39836,0,0
2015-04-29,07:00:00,1.39834,1.39928,1.39831,1.39895,0,0
2015-04-29,08:00:00,1.39897,1.39936,1.39857,1.39878,0,0
2015-04-29,09:00:00,1.39877,1.4003,1.39833,1.39975,0,0
2015-04-29,10:00:00,1.39985,1.4012,1.39884,1.39926,0,0
2015-04-29,11:00:00,1.39926,1.40019,1.39771,1.39822,0,0
2015-04-29,12:00:00,1.39835,1.39848,1.39643,1.39643,0,0
2015-04-29,13:00:00,1.39655,1.39779,1.39535,1.39776,0,0
2015-04-29,14:00:00,1.39785,1.39785,1.39551,1.39625,0,0
2015-04-29,15:00:00,1.39643,1.39716,1.39177,1.39493,0,0
2015-04-29,16:00:00,1.39465,1.39568,1.39176,1.39183,0,0
2015-04-29,17:00:00,1.39184,1.39253,1.38585,1.38599,0,0
2015-04-29,18:00:00,1.38604,1.38791,1.3848,1.38588,0,0
2015-04-29,19:00:00,1.38579,1.38703,1.38509,1.38702,0,0
2015-04-29,20:00:00,1.38702,1.38723,1.38414,1.38546,0,0
2015-04-29,21:00:00,1.38541,1.3906,1.38541,1.38855,0,0
2015-04-29,22:00:00,1.38864,1.38967,1.38809,1.38855,0,0
2015-04-29,23:00:00,1.38853,1.38903,1.38718,1.38726,0,0
2015-04-29,23:59:00,1.3871,1.38828,1.38707,1.38824,0,0
2015-04-30,01:00:00,1.3882,1.3882,1.3874,1.38778,0,0
2015-04-30,02:00:00,1.38766,1.38821,1.38761,1.38819,0,0
2015-04-30,03:00:00,1.38819,1.38942,1.38754,1.38884,0,0
2015-04-30,04:00:00,1.38884,1.38911,1.38751,1.38756,0,0
2015-04-30,05:00:00,1.38757,1.38824,1.38747,1.38796,0,0
2015-04-30,06:00:00,1.38787,1.38898,1.38785,1.3886,0,0
2015-04-30,07:00:00,1.3886,1.38896,1.3879,1.3885,0,0
2015-04-30,08:00:00,1.38846,1.39015,1.38846,1.39015,0,0
2015-04-30,09:00:00,1.39069,1.3909,1.38756,1.38826,0,0
2015-04-30,10:00:00,1.38818,1.38912,1.37699,1.37787,0,0
2015-04-30,11:00:00,1.37792,1.38018,1.37624,1.37891,0,0
2015-04-30,12:00:00,1.37883,1.38192,1.37799,1.38053,0,0
2015-04-30,13:00:00,1.38052,1.38183,1.37792,1.3781,0,0
2015-04-30,14:00:00,1.37826,1.37868,1.37663,1.37744,0,0
2015-04-30,15:00:00,1.37717,1.37922,1.37541,1.37729,0,0
2015-04-30,16:00:00,1.37721,1.38092,1.37644,1.37858,0,0
2015-04-30,17:00:00,1.3784,1.37883,1.37105,1.37201,0,0
2015-04-30,18:00:00,1.37197,1.37364,1.37035,1.37307,0,0
2015-04-30,19:00:00,1.37309,1.37382,1.36731,1.36734,0,0
2015-04-30,20:00:00,1.36741,1.36916,1.3673,1.3688,0,0
2015-04-30,21:00:00,1.36884,1.36894,1.36368,1.36435,0,0
2015-04-30,22:00:00,1.36416,1.36773,1.36331,1.36735,0,0
2015-04-30,23:00:00,1.36741,1.36912,1.36735,1.36778,0,0
2015-04-30,23:59:00,1.36772,1.36906,1.36747,1.36844,0,0
2015-05-01,01:00:00,1.36853,1.36946,1.36829,1.36907,0,0
2015-05-01,02:00:00,1.36908,1.36948,1.36881,1.36948,0,0
2015-05-01,03:00:00,1.36946,1.3698,1.36891,1.36958,0,0
2015-05-01,04:00:00,1.36958,1.36967,1.3684,1.36856,0,0
2015-05-01,05:00:00,1.36858,1.36914,1.36826,1.36899,0,0
2015-05-01,06:00:00,1.36891,1.36905,1.36857,1.36893,0,0
2015-05-01,07:00:00,1.36893,1.36963,1.36868,1.36946,0,0
2015-05-01,08:00:00,1.36946,1.36956,1.36849,1.3686,0,0
2015-05-01,09:00:00,1.36862,1.36943,1.36382,1.36476,0,0
2015-05-01,10:00:00,1.36473,1.36818,1.36439,1.36742,0,0
2015-05-01,11:00:00,1.36716,1.36797,1.35828,1.35828,0,0
2015-05-01,12:00:00,1.3585,1.361,1.35782,1.36065,0,0
2015-05-01,13:00:00,1.36053,1.36075,1.35555,1.35555,0,0
2015-05-01,14:00:00,1.35565,1.35806,1.3555,1.35606,0,0
2015-05-01,15:00:00,1.35612,1.35612,1.35196,1.35356,0,0
2015-05-01,16:00:00,1.35354,1.3549,1.34835,1.34835,0,0
2015-05-01,17:00:00,1.34838,1.35418,1.34772,1.35262,0,0
2015-05-01,18:00:00,1.35256,1.35332,1.35049,1.35211,0,0
2015-05-01,19:00:00,1.35211,1.35255,1.35087,1.35243,0,0
2015-05-01,20:00:00,1.35248,1.35352,1.35195,1.35297,0,0
2015-05-01,21:00:00,1.35297,1.3532,1.35159,1.35208,0,0
2015-05-01,22:00:00,1.352,1.35203,1.3498,1.35128,0,0
2015-05-01,23:00:00,1.35137,1.35141,1.35087,1.35118,0,0
2015-05-04,01:00:00,1.35255,1.35489,1.35255,1.35474,0,0
2015-05-04,02:00:00,1.35473,1.35495,1.35373,1.35434,0,0
2015-05-04,03:00:00,1.35434,1.35477,1.35365,1.35398,0,0
2015-05-04,04:00:00,1.35396,1.35449,1.35335,1.3536,0,0
2015-05-04,05:00:00,1.35362,1.35487,1.35352,1.35445,0,0
2015-05-04,06:00:00,1.35445,1.35522,1.35438,1.35484,0,0
2015-05-04,07:00:00,1.35484,1.35504,1.35375,1.35385,0,0
2015-05-04,08:00:00,1.35385,1.35387,1.35209,1.3527,0,0
2015-05-04,09:00:00,1.3527,1.35403,1.35178,1.35333,0,0
2015-05-04,10:00:00,1.35337,1.35746,1.35304,1.35737,0,0
2015-05-04,11:00:00,1.35754,1.36019,1.35726,1.35983,0,0
2015-05-04,12:00:00,1.35982,1.35987,1.35777,1.35864,0,0
2015-05-04,13:00:00,1.35855,1.35888,1.35662,1.35662,0,0
2015-05-04,14:00:00,1.35667,1.3577,1.35573,1.35573,0,0
2015-05-04,15:00:00,1.35581,1.35609,1.35393,1.35442,0,0
2015-05-04,16:00:00,1.35429,1.35499,1.35324,1.35446,0,0
2015-05-04,17:00:00,1.3545,1.35698,1.35373,1.3543,0,0
2015-05-04,18:00:00,1.35422,1.3564,1.35422,1.35635,0,0
2015-05-04,19:00:00,1.35638,1.35652,1.35487,1.35526,0,0
2015-05-04,20:00:00,1.35527,1.35619,1.35475,1.35544,0,0
2015-05-04,21:00:00,1.35544,1.35776,1.35523,1.3574,0,0
2015-05-04,22:00:00,1.35736,1.35746,1.35616,1.35621,0,0
2015-05-04,23:00:00,1.35628,1.35684,1.35581,1.35635,0,0
2015-05-04,23:59:00,1.35651,1.35686,1.35598,1.35648,0,0
2015-05-05,01:00:00,1.35648,1.35669,1.35601,1.35635,0,0
2015-05-05,02:00:00,1.35635,1.35651,1.35604,1.35627,0,0
2015-05-05,03:00:00,1.3563,1.35706,1.35627,1.35675,0,0
2015-05-05,04:00:00,1.35675,1.35734,1.35632,1.35732,0,0
2015-05-05,05:00:00,1.35731,1.35747,1.35686,1.35713,0,0
2015-05-05,06:00:00,1.35713,1.35781,1.3571,1.35749,0,0
2015-05-05,07:00:00,1.35752,1.35881,1.35743,1.35868,0,0
2015-05-05,08:00:00,1.35868,1.35894,1.35801,1.35885,0,0
2015-05-05,09:00:00,1.35889,1.36247,1.35793,1.36225,0,0
2015-05-05,10:00:00,1.36238,1.36529,1.36071,1.36527,0,0
2015-05-05,11:00:00,1.36529,1.36703,1.36277,1.36283,0,0
2015-05-05,12:00:00,1.36283,1.36367,1.35969,1.3598,0,0
2015-05-05,13:00:00,1.35996,1.36202,1.35934,1.36,0,0
2015-05-05,14:00:00,1.36,1.36004,1.35788,1.35951,0,0
2015-05-05,15:00:00,1.35947,1.36076,1.35782,1.35859,0,0
2015-05-05,16:00:00,1.35855,1.36085,1.35782,1.36023,0,0
2015-05-05,17:00:00,1.36007,1.36393,1.35714,1.35819,0,0
2015-05-05,18:00:00,1.3581,1.35845,1.35608,1.35806,0,0
2015-05-05,19:00:00,1.35816,1.35824,1.35668,1.35728,0,0
2015-05-05,20:00:00,1.35727,1.35757,1.35603,1.35713,0,0
2015-05-05,21:00:00,1.35713,1.35722,1.35514,1.35551,0,0
2015-05-05,22:00:00,1.35551,1.35601,1.35437,1.35551,0,0
2015-05-05,23:00:00,1.35562,1.35742,1.3556,1.35728,0,0
2015-05-05,23:59:00,1.35738,1.3574,1.35643,1.35717,0,0
2015-05-06,01:00:00,1.35707,1.35738,1.35661,1.35694,0,0
2015-05-06,02:00:00,1.35694,1.35704,1.35625,1.35687,0,0
2015-05-06,03:00:00,1.35681,1.35692,1.35631,1.3568,0,0
2015-05-06,04:00:00,1.3568,1.35727,1.35603,1.35615,0,0
2015-05-06,05:00:00,1.35615,1.35664,1.35481,1.35488,0,0
2015-05-06,06:00:00,1.35486,1.35526,1.35311,1.354,0,0
2015-05-06,07:00:00,1.35402,1.3548,1.35388,1.3542,0,0
2015-05-06,08:00:00,1.35415,1.35468,1.35351,1.35392,0,0
2015-05-06,09:00:00,1.35399,1.3547,1.35246,1.35404,0,0
2015-05-06,10:00:00,1.35385,1.35624,1.35009,1.35045,0,0
2015-05-06,11:00:00,1.35018,1.3523,1.34795,1.35152,0,0
2015-05-06,12:00:00,1.35151,1.35421,1.35151,1.35359,0,0
2015-05-06,13:00:00,1.35363,1.35591,1.35221,1.35553,0,0
2015-05-06,14:00:00,1.3556,1.35679,1.35482,1.35576,0,0
2015-05-06,15:00:00,1.35576,1.35636,1.34933,1.34972,0,0
2015-05-06,16:00:00,1.34964,1.34977,1.3457,1.34616,0,0
2015-05-06,17:00:00,1.34625,1.34771,1.34306,1.34309,0,0
2015-05-06,18:00:00,1.343,1.34557,1.34266,1.34367,0,0
2015-05-06,19:00:00,1.34365,1.34515,1.34282,1.34515,0,0
2015-05-06,20:00:00,1.34525,1.34533,1.3441,1.34455,0,0
2015-05-06,21:00:00,1.34465,1.34486,1.34233,1.34272,0,0
2015-05-06,22:00:00,1.34255,1.34412,1.34255,1.34401,0,0
2015-05-06,23:00:00,1.34401,1.34425,1.34336,1.34354,0,0
2015-05-06,23:59:00,1.34364,1.34408,1.34317,1.34398,0,0
2015-05-07,01:00:00,1.34399,1.34422,1.3436,1.3436,0,0
2015-05-07,02:00:00,1.3436,1.34398,1.34334,1.34397,0,0
2015-05-07,03:00:00,1.34402,1.345,1.34366,1.34475,0,0
2015-05-07,04:00:00,1.34475,1.345,1.34393,1.34444,0,0
2015-05-07,05:00:00,1.34455,1.34461,1.34375,1.34434,0,0
2015-05-07,06:00:00,1.34432,1.34432,1.34338,1.34358,0,0
2015-05-07,07:00:00,1.34358,1.34394,1.3433,1.34346,0,0
2015-05-07,08:00:00,1.34346,1.34384,1.34156,1.3427,0,0
2015-05-07,09:00:00,1.34284,1.34307,1.33957,1.34026,0,0
2015-05-07,10:00:00,1.34031,1.34065,1.33815,1.33858,0,0
2015-05-07,11:00:00,1.33863,1.33972,1.33637,1.33759,0,0
2015-05-07,12:00:00,1.33788,1.34012,1.33643,1.33917,0,0
2015-05-07,13:00:00,1.33922,1.34363,1.33898,1.34149,0,0
2015-05-07,14:00:00,1.34151,1.34625,1.34147,1.34599,0,0
2015-05-07,15:00:00,1.34596,1.35063,1.34553,1.34816,0,0
2015-05-07,16:00:00,1.34793,1.34967,1.34625,1.3471,0,0
2015-05-07,17:00:00,1.34715,1.35066,1.34671,1.34995,0,0
2015-05-07,18:00:00,1.34977,1.35098,1.34863,1.34936,0,0
2015-05-07,19:00:00,1.34924,1.3507,1.34864,1.35025,0,0
2015-05-07,20:00:00,1.35009,1.35261,1.35009,1.35164,0,0
2015-05-07,21:00:00,1.35166,1.35502,1.35136,1.35417,0,0
2015-05-07,22:00:00,1.35423,1.35497,1.35409,1.35439,0,0
2015-05-07,23:00:00,1.35432,1.35477,1.3532,1.35321,0,0
2015-05-07,23:59:00,1.35293,1.37335,1.35293,1.37001,0,0
2015-05-08,01:00:00,1.37015,1.37231,1.36832,1.36913,0,0
2015-05-08,02:00:00,1.36913,1.37097,1.36785,1.36918,0,0
2015-05-08,03:00:00,1.36917,1.36935,1.36737,1.36934,0,0
2015-05-08,04:00:00,1.36934,1.37401,1.36912,1.3734,0,0
2015-05-08,05:00:00,1.37333,1.38201,1.37266,1.38194,0,0
2015-05-08,06:00:00,1.38201,1.38237,1.37886,1.38021,0,0
2015-05-08,07:00:00,1.38019,1.38397,1.37954,1.38311,0,0
2015-05-08,08:00:00,1.38299,1.38337,1.37903,1.38023,0,0
2015-05-08,09:00:00,1.3803,1.38218,1.37653,1.3806,0,0
2015-05-08,10:00:00,1.38066,1.3825,1.37914,1.37955,0,0
2015-05-08,11:00:00,1.3796,1.37962,1.37437,1.37779,0,0
2015-05-08,12:00:00,1.37796,1.37803,1.37304,1.37359,0,0
2015-05-08,13:00:00,1.37361,1.37545,1.37292,1.37528,0,0
2015-05-08,14:00:00,1.37536,1.37637,1.37424,1.37432,0,0
2015-05-08,15:00:00,1.37454,1.37504,1.3675,1.36997,0,0
2015-05-08,16:00:00,1.37008,1.37318,1.36912,1.37299,0,0
2015-05-08,17:00:00,1.37302,1.37424,1.37179,1.37407,0,0
2015-05-08,18:00:00,1.3742,1.37618,1.37382,1.37473,0,0
2015-05-08,19:00:00,1.37473,1.3781,1.37471,1.377,0,0
2015-05-08,20:00:00,1.37668,1.37806,1.37668,1.37743,0,0
2015-05-08,21:00:00,1.37747,1.37926,1.37718,1.37913,0,0
2015-05-08,22:00:00,1.37933,1.37933,1.37772,1.37917,0,0
2015-05-08,23:00:00,1.37907,1.37907,1.37907,1.37907,0,0
2015-05-11,01:00:00,1.37957,1.37973,1.37877,1.37882,0,0
2015-05-11,02:00:00,1.3789,1.37931,1.37827,1.37887,0,0
2015-05-11,03:00:00,1.37887,1.38122,1.37869,1.38122,0,0
2015-05-11,04:00:00,1.38124,1.38282,1.38117,1.38235,0,0
2015-05-11,05:00:00,1.38235,1.38278,1.38122,1.38232,0,0
2015-05-11,06:00:00,1.38233,1.38388,1.38226,1.38334,0,0
2015-05-11,07:00:00,1.38333,1.38371,1.38267,1.3827,0,0
2015-05-11,08:00:00,1.3827,1.38392,1.38246,1.38282,0,0
2015-05-11,09:00:00,1.38286,1.38329,1.37859,1.37902,0,0
2015-05-11,10:00:00,1.37899,1.38283,1.37809,1.38247,0,0
2015-05-11,11:00:00,1.38246,1.38292,1.37911,1.37952,0,0
2015-05-11,12:00:00,1.37966,1.38402,1.37838,1.38401,0,0
2015-05-11,13:00:00,1.3839,1.38872,1.38322,1.38812,0,0
2015-05-11,14:00:00,1.38819,1.38972,1.38621,1.38945,0,0
2015-05-11,15:00:00,1.38948,1.3926,1.38911,1.3924,0,0
2015-05-11,16:00:00,1.39238,1.39457,1.39044,1.39453,0,0
2015-05-11,17:00:00,1.39464,1.39603,1.39303,1.39599,0,0
2015-05-11,18:00:00,1.3958,1.40027,1.39474,1.39958,0,0
2015-05-11,19:00:00,1.39949,1.4004,1.39689,1.39689,0,0
2015-05-11,20:00:00,1.39659,1.39929,1.39659,1.39744,0,0
2015-05-11,21:00:00,1.39741,1.39773,1.39586,1.39748,0,0
2015-05-11,22:00:00,1.39747,1.39839,1.39698,1.3981,0,0
2015-05-11,23:00:00,1.39805,1.39805,1.39695,1.39721,0,0
2015-05-11,23:59:00,1.39716,1.39776,1.3966,1.39752,0,0
2015-05-12,01:00:00,1.3975,1.39776,1.39633,1.39704,0,0
2015-05-12,02:00:00,1.39704,1.3981,1.39689,1.39765,0,0
2015-05-12,03:00:00,1.39765,1.39813,1.39682,1.39743,0,0
2015-05-12,04:00:00,1.39743,1.39803,1.39693,1.39703,0,0
2015-05-12,05:00:00,1.3971,1.39718,1.39529,1.39533,0,0
2015-05-12,06:00:00,1.39533,1.39593,1.39487,1.39581,0,0
2015-05-12,07:00:00,1.39578,1.39581,1.39427,1.39438,0,0
2015-05-12,08:00:00,1.39433,1.39443,1.39271,1.39347,0,0
2015-05-12,09:00:00,1.39349,1.39431,1.39078,1.39316,0,0
2015-05-12,10:00:00,1.39299,1.39359,1.3856,1.38592,0,0
2015-05-12,11:00:00,1.3859,1.39056,1.38375,1.38878,0,0
2015-05-12,12:00:00,1.3887,1.39274,1.38856,1.39211,0,0
2015-05-12,13:00:00,1.39211,1.39471,1.39138,1.39261,0,0
2015-05-12,14:00:00,1.39265,1.39633,1.39265,1.39603,0,0
2015-05-12,15:00:00,1.39586,1.39661,1.3929,1.39385,0,0
2015-05-12,16:00:00,1.39383,1.39409,1.39004,1.39148,0,0
2015-05-12,17:00:00,1.39127,1.3931,1.39009,1.39262,0,0
2015-05-12,18:00:00,1.39262,1.39543,1.39244,1.39533,0,0
2015-05-12,19:00:00,1.39548,1.39766,1.39457,1.39753,0,0
2015-05-12,20:00:00,1.3975,1.39759,1.39633,1.39695,0,0
2015-05-12,21:00:00,1.39692,1.39805,1.39681,1.39746,0,0
2015-05-12,22:00:00,1.39754,1.39792,1.39703,1.39784,0,0
2015-05-12,23:00:00,1.39796,1.39821,1.39716,1.39763,0,0
2015-05-12,23:59:00,1.39755,1.39795,1.39633,1.39635,0,0
2015-05-13,01:00:00,1.39668,1.39767,1.39649,1.39698,0,0
2015-05-13,02:00:00,1.39698,1.3971,1.39648,1.3967,0,0
2015-05-13,03:00:00,1.39673,1.39706,1.39586,1.396,0,0
2015-05-13,04:00:00,1.39598,1.39672,1.39582,1.39589,0,0
2015-05-13,05:00:00,1.39594,1.39598,1.39452,1.39507,0,0
2015-05-13,06:00:00,1.39507,1.39525,1.39456,1.3947,0,0
2015-05-13,07:00:00,1.39472,1.39516,1.39386,1.39453,0,0
2015-05-13,08:00:00,1.39455,1.39522,1.39383,1.39515,0,0
2015-05-13,09:00:00,1.3955,1.39662,1.39193,1.39227,0,0
2015-05-13,10:00:00,1.39227,1.39632,1.39227,1.39555,0,0
2015-05-13,11:00:00,1.39551,1.40236,1.39378,1.40046,0,0
2015-05-13,12:00:00,1.40058,1.40383,1.39392,1.3946,0,0
2015-05-13,13:00:00,1.39452,1.39725,1.39367,1.39722,0,0
2015-05-13,14:00:00,1.39718,1.39768,1.39135,1.39361,0,0
2015-05-13,15:00:00,1.39364,1.39437,1.38685,1.38824,0,0
2015-05-13,16:00:00,1.38836,1.38855,1.38503,1.38555,0,0
2015-05-13,17:00:00,1.38532,1.3862,1.38395,1.38587,0,0
2015-05-13,18:00:00,1.38581,1.38581,1.38349,1.38473,0,0
2015-05-13,19:00:00,1.38471,1.38577,1.3843,1.38453,0,0
2015-05-13,20:00:00,1.38459,1.38592,1.38434,1.38586,0,0
2015-05-13,21:00:00,1.38601,1.38674,1.38562,1.38627,0,0
2015-05-13,22:00:00,1.38627,1.3877,1.38591,1.38763,0,0
2015-05-13,23:00:00,1.38763,1.3877,1.38627,1.38657,0,0
2015-05-13,23:59:00,1.38668,1.38735,1.38628,1.38674,0,0
2015-05-14,01:00:00,1.38674,1.38692,1.38575,1.38655,0,0
2015-05-14,02:00:00,1.38655,1.38707,1.38617,1.38683,0,0
2015-05-14,03:00:00,1.38683,1.38716,1.38648,1.38648,0,0
2015-05-14,04:00:00,1.38648,1.38716,1.38608,1.38651,0,0
2015-05-14,05:00:00,1.386,1.38724,1.38549,1.38691,0,0
2015-05-14,06:00:00,1.38693,1.38696,1.38523,1.38551,0,0
2015-05-14,07:00:00,1.38545,1.38652,1.38526,1.38582,0,0
2015-05-14,08:00:00,1.38582,1.38618,1.38472,1.38474,0,0
2015-05-14,09:00:00,1.38486,1.38571,1.38051,1.38135,0,0
2015-05-14,10:00:00,1.38126,1.38459,1.3804,1.38359,0,0
2015-05-14,11:00:00,1.38353,1.38461,1.38112,1.38235,0,0
2015-05-14,12:00:00,1.38237,1.38369,1.38099,1.38288,0,0
2015-05-14,13:00:00,1.38282,1.3832,1.38052,1.38145,0,0
2015-05-14,14:00:00,1.38154,1.38475,1.38105,1.38365,0,0
2015-05-14,15:00:00,1.38371,1.38529,1.38268,1.38391,0,0
2015-05-14,16:00:00,1.38392,1.38664,1.38331,1.3851,0,0
2015-05-14,17:00:00,1.38509,1.38632,1.3832,1.38464,0,0
2015-05-14,18:00:00,1.38467,1.38789,1.38418,1.38694,0,0
2015-05-14,19:00:00,1.38696,1.38725,1.38436,1.3849,0,0
2015-05-14,20:00:00,1.38492,1.3857,1.38445,1.38457,0,0
2015-05-14,21:00:00,1.38473,1.38484,1.38306,1.38352,0,0
2015-05-14,22:00:00,1.38348,1.38392,1.3823,1.38247,0,0
2015-05-14,23:00:00,1.38257,1.38309,1.382,1.38266,0,0
2015-05-14,23:59:00,1.3827,1.3831,1.38229,1.38297,0,0
2015-05-15,01:00:00,1.3829,1.38349,1.38271,1.38324,0,0
2015-05-15,02:00:00,1.38324,1.3839,1.38314,1.38318,0,0
2015-05-15,03:00:00,1.3832,1.38332,1.3823,1.38263,0,0
2015-05-15,04:00:00,1.38263,1.38351,1.38222,1.38237,0,0
2015-05-15,05:00:00,1.3824,1.38291,1.38186,1.38282,0,0
2015-05-15,06:00:00,1.3828,1.38318,1.38234,1.38261,0,0
2015-05-15,07:00:00,1.38261,1.3827,1.38199,1.38214,0,0
2015-05-15,08:00:00,1.38212,1.38525,1.38196,1.38511,0,0
2015-05-15,09:00:00,1.38504,1.38725,1.38206,1.38239,0,0
2015-05-15,10:00:00,1.38231,1.38476,1.38172,1.38411,0,0
2015-05-15,11:00:00,1.38413,1.38667,1.38238,1.38603,0,0
2015-05-15,12:00:00,1.3863,1.38659,1.38496,1.38571,0,0
2015-05-15,13:00:00,1.38596,1.38596,1.38407,1.38413,0,0
2015-05-15,14:00:00,1.38425,1.38619,1.383,1.38575,0,0
2015-05-15,15:00:00,1.3858,1.38757,1.38566,1.38716,0,0
2015-05-15,16:00:00,1.38713,1.38775,1.3858,1.38671,0,0
2015-05-15,17:00:00,1.3865,1.3865,1.38017,1.38035,0,0
2015-05-15,18:00:00,1.38051,1.38172,1.37953,1.38012,0,0
2015-05-15,19:00:00,1.38012,1.38093,1.37809,1.37856,0,0
2015-05-15,20:00:00,1.37862,1.37878,1.37582,1.37686,0,0
2015-05-15,21:00:00,1.37688,1.37688,1.37324,1.37398,0,0
2015-05-15,22:00:00,1.374,1.37483,1.37309,1.37456,0,0
2015-05-15,23:00:00,1.37453,1.37453,1.37431,1.37441,0,0
2015-05-18,01:00:00,1.37452,1.37573,1.37398,1.37552,0,0
2015-05-18,02:00:00,1.3755,1.37603,1.37513,1.37524,0,0
2015-05-18,03:00:00,1.37524,1.37608,1.37503,1.37517,0,0
2015-05-18,04:00:00,1.37517,1.37589,1.37493,1.37536,0,0
2015-05-18,05:00:00,1.37506,1.37556,1.37437,1.37457,0,0
2015-05-18,06:00:00,1.3746,1.3753,1.37447,1.37506,0,0
2015-05-18,07:00:00,1.37506,1.37573,1.37498,1.37543,0,0
2015-05-18,08:00:00,1.37543,1.37671,1.37472,1.37472,0,0
2015-05-18,09:00:00,1.3748,1.37579,1.37359,1.3757,0,0
2015-05-18,10:00:00,1.37584,1.37726,1.37297,1.37681,0,0
2015-05-18,11:00:00,1.37684,1.37818,1.37576,1.37576,0,0
2015-05-18,12:00:00,1.37576,1.37732,1.3748,1.37563,0,0
2015-05-18,13:00:00,1.37551,1.37709,1.37296,1.37375,0,0
2015-05-18,14:00:00,1.37366,1.37603,1.37313,1.3744,0,0
2015-05-18,15:00:00,1.37437,1.37648,1.37421,1.37598,0,0
2015-05-18,16:00:00,1.37612,1.38223,1.3757,1.38143,0,0
2015-05-18,17:00:00,1.38154,1.38185,1.37936,1.38003,0,0
2015-05-18,18:00:00,1.37991,1.38166,1.37987,1.38092,0,0
2015-05-18,19:00:00,1.38093,1.38243,1.38047,1.38077,0,0
2015-05-18,20:00:00,1.38078,1.38332,1.38038,1.383,0,0
2015-05-18,21:00:00,1.38313,1.38514,1.38292,1.38514,0,0
2015-05-18,22:00:00,1.38526,1.3856,1.38331,1.38409,0,0
2015-05-18,23:00:00,1.38409,1.38409,1.38301,1.38339,0,0
2015-05-18,23:59:00,1.38332,1.38385,1.38322,1.38354,0,0
2015-05-19,01:00:00,1.38354,1.38393,1.38344,1.38373,0,0
2015-05-19,02:00:00,1.38374,1.38374,1.38279,1.38309,0,0
2015-05-19,03:00:00,1.38309,1.3839,1.38268,1.38369,0,0
2015-05-19,04:00:00,1.3837,1.38493,1.38329,1.38417,0,0
2015-05-19,05:00:00,1.3843,1.38549,1.38429,1.3851,0,0
2015-05-19,06:00:00,1.3851,1.3853,1.38444,1.38479,0,0
2015-05-19,07:00:00,1.38474,1.3852,1.38443,1.3848,0,0
2015-05-19,08:00:00,1.38481,1.3849,1.38348,1.38415,0,0
2015-05-19,09:00:00,1.38416,1.38743,1.38415,1.38593,0,0
2015-05-19,10:00:00,1.38592,1.39857,1.38592,1.39469,0,0
2015-05-19,11:00:00,1.39471,1.39539,1.38814,1.38908,0,0
2015-05-19,12:00:00,1.38978,1.38982,1.38618,1.38718,0,0
2015-05-19,13:00:00,1.38715,1.38742,1.38374,1.38428,0,0
2015-05-19,14:00:00,1.38385,1.38585,1.38265,1.38483,0,0
2015-05-19,15:00:00,1.38479,1.38979,1.38449,1.38928,0,0
2015-05-19,16:00:00,1.38919,1.39219,1.38902,1.39103,0,0
2015-05-19,17:00:00,1.39114,1.39363,1.39091,1.39324,0,0
2015-05-19,18:00:00,1.39341,1.39362,1.3902,1.39224,0,0
2015-05-19,19:00:00,1.39201,1.39281,1.39092,1.39092,0,0
2015-05-19,20:00:00,1.39091,1.3921,1.39091,1.39126,0,0
2015-05-19,21:00:00,1.39141,1.39141,1.38898,1.38932,0,0
2015-05-19,22:00:00,1.38946,1.3909,1.3893,1.39076,0,0
2015-05-19,23:00:00,1.39082,1.39141,1.39036,1.39121,0,0
2015-05-19,23:59:00,1.3913,1.3919,1.39058,1.39179,0,0
2015-05-20,01:00:00,1.39176,1.3922,1.39135,1.39157,0,0
2015-05-20,02:00:00,1.39157,1.39213,1.39148,1.39213,0,0
2015-05-20,03:00:00,1.39215,1.39323,1.39167,1.39281,0,0
2015-05-20,04:00:00,1.39279,1.39372,1.39212,1.3925,0,0
2015-05-20,05:00:00,1.39252,1.3929,1.39205,1.39256,0,0
2015-05-20,06:00:00,1.39259,1.39298,1.3924,1.3926,0,0
2015-05-20,07:00:00,1.39258,1.39326,1.39242,1.39278,0,0
2015-05-20,08:00:00,1.3928,1.39582,1.3916,1.39582,0,0
2015-05-20,09:00:00,1.39606,1.39866,1.39421,1.39741,0,0
2015-05-20,10:00:00,1.39736,1.39945,1.39472,1.39558,0,0
2015-05-20,11:00:00,1.39561,1.39936,1.3927,1.39601,0,0
2015-05-20,12:00:00,1.39599,1.39685,1.39436,1.39678,0,0
2015-05-20,13:00:00,1.3968,1.39931,1.39609,1.39916,0,0
2015-05-20,14:00:00,1.39915,1.39915,1.39678,1.39728,0,0
2015-05-20,15:00:00,1.39728,1.39793,1.39552,1.39733,0,0
2015-05-20,16:00:00,1.3972,1.40313,1.39676,1.40189,0,0
2015-05-20,17:00:00,1.40189,1.40235,1.39906,1.40085,0,0
2015-05-20,18:00:00,1.40082,1.40314,1.40021,1.40274,0,0
2015-05-20,19:00:00,1.40272,1.4029,1.40082,1.40086,0,0
2015-05-20,20:00:00,1.40116,1.40118,1.3981,1.39916,0,0
2015-05-20,21:00:00,1.3991,1.39994,1.39594,1.39864,0,0
2015-05-20,22:00:00,1.3987,1.40056,1.39729,1.39903,0,0
2015-05-20,23:00:00,1.39898,1.40053,1.39889,1.40053,0,0
2015-05-20,23:59:00,1.40057,1.40075,1.39965,1.40007,0,0
2015-05-21,01:00:00,1.4001,1.40107,1.4001,1.40051,0,0
2015-05-21,02:00:00,1.40045,1.40076,1.4,1.4,0,0
2015-05-21,03:00:00,1.39998,1.40037,1.39804,1.39886,0,0
2015-05-21,04:00:00,1.39887,1.39949,1.39828,1.39859,0,0
2015-05-21,05:00:00,1.39863,1.3987,1.39775,1.39852,0,0
2015-05-21,06:00:00,1.39852,1.39913,1.39816,1.39857,0,0
2015-05-21,07:00:00,1.39854,1.39889,1.39763,1.39847,0,0
2015-05-21,08:00:00,1.39821,1.3988,1.39767,1.39789,0,0
2015-05-21,09:00:00,1.39788,1.40174,1.39788,1.3983,0,0
2015-05-21,10:00:00,1.39863,1.39936,1.39531,1.39741,0,0
2015-05-21,11:00:00,1.39754,1.40443,1.39641,1.40413,0,0
2015-05-21,12:00:00,1.40413,1.40592,1.40281,1.40586,0,0
2015-05-21,13:00:00,1.40596,1.40645,1.4028,1.40506,0,0
2015-05-21,14:00:00,1.40508,1.40811,1.40489,1.4081,0,0
2015-05-21,15:00:00,1.40808,1.41014,1.40721,1.4087,0,0
2015-05-21,16:00:00,1.4089,1.4094,1.40717,1.40916,0,0
2015-05-21,17:00:00,1.40933,1.41009,1.40677,1.40887,0,0
2015-05-21,18:00:00,1.4087,1.41023,1.40782,1.40869,0,0
2015-05-21,19:00:00,1.40847,1.40943,1.40741,1.40794,0,0
2015-05-21,20:00:00,1.40788,1.40962,1.40773,1.40952,0,0
2015-05-21,21:00:00,1.40956,1.40956,1.40733,1.40787,0,0
2015-05-21,22:00:00,1.40777,1.40941,1.40765,1.40922,0,0
2015-05-21,23:00:00,1.40927,1.40965,1.40886,1.40938,0,0
2015-05-21,23:59:00,1.40953,1.41058,1.40884,1.40989,0,0
2015-05-22,01:00:00,1.40989,1.41011,1.40947,1.40977,0,0
2015-05-22,02:00:00,1.40975,1.41001,1.40936,1.40936,0,0
2015-05-22,03:00:00,1.40939,1.40973,1.40866,1.40926,0,0
2015-05-22,04:00:00,1.40926,1.40937,1.40855,1.40891,0,0
2015-05-22,05:00:00,1.4089,1.40895,1.40696,1.4072,0,0
2015-05-22,06:00:00,1.4072,1.40752,1.40639,1.40647,0,0
2015-05-22,07:00:00,1.40648,1.40683,1.40566,1.40659,0,0
2015-05-22,08:00:00,1.40661,1.40709,1.40577,1.40622,0,0
2015-05-22,09:00:00,1.4062,1.40622,1.40441,1.40565,0,0
2015-05-22,10:00:00,1.40557,1.40585,1.40301,1.40445,0,0
2015-05-22,11:00:00,1.40434,1.40434,1.40095,1.40194,0,0
2015-05-22,12:00:00,1.40197,1.40353,1.39893,1.39902,0,0
2015-05-22,13:00:00,1.39909,1.3992,1.39607,1.39854,0,0
2015-05-22,14:00:00,1.39851,1.40087,1.39655,1.40046,0,0
2015-05-22,15:00:00,1.40048,1.40429,1.39932,1.40222,0,0
2015-05-22,16:00:00,1.40241,1.40863,1.40232,1.40622,0,0
2015-05-22,17:00:00,1.4063,1.40829,1.40554,1.40566,0,0
2015-05-22,18:00:00,1.40566,1.4066,1.40322,1.40334,0,0
2015-05-22,19:00:00,1.40333,1.40367,1.40217,1.40286,0,0
2015-05-22,20:00:00,1.40299,1.40522,1.40294,1.4051,0,0
2015-05-22,21:00:00,1.40509,1.40628,1.40484,1.40596,0,0
2015-05-22,22:00:00,1.40595,1.40663,1.40553,1.4059,0,0
2015-05-22,23:00:00,1.40578,1.40578,1.40546,1.40556,0,0
2015-05-25,01:00:00,1.40844,1.40858,1.40704,1.40755,0,0
2015-05-25,02:00:00,1.40737,1.40852,1.4066,1.40771,0,0
2015-05-25,03:00:00,1.40774,1.40964,1.40736,1.4092,0,0
2015-05-25,04:00:00,1.4091,1.40964,1.40882,1.40939,0,0
2015-05-25,05:00:00,1.40939,1.40951,1.40845,1.40878,0,0
2015-05-25,06:00:00,1.40873,1.40889,1.40766,1.40839,0,0
2015-05-25,07:00:00,1.4084,1.40909,1.40829,1.40868,0,0
2015-05-25,08:00:00,1.40867,1.4095,1.40834,1.40892,0,0
2015-05-25,09:00:00,1.40892,1.40926,1.40697,1.40841,0,0
2015-05-25,10:00:00,1.40838,1.41343,1.40811,1.41284,0,0
2015-05-25,11:00:00,1.41284,1.41378,1.41086,1.41102,0,0
2015-05-25,12:00:00,1.41103,1.41188,1.41044,1.41133,0,0
2015-05-25,13:00:00,1.41139,1.41192,1.41089,1.4113,0,0
2015-05-25,14:00:00,1.41132,1.41156,1.4094,1.40989,0,0
2015-05-25,15:00:00,1.40991,1.40999,1.40781,1.40788,0,0
2015-05-25,16:00:00,1.40787,1.40921,1.40781,1.40918,0,0
2015-05-25,17:00:00,1.40918,1.40991,1.40877,1.40946,0,0
2015-05-25,18:00:00,1.40944,1.40985,1.40915,1.40945,0,0
2015-05-25,19:00:00,1.40954,1.41015,1.40847,1.40851,0,0
2015-05-25,20:00:00,1.40825,1.4097,1.40825,1.4097,0,0
2015-05-25,21:00:00,1.40969,1.40972,1.40873,1.40916,0,0
2015-05-25,22:00:00,1.40923,1.40959,1.4089,1.40899,0,0
2015-05-25,23:00:00,1.40897,1.40969,1.40871,1.40927,0,0
2015-05-25,23:59:00,1.40927,1.4096,1.40871,1.40905,0,0
2015-05-26,01:00:00,1.40905,1.40966,1.40839,1.40946,0,0
2015-05-26,02:00:00,1.40948,1.41064,1.4093,1.41044,0,0
2015-05-26,03:00:00,1.41041,1.41285,1.41016,1.41223,0,0
2015-05-26,04:00:00,1.41223,1.41314,1.41118,1.41133,0,0
2015-05-26,05:00:00,1.41134,1.41174,1.41024,1.411,0,0
2015-05-26,06:00:00,1.41103,1.41216,1.41097,1.41188,0,0
2015-05-26,07:00:00,1.41188,1.41296,1.41157,1.4128,0,0
2015-05-26,08:00:00,1.4128,1.41368,1.41234,1.41325,0,0
2015-05-26,09:00:00,1.41335,1.41538,1.41223,1.41509,0,0
2015-05-26,10:00:00,1.4151,1.41539,1.41239,1.4141,0,0
2015-05-26,11:00:00,1.41407,1.41483,1.41195,1.41447,0,0
2015-05-26,12:00:00,1.41446,1.41458,1.41124,1.41134,0,0
2015-05-26,13:00:00,1.41155,1.41397,1.41155,1.41329,0,0
2015-05-26,14:00:00,1.41316,1.41324,1.40949,1.40986,0,0
2015-05-26,15:00:00,1.40973,1.41125,1.4087,1.41035,0,0
2015-05-26,16:00:00,1.41046,1.4114,1.4086,1.40885,0,0
2015-05-26,17:00:00,1.40868,1.41244,1.40867,1.41157,0,0
2015-05-26,18:00:00,1.41164,1.41559,1.4115,1.41558,0,0
2015-05-26,19:00:00,1.41564,1.41596,1.41346,1.4136,0,0
2015-05-26,20:00:00,1.41358,1.41625,1.4132,1.416,0,0
2015-05-26,21:00:00,1.41601,1.41614,1.41484,1.41511,0,0
2015-05-26,22:00:00,1.4151,1.41606,1.41422,1.41445,0,0
2015-05-26,23:00:00,1.41456,1.4151,1.4141,1.4151,0,0
2015-05-26,23:59:00,1.41498,1.41527,1.41423,1.41465,0,0
2015-05-27,01:00:00,1.41467,1.41511,1.41361,1.41398,0,0
2015-05-27,02:00:00,1.41385,1.41464,1.41379,1.41402,0,0
2015-05-27,03:00:00,1.41402,1.41469,1.41372,1.41455,0,0
2015-05-27,04:00:00,1.41462,1.41578,1.41462,1.41501,0,0
2015-05-27,05:00:00,1.41502,1.41517,1.41433,1.41474,0,0
2015-05-27,06:00:00,1.41474,1.41481,1.41389,1.41449,0,0
2015-05-27,07:00:00,1.41447,1.41483,1.41389,1.41473,0,0
2015-05-27,08:00:00,1.4146,1.41471,1.41306,1.41418,0,0
2015-05-27,09:00:00,1.41446,1.41454,1.41103,1.41147,0,0
2015-05-27,10:00:00,1.41148,1.41337,1.41131,1.4125,0,0
2015-05-27,11:00:00,1.4125,1.41326,1.4103,1.41052,0,0
2015-05-27,12:00:00,1.4106,1.41235,1.41027,1.41155,0,0
2015-05-27,13:00:00,1.41173,1.41524,1.41149,1.414,0,0
2015-05-27,14:00:00,1.41366,1.41544,1.41267,1.41493,0,0
2015-05-27,15:00:00,1.415,1.41726,1.41319,1.41618,0,0
2015-05-27,16:00:00,1.41616,1.41659,1.4108,1.41227,0,0
2015-05-27,17:00:00,1.41239,1.41291,1.40813,1.40908,0,0
2015-05-27,18:00:00,1.40921,1.41007,1.40587,1.40747,0,0
2015-05-27,19:00:00,1.40737,1.40901,1.40735,1.40832,0,0
2015-05-27,20:00:00,1.40828,1.40844,1.40704,1.40718,0,0
2015-05-27,21:00:00,1.4072,1.40886,1.40707,1.40841,0,0
2015-05-27,22:00:00,1.40838,1.40917,1.40725,1.40785,0,0
2015-05-27,23:00:00,1.40786,1.4085,1.40738,1.40814,0,0
2015-05-27,23:59:00,1.40813,1.40868,1.40782,1.4085,0,0
2015-05-28,01:00:00,1.40847,1.40872,1.40754,1.4079,0,0
2015-05-28,02:00:00,1.4079,1.40859,1.40788,1.40839,0,0
2015-05-28,03:00:00,1.40839,1.40895,1.40622,1.40702,0,0
2015-05-28,04:00:00,1.40694,1.40839,1.40647,1.40775,0,0
2015-05-28,05:00:00,1.40775,1.40881,1.40695,1.40881,0,0
2015-05-28,06:00:00,1.4086,1.4088,1.40681,1.40707,0,0
2015-05-28,07:00:00,1.40707,1.40759,1.40637,1.40672,0,0
2015-05-28,08:00:00,1.40677,1.40778,1.40654,1.40724,0,0
2015-05-28,09:00:00,1.40726,1.40847,1.40485,1.40579,0,0
2015-05-28,10:00:00,1.4058,1.40715,1.40443,1.4047,0,0
2015-05-28,11:00:00,1.40464,1.40725,1.40071,1.40148,0,0
2015-05-28,12:00:00,1.40158,1.40258,1.39971,1.40032,0,0
2015-05-28,13:00:00,1.40032,1.40053,1.39836,1.39912,0,0
2015-05-28,14:00:00,1.39935,1.40414,1.39816,1.4034,0,0
2015-05-28,15:00:00,1.40345,1.40403,1.40126,1.40243,0,0
2015-05-28,16:00:00,1.40249,1.40496,1.40249,1.40343,0,0
2015-05-28,17:00:00,1.40376,1.40487,1.40022,1.40044,0,0
2015-05-28,18:00:00,1.40065,1.4016,1.39935,1.40111,0,0
2015-05-28,19:00:00,1.40102,1.40344,1.39919,1.39996,0,0
2015-05-28,20:00:00,1.39993,1.40061,1.39853,1.40003,0,0
2015-05-28,21:00:00,1.39995,1.40051,1.39848,1.39873,0,0
2015-05-28,22:00:00,1.39875,1.39981,1.39824,1.39879,0,0
2015-05-28,23:00:00,1.39888,1.39917,1.39813,1.39874,0,0
2015-05-28,23:59:00,1.399,1.39912,1.39618,1.3976,0,0
2015-05-29,01:00:00,1.39775,1.39837,1.39597,1.39674,0,0
2015-05-29,02:00:00,1.39674,1.39782,1.39674,1.39751,0,0
2015-05-29,03:00:00,1.39751,1.39828,1.39743,1.39809,0,0
2015-05-29,04:00:00,1.39805,1.39909,1.39733,1.3989,0,0
2015-05-29,05:00:00,1.39893,1.39986,1.39868,1.39965,0,0
2015-05-29,06:00:00,1.39968,1.39971,1.39908,1.39935,0,0
2015-05-29,07:00:00,1.39941,1.39952,1.39879,1.39949,0,0
2015-05-29,08:00:00,1.3995,1.40046,1.39946,1.40001,0,0
2015-05-29,09:00:00,1.40005,1.40052,1.39872,1.3996,0,0
2015-05-29,10:00:00,1.39934,1.39937,1.39591,1.39593,0,0
2015-05-29,11:00:00,1.39602,1.39655,1.3943,1.39437,0,0
2015-05-29,12:00:00,1.39446,1.39553,1.39137,1.39177,0,0
2015-05-29,13:00:00,1.39172,1.3934,1.39058,1.39163,0,0
2015-05-29,14:00:00,1.39123,1.39173,1.38891,1.38954,0,0
2015-05-29,15:00:00,1.38959,1.39264,1.38911,1.39213,0,0
2015-05-29,16:00:00,1.39211,1.39291,1.39019,1.39075,0,0
2015-05-29,17:00:00,1.39112,1.39213,1.38992,1.39184,0,0
2015-05-29,18:00:00,1.39205,1.39288,1.38988,1.38998,0,0
2015-05-29,19:00:00,1.39015,1.39161,1.38856,1.39161,0,0
2015-05-29,20:00:00,1.39161,1.39264,1.39068,1.39231,0,0
2015-05-29,21:00:00,1.39236,1.39288,1.39187,1.39244,0,0
2015-05-29,22:00:00,1.39245,1.39259,1.39121,1.39179,0,0
2015-05-29,23:00:00,1.39179,1.3922,1.39179,1.3922,0,0
2015-06-01,01:00:00,1.3922,1.39421,1.39167,1.39381,0,0
2015-06-01,02:00:00,1.39381,1.39538,1.39378,1.39501,0,0
2015-06-01,03:00:00,1.39507,1.39627,1.3947,1.39574,0,0
2015-06-01,04:00:00,1.39576,1.39688,1.39543,1.39673,0,0
2015-06-01,05:00:00,1.39674,1.39679,1.3959,1.39649,0,0
2015-06-01,06:00:00,1.39647,1.39654,1.39586,1.39625,0,0
2015-06-01,07:00:00,1.39625,1.3963,1.39536,1.39549,0,0
2015-06-01,08:00:00,1.39551,1.39652,1.39525,1.39637,0,0
2015-06-01,09:00:00,1.39627,1.39741,1.3956,1.39625,0,0
2015-06-01,10:00:00,1.39644,1.39943,1.3951,1.39868,0,0
2015-06-01,11:00:00,1.39876,1.39906,1.3967,1.39748,0,0
2015-06-01,12:00:00,1.39738,1.39755,1.39298,1.39395,0,0
2015-06-01,13:00:00,1.39408,1.39489,1.39169,1.39207,0,0
2015-06-01,14:00:00,1.39221,1.3946,1.39127,1.39199,0,0
2015-06-01,15:00:00,1.39216,1.3928,1.38997,1.39243,0,0
2015-06-01,16:00:00,1.39213,1.39257,1.39051,1.3915,0,0
2015-06-01,17:00:00,1.3918,1.39619,1.3918,1.39556,0,0
2015-06-01,18:00:00,1.39556,1.39584,1.39091,1.39163,0,0
2015-06-01,19:00:00,1.39164,1.39239,1.39006,1.39097,0,0
2015-06-01,20:00:00,1.39087,1.39187,1.39024,1.39145,0,0
2015-06-01,21:00:00,1.39143,1.39251,1.39031,1.39057,0,0
2015-06-01,22:00:00,1.39038,1.39128,1.38959,1.39128,0,0
2015-06-01,23:00:00,1.39128,1.39175,1.39032,1.39109,0,0
2015-06-01,23:59:00,1.39109,1.39206,1.38967,1.39167,0,0
2015-06-02,01:00:00,1.39147,1.3916,1.39085,1.39108,0,0
2015-06-02,02:00:00,1.39109,1.39203,1.39091,1.39144,0,0
2015-06-02,03:00:00,1.3914,1.39171,1.39066,1.39095,0,0
2015-06-02,04:00:00,1.39093,1.39167,1.39093,1.39125,0,0
2015-06-02,05:00:00,1.39123,1.39178,1.39123,1.39163,0,0
2015-06-02,06:00:00,1.39163,1.3919,1.3913,1.39141,0,0
2015-06-02,07:00:00,1.39141,1.39154,1.39042,1.3906,0,0
2015-06-02,08:00:00,1.39066,1.39172,1.39035,1.39138,0,0
2015-06-02,09:00:00,1.39136,1.39284,1.38897,1.38918,0,0
2015-06-02,10:00:00,1.38902,1.38998,1.38382,1.38667,0,0
2015-06-02,11:00:00,1.38663,1.38965,1.38599,1.38788,0,0
2015-06-02,12:00:00,1.38786,1.39014,1.38665,1.38983,0,0
2015-06-02,13:00:00,1.39011,1.39011,1.38181,1.38285,0,0
2015-06-02,14:00:00,1.38293,1.38293,1.37932,1.3807,0,0
2015-06-02,15:00:00,1.38066,1.38106,1.37669,1.37694,0,0
2015-06-02,16:00:00,1.37696,1.37696,1.36951,1.37672,0,0
2015-06-02,17:00:00,1.37669,1.37763,1.37507,1.37742,0,0
2015-06-02,18:00:00,1.37732,1.37875,1.37696,1.37757,0,0
2015-06-02,19:00:00,1.3776,1.37775,1.37365,1.37365,0,0
2015-06-02,20:00:00,1.37424,1.37487,1.37331,1.37436,0,0
2015-06-02,21:00:00,1.37428,1.37526,1.37379,1.37448,0,0
2015-06-02,22:00:00,1.37426,1.37672,1.37426,1.37629,0,0
2015-06-02,23:00:00,1.3763,1.3766,1.37544,1.37603,0,0
2015-06-02,23:59:00,1.37601,1.37616,1.37545,1.3758,0,0
2015-06-03,01:00:00,1.37586,1.37605,1.37546,1.37581,0,0
2015-06-03,02:00:00,1.37581,1.376,1.37523,1.37561,0,0
2015-06-03,03:00:00,1.37572,1.37678,1.37554,1.37606,0,0
2015-06-03,04:00:00,1.37613,1.37643,1.37413,1.37457,0,0
2015-06-03,05:00:00,1.37457,1.37579,1.37454,1.37509,0,0
2015-06-03,06:00:00,1.37514,1.37601,1.37514,1.37572,0,0
2015-06-03,07:00:00,1.37566,1.37572,1.37432,1.37509,0,0
2015-06-03,08:00:00,1.37516,1.37569,1.37327,1.37569,0,0
2015-06-03,09:00:00,1.37581,1.37698,1.37351,1.37466,0,0
2015-06-03,10:00:00,1.3748,1.37878,1.3748,1.3785,0,0
2015-06-03,11:00:00,1.37858,1.37858,1.37015,1.37189,0,0
2015-06-03,12:00:00,1.37196,1.37432,1.37127,1.37319,0,0
2015-06-03,13:00:00,1.37338,1.37497,1.37268,1.37421,0,0
2015-06-03,14:00:00,1.37434,1.37574,1.37387,1.375,0,0
2015-06-03,15:00:00,1.37501,1.37669,1.3715,1.373,0,0
2015-06-03,16:00:00,1.373,1.373,1.36336,1.3647,0,0
2015-06-03,17:00:00,1.36463,1.36465,1.35964,1.36087,0,0
2015-06-03,18:00:00,1.36094,1.36303,1.35915,1.36042,0,0
2015-06-03,19:00:00,1.36022,1.36278,1.36011,1.36203,0,0
2015-06-03,20:00:00,1.36201,1.36229,1.36071,1.36166,0,0
2015-06-03,21:00:00,1.36164,1.36189,1.36101,1.36128,0,0
2015-06-03,22:00:00,1.36113,1.36201,1.35952,1.35994,0,0
2015-06-03,23:00:00,1.35989,1.36089,1.35989,1.36051,0,0
2015-06-03,23:59:00,1.36077,1.36101,1.3595,1.36078,0,0
2015-06-04,01:00:00,1.36078,1.36147,1.35993,1.36048,0,0
2015-06-04,02:00:00,1.3606,1.36183,1.35998,1.36102,0,0
2015-06-04,03:00:00,1.36102,1.36157,1.36039,1.36115,0,0
2015-06-04,04:00:00,1.36115,1.36165,1.3604,1.361,0,0
2015-06-04,05:00:00,1.36093,1.36118,1.3605,1.36062,0,0
2015-06-04,06:00:00,1.36054,1.36058,1.35988,1.3603,0,0
2015-06-04,07:00:00,1.3603,1.36056,1.35978,1.36012,0,0
2015-06-04,08:00:00,1.3601,1.36092,1.35999,1.36066,0,0
2015-06-04,09:00:00,1.36069,1.36301,1.35962,1.36265,0,0
2015-06-04,10:00:00,1.36256,1.36474,1.36066,1.3618,0,0
2015-06-04,11:00:00,1.36174,1.36218,1.35407,1.3582,0,0
2015-06-04,12:00:00,1.35809,1.36033,1.35669,1.35923,0,0
2015-06-04,13:00:00,1.35945,1.35981,1.35667,1.35858,0,0
2015-06-04,14:00:00,1.35855,1.36019,1.35716,1.35853,0,0
2015-06-04,15:00:00,1.35843,1.36376,1.35836,1.36287,0,0
2015-06-04,16:00:00,1.36287,1.36624,1.36206,1.36329,0,0
2015-06-04,17:00:00,1.36321,1.36402,1.36151,1.36177,0,0
2015-06-04,18:00:00,1.3618,1.36403,1.36135,1.36345,0,0
2015-06-04,19:00:00,1.36339,1.36397,1.36016,1.3626,0,0
2015-06-04,20:00:00,1.36271,1.36855,1.36223,1.36728,0,0
2015-06-04,21:00:00,1.36724,1.36818,1.36613,1.36679,0,0
2015-06-04,22:00:00,1.36702,1.3674,1.36646,1.36696,0,0
2015-06-04,23:00:00,1.36701,1.36744,1.36599,1.3673,0,0
2015-06-04,23:59:00,1.36724,1.36866,1.36626,1.36834,0,0
2015-06-05,01:00:00,1.36833,1.37064,1.3679,1.37055,0,0
2015-06-05,02:00:00,1.37058,1.3733,1.37044,1.37046,0,0
2015-06-05,03:00:00,1.37046,1.37108,1.36927,1.37035,0,0
2015-06-05,04:00:00,1.37033,1.37135,1.3698,1.36997,0,0
2015-06-05,05:00:00,1.36997,1.37017,1.36942,1.36971,0,0
2015-06-05,06:00:00,1.36971,1.37066,1.36968,1.37018,0,0
2015-06-05,07:00:00,1.37018,1.37019,1.36913,1.36959,0,0
2015-06-05,08:00:00,1.36959,1.3697,1.36847,1.36857,0,0
2015-06-05,09:00:00,1.36839,1.36839,1.36346,1.36346,0,0
2015-06-05,10:00:00,1.36351,1.36351,1.35865,1.3589,0,0
2015-06-05,11:00:00,1.35889,1.36094,1.35873,1.35925,0,0
2015-06-05,12:00:00,1.3593,1.36138,1.359,1.36043,0,0
2015-06-05,13:00:00,1.36033,1.36414,1.36001,1.36343,0,0
2015-06-05,14:00:00,1.36345,1.36626,1.36288,1.36562,0,0
2015-06-05,15:00:00,1.36564,1.37531,1.36458,1.373,0,0
2015-06-05,16:00:00,1.37313,1.3755,1.3713,1.37422,0,0
2015-06-05,17:00:00,1.37446,1.37464,1.37097,1.37207,0,0
2015-06-05,18:00:00,1.37208,1.37452,1.37078,1.37429,0,0
2015-06-05,19:00:00,1.37437,1.37522,1.37303,1.37314,0,0
2015-06-05,20:00:00,1.37296,1.37393,1.37228,1.37372,0,0
2015-06-05,21:00:00,1.37379,1.37427,1.37236,1.37374,0,0
2015-06-05,22:00:00,1.37366,1.37434,1.37357,1.37428,0,0
2015-06-05,23:00:00,1.37424,1.37455,1.37416,1.37455,0,0
2015-06-08,01:00:00,1.3753,1.37532,1.37425,1.37439,0,0
2015-06-08,02:00:00,1.37444,1.37494,1.37409,1.37479,0,0
2015-06-08,03:00:00,1.37468,1.37608,1.37444,1.37608,0,0
2015-06-08,04:00:00,1.37609,1.3763,1.37529,1.37544,0,0
2015-06-08,05:00:00,1.3755,1.37616,1.37493,1.37501,0,0
2015-06-08,06:00:00,1.37501,1.37526,1.37454,1.37474,0,0
2015-06-08,07:00:00,1.37472,1.37546,1.37426,1.3746,0,0
2015-06-08,08:00:00,1.37459,1.37469,1.3733,1.37365,0,0
2015-06-08,09:00:00,1.37318,1.37627,1.37037,1.3737,0,0
2015-06-08,10:00:00,1.37367,1.37367,1.36678,1.36787,0,0
2015-06-08,11:00:00,1.36799,1.3713,1.36778,1.36971,0,0
2015-06-08,12:00:00,1.36957,1.37009,1.36769,1.36864,0,0
2015-06-08,13:00:00,1.36862,1.37011,1.36787,1.36882,0,0
2015-06-08,14:00:00,1.36879,1.36905,1.36594,1.36737,0,0
2015-06-08,15:00:00,1.36729,1.36767,1.36346,1.36595,0,0
2015-06-08,16:00:00,1.36586,1.36618,1.36324,1.3643,0,0
2015-06-08,17:00:00,1.36443,1.36547,1.36133,1.36302,0,0
2015-06-08,18:00:00,1.36303,1.36357,1.35914,1.3605,0,0
2015-06-08,19:00:00,1.36048,1.36246,1.36019,1.36245,0,0
2015-06-08,20:00:00,1.36269,1.36294,1.36018,1.361,0,0
2015-06-08,21:00:00,1.36108,1.36152,1.35948,1.35993,0,0
2015-06-08,22:00:00,1.35986,1.36053,1.35881,1.35943,0,0
2015-06-08,23:00:00,1.35945,1.35989,1.3579,1.35928,0,0
2015-06-08,23:59:00,1.35946,1.36063,1.35909,1.36021,0,0
2015-06-09,01:00:00,1.36025,1.36025,1.35932,1.36003,0,0
2015-06-09,02:00:00,1.36003,1.36043,1.35966,1.36006,0,0
2015-06-09,03:00:00,1.36013,1.36046,1.35913,1.35969,0,0
2015-06-09,04:00:00,1.35975,1.35976,1.35552,1.35629,0,0
2015-06-09,05:00:00,1.35655,1.35673,1.35568,1.35634,0,0
2015-06-09,06:00:00,1.35635,1.35687,1.35622,1.35663,0,0
2015-06-09,07:00:00,1.35667,1.35727,1.35652,1.35693,0,0
2015-06-09,08:00:00,1.35691,1.35721,1.35502,1.35566,0,0
2015-06-09,09:00:00,1.35562,1.35941,1.35562,1.35837,0,0
2015-06-09,10:00:00,1.35824,1.35899,1.35358,1.35365,0,0
2015-06-09,11:00:00,1.35372,1.35622,1.35338,1.35532,0,0
2015-06-09,12:00:00,1.35536,1.35672,1.35461,1.3566,0,0
2015-06-09,13:00:00,1.35664,1.3593,1.35608,1.35754,0,0
2015-06-09,14:00:00,1.35725,1.36231,1.35653,1.36138,0,0
2015-06-09,15:00:00,1.36129,1.36404,1.3593,1.36251,0,0
2015-06-09,16:00:00,1.36243,1.36292,1.36039,1.36108,0,0
2015-06-09,17:00:00,1.36064,1.36346,1.35926,1.3622,0,0
2015-06-09,18:00:00,1.36217,1.3637,1.36071,1.36345,0,0
2015-06-09,19:00:00,1.36348,1.36418,1.36231,1.36378,0,0
2015-06-09,20:00:00,1.36379,1.36454,1.36277,1.36288,0,0
2015-06-09,21:00:00,1.363,1.36327,1.3624,1.3628,0,0
2015-06-09,22:00:00,1.36285,1.36456,1.36278,1.36438,0,0
2015-06-09,23:00:00,1.36428,1.36437,1.3632,1.36352,0,0
2015-06-09,23:59:00,1.36361,1.3645,1.36354,1.36406,0,0
2015-06-10,01:00:00,1.36406,1.36452,1.36399,1.36414,0,0
2015-06-10,02:00:00,1.3642,1.36427,1.3623,1.36259,0,0
2015-06-10,03:00:00,1.36261,1.36277,1.36156,1.36209,0,0
2015-06-10,04:00:00,1.36212,1.36317,1.36182,1.36304,0,0
2015-06-10,05:00:00,1.36304,1.36338,1.36249,1.3631,0,0
2015-06-10,06:00:00,1.3631,1.36334,1.36249,1.36305,0,0
2015-06-10,07:00:00,1.36298,1.36544,1.36224,1.36499,0,0
2015-06-10,08:00:00,1.365,1.36603,1.36276,1.36468,0,0
2015-06-10,09:00:00,1.36467,1.36643,1.3632,1.36434,0,0
2015-06-10,10:00:00,1.36399,1.36399,1.35897,1.36006,0,0
2015-06-10,11:00:00,1.36014,1.36462,1.3579,1.36397,0,0
2015-06-10,12:00:00,1.36395,1.36883,1.36358,1.36835,0,0
2015-06-10,13:00:00,1.36838,1.37083,1.36824,1.36914,0,0
2015-06-10,14:00:00,1.36906,1.37294,1.36783,1.37215,0,0
2015-06-10,15:00:00,1.37219,1.37357,1.37085,1.37113,0,0
2015-06-10,16:00:00,1.37105,1.37232,1.36876,1.37202,0,0
2015-06-10,17:00:00,1.37224,1.37589,1.37146,1.37495,0,0
2015-06-10,18:00:00,1.37492,1.37497,1.37063,1.37347,0,0
2015-06-10,19:00:00,1.37344,1.37345,1.37063,1.37175,0,0
2015-06-10,20:00:00,1.37184,1.37264,1.3711,1.37128,0,0
2015-06-10,21:00:00,1.3713,1.37315,1.37079,1.37215,0,0
2015-06-10,22:00:00,1.37218,1.37245,1.37142,1.37161,0,0
2015-06-10,23:00:00,1.37139,1.37154,1.37073,1.3714,0,0
2015-06-10,23:59:00,1.3714,1.37151,1.37002,1.37019,0,0
2015-06-11,01:00:00,1.37056,1.37129,1.36951,1.36951,0,0
2015-06-11,02:00:00,1.36951,1.37068,1.36931,1.37049,0,0
2015-06-11,03:00:00,1.3706,1.37163,1.37019,1.37142,0,0
2015-06-11,04:00:00,1.37145,1.37279,1.37076,1.37267,0,0
2015-06-11,05:00:00,1.37266,1.37276,1.37135,1.37137,0,0
2015-06-11,06:00:00,1.37128,1.37172,1.37111,1.37126,0,0
2015-06-11,07:00:00,1.37124,1.37167,1.37034,1.37092,0,0
2015-06-11,08:00:00,1.37092,1.37123,1.37014,1.37054,0,0
2015-06-11,09:00:00,1.37042,1.37108,1.36702,1.36862,0,0
2015-06-11,10:00:00,1.3686,1.37198,1.36746,1.37157,0,0
2015-06-11,11:00:00,1.37164,1.37411,1.37155,1.37265,0,0
2015-06-11,12:00:00,1.37247,1.37455,1.37199,1.37255,0,0
2015-06-11,13:00:00,1.37261,1.37338,1.37096,1.37288,0,0
2015-06-11,14:00:00,1.37281,1.37576,1.37281,1.37528,0,0
2015-06-11,15:00:00,1.37519,1.3799,1.37434,1.37686,0,0
2015-06-11,16:00:00,1.37694,1.38024,1.3767,1.37894,0,0
2015-06-11,17:00:00,1.37906,1.38165,1.3783,1.37913,0,0
2015-06-11,18:00:00,1.37919,1.38024,1.37724,1.37878,0,0
2015-06-11,19:00:00,1.37885,1.37965,1.37835,1.3784,0,0
2015-06-11,20:00:00,1.37846,1.37969,1.37846,1.37954,0,0
2015-06-11,21:00:00,1.37947,1.37983,1.37757,1.37777,0,0
2015-06-11,22:00:00,1.37767,1.37858,1.37736,1.37786,0,0
2015-06-11,23:00:00,1.37791,1.37873,1.37724,1.37838,0,0
2015-06-11,23:59:00,1.37836,1.38075,1.37798,1.38019,0,0
2015-06-12,01:00:00,1.37996,1.38032,1.37945,1.37989,0,0
2015-06-12,02:00:00,1.37989,1.38006,1.37915,1.37967,0,0
2015-06-12,03:00:00,1.37967,1.37975,1.37873,1.37922,0,0
2015-06-12,04:00:00,1.37924,1.38,1.37892,1.3795,0,0
2015-06-12,05:00:00,1.37948,1.37961,1.37877,1.37883,0,0
2015-06-12,06:00:00,1.37883,1.37898,1.3779,1.37845,0,0
2015-06-12,07:00:00,1.37844,1.38113,1.37802,1.38071,0,0
2015-06-12,08:00:00,1.38071,1.3815,1.37935,1.37996,0,0
2015-06-12,09:00:00,1.37976,1.3828,1.37969,1.38245,0,0
2015-06-12,10:00:00,1.38245,1.38245,1.37962,1.38159,0,0
2015-06-12,11:00:00,1.38168,1.3874,1.38058,1.38642,0,0
2015-06-12,12:00:00,1.38639,1.38953,1.38537,1.38543,0,0
2015-06-12,13:00:00,1.38546,1.38667,1.3842,1.38623,0,0
2015-06-12,14:00:00,1.38612,1.38634,1.38203,1.38212,0,0
2015-06-12,15:00:00,1.38218,1.38284,1.37928,1.38025,0,0
2015-06-12,16:00:00,1.38026,1.38099,1.37898,1.38019,0,0
2015-06-12,17:00:00,1.38021,1.3837,1.38021,1.38164,0,0
2015-06-12,18:00:00,1.38151,1.38286,1.38072,1.38202,0,0
2015-06-12,19:00:00,1.3821,1.38243,1.37843,1.37976,0,0
2015-06-12,20:00:00,1.3797,1.38061,1.37938,1.37993,0,0
2015-06-12,21:00:00,1.37994,1.38147,1.37915,1.38132,0,0
2015-06-12,22:00:00,1.3813,1.38267,1.38104,1.38264,0,0
2015-06-12,23:00:00,1.38265,1.38271,1.38265,1.38267,0,0
2015-06-15,01:00:00,1.38725,1.38736,1.38622,1.38643,0,0
2015-06-15,02:00:00,1.3864,1.38722,1.38609,1.38676,0,0
2015-06-15,03:00:00,1.38678,1.38711,1.38563,1.3857,0,0
2015-06-15,04:00:00,1.38565,1.38761,1.38534,1.38737,0,0
2015-06-15,05:00:00,1.38727,1.38741,1.38633,1.38637,0,0
2015-06-15,06:00:00,1.38637,1.38656,1.38552,1.38563,0,0
2015-06-15,07:00:00,1.38559,1.38602,1.38512,1.38554,0,0
2015-06-15,08:00:00,1.3855,1.38773,1.38532,1.3875,0,0
2015-06-15,09:00:00,1.38754,1.38815,1.3835,1.38399,0,0
2015-06-15,10:00:00,1.38413,1.38413,1.38161,1.38237,0,0
2015-06-15,11:00:00,1.38247,1.38268,1.37977,1.38109,0,0
2015-06-15,12:00:00,1.38137,1.38292,1.38045,1.38248,0,0
2015-06-15,13:00:00,1.38247,1.38329,1.37985,1.38161,0,0
2015-06-15,14:00:00,1.38159,1.38301,1.38088,1.3825,0,0
2015-06-15,15:00:00,1.3825,1.38388,1.38126,1.38353,0,0
2015-06-15,16:00:00,1.38351,1.38476,1.38177,1.38212,0,0
2015-06-15,17:00:00,1.3822,1.38227,1.38085,1.38125,0,0
2015-06-15,18:00:00,1.38119,1.38373,1.38119,1.38251,0,0
2015-06-15,19:00:00,1.38207,1.38308,1.3805,1.38103,0,0
2015-06-15,20:00:00,1.38118,1.38456,1.38089,1.38349,0,0
2015-06-15,21:00:00,1.38367,1.38371,1.3824,1.38314,0,0
2015-06-15,22:00:00,1.38314,1.38357,1.3822,1.38293,0,0
2015-06-15,23:00:00,1.38281,1.38318,1.38238,1.38256,0,0
2015-06-15,23:59:00,1.38268,1.38323,1.38248,1.38248,0,0
2015-06-16,01:00:00,1.38248,1.38341,1.38248,1.38332,0,0
2015-06-16,02:00:00,1.38332,1.38349,1.38297,1.38341,0,0
2015-06-16,03:00:00,1.38339,1.3835,1.38294,1.38315,0,0
2015-06-16,04:00:00,1.38317,1.38517,1.38305,1.38434,0,0
2015-06-16,05:00:00,1.38432,1.38505,1.38409,1.38469,0,0
2015-06-16,06:00:00,1.38472,1.38515,1.38413,1.38419,0,0
2015-06-16,07:00:00,1.38416,1.38436,1.38368,1.38383,0,0
2015-06-16,08:00:00,1.38376,1.38487,1.38371,1.38378,0,0
2015-06-16,09:00:00,1.38376,1.38479,1.37983,1.38067,0,0
2015-06-16,10:00:00,1.38066,1.38225,1.37923,1.38102,0,0
2015-06-16,11:00:00,1.38117,1.38305,1.37998,1.38071,0,0
2015-06-16,12:00:00,1.38081,1.38407,1.38081,1.38389,0,0
2015-06-16,13:00:00,1.38383,1.38596,1.38366,1.38524,0,0
2015-06-16,14:00:00,1.38517,1.39116,1.38486,1.39098,0,0
2015-06-16,15:00:00,1.39104,1.39352,1.39023,1.39034,0,0
2015-06-16,16:00:00,1.39044,1.39146,1.38941,1.39049,0,0
2015-06-16,17:00:00,1.39048,1.3935,1.39,1.39087,0,0
2015-06-16,18:00:00,1.39077,1.39163,1.38954,1.39156,0,0
2015-06-16,19:00:00,1.39149,1.39279,1.39099,1.391,0,0
2015-06-16,20:00:00,1.39087,1.39199,1.39087,1.39173,0,0
2015-06-16,21:00:00,1.39182,1.39287,1.39155,1.39224,0,0
2015-06-16,22:00:00,1.39227,1.3923,1.39131,1.39155,0,0
2015-06-16,23:00:00,1.39154,1.39203,1.39082,1.39128,0,0
2015-06-16,23:59:00,1.3912,1.39185,1.39084,1.39161,0,0
2015-06-17,01:00:00,1.39156,1.39184,1.39111,1.39113,0,0
2015-06-17,02:00:00,1.39099,1.39146,1.39099,1.39119,0,0
2015-06-17,03:00:00,1.3912,1.39155,1.39087,1.39087,0,0
2015-06-17,04:00:00,1.39087,1.39087,1.38938,1.38962,0,0
2015-06-17,05:00:00,1.38964,1.39038,1.38964,1.38987,0,0
2015-06-17,06:00:00,1.38987,1.39002,1.38872,1.38895,0,0
2015-06-17,07:00:00,1.38894,1.38951,1.3888,1.38927,0,0
2015-06-17,08:00:00,1.38913,1.39029,1.3891,1.39024,0,0
2015-06-17,09:00:00,1.39018,1.39082,1.38854,1.3896,0,0
2015-06-17,10:00:00,1.38953,1.38953,1.38672,1.3872,0,0
2015-06-17,11:00:00,1.38725,1.3968,1.3863,1.39606,0,0
2015-06-17,12:00:00,1.39615,1.39736,1.395,1.39725,0,0
2015-06-17,13:00:00,1.39721,1.39916,1.39613,1.39915,0,0
2015-06-17,14:00:00,1.39897,1.39928,1.39571,1.39598,0,0
2015-06-17,15:00:00,1.39579,1.39763,1.39431,1.39738,0,0
2015-06-17,16:00:00,1.3973,1.39747,1.3949,1.39639,0,0
2015-06-17,17:00:00,1.39645,1.39872,1.39596,1.39847,0,0
2015-06-17,18:00:00,1.39857,1.39883,1.39594,1.39684,0,0
2015-06-17,19:00:00,1.39677,1.39769,1.39531,1.39558,0,0
2015-06-17,20:00:00,1.39557,1.39774,1.39501,1.39718,0,0
2015-06-17,21:00:00,1.39718,1.39964,1.39544,1.39669,0,0
2015-06-17,22:00:00,1.39669,1.39713,1.39511,1.39614,0,0
2015-06-17,23:00:00,1.39622,1.39697,1.39549,1.39658,0,0
2015-06-17,23:59:00,1.39658,1.39693,1.39586,1.39603,0,0
2015-06-18,01:00:00,1.39598,1.39707,1.39554,1.3957,0,0
2015-06-18,02:00:00,1.39568,1.39616,1.39372,1.39466,0,0
2015-06-18,03:00:00,1.39466,1.39517,1.39337,1.39395,0,0
2015-06-18,04:00:00,1.39389,1.39518,1.39382,1.39495,0,0
2015-06-18,05:00:00,1.39496,1.3956,1.39453,1.39484,0,0
2015-06-18,06:00:00,1.39476,1.39486,1.39387,1.39414,0,0
2015-06-18,07:00:00,1.39412,1.39415,1.39267,1.39304,0,0
2015-06-18,08:00:00,1.39297,1.39409,1.39247,1.39321,0,0
2015-06-18,09:00:00,1.39313,1.39453,1.39221,1.39405,0,0
2015-06-18,10:00:00,1.39401,1.39757,1.39398,1.39642,0,0
2015-06-18,11:00:00,1.39605,1.39741,1.39324,1.39588,0,0
2015-06-18,12:00:00,1.39593,1.39699,1.39397,1.39413,0,0
2015-06-18,13:00:00,1.39414,1.3976,1.39386,1.39543,0,0
2015-06-18,14:00:00,1.39533,1.3968,1.395,1.39558,0,0
2015-06-18,15:00:00,1.39544,1.39665,1.39343,1.39607,0,0
2015-06-18,16:00:00,1.39592,1.39636,1.39358,1.39412,0,0
2015-06-18,17:00:00,1.39409,1.39531,1.39205,1.39264,0,0
2015-06-18,18:00:00,1.39282,1.39328,1.39187,1.39265,0,0
2015-06-18,19:00:00,1.39262,1.39778,1.38872,1.39511,0,0
2015-06-18,20:00:00,1.39522,1.39624,1.39417,1.3956,0,0
2015-06-18,21:00:00,1.39558,1.39627,1.39447,1.39592,0,0
2015-06-18,22:00:00,1.39609,1.39783,1.39592,1.3965,0,0
2015-06-18,23:00:00,1.39654,1.3979,1.39653,1.3979,0,0
2015-06-18,23:59:00,1.39819,1.39819,1.39645,1.39678,0,0
2015-06-19,01:00:00,1.39678,1.39719,1.39386,1.39628,0,0
2015-06-19,02:00:00,1.39628,1.39667,1.39597,1.39637,0,0
2015-06-19,03:00:00,1.39637,1.3969,1.39614,1.39621,0,0
2015-06-19,04:00:00,1.39626,1.39661,1.39592,1.39633,0,0
2015-06-19,05:00:00,1.3964,1.39692,1.39614,1.39692,0,0
2015-06-19,06:00:00,1.3969,1.39717,1.39664,1.39699,0,0
2015-06-19,07:00:00,1.39699,1.39844,1.39698,1.39844,0,0
2015-06-19,08:00:00,1.39846,1.3991,1.39796,1.39843,0,0
2015-06-19,09:00:00,1.39851,1.39989,1.39804,1.39858,0,0
2015-06-19,10:00:00,1.39851,1.40233,1.39834,1.40099,0,0
2015-06-19,11:00:00,1.40091,1.40342,1.40019,1.40133,0,0
2015-06-19,12:00:00,1.40127,1.40191,1.40017,1.40116,0,0
2015-06-19,13:00:00,1.40122,1.40307,1.40102,1.40215,0,0
2015-06-19,14:00:00,1.4021,1.40242,1.40025,1.40137,0,0
2015-06-19,15:00:00,1.40138,1.40267,1.40069,1.40234,0,0
2015-06-19,16:00:00,1.40233,1.40343,1.40037,1.40054,0,0
2015-06-19,17:00:00,1.40062,1.40227,1.39948,1.40186,0,0
2015-06-19,18:00:00,1.40195,1.4025,1.40008,1.40084,0,0
2015-06-19,19:00:00,1.40086,1.40089,1.39906,1.39976,0,0
2015-06-19,20:00:00,1.39934,1.3996,1.39758,1.39809,0,0
2015-06-19,21:00:00,1.39809,1.39902,1.39738,1.39884,0,0
2015-06-19,22:00:00,1.39882,1.39921,1.39802,1.39891,0,0
2015-06-19,23:00:00,1.39891,1.39932,1.39891,1.39924,0,0
2015-06-22,01:00:00,1.39617,1.3977,1.39617,1.39721,0,0
2015-06-22,02:00:00,1.39727,1.39753,1.3964,1.39704,0,0
2015-06-22,03:00:00,1.39704,1.39732,1.39621,1.3966,0,0
2015-06-22,04:00:00,1.39652,1.39677,1.39562,1.39639,0,0
2015-06-22,05:00:00,1.39634,1.3968,1.39614,1.39673,0,0
2015-06-22,06:00:00,1.39674,1.39674,1.39595,1.39612,0,0
2015-06-22,07:00:00,1.39616,1.39624,1.39498,1.39527,0,0
2015-06-22,08:00:00,1.39526,1.39616,1.39475,1.39484,0,0
2015-06-22,09:00:00,1.39482,1.39677,1.39475,1.39601,0,0
2015-06-22,10:00:00,1.39601,1.40043,1.39599,1.40017,0,0
2015-06-22,11:00:00,1.40022,1.40147,1.39893,1.39952,0,0
2015-06-22,12:00:00,1.39936,1.39953,1.39555,1.39572,0,0
2015-06-22,13:00:00,1.39571,1.39642,1.39444,1.39459,0,0
2015-06-22,14:00:00,1.39462,1.39521,1.39275,1.39474,0,0
2015-06-22,15:00:00,1.39488,1.3952,1.39223,1.39324,0,0
2015-06-22,16:00:00,1.39327,1.39441,1.39164,1.39263,0,0
2015-06-22,17:00:00,1.39259,1.39482,1.38737,1.38787,0,0
2015-06-22,18:00:00,1.38785,1.39051,1.3868,1.39037,0,0
2015-06-22,19:00:00,1.39034,1.39394,1.39034,1.39333,0,0
2015-06-22,20:00:00,1.39309,1.39476,1.39268,1.39476,0,0
2015-06-22,21:00:00,1.39474,1.39621,1.39376,1.39621,0,0
2015-06-22,22:00:00,1.39626,1.39707,1.39514,1.39537,0,0
2015-06-22,23:00:00,1.39539,1.39587,1.39485,1.39542,0,0
2015-06-22,23:59:00,1.39535,1.39626,1.39484,1.39544,0,0
2015-06-23,01:00:00,1.39541,1.39572,1.3949,1.39523,0,0
2015-06-23,02:00:00,1.39521,1.39542,1.39479,1.39491,0,0
2015-06-23,03:00:00,1.39501,1.39545,1.39481,1.39538,0,0
2015-06-23,04:00:00,1.39537,1.39624,1.39302,1.39456,0,0
2015-06-23,05:00:00,1.39456,1.40061,1.39364,1.40037,0,0
2015-06-23,06:00:00,1.40044,1.40073,1.39916,1.39991,0,0
2015-06-23,07:00:00,1.40004,1.4002,1.3992,1.39926,0,0
2015-06-23,08:00:00,1.39926,1.40048,1.39889,1.39912,0,0
2015-06-23,09:00:00,1.39908,1.40394,1.39902,1.40309,0,0
2015-06-23,10:00:00,1.40306,1.40381,1.40097,1.40146,0,0
2015-06-23,11:00:00,1.40145,1.40486,1.40082,1.40484,0,0
2015-06-23,12:00:00,1.40508,1.4068,1.40417,1.40625,0,0
2015-06-23,13:00:00,1.40635,1.40679,1.40513,1.40632,0,0
2015-06-23,14:00:00,1.40619,1.40864,1.40581,1.40802,0,0
2015-06-23,15:00:00,1.40809,1.41113,1.40789,1.40978,0,0
2015-06-23,16:00:00,1.40977,1.41223,1.40901,1.41098,0,0
2015-06-23,17:00:00,1.41106,1.41165,1.40552,1.40626,0,0
2015-06-23,18:00:00,1.40626,1.40802,1.40626,1.40754,0,0
2015-06-23,19:00:00,1.40757,1.40855,1.40656,1.407,0,0
2015-06-23,20:00:00,1.40703,1.40818,1.40648,1.40761,0,0
2015-06-23,21:00:00,1.40761,1.40807,1.40671,1.40723,0,0
2015-06-23,22:00:00,1.40722,1.40962,1.40648,1.40904,0,0
2015-06-23,23:00:00,1.4088,1.4088,1.40719,1.4084,0,0
2015-06-23,23:59:00,1.40852,1.40979,1.40828,1.40833,0,0
2015-06-24,01:00:00,1.40841,1.40895,1.40793,1.40802,0,0
2015-06-24,02:00:00,1.40804,1.40889,1.40803,1.40839,0,0
2015-06-24,03:00:00,1.40836,1.40973,1.40785,1.40955,0,0
2015-06-24,04:00:00,1.4096,1.41002,1.4081,1.40887,0,0
2015-06-24,05:00:00,1.40882,1.40888,1.40732,1.40736,0,0
2015-06-24,06:00:00,1.40736,1.40776,1.40726,1.40738,0,0
2015-06-24,07:00:00,1.40736,1.40902,1.40698,1.40853,0,0
2015-06-24,08:00:00,1.40853,1.4088,1.40579,1.40669,0,0
2015-06-24,09:00:00,1.40674,1.41107,1.40599,1.41107,0,0
2015-06-24,10:00:00,1.41103,1.41141,1.40627,1.40645,0,0
2015-06-24,11:00:00,1.4064,1.40863,1.40617,1.40744,0,0
2015-06-24,12:00:00,1.40769,1.4096,1.40581,1.40698,0,0
2015-06-24,13:00:00,1.4071,1.40913,1.40659,1.40664,0,0
2015-06-24,14:00:00,1.40652,1.40799,1.40483,1.40507,0,0
2015-06-24,15:00:00,1.40512,1.40744,1.40386,1.40715,0,0
2015-06-24,16:00:00,1.40713,1.40915,1.40669,1.4075,0,0
2015-06-24,17:00:00,1.40742,1.40766,1.40514,1.40514,0,0
2015-06-24,18:00:00,1.4054,1.40593,1.40161,1.40289,0,0
2015-06-24,19:00:00,1.40278,1.40335,1.4013,1.40221,0,0
2015-06-24,20:00:00,1.40221,1.40272,1.3997,1.40066,0,0
2015-06-24,21:00:00,1.40068,1.4016,1.4002,1.40117,0,0
2015-06-24,22:00:00,1.40102,1.40197,1.40029,1.40193,0,0
2015-06-24,23:00:00,1.40199,1.40213,1.40106,1.40159,0,0
2015-06-24,23:59:00,1.40165,1.40227,1.40097,1.40179,0,0
2015-06-25,01:00:00,1.40177,1.40242,1.40145,1.40176,0,0
2015-06-25,02:00:00,1.40176,1.40237,1.40146,1.40146,0,0
2015-06-25,03:00:00,1.40149,1.40169,1.40078,1.40105,0,0
2015-06-25,04:00:00,1.40104,1.40118,1.40065,1.40086,0,0
2015-06-25,05:00:00,1.40083,1.40109,1.39979,1.39979,0,0
2015-06-25,06:00:00,1.39978,1.39996,1.39895,1.39985,0,0
2015-06-25,07:00:00,1.39983,1.40059,1.3993,1.40037,0,0
2015-06-25,08:00:00,1.40038,1.40118,1.39997,1.40016,0,0
2015-06-25,09:00:00,1.40038,1.40318,1.3992,1.40246,0,0
2015-06-25,10:00:00,1.40246,1.40259,1.40086,1.40193,0,0
2015-06-25,11:00:00,1.40186,1.40306,1.40092,1.40284,0,0
2015-06-25,12:00:00,1.40282,1.40611,1.40179,1.40465,0,0
2015-06-25,13:00:00,1.40472,1.40488,1.401,1.4031,0,0
2015-06-25,14:00:00,1.40303,1.40439,1.40149,1.40399,0,0
2015-06-25,15:00:00,1.4041,1.40537,1.40283,1.40533,0,0
2015-06-25,16:00:00,1.4054,1.4083,1.4044,1.40647,0,0
2015-06-25,17:00:00,1.40661,1.40822,1.40457,1.40491,0,0
2015-06-25,18:00:00,1.405,1.4064,1.40428,1.40482,0,0
2015-06-25,19:00:00,1.40483,1.40499,1.40398,1.40436,0,0
2015-06-25,20:00:00,1.40434,1.40546,1.40414,1.40514,0,0
2015-06-25,21:00:00,1.40516,1.40535,1.40434,1.40458,0,0
2015-06-25,22:00:00,1.40452,1.40509,1.40403,1.40453,0,0
2015-06-25,23:00:00,1.40445,1.40553,1.40441,1.40538,0,0
2015-06-25,23:59:00,1.40555,1.40603,1.40516,1.40543,0,0
2015-06-26,01:00:00,1.40535,1.40602,1.40516,1.40597,0,0
2015-06-26,02:00:00,1.40595,1.40598,1.40518,1.40547,0,0
2015-06-26,03:00:00,1.40543,1.4071,1.40535,1.40672,0,0
2015-06-26,04:00:00,1.40674,1.40753,1.40638,1.40675,0,0
2015-06-26,05:00:00,1.40675,1.40816,1.40675,1.40738,0,0
2015-06-26,06:00:00,1.40734,1.40801,1.40727,1.40775,0,0
2015-06-26,07:00:00,1.40767,1.40772,1.40652,1.40673,0,0
2015-06-26,08:00:00,1.40673,1.40733,1.40627,1.40666,0,0
2015-06-26,09:00:00,1.40669,1.40716,1.40491,1.40559,0,0
2015-06-26,10:00:00,1.40545,1.40625,1.40413,1.4058,0,0
2015-06-26,11:00:00,1.40591,1.40644,1.40386,1.40584,0,0
2015-06-26,12:00:00,1.40579,1.4064,1.40424,1.40636,0,0
2015-06-26,13:00:00,1.40635,1.40635,1.40406,1.40515,0,0
2015-06-26,14:00:00,1.4051,1.40541,1.40321,1.40442,0,0
2015-06-26,15:00:00,1.40431,1.40696,1.40359,1.40634,0,0
2015-06-26,16:00:00,1.40633,1.4086,1.40633,1.40827,0,0
2015-06-26,17:00:00,1.40827,1.41229,1.40615,1.41218,0,0
2015-06-26,18:00:00,1.41222,1.41344,1.41049,1.4108,0,0
2015-06-26,19:00:00,1.41081,1.41246,1.41045,1.41047,0,0
2015-06-26,20:00:00,1.41058,1.41127,1.4095,1.4103,0,0
2015-06-26,21:00:00,1.4103,1.4103,1.40877,1.40985,0,0
2015-06-26,22:00:00,1.40978,1.40978,1.40867,1.40951,0,0
2015-06-26,23:00:00,1.4095,1.4095,1.40916,1.40925,0,0
2015-06-29,01:00:00,1.4282,1.43158,1.42523,1.42937,0,0
2015-06-29,02:00:00,1.42936,1.43066,1.42802,1.42963,0,0
2015-06-29,03:00:00,1.42958,1.42984,1.42397,1.42544,0,0
2015-06-29,04:00:00,1.42544,1.42834,1.42508,1.42702,0,0
2015-06-29,05:00:00,1.42711,1.42742,1.42585,1.42696,0,0
2015-06-29,06:00:00,1.42699,1.42756,1.42618,1.42691,0,0
2015-06-29,07:00:00,1.42691,1.42744,1.42639,1.42657,0,0
2015-06-29,08:00:00,1.42645,1.42992,1.42439,1.42682,0,0
2015-06-29,09:00:00,1.42685,1.42685,1.41464,1.41532,0,0
2015-06-29,10:00:00,1.41542,1.42054,1.41502,1.418,0,0
2015-06-29,11:00:00,1.41807,1.41917,1.412,1.41234,0,0
2015-06-29,12:00:00,1.41233,1.41703,1.41233,1.41475,0,0
2015-06-29,13:00:00,1.41473,1.41598,1.40972,1.4109,0,0
2015-06-29,14:00:00,1.41081,1.41509,1.4106,1.41325,0,0
2015-06-29,15:00:00,1.41331,1.41508,1.41109,1.41439,0,0
2015-06-29,16:00:00,1.4143,1.4163,1.41307,1.41398,0,0
2015-06-29,17:00:00,1.41372,1.41393,1.40947,1.41218,0,0
2015-06-29,18:00:00,1.4119,1.41235,1.40913,1.40987,0,0
2015-06-29,19:00:00,1.40991,1.4111,1.40191,1.40375,0,0
2015-06-29,20:00:00,1.40369,1.40483,1.39543,1.40098,0,0
2015-06-29,21:00:00,1.40092,1.40133,1.39697,1.39846,0,0
2015-06-29,22:00:00,1.39869,1.4007,1.39857,1.3993,0,0
2015-06-29,23:00:00,1.39911,1.40072,1.39818,1.40072,0,0
2015-06-29,23:59:00,1.40068,1.40094,1.39976,1.40083,0,0
2015-06-30,01:00:00,1.40091,1.40273,1.40048,1.40246,0,0
2015-06-30,02:00:00,1.4024,1.40289,1.40137,1.40186,0,0
2015-06-30,03:00:00,1.40186,1.40484,1.40186,1.40457,0,0
2015-06-30,04:00:00,1.40455,1.40544,1.40404,1.40526,0,0
2015-06-30,05:00:00,1.40522,1.40633,1.40435,1.40607,0,0
2015-06-30,06:00:00,1.40603,1.40603,1.40475,1.40488,0,0
2015-06-30,07:00:00,1.40545,1.40576,1.40488,1.40522,0,0
2015-06-30,08:00:00,1.4052,1.40601,1.40413,1.4059,0,0
2015-06-30,09:00:00,1.40571,1.40749,1.40458,1.40635,0,0
2015-06-30,10:00:00,1.40636,1.40713,1.40421,1.40638,0,0
2015-06-30,11:00:00,1.40638,1.41189,1.40632,1.41094,0,0
2015-06-30,12:00:00,1.41084,1.41162,1.40583,1.40612,0,0
2015-06-30,13:00:00,1.40605,1.40668,1.40326,1.40548,0,0
2015-06-30,14:00:00,1.40527,1.40668,1.40469,1.40667,0,0
2015-06-30,15:00:00,1.40671,1.40671,1.40412,1.40525,0,0
2015-06-30,16:00:00,1.40525,1.4076,1.40315,1.40646,0,0
2015-06-30,17:00:00,1.40666,1.41172,1.40607,1.41172,0,0
2015-06-30,18:00:00,1.41172,1.41322,1.40977,1.41,0,0
2015-06-30,19:00:00,1.41008,1.41121,1.40912,1.40995,0,0
2015-06-30,20:00:00,1.40995,1.41248,1.40989,1.41128,0,0
2015-06-30,21:00:00,1.4115,1.41271,1.41087,1.41168,0,0
2015-06-30,22:00:00,1.41157,1.41185,1.40915,1.40928,0,0
2015-06-30,23:00:00,1.40941,1.41141,1.40935,1.41014,0,0
2015-06-30,23:59:00,1.40897,1.41082,1.40875,1.41007,0,0
2015-07-01,01:00:00,1.41007,1.41028,1.40866,1.40908,0,0
2015-07-01,02:00:00,1.40908,1.40989,1.40864,1.40886,0,0
2015-07-01,03:00:00,1.40886,1.41047,1.40813,1.40989,0,0
2015-07-01,04:00:00,1.40974,1.41002,1.40879,1.40884,0,0
2015-07-01,05:00:00,1.40887,1.41002,1.40879,1.40947,0,0
2015-07-01,06:00:00,1.40938,1.4096,1.40877,1.40916,0,0
2015-07-01,07:00:00,1.40916,1.41001,1.40916,1.40961,0,0
2015-07-01,08:00:00,1.4096,1.41064,1.40924,1.41042,0,0
2015-07-01,09:00:00,1.41037,1.41226,1.41,1.41119,0,0
2015-07-01,10:00:00,1.41136,1.41487,1.41039,1.41373,0,0
2015-07-01,11:00:00,1.41398,1.41569,1.40479,1.40517,0,0
2015-07-01,12:00:00,1.40513,1.40804,1.40291,1.40773,0,0
2015-07-01,13:00:00,1.40777,1.41001,1.40677,1.40947,0,0
2015-07-01,14:00:00,1.4095,1.41052,1.40863,1.40998,0,0
2015-07-01,15:00:00,1.40993,1.41182,1.40876,1.41022,0,0
2015-07-01,16:00:00,1.41026,1.41281,1.40934,1.41191,0,0
2015-07-01,17:00:00,1.41185,1.41286,1.40726,1.40727,0,0
2015-07-01,18:00:00,1.40717,1.41032,1.40717,1.40899,0,0
2015-07-01,19:00:00,1.40899,1.41027,1.40845,1.4102,0,0
2015-07-01,20:00:00,1.41006,1.41148,1.4098,1.41036,0,0
2015-07-01,21:00:00,1.41016,1.4122,1.4101,1.41215,0,0
2015-07-01,22:00:00,1.41218,1.41315,1.41194,1.41315,0,0
2015-07-01,23:00:00,1.41311,1.41346,1.41231,1.41303,0,0
2015-07-01,23:59:00,1.41299,1.4131,1.41238,1.41276,0,0
2015-07-02,01:00:00,1.41276,1.41365,1.41241,1.41322,0,0
2015-07-02,02:00:00,1.41329,1.41423,1.41312,1.41372,0,0
2015-07-02,03:00:00,1.41377,1.41389,1.41275,1.41295,0,0
2015-07-02,04:00:00,1.41305,1.41319,1.41159,1.41183,0,0
2015-07-02,05:00:00,1.41183,1.41219,1.40938,1.4101,0,0
2015-07-02,06:00:00,1.4101,1.41042,1.40971,1.41021,0,0
2015-07-02,07:00:00,1.41021,1.41061,1.40988,1.41032,0,0
2015-07-02,08:00:00,1.41016,1.4109,1.40986,1.41029,0,0
2015-07-02,09:00:00,1.41016,1.41131,1.40757,1.40884,0,0
2015-07-02,10:00:00,1.40866,1.41069,1.40841,1.40966,0,0
2015-07-02,11:00:00,1.40958,1.41105,1.40834,1.40873,0,0
2015-07-02,12:00:00,1.40871,1.41,1.40853,1.40931,0,0
2015-07-02,13:00:00,1.40936,1.41037,1.40804,1.40859,0,0
2015-07-02,14:00:00,1.4086,1.40916,1.40632,1.40712,0,0
2015-07-02,15:00:00,1.4071,1.40893,1.40589,1.40732,0,0
2015-07-02,16:00:00,1.40729,1.40926,1.40654,1.40846,0,0
2015-07-02,17:00:00,1.40841,1.4087,1.40546,1.40546,0,0
2015-07-02,18:00:00,1.40517,1.40791,1.40471,1.40791,0,0
2015-07-02,19:00:00,1.40787,1.40792,1.40685,1.40685,0,0
2015-07-02,20:00:00,1.40683,1.40812,1.40656,1.40768,0,0
2015-07-02,21:00:00,1.40763,1.40825,1.40729,1.40729,0,0
2015-07-02,22:00:00,1.40729,1.40791,1.40679,1.40748,0,0
2015-07-02,23:00:00,1.40775,1.40847,1.40761,1.40818,0,0
2015-07-02,23:59:00,1.4081,1.40866,1.40766,1.4077,0,0
2015-07-03,01:00:00,1.4077,1.40848,1.40725,1.4075,0,0
2015-07-03,02:00:00,1.40749,1.40811,1.40749,1.40805,0,0
2015-07-03,03:00:00,1.40799,1.40837,1.40717,1.40821,0,0
2015-07-03,04:00:00,1.40821,1.40834,1.40751,1.40768,0,0
2015-07-03,05:00:00,1.4077,1.40783,1.40701,1.40742,0,0
2015-07-03,06:00:00,1.40742,1.40748,1.40689,1.40735,0,0
2015-07-03,07:00:00,1.40733,1.40746,1.40665,1.40711,0,0
2015-07-03,08:00:00,1.40694,1.40766,1.4066,1.40759,0,0
2015-07-03,09:00:00,1.40755,1.40796,1.40619,1.40703,0,0
2015-07-03,10:00:00,1.40692,1.40736,1.40562,1.40583,0,0
2015-07-03,11:00:00,1.40597,1.40745,1.40481,1.40715,0,0
2015-07-03,12:00:00,1.40691,1.40734,1.40597,1.40676,0,0
2015-07-03,13:00:00,1.40664,1.40794,1.40653,1.40754,0,0
2015-07-03,14:00:00,1.40747,1.40873,1.40733,1.40831,0,0
2015-07-03,15:00:00,1.40829,1.40907,1.40755,1.40823,0,0
2015-07-03,16:00:00,1.40819,1.40831,1.40576,1.40644,0,0
2015-07-03,17:00:00,1.40633,1.40718,1.40534,1.40566,0,0
2015-07-03,18:00:00,1.40563,1.40593,1.40204,1.40345,0,0
2015-07-03,19:00:00,1.40343,1.40723,1.40205,1.40714,0,0
2015-07-03,20:00:00,1.40736,1.40736,1.40274,1.4039,0,0
2015-07-03,21:00:00,1.40397,1.40488,1.40352,1.40481,0,0
2015-07-03,22:00:00,1.4047,1.40501,1.40274,1.40324,0,0
2015-07-03,23:00:00,1.40324,1.40336,1.40323,1.40333,0,0
2015-07-06,01:00:00,1.4135,1.41556,1.41017,1.41194,0,0
2015-07-06,02:00:00,1.41197,1.4147,1.41035,1.41434,0,0
2015-07-06,03:00:00,1.41434,1.41464,1.41082,1.4112,0,0
2015-07-06,04:00:00,1.41124,1.41124,1.40806,1.4091,0,0
2015-07-06,05:00:00,1.40914,1.41002,1.40821,1.40871,0,0
2015-07-06,06:00:00,1.40878,1.41021,1.40876,1.40961,0,0
2015-07-06,07:00:00,1.40949,1.41097,1.40885,1.41048,0,0
2015-07-06,08:00:00,1.41048,1.41269,1.40638,1.40843,0,0
2015-07-06,09:00:00,1.40826,1.41093,1.40637,1.4068,0,0
2015-07-06,10:00:00,1.40687,1.40742,1.40423,1.40496,0,0
2015-07-06,11:00:00,1.40516,1.40711,1.40412,1.40674,0,0
2015-07-06,12:00:00,1.40665,1.40898,1.40599,1.40874,0,0
2015-07-06,13:00:00,1.40874,1.41076,1.40804,1.41037,0,0
2015-07-06,14:00:00,1.41028,1.41249,1.40959,1.41243,0,0
2015-07-06,15:00:00,1.41233,1.41308,1.40927,1.40957,0,0
2015-07-06,16:00:00,1.4096,1.41065,1.40894,1.40957,0,0
2015-07-06,17:00:00,1.40909,1.4105,1.40699,1.40882,0,0
2015-07-06,18:00:00,1.4087,1.41049,1.40837,1.41028,0,0
2015-07-06,19:00:00,1.41029,1.41077,1.40886,1.41052,0,0
2015-07-06,20:00:00,1.41048,1.41151,1.40918,1.41052,0,0
2015-07-06,21:00:00,1.41061,1.41354,1.41061,1.41255,0,0
2015-07-06,22:00:00,1.41253,1.41254,1.41155,1.41172,0,0
2015-07-06,23:00:00,1.41152,1.41198,1.41091,1.41145,0,0
2015-07-06,23:59:00,1.41146,1.4118,1.41111,1.41135,0,0
2015-07-07,01:00:00,1.41144,1.41167,1.41103,1.41149,0,0
2015-07-07,02:00:00,1.41149,1.41209,1.41136,1.41195,0,0
2015-07-07,03:00:00,1.41198,1.41294,1.41115,1.4117,0,0
2015-07-07,04:00:00,1.4117,1.41304,1.4115,1.41253,0,0
2015-07-07,05:00:00,1.41257,1.41305,1.41213,1.41305,0,0
2015-07-07,06:00:00,1.41303,1.41365,1.41285,1.41305,0,0
2015-07-07,07:00:00,1.41303,1.41364,1.41282,1.4132,0,0
2015-07-07,08:00:00,1.41317,1.41355,1.41284,1.41331,0,0
2015-07-07,09:00:00,1.41332,1.41406,1.41076,1.41173,0,0
2015-07-07,10:00:00,1.41183,1.41281,1.41037,1.4123,0,0
2015-07-07,11:00:00,1.41239,1.4158,1.41215,1.41426,0,0
2015-07-07,12:00:00,1.41409,1.41502,1.41004,1.41054,0,0
2015-07-07,13:00:00,1.41055,1.41135,1.40712,1.4072,0,0
2015-07-07,14:00:00,1.40736,1.41042,1.407,1.40968,0,0
2015-07-07,15:00:00,1.40972,1.41417,1.40951,1.41207,0,0
2015-07-07,16:00:00,1.41209,1.41282,1.40934,1.40984,0,0
2015-07-07,17:00:00,1.41006,1.41174,1.40938,1.41024,0,0
2015-07-07,18:00:00,1.40989,1.41117,1.4081,1.41047,0,0
2015-07-07,19:00:00,1.41048,1.41048,1.4074,1.41018,0,0
2015-07-07,20:00:00,1.41006,1.41009,1.40771,1.40861,0,0
2015-07-07,21:00:00,1.40846,1.40904,1.40692,1.40701,0,0
2015-07-07,22:00:00,1.40693,1.40724,1.40085,1.40372,0,0
2015-07-07,23:00:00,1.40363,1.40589,1.40308,1.40423,0,0
2015-07-07,23:59:00,1.40412,1.40661,1.40412,1.40556,0,0
2015-07-08,01:00:00,1.40545,1.40641,1.40484,1.40484,0,0
2015-07-08,02:00:00,1.40484,1.40528,1.40392,1.40459,0,0
2015-07-08,03:00:00,1.40461,1.40567,1.40444,1.40515,0,0
2015-07-08,04:00:00,1.4052,1.40605,1.40424,1.40473,0,0
2015-07-08,05:00:00,1.40482,1.40537,1.40413,1.4051,0,0
2015-07-08,06:00:00,1.40512,1.40521,1.40339,1.4043,0,0
2015-07-08,07:00:00,1.4043,1.40431,1.4019,1.40238,0,0
2015-07-08,08:00:00,1.40238,1.40466,1.40174,1.40452,0,0
2015-07-08,09:00:00,1.4042,1.40476,1.4004,1.40074,0,0
2015-07-08,10:00:00,1.40075,1.40102,1.39532,1.39684,0,0
2015-07-08,11:00:00,1.3966,1.39848,1.39494,1.39523,0,0
2015-07-08,12:00:00,1.39516,1.39577,1.39311,1.39525,0,0
2015-07-08,13:00:00,1.39528,1.39612,1.39089,1.39523,0,0
2015-07-08,14:00:00,1.3951,1.39647,1.39401,1.3947,0,0
2015-07-08,15:00:00,1.39485,1.39527,1.39171,1.39248,0,0
2015-07-08,16:00:00,1.39242,1.39368,1.38854,1.39176,0,0
2015-07-08,17:00:00,1.3918,1.39315,1.38733,1.38733,0,0
2015-07-08,18:00:00,1.38759,1.38795,1.38429,1.38663,0,0
2015-07-08,19:00:00,1.38669,1.38816,1.38504,1.38799,0,0
2015-07-08,20:00:00,1.38787,1.38875,1.38715,1.38829,0,0
2015-07-08,21:00:00,1.38823,1.38903,1.38721,1.3882,0,0
2015-07-08,22:00:00,1.38824,1.38865,1.38746,1.38766,0,0
2015-07-08,23:00:00,1.38753,1.38801,1.38668,1.38679,0,0
2015-07-08,23:59:00,1.38696,1.3877,1.38659,1.38751,0,0
2015-07-09,01:00:00,1.38755,1.38846,1.38734,1.3878,0,0
2015-07-09,02:00:00,1.3878,1.38857,1.38747,1.38799,0,0
2015-07-09,03:00:00,1.38799,1.38868,1.387,1.38848,0,0
2015-07-09,04:00:00,1.3885,1.38861,1.38702,1.38755,0,0
2015-07-09,05:00:00,1.38767,1.38948,1.38737,1.38877,0,0
2015-07-09,06:00:00,1.38876,1.38932,1.38766,1.38794,0,0
2015-07-09,07:00:00,1.38796,1.38895,1.38768,1.38875,0,0
2015-07-09,08:00:00,1.38875,1.38909,1.38453,1.38764,0,0
2015-07-09,09:00:00,1.38767,1.38907,1.38571,1.38747,0,0
2015-07-09,10:00:00,1.38766,1.39426,1.38701,1.39394,0,0
2015-07-09,11:00:00,1.39405,1.39496,1.39303,1.39316,0,0
2015-07-09,12:00:00,1.3932,1.39603,1.39274,1.39507,0,0
2015-07-09,13:00:00,1.39517,1.3955,1.39243,1.39369,0,0
2015-07-09,14:00:00,1.39319,1.39348,1.39123,1.39251,0,0
2015-07-09,15:00:00,1.39251,1.39488,1.39227,1.39414,0,0
2015-07-09,16:00:00,1.39418,1.39489,1.39149,1.39258,0,0
2015-07-09,17:00:00,1.39247,1.39554,1.39199,1.39298,0,0
2015-07-09,18:00:00,1.39308,1.39564,1.3926,1.39455,0,0
2015-07-09,19:00:00,1.39466,1.39549,1.39383,1.39528,0,0
2015-07-09,20:00:00,1.39545,1.39637,1.39399,1.39524,0,0
2015-07-09,21:00:00,1.39536,1.39577,1.39408,1.39492,0,0
2015-07-09,22:00:00,1.39496,1.39584,1.39367,1.39479,0,0
2015-07-09,23:00:00,1.39489,1.39506,1.39322,1.39368,0,0
2015-07-09,23:59:00,1.3936,1.39425,1.39222,1.39227,0,0
2015-07-10,01:00:00,1.39213,1.39222,1.38743,1.38876,0,0
2015-07-10,02:00:00,1.38876,1.39045,1.38856,1.38965,0,0
2015-07-10,03:00:00,1.38965,1.3903,1.38784,1.38816,0,0
2015-07-10,04:00:00,1.38821,1.3888,1.38726,1.388,0,0
2015-07-10,05:00:00,1.38797,1.38824,1.38709,1.38717,0,0
2015-07-10,06:00:00,1.38713,1.38845,1.38694,1.38745,0,0
2015-07-10,07:00:00,1.38746,1.38805,1.38692,1.38778,0,0
2015-07-10,08:00:00,1.38779,1.388,1.38443,1.38631,0,0
2015-07-10,09:00:00,1.3862,1.38871,1.38426,1.38847,0,0
2015-07-10,10:00:00,1.38819,1.39057,1.38711,1.38981,0,0
2015-07-10,11:00:00,1.38989,1.39149,1.389,1.39075,0,0
2015-07-10,12:00:00,1.39069,1.39139,1.38618,1.38759,0,0
2015-07-10,13:00:00,1.38738,1.38808,1.386,1.38686,0,0
2015-07-10,14:00:00,1.38686,1.38968,1.38591,1.38737,0,0
2015-07-10,15:00:00,1.38734,1.38877,1.38566,1.38641,0,0
2015-07-10,16:00:00,1.38637,1.38863,1.38527,1.3878,0,0
2015-07-10,17:00:00,1.38772,1.3891,1.387,1.38813,0,0
2015-07-10,18:00:00,1.38805,1.3903,1.38756,1.39016,0,0
2015-07-10,19:00:00,1.39037,1.39135,1.38792,1.39114,0,0
2015-07-10,20:00:00,1.3912,1.3918,1.38949,1.39151,0,0
2015-07-10,21:00:00,1.39134,1.39336,1.39126,1.39316,0,0
2015-07-10,22:00:00,1.39318,1.39377,1.39177,1.39189,0,0
2015-07-10,23:00:00,1.39203,1.39203,1.39161,1.39184,0,0
2015-07-13,01:00:00,1.39359,1.39427,1.39175,1.39398,0,0
2015-07-13,02:00:00,1.39398,1.39433,1.39236,1.39394,0,0
2015-07-13,03:00:00,1.39389,1.39392,1.39171,1.39268,0,0
2015-07-13,04:00:00,1.39268,1.39481,1.39255,1.39317,0,0
2015-07-13,05:00:00,1.39318,1.39359,1.39205,1.39355,0,0
2015-07-13,06:00:00,1.39355,1.395,1.39176,1.39223,0,0
2015-07-13,07:00:00,1.39223,1.39236,1.39131,1.39195,0,0
2015-07-13,08:00:00,1.39195,1.39251,1.39121,1.39251,0,0
2015-07-13,09:00:00,1.39245,1.39399,1.3885,1.38977,0,0
2015-07-13,10:00:00,1.38977,1.39878,1.38977,1.39781,0,0
2015-07-13,11:00:00,1.39802,1.40377,1.39802,1.40315,0,0
2015-07-13,12:00:00,1.40359,1.40706,1.40138,1.40559,0,0
2015-07-13,13:00:00,1.40549,1.40702,1.40523,1.40585,0,0
2015-07-13,14:00:00,1.40594,1.40594,1.4036,1.40396,0,0
2015-07-13,15:00:00,1.40394,1.40656,1.40345,1.4042,0,0
2015-07-13,16:00:00,1.40422,1.4074,1.40422,1.40643,0,0
2015-07-13,17:00:00,1.40605,1.41073,1.40576,1.4105,0,0
2015-07-13,18:00:00,1.41021,1.4109,1.40712,1.40811,0,0
2015-07-13,19:00:00,1.40809,1.40864,1.40591,1.4074,0,0
2015-07-13,20:00:00,1.40746,1.40845,1.40635,1.40723,0,0
2015-07-13,21:00:00,1.40734,1.40807,1.40636,1.40795,0,0
2015-07-13,22:00:00,1.40793,1.40836,1.40675,1.40836,0,0
2015-07-13,23:00:00,1.40834,1.40834,1.40672,1.4077,0,0
2015-07-13,23:59:00,1.40762,1.40826,1.407,1.40738,0,0
2015-07-14,01:00:00,1.40729,1.40763,1.40686,1.40714,0,0
2015-07-14,02:00:00,1.40714,1.4097,1.40704,1.40935,0,0
2015-07-14,03:00:00,1.40923,1.40999,1.40858,1.40869,0,0
2015-07-14,04:00:00,1.4087,1.4089,1.40758,1.40765,0,0
2015-07-14,05:00:00,1.40767,1.40805,1.40677,1.40717,0,0
2015-07-14,06:00:00,1.4072,1.40771,1.40659,1.40672,0,0
2015-07-14,07:00:00,1.40672,1.40756,1.40672,1.40706,0,0
2015-07-14,08:00:00,1.40712,1.40767,1.40564,1.40763,0,0
2015-07-14,09:00:00,1.40765,1.4099,1.40605,1.40843,0,0
2015-07-14,10:00:00,1.40844,1.40903,1.40566,1.40661,0,0
2015-07-14,11:00:00,1.40659,1.40659,1.40106,1.40234,0,0
2015-07-14,12:00:00,1.40249,1.41344,1.40214,1.41224,0,0
2015-07-14,13:00:00,1.41211,1.41451,1.41079,1.41325,0,0
2015-07-14,14:00:00,1.41291,1.41407,1.41179,1.41246,0,0
2015-07-14,15:00:00,1.41248,1.4125,1.40977,1.41166,0,0
2015-07-14,16:00:00,1.41162,1.41263,1.40983,1.41177,0,0
2015-07-14,17:00:00,1.41172,1.41572,1.41107,1.41547,0,0
2015-07-14,18:00:00,1.41559,1.41574,1.41396,1.41468,0,0
2015-07-14,19:00:00,1.41471,1.41609,1.41471,1.41545,0,0
2015-07-14,20:00:00,1.41545,1.42024,1.41517,1.42024,0,0
2015-07-14,21:00:00,1.42045,1.42088,1.41911,1.41988,0,0
2015-07-14,22:00:00,1.41996,1.42101,1.41939,1.4208,0,0
2015-07-14,23:00:00,1.4208,1.42109,1.42009,1.42043,0,0
2015-07-14,23:59:00,1.42031,1.42061,1.42003,1.42011,0,0
2015-07-15,01:00:00,1.42011,1.42049,1.41939,1.41965,0,0
2015-07-15,02:00:00,1.41965,1.42058,1.41954,1.4205,0,0
2015-07-15,03:00:00,1.4205,1.42293,1.4205,1.42273,0,0
2015-07-15,04:00:00,1.42276,1.42333,1.42178,1.42213,0,0
2015-07-15,05:00:00,1.42195,1.42286,1.4217,1.42253,0,0
2015-07-15,06:00:00,1.42251,1.42288,1.42109,1.42158,0,0
2015-07-15,07:00:00,1.42158,1.42235,1.42146,1.42201,0,0
2015-07-15,08:00:00,1.42204,1.42341,1.42184,1.42289,0,0
2015-07-15,09:00:00,1.42281,1.42388,1.41963,1.42372,0,0
2015-07-15,10:00:00,1.4239,1.42415,1.42055,1.42126,0,0
2015-07-15,11:00:00,1.42119,1.42127,1.41475,1.4184,0,0
2015-07-15,12:00:00,1.41835,1.41921,1.41505,1.41707,0,0
2015-07-15,13:00:00,1.41707,1.41936,1.41675,1.41861,0,0
2015-07-15,14:00:00,1.41862,1.42075,1.41713,1.41962,0,0
2015-07-15,15:00:00,1.41964,1.42305,1.41891,1.42222,0,0
2015-07-15,16:00:00,1.42217,1.42362,1.42154,1.42239,0,0
2015-07-15,17:00:00,1.42244,1.42497,1.4215,1.42493,0,0
2015-07-15,18:00:00,1.42493,1.42583,1.42432,1.42476,0,0
2015-07-15,19:00:00,1.42471,1.4286,1.42393,1.42751,0,0
2015-07-15,20:00:00,1.42742,1.43005,1.42734,1.42904,0,0
2015-07-15,21:00:00,1.42905,1.42931,1.42735,1.42768,0,0
2015-07-15,22:00:00,1.42765,1.42845,1.42733,1.42795,0,0
2015-07-15,23:00:00,1.428,1.42908,1.4277,1.42825,0,0
2015-07-15,23:59:00,1.42834,1.42875,1.42758,1.42828,0,0
2015-07-16,01:00:00,1.42832,1.42908,1.42687,1.42693,0,0
2015-07-16,02:00:00,1.42684,1.42909,1.42636,1.42875,0,0
2015-07-16,03:00:00,1.42869,1.42984,1.42839,1.42931,0,0
2015-07-16,04:00:00,1.42931,1.43067,1.42896,1.43038,0,0
2015-07-16,05:00:00,1.43038,1.43046,1.42952,1.42956,0,0
2015-07-16,06:00:00,1.42952,1.42972,1.4287,1.42913,0,0
2015-07-16,07:00:00,1.42915,1.42977,1.42853,1.42936,0,0
2015-07-16,08:00:00,1.42931,1.43065,1.42865,1.42965,0,0
2015-07-16,09:00:00,1.42959,1.43026,1.42824,1.42952,0,0
2015-07-16,10:00:00,1.42968,1.43473,1.42861,1.43298,0,0
2015-07-16,11:00:00,1.43303,1.43308,1.43054,1.43199,0,0
2015-07-16,12:00:00,1.43221,1.43364,1.43137,1.43207,0,0
2015-07-16,13:00:00,1.43206,1.43493,1.4319,1.43413,0,0
2015-07-16,14:00:00,1.43413,1.43453,1.43014,1.43163,0,0
2015-07-16,15:00:00,1.4317,1.43591,1.43057,1.43573,0,0
2015-07-16,16:00:00,1.43574,1.43611,1.43002,1.4303,0,0
2015-07-16,17:00:00,1.43059,1.43099,1.42912,1.42951,0,0
2015-07-16,18:00:00,1.42935,1.43203,1.42935,1.43143,0,0
2015-07-16,19:00:00,1.43154,1.43561,1.43141,1.4351,0,0
2015-07-16,20:00:00,1.43511,1.43578,1.43349,1.43463,0,0
2015-07-16,21:00:00,1.43467,1.43638,1.43441,1.43524,0,0
2015-07-16,22:00:00,1.43537,1.43553,1.43484,1.43506,0,0
2015-07-16,23:00:00,1.43509,1.43564,1.43474,1.43544,0,0
2015-07-16,23:59:00,1.43544,1.43544,1.43468,1.43484,0,0
2015-07-17,01:00:00,1.43484,1.43553,1.43433,1.43462,0,0
2015-07-17,02:00:00,1.43455,1.43484,1.4339,1.43442,0,0
2015-07-17,03:00:00,1.4345,1.43489,1.4341,1.43435,0,0
2015-07-17,04:00:00,1.43437,1.43467,1.43357,1.43402,0,0
2015-07-17,05:00:00,1.43404,1.43577,1.43392,1.43478,0,0
2015-07-17,06:00:00,1.43479,1.43479,1.4338,1.43389,0,0
2015-07-17,07:00:00,1.43389,1.43489,1.43376,1.43489,0,0
2015-07-17,08:00:00,1.43489,1.43705,1.43447,1.43635,0,0
2015-07-17,09:00:00,1.43628,1.44002,1.43596,1.43899,0,0
2015-07-17,10:00:00,1.43905,1.43965,1.43604,1.4387,0,0
2015-07-17,11:00:00,1.43854,1.43896,1.43577,1.43678,0,0
2015-07-17,12:00:00,1.43671,1.43773,1.43467,1.43587,0,0
2015-07-17,13:00:00,1.43599,1.43663,1.43403,1.43403,0,0
2015-07-17,14:00:00,1.43379,1.43503,1.43282,1.43282,0,0
2015-07-17,15:00:00,1.43282,1.43418,1.43073,1.4341,0,0
2015-07-17,16:00:00,1.43419,1.43493,1.43336,1.43463,0,0
2015-07-17,17:00:00,1.43447,1.44151,1.43407,1.44019,0,0
2015-07-17,18:00:00,1.44012,1.44106,1.43933,1.44012,0,0
2015-07-17,19:00:00,1.44019,1.44167,1.43943,1.43943,0,0
2015-07-17,20:00:00,1.43941,1.4401,1.43827,1.43865,0,0
2015-07-17,21:00:00,1.43865,1.43929,1.4382,1.43929,0,0
2015-07-17,22:00:00,1.43925,1.43936,1.43863,1.43905,0,0
2015-07-17,23:00:00,1.43907,1.4391,1.43904,1.43906,0,0
2015-07-20,01:00:00,1.44049,1.44051,1.43948,1.43981,0,0
2015-07-20,02:00:00,1.43992,1.44099,1.43982,1.44078,0,0
2015-07-20,03:00:00,1.44078,1.44134,1.44035,1.44073,0,0
2015-07-20,04:00:00,1.44073,1.44108,1.43986,1.44042,0,0
2015-07-20,05:00:00,1.44062,1.44094,1.43977,1.43986,0,0
2015-07-20,06:00:00,1.43988,1.44085,1.43983,1.44072,0,0
2015-07-20,07:00:00,1.44072,1.44074,1.43969,1.4401,0,0
2015-07-20,08:00:00,1.44011,1.44074,1.43987,1.44018,0,0
2015-07-20,09:00:00,1.44007,1.44083,1.43862,1.44061,0,0
2015-07-20,10:00:00,1.44044,1.44058,1.43636,1.43648,0,0
2015-07-20,11:00:00,1.43658,1.43695,1.43494,1.43551,0,0
2015-07-20,12:00:00,1.43502,1.43581,1.43375,1.43541,0,0
2015-07-20,13:00:00,1.43585,1.43799,1.43478,1.43571,0,0
2015-07-20,14:00:00,1.43559,1.43706,1.43323,1.43399,0,0
2015-07-20,15:00:00,1.43413,1.436,1.43337,1.4351,0,0
2015-07-20,16:00:00,1.43457,1.43759,1.43395,1.43549,0,0
2015-07-20,17:00:00,1.43553,1.43567,1.43346,1.43499,0,0
2015-07-20,18:00:00,1.43528,1.43726,1.43446,1.43671,0,0
2015-07-20,19:00:00,1.43654,1.43702,1.43573,1.437,0,0
2015-07-20,20:00:00,1.43714,1.43729,1.43611,1.43722,0,0
2015-07-20,21:00:00,1.43717,1.43797,1.43708,1.43773,0,0
2015-07-20,22:00:00,1.4378,1.43785,1.43609,1.43689,0,0
2015-07-20,23:00:00,1.43686,1.4389,1.43679,1.43776,0,0
2015-07-20,23:59:00,1.43766,1.43885,1.43734,1.43782,0,0
