Date,Time,Open,High,Low,Close,Volume,OpenInt
2015-04-22,01:00:00,178.655,178.684,178.491,178.601,0,0
2015-04-22,02:00:00,178.601,178.742,178.587,178.66,0,0
2015-04-22,03:00:00,178.66,178.687,178.553,178.582,0,0
2015-04-22,04:00:00,178.589,178.692,178.557,178.596,0,0
2015-04-22,05:00:00,178.595,178.805,178.588,178.691,0,0
2015-04-22,06:00:00,178.696,178.721,178.6,178.636,0,0
2015-04-22,07:00:00,178.636,178.689,178.576,178.639,0,0
2015-04-22,08:00:00,178.639,178.684,178.496,178.624,0,0
2015-04-22,09:00:00,178.629,178.678,178.477,178.601,0,0
2015-04-22,10:00:00,178.589,179.014,178.579,178.873,0,0
2015-04-22,11:00:00,178.874,179.347,178.57,179.084,0,0
2015-04-22,12:00:00,179.099,179.662,179.076,179.524,0,0
2015-04-22,13:00:00,179.521,179.64,179.423,179.594,0,0
2015-04-22,14:00:00,179.588,180.137,179.575,180.119,0,0
2015-04-22,15:00:00,180.119,180.314,179.908,180.061,0,0
2015-04-22,16:00:00,180.06,180.212,179.929,180.06,0,0
2015-04-22,17:00:00,180.054,180.292,179.891,180.188,0,0
2015-04-22,18:00:00,180.19,180.378,180.117,180.139,0,0
2015-04-22,19:00:00,180.139,180.235,180.021,180.162,0,0
2015-04-22,20:00:00,180.146,180.321,180.118,180.216,0,0
2015-04-22,21:00:00,180.224,180.411,180.223,180.316,0,0
2015-04-22,22:00:00,180.316,180.391,180.291,180.349,0,0
2015-04-22,23:00:00,180.356,180.387,180.24,180.306,0,0
2015-04-22,23:59:00,180.306,180.383,180.267,180.304,0,0
2015-04-23,01:00:00,180.312,180.432,180.29,180.427,0,0
2015-04-23,02:00:00,180.43,180.466,180.359,180.366,0,0
2015-04-23,03:00:00,180.348,180.417,180.29,180.393,0,0
2015-04-23,04:00:00,180.391,180.414,180.217,180.319,0,0
2015-04-23,05:00:00,180.31,180.346,180.153,180.178,0,0
2015-04-23,06:00:00,180.166,180.276,180.154,180.203,0,0
2015-04-23,07:00:00,180.198,180.301,179.905,179.944,0,0
2015-04-23,08:00:00,179.934,180.146,179.929,180.117,0,0
2015-04-23,09:00:00,180.129,180.143,179.648,179.685,0,0
2015-04-23,10:00:00,179.691,179.809,179.409,179.65,0,0
2015-04-23,11:00:00,179.648,180.05,179.324,179.966,0,0
2015-04-23,12:00:00,179.971,180.22,179.89,180.11,0,0
2015-04-23,13:00:00,180.113,180.2,179.964,179.994,0,0
2015-04-23,14:00:00,179.987,180.443,179.916,180.361,0,0
2015-04-23,15:00:00,180.369,180.429,179.98,179.985,0,0
2015-04-23,16:00:00,179.988,180.029,179.787,179.857,0,0
2015-04-23,17:00:00,179.851,180.286,179.797,180.133,0,0
2015-04-23,18:00:00,180.143,180.173,179.99,180.104,0,0
2015-04-23,19:00:00,180.098,180.258,179.989,180.203,0,0
2015-04-23,20:00:00,180.207,180.273,179.952,179.972,0,0
2015-04-23,21:00:00,179.991,180.123,179.85,179.882,0,0
2015-04-23,22:00:00,179.9,179.998,179.884,179.974,0,0
2015-04-23,23:00:00,179.973,180.108,179.946,180.054,0,0
2015-04-23,23:59:00,180.061,180.133,179.971,180.08,0,0
2015-04-24,01:00:00,180.079,180.133,180.034,180.072,0,0
2015-04-24,02:00:00,180.075,180.083,179.964,179.971,0,0
2015-04-24,03:00:00,179.968,179.979,179.859,179.933,0,0
2015-04-24,04:00:00,179.936,180.019,179.669,179.718,0,0
2015-04-24,05:00:00,179.732,179.808,179.694,179.714,0,0
2015-04-24,06:00:00,179.717,179.799,179.682,179.742,0,0
2015-04-24,07:00:00,179.748,179.89,179.744,179.831,0,0
2015-04-24,08:00:00,179.835,179.995,179.818,179.902,0,0
2015-04-24,09:00:00,179.908,180.178,179.78,180.143,0,0
2015-04-24,10:00:00,180.154,180.616,180.129,180.574,0,0
2015-04-24,11:00:00,180.577,180.988,180.468,180.968,0,0
2015-04-24,12:00:00,180.962,181.004,180.75,180.81,0,0
2015-04-24,13:00:00,180.815,180.846,180.507,180.685,0,0
2015-04-24,14:00:00,180.666,180.842,180.632,180.694,0,0
2015-04-24,15:00:00,180.693,181.014,180.633,180.788,0,0
2015-04-24,16:00:00,180.788,180.819,180.245,180.29,0,0
2015-04-24,17:00:00,180.3,180.47,180.074,180.457,0,0
2015-04-24,18:00:00,180.449,180.622,180.404,180.565,0,0
2015-04-24,19:00:00,180.551,180.648,180.474,180.533,0,0
2015-04-24,20:00:00,180.535,180.707,180.484,180.484,0,0
2015-04-24,21:00:00,180.488,180.515,180.31,180.412,0,0
2015-04-24,22:00:00,180.424,180.45,180.313,180.448,0,0
2015-04-24,23:00:00,180.439,180.442,180.417,180.43,0,0
2015-04-27,01:00:00,180.477,180.51,180.363,180.395,0,0
2015-04-27,02:00:00,180.393,180.522,180.393,180.455,0,0
2015-04-27,03:00:00,180.456,180.569,180.344,180.532,0,0
2015-04-27,04:00:00,180.538,180.596,180.471,180.48,0,0
2015-04-27,05:00:00,180.482,180.569,180.475,180.515,0,0
2015-04-27,06:00:00,180.513,180.526,180.389,180.466,0,0
2015-04-27,07:00:00,180.466,180.74,180.442,180.713,0,0
2015-04-27,08:00:00,180.713,180.762,180.578,180.593,0,0
2015-04-27,09:00:00,180.592,180.689,180.418,180.538,0,0
2015-04-27,10:00:00,180.558,180.903,180.541,180.625,0,0
2015-04-27,11:00:00,180.632,180.667,180.404,180.52,0,0
2015-04-27,12:00:00,180.522,180.73,180.333,180.44,0,0
2015-04-27,13:00:00,180.421,180.661,180.369,180.552,0,0
2015-04-27,14:00:00,180.549,180.626,180.316,180.524,0,0
2015-04-27,15:00:00,180.508,180.676,180.377,180.65,0,0
2015-04-27,16:00:00,180.658,181.05,180.564,181,0,0
2015-04-27,17:00:00,180.988,181.203,180.882,181.195,0,0
2015-04-27,18:00:00,181.202,181.578,181.2,181.489,0,0
2015-04-27,19:00:00,181.487,181.55,181.299,181.32,0,0
2015-04-27,20:00:00,181.323,181.524,181.283,181.307,0,0
2015-04-27,21:00:00,181.301,181.378,181.221,181.285,0,0
2015-04-27,22:00:00,181.291,181.412,181.27,181.372,0,0
2015-04-27,23:00:00,181.353,181.406,181.297,181.394,0,0
2015-04-27,23:59:00,181.391,181.429,181.278,181.372,0,0
2015-04-28,01:00:00,181.376,181.422,181.295,181.365,0,0
2015-04-28,02:00:00,181.359,181.42,181.294,181.362,0,0
2015-04-28,03:00:00,181.361,181.495,181.259,181.465,0,0
2015-04-28,04:00:00,181.462,181.52,181.261,181.394,0,0
2015-04-28,05:00:00,181.392,181.448,181.302,181.304,0,0
2015-04-28,06:00:00,181.301,181.41,181.3,181.374,0,0
2015-04-28,07:00:00,181.377,181.478,181.359,181.445,0,0
2015-04-28,08:00:00,181.445,181.533,181.408,181.462,0,0
2015-04-28,09:00:00,181.461,181.608,181.353,181.387,0,0
2015-04-28,10:00:00,181.388,181.605,181.297,181.547,0,0
2015-04-28,11:00:00,181.533,181.54,180.726,181.074,0,0
2015-04-28,12:00:00,181.08,181.577,180.992,181.462,0,0
2015-04-28,13:00:00,181.464,181.932,181.464,181.745,0,0
2015-04-28,14:00:00,181.74,181.898,181.553,181.866,0,0
2015-04-28,15:00:00,181.86,182.127,181.824,181.902,0,0
2015-04-28,16:00:00,181.897,182.227,181.862,182.118,0,0
2015-04-28,17:00:00,182.142,182.228,181.982,182.082,0,0
2015-04-28,18:00:00,182.081,182.214,181.951,182.084,0,0
2015-04-28,19:00:00,182.09,182.216,182.018,182.159,0,0
2015-04-28,20:00:00,182.159,182.3,182.085,182.257,0,0
2015-04-28,21:00:00,182.251,182.311,182.139,182.289,0,0
2015-04-28,22:00:00,182.3,182.327,182.104,182.181,0,0
2015-04-28,23:00:00,182.178,182.414,182.162,182.342,0,0
2015-04-28,23:59:00,182.329,182.351,182.259,182.296,0,0
2015-04-29,01:00:00,182.296,182.364,182.243,182.283,0,0
2015-04-29,02:00:00,182.284,182.284,182.185,182.185,0,0
2015-04-29,03:00:00,182.191,182.277,182.129,182.252,0,0
2015-04-29,04:00:00,182.258,182.351,182.182,182.324,0,0
2015-04-29,05:00:00,182.326,182.329,182.233,182.289,0,0
2015-04-29,06:00:00,182.292,182.368,182.289,182.322,0,0
2015-04-29,07:00:00,182.322,182.337,182.225,182.286,0,0
2015-04-29,08:00:00,182.295,182.405,182.257,182.327,0,0
2015-04-29,09:00:00,182.324,182.831,182.289,182.738,0,0
2015-04-29,10:00:00,182.736,183.044,182.707,183.009,0,0
2015-04-29,11:00:00,183.009,183.527,183.002,183.411,0,0
2015-04-29,12:00:00,183.444,183.534,183.231,183.383,0,0
2015-04-29,13:00:00,183.4,183.417,183.168,183.368,0,0
2015-04-29,14:00:00,183.392,183.392,183.09,183.132,0,0
2015-04-29,15:00:00,183.14,183.406,183.113,183.342,0,0
2015-04-29,16:00:00,183.358,183.612,183.172,183.435,0,0
2015-04-29,17:00:00,183.434,183.818,183.397,183.764,0,0
2015-04-29,18:00:00,183.788,184.095,183.628,183.963,0,0
2015-04-29,19:00:00,183.983,184.09,183.42,183.507,0,0
2015-04-29,20:00:00,183.499,183.557,183.294,183.337,0,0
2015-04-29,21:00:00,183.337,183.702,183.223,183.579,0,0
2015-04-29,22:00:00,183.61,183.689,183.509,183.653,0,0
2015-04-29,23:00:00,183.655,183.779,183.65,183.747,0,0
2015-04-29,23:59:00,183.724,183.923,183.706,183.777,0,0
2015-04-30,01:00:00,183.776,183.783,183.658,183.669,0,0
2015-04-30,02:00:00,183.667,183.682,183.495,183.541,0,0
2015-04-30,03:00:00,183.545,183.724,183.475,183.684,0,0
2015-04-30,04:00:00,183.684,183.72,183.544,183.544,0,0
2015-04-30,05:00:00,183.535,183.587,183.206,183.283,0,0
2015-04-30,06:00:00,183.275,183.494,183.238,183.44,0,0
2015-04-30,07:00:00,183.454,183.46,182.819,182.973,0,0
2015-04-30,08:00:00,182.968,182.981,182.719,182.811,0,0
2015-04-30,09:00:00,182.671,183.356,182.671,183.336,0,0
2015-04-30,10:00:00,183.376,183.896,183.373,183.836,0,0
2015-04-30,11:00:00,183.838,184.159,183.581,183.734,0,0
2015-04-30,12:00:00,183.748,183.873,183.297,183.305,0,0
2015-04-30,13:00:00,183.298,183.513,183.11,183.489,0,0
2015-04-30,14:00:00,183.478,183.539,183.245,183.344,0,0
2015-04-30,15:00:00,183.313,183.491,183.208,183.461,0,0
2015-04-30,16:00:00,183.438,183.681,183.286,183.562,0,0
2015-04-30,17:00:00,183.548,183.917,183.167,183.917,0,0
2015-04-30,18:00:00,183.88,184.142,183.693,183.708,0,0
2015-04-30,19:00:00,183.721,183.85,183.294,183.462,0,0
2015-04-30,20:00:00,183.473,183.479,183.193,183.236,0,0
2015-04-30,21:00:00,183.242,183.46,183.236,183.414,0,0
2015-04-30,22:00:00,183.389,183.4,183.128,183.285,0,0
2015-04-30,23:00:00,183.328,183.429,183.206,183.261,0,0
2015-04-30,23:59:00,183.254,183.38,183.22,183.268,0,0
2015-05-01,01:00:00,183.28,183.455,183.28,183.384,0,0
2015-05-01,02:00:00,183.383,183.472,183.317,183.457,0,0
2015-05-01,03:00:00,183.447,183.762,183.441,183.713,0,0
2015-05-01,04:00:00,183.699,183.728,183.525,183.577,0,0
2015-05-01,05:00:00,183.582,183.684,183.539,183.623,0,0
2015-05-01,06:00:00,183.62,183.686,183.612,183.651,0,0
2015-05-01,07:00:00,183.651,183.713,183.529,183.642,0,0
2015-05-01,08:00:00,183.639,183.862,183.608,183.832,0,0
2015-05-01,09:00:00,183.84,183.943,183.494,183.897,0,0
2015-05-01,10:00:00,183.887,184.482,183.74,184.39,0,0
2015-05-01,11:00:00,184.354,184.416,183.188,183.192,0,0
2015-05-01,12:00:00,183.18,183.496,183.112,183.21,0,0
2015-05-01,13:00:00,183.196,183.267,182.977,183.056,0,0
2015-05-01,14:00:00,183.058,183.321,182.858,182.858,0,0
2015-05-01,15:00:00,182.867,182.882,182.497,182.716,0,0
2015-05-01,16:00:00,182.714,182.892,182.107,182.107,0,0
2015-05-01,17:00:00,182.203,182.637,182.087,182.272,0,0
2015-05-01,18:00:00,182.28,182.315,181.874,181.962,0,0
2015-05-01,19:00:00,181.956,182.094,181.791,181.803,0,0
2015-05-01,20:00:00,181.811,182.18,181.806,182.168,0,0
2015-05-01,21:00:00,182.168,182.212,181.843,182.009,0,0
2015-05-01,22:00:00,182.016,182.101,181.815,182.02,0,0
2015-05-01,23:00:00,182.022,182.056,182.019,182.056,0,0
2015-05-04,01:00:00,182.043,182.314,182.035,182.158,0,0
2015-05-04,02:00:00,182.155,182.221,181.933,182.054,0,0
2015-05-04,03:00:00,182.054,182.109,181.87,182.02,0,0
2015-05-04,04:00:00,182.017,182.132,181.999,182.053,0,0
2015-05-04,05:00:00,182.053,182.076,181.91,181.972,0,0
2015-05-04,06:00:00,181.972,182.033,181.909,182.011,0,0
2015-05-04,07:00:00,182.01,182.038,181.94,181.96,0,0
2015-05-04,08:00:00,181.964,182.026,181.9,181.905,0,0
2015-05-04,09:00:00,181.914,182.133,181.66,181.759,0,0
2015-05-04,10:00:00,181.761,182.019,181.66,181.926,0,0
2015-05-04,11:00:00,181.866,182.021,181.826,181.986,0,0
2015-05-04,12:00:00,181.987,182.059,181.673,181.705,0,0
2015-05-04,13:00:00,181.698,181.803,181.551,181.596,0,0
2015-05-04,14:00:00,181.601,181.818,181.515,181.518,0,0
2015-05-04,15:00:00,181.515,181.993,181.475,181.907,0,0
2015-05-04,16:00:00,181.889,181.937,181.674,181.716,0,0
2015-05-04,17:00:00,181.693,181.72,181.497,181.639,0,0
2015-05-04,18:00:00,181.647,181.875,181.6,181.783,0,0
2015-05-04,19:00:00,181.791,181.824,181.693,181.711,0,0
2015-05-04,20:00:00,181.709,181.726,181.616,181.696,0,0
2015-05-04,21:00:00,181.695,181.71,181.418,181.623,0,0
2015-05-04,22:00:00,181.616,181.696,181.54,181.642,0,0
2015-05-04,23:00:00,181.645,181.696,181.6,181.635,0,0
2015-05-04,23:59:00,181.644,181.71,181.57,181.702,0,0
2015-05-05,01:00:00,181.705,181.724,181.586,181.604,0,0
2015-05-05,02:00:00,181.604,181.643,181.571,181.629,0,0
2015-05-05,03:00:00,181.631,181.703,181.618,181.685,0,0
2015-05-05,04:00:00,181.685,181.76,181.68,181.745,0,0
2015-05-05,05:00:00,181.745,181.759,181.65,181.673,0,0
2015-05-05,06:00:00,181.673,181.706,181.572,181.574,0,0
2015-05-05,07:00:00,181.571,181.717,181.491,181.527,0,0
2015-05-05,08:00:00,181.526,181.674,181.49,181.594,0,0
2015-05-05,09:00:00,181.608,181.826,181.465,181.504,0,0
2015-05-05,10:00:00,181.5,181.819,181.477,181.818,0,0
2015-05-05,11:00:00,181.818,182.057,181.523,181.92,0,0
2015-05-05,12:00:00,181.928,182.104,181.754,181.843,0,0
2015-05-05,13:00:00,181.846,182.245,181.812,182.214,0,0
2015-05-05,14:00:00,182.214,182.252,182.046,182.153,0,0
2015-05-05,15:00:00,182.142,182.482,182.039,182.066,0,0
2015-05-05,16:00:00,182.067,182.599,181.975,182.599,0,0
2015-05-05,17:00:00,182.608,182.772,182.274,182.337,0,0
2015-05-05,18:00:00,182.323,182.323,181.851,181.912,0,0
2015-05-05,19:00:00,181.917,182.29,181.833,182.214,0,0
2015-05-05,20:00:00,182.207,182.309,182.128,182.173,0,0
2015-05-05,21:00:00,182.171,182.171,181.843,181.859,0,0
2015-05-05,22:00:00,181.849,181.926,181.742,181.816,0,0
2015-05-05,23:00:00,181.813,182.012,181.803,181.973,0,0
2015-05-05,23:59:00,181.962,181.998,181.875,181.937,0,0
2015-05-06,01:00:00,181.944,181.993,181.889,181.931,0,0
2015-05-06,02:00:00,181.931,181.99,181.897,181.946,0,0
2015-05-06,03:00:00,181.937,182.003,181.878,181.99,0,0
2015-05-06,04:00:00,181.99,182.095,181.966,182.077,0,0
2015-05-06,05:00:00,182.077,182.259,182.016,182.235,0,0
2015-05-06,06:00:00,182.232,182.398,182.213,182.343,0,0
2015-05-06,07:00:00,182.356,182.472,182.3,182.433,0,0
2015-05-06,08:00:00,182.44,182.455,182.234,182.251,0,0
2015-05-06,09:00:00,182.25,182.509,182.2,182.41,0,0
2015-05-06,10:00:00,182.402,182.424,181.752,181.826,0,0
2015-05-06,11:00:00,181.818,182.041,181.46,181.732,0,0
2015-05-06,12:00:00,181.73,182.011,181.663,181.899,0,0
2015-05-06,13:00:00,181.905,182.411,181.894,182.38,0,0
2015-05-06,14:00:00,182.376,182.473,182.175,182.331,0,0
2015-05-06,15:00:00,182.343,182.528,181.986,182.076,0,0
2015-05-06,16:00:00,182.082,182.314,181.902,182.172,0,0
2015-05-06,17:00:00,182.182,182.447,182.027,182.027,0,0
2015-05-06,18:00:00,182.027,182.239,181.956,182.084,0,0
2015-05-06,19:00:00,182.063,182.165,181.897,182.16,0,0
2015-05-06,20:00:00,182.187,182.285,182.026,182.026,0,0
2015-05-06,21:00:00,182.031,182.199,181.868,181.886,0,0
2015-05-06,22:00:00,181.886,182.209,181.886,182.209,0,0
2015-05-06,23:00:00,182.212,182.212,182.072,182.121,0,0
2015-05-06,23:59:00,182.127,182.186,182.059,182.106,0,0
2015-05-07,01:00:00,182.104,182.18,182.028,182.031,0,0
2015-05-07,02:00:00,182.028,182.041,181.927,181.97,0,0
2015-05-07,03:00:00,181.965,182.079,181.812,181.926,0,0
2015-05-07,04:00:00,181.928,182.149,181.893,182.092,0,0
2015-05-07,05:00:00,182.104,182.28,182.081,182.256,0,0
2015-05-07,06:00:00,182.25,182.269,182.033,182.096,0,0
2015-05-07,07:00:00,182.101,182.152,182.027,182.081,0,0
2015-05-07,08:00:00,182.07,182.276,182.015,182.212,0,0
2015-05-07,09:00:00,182.223,182.223,181.617,181.635,0,0
2015-05-07,10:00:00,181.63,181.884,181.559,181.713,0,0
2015-05-07,11:00:00,181.661,181.707,180.959,181.276,0,0
2015-05-07,12:00:00,181.304,181.837,181.235,181.63,0,0
2015-05-07,13:00:00,181.658,181.691,181.198,181.243,0,0
2015-05-07,14:00:00,181.242,181.462,181.188,181.289,0,0
2015-05-07,15:00:00,181.283,181.813,181.149,181.678,0,0
2015-05-07,16:00:00,181.691,181.738,181.128,181.149,0,0
2015-05-07,17:00:00,181.161,181.798,181.026,181.632,0,0
2015-05-07,18:00:00,181.653,182.38,181.594,182.31,0,0
2015-05-07,19:00:00,182.275,182.39,182.205,182.269,0,0
2015-05-07,20:00:00,182.242,182.504,182.23,182.418,0,0
2015-05-07,21:00:00,182.421,183,182.417,182.761,0,0
2015-05-07,22:00:00,182.758,182.944,182.75,182.811,0,0
2015-05-07,23:00:00,182.808,182.844,182.555,182.555,0,0
2015-05-07,23:59:00,182.518,184.893,182.512,184.543,0,0
2015-05-08,01:00:00,184.549,184.744,184.114,184.266,0,0
2015-05-08,02:00:00,184.266,184.578,184.052,184.311,0,0
2015-05-08,03:00:00,184.316,184.661,184.181,184.547,0,0
2015-05-08,04:00:00,184.534,185.22,184.525,185.151,0,0
2015-05-08,05:00:00,185.161,185.853,185.05,185.839,0,0
2015-05-08,06:00:00,185.85,185.914,185.361,185.447,0,0
2015-05-08,07:00:00,185.443,186.032,185.348,185.976,0,0
2015-05-08,08:00:00,185.959,186.043,185.451,185.532,0,0
2015-05-08,09:00:00,185.546,185.554,184.97,185.408,0,0
2015-05-08,10:00:00,185.399,186.008,185.312,185.701,0,0
2015-05-08,11:00:00,185.683,185.861,185.455,185.854,0,0
2015-05-08,12:00:00,185.875,185.875,185.225,185.271,0,0
2015-05-08,13:00:00,185.25,185.301,185.037,185.184,0,0
2015-05-08,14:00:00,185.193,185.436,185.164,185.17,0,0
2015-05-08,15:00:00,185.185,185.401,184.503,184.774,0,0
2015-05-08,16:00:00,184.781,184.781,184.483,184.621,0,0
2015-05-08,17:00:00,184.646,184.7,184.148,184.7,0,0
2015-05-08,18:00:00,184.714,185.229,184.714,185.117,0,0
2015-05-08,19:00:00,185.117,185.182,184.862,184.997,0,0
2015-05-08,20:00:00,184.953,185.219,184.953,185.147,0,0
2015-05-08,21:00:00,185.134,185.147,184.984,185.133,0,0
2015-05-08,22:00:00,185.179,185.179,184.986,185.052,0,0
2015-05-08,23:00:00,185.053,185.053,185.053,185.053,0,0
2015-05-11,01:00:00,185.06,185.128,184.954,184.996,0,0
2015-05-11,02:00:00,184.998,185.046,184.873,184.951,0,0
2015-05-11,03:00:00,184.953,184.995,184.701,184.701,0,0
2015-05-11,04:00:00,184.7,184.894,184.7,184.864,0,0
2015-05-11,05:00:00,184.85,184.95,184.791,184.872,0,0
2015-05-11,06:00:00,184.874,184.916,184.703,184.756,0,0
2015-05-11,07:00:00,184.757,184.849,184.738,184.839,0,0
2015-05-11,08:00:00,184.837,184.975,184.8,184.875,0,0
2015-05-11,09:00:00,184.876,185.058,184.804,185.028,0,0
2015-05-11,10:00:00,185.019,185.102,184.645,185.082,0,0
2015-05-11,11:00:00,185.083,185.139,184.783,184.796,0,0
2015-05-11,12:00:00,184.796,185.293,184.582,185.246,0,0
2015-05-11,13:00:00,185.247,185.765,185.146,185.625,0,0
2015-05-11,14:00:00,185.615,185.783,185.454,185.639,0,0
2015-05-11,15:00:00,185.655,186.04,185.654,186.022,0,0
2015-05-11,16:00:00,186.035,186.555,185.827,186.464,0,0
2015-05-11,17:00:00,186.509,186.803,186.427,186.634,0,0
2015-05-11,18:00:00,186.631,187.219,186.614,187.203,0,0
2015-05-11,19:00:00,187.208,187.389,187.048,187.082,0,0
2015-05-11,20:00:00,187.094,187.389,187.094,187.217,0,0
2015-05-11,21:00:00,187.217,187.271,187.037,187.218,0,0
2015-05-11,22:00:00,187.212,187.369,187.172,187.264,0,0
2015-05-11,23:00:00,187.261,187.28,187.142,187.156,0,0
2015-05-11,23:59:00,187.157,187.273,187.146,187.218,0,0
2015-05-12,01:00:00,187.218,187.248,187.102,187.116,0,0
2015-05-12,02:00:00,187.116,187.178,187.029,187.127,0,0
2015-05-12,03:00:00,187.127,187.185,186.962,187.006,0,0
2015-05-12,04:00:00,187.006,187.145,186.962,187.138,0,0
2015-05-12,05:00:00,187.139,187.278,187.093,187.156,0,0
2015-05-12,06:00:00,187.156,187.207,187.059,187.134,0,0
2015-05-12,07:00:00,187.132,187.235,187.087,187.218,0,0
2015-05-12,08:00:00,187.219,187.381,187.204,187.208,0,0
2015-05-12,09:00:00,187.196,187.354,187.048,187.111,0,0
2015-05-12,10:00:00,187.093,187.144,186.742,186.747,0,0
2015-05-12,11:00:00,186.743,187.86,186.743,187.672,0,0
2015-05-12,12:00:00,187.67,188.288,187.663,188.138,0,0
2015-05-12,13:00:00,188.136,188.382,187.897,187.994,0,0
2015-05-12,14:00:00,187.986,188.268,187.945,188.203,0,0
2015-05-12,15:00:00,188.188,188.321,188.006,188.009,0,0
2015-05-12,16:00:00,188.002,188.204,187.769,187.933,0,0
2015-05-12,17:00:00,187.873,188.153,187.746,187.779,0,0
2015-05-12,18:00:00,187.789,187.955,187.659,187.914,0,0
2015-05-12,19:00:00,187.902,188.215,187.896,188.164,0,0
2015-05-12,20:00:00,188.161,188.175,187.964,188.049,0,0
2015-05-12,21:00:00,188.057,188.22,187.924,187.952,0,0
2015-05-12,22:00:00,187.968,187.968,187.8,187.895,0,0
2015-05-12,23:00:00,187.843,187.975,187.824,187.844,0,0
2015-05-12,23:59:00,187.852,188.119,187.68,187.785,0,0
2015-05-13,01:00:00,187.85,187.96,187.77,187.822,0,0
2015-05-13,02:00:00,187.822,187.878,187.774,187.799,0,0
2015-05-13,03:00:00,187.812,187.864,187.677,187.75,0,0
2015-05-13,04:00:00,187.744,187.89,187.586,187.661,0,0
2015-05-13,05:00:00,187.656,187.828,187.63,187.793,0,0
2015-05-13,06:00:00,187.795,188.035,187.793,187.991,0,0
2015-05-13,07:00:00,187.991,188.192,187.984,188.038,0,0
2015-05-13,08:00:00,188.041,188.065,187.969,188.016,0,0
2015-05-13,09:00:00,188.008,188.077,187.697,187.726,0,0
2015-05-13,10:00:00,187.708,188.19,187.708,188.143,0,0
2015-05-13,11:00:00,188.14,188.563,187.777,188.362,0,0
2015-05-13,12:00:00,188.373,188.528,187.471,187.572,0,0
2015-05-13,13:00:00,187.558,187.827,187.267,187.827,0,0
2015-05-13,14:00:00,187.828,187.855,187.223,187.413,0,0
2015-05-13,15:00:00,187.415,187.514,187.164,187.382,0,0
2015-05-13,16:00:00,187.372,187.389,187.066,187.207,0,0
2015-05-13,17:00:00,187.19,187.434,187.038,187.352,0,0
2015-05-13,18:00:00,187.341,187.719,187.066,187.536,0,0
2015-05-13,19:00:00,187.536,187.676,187.469,187.483,0,0
2015-05-13,20:00:00,187.482,187.589,187.453,187.504,0,0
2015-05-13,21:00:00,187.51,187.578,187.46,187.556,0,0
2015-05-13,22:00:00,187.56,187.565,187.387,187.531,0,0
2015-05-13,23:00:00,187.533,187.632,187.473,187.598,0,0
2015-05-13,23:59:00,187.603,187.659,187.531,187.579,0,0
2015-05-14,01:00:00,187.579,187.628,187.477,187.532,0,0
2015-05-14,02:00:00,187.534,187.659,187.493,187.562,0,0
2015-05-14,03:00:00,187.568,187.751,187.523,187.672,0,0
2015-05-14,04:00:00,187.672,187.765,187.626,187.7,0,0
2015-05-14,05:00:00,187.74,187.74,187.607,187.612,0,0
2015-05-14,06:00:00,187.606,187.777,187.592,187.695,0,0
2015-05-14,07:00:00,187.702,187.803,187.633,187.725,0,0
2015-05-14,08:00:00,187.726,187.764,187.633,187.696,0,0
2015-05-14,09:00:00,187.689,187.705,187.379,187.517,0,0
2015-05-14,10:00:00,187.527,187.945,187.437,187.807,0,0
2015-05-14,11:00:00,187.789,188.004,187.746,187.922,0,0
2015-05-14,12:00:00,187.907,188.436,187.875,188.265,0,0
2015-05-14,13:00:00,188.271,188.364,188.094,188.342,0,0
2015-05-14,14:00:00,188.326,188.532,188.25,188.497,0,0
2015-05-14,15:00:00,188.483,188.515,188.008,188.143,0,0
2015-05-14,16:00:00,188.114,188.115,187.779,187.897,0,0
2015-05-14,17:00:00,187.917,188.081,187.708,187.871,0,0
2015-05-14,18:00:00,187.876,187.996,187.771,187.949,0,0
2015-05-14,19:00:00,187.942,187.942,187.67,187.72,0,0
2015-05-14,20:00:00,187.726,187.862,187.701,187.812,0,0
2015-05-14,21:00:00,187.806,187.993,187.751,187.976,0,0
2015-05-14,22:00:00,187.976,188.081,187.942,187.955,0,0
2015-05-14,23:00:00,187.956,188.098,187.921,188.015,0,0
2015-05-14,23:59:00,188.021,188.075,187.981,188.028,0,0
2015-05-15,01:00:00,188.036,188.075,187.997,188.036,0,0
2015-05-15,02:00:00,188.036,188.103,187.98,188.017,0,0
2015-05-15,03:00:00,188.028,188.195,187.994,188.169,0,0
2015-05-15,04:00:00,188.169,188.332,188.135,188.31,0,0
2015-05-15,05:00:00,188.31,188.407,188.246,188.291,0,0
2015-05-15,06:00:00,188.288,188.339,188.192,188.25,0,0
2015-05-15,07:00:00,188.247,188.307,188.199,188.286,0,0
2015-05-15,08:00:00,188.286,188.443,188.214,188.396,0,0
2015-05-15,09:00:00,188.382,188.617,188.376,188.391,0,0
2015-05-15,10:00:00,188.397,188.516,188.18,188.255,0,0
2015-05-15,11:00:00,188.25,188.452,188.08,188.217,0,0
2015-05-15,12:00:00,188.216,188.4,188.099,188.324,0,0
2015-05-15,13:00:00,188.309,188.595,188.256,188.412,0,0
2015-05-15,14:00:00,188.422,188.533,188.266,188.309,0,0
2015-05-15,15:00:00,188.333,188.467,188.163,188.45,0,0
2015-05-15,16:00:00,188.445,188.479,188.281,188.357,0,0
2015-05-15,17:00:00,188.33,188.55,188.231,188.35,0,0
2015-05-15,18:00:00,188.374,188.461,188.234,188.256,0,0
2015-05-15,19:00:00,188.258,188.31,188.101,188.196,0,0
2015-05-15,20:00:00,188.201,188.201,187.923,187.928,0,0
2015-05-15,21:00:00,187.928,187.937,187.792,187.877,0,0
2015-05-15,22:00:00,187.877,187.917,187.711,187.78,0,0
2015-05-15,23:00:00,187.78,187.78,187.753,187.757,0,0
2015-05-18,01:00:00,187.798,187.944,187.744,187.921,0,0
2015-05-18,02:00:00,187.918,188.019,187.837,187.845,0,0
2015-05-18,03:00:00,187.847,188.147,187.787,188.1,0,0
2015-05-18,04:00:00,188.103,188.182,188.038,188.075,0,0
2015-05-18,05:00:00,188.039,188.093,188.016,188.019,0,0
2015-05-18,06:00:00,188.029,188.099,188.011,188.049,0,0
2015-05-18,07:00:00,188.049,188.155,188.02,188.14,0,0
2015-05-18,08:00:00,188.14,188.268,188.089,188.194,0,0
2015-05-18,09:00:00,188.192,188.278,187.888,187.897,0,0
2015-05-18,10:00:00,187.9,187.946,187.502,187.815,0,0
2015-05-18,11:00:00,187.806,187.806,187.42,187.486,0,0
2015-05-18,12:00:00,187.486,187.838,187.317,187.741,0,0
2015-05-18,13:00:00,187.736,187.825,187.573,187.713,0,0
2015-05-18,14:00:00,187.702,187.766,187.582,187.609,0,0
2015-05-18,15:00:00,187.609,187.728,187.442,187.626,0,0
2015-05-18,16:00:00,187.634,188.19,187.629,187.692,0,0
2015-05-18,17:00:00,187.701,187.943,187.486,187.943,0,0
2015-05-18,18:00:00,187.934,188.071,187.737,187.872,0,0
2015-05-18,19:00:00,187.87,187.969,187.739,187.869,0,0
2015-05-18,20:00:00,187.863,187.961,187.709,187.793,0,0
2015-05-18,21:00:00,187.794,187.902,187.688,187.898,0,0
2015-05-18,22:00:00,187.91,187.938,187.689,187.821,0,0
2015-05-18,23:00:00,187.819,187.877,187.752,187.801,0,0
2015-05-18,23:59:00,187.801,187.879,187.796,187.832,0,0
2015-05-19,01:00:00,187.835,187.901,187.816,187.881,0,0
2015-05-19,02:00:00,187.88,187.885,187.741,187.815,0,0
2015-05-19,03:00:00,187.819,187.855,187.667,187.691,0,0
2015-05-19,04:00:00,187.691,187.703,187.529,187.549,0,0
2015-05-19,05:00:00,187.548,187.759,187.548,187.733,0,0
2015-05-19,06:00:00,187.733,187.792,187.672,187.791,0,0
2015-05-19,07:00:00,187.785,187.793,187.739,187.765,0,0
2015-05-19,08:00:00,187.768,187.925,187.751,187.858,0,0
2015-05-19,09:00:00,187.848,187.974,187.655,187.92,0,0
2015-05-19,10:00:00,187.924,187.968,187.064,187.112,0,0
2015-05-19,11:00:00,187.112,187.207,186.395,186.626,0,0
2015-05-19,12:00:00,186.604,186.647,186.311,186.625,0,0
2015-05-19,13:00:00,186.614,186.618,186.235,186.327,0,0
2015-05-19,14:00:00,186.324,186.33,185.988,186.146,0,0
2015-05-19,15:00:00,186.155,186.484,186.007,186.276,0,0
2015-05-19,16:00:00,186.279,186.986,186.253,186.889,0,0
2015-05-19,17:00:00,186.876,187.199,186.876,187.153,0,0
2015-05-19,18:00:00,187.136,187.221,186.948,187.184,0,0
2015-05-19,19:00:00,187.159,187.199,186.878,186.982,0,0
2015-05-19,20:00:00,186.973,187.148,186.933,187.127,0,0
2015-05-19,21:00:00,187.128,187.197,187.027,187.087,0,0
2015-05-19,22:00:00,187.089,187.231,187.05,187.196,0,0
2015-05-19,23:00:00,187.19,187.235,187.123,187.208,0,0
2015-05-19,23:59:00,187.23,187.296,187.1,187.145,0,0
2015-05-20,01:00:00,187.154,187.264,187.15,187.203,0,0
2015-05-20,02:00:00,187.203,187.215,187.12,187.151,0,0
2015-05-20,03:00:00,187.154,187.438,187.132,187.435,0,0
2015-05-20,04:00:00,187.432,187.609,187.396,187.483,0,0
2015-05-20,05:00:00,187.494,187.607,187.479,187.605,0,0
2015-05-20,06:00:00,187.613,187.658,187.492,187.502,0,0
2015-05-20,07:00:00,187.503,187.614,187.486,187.553,0,0
2015-05-20,08:00:00,187.553,187.621,187.491,187.502,0,0
2015-05-20,09:00:00,187.488,187.535,187.148,187.388,0,0
2015-05-20,10:00:00,187.382,187.584,187.248,187.408,0,0
2015-05-20,11:00:00,187.402,187.923,187.296,187.498,0,0
2015-05-20,12:00:00,187.488,187.723,187.439,187.7,0,0
2015-05-20,13:00:00,187.696,188.032,187.628,187.786,0,0
2015-05-20,14:00:00,187.798,187.82,187.628,187.706,0,0
2015-05-20,15:00:00,187.699,188.13,187.679,188.1,0,0
2015-05-20,16:00:00,188.083,188.568,187.985,188.348,0,0
2015-05-20,17:00:00,188.347,188.532,188.154,188.532,0,0
2015-05-20,18:00:00,188.531,188.611,188.398,188.521,0,0
2015-05-20,19:00:00,188.511,188.615,188.374,188.504,0,0
2015-05-20,20:00:00,188.518,188.52,188.08,188.317,0,0
2015-05-20,21:00:00,188.311,188.442,188.063,188.361,0,0
2015-05-20,22:00:00,188.374,188.445,188.25,188.379,0,0
2015-05-20,23:00:00,188.368,188.547,188.352,188.538,0,0
2015-05-20,23:59:00,188.522,188.592,188.353,188.359,0,0
2015-05-21,01:00:00,188.362,188.463,188.337,188.378,0,0
2015-05-21,02:00:00,188.381,188.457,188.35,188.386,0,0
2015-05-21,03:00:00,188.384,188.464,188.215,188.291,0,0
2015-05-21,04:00:00,188.293,188.435,188.293,188.416,0,0
2015-05-21,05:00:00,188.413,188.485,188.297,188.434,0,0
2015-05-21,06:00:00,188.439,188.499,188.428,188.484,0,0
2015-05-21,07:00:00,188.482,188.49,188.253,188.271,0,0
2015-05-21,08:00:00,188.278,188.329,188.103,188.123,0,0
2015-05-21,09:00:00,188.112,188.2,187.96,187.967,0,0
2015-05-21,10:00:00,187.973,188.456,187.973,188.331,0,0
2015-05-21,11:00:00,188.317,189.445,188.317,189.313,0,0
2015-05-21,12:00:00,189.298,189.588,189.227,189.566,0,0
2015-05-21,13:00:00,189.541,189.959,189.539,189.785,0,0
2015-05-21,14:00:00,189.805,189.977,189.762,189.907,0,0
2015-05-21,15:00:00,189.909,190.019,189.771,189.83,0,0
2015-05-21,16:00:00,189.827,189.923,189.566,189.736,0,0
2015-05-21,17:00:00,189.693,189.921,189.565,189.802,0,0
2015-05-21,18:00:00,189.8,189.978,189.72,189.738,0,0
2015-05-21,19:00:00,189.725,189.802,189.641,189.755,0,0
2015-05-21,20:00:00,189.752,189.807,189.683,189.775,0,0
2015-05-21,21:00:00,189.775,189.775,189.554,189.56,0,0
2015-05-21,22:00:00,189.567,189.592,189.459,189.523,0,0
2015-05-21,23:00:00,189.516,189.626,189.469,189.552,0,0
2015-05-21,23:59:00,189.563,189.635,189.545,189.62,0,0
2015-05-22,01:00:00,189.62,189.637,189.557,189.58,0,0
2015-05-22,02:00:00,189.58,189.629,189.515,189.53,0,0
2015-05-22,03:00:00,189.551,189.667,189.469,189.547,0,0
2015-05-22,04:00:00,189.541,189.596,189.443,189.523,0,0
2015-05-22,05:00:00,189.523,189.581,189.267,189.291,0,0
2015-05-22,06:00:00,189.291,189.44,189.264,189.393,0,0
2015-05-22,07:00:00,189.393,189.404,189.272,189.323,0,0
2015-05-22,08:00:00,189.332,189.377,189.161,189.373,0,0
2015-05-22,09:00:00,189.392,189.501,189.227,189.291,0,0
2015-05-22,10:00:00,189.26,189.329,189.041,189.221,0,0
2015-05-22,11:00:00,189.203,189.359,188.905,189.146,0,0
2015-05-22,12:00:00,189.137,189.367,189.053,189.085,0,0
2015-05-22,13:00:00,189.086,189.133,188.846,189.087,0,0
2015-05-22,14:00:00,189.086,189.164,188.886,189.063,0,0
2015-05-22,15:00:00,189.066,189.328,188.658,188.734,0,0
2015-05-22,16:00:00,188.764,188.764,188.323,188.391,0,0
2015-05-22,17:00:00,188.368,188.468,188.217,188.222,0,0
2015-05-22,18:00:00,188.229,188.309,188.043,188.055,0,0
2015-05-22,19:00:00,188.053,188.17,187.972,188.169,0,0
2015-05-22,20:00:00,188.159,188.163,188.004,188.074,0,0
2015-05-22,21:00:00,188.074,188.168,187.951,188.156,0,0
2015-05-22,22:00:00,188.156,188.185,188.065,188.099,0,0
2015-05-22,23:00:00,188.096,188.125,188.096,188.118,0,0
2015-05-25,01:00:00,187.966,188.222,187.966,188.156,0,0
2015-05-25,02:00:00,188.153,188.212,188.071,188.092,0,0
2015-05-25,03:00:00,188.092,188.402,188.092,188.259,0,0
2015-05-25,04:00:00,188.262,188.376,188.262,188.355,0,0
2015-05-25,05:00:00,188.357,188.365,188.237,188.31,0,0
2015-05-25,06:00:00,188.314,188.343,188.238,188.252,0,0
2015-05-25,07:00:00,188.248,188.348,188.236,188.263,0,0
2015-05-25,08:00:00,188.26,188.327,188.151,188.255,0,0
2015-05-25,09:00:00,188.27,188.459,188.196,188.424,0,0
2015-05-25,10:00:00,188.432,188.608,188.217,188.581,0,0
2015-05-25,11:00:00,188.581,188.586,188.31,188.31,0,0
2015-05-25,12:00:00,188.311,188.457,188.192,188.274,0,0
2015-05-25,13:00:00,188.277,188.318,188.174,188.184,0,0
2015-05-25,14:00:00,188.181,188.209,188.016,188.096,0,0
2015-05-25,15:00:00,188.097,188.114,187.825,187.877,0,0
2015-05-25,16:00:00,187.879,187.937,187.809,187.851,0,0
2015-05-25,17:00:00,187.851,187.926,187.823,187.86,0,0
2015-05-25,18:00:00,187.856,187.942,187.841,187.889,0,0
2015-05-25,19:00:00,187.884,187.952,187.878,187.922,0,0
2015-05-25,20:00:00,187.929,187.991,187.888,187.977,0,0
2015-05-25,21:00:00,187.972,188.004,187.935,187.997,0,0
2015-05-25,22:00:00,188,188.023,187.965,187.998,0,0
2015-05-25,23:00:00,187.997,188.08,187.993,188.058,0,0
2015-05-25,23:59:00,188.058,188.077,187.99,188.047,0,0
2015-05-26,01:00:00,188.047,188.135,188.028,188.111,0,0
2015-05-26,02:00:00,188.133,188.204,188.079,188.204,0,0
2015-05-26,03:00:00,188.199,188.216,188.08,188.107,0,0
2015-05-26,04:00:00,188.107,188.179,187.901,187.979,0,0
2015-05-26,05:00:00,187.972,188.146,187.936,188.108,0,0
2015-05-26,06:00:00,188.111,188.209,188.072,188.141,0,0
2015-05-26,07:00:00,188.141,188.292,188.139,188.273,0,0
2015-05-26,08:00:00,188.273,188.343,188.168,188.338,0,0
2015-05-26,09:00:00,188.342,189.087,188.292,188.898,0,0
2015-05-26,10:00:00,188.875,189.083,188.784,188.854,0,0
2015-05-26,11:00:00,188.847,189.162,188.718,189.144,0,0
2015-05-26,12:00:00,189.155,189.369,188.779,188.833,0,0
2015-05-26,13:00:00,188.866,189.111,188.742,188.98,0,0
2015-05-26,14:00:00,188.991,188.996,188.819,188.9,0,0
2015-05-26,15:00:00,188.899,189.553,188.872,189.503,0,0
2015-05-26,16:00:00,189.497,189.578,189.239,189.327,0,0
2015-05-26,17:00:00,189.31,189.576,189.222,189.312,0,0
2015-05-26,18:00:00,189.297,189.673,189.209,189.489,0,0
2015-05-26,19:00:00,189.492,189.533,189.195,189.242,0,0
2015-05-26,20:00:00,189.233,189.382,189.166,189.309,0,0
2015-05-26,21:00:00,189.322,189.502,189.292,189.302,0,0
2015-05-26,22:00:00,189.314,189.375,189.259,189.336,0,0
2015-05-26,23:00:00,189.337,189.439,189.326,189.389,0,0
2015-05-26,23:59:00,189.408,189.437,189.243,189.272,0,0
2015-05-27,01:00:00,189.289,189.416,189.265,189.373,0,0
2015-05-27,02:00:00,189.37,189.4,189.253,189.337,0,0
2015-05-27,03:00:00,189.337,189.442,189.246,189.339,0,0
2015-05-27,04:00:00,189.335,189.629,189.335,189.43,0,0
2015-05-27,05:00:00,189.435,189.498,189.303,189.331,0,0
2015-05-27,06:00:00,189.352,189.479,189.351,189.42,0,0
2015-05-27,07:00:00,189.423,189.639,189.419,189.631,0,0
2015-05-27,08:00:00,189.616,189.666,189.398,189.605,0,0
2015-05-27,09:00:00,189.618,189.824,189.463,189.507,0,0
2015-05-27,10:00:00,189.512,189.753,189.431,189.685,0,0
2015-05-27,11:00:00,189.683,189.761,189.454,189.544,0,0
2015-05-27,12:00:00,189.555,189.966,189.521,189.927,0,0
2015-05-27,13:00:00,189.935,190.349,189.916,190.112,0,0
2015-05-27,14:00:00,190.129,190.242,190.049,190.13,0,0
2015-05-27,15:00:00,190.13,190.185,189.74,189.821,0,0
2015-05-27,16:00:00,189.818,189.848,189.416,189.554,0,0
2015-05-27,17:00:00,189.561,189.826,189.561,189.705,0,0
2015-05-27,18:00:00,189.737,189.799,189.402,189.649,0,0
2015-05-27,19:00:00,189.629,189.916,189.629,189.827,0,0
2015-05-27,20:00:00,189.832,190.004,189.77,189.922,0,0
2015-05-27,21:00:00,189.925,190.037,189.832,189.995,0,0
2015-05-27,22:00:00,189.976,190.073,189.889,189.93,0,0
2015-05-27,23:00:00,189.942,190.016,189.816,189.895,0,0
2015-05-27,23:59:00,189.883,189.971,189.829,189.934,0,0
2015-05-28,01:00:00,189.945,189.976,189.88,189.951,0,0
2015-05-28,02:00:00,189.951,189.989,189.905,189.918,0,0
2015-05-28,03:00:00,189.907,189.91,189.74,189.867,0,0
2015-05-28,04:00:00,189.864,190.098,189.708,190.095,0,0
2015-05-28,05:00:00,190.126,190.682,190.03,190.509,0,0
2015-05-28,06:00:00,190.493,190.715,190.39,190.486,0,0
2015-05-28,07:00:00,190.486,190.621,190.284,190.364,0,0
2015-05-28,08:00:00,190.365,190.451,189.972,190.232,0,0
2015-05-28,09:00:00,190.218,190.342,190.061,190.119,0,0
2015-05-28,10:00:00,190.113,190.152,189.911,190.017,0,0
2015-05-28,11:00:00,190.026,190.539,189.871,189.958,0,0
2015-05-28,12:00:00,189.964,190.129,189.796,190.042,0,0
2015-05-28,13:00:00,190.045,190.189,189.601,189.729,0,0
2015-05-28,14:00:00,189.742,190.016,189.561,189.85,0,0
2015-05-28,15:00:00,189.859,190.129,189.622,189.761,0,0
2015-05-28,16:00:00,189.766,190.135,189.73,189.996,0,0
2015-05-28,17:00:00,189.987,190.057,189.722,189.974,0,0
2015-05-28,18:00:00,189.974,190.045,189.763,189.906,0,0
2015-05-28,19:00:00,189.895,189.967,189.445,189.489,0,0
2015-05-28,20:00:00,189.491,189.565,189.289,189.452,0,0
2015-05-28,21:00:00,189.441,189.832,189.441,189.832,0,0
2015-05-28,22:00:00,189.814,189.987,189.795,189.833,0,0
2015-05-28,23:00:00,189.833,189.894,189.764,189.826,0,0
2015-05-28,23:59:00,189.847,189.948,189.677,189.843,0,0
2015-05-29,01:00:00,189.848,189.866,189.592,189.652,0,0
2015-05-29,02:00:00,189.651,189.852,189.614,189.688,0,0
2015-05-29,03:00:00,189.688,189.743,189.487,189.572,0,0
2015-05-29,04:00:00,189.575,189.678,189.488,189.63,0,0
2015-05-29,05:00:00,189.632,189.73,189.555,189.667,0,0
2015-05-29,06:00:00,189.664,189.756,189.607,189.715,0,0
2015-05-29,07:00:00,189.723,189.776,189.668,189.745,0,0
2015-05-29,08:00:00,189.738,189.946,189.707,189.933,0,0
2015-05-29,09:00:00,189.922,190.014,189.565,189.571,0,0
2015-05-29,10:00:00,189.571,189.618,189.235,189.347,0,0
2015-05-29,11:00:00,189.359,189.531,189.192,189.208,0,0
2015-05-29,12:00:00,189.224,189.382,189.133,189.213,0,0
2015-05-29,13:00:00,189.209,189.209,188.828,188.881,0,0
2015-05-29,14:00:00,188.862,189.104,188.709,188.992,0,0
2015-05-29,15:00:00,188.994,189.509,188.855,189.367,0,0
2015-05-29,16:00:00,189.377,189.575,189.356,189.357,0,0
2015-05-29,17:00:00,189.396,189.496,189.028,189.306,0,0
2015-05-29,18:00:00,189.324,189.61,189.272,189.478,0,0
2015-05-29,19:00:00,189.478,189.548,189.339,189.524,0,0
2015-05-29,20:00:00,189.526,189.786,189.526,189.743,0,0
2015-05-29,21:00:00,189.749,189.788,189.618,189.678,0,0
2015-05-29,22:00:00,189.714,189.812,189.678,189.719,0,0
2015-05-29,23:00:00,189.723,189.735,189.709,189.725,0,0
2015-06-01,01:00:00,189.819,189.866,189.714,189.848,0,0
2015-06-01,02:00:00,189.85,189.931,189.771,189.913,0,0
2015-06-01,03:00:00,189.94,189.948,189.724,189.735,0,0
2015-06-01,04:00:00,189.735,189.822,189.65,189.775,0,0
2015-06-01,05:00:00,189.796,189.876,189.657,189.858,0,0
2015-06-01,06:00:00,189.849,189.869,189.755,189.755,0,0
2015-06-01,07:00:00,189.755,189.821,189.651,189.713,0,0
2015-06-01,08:00:00,189.713,189.977,189.713,189.977,0,0
2015-06-01,09:00:00,189.966,190.001,189.446,189.494,0,0
2015-06-01,10:00:00,189.501,189.759,189.341,189.43,0,0
2015-06-01,11:00:00,189.429,189.539,188.871,188.967,0,0
2015-06-01,12:00:00,188.978,188.978,188.637,188.832,0,0
2015-06-01,13:00:00,188.842,188.857,188.551,188.636,0,0
2015-06-01,14:00:00,188.65,189.08,188.552,188.879,0,0
2015-06-01,15:00:00,188.883,189.097,188.616,188.903,0,0
2015-06-01,16:00:00,188.896,189.393,188.874,189.311,0,0
2015-06-01,17:00:00,189.335,189.58,189.041,189.381,0,0
2015-06-01,18:00:00,189.361,189.45,189.112,189.306,0,0
2015-06-01,19:00:00,189.304,189.705,189.276,189.641,0,0
2015-06-01,20:00:00,189.638,189.822,189.62,189.788,0,0
2015-06-01,21:00:00,189.79,189.854,189.672,189.81,0,0
2015-06-01,22:00:00,189.785,189.829,189.617,189.653,0,0
2015-06-01,23:00:00,189.663,189.786,189.637,189.683,0,0
2015-06-01,23:59:00,189.66,189.743,189.59,189.646,0,0
2015-06-02,01:00:00,189.63,189.748,189.613,189.742,0,0
2015-06-02,02:00:00,189.748,189.853,189.722,189.753,0,0
2015-06-02,03:00:00,189.756,189.799,189.706,189.769,0,0
2015-06-02,04:00:00,189.768,189.801,189.72,189.801,0,0
2015-06-02,05:00:00,189.804,189.998,189.637,189.751,0,0
2015-06-02,06:00:00,189.748,189.788,189.566,189.67,0,0
2015-06-02,07:00:00,189.67,189.677,189.471,189.56,0,0
2015-06-02,08:00:00,189.541,189.668,189.505,189.588,0,0
2015-06-02,09:00:00,189.589,189.781,189.465,189.545,0,0
2015-06-02,10:00:00,189.524,189.603,189.152,189.216,0,0
2015-06-02,11:00:00,189.212,189.894,189.142,189.767,0,0
2015-06-02,12:00:00,189.791,190.334,189.684,190.308,0,0
2015-06-02,13:00:00,190.335,190.501,190.105,190.145,0,0
2015-06-02,14:00:00,190.147,190.285,189.845,189.897,0,0
2015-06-02,15:00:00,189.9,190.019,189.698,189.989,0,0
2015-06-02,16:00:00,189.992,190.327,189.912,190.145,0,0
2015-06-02,17:00:00,190.151,190.283,189.869,190.238,0,0
2015-06-02,18:00:00,190.23,190.422,190.178,190.394,0,0
2015-06-02,19:00:00,190.391,190.532,190.308,190.373,0,0
2015-06-02,20:00:00,190.469,190.506,190.245,190.369,0,0
2015-06-02,21:00:00,190.371,190.461,190.26,190.461,0,0
2015-06-02,22:00:00,190.494,190.494,190.279,190.37,0,0
2015-06-02,23:00:00,190.37,190.462,190.338,190.444,0,0
2015-06-02,23:59:00,190.438,190.473,190.346,190.382,0,0
2015-06-03,01:00:00,190.386,190.444,190.333,190.336,0,0
2015-06-03,02:00:00,190.36,190.36,190.167,190.252,0,0
2015-06-03,03:00:00,190.254,190.466,190.25,190.391,0,0
2015-06-03,04:00:00,190.386,190.397,190.21,190.276,0,0
2015-06-03,05:00:00,190.28,190.367,190.138,190.249,0,0
2015-06-03,06:00:00,190.255,190.426,190.243,190.355,0,0
2015-06-03,07:00:00,190.354,190.355,190.198,190.241,0,0
2015-06-03,08:00:00,190.25,190.414,190.176,190.414,0,0
2015-06-03,09:00:00,190.437,190.507,190.288,190.326,0,0
2015-06-03,10:00:00,190.333,190.679,190.213,190.677,0,0
2015-06-03,11:00:00,190.687,190.805,189.61,189.852,0,0
2015-06-03,12:00:00,189.87,190.088,189.742,189.961,0,0
2015-06-03,13:00:00,189.979,190.264,189.968,190.226,0,0
2015-06-03,14:00:00,190.225,190.294,190.046,190.209,0,0
2015-06-03,15:00:00,190.206,190.412,190.126,190.285,0,0
2015-06-03,16:00:00,190.275,190.54,190.217,190.257,0,0
2015-06-03,17:00:00,190.246,190.532,190.044,190.303,0,0
2015-06-03,18:00:00,190.307,190.718,190.234,190.443,0,0
2015-06-03,19:00:00,190.415,190.705,190.362,190.665,0,0
2015-06-03,20:00:00,190.662,190.687,190.548,190.564,0,0
2015-06-03,21:00:00,190.561,190.645,190.413,190.439,0,0
2015-06-03,22:00:00,190.43,190.555,190.43,190.501,0,0
2015-06-03,23:00:00,190.474,190.591,190.474,190.567,0,0
2015-06-03,23:59:00,190.611,190.619,190.405,190.55,0,0
2015-06-04,01:00:00,190.552,190.588,190.455,190.532,0,0
2015-06-04,02:00:00,190.532,190.61,190.495,190.519,0,0
2015-06-04,03:00:00,190.522,190.657,190.505,190.593,0,0
2015-06-04,04:00:00,190.593,190.885,190.531,190.86,0,0
2015-06-04,05:00:00,190.849,190.896,190.79,190.849,0,0
2015-06-04,06:00:00,190.837,190.917,190.761,190.765,0,0
2015-06-04,07:00:00,190.765,190.852,190.722,190.776,0,0
2015-06-04,08:00:00,190.78,190.793,190.497,190.587,0,0
2015-06-04,09:00:00,190.579,190.641,189.853,190.292,0,0
2015-06-04,10:00:00,190.282,190.669,190.273,190.565,0,0
2015-06-04,11:00:00,190.563,191.028,190.402,191.019,0,0
2015-06-04,12:00:00,190.995,191.53,190.939,191.451,0,0
2015-06-04,13:00:00,191.468,191.551,191.182,191.447,0,0
2015-06-04,14:00:00,191.448,191.52,190.831,190.874,0,0
2015-06-04,15:00:00,190.886,191.42,190.886,191.358,0,0
2015-06-04,16:00:00,191.368,191.435,190.917,191.13,0,0
2015-06-04,17:00:00,191.137,191.427,191.015,191.272,0,0
2015-06-04,18:00:00,191.275,191.449,191.136,191.413,0,0
2015-06-04,19:00:00,191.418,191.694,191.234,191.55,0,0
2015-06-04,20:00:00,191.543,191.567,191.12,191.12,0,0
2015-06-04,21:00:00,191.13,191.263,191.036,191.128,0,0
2015-06-04,22:00:00,191.183,191.186,190.99,191.039,0,0
2015-06-04,23:00:00,191.08,191.123,191.006,191.103,0,0
2015-06-04,23:59:00,191.094,191.17,190.995,191.149,0,0
2015-06-05,01:00:00,191.148,191.166,191.044,191.096,0,0
2015-06-05,02:00:00,191.096,191.175,191.041,191.047,0,0
2015-06-05,03:00:00,191.059,191.338,191.056,191.219,0,0
2015-06-05,04:00:00,191.219,191.255,191.128,191.161,0,0
2015-06-05,05:00:00,191.182,191.209,191.07,191.077,0,0
2015-06-05,06:00:00,191.079,191.241,191.077,191.206,0,0
2015-06-05,07:00:00,191.206,191.269,191.156,191.173,0,0
2015-06-05,08:00:00,191.186,191.206,191.089,191.15,0,0
2015-06-05,09:00:00,191.164,191.209,190.811,190.904,0,0
2015-06-05,10:00:00,190.91,191.178,190.772,191.072,0,0
2015-06-05,11:00:00,191.066,191.28,190.88,190.933,0,0
2015-06-05,12:00:00,190.937,191.255,190.896,191.21,0,0
2015-06-05,13:00:00,191.198,191.22,190.921,190.969,0,0
2015-06-05,14:00:00,190.962,191.3,190.953,191.29,0,0
2015-06-05,15:00:00,191.29,191.628,190.966,191.451,0,0
2015-06-05,16:00:00,191.456,191.484,191.093,191.21,0,0
2015-06-05,17:00:00,191.235,191.525,191.193,191.501,0,0
2015-06-05,18:00:00,191.51,191.723,191.399,191.723,0,0
2015-06-05,19:00:00,191.747,191.749,191.507,191.718,0,0
2015-06-05,20:00:00,191.721,191.873,191.673,191.811,0,0
2015-06-05,21:00:00,191.808,191.933,191.784,191.864,0,0
2015-06-05,22:00:00,191.848,191.885,191.788,191.863,0,0
2015-06-05,23:00:00,191.846,191.927,191.846,191.927,0,0
2015-06-08,01:00:00,191.691,191.865,191.636,191.837,0,0
2015-06-08,02:00:00,191.858,191.869,191.737,191.738,0,0
2015-06-08,03:00:00,191.737,191.761,191.49,191.569,0,0
2015-06-08,04:00:00,191.569,191.643,191.354,191.368,0,0
2015-06-08,05:00:00,191.377,191.497,191.274,191.455,0,0
2015-06-08,06:00:00,191.487,191.517,191.408,191.483,0,0
2015-06-08,07:00:00,191.499,191.556,191.427,191.538,0,0
2015-06-08,08:00:00,191.543,191.69,191.491,191.615,0,0
2015-06-08,09:00:00,191.624,191.778,191.262,191.39,0,0
2015-06-08,10:00:00,191.402,191.597,191.215,191.278,0,0
2015-06-08,11:00:00,191.285,191.541,190.877,190.955,0,0
2015-06-08,12:00:00,190.955,191.085,190.797,190.8,0,0
2015-06-08,13:00:00,190.789,190.957,190.687,190.952,0,0
2015-06-08,14:00:00,190.957,191.242,190.922,191.138,0,0
2015-06-08,15:00:00,191.135,191.402,191.033,191.1,0,0
2015-06-08,16:00:00,191.102,191.339,191.102,191.271,0,0
2015-06-08,17:00:00,191.25,191.473,191.205,191.461,0,0
2015-06-08,18:00:00,191.461,191.485,190.98,191.119,0,0
2015-06-08,19:00:00,191.127,191.42,191.126,191.39,0,0
2015-06-08,20:00:00,191.434,191.486,191.269,191.282,0,0
2015-06-08,21:00:00,191.265,191.39,190.972,191.086,0,0
2015-06-08,22:00:00,191.076,191.134,190.791,190.893,0,0
2015-06-08,23:00:00,190.894,191.16,190.894,191.079,0,0
2015-06-08,23:59:00,191.085,191.233,191.069,191.166,0,0
2015-06-09,01:00:00,191.135,191.192,191.082,191.192,0,0
2015-06-09,02:00:00,191.192,191.237,191.119,191.137,0,0
2015-06-09,03:00:00,191.146,191.267,191.134,191.142,0,0
2015-06-09,04:00:00,191.139,191.209,191.041,191.136,0,0
2015-06-09,05:00:00,191.156,191.185,191.08,191.143,0,0
2015-06-09,06:00:00,191.143,191.219,191.09,191.219,0,0
2015-06-09,07:00:00,191.229,191.258,191.148,191.181,0,0
2015-06-09,08:00:00,191.18,191.183,190.957,191.055,0,0
2015-06-09,09:00:00,191.045,191.098,190.782,190.924,0,0
2015-06-09,10:00:00,190.928,190.934,190.271,190.361,0,0
2015-06-09,11:00:00,190.369,190.483,189.996,190.015,0,0
2015-06-09,12:00:00,190.045,190.105,189.733,189.783,0,0
2015-06-09,13:00:00,189.77,189.857,189.533,189.695,0,0
2015-06-09,14:00:00,189.702,190.156,189.681,189.937,0,0
2015-06-09,15:00:00,189.929,190.179,189.737,190.112,0,0
2015-06-09,16:00:00,190.116,190.402,189.888,190.359,0,0
2015-06-09,17:00:00,190.36,190.664,189.814,190.484,0,0
2015-06-09,18:00:00,190.484,191.099,190.461,191.006,0,0
2015-06-09,19:00:00,191.008,191.09,190.846,191.039,0,0
2015-06-09,20:00:00,191.038,191.362,191.004,191.348,0,0
2015-06-09,21:00:00,191.348,191.369,191.188,191.197,0,0
2015-06-09,22:00:00,191.192,191.296,191.186,191.296,0,0
2015-06-09,23:00:00,191.292,191.341,191.22,191.305,0,0
2015-06-09,23:59:00,191.309,191.317,191.214,191.248,0,0
2015-06-10,01:00:00,191.248,191.354,191.234,191.346,0,0
2015-06-10,02:00:00,191.357,191.426,191.304,191.351,0,0
2015-06-10,03:00:00,191.351,191.558,191.316,191.461,0,0
2015-06-10,04:00:00,191.448,191.509,191.363,191.421,0,0
2015-06-10,05:00:00,191.421,191.526,191.356,191.501,0,0
2015-06-10,06:00:00,191.5,191.618,191.491,191.532,0,0
2015-06-10,07:00:00,191.523,191.529,189.321,189.622,0,0
2015-06-10,08:00:00,189.648,189.745,188.982,189.405,0,0
2015-06-10,09:00:00,189.46,189.693,189.109,189.614,0,0
2015-06-10,10:00:00,189.644,189.766,189.361,189.602,0,0
2015-06-10,11:00:00,189.61,189.982,189.217,189.347,0,0
2015-06-10,12:00:00,189.346,189.949,189.329,189.858,0,0
2015-06-10,13:00:00,189.859,190.711,189.832,190.487,0,0
2015-06-10,14:00:00,190.476,190.616,190.366,190.407,0,0
2015-06-10,15:00:00,190.406,190.531,190.193,190.241,0,0
2015-06-10,16:00:00,190.226,190.691,190.189,190.525,0,0
2015-06-10,17:00:00,190.536,190.714,190.301,190.615,0,0
2015-06-10,18:00:00,190.572,190.918,190.439,190.585,0,0
2015-06-10,19:00:00,190.569,190.584,190.167,190.372,0,0
2015-06-10,20:00:00,190.378,190.482,190.279,190.315,0,0
2015-06-10,21:00:00,190.321,190.629,190.281,190.503,0,0
2015-06-10,22:00:00,190.52,190.644,190.471,190.554,0,0
2015-06-10,23:00:00,190.513,190.586,190.414,190.541,0,0
2015-06-10,23:59:00,190.527,190.593,190.374,190.392,0,0
2015-06-11,01:00:00,190.444,190.534,190.385,190.416,0,0
2015-06-11,02:00:00,190.417,190.499,190.322,190.466,0,0
2015-06-11,03:00:00,190.487,190.71,190.487,190.692,0,0
2015-06-11,04:00:00,190.689,190.801,190.436,190.789,0,0
2015-06-11,05:00:00,190.776,190.838,190.536,190.743,0,0
2015-06-11,06:00:00,190.721,190.821,190.658,190.764,0,0
2015-06-11,07:00:00,190.762,190.959,190.584,190.916,0,0
2015-06-11,08:00:00,190.928,191.011,190.759,190.825,0,0
2015-06-11,09:00:00,190.823,190.939,190.465,190.577,0,0
2015-06-11,10:00:00,190.556,190.852,190.403,190.852,0,0
2015-06-11,11:00:00,190.842,191.148,190.72,191.094,0,0
2015-06-11,12:00:00,191.075,191.444,190.966,191.154,0,0
2015-06-11,13:00:00,191.166,191.321,191.126,191.259,0,0
2015-06-11,14:00:00,191.246,191.396,191.139,191.169,0,0
2015-06-11,15:00:00,191.176,191.588,191.007,191.35,0,0
2015-06-11,16:00:00,191.366,191.522,191.223,191.498,0,0
2015-06-11,17:00:00,191.509,191.735,191.385,191.586,0,0
2015-06-11,18:00:00,191.609,191.955,191.431,191.551,0,0
2015-06-11,19:00:00,191.55,191.588,191.442,191.57,0,0
2015-06-11,20:00:00,191.571,191.675,191.469,191.577,0,0
2015-06-11,21:00:00,191.588,191.649,191.482,191.51,0,0
2015-06-11,22:00:00,191.507,191.651,191.482,191.644,0,0
2015-06-11,23:00:00,191.644,191.644,191.509,191.509,0,0
2015-06-11,23:59:00,191.515,191.65,191.506,191.56,0,0
2015-06-12,01:00:00,191.559,191.689,191.516,191.605,0,0
2015-06-12,02:00:00,191.605,191.782,191.566,191.75,0,0
2015-06-12,03:00:00,191.769,191.78,191.601,191.614,0,0
2015-06-12,04:00:00,191.627,191.79,191.58,191.749,0,0
2015-06-12,05:00:00,191.785,191.785,191.57,191.617,0,0
2015-06-12,06:00:00,191.618,191.717,191.565,191.644,0,0
2015-06-12,07:00:00,191.647,191.651,191.255,191.449,0,0
2015-06-12,08:00:00,191.444,191.512,191.395,191.453,0,0
2015-06-12,09:00:00,191.44,191.681,191.411,191.632,0,0
2015-06-12,10:00:00,191.631,191.889,191.618,191.793,0,0
2015-06-12,11:00:00,191.805,192.05,191.316,191.572,0,0
2015-06-12,12:00:00,191.572,191.913,191.506,191.593,0,0
2015-06-12,13:00:00,191.583,191.962,191.548,191.913,0,0
2015-06-12,14:00:00,191.91,191.941,191.389,191.408,0,0
2015-06-12,15:00:00,191.414,191.854,191.392,191.647,0,0
2015-06-12,16:00:00,191.654,191.685,191.372,191.445,0,0
2015-06-12,17:00:00,191.475,192.066,191.43,191.95,0,0
2015-06-12,18:00:00,191.929,192.221,191.891,192.09,0,0
2015-06-12,19:00:00,192.088,192.155,191.571,191.9,0,0
2015-06-12,20:00:00,191.887,192.072,191.886,192.057,0,0
2015-06-12,21:00:00,192.066,192.209,191.973,191.987,0,0
2015-06-12,22:00:00,191.991,192.03,191.863,192.002,0,0
2015-06-12,23:00:00,192.011,192.045,192.011,192.021,0,0
2015-06-15,01:00:00,191.737,191.983,191.726,191.902,0,0
2015-06-15,02:00:00,191.912,191.947,191.823,191.911,0,0
2015-06-15,03:00:00,191.923,192.042,191.898,192.027,0,0
2015-06-15,04:00:00,192.02,192.05,191.838,191.969,0,0
2015-06-15,05:00:00,191.944,191.966,191.825,191.892,0,0
2015-06-15,06:00:00,191.895,191.924,191.808,191.86,0,0
2015-06-15,07:00:00,191.86,191.896,191.738,191.84,0,0
2015-06-15,08:00:00,191.841,191.93,191.795,191.808,0,0
2015-06-15,09:00:00,191.823,191.928,191.677,191.824,0,0
2015-06-15,10:00:00,191.835,191.998,191.693,191.852,0,0
2015-06-15,11:00:00,191.846,191.951,191.701,191.715,0,0
2015-06-15,12:00:00,191.743,191.767,191.476,191.582,0,0
2015-06-15,13:00:00,191.583,191.678,191.421,191.56,0,0
2015-06-15,14:00:00,191.56,191.641,191.474,191.479,0,0
2015-06-15,15:00:00,191.481,191.639,191.466,191.639,0,0
2015-06-15,16:00:00,191.639,191.687,191.476,191.511,0,0
2015-06-15,17:00:00,191.509,191.948,191.453,191.918,0,0
2015-06-15,18:00:00,191.926,192.145,191.924,192.145,0,0
2015-06-15,19:00:00,192.141,192.417,192.051,192.355,0,0
2015-06-15,20:00:00,192.354,192.584,192.31,192.312,0,0
2015-06-15,21:00:00,192.321,192.619,192.257,192.583,0,0
2015-06-15,22:00:00,192.568,192.627,192.504,192.532,0,0
2015-06-15,23:00:00,192.528,192.569,192.483,192.537,0,0
2015-06-15,23:59:00,192.546,192.675,192.462,192.478,0,0
2015-06-16,01:00:00,192.471,192.543,192.471,192.529,0,0
2015-06-16,02:00:00,192.525,192.551,192.46,192.521,0,0
2015-06-16,03:00:00,192.521,192.552,192.433,192.468,0,0
2015-06-16,04:00:00,192.47,193.081,192.403,192.801,0,0
2015-06-16,05:00:00,192.81,193.001,192.78,192.815,0,0
2015-06-16,06:00:00,192.823,192.938,192.808,192.89,0,0
2015-06-16,07:00:00,192.884,192.977,192.848,192.915,0,0
2015-06-16,08:00:00,192.915,192.942,192.818,192.893,0,0
2015-06-16,09:00:00,192.892,193.113,192.693,193.113,0,0
2015-06-16,10:00:00,193.127,193.162,192.453,192.558,0,0
2015-06-16,11:00:00,192.571,192.935,192.099,192.13,0,0
2015-06-16,12:00:00,192.114,192.446,192.069,192.36,0,0
2015-06-16,13:00:00,192.361,192.684,192.349,192.509,0,0
2015-06-16,14:00:00,192.512,193.145,192.512,192.936,0,0
2015-06-16,15:00:00,192.941,193.077,192.657,192.741,0,0
2015-06-16,16:00:00,192.742,192.989,192.724,192.917,0,0
2015-06-16,17:00:00,192.903,193.001,192.723,192.906,0,0
2015-06-16,18:00:00,192.876,192.934,192.668,192.934,0,0
2015-06-16,19:00:00,192.942,192.991,192.841,192.947,0,0
2015-06-16,20:00:00,192.942,193.076,192.91,192.948,0,0
2015-06-16,21:00:00,192.943,193.136,192.943,193.063,0,0
2015-06-16,22:00:00,193.052,193.12,192.983,192.983,0,0
2015-06-16,23:00:00,192.987,193.123,192.987,193.045,0,0
2015-06-16,23:59:00,193.029,193.131,193.018,193.072,0,0
2015-06-17,01:00:00,193.071,193.109,193.037,193.047,0,0
2015-06-17,02:00:00,193.045,193.108,193.02,193.083,0,0
2015-06-17,03:00:00,193.077,193.091,193.01,193.037,0,0
2015-06-17,04:00:00,193.034,193.084,192.972,192.993,0,0
2015-06-17,05:00:00,192.998,193.141,192.972,193.076,0,0
2015-06-17,06:00:00,193.076,193.143,192.997,193.094,0,0
2015-06-17,07:00:00,193.094,193.121,193.064,193.115,0,0
2015-06-17,08:00:00,193.118,193.315,193.118,193.184,0,0
2015-06-17,09:00:00,193.193,193.315,193.118,193.302,0,0
2015-06-17,10:00:00,193.304,193.516,193.226,193.336,0,0
2015-06-17,11:00:00,193.332,194.857,193.329,194.733,0,0
2015-06-17,12:00:00,194.755,195.121,194.662,195.061,0,0
2015-06-17,13:00:00,195.053,195.231,195.022,195.085,0,0
2015-06-17,14:00:00,195.071,195.232,194.802,194.827,0,0
2015-06-17,15:00:00,194.854,195.216,194.834,195.179,0,0
2015-06-17,16:00:00,195.184,195.258,195.022,195.185,0,0
2015-06-17,17:00:00,195.206,195.256,194.964,195.164,0,0
2015-06-17,18:00:00,195.185,195.284,194.986,195.119,0,0
2015-06-17,19:00:00,195.138,195.354,195.101,195.278,0,0
2015-06-17,20:00:00,195.273,195.568,195.208,195.568,0,0
2015-06-17,21:00:00,195.622,195.622,195.119,195.296,0,0
2015-06-17,22:00:00,195.294,195.43,195.195,195.401,0,0
2015-06-17,23:00:00,195.423,195.48,195.287,195.431,0,0
2015-06-17,23:59:00,195.424,195.46,195.324,195.401,0,0
2015-06-18,01:00:00,195.401,195.533,195.383,195.463,0,0
2015-06-18,02:00:00,195.47,195.843,195.447,195.84,0,0
2015-06-18,03:00:00,195.842,195.842,195.434,195.452,0,0
2015-06-18,04:00:00,195.459,195.469,195.154,195.215,0,0
2015-06-18,05:00:00,195.218,195.33,195.024,195.024,0,0
2015-06-18,06:00:00,195.023,195.139,195.009,195.063,0,0
2015-06-18,07:00:00,195.058,195.08,194.869,194.882,0,0
2015-06-18,08:00:00,194.896,194.91,194.494,194.533,0,0
2015-06-18,09:00:00,194.53,194.713,194.369,194.695,0,0
2015-06-18,10:00:00,194.674,195.215,194.665,195.215,0,0
2015-06-18,11:00:00,195.18,195.47,195.051,195.155,0,0
2015-06-18,12:00:00,195.158,195.306,194.885,195.105,0,0
2015-06-18,13:00:00,195.1,195.268,195.047,195.122,0,0
2015-06-18,14:00:00,195.124,195.277,195.082,195.231,0,0
2015-06-18,15:00:00,195.227,195.328,195.04,195.152,0,0
2015-06-18,16:00:00,195.149,195.206,195.017,195.164,0,0
2015-06-18,17:00:00,195.185,195.511,195.13,195.292,0,0
2015-06-18,18:00:00,195.313,195.336,195.09,195.146,0,0
2015-06-18,19:00:00,195.123,195.465,195.032,195.228,0,0
2015-06-18,20:00:00,195.228,195.278,195.038,195.158,0,0
2015-06-18,21:00:00,195.156,195.324,195.134,195.267,0,0
2015-06-18,22:00:00,195.295,195.336,195.159,195.253,0,0
2015-06-18,23:00:00,195.269,195.326,195.204,195.257,0,0
2015-06-18,23:59:00,195.294,195.299,195.228,195.235,0,0
2015-06-19,01:00:00,195.236,195.283,195.191,195.211,0,0
2015-06-19,02:00:00,195.211,195.382,195.2,195.314,0,0
2015-06-19,03:00:00,195.316,195.444,195.288,195.313,0,0
2015-06-19,04:00:00,195.318,195.359,195.247,195.281,0,0
2015-06-19,05:00:00,195.284,195.371,195.221,195.351,0,0
2015-06-19,06:00:00,195.346,195.482,195.249,195.407,0,0
2015-06-19,07:00:00,195.402,195.496,195.324,195.377,0,0
2015-06-19,08:00:00,195.377,195.493,195.299,195.416,0,0
2015-06-19,09:00:00,195.417,195.453,195.283,195.31,0,0
2015-06-19,10:00:00,195.315,195.315,194.975,195.193,0,0
2015-06-19,11:00:00,195.207,195.371,195.018,195.018,0,0
2015-06-19,12:00:00,194.995,195.313,194.904,195.108,0,0
2015-06-19,13:00:00,195.114,195.324,195.085,195.118,0,0
2015-06-19,14:00:00,195.101,195.209,195.006,195.132,0,0
2015-06-19,15:00:00,195.125,195.336,195.036,195.205,0,0
2015-06-19,16:00:00,195.205,195.303,194.741,194.811,0,0
2015-06-19,17:00:00,194.841,195.015,194.77,194.978,0,0
2015-06-19,18:00:00,194.976,195.073,194.762,194.838,0,0
2015-06-19,19:00:00,194.843,194.847,194.617,194.683,0,0
2015-06-19,20:00:00,194.64,194.845,194.618,194.702,0,0
2015-06-19,21:00:00,194.69,194.838,194.679,194.818,0,0
2015-06-19,22:00:00,194.813,194.833,194.721,194.805,0,0
2015-06-19,23:00:00,194.812,194.826,194.778,194.793,0,0
2015-06-22,01:00:00,195.119,195.119,194.877,194.908,0,0
2015-06-22,02:00:00,194.933,194.972,194.839,194.876,0,0
2015-06-22,03:00:00,194.883,194.986,194.771,194.83,0,0
2015-06-22,04:00:00,194.822,194.943,194.74,194.936,0,0
2015-06-22,05:00:00,194.933,195.103,194.885,195.103,0,0
2015-06-22,06:00:00,195.119,195.15,194.999,195.004,0,0
2015-06-22,07:00:00,195.007,195.241,194.979,195.177,0,0
2015-06-22,08:00:00,195.179,195.204,195.078,195.114,0,0
2015-06-22,09:00:00,195.114,195.468,195.062,195.369,0,0
2015-06-22,10:00:00,195.369,195.581,195.202,195.226,0,0
2015-06-22,11:00:00,195.217,195.317,195.07,195.267,0,0
2015-06-22,12:00:00,195.256,195.37,195.022,195.24,0,0
2015-06-22,13:00:00,195.245,195.342,194.907,194.924,0,0
2015-06-22,14:00:00,194.928,195.198,194.86,195.079,0,0
2015-06-22,15:00:00,195.084,195.084,194.63,194.786,0,0
2015-06-22,16:00:00,194.785,195.022,194.702,194.924,0,0
2015-06-22,17:00:00,194.929,195.221,194.874,194.906,0,0
2015-06-22,18:00:00,194.899,195.146,194.865,195.057,0,0
2015-06-22,19:00:00,195.066,195.24,195.014,195.222,0,0
2015-06-22,20:00:00,195.196,195.316,195.093,195.199,0,0
2015-06-22,21:00:00,195.194,195.385,195.194,195.299,0,0
2015-06-22,22:00:00,195.297,195.34,195.133,195.133,0,0
2015-06-22,23:00:00,195.139,195.268,195.124,195.211,0,0
2015-06-22,23:59:00,195.221,195.291,195.135,195.207,0,0
2015-06-23,01:00:00,195.213,195.258,195.179,195.242,0,0
2015-06-23,02:00:00,195.24,195.346,195.237,195.318,0,0
2015-06-23,03:00:00,195.336,195.336,195.217,195.289,0,0
2015-06-23,04:00:00,195.292,195.433,194.961,195.189,0,0
2015-06-23,05:00:00,195.183,195.183,194.916,195.108,0,0
2015-06-23,06:00:00,195.096,195.186,195.041,195.075,0,0
2015-06-23,07:00:00,195.08,195.216,194.994,195.196,0,0
2015-06-23,08:00:00,195.196,195.26,195.109,195.109,0,0
2015-06-23,09:00:00,195.124,195.416,195.083,195.407,0,0
2015-06-23,10:00:00,195.396,195.505,195.146,195.212,0,0
2015-06-23,11:00:00,195.182,195.293,194.993,195.254,0,0
2015-06-23,12:00:00,195.269,195.436,195.184,195.301,0,0
2015-06-23,13:00:00,195.295,195.33,195.098,195.166,0,0
2015-06-23,14:00:00,195.162,195.414,195.162,195.315,0,0
2015-06-23,15:00:00,195.312,195.386,195.165,195.386,0,0
2015-06-23,16:00:00,195.377,195.384,195.151,195.357,0,0
2015-06-23,17:00:00,195.381,195.381,194.795,194.869,0,0
2015-06-23,18:00:00,194.857,194.95,194.779,194.837,0,0
2015-06-23,19:00:00,194.834,194.836,194.599,194.707,0,0
2015-06-23,20:00:00,194.704,194.763,194.596,194.637,0,0
2015-06-23,21:00:00,194.637,194.816,194.59,194.77,0,0
2015-06-23,22:00:00,194.78,194.932,194.738,194.917,0,0
2015-06-23,23:00:00,194.905,194.946,194.844,194.94,0,0
2015-06-23,23:59:00,194.954,194.982,194.872,194.881,0,0
2015-06-24,01:00:00,194.903,194.955,194.869,194.922,0,0
2015-06-24,02:00:00,194.925,194.969,194.867,194.945,0,0
2015-06-24,03:00:00,194.953,195.04,194.839,194.963,0,0
2015-06-24,04:00:00,194.968,195.047,194.846,194.89,0,0
2015-06-24,05:00:00,194.895,195.033,194.811,195.033,0,0
2015-06-24,06:00:00,195.033,195.089,194.989,195.08,0,0
2015-06-24,07:00:00,195.08,195.289,195.023,195.247,0,0
2015-06-24,08:00:00,195.247,195.524,195.232,195.352,0,0
2015-06-24,09:00:00,195.325,195.797,195.213,195.794,0,0
2015-06-24,10:00:00,195.797,195.888,195.552,195.626,0,0
2015-06-24,11:00:00,195.608,195.772,195.523,195.616,0,0
2015-06-24,12:00:00,195.63,195.731,195.145,195.163,0,0
2015-06-24,13:00:00,195.139,195.384,195.075,195.255,0,0
2015-06-24,14:00:00,195.24,195.355,195.202,195.243,0,0
2015-06-24,15:00:00,195.256,195.359,194.986,195.325,0,0
2015-06-24,16:00:00,195.32,195.497,195.314,195.413,0,0
2015-06-24,17:00:00,195.397,195.512,195.187,195.451,0,0
2015-06-24,18:00:00,195.476,195.525,194.798,194.815,0,0
2015-06-24,19:00:00,194.815,194.826,194.417,194.546,0,0
2015-06-24,20:00:00,194.545,194.545,194.335,194.398,0,0
2015-06-24,21:00:00,194.4,194.475,194.26,194.424,0,0
2015-06-24,22:00:00,194.42,194.497,194.371,194.425,0,0
2015-06-24,23:00:00,194.425,194.62,194.372,194.514,0,0
2015-06-24,23:59:00,194.523,194.605,194.481,194.599,0,0
2015-06-25,01:00:00,194.596,194.636,194.522,194.568,0,0
2015-06-25,02:00:00,194.567,194.614,194.496,194.514,0,0
2015-06-25,03:00:00,194.525,194.587,194.395,194.422,0,0
2015-06-25,04:00:00,194.428,194.511,194.398,194.422,0,0
2015-06-25,05:00:00,194.416,194.43,194.236,194.236,0,0
2015-06-25,06:00:00,194.234,194.278,193.993,194.09,0,0
2015-06-25,07:00:00,194.084,194.101,193.945,194.04,0,0
2015-06-25,08:00:00,194.041,194.047,193.863,193.894,0,0
2015-06-25,09:00:00,193.927,194.316,193.868,194.266,0,0
2015-06-25,10:00:00,194.263,194.578,194.198,194.403,0,0
2015-06-25,11:00:00,194.395,194.531,194.156,194.156,0,0
2015-06-25,12:00:00,194.155,194.196,193.494,193.656,0,0
2015-06-25,13:00:00,193.695,194.42,193.539,194.302,0,0
2015-06-25,14:00:00,194.28,194.432,194.162,194.382,0,0
2015-06-25,15:00:00,194.397,194.652,194.335,194.636,0,0
2015-06-25,16:00:00,194.636,194.762,194.539,194.704,0,0
2015-06-25,17:00:00,194.713,194.738,194.408,194.485,0,0
2015-06-25,18:00:00,194.502,194.577,194.386,194.426,0,0
2015-06-25,19:00:00,194.428,194.512,194.411,194.496,0,0
2015-06-25,20:00:00,194.494,194.605,194.417,194.556,0,0
2015-06-25,21:00:00,194.556,194.571,194.405,194.485,0,0
2015-06-25,22:00:00,194.475,194.569,194.44,194.524,0,0
2015-06-25,23:00:00,194.527,194.702,194.491,194.663,0,0
2015-06-25,23:59:00,194.686,194.757,194.65,194.656,0,0
2015-06-26,01:00:00,194.647,194.73,194.602,194.619,0,0
2015-06-26,02:00:00,194.618,194.64,194.552,194.605,0,0
2015-06-26,03:00:00,194.606,194.624,194.328,194.404,0,0
2015-06-26,04:00:00,194.41,194.5,194.159,194.188,0,0
2015-06-26,05:00:00,194.189,194.278,194.034,194.1,0,0
2015-06-26,06:00:00,194.102,194.298,194.102,194.285,0,0
2015-06-26,07:00:00,194.299,194.327,194.196,194.207,0,0
2015-06-26,08:00:00,194.203,194.23,194.06,194.186,0,0
2015-06-26,09:00:00,194.189,194.355,194.161,194.279,0,0
2015-06-26,10:00:00,194.283,194.477,193.945,194.325,0,0
2015-06-26,11:00:00,194.337,194.537,194.259,194.385,0,0
2015-06-26,12:00:00,194.378,194.448,194.282,194.361,0,0
2015-06-26,13:00:00,194.373,194.403,193.999,194.252,0,0
2015-06-26,14:00:00,194.264,194.47,194.086,194.423,0,0
2015-06-26,15:00:00,194.405,194.696,194.387,194.662,0,0
2015-06-26,16:00:00,194.624,195.11,194.611,195.042,0,0
2015-06-26,17:00:00,195.039,195.259,194.867,194.958,0,0
2015-06-26,18:00:00,194.959,195.176,194.93,195.031,0,0
2015-06-26,19:00:00,195.035,195.093,194.877,194.892,0,0
2015-06-26,20:00:00,194.891,194.995,194.763,194.859,0,0
2015-06-26,21:00:00,194.864,194.884,194.734,194.829,0,0
2015-06-26,22:00:00,194.838,194.913,194.713,194.907,0,0
2015-06-26,23:00:00,194.899,194.899,194.87,194.882,0,0
2015-06-29,01:00:00,192.605,192.871,191.393,192.544,0,0
2015-06-29,02:00:00,192.55,192.765,192.305,192.35,0,0
2015-06-29,03:00:00,192.351,193.373,192.171,193.102,0,0
2015-06-29,04:00:00,193.102,193.532,193.082,193.452,0,0
2015-06-29,05:00:00,193.48,193.53,193.316,193.466,0,0
2015-06-29,06:00:00,193.468,193.475,193.067,193.15,0,0
2015-06-29,07:00:00,193.15,193.194,192.464,192.627,0,0
2015-06-29,08:00:00,192.616,192.73,192.172,192.482,0,0
2015-06-29,09:00:00,192.474,193.139,192.306,192.923,0,0
2015-06-29,10:00:00,192.924,193.336,192.853,192.975,0,0
2015-06-29,11:00:00,192.966,193.291,192.681,193.088,0,0
2015-06-29,12:00:00,193.091,193.262,192.9,192.957,0,0
2015-06-29,13:00:00,192.963,193.052,192.742,192.777,0,0
2015-06-29,14:00:00,192.788,193.247,192.663,193.023,0,0
2015-06-29,15:00:00,193.009,193.284,192.864,193.27,0,0
2015-06-29,16:00:00,193.268,193.437,193.099,193.179,0,0
2015-06-29,17:00:00,193.195,193.413,192.986,193.1,0,0
2015-06-29,18:00:00,193.104,193.477,192.98,193.115,0,0
2015-06-29,19:00:00,193.127,193.389,192.49,192.76,0,0
2015-06-29,20:00:00,192.758,193.054,192.648,192.862,0,0
2015-06-29,21:00:00,192.878,192.933,192.628,192.677,0,0
2015-06-29,22:00:00,192.678,192.896,192.622,192.716,0,0
2015-06-29,23:00:00,192.686,192.895,192.675,192.86,0,0
2015-06-29,23:59:00,192.849,192.903,192.77,192.826,0,0
2015-06-30,01:00:00,192.804,192.848,192.714,192.768,0,0
2015-06-30,02:00:00,192.766,192.961,192.755,192.93,0,0
2015-06-30,03:00:00,192.932,193.025,192.574,192.625,0,0
2015-06-30,04:00:00,192.613,192.697,192.545,192.658,0,0
2015-06-30,05:00:00,192.664,192.671,192.189,192.212,0,0
2015-06-30,06:00:00,192.21,192.574,192.207,192.513,0,0
2015-06-30,07:00:00,192.341,192.513,192.312,192.368,0,0
2015-06-30,08:00:00,192.347,192.437,192.269,192.284,0,0
2015-06-30,09:00:00,192.283,192.502,192.107,192.141,0,0
2015-06-30,10:00:00,192.153,192.291,191.881,191.998,0,0
2015-06-30,11:00:00,191.995,192.284,191.799,191.856,0,0
2015-06-30,12:00:00,191.856,192.654,191.854,192.52,0,0
2015-06-30,13:00:00,192.517,192.726,192.202,192.418,0,0
2015-06-30,14:00:00,192.411,192.568,192.249,192.416,0,0
2015-06-30,15:00:00,192.419,192.886,192.419,192.883,0,0
2015-06-30,16:00:00,192.88,193.016,192.602,192.64,0,0
2015-06-30,17:00:00,192.667,192.825,192.29,192.436,0,0
2015-06-30,18:00:00,192.436,192.519,191.978,192.011,0,0
2015-06-30,19:00:00,192.017,192.177,191.726,192.023,0,0
2015-06-30,20:00:00,192.021,192.537,191.976,192.485,0,0
2015-06-30,21:00:00,192.485,192.638,192.31,192.454,0,0
2015-06-30,22:00:00,192.439,192.605,192.201,192.333,0,0
2015-06-30,23:00:00,192.328,192.423,192.211,192.412,0,0
2015-06-30,23:59:00,192.408,192.46,192.285,192.334,0,0
2015-07-01,01:00:00,192.329,192.379,191.967,191.994,0,0
2015-07-01,02:00:00,191.994,192.098,191.895,191.999,0,0
2015-07-01,03:00:00,192.024,192.481,191.93,192.361,0,0
2015-07-01,04:00:00,192.363,192.462,192.254,192.317,0,0
2015-07-01,05:00:00,192.317,192.351,192.18,192.181,0,0
2015-07-01,06:00:00,192.189,192.317,192.183,192.303,0,0
2015-07-01,07:00:00,192.302,192.403,192.268,192.345,0,0
2015-07-01,08:00:00,192.345,192.601,192.345,192.555,0,0
2015-07-01,09:00:00,192.544,192.801,192.461,192.609,0,0
2015-07-01,10:00:00,192.598,192.82,192.514,192.658,0,0
2015-07-01,11:00:00,192.676,192.909,192.041,192.367,0,0
2015-07-01,12:00:00,192.392,192.783,192.251,192.384,0,0
2015-07-01,13:00:00,192.375,192.538,192.238,192.475,0,0
2015-07-01,14:00:00,192.485,192.593,192.365,192.474,0,0
2015-07-01,15:00:00,192.473,192.655,192.439,192.483,0,0
2015-07-01,16:00:00,192.498,192.616,192.402,192.447,0,0
2015-07-01,17:00:00,192.453,192.576,192.173,192.191,0,0
2015-07-01,18:00:00,192.188,192.375,192.032,192.122,0,0
2015-07-01,19:00:00,192.12,192.247,192.033,192.164,0,0
2015-07-01,20:00:00,192.145,192.228,192.066,192.066,0,0
2015-07-01,21:00:00,192.042,192.217,192.042,192.165,0,0
2015-07-01,22:00:00,192.171,192.363,192.151,192.363,0,0
2015-07-01,23:00:00,192.359,192.384,192.267,192.371,0,0
2015-07-01,23:59:00,192.374,192.374,192.305,192.358,0,0
2015-07-02,01:00:00,192.358,192.397,192.319,192.35,0,0
2015-07-02,02:00:00,192.35,192.488,192.321,192.451,0,0
2015-07-02,03:00:00,192.443,192.593,192.398,192.54,0,0
2015-07-02,04:00:00,192.556,192.636,192.522,192.594,0,0
2015-07-02,05:00:00,192.604,192.682,192.531,192.58,0,0
2015-07-02,06:00:00,192.58,192.625,192.519,192.528,0,0
2015-07-02,07:00:00,192.528,192.662,192.508,192.616,0,0
2015-07-02,08:00:00,192.62,192.681,192.564,192.661,0,0
2015-07-02,09:00:00,192.646,192.69,192.47,192.539,0,0
2015-07-02,10:00:00,192.539,192.647,192.401,192.541,0,0
2015-07-02,11:00:00,192.517,192.941,192.498,192.749,0,0
2015-07-02,12:00:00,192.714,192.842,192.668,192.777,0,0
2015-07-02,13:00:00,192.771,192.916,192.52,192.578,0,0
2015-07-02,14:00:00,192.564,192.75,192.452,192.506,0,0
2015-07-02,15:00:00,192.508,192.698,192.171,192.233,0,0
2015-07-02,16:00:00,192.217,192.242,192.047,192.14,0,0
2015-07-02,17:00:00,192.123,192.243,192.019,192.094,0,0
2015-07-02,18:00:00,192.055,192.316,192.029,192.267,0,0
2015-07-02,19:00:00,192.265,192.305,192.181,192.208,0,0
2015-07-02,20:00:00,192.203,192.239,192.071,192.084,0,0
2015-07-02,21:00:00,192.059,192.108,191.99,191.997,0,0
2015-07-02,22:00:00,191.997,192.073,191.933,192.016,0,0
2015-07-02,23:00:00,192,192.119,191.977,192.106,0,0
2015-07-02,23:59:00,192.087,192.146,192.036,192.058,0,0
2015-07-03,01:00:00,192.063,192.142,192.049,192.085,0,0
2015-07-03,02:00:00,192.085,192.126,192.056,192.091,0,0
2015-07-03,03:00:00,192.092,192.118,191.792,191.995,0,0
2015-07-03,04:00:00,191.995,192.046,191.909,191.955,0,0
2015-07-03,05:00:00,191.955,192.151,191.922,192.151,0,0
2015-07-03,06:00:00,192.151,192.206,192.092,192.109,0,0
2015-07-03,07:00:00,192.106,192.188,192.039,192.175,0,0
2015-07-03,08:00:00,192.164,192.299,192.157,192.208,0,0
2015-07-03,09:00:00,192.217,192.303,192.116,192.159,0,0
2015-07-03,10:00:00,192.133,192.312,192.094,192.218,0,0
2015-07-03,11:00:00,192.218,192.484,192.185,192.291,0,0
2015-07-03,12:00:00,192.283,192.344,192.126,192.203,0,0
2015-07-03,13:00:00,192.206,192.308,192.134,192.263,0,0
2015-07-03,14:00:00,192.26,192.263,192.04,192.098,0,0
2015-07-03,15:00:00,192.091,192.091,191.706,191.787,0,0
2015-07-03,16:00:00,191.789,191.909,191.341,191.437,0,0
2015-07-03,17:00:00,191.437,191.663,191.375,191.45,0,0
2015-07-03,18:00:00,191.466,191.571,190.912,191.024,0,0
2015-07-03,19:00:00,191.021,191.336,191.007,191.324,0,0
2015-07-03,20:00:00,191.36,191.396,191.1,191.269,0,0
2015-07-03,21:00:00,191.269,191.505,191.213,191.473,0,0
2015-07-03,22:00:00,191.47,191.493,191.165,191.292,0,0
2015-07-03,23:00:00,191.292,191.354,191.292,191.349,0,0
2015-07-06,01:00:00,189.681,190.646,189.498,190.452,0,0
2015-07-06,02:00:00,190.452,190.47,190.3,190.37,0,0
2015-07-06,03:00:00,190.37,190.724,190.359,190.507,0,0
2015-07-06,04:00:00,190.505,190.935,190.466,190.881,0,0
2015-07-06,05:00:00,190.909,190.942,190.601,190.654,0,0
2015-07-06,06:00:00,190.675,190.757,190.517,190.566,0,0
2015-07-06,07:00:00,190.563,190.579,190.25,190.316,0,0
2015-07-06,08:00:00,190.313,191.02,190.103,190.848,0,0
2015-07-06,09:00:00,190.847,191.089,190.723,190.744,0,0
2015-07-06,10:00:00,190.755,191.073,190.36,190.97,0,0
2015-07-06,11:00:00,190.97,191.047,190.539,190.743,0,0
2015-07-06,12:00:00,190.735,190.953,190.668,190.934,0,0
2015-07-06,13:00:00,190.934,191.085,190.726,191.016,0,0
2015-07-06,14:00:00,191.015,191.262,190.878,190.914,0,0
2015-07-06,15:00:00,190.917,190.944,190.681,190.75,0,0
2015-07-06,16:00:00,190.747,190.886,190.589,190.886,0,0
2015-07-06,17:00:00,190.834,191.657,190.815,191.389,0,0
2015-07-06,18:00:00,191.358,191.502,191.103,191.389,0,0
2015-07-06,19:00:00,191.389,191.567,191.308,191.412,0,0
2015-07-06,20:00:00,191.421,191.457,191.101,191.118,0,0
2015-07-06,21:00:00,191.115,191.161,190.948,191.042,0,0
2015-07-06,22:00:00,191.048,191.191,191.042,191.151,0,0
2015-07-06,23:00:00,191.147,191.311,191.141,191.277,0,0
2015-07-06,23:59:00,191.274,191.319,191.216,191.256,0,0
2015-07-07,01:00:00,191.266,191.33,191.234,191.302,0,0
2015-07-07,02:00:00,191.306,191.347,191.26,191.347,0,0
2015-07-07,03:00:00,191.349,191.594,191.309,191.522,0,0
2015-07-07,04:00:00,191.519,191.519,191.317,191.329,0,0
2015-07-07,05:00:00,191.335,191.351,191.213,191.276,0,0
2015-07-07,06:00:00,191.276,191.288,191.158,191.228,0,0
2015-07-07,07:00:00,191.228,191.259,191.127,191.252,0,0
2015-07-07,08:00:00,191.247,191.379,191.156,191.354,0,0
2015-07-07,09:00:00,191.357,191.409,190.957,191.051,0,0
2015-07-07,10:00:00,191.067,191.093,190.721,190.769,0,0
2015-07-07,11:00:00,190.782,190.926,190.143,190.225,0,0
2015-07-07,12:00:00,190.207,190.247,189.771,189.983,0,0
2015-07-07,13:00:00,189.98,189.984,189.237,189.411,0,0
2015-07-07,14:00:00,189.397,189.439,188.925,189.054,0,0
2015-07-07,15:00:00,189.06,189.285,188.853,189.008,0,0
2015-07-07,16:00:00,189.017,189.183,188.892,188.952,0,0
2015-07-07,17:00:00,188.974,189.029,188.341,188.451,0,0
2015-07-07,18:00:00,188.431,188.696,188.245,188.696,0,0
2015-07-07,19:00:00,188.711,188.711,188.384,188.646,0,0
2015-07-07,20:00:00,188.628,189.071,188.565,189.047,0,0
2015-07-07,21:00:00,189.052,189.19,188.951,189.086,0,0
2015-07-07,22:00:00,189.075,189.822,189.075,189.618,0,0
2015-07-07,23:00:00,189.618,189.668,189.41,189.47,0,0
2015-07-07,23:59:00,189.461,189.515,189.216,189.307,0,0
2015-07-08,01:00:00,189.281,189.399,189.24,189.357,0,0
2015-07-08,02:00:00,189.381,189.493,189.346,189.459,0,0
2015-07-08,03:00:00,189.458,189.469,188.966,188.985,0,0
2015-07-08,04:00:00,188.994,189.007,188.295,188.67,0,0
2015-07-08,05:00:00,188.649,188.825,188.497,188.635,0,0
2015-07-08,06:00:00,188.632,188.632,188.222,188.402,0,0
2015-07-08,07:00:00,188.399,188.666,188.202,188.27,0,0
2015-07-08,08:00:00,188.294,188.607,188.294,188.565,0,0
2015-07-08,09:00:00,188.547,188.547,187.832,187.844,0,0
2015-07-08,10:00:00,187.825,187.869,187.165,187.717,0,0
2015-07-08,11:00:00,187.716,187.864,187.219,187.418,0,0
2015-07-08,12:00:00,187.399,187.431,187.142,187.213,0,0
2015-07-08,13:00:00,187.216,187.241,186.506,186.711,0,0
2015-07-08,14:00:00,186.721,187.09,186.657,186.73,0,0
2015-07-08,15:00:00,186.732,186.772,186.426,186.604,0,0
2015-07-08,16:00:00,186.585,186.625,186.007,186.086,0,0
2015-07-08,17:00:00,186.082,186.119,185.724,185.845,0,0
2015-07-08,18:00:00,185.838,185.86,185.007,185.056,0,0
2015-07-08,19:00:00,185.066,185.441,185.032,185.173,0,0
2015-07-08,20:00:00,185.173,185.424,185.055,185.295,0,0
2015-07-08,21:00:00,185.283,185.477,185.046,185.201,0,0
2015-07-08,22:00:00,185.215,185.524,185.07,185.314,0,0
2015-07-08,23:00:00,185.326,185.582,185.3,185.423,0,0
2015-07-08,23:59:00,185.448,185.48,185.323,185.346,0,0
2015-07-09,01:00:00,185.307,185.503,185.163,185.484,0,0
2015-07-09,02:00:00,185.487,185.763,185.471,185.76,0,0
2015-07-09,03:00:00,185.774,185.795,185.257,185.452,0,0
2015-07-09,04:00:00,185.456,185.895,185.446,185.778,0,0
2015-07-09,05:00:00,185.82,186.496,185.8,186.175,0,0
2015-07-09,06:00:00,186.175,186.531,186.151,186.318,0,0
2015-07-09,07:00:00,186.317,186.644,186.292,186.642,0,0
2015-07-09,08:00:00,186.651,187.312,186.638,187.133,0,0
2015-07-09,09:00:00,187.127,187.35,186.791,186.972,0,0
2015-07-09,10:00:00,186.97,187.047,186.557,186.64,0,0
2015-07-09,11:00:00,186.625,187.029,186.529,186.801,0,0
2015-07-09,12:00:00,186.801,186.978,186.566,186.916,0,0
2015-07-09,13:00:00,186.919,186.984,186.565,186.866,0,0
2015-07-09,14:00:00,186.824,187.176,186.722,187.093,0,0
2015-07-09,15:00:00,187.104,187.224,186.726,186.943,0,0
2015-07-09,16:00:00,186.946,187.036,186.645,186.684,0,0
2015-07-09,17:00:00,186.687,186.903,186.667,186.67,0,0
2015-07-09,18:00:00,186.668,186.73,186.363,186.371,0,0
2015-07-09,19:00:00,186.387,186.451,186.233,186.258,0,0
2015-07-09,20:00:00,186.282,186.353,186.095,186.271,0,0
2015-07-09,21:00:00,186.268,186.418,186.186,186.385,0,0
2015-07-09,22:00:00,186.4,186.676,186.354,186.546,0,0
2015-07-09,23:00:00,186.539,186.671,186.484,186.618,0,0
2015-07-09,23:59:00,186.629,186.894,186.535,186.894,0,0
2015-07-10,01:00:00,186.827,187.371,186.813,187.247,0,0
2015-07-10,02:00:00,187.25,187.271,187.014,187.078,0,0
2015-07-10,03:00:00,187.079,187.144,186.762,187.094,0,0
2015-07-10,04:00:00,187.089,187.607,187.075,187.547,0,0
2015-07-10,05:00:00,187.533,187.874,187.397,187.819,0,0
2015-07-10,06:00:00,187.807,187.849,187.675,187.757,0,0
2015-07-10,07:00:00,187.762,187.862,187.419,187.538,0,0
2015-07-10,08:00:00,187.541,187.986,187.427,187.888,0,0
2015-07-10,09:00:00,187.849,188.05,187.738,187.772,0,0
2015-07-10,10:00:00,187.772,188.782,187.648,188.755,0,0
2015-07-10,11:00:00,188.759,188.858,188.578,188.78,0,0
2015-07-10,12:00:00,188.765,189.651,188.695,189.404,0,0
2015-07-10,13:00:00,189.38,189.971,189.344,189.919,0,0
2015-07-10,14:00:00,189.915,190.379,189.773,189.811,0,0
2015-07-10,15:00:00,189.804,190.11,189.777,190.079,0,0
2015-07-10,16:00:00,190.091,190.279,189.982,190.267,0,0
2015-07-10,17:00:00,190.274,190.405,190.095,190.271,0,0
2015-07-10,18:00:00,190.246,190.354,189.876,190.28,0,0
2015-07-10,19:00:00,190.282,190.313,190.101,190.165,0,0
2015-07-10,20:00:00,190.175,190.33,189.977,190.33,0,0
2015-07-10,21:00:00,190.306,190.512,190.263,190.462,0,0
2015-07-10,22:00:00,190.453,190.599,190.399,190.552,0,0
2015-07-10,23:00:00,190.569,190.569,190.473,190.497,0,0
2015-07-13,01:00:00,190.272,190.375,189.855,189.88,0,0
2015-07-13,02:00:00,189.871,190.184,189.779,190.058,0,0
2015-07-13,03:00:00,190.047,190.124,189.861,189.969,0,0
2015-07-13,04:00:00,189.97,189.996,189.782,189.926,0,0
2015-07-13,05:00:00,189.914,190.145,189.815,190.145,0,0
2015-07-13,06:00:00,190.175,190.455,190.036,190.134,0,0
2015-07-13,07:00:00,190.142,190.224,189.846,189.975,0,0
2015-07-13,08:00:00,189.995,190.239,189.94,190.227,0,0
2015-07-13,09:00:00,190.227,191.365,189.999,191.255,0,0
2015-07-13,10:00:00,191.239,191.739,190.92,191.346,0,0
2015-07-13,11:00:00,191.356,191.732,191.315,191.679,0,0
2015-07-13,12:00:00,191.687,192.332,191.589,192.23,0,0
2015-07-13,13:00:00,192.223,192.309,191.977,191.99,0,0
2015-07-13,14:00:00,191.97,192.001,191.649,191.689,0,0
2015-07-13,15:00:00,191.699,191.771,191.474,191.682,0,0
2015-07-13,16:00:00,191.676,191.849,191.635,191.766,0,0
2015-07-13,17:00:00,191.782,191.916,191.66,191.697,0,0
2015-07-13,18:00:00,191.686,191.769,191.355,191.415,0,0
2015-07-13,19:00:00,191.41,191.534,191.205,191.337,0,0
2015-07-13,20:00:00,191.35,191.359,191.01,191.127,0,0
2015-07-13,21:00:00,191.142,191.237,191.113,191.159,0,0
2015-07-13,22:00:00,191.149,191.182,191.087,191.182,0,0
2015-07-13,23:00:00,191.178,191.251,191.106,191.162,0,0
2015-07-13,23:59:00,191.146,191.228,191.114,191.22,0,0
2015-07-14,01:00:00,191.216,191.407,191.147,191.407,0,0
2015-07-14,02:00:00,191.407,191.455,191.279,191.337,0,0
2015-07-14,03:00:00,191.34,191.531,191.307,191.409,0,0
2015-07-14,04:00:00,191.407,191.459,191.219,191.263,0,0
2015-07-14,05:00:00,191.263,191.366,191.125,191.245,0,0
2015-07-14,06:00:00,191.244,191.292,191.165,191.207,0,0
2015-07-14,07:00:00,191.207,191.293,191.177,191.233,0,0
2015-07-14,08:00:00,191.239,191.239,190.722,190.824,0,0
2015-07-14,09:00:00,190.824,190.933,190.58,190.898,0,0
2015-07-14,10:00:00,190.9,191.066,190.745,190.887,0,0
2015-07-14,11:00:00,190.89,191.014,190.606,190.905,0,0
2015-07-14,12:00:00,190.941,192.584,190.934,192.33,0,0
2015-07-14,13:00:00,192.312,192.456,192.157,192.197,0,0
2015-07-14,14:00:00,192.17,192.301,192.077,192.098,0,0
2015-07-14,15:00:00,192.111,192.388,191.878,192.082,0,0
2015-07-14,16:00:00,192.076,192.209,192.013,192.119,0,0
2015-07-14,17:00:00,192.13,192.218,191.946,192.171,0,0
2015-07-14,18:00:00,192.167,192.381,192.143,192.292,0,0
2015-07-14,19:00:00,192.292,192.333,192.15,192.251,0,0
2015-07-14,20:00:00,192.256,192.765,192.192,192.765,0,0
2015-07-14,21:00:00,192.782,192.869,192.681,192.828,0,0
2015-07-14,22:00:00,192.838,192.909,192.755,192.901,0,0
2015-07-14,23:00:00,192.901,192.961,192.827,192.932,0,0
2015-07-14,23:59:00,192.942,192.97,192.862,192.873,0,0
2015-07-15,01:00:00,192.873,192.953,192.839,192.844,0,0
2015-07-15,02:00:00,192.846,192.874,192.795,192.833,0,0
2015-07-15,03:00:00,192.839,193.029,192.685,192.95,0,0
2015-07-15,04:00:00,192.947,193.157,192.903,193.117,0,0
2015-07-15,05:00:00,193.084,193.237,193.084,193.14,0,0
2015-07-15,06:00:00,193.137,193.161,192.989,193.133,0,0
2015-07-15,07:00:00,193.142,193.154,193.017,193.081,0,0
2015-07-15,08:00:00,193.082,193.187,193.029,193.173,0,0
2015-07-15,09:00:00,193.16,193.435,193.11,193.435,0,0
2015-07-15,10:00:00,193.453,193.627,193.287,193.386,0,0
2015-07-15,11:00:00,193.378,193.585,192.897,193.281,0,0
2015-07-15,12:00:00,193.29,193.373,192.864,193.002,0,0
2015-07-15,13:00:00,192.999,193.288,192.989,193.149,0,0
2015-07-15,14:00:00,193.146,193.177,192.914,192.984,0,0
2015-07-15,15:00:00,192.985,193.336,192.805,193.116,0,0
2015-07-15,16:00:00,193.127,193.233,193.009,193.073,0,0
2015-07-15,17:00:00,193.084,193.529,193.051,193.504,0,0
2015-07-15,18:00:00,193.518,193.651,193.407,193.515,0,0
2015-07-15,19:00:00,193.515,193.764,193.442,193.609,0,0
2015-07-15,20:00:00,193.602,193.712,193.53,193.67,0,0
2015-07-15,21:00:00,193.671,193.705,193.261,193.359,0,0
2015-07-15,22:00:00,193.361,193.612,193.304,193.612,0,0
2015-07-15,23:00:00,193.6,193.656,193.502,193.578,0,0
2015-07-15,23:59:00,193.563,193.624,193.441,193.509,0,0
2015-07-16,01:00:00,193.527,193.856,193.511,193.831,0,0
2015-07-16,02:00:00,193.825,193.865,193.588,193.635,0,0
2015-07-16,03:00:00,193.651,193.703,193.588,193.629,0,0
2015-07-16,04:00:00,193.637,193.69,193.335,193.558,0,0
2015-07-16,05:00:00,193.567,193.644,193.445,193.547,0,0
2015-07-16,06:00:00,193.549,193.583,193.361,193.465,0,0
2015-07-16,07:00:00,193.468,193.53,193.346,193.445,0,0
2015-07-16,08:00:00,193.446,193.52,193.352,193.483,0,0
2015-07-16,09:00:00,193.492,193.608,193.395,193.564,0,0
2015-07-16,10:00:00,193.548,193.878,193.437,193.584,0,0
2015-07-16,11:00:00,193.582,193.661,193.389,193.531,0,0
2015-07-16,12:00:00,193.53,193.712,193.487,193.569,0,0
2015-07-16,13:00:00,193.568,193.789,193.554,193.691,0,0
2015-07-16,14:00:00,193.684,193.729,193.046,193.173,0,0
2015-07-16,15:00:00,193.174,193.593,193.133,193.494,0,0
2015-07-16,16:00:00,193.503,193.642,193.394,193.469,0,0
2015-07-16,17:00:00,193.482,193.579,193.249,193.4,0,0
2015-07-16,18:00:00,193.392,193.657,193.377,193.501,0,0
2015-07-16,19:00:00,193.501,193.715,193.474,193.657,0,0
2015-07-16,20:00:00,193.654,193.782,193.642,193.714,0,0
2015-07-16,21:00:00,193.723,193.94,193.691,193.72,0,0
2015-07-16,22:00:00,193.732,193.807,193.668,193.743,0,0
2015-07-16,23:00:00,193.731,193.803,193.688,193.795,0,0
2015-07-16,23:59:00,193.794,193.827,193.719,193.72,0,0
2015-07-17,01:00:00,193.722,193.791,193.722,193.791,0,0
2015-07-17,02:00:00,193.791,193.851,193.737,193.849,0,0
2015-07-17,03:00:00,193.842,193.878,193.771,193.813,0,0
2015-07-17,04:00:00,193.813,193.915,193.778,193.887,0,0
2015-07-17,05:00:00,193.89,194.089,193.867,193.96,0,0
2015-07-17,06:00:00,193.962,193.991,193.917,193.933,0,0
2015-07-17,07:00:00,193.933,193.982,193.853,193.966,0,0
2015-07-17,08:00:00,193.945,193.963,193.822,193.925,0,0
2015-07-17,09:00:00,193.936,194.381,193.922,194.282,0,0
2015-07-17,10:00:00,194.284,194.307,194.037,194.245,0,0
2015-07-17,11:00:00,194.224,194.245,194.035,194.119,0,0
2015-07-17,12:00:00,194.122,194.249,193.864,193.941,0,0
2015-07-17,13:00:00,193.953,193.955,193.581,193.59,0,0
2015-07-17,14:00:00,193.545,193.815,193.501,193.583,0,0
2015-07-17,15:00:00,193.583,193.584,193.14,193.35,0,0
2015-07-17,16:00:00,193.36,193.483,192.934,193.229,0,0
2015-07-17,17:00:00,193.202,193.968,193.025,193.801,0,0
2015-07-17,18:00:00,193.788,193.904,193.653,193.74,0,0
2015-07-17,19:00:00,193.749,193.907,193.749,193.844,0,0
2015-07-17,20:00:00,193.832,193.898,193.552,193.594,0,0
2015-07-17,21:00:00,193.594,193.759,193.594,193.749,0,0
2015-07-17,22:00:00,193.746,193.746,193.62,193.62,0,0
2015-07-17,23:00:00,193.619,193.633,193.619,193.627,0,0
2015-07-20,01:00:00,193.71,193.732,193.601,193.665,0,0
2015-07-20,02:00:00,193.667,193.763,193.624,193.713,0,0
2015-07-20,03:00:00,193.7,193.755,193.664,193.704,0,0
2015-07-20,04:00:00,193.704,193.714,193.537,193.557,0,0
2015-07-20,05:00:00,193.569,193.634,193.534,193.544,0,0
2015-07-20,06:00:00,193.543,193.638,193.518,193.611,0,0
2015-07-20,07:00:00,193.628,193.659,193.54,193.609,0,0
2015-07-20,08:00:00,193.609,193.673,193.599,193.626,0,0
2015-07-20,09:00:00,193.614,193.938,193.529,193.878,0,0
2015-07-20,10:00:00,193.937,193.969,193.695,193.712,0,0
2015-07-20,11:00:00,193.742,193.795,193.492,193.552,0,0
2015-07-20,12:00:00,193.507,193.643,193.132,193.342,0,0
2015-07-20,13:00:00,193.22,193.536,193.156,193.355,0,0
2015-07-20,14:00:00,193.353,193.52,193.051,193.234,0,0
2015-07-20,15:00:00,193.249,193.598,193.203,193.478,0,0
2015-07-20,16:00:00,193.372,193.707,193.342,193.406,0,0
2015-07-20,17:00:00,193.451,193.697,193.323,193.697,0,0
2015-07-20,18:00:00,193.729,193.893,193.625,193.663,0,0
2015-07-20,19:00:00,193.638,193.794,193.595,193.619,0,0
2015-07-20,20:00:00,193.637,193.682,193.485,193.534,0,0
2015-07-20,21:00:00,193.534,193.595,193.462,193.488,0,0
2015-07-20,22:00:00,193.501,193.51,193.371,193.506,0,0
2015-07-20,23:00:00,193.502,193.511,193.362,193.407,0,0
2015-07-20,23:59:00,193.433,193.59,193.36,193.426,0,0
