Date,Time,Open,High,Low,Close,Volume,OpenInt
2015-04-22,01:00:00,5.54274,5.5452,5.54159,5.54206,0,0
2015-04-22,02:00:00,5.54206,5.54774,5.54169,5.5471,0,0
2015-04-22,03:00:00,5.54705,5.55342,5.54675,5.55237,0,0
2015-04-22,04:00:00,5.5525,5.55399,5.55159,5.55326,0,0
2015-04-22,05:00:00,5.55326,5.55471,5.55119,5.55296,0,0
2015-04-22,06:00:00,5.55302,5.55461,5.55256,5.55329,0,0
2015-04-22,07:00:00,5.55329,5.55439,5.54789,5.55189,0,0
2015-04-22,08:00:00,5.55189,5.55543,5.54773,5.55012,0,0
2015-04-22,09:00:00,5.55045,5.55236,5.52976,5.53837,0,0
2015-04-22,10:00:00,5.53798,5.56036,5.53798,5.55768,0,0
2015-04-22,11:00:00,5.55756,5.57075,5.55253,5.56722,0,0
2015-04-22,12:00:00,5.56789,5.5812,5.56592,5.57775,0,0
2015-04-22,13:00:00,5.57769,5.58574,5.5718,5.58263,0,0
2015-04-22,14:00:00,5.58393,5.60839,5.58263,5.60823,0,0
2015-04-22,15:00:00,5.60806,5.61728,5.6053,5.60922,0,0
2015-04-22,16:00:00,5.60881,5.61683,5.59871,5.59895,0,0
2015-04-22,17:00:00,5.59811,5.60488,5.59307,5.5997,0,0
2015-04-22,18:00:00,5.59987,5.60351,5.58628,5.59051,0,0
2015-04-22,19:00:00,5.59036,5.59365,5.58625,5.58626,0,0
2015-04-22,20:00:00,5.586,5.59384,5.58563,5.58988,0,0
2015-04-22,21:00:00,5.59007,5.59414,5.58702,5.58806,0,0
2015-04-22,22:00:00,5.58858,5.59255,5.58478,5.59129,0,0
2015-04-22,23:00:00,5.59146,5.59413,5.58942,5.59133,0,0
2015-04-22,23:59:00,5.59147,5.59388,5.5905,5.59226,0,0
2015-04-23,01:00:00,5.59226,5.59654,5.59127,5.59553,0,0
2015-04-23,02:00:00,5.59626,5.59752,5.59338,5.5963,0,0
2015-04-23,03:00:00,5.59585,5.60429,5.59487,5.60291,0,0
2015-04-23,04:00:00,5.60291,5.60621,5.60044,5.60375,0,0
2015-04-23,05:00:00,5.60375,5.60484,5.60008,5.60011,0,0
2015-04-23,06:00:00,5.60019,5.60298,5.59779,5.60114,0,0
2015-04-23,07:00:00,5.60096,5.60295,5.5973,5.602,0,0
2015-04-23,08:00:00,5.60158,5.60342,5.59422,5.59841,0,0
2015-04-23,09:00:00,5.59806,5.6117,5.59546,5.60525,0,0
2015-04-23,10:00:00,5.60595,5.61616,5.6007,5.61249,0,0
2015-04-23,11:00:00,5.61219,5.61931,5.59498,5.60366,0,0
2015-04-23,12:00:00,5.60321,5.60704,5.59911,5.5997,0,0
2015-04-23,13:00:00,5.60038,5.60883,5.59902,5.60532,0,0
2015-04-23,14:00:00,5.6058,5.61042,5.60078,5.6027,0,0
2015-04-23,15:00:00,5.60174,5.61117,5.59576,5.59584,0,0
2015-04-23,16:00:00,5.59617,5.59886,5.58271,5.58562,0,0
2015-04-23,17:00:00,5.58709,5.59137,5.56785,5.57921,0,0
2015-04-23,18:00:00,5.57935,5.58412,5.57309,5.57812,0,0
2015-04-23,19:00:00,5.5781,5.5781,5.5631,5.56917,0,0
2015-04-23,20:00:00,5.56925,5.57244,5.55857,5.56109,0,0
2015-04-23,21:00:00,5.56147,5.56513,5.55909,5.56178,0,0
2015-04-23,22:00:00,5.56133,5.56646,5.56053,5.5646,0,0
2015-04-23,23:00:00,5.56445,5.56788,5.56113,5.56403,0,0
2015-04-23,23:59:00,5.56284,5.56708,5.5628,5.56581,0,0
2015-04-24,01:00:00,5.56581,5.5667,5.56389,5.56625,0,0
2015-04-24,02:00:00,5.56683,5.56769,5.56388,5.56712,0,0
2015-04-24,03:00:00,5.56712,5.56962,5.56301,5.5634,0,0
2015-04-24,04:00:00,5.56349,5.56538,5.56154,5.56199,0,0
2015-04-24,05:00:00,5.56246,5.56953,5.56239,5.56872,0,0
2015-04-24,06:00:00,5.56894,5.57317,5.56825,5.57156,0,0
2015-04-24,07:00:00,5.5716,5.57448,5.56815,5.56875,0,0
2015-04-24,08:00:00,5.56866,5.57122,5.56627,5.5691,0,0
2015-04-24,09:00:00,5.56891,5.5769,5.55508,5.57165,0,0
2015-04-24,10:00:00,5.57202,5.58393,5.56562,5.57721,0,0
2015-04-24,11:00:00,5.57766,5.58877,5.56772,5.58801,0,0
2015-04-24,12:00:00,5.58763,5.59048,5.57634,5.58722,0,0
2015-04-24,13:00:00,5.58749,5.60602,5.58618,5.60299,0,0
2015-04-24,14:00:00,5.60254,5.61566,5.59455,5.60347,0,0
2015-04-24,15:00:00,5.60338,5.61055,5.59671,5.60705,0,0
2015-04-24,16:00:00,5.60706,5.62232,5.5985,5.61945,0,0
2015-04-24,17:00:00,5.61943,5.63271,5.6116,5.61963,0,0
2015-04-24,18:00:00,5.61921,5.63656,5.61575,5.62709,0,0
2015-04-24,19:00:00,5.62727,5.64556,5.62712,5.64459,0,0
2015-04-24,20:00:00,5.64519,5.65277,5.64057,5.64507,0,0
2015-04-24,21:00:00,5.64735,5.65251,5.64053,5.64706,0,0
2015-04-24,22:00:00,5.6474,5.6475,5.63805,5.6402,0,0
2015-04-24,23:00:00,5.63969,5.64042,5.63924,5.64008,0,0
2015-04-27,01:00:00,5.63594,5.63594,5.63109,5.63263,0,0
2015-04-27,02:00:00,5.6326,5.63648,5.63191,5.63284,0,0
2015-04-27,03:00:00,5.63331,5.63956,5.63216,5.63327,0,0
2015-04-27,04:00:00,5.63307,5.63589,5.63172,5.63284,0,0
2015-04-27,05:00:00,5.63276,5.6392,5.63276,5.63737,0,0
2015-04-27,06:00:00,5.63729,5.64786,5.63509,5.6458,0,0
2015-04-27,07:00:00,5.6458,5.64953,5.64013,5.64153,0,0
2015-04-27,08:00:00,5.64153,5.6445,5.63423,5.63863,0,0
2015-04-27,09:00:00,5.63863,5.63894,5.62757,5.63459,0,0
2015-04-27,10:00:00,5.6345,5.64593,5.62768,5.632,0,0
2015-04-27,11:00:00,5.63184,5.63184,5.61753,5.61981,0,0
2015-04-27,12:00:00,5.61988,5.61991,5.60734,5.61504,0,0
2015-04-27,13:00:00,5.61432,5.61554,5.59806,5.59806,0,0
2015-04-27,14:00:00,5.59835,5.60337,5.59257,5.59872,0,0
2015-04-27,15:00:00,5.59859,5.59999,5.57975,5.58214,0,0
2015-04-27,16:00:00,5.58164,5.58951,5.57971,5.58164,0,0
2015-04-27,17:00:00,5.58144,5.58237,5.56428,5.57034,0,0
2015-04-27,18:00:00,5.57091,5.5799,5.56838,5.57861,0,0
2015-04-27,19:00:00,5.57845,5.57988,5.56811,5.57707,0,0
2015-04-27,20:00:00,5.57662,5.58671,5.57535,5.58567,0,0
2015-04-27,21:00:00,5.58527,5.58553,5.57935,5.58244,0,0
2015-04-27,22:00:00,5.58237,5.58336,5.57838,5.57917,0,0
2015-04-27,23:00:00,5.57844,5.58245,5.57815,5.58088,0,0
2015-04-27,23:59:00,5.57859,5.58407,5.57689,5.58031,0,0
2015-04-28,01:00:00,5.58013,5.5855,5.57782,5.58327,0,0
2015-04-28,02:00:00,5.58345,5.58345,5.5808,5.5824,0,0
2015-04-28,03:00:00,5.58231,5.58556,5.58063,5.58512,0,0
2015-04-28,04:00:00,5.58504,5.58558,5.58164,5.58356,0,0
2015-04-28,05:00:00,5.58373,5.58544,5.58213,5.58332,0,0
2015-04-28,06:00:00,5.58312,5.58511,5.58143,5.58403,0,0
2015-04-28,07:00:00,5.5832,5.58782,5.58295,5.58769,0,0
2015-04-28,08:00:00,5.58769,5.58851,5.58036,5.58336,0,0
2015-04-28,09:00:00,5.58319,5.59576,5.58145,5.59419,0,0
2015-04-28,10:00:00,5.59418,5.61109,5.58588,5.61054,0,0
2015-04-28,11:00:00,5.61113,5.62012,5.58614,5.58994,0,0
2015-04-28,12:00:00,5.58991,5.59631,5.58199,5.59391,0,0
2015-04-28,13:00:00,5.59412,5.60316,5.59412,5.59708,0,0
2015-04-28,14:00:00,5.59758,5.60275,5.5928,5.59407,0,0
2015-04-28,15:00:00,5.59414,5.60043,5.58995,5.59556,0,0
2015-04-28,16:00:00,5.59583,5.59986,5.58806,5.59207,0,0
2015-04-28,17:00:00,5.59075,5.60283,5.58292,5.58642,0,0
2015-04-28,18:00:00,5.58603,5.59228,5.57956,5.58297,0,0
2015-04-28,19:00:00,5.58313,5.58494,5.57538,5.57785,0,0
2015-04-28,20:00:00,5.57748,5.58221,5.57329,5.5756,0,0
2015-04-28,21:00:00,5.5756,5.58646,5.57253,5.58623,0,0
2015-04-28,22:00:00,5.58576,5.58824,5.57924,5.57959,0,0
2015-04-28,23:00:00,5.57966,5.58357,5.57868,5.58204,0,0
2015-04-28,23:59:00,5.58076,5.5851,5.57827,5.58242,0,0
2015-04-29,01:00:00,5.58256,5.58774,5.58029,5.58573,0,0
2015-04-29,02:00:00,5.58569,5.58903,5.58542,5.58762,0,0
2015-04-29,03:00:00,5.58777,5.58809,5.58479,5.58593,0,0
2015-04-29,04:00:00,5.58602,5.59103,5.58505,5.58938,0,0
2015-04-29,05:00:00,5.58947,5.5911,5.58852,5.59041,0,0
2015-04-29,06:00:00,5.59047,5.59141,5.58923,5.59051,0,0
2015-04-29,07:00:00,5.59052,5.59181,5.58759,5.59059,0,0
2015-04-29,08:00:00,5.59034,5.59377,5.59001,5.59131,0,0
2015-04-29,09:00:00,5.59122,5.60391,5.58894,5.60091,0,0
2015-04-29,10:00:00,5.60127,5.61065,5.59673,5.60023,0,0
2015-04-29,11:00:00,5.59997,5.60481,5.59689,5.60145,0,0
2015-04-29,12:00:00,5.60182,5.61175,5.5991,5.60271,0,0
2015-04-29,13:00:00,5.60336,5.60854,5.59653,5.60854,0,0
2015-04-29,14:00:00,5.60863,5.60866,5.5993,5.60101,0,0
2015-04-29,15:00:00,5.60175,5.61873,5.5936,5.60357,0,0
2015-04-29,16:00:00,5.60313,5.60647,5.58171,5.58179,0,0
2015-04-29,17:00:00,5.58205,5.58872,5.56445,5.56592,0,0
2015-04-29,18:00:00,5.56616,5.57623,5.55442,5.56454,0,0
2015-04-29,19:00:00,5.56278,5.57641,5.55731,5.57621,0,0
2015-04-29,20:00:00,5.57537,5.5764,5.54713,5.55495,0,0
2015-04-29,21:00:00,5.55472,5.57299,5.55189,5.56995,0,0
2015-04-29,22:00:00,5.5703,5.5746,5.56559,5.56586,0,0
2015-04-29,23:00:00,5.56546,5.57003,5.56091,5.56418,0,0
2015-04-29,23:59:00,5.56513,5.57041,5.56168,5.56905,0,0
2015-04-30,01:00:00,5.56808,5.5705,5.56567,5.56643,0,0
2015-04-30,02:00:00,5.56627,5.56902,5.56495,5.56831,0,0
2015-04-30,03:00:00,5.56831,5.5723,5.56504,5.57041,0,0
2015-04-30,04:00:00,5.57041,5.5721,5.56529,5.56589,0,0
2015-04-30,05:00:00,5.56554,5.56857,5.56118,5.5638,0,0
2015-04-30,06:00:00,5.5672,5.57235,5.56326,5.56789,0,0
2015-04-30,07:00:00,5.56789,5.57129,5.56096,5.56343,0,0
2015-04-30,08:00:00,5.56325,5.58115,5.56325,5.58115,0,0
2015-04-30,09:00:00,5.58294,5.58475,5.57697,5.58097,0,0
2015-04-30,10:00:00,5.5809,5.59223,5.55852,5.56321,0,0
2015-04-30,11:00:00,5.56296,5.56921,5.55197,5.56171,0,0
2015-04-30,12:00:00,5.56106,5.56906,5.55216,5.55469,0,0
2015-04-30,13:00:00,5.55481,5.55947,5.54902,5.55007,0,0
2015-04-30,14:00:00,5.5508,5.55248,5.53618,5.53785,0,0
2015-04-30,15:00:00,5.53653,5.54873,5.53325,5.54216,0,0
2015-04-30,16:00:00,5.54217,5.55967,5.53892,5.55586,0,0
2015-04-30,17:00:00,5.55501,5.55879,5.54042,5.54737,0,0
2015-04-30,18:00:00,5.54709,5.55644,5.5415,5.55609,0,0
2015-04-30,19:00:00,5.55629,5.55973,5.52043,5.52376,0,0
2015-04-30,20:00:00,5.52442,5.53649,5.52343,5.53296,0,0
2015-04-30,21:00:00,5.53296,5.53686,5.51278,5.52066,0,0
2015-04-30,22:00:00,5.52018,5.53233,5.51761,5.52609,0,0
2015-04-30,23:00:00,5.52651,5.53586,5.52626,5.52878,0,0
2015-04-30,23:59:00,5.52938,5.5358,5.52567,5.53057,0,0
2015-05-01,01:00:00,5.53159,5.53263,5.5263,5.53093,0,0
2015-05-01,02:00:00,5.53115,5.53258,5.52623,5.53204,0,0
2015-05-01,03:00:00,5.53214,5.53339,5.52369,5.52874,0,0
2015-05-01,04:00:00,5.52874,5.53374,5.52347,5.52461,0,0
2015-05-01,05:00:00,5.5247,5.52961,5.52033,5.52306,0,0
2015-05-01,06:00:00,5.52223,5.5344,5.51893,5.52242,0,0
2015-05-01,07:00:00,5.52242,5.52912,5.51754,5.52356,0,0
2015-05-01,08:00:00,5.52341,5.52444,5.52132,5.52218,0,0
2015-05-01,09:00:00,5.52185,5.52767,5.51034,5.51412,0,0
2015-05-01,10:00:00,5.51337,5.53031,5.51123,5.52579,0,0
2015-05-01,11:00:00,5.52392,5.53107,5.4899,5.4899,0,0
2015-05-01,12:00:00,5.49077,5.5086,5.48866,5.50643,0,0
2015-05-01,13:00:00,5.50592,5.50747,5.48792,5.48792,0,0
2015-05-01,14:00:00,5.48827,5.49688,5.48734,5.49015,0,0
2015-05-01,15:00:00,5.49051,5.49556,5.48146,5.49279,0,0
2015-05-01,16:00:00,5.49283,5.51098,5.48713,5.48713,0,0
2015-05-01,17:00:00,5.48776,5.51969,5.4855,5.50998,0,0
2015-05-01,18:00:00,5.50998,5.51474,5.50236,5.51004,0,0
2015-05-01,19:00:00,5.50988,5.51284,5.50475,5.51034,0,0
2015-05-01,20:00:00,5.51045,5.51045,5.49995,5.50566,0,0
2015-05-01,21:00:00,5.50566,5.51038,5.50248,5.50682,0,0
2015-05-01,22:00:00,5.50699,5.50699,5.49724,5.50383,0,0
2015-05-01,23:00:00,5.50393,5.50438,5.50226,5.50348,0,0
2015-05-04,01:00:00,5.50307,5.51384,5.4981,5.5088,0,0
2015-05-04,02:00:00,5.50878,5.51017,5.50613,5.50866,0,0
2015-05-04,03:00:00,5.50866,5.50987,5.50448,5.5068,0,0
2015-05-04,04:00:00,5.50667,5.50849,5.50392,5.50522,0,0
2015-05-04,05:00:00,5.50522,5.51034,5.50492,5.50916,0,0
2015-05-04,06:00:00,5.50916,5.51319,5.50838,5.51038,0,0
2015-05-04,07:00:00,5.51038,5.51125,5.5052,5.50582,0,0
2015-05-04,08:00:00,5.50582,5.50742,5.49586,5.49692,0,0
2015-05-04,09:00:00,5.49767,5.50162,5.48486,5.4906,0,0
2015-05-04,10:00:00,5.49085,5.49977,5.4868,5.4897,0,0
2015-05-04,11:00:00,5.49035,5.50399,5.48922,5.50302,0,0
2015-05-04,12:00:00,5.50306,5.5033,5.48882,5.49613,0,0
2015-05-04,13:00:00,5.49577,5.49667,5.48229,5.48233,0,0
2015-05-04,14:00:00,5.48276,5.48596,5.47963,5.48016,0,0
2015-05-04,15:00:00,5.48044,5.48397,5.47379,5.47552,0,0
2015-05-04,16:00:00,5.47502,5.47558,5.45019,5.45498,0,0
2015-05-04,17:00:00,5.4548,5.4652,5.45173,5.4524,0,0
2015-05-04,18:00:00,5.45252,5.47235,5.45252,5.47204,0,0
2015-05-04,19:00:00,5.47222,5.47222,5.45736,5.46026,0,0
2015-05-04,20:00:00,5.46042,5.46977,5.4596,5.46781,0,0
2015-05-04,21:00:00,5.46798,5.4748,5.46678,5.4733,0,0
2015-05-04,22:00:00,5.47322,5.47322,5.46618,5.46618,0,0
2015-05-04,23:00:00,5.46648,5.46847,5.46415,5.4664,0,0
2015-05-04,23:59:00,5.46571,5.4685,5.4617,5.46498,0,0
2015-05-05,01:00:00,5.46498,5.4657,5.46161,5.46395,0,0
2015-05-05,02:00:00,5.46395,5.46511,5.46325,5.46417,0,0
2015-05-05,03:00:00,5.46422,5.46725,5.46414,5.46602,0,0
2015-05-05,04:00:00,5.46602,5.46848,5.46419,5.46848,0,0
2015-05-05,05:00:00,5.46848,5.47224,5.46748,5.47038,0,0
2015-05-05,06:00:00,5.47038,5.47352,5.47038,5.4726,0,0
2015-05-05,07:00:00,5.4726,5.47698,5.47193,5.47672,0,0
2015-05-05,08:00:00,5.47669,5.47669,5.47221,5.47538,0,0
2015-05-05,09:00:00,5.47506,5.49251,5.47206,5.49097,0,0
2015-05-05,10:00:00,5.49155,5.4979,5.48295,5.49778,0,0
2015-05-05,11:00:00,5.49778,5.50512,5.4729,5.47631,0,0
2015-05-05,12:00:00,5.47659,5.4778,5.45823,5.46091,0,0
2015-05-05,13:00:00,5.46139,5.47018,5.4587,5.465,0,0
2015-05-05,14:00:00,5.46514,5.46763,5.45754,5.46037,0,0
2015-05-05,15:00:00,5.46017,5.46792,5.45821,5.46372,0,0
2015-05-05,16:00:00,5.46365,5.48081,5.45749,5.47771,0,0
2015-05-05,17:00:00,5.4784,5.49823,5.4738,5.47969,0,0
2015-05-05,18:00:00,5.47969,5.48328,5.47272,5.47526,0,0
2015-05-05,19:00:00,5.47581,5.47777,5.46953,5.47265,0,0
2015-05-05,20:00:00,5.47248,5.47448,5.46688,5.47142,0,0
2015-05-05,21:00:00,5.47142,5.47175,5.46352,5.46481,0,0
2015-05-05,22:00:00,5.46473,5.46575,5.45871,5.46254,0,0
2015-05-05,23:00:00,5.46266,5.47031,5.46266,5.46924,0,0
2015-05-05,23:59:00,5.46974,5.46974,5.46537,5.46806,0,0
2015-05-06,01:00:00,5.46759,5.46898,5.46558,5.46721,0,0
2015-05-06,02:00:00,5.46721,5.47201,5.46645,5.47201,0,0
2015-05-06,03:00:00,5.47176,5.47258,5.46847,5.47093,0,0
2015-05-06,04:00:00,5.47093,5.47276,5.46701,5.46825,0,0
2015-05-06,05:00:00,5.46816,5.46914,5.45951,5.45964,0,0
2015-05-06,06:00:00,5.45957,5.46148,5.45353,5.45731,0,0
2015-05-06,07:00:00,5.45722,5.46047,5.45664,5.4579,0,0
2015-05-06,08:00:00,5.45794,5.46385,5.45539,5.45999,0,0
2015-05-06,09:00:00,5.45944,5.47726,5.45853,5.47532,0,0
2015-05-06,10:00:00,5.47502,5.49062,5.47123,5.48406,0,0
2015-05-06,11:00:00,5.48323,5.48683,5.46486,5.48024,0,0
2015-05-06,12:00:00,5.47966,5.49177,5.47737,5.48808,0,0
2015-05-06,13:00:00,5.48824,5.50067,5.48185,5.49096,0,0
2015-05-06,14:00:00,5.49153,5.49363,5.47935,5.48615,0,0
2015-05-06,15:00:00,5.48606,5.4987,5.46523,5.47107,0,0
2015-05-06,16:00:00,5.47129,5.47129,5.45905,5.46248,0,0
2015-05-06,17:00:00,5.46252,5.46962,5.42843,5.42888,0,0
2015-05-06,18:00:00,5.43002,5.44624,5.42567,5.42781,0,0
2015-05-06,19:00:00,5.42757,5.43811,5.42461,5.43811,0,0
2015-05-06,20:00:00,5.43855,5.43855,5.43139,5.43401,0,0
2015-05-06,21:00:00,5.43455,5.43538,5.42709,5.43317,0,0
2015-05-06,22:00:00,5.43256,5.43884,5.43232,5.43798,0,0
2015-05-06,23:00:00,5.4378,5.44122,5.4345,5.43532,0,0
2015-05-06,23:59:00,5.43611,5.43802,5.43453,5.43722,0,0
2015-05-07,01:00:00,5.43752,5.43826,5.43545,5.43545,0,0
2015-05-07,02:00:00,5.4355,5.43702,5.43438,5.43658,0,0
2015-05-07,03:00:00,5.43666,5.44049,5.43382,5.43935,0,0
2015-05-07,04:00:00,5.43935,5.44043,5.43665,5.43936,0,0
2015-05-07,05:00:00,5.43985,5.43998,5.43618,5.43834,0,0
2015-05-07,06:00:00,5.43826,5.43826,5.43546,5.43614,0,0
2015-05-07,07:00:00,5.43606,5.43756,5.43402,5.43498,0,0
2015-05-07,08:00:00,5.43498,5.44425,5.4345,5.44026,0,0
2015-05-07,09:00:00,5.44059,5.44212,5.42905,5.43737,0,0
2015-05-07,10:00:00,5.43736,5.44888,5.42701,5.4486,0,0
2015-05-07,11:00:00,5.44773,5.45398,5.43964,5.44234,0,0
2015-05-07,12:00:00,5.44362,5.47229,5.44332,5.46165,0,0
2015-05-07,13:00:00,5.46158,5.46614,5.44891,5.45038,0,0
2015-05-07,14:00:00,5.45024,5.46359,5.44808,5.45114,0,0
2015-05-07,15:00:00,5.44953,5.46791,5.44349,5.46086,0,0
2015-05-07,16:00:00,5.46015,5.46389,5.43781,5.44102,0,0
2015-05-07,17:00:00,5.44119,5.46758,5.44082,5.46397,0,0
2015-05-07,18:00:00,5.46293,5.47646,5.45997,5.46764,0,0
2015-05-07,19:00:00,5.46695,5.47078,5.46318,5.46481,0,0
2015-05-07,20:00:00,5.46395,5.47249,5.46282,5.46901,0,0
2015-05-07,21:00:00,5.46909,5.48555,5.46786,5.48073,0,0
2015-05-07,22:00:00,5.48087,5.48476,5.47742,5.48011,0,0
2015-05-07,23:00:00,5.48003,5.48003,5.47424,5.47439,0,0
2015-05-07,23:59:00,5.47467,5.55538,5.47451,5.54242,0,0
2015-05-08,01:00:00,5.54199,5.54995,5.53379,5.53708,0,0
2015-05-08,02:00:00,5.53708,5.5453,5.53193,5.53885,0,0
2015-05-08,03:00:00,5.53876,5.53888,5.53051,5.53859,0,0
2015-05-08,04:00:00,5.53849,5.55645,5.5374,5.55418,0,0
2015-05-08,05:00:00,5.55377,5.58904,5.55128,5.58856,0,0
2015-05-08,06:00:00,5.58891,5.59037,5.57668,5.582,0,0
2015-05-08,07:00:00,5.58175,5.5973,5.57909,5.59386,0,0
2015-05-08,08:00:00,5.59334,5.59505,5.57474,5.5786,0,0
2015-05-08,09:00:00,5.58217,5.58754,5.56792,5.58087,0,0
2015-05-08,10:00:00,5.58276,5.5906,5.57276,5.57977,0,0
2015-05-08,11:00:00,5.57863,5.58831,5.57099,5.58775,0,0
2015-05-08,12:00:00,5.5885,5.59375,5.57612,5.58679,0,0
2015-05-08,13:00:00,5.58686,5.59595,5.57982,5.59514,0,0
2015-05-08,14:00:00,5.59563,5.60032,5.59119,5.59192,0,0
2015-05-08,15:00:00,5.59293,5.59735,5.56635,5.57096,0,0
2015-05-08,16:00:00,5.57128,5.57128,5.54241,5.56405,0,0
2015-05-08,17:00:00,5.56448,5.56897,5.5537,5.56209,0,0
2015-05-08,18:00:00,5.56239,5.57477,5.55937,5.56679,0,0
2015-05-08,19:00:00,5.56667,5.57747,5.56629,5.57265,0,0
2015-05-08,20:00:00,5.57136,5.5769,5.5707,5.57312,0,0
2015-05-08,21:00:00,5.57284,5.581,5.57158,5.58026,0,0
2015-05-08,22:00:00,5.58135,5.58135,5.57391,5.57973,0,0
2015-05-08,23:00:00,5.57947,5.57947,5.57947,5.57947,0,0
2015-05-11,01:00:00,5.60915,5.60968,5.59721,5.59921,0,0
2015-05-11,02:00:00,5.59921,5.60348,5.59657,5.59911,0,0
2015-05-11,03:00:00,5.59911,5.61107,5.59748,5.61107,0,0
2015-05-11,04:00:00,5.61117,5.61641,5.60903,5.6128,0,0
2015-05-11,05:00:00,5.61256,5.61395,5.60693,5.61075,0,0
2015-05-11,06:00:00,5.61084,5.62238,5.61058,5.62047,0,0
2015-05-11,07:00:00,5.62039,5.62195,5.61638,5.61813,0,0
2015-05-11,08:00:00,5.61798,5.63376,5.61364,5.61558,0,0
2015-05-11,09:00:00,5.61411,5.62072,5.59698,5.5994,0,0
2015-05-11,10:00:00,5.59916,5.63307,5.59364,5.63092,0,0
2015-05-11,11:00:00,5.63052,5.63286,5.61445,5.6245,0,0
2015-05-11,12:00:00,5.62518,5.63631,5.61049,5.63629,0,0
2015-05-11,13:00:00,5.6359,5.64712,5.63225,5.64296,0,0
2015-05-11,14:00:00,5.64329,5.64855,5.63746,5.64532,0,0
2015-05-11,15:00:00,5.64554,5.66614,5.64554,5.66542,0,0
2015-05-11,16:00:00,5.66532,5.66753,5.65472,5.66739,0,0
2015-05-11,17:00:00,5.66777,5.67755,5.66208,5.67424,0,0
2015-05-11,18:00:00,5.67336,5.69889,5.67065,5.69718,0,0
2015-05-11,19:00:00,5.6967,5.707,5.69387,5.69413,0,0
2015-05-11,20:00:00,5.69322,5.70514,5.69322,5.69692,0,0
2015-05-11,21:00:00,5.69701,5.69853,5.69072,5.69805,0,0
2015-05-11,22:00:00,5.69797,5.71437,5.69591,5.70593,0,0
2015-05-11,23:00:00,5.70593,5.70722,5.70001,5.70215,0,0
2015-05-11,23:59:00,5.70159,5.70549,5.69909,5.7043,0,0
2015-05-12,01:00:00,5.70444,5.70509,5.6937,5.70079,0,0
2015-05-12,02:00:00,5.70079,5.70545,5.70032,5.70349,0,0
2015-05-12,03:00:00,5.70349,5.70557,5.69992,5.70278,0,0
2015-05-12,04:00:00,5.70278,5.70505,5.70056,5.70097,0,0
2015-05-12,05:00:00,5.70113,5.7016,5.69365,5.69443,0,0
2015-05-12,06:00:00,5.69393,5.6981,5.6907,5.69762,0,0
2015-05-12,07:00:00,5.69762,5.69762,5.69174,5.69221,0,0
2015-05-12,08:00:00,5.69223,5.6925,5.68414,5.68934,0,0
2015-05-12,09:00:00,5.69045,5.70802,5.68425,5.70802,0,0
2015-05-12,10:00:00,5.70724,5.70948,5.67399,5.67582,0,0
2015-05-12,11:00:00,5.67683,5.69958,5.67143,5.69641,0,0
2015-05-12,12:00:00,5.69579,5.71447,5.69494,5.70812,0,0
2015-05-12,13:00:00,5.70819,5.71097,5.69378,5.69378,0,0
2015-05-12,14:00:00,5.6946,5.7267,5.6946,5.72561,0,0
2015-05-12,15:00:00,5.72504,5.72918,5.70844,5.71444,0,0
2015-05-12,16:00:00,5.71509,5.7268,5.70747,5.71002,0,0
2015-05-12,17:00:00,5.7101,5.71933,5.70151,5.70709,0,0
2015-05-12,18:00:00,5.70691,5.71937,5.70617,5.71475,0,0
2015-05-12,19:00:00,5.71546,5.72932,5.71079,5.72884,0,0
2015-05-12,20:00:00,5.72839,5.72924,5.72228,5.72532,0,0
2015-05-12,21:00:00,5.72559,5.73316,5.72498,5.72812,0,0
2015-05-12,22:00:00,5.72848,5.73088,5.72648,5.73045,0,0
2015-05-12,23:00:00,5.7331,5.73315,5.72767,5.72992,0,0
2015-05-12,23:59:00,5.72992,5.73232,5.72179,5.72457,0,0
2015-05-13,01:00:00,5.726,5.73008,5.71935,5.72299,0,0
2015-05-13,02:00:00,5.72299,5.72556,5.71726,5.71789,0,0
2015-05-13,03:00:00,5.7182,5.72586,5.71656,5.72461,0,0
2015-05-13,04:00:00,5.72452,5.7276,5.72345,5.72375,0,0
2015-05-13,05:00:00,5.72406,5.72452,5.71713,5.71955,0,0
2015-05-13,06:00:00,5.71947,5.7204,5.71684,5.7178,0,0
2015-05-13,07:00:00,5.7178,5.71985,5.71425,5.71727,0,0
2015-05-13,08:00:00,5.71736,5.72162,5.71311,5.71861,0,0
2015-05-13,09:00:00,5.7206,5.72469,5.69813,5.70039,0,0
2015-05-13,10:00:00,5.70065,5.70988,5.68149,5.68332,0,0
2015-05-13,11:00:00,5.68383,5.71087,5.68075,5.70763,0,0
2015-05-13,12:00:00,5.70827,5.71912,5.68243,5.68556,0,0
2015-05-13,13:00:00,5.68512,5.70429,5.68354,5.70409,0,0
2015-05-13,14:00:00,5.70393,5.70616,5.68533,5.69368,0,0
2015-05-13,15:00:00,5.69361,5.70983,5.64342,5.65779,0,0
2015-05-13,16:00:00,5.65813,5.66549,5.64368,5.65739,0,0
2015-05-13,17:00:00,5.65611,5.67108,5.64784,5.66998,0,0
2015-05-13,18:00:00,5.66951,5.67194,5.66098,5.66941,0,0
2015-05-13,19:00:00,5.66936,5.67708,5.667,5.67393,0,0
2015-05-13,20:00:00,5.67407,5.67731,5.66744,5.67606,0,0
2015-05-13,21:00:00,5.67658,5.68097,5.6744,5.68091,0,0
2015-05-13,22:00:00,5.68099,5.68705,5.67979,5.68678,0,0
2015-05-13,23:00:00,5.68678,5.6874,5.68177,5.68363,0,0
2015-05-13,23:59:00,5.68356,5.68607,5.68174,5.68517,0,0
2015-05-14,01:00:00,5.68508,5.68592,5.6794,5.68114,0,0
2015-05-14,02:00:00,5.68122,5.68372,5.67706,5.67926,0,0
2015-05-14,03:00:00,5.67926,5.68704,5.67809,5.68537,0,0
2015-05-14,04:00:00,5.68537,5.6874,5.67922,5.68004,0,0
2015-05-14,05:00:00,5.67906,5.68143,5.67349,5.68068,0,0
2015-05-14,06:00:00,5.6805,5.6816,5.67368,5.67508,0,0
2015-05-14,07:00:00,5.67517,5.6792,5.67338,5.67556,0,0
2015-05-14,08:00:00,5.67556,5.67769,5.67346,5.67456,0,0
2015-05-14,09:00:00,5.6748,5.67804,5.66095,5.67075,0,0
2015-05-14,10:00:00,5.67014,5.67268,5.66001,5.66791,0,0
2015-05-14,11:00:00,5.66711,5.67323,5.65955,5.66083,0,0
2015-05-14,12:00:00,5.66079,5.67045,5.6544,5.66375,0,0
2015-05-14,13:00:00,5.66368,5.66539,5.6498,5.65326,0,0
2015-05-14,14:00:00,5.6537,5.6617,5.65061,5.65061,0,0
2015-05-14,15:00:00,5.65072,5.65463,5.63732,5.63792,0,0
2015-05-14,16:00:00,5.6377,5.64451,5.62687,5.63888,0,0
2015-05-14,17:00:00,5.63887,5.64102,5.62749,5.63143,0,0
2015-05-14,18:00:00,5.63122,5.64533,5.63016,5.64364,0,0
2015-05-14,19:00:00,5.64366,5.64548,5.63491,5.63505,0,0
2015-05-14,20:00:00,5.635,5.64089,5.63343,5.63472,0,0
2015-05-14,21:00:00,5.63514,5.63592,5.62476,5.62755,0,0
2015-05-14,22:00:00,5.62746,5.62891,5.62397,5.62453,0,0
2015-05-14,23:00:00,5.62479,5.6266,5.62224,5.62289,0,0
2015-05-14,23:59:00,5.62276,5.62787,5.62051,5.62716,0,0
2015-05-15,01:00:00,5.62685,5.62964,5.62588,5.62722,0,0
2015-05-15,02:00:00,5.62815,5.63497,5.62678,5.62841,0,0
2015-05-15,03:00:00,5.6285,5.62893,5.62491,5.6261,0,0
2015-05-15,04:00:00,5.62626,5.62949,5.62154,5.62382,0,0
2015-05-15,05:00:00,5.62382,5.62636,5.61945,5.62467,0,0
2015-05-15,06:00:00,5.62458,5.62937,5.6241,5.62711,0,0
2015-05-15,07:00:00,5.62711,5.62766,5.62136,5.62272,0,0
2015-05-15,08:00:00,5.62217,5.63753,5.62117,5.63688,0,0
2015-05-15,09:00:00,5.63634,5.64049,5.61494,5.61817,0,0
2015-05-15,10:00:00,5.61758,5.62196,5.60604,5.6076,0,0
2015-05-15,11:00:00,5.60762,5.625,5.59987,5.62358,0,0
2015-05-15,12:00:00,5.62476,5.62542,5.6078,5.61322,0,0
2015-05-15,13:00:00,5.6143,5.6143,5.60295,5.60964,0,0
2015-05-15,14:00:00,5.61007,5.61349,5.60062,5.60516,0,0
2015-05-15,15:00:00,5.60542,5.61814,5.59695,5.61609,0,0
2015-05-15,16:00:00,5.61591,5.62878,5.61383,5.62131,0,0
2015-05-15,17:00:00,5.6206,5.62114,5.59299,5.59488,0,0
2015-05-15,18:00:00,5.59484,5.59663,5.58593,5.59239,0,0
2015-05-15,19:00:00,5.59239,5.59607,5.58015,5.58143,0,0
2015-05-15,20:00:00,5.58173,5.58173,5.56915,5.5738,0,0
2015-05-15,21:00:00,5.57402,5.57445,5.55641,5.55844,0,0
2015-05-15,22:00:00,5.55838,5.55978,5.54959,5.55408,0,0
2015-05-15,23:00:00,5.55404,5.55404,5.55266,5.55285,0,0
2015-05-18,01:00:00,5.56282,5.567,5.55766,5.56627,0,0
2015-05-18,02:00:00,5.56619,5.5694,5.56462,5.56579,0,0
2015-05-18,03:00:00,5.56579,5.5674,5.56046,5.56225,0,0
2015-05-18,04:00:00,5.56225,5.57123,5.55748,5.55774,0,0
2015-05-18,05:00:00,5.55687,5.56908,5.55595,5.56247,0,0
2015-05-18,06:00:00,5.56247,5.56899,5.56004,5.56735,0,0
2015-05-18,07:00:00,5.56735,5.57084,5.56597,5.56994,0,0
2015-05-18,08:00:00,5.56994,5.57485,5.56538,5.56538,0,0
2015-05-18,09:00:00,5.56538,5.57144,5.5556,5.57022,0,0
2015-05-18,10:00:00,5.57076,5.57271,5.55709,5.56402,0,0
2015-05-18,11:00:00,5.56351,5.57232,5.56101,5.56502,0,0
2015-05-18,12:00:00,5.56502,5.58177,5.56029,5.57665,0,0
2015-05-18,13:00:00,5.57616,5.58552,5.57367,5.57551,0,0
2015-05-18,14:00:00,5.57523,5.58835,5.57265,5.58077,0,0
2015-05-18,15:00:00,5.58077,5.59125,5.58035,5.5889,0,0
2015-05-18,16:00:00,5.58939,5.61334,5.58805,5.6122,0,0
2015-05-18,17:00:00,5.61273,5.61451,5.60501,5.61392,0,0
2015-05-18,18:00:00,5.61347,5.63235,5.61312,5.62978,0,0
2015-05-18,19:00:00,5.62979,5.63199,5.62073,5.62122,0,0
2015-05-18,20:00:00,5.62126,5.63495,5.61918,5.63317,0,0
2015-05-18,21:00:00,5.6334,5.64275,5.63252,5.64275,0,0
2015-05-18,22:00:00,5.64324,5.64453,5.63619,5.63845,0,0
2015-05-18,23:00:00,5.63845,5.63998,5.63451,5.63643,0,0
2015-05-18,23:59:00,5.63493,5.638,5.63493,5.63768,0,0
2015-05-19,01:00:00,5.63775,5.64232,5.6374,5.63835,0,0
2015-05-19,02:00:00,5.63835,5.63899,5.63473,5.63635,0,0
2015-05-19,03:00:00,5.63635,5.63957,5.63469,5.63846,0,0
2015-05-19,04:00:00,5.63846,5.64371,5.63687,5.64017,0,0
2015-05-19,05:00:00,5.64026,5.64561,5.64026,5.64496,0,0
2015-05-19,06:00:00,5.6449,5.6459,5.64226,5.64369,0,0
2015-05-19,07:00:00,5.64369,5.64484,5.64179,5.64333,0,0
2015-05-19,08:00:00,5.64325,5.64363,5.63847,5.64182,0,0
2015-05-19,09:00:00,5.64214,5.65305,5.63313,5.63448,0,0
2015-05-19,10:00:00,5.63451,5.65272,5.6345,5.63642,0,0
2015-05-19,11:00:00,5.63636,5.64344,5.61585,5.62026,0,0
2015-05-19,12:00:00,5.62205,5.62384,5.60667,5.62106,0,0
2015-05-19,13:00:00,5.62109,5.6239,5.6108,5.61313,0,0
2015-05-19,14:00:00,5.61182,5.62366,5.60621,5.61146,0,0
2015-05-19,15:00:00,5.61129,5.63933,5.60607,5.63529,0,0
2015-05-19,16:00:00,5.63463,5.65615,5.63154,5.65304,0,0
2015-05-19,17:00:00,5.65378,5.66358,5.65081,5.65846,0,0
2015-05-19,18:00:00,5.65822,5.65966,5.63938,5.64488,0,0
2015-05-19,19:00:00,5.6444,5.65176,5.63204,5.63204,0,0
2015-05-19,20:00:00,5.63181,5.63884,5.62894,5.63201,0,0
2015-05-19,21:00:00,5.63253,5.63253,5.62384,5.62496,0,0
2015-05-19,22:00:00,5.62548,5.63154,5.62507,5.63062,0,0
2015-05-19,23:00:00,5.63131,5.63778,5.6297,5.63533,0,0
2015-05-19,23:59:00,5.63601,5.63955,5.63235,5.6392,0,0
2015-05-20,01:00:00,5.63908,5.64126,5.63776,5.6391,0,0
2015-05-20,02:00:00,5.63872,5.64071,5.63763,5.64048,0,0
2015-05-20,03:00:00,5.64056,5.64554,5.63848,5.64347,0,0
2015-05-20,04:00:00,5.64339,5.64732,5.63913,5.64091,0,0
2015-05-20,05:00:00,5.64091,5.64297,5.63912,5.64176,0,0
2015-05-20,06:00:00,5.64171,5.64346,5.64096,5.64181,0,0
2015-05-20,07:00:00,5.64172,5.64571,5.63999,5.64154,0,0
2015-05-20,08:00:00,5.6415,5.65474,5.63702,5.65474,0,0
2015-05-20,09:00:00,5.65607,5.66414,5.64858,5.65992,0,0
2015-05-20,10:00:00,5.65989,5.66691,5.654,5.65897,0,0
2015-05-20,11:00:00,5.65883,5.67486,5.65243,5.66846,0,0
2015-05-20,12:00:00,5.66827,5.66876,5.65719,5.66302,0,0
2015-05-20,13:00:00,5.66313,5.67767,5.65822,5.6765,0,0
2015-05-20,14:00:00,5.67699,5.67706,5.66387,5.66708,0,0
2015-05-20,15:00:00,5.66701,5.69436,5.66687,5.69301,0,0
2015-05-20,16:00:00,5.69259,5.72135,5.69236,5.71933,0,0
2015-05-20,17:00:00,5.71925,5.72622,5.71005,5.71793,0,0
2015-05-20,18:00:00,5.71802,5.73055,5.7167,5.72876,0,0
2015-05-20,19:00:00,5.73033,5.73311,5.7181,5.71841,0,0
2015-05-20,20:00:00,5.71929,5.7198,5.7069,5.70803,0,0
2015-05-20,21:00:00,5.70803,5.71038,5.6921,5.702,0,0
2015-05-20,22:00:00,5.70236,5.71152,5.69879,5.7065,0,0
2015-05-20,23:00:00,5.70615,5.70848,5.70286,5.70848,0,0
2015-05-20,23:59:00,5.70909,5.71551,5.70326,5.71427,0,0
2015-05-21,01:00:00,5.71436,5.72415,5.71436,5.71652,0,0
2015-05-21,02:00:00,5.71746,5.71976,5.7151,5.71559,0,0
2015-05-21,03:00:00,5.71562,5.71807,5.71087,5.71311,0,0
2015-05-21,04:00:00,5.71383,5.71626,5.7052,5.71123,0,0
2015-05-21,05:00:00,5.71096,5.71475,5.70753,5.71394,0,0
2015-05-21,06:00:00,5.71394,5.7164,5.71247,5.71428,0,0
2015-05-21,07:00:00,5.71428,5.71554,5.71047,5.71403,0,0
2015-05-21,08:00:00,5.71344,5.71573,5.71066,5.71177,0,0
2015-05-21,09:00:00,5.71177,5.72699,5.70616,5.70726,0,0
2015-05-21,10:00:00,5.71065,5.718,5.70029,5.71107,0,0
2015-05-21,11:00:00,5.71162,5.73534,5.70124,5.73529,0,0
2015-05-21,12:00:00,5.73515,5.74721,5.73249,5.74699,0,0
2015-05-21,13:00:00,5.74732,5.7598,5.74732,5.75294,0,0
2015-05-21,14:00:00,5.75333,5.77044,5.75295,5.77021,0,0
2015-05-21,15:00:00,5.77032,5.78599,5.76285,5.7781,0,0
2015-05-21,16:00:00,5.77924,5.78172,5.76722,5.781,0,0
2015-05-21,17:00:00,5.78127,5.78546,5.75975,5.76771,0,0
2015-05-21,18:00:00,5.76717,5.7757,5.76162,5.76933,0,0
2015-05-21,19:00:00,5.76856,5.77083,5.76029,5.76213,0,0
2015-05-21,20:00:00,5.76188,5.77559,5.76031,5.77516,0,0
2015-05-21,21:00:00,5.77533,5.77603,5.76679,5.76905,0,0
2015-05-21,22:00:00,5.76845,5.77503,5.76799,5.77412,0,0
2015-05-21,23:00:00,5.7743,5.77557,5.77256,5.77456,0,0
2015-05-21,23:59:00,5.77435,5.77592,5.76596,5.76926,0,0
2015-05-22,01:00:00,5.76958,5.77225,5.76814,5.76906,0,0
2015-05-22,02:00:00,5.77082,5.77154,5.76772,5.76772,0,0
2015-05-22,03:00:00,5.76829,5.77161,5.76515,5.77116,0,0
2015-05-22,04:00:00,5.77116,5.77294,5.76833,5.77084,0,0
2015-05-22,05:00:00,5.77075,5.77145,5.76182,5.76655,0,0
2015-05-22,06:00:00,5.76655,5.76756,5.76107,5.76191,0,0
2015-05-22,07:00:00,5.76205,5.76392,5.75947,5.76291,0,0
2015-05-22,08:00:00,5.76294,5.76553,5.75991,5.76182,0,0
2015-05-22,09:00:00,5.75979,5.76077,5.75115,5.75734,0,0
2015-05-22,10:00:00,5.75689,5.75746,5.74524,5.74988,0,0
2015-05-22,11:00:00,5.74945,5.75185,5.73894,5.74542,0,0
2015-05-22,12:00:00,5.74562,5.74773,5.73196,5.73664,0,0
2015-05-22,13:00:00,5.73698,5.73909,5.72711,5.73002,0,0
2015-05-22,14:00:00,5.72992,5.74201,5.7202,5.73988,0,0
2015-05-22,15:00:00,5.73991,5.76028,5.73199,5.74975,0,0
2015-05-22,16:00:00,5.75089,5.77155,5.74856,5.76228,0,0
2015-05-22,17:00:00,5.7622,5.77826,5.7622,5.76626,0,0
2015-05-22,18:00:00,5.76687,5.77142,5.75369,5.75907,0,0
2015-05-22,19:00:00,5.75922,5.76051,5.75305,5.75896,0,0
2015-05-22,20:00:00,5.75944,5.7756,5.75891,5.77292,0,0
2015-05-22,21:00:00,5.77286,5.77718,5.77184,5.77654,0,0
2015-05-22,22:00:00,5.77654,5.77873,5.77378,5.77574,0,0
2015-05-22,23:00:00,5.77537,5.77537,5.77359,5.77359,0,0
2015-05-25,01:00:00,5.81486,5.81791,5.80686,5.8149,0,0
2015-05-25,02:00:00,5.81453,5.8186,5.81068,5.81471,0,0
2015-05-25,03:00:00,5.81471,5.82275,5.81351,5.82092,0,0
2015-05-25,04:00:00,5.82053,5.82387,5.81874,5.82051,0,0
2015-05-25,05:00:00,5.81986,5.82152,5.81763,5.81948,0,0
2015-05-25,06:00:00,5.81925,5.81947,5.81425,5.81847,0,0
2015-05-25,07:00:00,5.81856,5.81974,5.8176,5.81795,0,0
2015-05-25,08:00:00,5.81809,5.82285,5.81794,5.82071,0,0
2015-05-25,09:00:00,5.82061,5.82224,5.81071,5.81177,0,0
2015-05-25,10:00:00,5.81164,5.81889,5.7929,5.81668,0,0
2015-05-25,11:00:00,5.81668,5.82061,5.80443,5.80576,0,0
2015-05-25,12:00:00,5.80587,5.81012,5.79911,5.80487,0,0
2015-05-25,13:00:00,5.80508,5.80734,5.79718,5.79727,0,0
2015-05-25,14:00:00,5.79747,5.79856,5.78967,5.7917,0,0
2015-05-25,15:00:00,5.79179,5.79208,5.77789,5.77905,0,0
2015-05-25,16:00:00,5.77898,5.78155,5.77502,5.78049,0,0
2015-05-25,17:00:00,5.78049,5.78882,5.7794,5.78471,0,0
2015-05-25,18:00:00,5.78463,5.78554,5.78012,5.78475,0,0
2015-05-25,19:00:00,5.78511,5.78755,5.77981,5.78031,0,0
2015-05-25,20:00:00,5.77848,5.7849,5.77848,5.7849,0,0
2015-05-25,21:00:00,5.7849,5.78501,5.78057,5.78258,0,0
2015-05-25,22:00:00,5.78267,5.78538,5.7818,5.78352,0,0
2015-05-25,23:00:00,5.78348,5.78623,5.78241,5.78458,0,0
2015-05-25,23:59:00,5.78349,5.78576,5.781,5.78276,0,0
2015-05-26,01:00:00,5.78276,5.78502,5.78189,5.78409,0,0
2015-05-26,02:00:00,5.78401,5.78954,5.78268,5.78832,0,0
2015-05-26,03:00:00,5.78823,5.79677,5.78735,5.79378,0,0
2015-05-26,04:00:00,5.79378,5.79642,5.78919,5.7905,0,0
2015-05-26,05:00:00,5.79059,5.79138,5.78445,5.78792,0,0
2015-05-26,06:00:00,5.78801,5.79463,5.78792,5.79158,0,0
2015-05-26,07:00:00,5.79146,5.79883,5.79094,5.79818,0,0
2015-05-26,08:00:00,5.79818,5.80155,5.79675,5.80025,0,0
2015-05-26,09:00:00,5.80079,5.82177,5.79652,5.82026,0,0
2015-05-26,10:00:00,5.82047,5.82625,5.8056,5.82625,0,0
2015-05-26,11:00:00,5.82591,5.83978,5.82505,5.83896,0,0
2015-05-26,12:00:00,5.8388,5.85016,5.83257,5.83548,0,0
2015-05-26,13:00:00,5.8362,5.84908,5.8362,5.84635,0,0
2015-05-26,14:00:00,5.84561,5.84614,5.83258,5.83383,0,0
2015-05-26,15:00:00,5.83329,5.85241,5.8302,5.84296,0,0
2015-05-26,16:00:00,5.84409,5.84489,5.83302,5.83954,0,0
2015-05-26,17:00:00,5.83889,5.86212,5.83883,5.85082,0,0
2015-05-26,18:00:00,5.85041,5.87385,5.84704,5.87385,0,0
2015-05-26,19:00:00,5.87387,5.87666,5.86589,5.87073,0,0
2015-05-26,20:00:00,5.8704,5.88241,5.86924,5.88038,0,0
2015-05-26,21:00:00,5.87983,5.88008,5.87548,5.87672,0,0
2015-05-26,22:00:00,5.87693,5.88054,5.86747,5.86955,0,0
2015-05-26,23:00:00,5.87004,5.87229,5.86707,5.87229,0,0
2015-05-26,23:59:00,5.87345,5.87346,5.86352,5.86726,0,0
2015-05-27,01:00:00,5.8676,5.869,5.8634,5.8646,0,0
2015-05-27,02:00:00,5.86473,5.86754,5.86403,5.86469,0,0
2015-05-27,03:00:00,5.86469,5.87598,5.86333,5.86754,0,0
2015-05-27,04:00:00,5.86826,5.87718,5.86808,5.87351,0,0
2015-05-27,05:00:00,5.87366,5.8746,5.86897,5.87058,0,0
2015-05-27,06:00:00,5.87086,5.87126,5.86732,5.86982,0,0
2015-05-27,07:00:00,5.86982,5.87343,5.86879,5.87343,0,0
2015-05-27,08:00:00,5.87275,5.87275,5.86208,5.86477,0,0
2015-05-27,09:00:00,5.86625,5.86836,5.83953,5.84311,0,0
2015-05-27,10:00:00,5.84314,5.84391,5.82864,5.83024,0,0
2015-05-27,11:00:00,5.83022,5.84224,5.82461,5.83917,0,0
2015-05-27,12:00:00,5.83952,5.84983,5.83539,5.84082,0,0
2015-05-27,13:00:00,5.84144,5.85358,5.84069,5.84948,0,0
2015-05-27,14:00:00,5.84791,5.85128,5.84179,5.84851,0,0
2015-05-27,15:00:00,5.84874,5.864,5.84057,5.86089,0,0
2015-05-27,16:00:00,5.86075,5.86511,5.81733,5.8309,0,0
2015-05-27,17:00:00,5.831,5.83331,5.81474,5.81918,0,0
2015-05-27,18:00:00,5.81975,5.82316,5.79789,5.8117,0,0
2015-05-27,19:00:00,5.8115,5.81625,5.81058,5.8125,0,0
2015-05-27,20:00:00,5.81217,5.81272,5.80647,5.8087,0,0
2015-05-27,21:00:00,5.80879,5.81506,5.8077,5.81274,0,0
2015-05-27,22:00:00,5.81237,5.81788,5.80879,5.81129,0,0
2015-05-27,23:00:00,5.81163,5.81528,5.8084,5.81379,0,0
2015-05-27,23:59:00,5.8141,5.81611,5.80934,5.81558,0,0
2015-05-28,01:00:00,5.81555,5.8165,5.81037,5.81203,0,0
2015-05-28,02:00:00,5.81203,5.81521,5.81181,5.81448,0,0
2015-05-28,03:00:00,5.81456,5.81671,5.80499,5.80877,0,0
2015-05-28,04:00:00,5.80841,5.81462,5.80638,5.81224,0,0
2015-05-28,05:00:00,5.81181,5.8155,5.80847,5.8155,0,0
2015-05-28,06:00:00,5.81498,5.8158,5.80789,5.80908,0,0
2015-05-28,07:00:00,5.80897,5.81169,5.80658,5.80754,0,0
2015-05-28,08:00:00,5.80754,5.81081,5.8057,5.80854,0,0
2015-05-28,09:00:00,5.80877,5.814,5.79514,5.79922,0,0
2015-05-28,10:00:00,5.79997,5.80892,5.7991,5.803,0,0
2015-05-28,11:00:00,5.80306,5.81708,5.79849,5.80244,0,0
2015-05-28,12:00:00,5.80091,5.80813,5.79547,5.79844,0,0
2015-05-28,13:00:00,5.79842,5.79903,5.78135,5.78197,0,0
2015-05-28,14:00:00,5.78336,5.79896,5.77623,5.79507,0,0
2015-05-28,15:00:00,5.79517,5.79729,5.78203,5.78801,0,0
2015-05-28,16:00:00,5.78815,5.81234,5.78815,5.80901,0,0
2015-05-28,17:00:00,5.80991,5.81492,5.79208,5.80121,0,0
2015-05-28,18:00:00,5.80184,5.8052,5.79599,5.80342,0,0
2015-05-28,19:00:00,5.8029,5.81209,5.79496,5.79861,0,0
2015-05-28,20:00:00,5.79824,5.80119,5.79266,5.79831,0,0
2015-05-28,21:00:00,5.79833,5.80077,5.79056,5.79186,0,0
2015-05-28,22:00:00,5.79192,5.79792,5.79023,5.79375,0,0
2015-05-28,23:00:00,5.79387,5.79562,5.79133,5.79302,0,0
2015-05-28,23:59:00,5.79261,5.79407,5.78155,5.78792,0,0
2015-05-29,01:00:00,5.78776,5.79079,5.78383,5.78697,0,0
2015-05-29,02:00:00,5.78743,5.79137,5.78619,5.78772,0,0
2015-05-29,03:00:00,5.78724,5.79089,5.78673,5.79089,0,0
2015-05-29,04:00:00,5.79089,5.79462,5.78807,5.79411,0,0
2015-05-29,05:00:00,5.7942,5.79947,5.7932,5.79837,0,0
2015-05-29,06:00:00,5.79834,5.79859,5.78285,5.78285,0,0
2015-05-29,07:00:00,5.78291,5.78375,5.76466,5.77426,0,0
2015-05-29,08:00:00,5.7747,5.77834,5.77348,5.77609,0,0
2015-05-29,09:00:00,5.77717,5.78827,5.77317,5.78777,0,0
2015-05-29,10:00:00,5.78644,5.7866,5.77277,5.77296,0,0
2015-05-29,11:00:00,5.77444,5.77792,5.75769,5.7587,0,0
2015-05-29,12:00:00,5.76046,5.76288,5.7361,5.74142,0,0
2015-05-29,13:00:00,5.74122,5.74755,5.73843,5.7407,0,0
2015-05-29,14:00:00,5.73947,5.74429,5.73138,5.73488,0,0
2015-05-29,15:00:00,5.7351,5.75679,5.73298,5.74202,0,0
2015-05-29,16:00:00,5.74208,5.74422,5.73311,5.73468,0,0
2015-05-29,17:00:00,5.73551,5.74341,5.72707,5.73037,0,0
2015-05-29,18:00:00,5.73029,5.7315,5.71107,5.71107,0,0
2015-05-29,19:00:00,5.71184,5.72035,5.70325,5.72035,0,0
2015-05-29,20:00:00,5.72046,5.72498,5.71748,5.72431,0,0
2015-05-29,21:00:00,5.72434,5.72682,5.72225,5.72497,0,0
2015-05-29,22:00:00,5.7249,5.7256,5.71914,5.72131,0,0
2015-05-29,23:00:00,5.72131,5.72281,5.72131,5.72281,0,0
2015-06-01,01:00:00,5.72122,5.73014,5.71969,5.72825,0,0
2015-06-01,02:00:00,5.72816,5.73465,5.72807,5.73336,0,0
2015-06-01,03:00:00,5.73362,5.7392,5.73253,5.73666,0,0
2015-06-01,04:00:00,5.73678,5.74165,5.73515,5.7413,0,0
2015-06-01,05:00:00,5.74077,5.74169,5.73783,5.73996,0,0
2015-06-01,06:00:00,5.73969,5.74027,5.73707,5.73903,0,0
2015-06-01,07:00:00,5.73903,5.73925,5.73506,5.73613,0,0
2015-06-01,08:00:00,5.73613,5.74011,5.7355,5.73944,0,0
2015-06-01,09:00:00,5.73913,5.74928,5.73609,5.7404,0,0
2015-06-01,10:00:00,5.74099,5.76155,5.73679,5.75656,0,0
2015-06-01,11:00:00,5.75661,5.77092,5.75631,5.76567,0,0
2015-06-01,12:00:00,5.76541,5.76694,5.74942,5.75518,0,0
2015-06-01,13:00:00,5.75547,5.76293,5.74097,5.74898,0,0
2015-06-01,14:00:00,5.7496,5.75628,5.73937,5.74388,0,0
2015-06-01,15:00:00,5.7446,5.75089,5.7343,5.73706,0,0
2015-06-01,16:00:00,5.73552,5.74689,5.73414,5.74399,0,0
2015-06-01,17:00:00,5.7451,5.75433,5.7451,5.74906,0,0
2015-06-01,18:00:00,5.74901,5.75238,5.73461,5.7411,0,0
2015-06-01,19:00:00,5.74101,5.74495,5.73306,5.73389,0,0
2015-06-01,20:00:00,5.73281,5.73337,5.7223,5.72616,0,0
2015-06-01,21:00:00,5.72616,5.73228,5.72144,5.72275,0,0
2015-06-01,22:00:00,5.72181,5.72533,5.71878,5.72533,0,0
2015-06-01,23:00:00,5.72544,5.72844,5.7218,5.72553,0,0
2015-06-01,23:59:00,5.72804,5.73188,5.71989,5.72869,0,0
2015-06-02,01:00:00,5.72808,5.72836,5.72486,5.72551,0,0
2015-06-02,02:00:00,5.72551,5.73169,5.72499,5.72912,0,0
2015-06-02,03:00:00,5.72897,5.73081,5.72605,5.72784,0,0
2015-06-02,04:00:00,5.72775,5.72999,5.72634,5.72876,0,0
2015-06-02,05:00:00,5.72876,5.73081,5.72864,5.73007,0,0
2015-06-02,06:00:00,5.73007,5.73133,5.72847,5.72932,0,0
2015-06-02,07:00:00,5.72932,5.73005,5.72594,5.72607,0,0
2015-06-02,08:00:00,5.72607,5.73068,5.72463,5.72953,0,0
2015-06-02,09:00:00,5.72949,5.73685,5.71982,5.7215,0,0
2015-06-02,10:00:00,5.72067,5.7289,5.70944,5.7245,0,0
2015-06-02,11:00:00,5.72507,5.74527,5.7219,5.74108,0,0
2015-06-02,12:00:00,5.74076,5.74809,5.73602,5.74581,0,0
2015-06-02,13:00:00,5.74671,5.74671,5.70996,5.71792,0,0
2015-06-02,14:00:00,5.71831,5.71831,5.6971,5.7051,0,0
2015-06-02,15:00:00,5.70519,5.70599,5.68591,5.68636,0,0
2015-06-02,16:00:00,5.68639,5.68639,5.6556,5.68448,0,0
2015-06-02,17:00:00,5.68456,5.68804,5.66591,5.67427,0,0
2015-06-02,18:00:00,5.67366,5.68415,5.67201,5.68077,0,0
2015-06-02,19:00:00,5.68077,5.68077,5.66655,5.66655,0,0
2015-06-02,20:00:00,5.66897,5.67094,5.66269,5.66566,0,0
2015-06-02,21:00:00,5.66531,5.66823,5.66153,5.66446,0,0
2015-06-02,22:00:00,5.66322,5.67234,5.66322,5.67063,0,0
2015-06-02,23:00:00,5.67051,5.67234,5.66615,5.66876,0,0
2015-06-02,23:59:00,5.66968,5.67139,5.66626,5.66745,0,0
2015-06-03,01:00:00,5.66811,5.66833,5.66434,5.66755,0,0
2015-06-03,02:00:00,5.66755,5.66826,5.66519,5.66646,0,0
2015-06-03,03:00:00,5.66701,5.67168,5.66649,5.66858,0,0
2015-06-03,04:00:00,5.66857,5.67009,5.66009,5.66175,0,0
2015-06-03,05:00:00,5.66183,5.66749,5.66175,5.66433,0,0
2015-06-03,06:00:00,5.6645,5.66818,5.6645,5.66721,0,0
2015-06-03,07:00:00,5.66711,5.66721,5.66128,5.66415,0,0
2015-06-03,08:00:00,5.66435,5.66726,5.65692,5.66726,0,0
2015-06-03,09:00:00,5.66806,5.67678,5.66362,5.67164,0,0
2015-06-03,10:00:00,5.6719,5.69733,5.6719,5.68615,0,0
2015-06-03,11:00:00,5.68613,5.68643,5.65278,5.6665,0,0
2015-06-03,12:00:00,5.66682,5.67402,5.6622,5.66902,0,0
2015-06-03,13:00:00,5.66994,5.67466,5.66707,5.67466,0,0
2015-06-03,14:00:00,5.67444,5.68075,5.66796,5.67415,0,0
2015-06-03,15:00:00,5.67528,5.67862,5.65653,5.66696,0,0
2015-06-03,16:00:00,5.66778,5.66894,5.64571,5.65452,0,0
2015-06-03,17:00:00,5.65378,5.66349,5.64427,5.65332,0,0
2015-06-03,18:00:00,5.65369,5.66242,5.64635,5.65383,0,0
2015-06-03,19:00:00,5.65331,5.66423,5.65304,5.66115,0,0
2015-06-03,20:00:00,5.66083,5.66211,5.65523,5.66044,0,0
2015-06-03,21:00:00,5.66034,5.66914,5.65802,5.66657,0,0
2015-06-03,22:00:00,5.6659,5.67049,5.65952,5.66186,0,0
2015-06-03,23:00:00,5.66173,5.66551,5.66149,5.66423,0,0
2015-06-03,23:59:00,5.66511,5.66725,5.65957,5.66621,0,0
2015-06-04,01:00:00,5.66628,5.6689,5.66262,5.66449,0,0
2015-06-04,02:00:00,5.66503,5.66869,5.66153,5.66332,0,0
2015-06-04,03:00:00,5.66332,5.66701,5.66107,5.66382,0,0
2015-06-04,04:00:00,5.66382,5.66467,5.65993,5.66203,0,0
2015-06-04,05:00:00,5.66204,5.66308,5.66022,5.66051,0,0
2015-06-04,06:00:00,5.66132,5.66132,5.65771,5.6594,0,0
2015-06-04,07:00:00,5.65948,5.66288,5.65716,5.65842,0,0
2015-06-04,08:00:00,5.65843,5.66527,5.65809,5.66336,0,0
2015-06-04,09:00:00,5.66384,5.66937,5.65481,5.6676,0,0
2015-06-04,10:00:00,5.66725,5.68144,5.66508,5.681,0,0
2015-06-04,11:00:00,5.68108,5.68506,5.66708,5.68244,0,0
2015-06-04,12:00:00,5.6812,5.69206,5.67559,5.6858,0,0
2015-06-04,13:00:00,5.68634,5.68984,5.67459,5.68398,0,0
2015-06-04,14:00:00,5.68396,5.68985,5.66364,5.66636,0,0
2015-06-04,15:00:00,5.66582,5.68807,5.66501,5.68321,0,0
2015-06-04,16:00:00,5.68361,5.69089,5.67154,5.67633,0,0
2015-06-04,17:00:00,5.67598,5.67834,5.6656,5.66628,0,0
2015-06-04,18:00:00,5.66646,5.67337,5.66369,5.67098,0,0
2015-06-04,19:00:00,5.67078,5.67273,5.65917,5.67003,0,0
2015-06-04,20:00:00,5.67019,5.70316,5.66846,5.69939,0,0
2015-06-04,21:00:00,5.69936,5.70495,5.69781,5.70001,0,0
2015-06-04,22:00:00,5.70134,5.70859,5.69891,5.70381,0,0
2015-06-04,23:00:00,5.70378,5.70606,5.69954,5.70439,0,0
2015-06-04,23:59:00,5.70434,5.71426,5.69975,5.70699,0,0
2015-06-05,01:00:00,5.70684,5.71653,5.70027,5.71006,0,0
2015-06-05,02:00:00,5.70999,5.72136,5.70853,5.70862,0,0
2015-06-05,03:00:00,5.70862,5.71141,5.70381,5.70822,0,0
2015-06-05,04:00:00,5.70806,5.71556,5.70576,5.71068,0,0
2015-06-05,05:00:00,5.71062,5.71465,5.70798,5.70937,0,0
2015-06-05,06:00:00,5.70937,5.71679,5.70669,5.70699,0,0
2015-06-05,07:00:00,5.70701,5.71206,5.70461,5.71014,0,0
2015-06-05,08:00:00,5.71014,5.71064,5.70473,5.70533,0,0
2015-06-05,09:00:00,5.7051,5.7051,5.67479,5.67479,0,0
2015-06-05,10:00:00,5.67609,5.67628,5.65471,5.66103,0,0
2015-06-05,11:00:00,5.66055,5.67113,5.65095,5.6541,0,0
2015-06-05,12:00:00,5.65482,5.66243,5.63855,5.65137,0,0
2015-06-05,13:00:00,5.65087,5.66063,5.64744,5.6575,0,0
2015-06-05,14:00:00,5.65744,5.66437,5.6547,5.6616,0,0
2015-06-05,15:00:00,5.66178,5.72577,5.63361,5.71475,0,0
2015-06-05,16:00:00,5.7153,5.72851,5.7046,5.71319,0,0
2015-06-05,17:00:00,5.7143,5.71549,5.69768,5.70682,0,0
2015-06-05,18:00:00,5.70367,5.71464,5.69589,5.71452,0,0
2015-06-05,19:00:00,5.71391,5.72344,5.70834,5.71376,0,0
2015-06-05,20:00:00,5.71353,5.71456,5.70332,5.70777,0,0
2015-06-05,21:00:00,5.70792,5.71368,5.69766,5.70571,0,0
2015-06-05,22:00:00,5.70527,5.71672,5.70254,5.71667,0,0
2015-06-05,23:00:00,5.71667,5.71911,5.71667,5.71911,0,0
2015-06-08,01:00:00,5.71475,5.71802,5.71181,5.71571,0,0
2015-06-08,02:00:00,5.71588,5.71742,5.70757,5.71546,0,0
2015-06-08,03:00:00,5.71535,5.72895,5.7094,5.72868,0,0
2015-06-08,04:00:00,5.72888,5.73003,5.72287,5.72364,0,0
2015-06-08,05:00:00,5.72364,5.72684,5.72033,5.72188,0,0
2015-06-08,06:00:00,5.72188,5.7231,5.71938,5.72105,0,0
2015-06-08,07:00:00,5.72107,5.72419,5.72038,5.72198,0,0
2015-06-08,08:00:00,5.72104,5.72248,5.71622,5.71787,0,0
2015-06-08,09:00:00,5.71316,5.73078,5.69754,5.71199,0,0
2015-06-08,10:00:00,5.71296,5.71296,5.68619,5.68679,0,0
2015-06-08,11:00:00,5.68724,5.70019,5.68512,5.69255,0,0
2015-06-08,12:00:00,5.69274,5.69771,5.68834,5.69037,0,0
2015-06-08,13:00:00,5.69044,5.69547,5.68787,5.69197,0,0
2015-06-08,14:00:00,5.69159,5.69353,5.67151,5.67852,0,0
2015-06-08,15:00:00,5.67813,5.68132,5.66466,5.67962,0,0
2015-06-08,16:00:00,5.67976,5.68917,5.67424,5.6883,0,0
2015-06-08,17:00:00,5.68878,5.69246,5.67514,5.68954,0,0
2015-06-08,18:00:00,5.68958,5.68997,5.66841,5.67296,0,0
2015-06-08,19:00:00,5.67307,5.68629,5.67274,5.68623,0,0
2015-06-08,20:00:00,5.68763,5.68843,5.67615,5.68031,0,0
2015-06-08,21:00:00,5.68053,5.68233,5.67255,5.67457,0,0
2015-06-08,22:00:00,5.6743,5.67679,5.67072,5.67247,0,0
2015-06-08,23:00:00,5.67229,5.67824,5.66976,5.67659,0,0
2015-06-08,23:59:00,5.6778,5.68248,5.67455,5.67968,0,0
2015-06-09,01:00:00,5.67966,5.67986,5.67532,5.67771,0,0
2015-06-09,02:00:00,5.67771,5.6812,5.67672,5.67953,0,0
2015-06-09,03:00:00,5.67973,5.68117,5.67522,5.67812,0,0
2015-06-09,04:00:00,5.67841,5.67856,5.6604,5.66369,0,0
2015-06-09,05:00:00,5.66453,5.66638,5.66163,5.66463,0,0
2015-06-09,06:00:00,5.66455,5.66926,5.66383,5.66877,0,0
2015-06-09,07:00:00,5.6687,5.67246,5.6661,5.67077,0,0
2015-06-09,08:00:00,5.67069,5.67191,5.66287,5.66374,0,0
2015-06-09,09:00:00,5.66327,5.67506,5.65956,5.66447,0,0
2015-06-09,10:00:00,5.66378,5.66378,5.64497,5.64724,0,0
2015-06-09,11:00:00,5.64727,5.65806,5.64636,5.65247,0,0
2015-06-09,12:00:00,5.65236,5.65683,5.64877,5.65644,0,0
2015-06-09,13:00:00,5.65654,5.66494,5.65294,5.65763,0,0
2015-06-09,14:00:00,5.65654,5.6773,5.65363,5.67395,0,0
2015-06-09,15:00:00,5.67364,5.68778,5.66172,5.68058,0,0
2015-06-09,16:00:00,5.68012,5.68116,5.67186,5.67279,0,0
2015-06-09,17:00:00,5.67169,5.68574,5.65961,5.68321,0,0
2015-06-09,18:00:00,5.68301,5.68899,5.67572,5.68729,0,0
2015-06-09,19:00:00,5.68752,5.69016,5.6853,5.68808,0,0
2015-06-09,20:00:00,5.68808,5.69306,5.68513,5.69018,0,0
2015-06-09,21:00:00,5.69043,5.69282,5.68823,5.69088,0,0
2015-06-09,22:00:00,5.69107,5.69608,5.69061,5.696,0,0
2015-06-09,23:00:00,5.69573,5.69707,5.69334,5.69464,0,0
2015-06-09,23:59:00,5.69532,5.69957,5.69351,5.69676,0,0
2015-06-10,01:00:00,5.69565,5.69898,5.69565,5.69579,0,0
2015-06-10,02:00:00,5.69606,5.69637,5.68824,5.68985,0,0
2015-06-10,03:00:00,5.68997,5.69062,5.68547,5.68746,0,0
2015-06-10,04:00:00,5.68754,5.69191,5.6862,5.69131,0,0
2015-06-10,05:00:00,5.69139,5.69276,5.68915,5.69146,0,0
2015-06-10,06:00:00,5.69146,5.69235,5.68907,5.691,0,0
2015-06-10,07:00:00,5.69074,5.70062,5.68772,5.69872,0,0
2015-06-10,08:00:00,5.69863,5.70306,5.68997,5.69506,0,0
2015-06-10,09:00:00,5.69487,5.70117,5.68469,5.68756,0,0
2015-06-10,10:00:00,5.68588,5.68588,5.66885,5.67165,0,0
2015-06-10,11:00:00,5.67168,5.67827,5.66193,5.67413,0,0
2015-06-10,12:00:00,5.67402,5.68673,5.6706,5.67961,0,0
2015-06-10,13:00:00,5.67954,5.69198,5.67895,5.68673,0,0
2015-06-10,14:00:00,5.68672,5.69641,5.6803,5.69328,0,0
2015-06-10,15:00:00,5.69347,5.69951,5.68579,5.68648,0,0
2015-06-10,16:00:00,5.68613,5.68652,5.67175,5.68431,0,0
2015-06-10,17:00:00,5.68514,5.69374,5.68,5.69127,0,0
2015-06-10,18:00:00,5.69159,5.69308,5.67391,5.68065,0,0
2015-06-10,19:00:00,5.68004,5.68049,5.6709,5.67707,0,0
2015-06-10,20:00:00,5.67718,5.68225,5.67387,5.67441,0,0
2015-06-10,21:00:00,5.6745,5.68525,5.67293,5.6835,0,0
2015-06-10,22:00:00,5.68386,5.68523,5.6792,5.68146,0,0
2015-06-10,23:00:00,5.6809,5.68238,5.67735,5.68084,0,0
2015-06-10,23:59:00,5.68084,5.6826,5.6743,5.67557,0,0
2015-06-11,01:00:00,5.67707,5.68067,5.67105,5.67137,0,0
2015-06-11,02:00:00,5.67137,5.67957,5.6706,5.67957,0,0
2015-06-11,03:00:00,5.67994,5.68045,5.67022,5.6742,0,0
2015-06-11,04:00:00,5.67456,5.67639,5.66862,5.67571,0,0
2015-06-11,05:00:00,5.67562,5.67631,5.67046,5.67066,0,0
2015-06-11,06:00:00,5.67047,5.6725,5.66997,5.66998,0,0
2015-06-11,07:00:00,5.66989,5.67206,5.66642,5.66887,0,0
2015-06-11,08:00:00,5.66887,5.67039,5.66566,5.6676,0,0
2015-06-11,09:00:00,5.66714,5.67702,5.66394,5.67618,0,0
2015-06-11,10:00:00,5.67665,5.69344,5.66866,5.69026,0,0
2015-06-11,11:00:00,5.6911,5.69915,5.68951,5.69369,0,0
2015-06-11,12:00:00,5.69281,5.69851,5.68252,5.68942,0,0
2015-06-11,13:00:00,5.6896,5.69314,5.68356,5.68922,0,0
2015-06-11,14:00:00,5.68908,5.70368,5.68908,5.69852,0,0
2015-06-11,15:00:00,5.69802,5.70095,5.67973,5.68723,0,0
2015-06-11,16:00:00,5.68776,5.70263,5.6861,5.6951,0,0
2015-06-11,17:00:00,5.6956,5.70905,5.69267,5.70621,0,0
2015-06-11,18:00:00,5.70661,5.71284,5.69792,5.70509,0,0
2015-06-11,19:00:00,5.70561,5.70898,5.70355,5.70366,0,0
2015-06-11,20:00:00,5.70377,5.70699,5.70233,5.70641,0,0
2015-06-11,21:00:00,5.70524,5.70681,5.6958,5.69771,0,0
2015-06-11,22:00:00,5.69736,5.70161,5.69629,5.69819,0,0
2015-06-11,23:00:00,5.69827,5.70003,5.69526,5.69644,0,0
2015-06-11,23:59:00,5.69688,5.70599,5.69416,5.70378,0,0
2015-06-12,01:00:00,5.70302,5.70321,5.69869,5.70055,0,0
2015-06-12,02:00:00,5.70055,5.70156,5.69788,5.69983,0,0
2015-06-12,03:00:00,5.6999,5.70155,5.69643,5.69908,0,0
2015-06-12,04:00:00,5.69954,5.70457,5.69768,5.702,0,0
2015-06-12,05:00:00,5.702,5.70513,5.6991,5.70257,0,0
2015-06-12,06:00:00,5.70285,5.7034,5.69783,5.69899,0,0
2015-06-12,07:00:00,5.69879,5.70918,5.6977,5.70531,0,0
2015-06-12,08:00:00,5.70531,5.70994,5.70146,5.70246,0,0
2015-06-12,09:00:00,5.70203,5.72433,5.70139,5.72209,0,0
2015-06-12,10:00:00,5.72209,5.72209,5.70103,5.71129,0,0
2015-06-12,11:00:00,5.7117,5.74745,5.71071,5.74277,0,0
2015-06-12,12:00:00,5.74188,5.75021,5.73192,5.73192,0,0
2015-06-12,13:00:00,5.73131,5.74333,5.72743,5.74171,0,0
2015-06-12,14:00:00,5.74137,5.74431,5.72997,5.72997,0,0
2015-06-12,15:00:00,5.7302,5.73517,5.72311,5.72436,0,0
2015-06-12,16:00:00,5.72417,5.73248,5.71784,5.73116,0,0
2015-06-12,17:00:00,5.73234,5.74943,5.73157,5.73962,0,0
2015-06-12,18:00:00,5.73885,5.74382,5.72753,5.73005,0,0
2015-06-12,19:00:00,5.73033,5.73179,5.71144,5.71429,0,0
2015-06-12,20:00:00,5.71423,5.71711,5.70861,5.71431,0,0
2015-06-12,21:00:00,5.71407,5.71783,5.70939,5.71727,0,0
2015-06-12,22:00:00,5.71699,5.72371,5.71443,5.72371,0,0
2015-06-12,23:00:00,5.72392,5.72392,5.72136,5.72161,0,0
2015-06-15,01:00:00,5.75482,5.75536,5.74469,5.74761,0,0
2015-06-15,02:00:00,5.74775,5.75085,5.74637,5.74882,0,0
2015-06-15,03:00:00,5.74891,5.75049,5.74355,5.74478,0,0
2015-06-15,04:00:00,5.74497,5.7499,5.74096,5.74759,0,0
2015-06-15,05:00:00,5.74701,5.75026,5.74389,5.74798,0,0
2015-06-15,06:00:00,5.74812,5.74984,5.74172,5.74407,0,0
2015-06-15,07:00:00,5.74407,5.75074,5.74101,5.7479,0,0
2015-06-15,08:00:00,5.74836,5.75512,5.74602,5.7544,0,0
2015-06-15,09:00:00,5.75462,5.76446,5.74598,5.7485,0,0
2015-06-15,10:00:00,5.74932,5.74932,5.73018,5.73309,0,0
2015-06-15,11:00:00,5.73352,5.73691,5.72513,5.73026,0,0
2015-06-15,12:00:00,5.73142,5.7357,5.72216,5.73434,0,0
2015-06-15,13:00:00,5.7343,5.73855,5.724,5.73732,0,0
2015-06-15,14:00:00,5.73655,5.74388,5.73185,5.7409,0,0
2015-06-15,15:00:00,5.74089,5.7568,5.74089,5.75254,0,0
2015-06-15,16:00:00,5.75252,5.75818,5.74499,5.74696,0,0
2015-06-15,17:00:00,5.74699,5.74699,5.73203,5.73398,0,0
2015-06-15,18:00:00,5.73303,5.74912,5.73276,5.74302,0,0
2015-06-15,19:00:00,5.74071,5.74979,5.73873,5.7415,0,0
2015-06-15,20:00:00,5.74192,5.75252,5.74084,5.74959,0,0
2015-06-15,21:00:00,5.75037,5.75042,5.74526,5.74826,0,0
2015-06-15,22:00:00,5.74838,5.74928,5.74263,5.74315,0,0
2015-06-15,23:00:00,5.74308,5.74395,5.73851,5.74323,0,0
2015-06-15,23:59:00,5.74313,5.74905,5.73886,5.73886,0,0
2015-06-16,01:00:00,5.73886,5.74694,5.73876,5.74277,0,0
2015-06-16,02:00:00,5.74277,5.74488,5.74011,5.74141,0,0
2015-06-16,03:00:00,5.74132,5.74409,5.73956,5.74101,0,0
2015-06-16,04:00:00,5.74101,5.75103,5.7405,5.74737,0,0
2015-06-16,05:00:00,5.74696,5.75032,5.74574,5.74727,0,0
2015-06-16,06:00:00,5.74736,5.74927,5.74542,5.74699,0,0
2015-06-16,07:00:00,5.74699,5.74767,5.74494,5.74533,0,0
2015-06-16,08:00:00,5.74523,5.7483,5.74268,5.74351,0,0
2015-06-16,09:00:00,5.74351,5.75717,5.74217,5.7467,0,0
2015-06-16,10:00:00,5.74682,5.75194,5.7424,5.74573,0,0
2015-06-16,11:00:00,5.74634,5.75418,5.73798,5.74324,0,0
2015-06-16,12:00:00,5.7433,5.74849,5.73867,5.74749,0,0
2015-06-16,13:00:00,5.74734,5.75665,5.74552,5.75174,0,0
2015-06-16,14:00:00,5.75105,5.76602,5.74908,5.76141,0,0
2015-06-16,15:00:00,5.76307,5.77509,5.75809,5.75809,0,0
2015-06-16,16:00:00,5.75847,5.76454,5.75353,5.76013,0,0
2015-06-16,17:00:00,5.76041,5.77365,5.75796,5.76628,0,0
2015-06-16,18:00:00,5.76548,5.76781,5.7565,5.76197,0,0
2015-06-16,19:00:00,5.76304,5.76789,5.76126,5.76128,0,0
2015-06-16,20:00:00,5.76062,5.76371,5.75804,5.76031,0,0
2015-06-16,21:00:00,5.76072,5.76692,5.75957,5.76449,0,0
2015-06-16,22:00:00,5.76458,5.77255,5.76446,5.76722,0,0
2015-06-16,23:00:00,5.76722,5.76898,5.75933,5.76528,0,0
2015-06-16,23:59:00,5.76522,5.7711,5.76185,5.76449,0,0
2015-06-17,01:00:00,5.76438,5.76657,5.76161,5.76161,0,0
2015-06-17,02:00:00,5.76161,5.76524,5.76156,5.76331,0,0
2015-06-17,03:00:00,5.76322,5.7653,5.7623,5.76303,0,0
2015-06-17,04:00:00,5.76578,5.766,5.75952,5.76102,0,0
2015-06-17,05:00:00,5.76111,5.76504,5.76055,5.76132,0,0
2015-06-17,06:00:00,5.76132,5.76208,5.75686,5.75797,0,0
2015-06-17,07:00:00,5.75788,5.76369,5.75767,5.763,0,0
2015-06-17,08:00:00,5.76239,5.76722,5.7611,5.76722,0,0
2015-06-17,09:00:00,5.7668,5.77123,5.75837,5.76474,0,0
2015-06-17,10:00:00,5.76411,5.7693,5.75604,5.75838,0,0
2015-06-17,11:00:00,5.75862,5.80237,5.75744,5.79764,0,0
2015-06-17,12:00:00,5.79625,5.80437,5.79141,5.80314,0,0
2015-06-17,13:00:00,5.80286,5.81451,5.79941,5.81451,0,0
2015-06-17,14:00:00,5.81389,5.81444,5.8016,5.80468,0,0
2015-06-17,15:00:00,5.80386,5.80686,5.79498,5.80146,0,0
2015-06-17,16:00:00,5.80083,5.80321,5.79038,5.80069,0,0
2015-06-17,17:00:00,5.80089,5.82287,5.80077,5.82125,0,0
2015-06-17,18:00:00,5.82153,5.82599,5.81191,5.82594,0,0
2015-06-17,19:00:00,5.82648,5.83014,5.81394,5.81496,0,0
2015-06-17,20:00:00,5.81499,5.81871,5.8077,5.81811,0,0
2015-06-17,21:00:00,5.8183,5.8342,5.80659,5.81114,0,0
2015-06-17,22:00:00,5.81047,5.81167,5.80124,5.80491,0,0
2015-06-17,23:00:00,5.8049,5.80672,5.79718,5.80083,0,0
2015-06-17,23:59:00,5.79884,5.80156,5.7947,5.7953,0,0
2015-06-18,01:00:00,5.79522,5.80026,5.79354,5.79473,0,0
2015-06-18,02:00:00,5.79457,5.79822,5.78828,5.79219,0,0
2015-06-18,03:00:00,5.79219,5.79665,5.78795,5.79093,0,0
2015-06-18,04:00:00,5.791,5.79492,5.78986,5.79333,0,0
2015-06-18,05:00:00,5.79341,5.79781,5.79252,5.79328,0,0
2015-06-18,06:00:00,5.79244,5.79341,5.78911,5.79039,0,0
2015-06-18,07:00:00,5.79039,5.79063,5.78437,5.78824,0,0
2015-06-18,08:00:00,5.78796,5.79434,5.78311,5.79393,0,0
2015-06-18,09:00:00,5.79345,5.80451,5.78786,5.79812,0,0
2015-06-18,10:00:00,5.79781,5.81328,5.79756,5.80122,0,0
2015-06-18,11:00:00,5.79955,5.81135,5.79487,5.80846,0,0
2015-06-18,12:00:00,5.80874,5.82856,5.80439,5.811,0,0
2015-06-18,13:00:00,5.81071,5.81874,5.80724,5.81274,0,0
2015-06-18,14:00:00,5.81243,5.81906,5.80606,5.80683,0,0
2015-06-18,15:00:00,5.8065,5.82285,5.80319,5.81554,0,0
2015-06-18,16:00:00,5.81476,5.81824,5.80339,5.80711,0,0
2015-06-18,17:00:00,5.8073,5.81799,5.80224,5.80766,0,0
2015-06-18,18:00:00,5.8083,5.81955,5.80574,5.81474,0,0
2015-06-18,19:00:00,5.81539,5.82967,5.79956,5.8148,0,0
2015-06-18,20:00:00,5.81523,5.82541,5.81085,5.82035,0,0
2015-06-18,21:00:00,5.82035,5.82731,5.81636,5.82374,0,0
2015-06-18,22:00:00,5.82457,5.83284,5.82337,5.8271,0,0
2015-06-18,23:00:00,5.82724,5.83375,5.82685,5.83245,0,0
2015-06-18,23:59:00,5.83754,5.83754,5.82977,5.83131,0,0
2015-06-19,01:00:00,5.83128,5.8322,5.81733,5.8238,0,0
2015-06-19,02:00:00,5.8238,5.82844,5.82323,5.82559,0,0
2015-06-19,03:00:00,5.82559,5.82756,5.82398,5.82409,0,0
2015-06-19,04:00:00,5.82343,5.8263,5.82223,5.82412,0,0
2015-06-19,05:00:00,5.82528,5.82717,5.82382,5.827,0,0
2015-06-19,06:00:00,5.8269,5.82872,5.82612,5.82755,0,0
2015-06-19,07:00:00,5.82755,5.83224,5.82696,5.83224,0,0
2015-06-19,08:00:00,5.83224,5.83602,5.82972,5.83164,0,0
2015-06-19,09:00:00,5.8321,5.84561,5.8321,5.83884,0,0
2015-06-19,10:00:00,5.83862,5.8474,5.83299,5.84044,0,0
2015-06-19,11:00:00,5.8408,5.85022,5.83938,5.84464,0,0
2015-06-19,12:00:00,5.84439,5.84906,5.83897,5.84454,0,0
2015-06-19,13:00:00,5.84469,5.85659,5.84265,5.85659,0,0
2015-06-19,14:00:00,5.85611,5.85672,5.84245,5.84827,0,0
2015-06-19,15:00:00,5.84696,5.85481,5.84584,5.85444,0,0
2015-06-19,16:00:00,5.85432,5.868,5.84885,5.85251,0,0
2015-06-19,17:00:00,5.85293,5.85604,5.84662,5.85465,0,0
2015-06-19,18:00:00,5.85471,5.8611,5.85397,5.85688,0,0
2015-06-19,19:00:00,5.85716,5.85772,5.85058,5.85223,0,0
2015-06-19,20:00:00,5.85034,5.8522,5.84234,5.84762,0,0
2015-06-19,21:00:00,5.84762,5.854,5.84497,5.85267,0,0
2015-06-19,22:00:00,5.85258,5.8548,5.84992,5.85376,0,0
2015-06-19,23:00:00,5.85332,5.85521,5.85332,5.85474,0,0
2015-06-22,01:00:00,5.83417,5.84216,5.83398,5.83756,0,0
2015-06-22,02:00:00,5.83775,5.83887,5.8314,5.83516,0,0
2015-06-22,03:00:00,5.83526,5.83663,5.83128,5.83535,0,0
2015-06-22,04:00:00,5.83449,5.83585,5.83142,5.83442,0,0
2015-06-22,05:00:00,5.83433,5.83634,5.83305,5.83593,0,0
2015-06-22,06:00:00,5.83578,5.8359,5.83283,5.83401,0,0
2015-06-22,07:00:00,5.83401,5.83493,5.82966,5.83316,0,0
2015-06-22,08:00:00,5.83324,5.8362,5.82814,5.82859,0,0
2015-06-22,09:00:00,5.82855,5.83369,5.81174,5.81395,0,0
2015-06-22,10:00:00,5.81395,5.836,5.81395,5.82861,0,0
2015-06-22,11:00:00,5.82878,5.84093,5.82587,5.83943,0,0
2015-06-22,12:00:00,5.83878,5.84123,5.81581,5.81672,0,0
2015-06-22,13:00:00,5.81648,5.82035,5.8045,5.80576,0,0
2015-06-22,14:00:00,5.80586,5.81192,5.80051,5.80278,0,0
2015-06-22,15:00:00,5.80342,5.82167,5.79967,5.81346,0,0
2015-06-22,16:00:00,5.81344,5.81572,5.80471,5.8115,0,0
2015-06-22,17:00:00,5.81112,5.81878,5.78755,5.79103,0,0
2015-06-22,18:00:00,5.79099,5.80229,5.78678,5.80168,0,0
2015-06-22,19:00:00,5.80143,5.80948,5.80117,5.80605,0,0
2015-06-22,20:00:00,5.80501,5.81604,5.80378,5.81604,0,0
2015-06-22,21:00:00,5.81595,5.81994,5.80982,5.81994,0,0
2015-06-22,22:00:00,5.82016,5.82138,5.81367,5.81367,0,0
2015-06-22,23:00:00,5.81399,5.81546,5.81143,5.81293,0,0
2015-06-22,23:59:00,5.81112,5.82007,5.80878,5.81571,0,0
2015-06-23,01:00:00,5.8159,5.82322,5.81563,5.82218,0,0
2015-06-23,02:00:00,5.82218,5.82439,5.81648,5.82196,0,0
2015-06-23,03:00:00,5.82217,5.82353,5.82125,5.82273,0,0
2015-06-23,04:00:00,5.82263,5.82739,5.81197,5.81857,0,0
2015-06-23,05:00:00,5.81837,5.84016,5.81451,5.83869,0,0
2015-06-23,06:00:00,5.83869,5.84043,5.83256,5.83546,0,0
2015-06-23,07:00:00,5.83546,5.83616,5.82769,5.82795,0,0
2015-06-23,08:00:00,5.82795,5.83279,5.82607,5.82677,0,0
2015-06-23,09:00:00,5.82655,5.85564,5.82594,5.84227,0,0
2015-06-23,10:00:00,5.84237,5.84713,5.82516,5.83282,0,0
2015-06-23,11:00:00,5.8322,5.84918,5.83159,5.84862,0,0
2015-06-23,12:00:00,5.84995,5.86076,5.84761,5.85818,0,0
2015-06-23,13:00:00,5.85836,5.86957,5.85438,5.86519,0,0
2015-06-23,14:00:00,5.86466,5.87403,5.8627,5.86999,0,0
2015-06-23,15:00:00,5.87044,5.88576,5.86966,5.88073,0,0
2015-06-23,16:00:00,5.88067,5.89105,5.87611,5.88356,0,0
2015-06-23,17:00:00,5.88348,5.88498,5.84597,5.8561,0,0
2015-06-23,18:00:00,5.85317,5.86627,5.85281,5.85963,0,0
2015-06-23,19:00:00,5.85988,5.86571,5.85584,5.85838,0,0
2015-06-23,20:00:00,5.85852,5.86006,5.84949,5.85369,0,0
2015-06-23,21:00:00,5.85369,5.85713,5.85123,5.8552,0,0
2015-06-23,22:00:00,5.85519,5.86458,5.84794,5.86308,0,0
2015-06-23,23:00:00,5.86228,5.86335,5.85324,5.86139,0,0
2015-06-23,23:59:00,5.86222,5.86779,5.86116,5.8618,0,0
2015-06-24,01:00:00,5.86181,5.86465,5.86027,5.86048,0,0
2015-06-24,02:00:00,5.86057,5.86568,5.86057,5.86278,0,0
2015-06-24,03:00:00,5.86286,5.87149,5.86014,5.86939,0,0
2015-06-24,04:00:00,5.86966,5.87228,5.8655,5.86804,0,0
2015-06-24,05:00:00,5.86749,5.86831,5.86215,5.86439,0,0
2015-06-24,06:00:00,5.86439,5.86611,5.86339,5.8646,0,0
2015-06-24,07:00:00,5.8646,5.87186,5.86254,5.86967,0,0
2015-06-24,08:00:00,5.86967,5.87086,5.85848,5.86307,0,0
2015-06-24,09:00:00,5.86292,5.87922,5.85796,5.87737,0,0
2015-06-24,10:00:00,5.87709,5.87868,5.85045,5.85045,0,0
2015-06-24,11:00:00,5.85084,5.86342,5.84931,5.85988,0,0
2015-06-24,12:00:00,5.86085,5.87734,5.8554,5.86415,0,0
2015-06-24,13:00:00,5.86449,5.86683,5.85344,5.85423,0,0
2015-06-24,14:00:00,5.85311,5.86218,5.85311,5.85443,0,0
2015-06-24,15:00:00,5.85486,5.86751,5.84855,5.86741,0,0
2015-06-24,16:00:00,5.86758,5.8739,5.86386,5.86593,0,0
2015-06-24,17:00:00,5.86555,5.86649,5.85491,5.86042,0,0
2015-06-24,18:00:00,5.86137,5.86575,5.84814,5.85377,0,0
2015-06-24,19:00:00,5.85364,5.85599,5.82725,5.84081,0,0
2015-06-24,20:00:00,5.84044,5.84244,5.8323,5.83673,0,0
2015-06-24,21:00:00,5.83682,5.84195,5.83474,5.83983,0,0
2015-06-24,22:00:00,5.83933,5.84356,5.8364,5.84292,0,0
2015-06-24,23:00:00,5.84338,5.84652,5.84065,5.84393,0,0
2015-06-24,23:59:00,5.84389,5.85411,5.84389,5.84876,0,0
2015-06-25,01:00:00,5.84866,5.85116,5.84638,5.84784,0,0
2015-06-25,02:00:00,5.84781,5.85119,5.84671,5.84671,0,0
2015-06-25,03:00:00,5.84671,5.84842,5.84397,5.84508,0,0
2015-06-25,04:00:00,5.84505,5.84623,5.84271,5.84353,0,0
2015-06-25,05:00:00,5.84359,5.84519,5.83894,5.83921,0,0
2015-06-25,06:00:00,5.8393,5.84029,5.83547,5.83932,0,0
2015-06-25,07:00:00,5.84005,5.8423,5.83677,5.84065,0,0
2015-06-25,08:00:00,5.84157,5.84443,5.83933,5.8407,0,0
2015-06-25,09:00:00,5.84169,5.85402,5.83543,5.84505,0,0
2015-06-25,10:00:00,5.8454,5.85171,5.83855,5.85023,0,0
2015-06-25,11:00:00,5.85085,5.85612,5.84258,5.85489,0,0
2015-06-25,12:00:00,5.85477,5.87078,5.84917,5.86316,0,0
2015-06-25,13:00:00,5.86353,5.86422,5.83811,5.85567,0,0
2015-06-25,14:00:00,5.85497,5.86494,5.84815,5.85486,0,0
2015-06-25,15:00:00,5.85501,5.86029,5.84995,5.85794,0,0
2015-06-25,16:00:00,5.85839,5.87276,5.85507,5.86496,0,0
2015-06-25,17:00:00,5.86574,5.87293,5.8579,5.86012,0,0
2015-06-25,18:00:00,5.86026,5.86305,5.85703,5.85926,0,0
2015-06-25,19:00:00,5.85922,5.8605,5.85641,5.85753,0,0
2015-06-25,20:00:00,5.85753,5.86216,5.85706,5.86111,0,0
2015-06-25,21:00:00,5.86111,5.86217,5.85775,5.85877,0,0
2015-06-25,22:00:00,5.85855,5.86081,5.85657,5.85892,0,0
2015-06-25,23:00:00,5.85879,5.86305,5.85824,5.86257,0,0
2015-06-25,23:59:00,5.8632,5.86564,5.86106,5.86201,0,0
2015-06-26,01:00:00,5.86173,5.86524,5.86084,5.86432,0,0
2015-06-26,02:00:00,5.86423,5.86437,5.86089,5.86229,0,0
2015-06-26,03:00:00,5.86229,5.86846,5.86175,5.86612,0,0
2015-06-26,04:00:00,5.86618,5.86973,5.86518,5.86707,0,0
2015-06-26,05:00:00,5.86707,5.87429,5.86707,5.86975,0,0
2015-06-26,06:00:00,5.86975,5.87239,5.86893,5.87091,0,0
2015-06-26,07:00:00,5.87072,5.87293,5.86384,5.8672,0,0
2015-06-26,08:00:00,5.86696,5.87062,5.86466,5.86665,0,0
2015-06-26,09:00:00,5.86687,5.86896,5.86007,5.86186,0,0
2015-06-26,10:00:00,5.86162,5.87002,5.85589,5.86851,0,0
2015-06-26,11:00:00,5.86888,5.87267,5.86165,5.87035,0,0
2015-06-26,12:00:00,5.86983,5.87144,5.85865,5.86781,0,0
2015-06-26,13:00:00,5.8678,5.8678,5.85962,5.86558,0,0
2015-06-26,14:00:00,5.86511,5.86634,5.85761,5.86145,0,0
2015-06-26,15:00:00,5.86078,5.87582,5.86023,5.87299,0,0
2015-06-26,16:00:00,5.8732,5.88191,5.8732,5.87589,0,0
2015-06-26,17:00:00,5.87608,5.89605,5.86661,5.89605,0,0
2015-06-26,18:00:00,5.89601,5.90046,5.88571,5.88878,0,0
2015-06-26,19:00:00,5.88878,5.89751,5.88623,5.88972,0,0
2015-06-26,20:00:00,5.8901,5.89382,5.88556,5.88884,0,0
2015-06-26,21:00:00,5.88884,5.88946,5.88287,5.88759,0,0
2015-06-26,22:00:00,5.88735,5.88735,5.88309,5.88657,0,0
2015-06-26,23:00:00,5.88638,5.88638,5.88528,5.88568,0,0
2015-06-29,01:00:00,5.97938,5.99694,5.97465,5.98548,0,0
2015-06-29,02:00:00,5.98574,5.99249,5.98022,5.98568,0,0
2015-06-29,03:00:00,5.98561,5.98645,5.96206,5.96839,0,0
2015-06-29,04:00:00,5.96835,5.97976,5.96698,5.97504,0,0
2015-06-29,05:00:00,5.97558,5.97745,5.97031,5.97599,0,0
2015-06-29,06:00:00,5.97608,5.97844,5.9734,5.97754,0,0
2015-06-29,07:00:00,5.97754,5.98023,5.97557,5.97655,0,0
2015-06-29,08:00:00,5.97624,5.99659,5.97027,5.98409,0,0
2015-06-29,09:00:00,5.98469,5.98943,5.93971,5.94293,0,0
2015-06-29,10:00:00,5.94325,5.96598,5.94189,5.94655,0,0
2015-06-29,11:00:00,5.94694,5.95288,5.91299,5.91607,0,0
2015-06-29,12:00:00,5.91613,5.94354,5.91613,5.93177,0,0
2015-06-29,13:00:00,5.932,5.94154,5.91052,5.91413,0,0
2015-06-29,14:00:00,5.91386,5.93064,5.91016,5.92381,0,0
2015-06-29,15:00:00,5.92368,5.9318,5.91247,5.92833,0,0
2015-06-29,16:00:00,5.92796,5.93548,5.92237,5.9273,0,0
2015-06-29,17:00:00,5.92624,5.92769,5.91036,5.92109,0,0
2015-06-29,18:00:00,5.92005,5.92679,5.91246,5.9152,0,0
2015-06-29,19:00:00,5.91554,5.92078,5.88125,5.89,0,0
2015-06-29,20:00:00,5.88906,5.89427,5.85465,5.87786,0,0
2015-06-29,21:00:00,5.87763,5.87945,5.86088,5.86769,0,0
2015-06-29,22:00:00,5.86828,5.87697,5.86797,5.87081,0,0
2015-06-29,23:00:00,5.86987,5.87834,5.8661,5.87677,0,0
2015-06-29,23:59:00,5.87728,5.87837,5.8704,5.87758,0,0
2015-06-30,01:00:00,5.8779,5.88257,5.87597,5.88123,0,0
2015-06-30,02:00:00,5.88115,5.88328,5.87751,5.87934,0,0
2015-06-30,03:00:00,5.87934,5.88331,5.87176,5.87873,0,0
2015-06-30,04:00:00,5.87864,5.88897,5.87655,5.88825,0,0
2015-06-30,05:00:00,5.88816,5.8956,5.88585,5.89326,0,0
2015-06-30,06:00:00,5.89307,5.89364,5.88866,5.88986,0,0
2015-06-30,07:00:00,5.89196,5.89327,5.88986,5.89273,0,0
2015-06-30,08:00:00,5.89264,5.89593,5.88828,5.89523,0,0
2015-06-30,09:00:00,5.89529,5.89792,5.88707,5.89418,0,0
2015-06-30,10:00:00,5.89434,5.89898,5.8894,5.89359,0,0
2015-06-30,11:00:00,5.89359,5.92154,5.89359,5.91754,0,0
2015-06-30,12:00:00,5.91679,5.91944,5.89223,5.89223,0,0
2015-06-30,13:00:00,5.89209,5.8963,5.88175,5.89002,0,0
2015-06-30,14:00:00,5.88947,5.89623,5.88639,5.89511,0,0
2015-06-30,15:00:00,5.8951,5.8963,5.88567,5.89206,0,0
2015-06-30,16:00:00,5.89191,5.89852,5.88208,5.89157,0,0
2015-06-30,17:00:00,5.89162,5.91592,5.88991,5.91492,0,0
2015-06-30,18:00:00,5.91413,5.92432,5.90123,5.90728,0,0
2015-06-30,19:00:00,5.90509,5.91555,5.90208,5.90856,0,0
2015-06-30,20:00:00,5.90856,5.92192,5.90747,5.91707,0,0
2015-06-30,21:00:00,5.91707,5.92385,5.91529,5.91929,0,0
2015-06-30,22:00:00,5.91849,5.91926,5.90693,5.90748,0,0
2015-06-30,23:00:00,5.90787,5.91739,5.90756,5.91036,0,0
2015-06-30,23:59:00,5.90662,5.91344,5.90621,5.91051,0,0
2015-07-01,01:00:00,5.91042,5.91155,5.90446,5.90634,0,0
2015-07-01,02:00:00,5.90633,5.90948,5.90443,5.90545,0,0
2015-07-01,03:00:00,5.90545,5.91145,5.90232,5.90911,0,0
2015-07-01,04:00:00,5.90917,5.90972,5.9045,5.90523,0,0
2015-07-01,05:00:00,5.90523,5.90959,5.90472,5.9075,0,0
2015-07-01,06:00:00,5.90703,5.90802,5.90535,5.90689,0,0
2015-07-01,07:00:00,5.90689,5.91,5.90674,5.9083,0,0
2015-07-01,08:00:00,5.90857,5.91269,5.90744,5.91186,0,0
2015-07-01,09:00:00,5.9115,5.92059,5.91018,5.91815,0,0
2015-07-01,10:00:00,5.91882,5.92797,5.91319,5.92196,0,0
2015-07-01,11:00:00,5.92315,5.93343,5.88672,5.89125,0,0
2015-07-01,12:00:00,5.89083,5.89645,5.87168,5.89397,0,0
2015-07-01,13:00:00,5.89409,5.901,5.88629,5.89908,0,0
2015-07-01,14:00:00,5.89928,5.90867,5.89816,5.90639,0,0
2015-07-01,15:00:00,5.90627,5.91616,5.90295,5.90639,0,0
2015-07-01,16:00:00,5.90652,5.91623,5.90293,5.90964,0,0
2015-07-01,17:00:00,5.90956,5.9154,5.89584,5.89584,0,0
2015-07-01,18:00:00,5.89537,5.90735,5.89498,5.90379,0,0
2015-07-01,19:00:00,5.90384,5.90864,5.89761,5.90578,0,0
2015-07-01,20:00:00,5.90538,5.91228,5.90473,5.90671,0,0
2015-07-01,21:00:00,5.90594,5.91481,5.90548,5.91391,0,0
2015-07-01,22:00:00,5.91391,5.91854,5.91306,5.91838,0,0
2015-07-01,23:00:00,5.91837,5.92087,5.9144,5.91879,0,0
2015-07-01,23:59:00,5.91926,5.91954,5.91518,5.91672,0,0
2015-07-02,01:00:00,5.91672,5.92025,5.91546,5.91851,0,0
2015-07-02,02:00:00,5.919,5.92269,5.91819,5.92098,0,0
2015-07-02,03:00:00,5.92078,5.92134,5.91652,5.91777,0,0
2015-07-02,04:00:00,5.91801,5.91853,5.91164,5.91293,0,0
2015-07-02,05:00:00,5.91293,5.91416,5.90273,5.9045,0,0
2015-07-02,06:00:00,5.9045,5.90664,5.90284,5.90586,0,0
2015-07-02,07:00:00,5.90586,5.90739,5.90439,5.90517,0,0
2015-07-02,08:00:00,5.90565,5.91159,5.90426,5.90831,0,0
2015-07-02,09:00:00,5.90794,5.91412,5.89934,5.90503,0,0
2015-07-02,10:00:00,5.90436,5.91338,5.902,5.90689,0,0
2015-07-02,11:00:00,5.90668,5.91343,5.90335,5.90623,0,0
2015-07-02,12:00:00,5.90613,5.90972,5.90465,5.90753,0,0
2015-07-02,13:00:00,5.90777,5.91299,5.90416,5.90714,0,0
2015-07-02,14:00:00,5.90738,5.90981,5.89575,5.89876,0,0
2015-07-02,15:00:00,5.89861,5.90714,5.89042,5.89749,0,0
2015-07-02,16:00:00,5.89743,5.91001,5.89547,5.90256,0,0
2015-07-02,17:00:00,5.90275,5.90405,5.88732,5.88782,0,0
2015-07-02,18:00:00,5.88775,5.90305,5.88582,5.90301,0,0
2015-07-02,19:00:00,5.90295,5.90295,5.89716,5.89716,0,0
2015-07-02,20:00:00,5.89699,5.90247,5.89605,5.90104,0,0
2015-07-02,21:00:00,5.90078,5.90372,5.89909,5.89909,0,0
2015-07-02,22:00:00,5.89955,5.90194,5.89735,5.9001,0,0
2015-07-02,23:00:00,5.90113,5.90401,5.90042,5.90333,0,0
2015-07-02,23:59:00,5.90301,5.9052,5.90023,5.90081,0,0
2015-07-03,01:00:00,5.90088,5.9035,5.89748,5.89889,0,0
2015-07-03,02:00:00,5.8989,5.90132,5.89875,5.90005,0,0
2015-07-03,03:00:00,5.90008,5.90297,5.89836,5.90281,0,0
2015-07-03,04:00:00,5.90281,5.90332,5.89985,5.90068,0,0
2015-07-03,05:00:00,5.90077,5.9011,5.89795,5.89952,0,0
2015-07-03,06:00:00,5.89952,5.89973,5.89739,5.8992,0,0
2015-07-03,07:00:00,5.89911,5.89963,5.89628,5.89827,0,0
2015-07-03,08:00:00,5.89785,5.90027,5.89591,5.9,0,0
2015-07-03,09:00:00,5.89946,5.901,5.89345,5.89673,0,0
2015-07-03,10:00:00,5.89606,5.89828,5.89098,5.89268,0,0
2015-07-03,11:00:00,5.89299,5.89789,5.88392,5.89522,0,0
2015-07-03,12:00:00,5.89414,5.89828,5.89166,5.89519,0,0
2015-07-03,13:00:00,5.89475,5.90137,5.89427,5.90077,0,0
2015-07-03,14:00:00,5.9007,5.90866,5.90005,5.90763,0,0
2015-07-03,15:00:00,5.90742,5.91002,5.90382,5.90567,0,0
2015-07-03,16:00:00,5.90553,5.90612,5.8948,5.89849,0,0
2015-07-03,17:00:00,5.89793,5.90422,5.88592,5.88858,0,0
2015-07-03,18:00:00,5.88838,5.89359,5.88033,5.88764,0,0
2015-07-03,19:00:00,5.88833,5.89974,5.87586,5.89913,0,0
2015-07-03,20:00:00,5.90009,5.90009,5.88131,5.886,0,0
2015-07-03,21:00:00,5.886,5.88945,5.88401,5.88895,0,0
2015-07-03,22:00:00,5.88887,5.89014,5.88061,5.88159,0,0
2015-07-03,23:00:00,5.88255,5.88498,5.88184,5.88276,0,0
2015-07-06,01:00:00,5.95904,5.96474,5.93769,5.94016,0,0
2015-07-06,02:00:00,5.94024,5.94555,5.9272,5.944,0,0
2015-07-06,03:00:00,5.94405,5.94519,5.92884,5.93053,0,0
2015-07-06,04:00:00,5.93065,5.93065,5.91694,5.92164,0,0
2015-07-06,05:00:00,5.92172,5.92528,5.9179,5.92024,0,0
2015-07-06,06:00:00,5.92024,5.92648,5.92015,5.92425,0,0
2015-07-06,07:00:00,5.92398,5.94066,5.92079,5.93668,0,0
2015-07-06,08:00:00,5.93699,5.94761,5.91059,5.91983,0,0
2015-07-06,09:00:00,5.91879,5.92738,5.90681,5.90853,0,0
2015-07-06,10:00:00,5.90892,5.9114,5.89138,5.89491,0,0
2015-07-06,11:00:00,5.89598,5.9085,5.89197,5.90724,0,0
2015-07-06,12:00:00,5.90693,5.91375,5.90359,5.90988,0,0
2015-07-06,13:00:00,5.90988,5.92109,5.90674,5.91707,0,0
2015-07-06,14:00:00,5.91664,5.93421,5.91472,5.93365,0,0
2015-07-06,15:00:00,5.93314,5.93666,5.92075,5.92428,0,0
2015-07-06,16:00:00,5.92423,5.9288,5.92163,5.92527,0,0
2015-07-06,17:00:00,5.92376,5.93253,5.91612,5.92326,0,0
2015-07-06,18:00:00,5.92268,5.93092,5.92051,5.92509,0,0
2015-07-06,19:00:00,5.92534,5.93032,5.91561,5.92474,0,0
2015-07-06,20:00:00,5.92454,5.92885,5.91914,5.92461,0,0
2015-07-06,21:00:00,5.92481,5.94447,5.92481,5.94166,0,0
2015-07-06,22:00:00,5.94156,5.94179,5.93361,5.93481,0,0
2015-07-06,23:00:00,5.93439,5.93611,5.93132,5.93343,0,0
2015-07-06,23:59:00,5.93099,5.93517,5.93099,5.93342,0,0
2015-07-07,01:00:00,5.93339,5.93493,5.93061,5.93354,0,0
2015-07-07,02:00:00,5.93354,5.93593,5.93297,5.93528,0,0
2015-07-07,03:00:00,5.93528,5.93951,5.93228,5.93434,0,0
2015-07-07,04:00:00,5.93434,5.9412,5.93353,5.93897,0,0
2015-07-07,05:00:00,5.93906,5.94044,5.93713,5.94024,0,0
2015-07-07,06:00:00,5.94009,5.9432,5.93914,5.93976,0,0
2015-07-07,07:00:00,5.93967,5.94082,5.93858,5.93948,0,0
2015-07-07,08:00:00,5.93938,5.94045,5.93399,5.93619,0,0
2015-07-07,09:00:00,5.93531,5.94141,5.92922,5.93335,0,0
2015-07-07,10:00:00,5.93387,5.94538,5.93178,5.93985,0,0
2015-07-07,11:00:00,5.93942,5.94799,5.93618,5.94428,0,0
2015-07-07,12:00:00,5.94377,5.9473,5.92726,5.92962,0,0
2015-07-07,13:00:00,5.92965,5.93267,5.91497,5.91521,0,0
2015-07-07,14:00:00,5.91617,5.92789,5.91466,5.92569,0,0
2015-07-07,15:00:00,5.9258,5.93703,5.92269,5.93296,0,0
2015-07-07,16:00:00,5.93285,5.93788,5.92917,5.93146,0,0
2015-07-07,17:00:00,5.93219,5.94623,5.9321,5.93832,0,0
2015-07-07,18:00:00,5.93678,5.94603,5.93428,5.94205,0,0
2015-07-07,19:00:00,5.94244,5.94244,5.92928,5.94154,0,0
2015-07-07,20:00:00,5.94103,5.94143,5.9296,5.93634,0,0
2015-07-07,21:00:00,5.93559,5.93682,5.92837,5.92837,0,0
2015-07-07,22:00:00,5.92795,5.9294,5.89758,5.90987,0,0
2015-07-07,23:00:00,5.90945,5.92045,5.90648,5.90896,0,0
2015-07-07,23:59:00,5.90822,5.92643,5.90822,5.91988,0,0
2015-07-08,01:00:00,5.91964,5.92259,5.91628,5.91647,0,0
2015-07-08,02:00:00,5.91647,5.9182,5.91239,5.91515,0,0
2015-07-08,03:00:00,5.91524,5.91955,5.91452,5.91764,0,0
2015-07-08,04:00:00,5.91772,5.92203,5.91428,5.91636,0,0
2015-07-08,05:00:00,5.91633,5.92036,5.91355,5.91934,0,0
2015-07-08,06:00:00,5.91934,5.91972,5.91282,5.91721,0,0
2015-07-08,07:00:00,5.91721,5.91721,5.90811,5.91041,0,0
2015-07-08,08:00:00,5.91049,5.92184,5.90767,5.92139,0,0
2015-07-08,09:00:00,5.92023,5.92726,5.91308,5.91343,0,0
2015-07-08,10:00:00,5.91351,5.91437,5.89637,5.90287,0,0
2015-07-08,11:00:00,5.90059,5.9047,5.88837,5.88945,0,0
2015-07-08,12:00:00,5.88901,5.89647,5.87984,5.89284,0,0
2015-07-08,13:00:00,5.89291,5.89743,5.87853,5.89587,0,0
2015-07-08,14:00:00,5.89514,5.90213,5.89152,5.893,0,0
2015-07-08,15:00:00,5.89383,5.89554,5.88146,5.8872,0,0
2015-07-08,16:00:00,5.88695,5.8939,5.8704,5.889,0,0
2015-07-08,17:00:00,5.8895,5.90026,5.87279,5.87469,0,0
2015-07-08,18:00:00,5.87537,5.88107,5.86213,5.87524,0,0
2015-07-08,19:00:00,5.87591,5.88294,5.86871,5.88209,0,0
2015-07-08,20:00:00,5.88158,5.88573,5.87894,5.88357,0,0
2015-07-08,21:00:00,5.88331,5.88642,5.87887,5.88383,0,0
2015-07-08,22:00:00,5.88433,5.88588,5.88087,5.8817,0,0
2015-07-08,23:00:00,5.88126,5.88473,5.87823,5.87846,0,0
2015-07-08,23:59:00,5.87912,5.88046,5.86851,5.87353,0,0
2015-07-09,01:00:00,5.87362,5.87853,5.8726,5.87596,0,0
2015-07-09,02:00:00,5.87677,5.87968,5.87399,5.87608,0,0
2015-07-09,03:00:00,5.87619,5.87802,5.87387,5.87743,0,0
2015-07-09,04:00:00,5.87749,5.87834,5.87177,5.87286,0,0
2015-07-09,05:00:00,5.87323,5.88034,5.8723,5.87716,0,0
2015-07-09,06:00:00,5.87708,5.87966,5.87241,5.87365,0,0
2015-07-09,07:00:00,5.87365,5.87795,5.87259,5.87701,0,0
2015-07-09,08:00:00,5.87701,5.87948,5.86429,5.87683,0,0
2015-07-09,09:00:00,5.8767,5.88444,5.8677,5.87096,0,0
2015-07-09,10:00:00,5.87185,5.89778,5.86863,5.89622,0,0
2015-07-09,11:00:00,5.89666,5.8981,5.88721,5.88985,0,0
2015-07-09,12:00:00,5.88994,5.89681,5.8863,5.88968,0,0
2015-07-09,13:00:00,5.89011,5.89547,5.87944,5.88909,0,0
2015-07-09,14:00:00,5.88715,5.88861,5.86489,5.86489,0,0
2015-07-09,15:00:00,5.86552,5.87835,5.86552,5.87505,0,0
2015-07-09,16:00:00,5.8752,5.88012,5.87108,5.87524,0,0
2015-07-09,17:00:00,5.87537,5.88296,5.87228,5.87747,0,0
2015-07-09,18:00:00,5.87925,5.89106,5.87757,5.88691,0,0
2015-07-09,19:00:00,5.88712,5.89044,5.87844,5.88332,0,0
2015-07-09,20:00:00,5.88452,5.88784,5.87827,5.88331,0,0
2015-07-09,21:00:00,5.88372,5.88539,5.87799,5.88048,0,0
2015-07-09,22:00:00,5.8807,5.88447,5.87513,5.87979,0,0
2015-07-09,23:00:00,5.88043,5.88118,5.87481,5.87684,0,0
2015-07-09,23:59:00,5.87734,5.87882,5.86932,5.86964,0,0
2015-07-10,01:00:00,5.86864,5.87045,5.84614,5.85628,0,0
2015-07-10,02:00:00,5.85668,5.86289,5.85197,5.85891,0,0
2015-07-10,03:00:00,5.85891,5.86172,5.85144,5.85282,0,0
2015-07-10,04:00:00,5.85282,5.85513,5.84837,5.85087,0,0
2015-07-10,05:00:00,5.85075,5.85265,5.84757,5.84976,0,0
2015-07-10,06:00:00,5.84967,5.85326,5.84799,5.85072,0,0
2015-07-10,07:00:00,5.85078,5.85278,5.8478,5.85179,0,0
2015-07-10,08:00:00,5.85179,5.85254,5.83873,5.84209,0,0
2015-07-10,09:00:00,5.84219,5.84219,5.81595,5.82304,0,0
2015-07-10,10:00:00,5.82169,5.83598,5.81711,5.83423,0,0
2015-07-10,11:00:00,5.83447,5.84033,5.82664,5.82664,0,0
2015-07-10,12:00:00,5.82646,5.82882,5.80612,5.81078,0,0
2015-07-10,13:00:00,5.80983,5.81406,5.79908,5.7993,0,0
2015-07-10,14:00:00,5.79984,5.80784,5.78845,5.7962,0,0
2015-07-10,15:00:00,5.79604,5.801,5.77836,5.78068,0,0
2015-07-10,16:00:00,5.78064,5.79264,5.77771,5.78952,0,0
2015-07-10,17:00:00,5.7891,5.79499,5.78519,5.79158,0,0
2015-07-10,18:00:00,5.79114,5.80309,5.79,5.80274,0,0
2015-07-10,19:00:00,5.80374,5.81274,5.79844,5.81144,0,0
2015-07-10,20:00:00,5.81081,5.81266,5.80278,5.81176,0,0
2015-07-10,21:00:00,5.81141,5.81698,5.80768,5.8162,0,0
2015-07-10,22:00:00,5.81638,5.81869,5.81049,5.81064,0,0
2015-07-10,23:00:00,5.8115,5.8115,5.80984,5.81093,0,0
2015-07-13,01:00:00,5.82474,5.82739,5.81722,5.8254,0,0
2015-07-13,02:00:00,5.82536,5.82679,5.81956,5.82595,0,0
2015-07-13,03:00:00,5.82501,5.82582,5.81303,5.821,0,0
2015-07-13,04:00:00,5.821,5.83032,5.81962,5.82245,0,0
2015-07-13,05:00:00,5.82231,5.82485,5.81822,5.82468,0,0
2015-07-13,06:00:00,5.82468,5.83074,5.81766,5.81942,0,0
2015-07-13,07:00:00,5.81942,5.81962,5.8146,5.81793,0,0
2015-07-13,08:00:00,5.81799,5.81893,5.80833,5.81169,0,0
2015-07-13,09:00:00,5.81177,5.82376,5.77321,5.78671,0,0
2015-07-13,10:00:00,5.78527,5.81495,5.78527,5.80488,0,0
2015-07-13,11:00:00,5.80565,5.83412,5.80565,5.83042,0,0
2015-07-13,12:00:00,5.83231,5.84275,5.82194,5.83782,0,0
2015-07-13,13:00:00,5.83736,5.85027,5.83535,5.83535,0,0
2015-07-13,14:00:00,5.83546,5.83546,5.81626,5.81817,0,0
2015-07-13,15:00:00,5.81834,5.83312,5.81441,5.81699,0,0
2015-07-13,16:00:00,5.8171,5.83376,5.8171,5.82935,0,0
2015-07-13,17:00:00,5.82757,5.83637,5.82097,5.83567,0,0
2015-07-13,18:00:00,5.83449,5.83591,5.82031,5.82882,0,0
2015-07-13,19:00:00,5.82873,5.83251,5.8207,5.82615,0,0
2015-07-13,20:00:00,5.82621,5.83018,5.82115,5.82567,0,0
2015-07-13,21:00:00,5.82629,5.82794,5.82095,5.82735,0,0
2015-07-13,22:00:00,5.82767,5.82851,5.82172,5.82837,0,0
2015-07-13,23:00:00,5.82828,5.82828,5.82078,5.82376,0,0
2015-07-13,23:59:00,5.82228,5.82713,5.82004,5.82236,0,0
2015-07-14,01:00:00,5.82213,5.82391,5.82035,5.82145,0,0
2015-07-14,02:00:00,5.82145,5.83192,5.82114,5.83134,0,0
2015-07-14,03:00:00,5.83058,5.83548,5.82777,5.8282,0,0
2015-07-14,04:00:00,5.82865,5.82907,5.82555,5.82692,0,0
2015-07-14,05:00:00,5.82692,5.829,5.82162,5.82412,0,0
2015-07-14,06:00:00,5.82424,5.82623,5.81974,5.82036,0,0
2015-07-14,07:00:00,5.82036,5.82424,5.82036,5.8228,0,0
2015-07-14,08:00:00,5.82298,5.82544,5.81632,5.82544,0,0
2015-07-14,09:00:00,5.82532,5.84119,5.81805,5.83951,0,0
2015-07-14,10:00:00,5.83946,5.84149,5.82861,5.83539,0,0
2015-07-14,11:00:00,5.83502,5.83858,5.81627,5.82602,0,0
2015-07-14,12:00:00,5.82678,5.86477,5.82163,5.85798,0,0
2015-07-14,13:00:00,5.85744,5.87442,5.85314,5.86869,0,0
2015-07-14,14:00:00,5.86738,5.87454,5.86094,5.86472,0,0
2015-07-14,15:00:00,5.86456,5.86469,5.8495,5.8583,0,0
2015-07-14,16:00:00,5.85812,5.86235,5.84993,5.85684,0,0
2015-07-14,17:00:00,5.85659,5.85821,5.8491,5.85412,0,0
2015-07-14,18:00:00,5.85492,5.85643,5.84471,5.84602,0,0
2015-07-14,19:00:00,5.84631,5.85342,5.8458,5.84997,0,0
2015-07-14,20:00:00,5.84997,5.86608,5.84282,5.86608,0,0
2015-07-14,21:00:00,5.86682,5.86876,5.86137,5.86573,0,0
2015-07-14,22:00:00,5.8661,5.87003,5.86344,5.86938,0,0
2015-07-14,23:00:00,5.86921,5.87061,5.865,5.86593,0,0
2015-07-14,23:59:00,5.86547,5.86762,5.86317,5.8655,0,0
2015-07-15,01:00:00,5.8659,5.86689,5.86247,5.86343,0,0
2015-07-15,02:00:00,5.86335,5.86918,5.86302,5.86718,0,0
2015-07-15,03:00:00,5.86726,5.87761,5.86726,5.87644,0,0
2015-07-15,04:00:00,5.87775,5.87978,5.87286,5.87458,0,0
2015-07-15,05:00:00,5.8739,5.87778,5.87237,5.87673,0,0
2015-07-15,06:00:00,5.87664,5.8777,5.86991,5.87195,0,0
2015-07-15,07:00:00,5.87211,5.87554,5.87144,5.87372,0,0
2015-07-15,08:00:00,5.87381,5.88194,5.87281,5.88004,0,0
2015-07-15,09:00:00,5.87994,5.88277,5.86747,5.87744,0,0
2015-07-15,10:00:00,5.87828,5.88433,5.87495,5.87894,0,0
2015-07-15,11:00:00,5.87872,5.87872,5.84801,5.86053,0,0
2015-07-15,12:00:00,5.86014,5.86373,5.84797,5.85263,0,0
2015-07-15,13:00:00,5.85267,5.8645,5.85108,5.86144,0,0
2015-07-15,14:00:00,5.86144,5.86778,5.85336,5.86286,0,0
2015-07-15,15:00:00,5.86292,5.87813,5.85808,5.87784,0,0
2015-07-15,16:00:00,5.87765,5.88151,5.86869,5.88042,0,0
2015-07-15,17:00:00,5.88074,5.89211,5.87562,5.89198,0,0
2015-07-15,18:00:00,5.89211,5.89499,5.88354,5.88586,0,0
2015-07-15,19:00:00,5.88579,5.90093,5.88111,5.89621,0,0
2015-07-15,20:00:00,5.89612,5.90632,5.89585,5.90342,0,0
2015-07-15,21:00:00,5.90342,5.90454,5.89559,5.89786,0,0
2015-07-15,22:00:00,5.8981,5.90154,5.89698,5.89791,0,0
2015-07-15,23:00:00,5.89809,5.90279,5.89664,5.89901,0,0
2015-07-15,23:59:00,5.89828,5.90217,5.89462,5.89969,0,0
2015-07-16,01:00:00,5.89903,5.90336,5.89347,5.89398,0,0
2015-07-16,02:00:00,5.89351,5.90257,5.89118,5.90123,0,0
2015-07-16,03:00:00,5.90118,5.90659,5.90081,5.90489,0,0
2015-07-16,04:00:00,5.90504,5.90914,5.90315,5.90835,0,0
2015-07-16,05:00:00,5.90835,5.90925,5.90469,5.90489,0,0
2015-07-16,06:00:00,5.90481,5.90651,5.90134,5.90423,0,0
2015-07-16,07:00:00,5.90433,5.90605,5.90068,5.90306,0,0
2015-07-16,08:00:00,5.90281,5.90714,5.89962,5.89979,0,0
2015-07-16,09:00:00,5.89942,5.90276,5.89094,5.89926,0,0
2015-07-16,10:00:00,5.89996,5.9057,5.88523,5.89526,0,0
2015-07-16,11:00:00,5.89528,5.8982,5.88143,5.88723,0,0
2015-07-16,12:00:00,5.88798,5.89177,5.87941,5.89044,0,0
2015-07-16,13:00:00,5.89043,5.9014,5.89043,5.89763,0,0
2015-07-16,14:00:00,5.89753,5.89963,5.88003,5.88297,0,0
2015-07-16,15:00:00,5.88355,5.89975,5.87884,5.89925,0,0
2015-07-16,16:00:00,5.89938,5.90028,5.87838,5.87997,0,0
2015-07-16,17:00:00,5.88076,5.88298,5.87562,5.87766,0,0
2015-07-16,18:00:00,5.87705,5.88921,5.87705,5.88694,0,0
2015-07-16,19:00:00,5.88715,5.9059,5.8867,5.90404,0,0
2015-07-16,20:00:00,5.90412,5.90695,5.89753,5.90283,0,0
2015-07-16,21:00:00,5.90302,5.91012,5.89746,5.90029,0,0
2015-07-16,22:00:00,5.90088,5.90305,5.89782,5.90075,0,0
2015-07-16,23:00:00,5.90119,5.90467,5.89966,5.90417,0,0
2015-07-16,23:59:00,5.90414,5.90414,5.8988,5.90013,0,0
2015-07-17,01:00:00,5.90013,5.90381,5.89856,5.8997,0,0
2015-07-17,02:00:00,5.89958,5.90135,5.8969,5.89934,0,0
2015-07-17,03:00:00,5.89934,5.90213,5.89749,5.89865,0,0
2015-07-17,04:00:00,5.8987,5.90267,5.89699,5.90114,0,0
2015-07-17,05:00:00,5.90121,5.9087,5.90023,5.90648,0,0
2015-07-17,06:00:00,5.90627,5.90641,5.89711,5.89936,0,0
2015-07-17,07:00:00,5.89936,5.90494,5.89775,5.90378,0,0
2015-07-17,08:00:00,5.90378,5.91058,5.90144,5.90693,0,0
2015-07-17,09:00:00,5.90683,5.91872,5.90553,5.91328,0,0
2015-07-17,10:00:00,5.91336,5.92095,5.90118,5.90479,0,0
2015-07-17,11:00:00,5.90427,5.9083,5.88872,5.89544,0,0
2015-07-17,12:00:00,5.89531,5.89692,5.88272,5.88796,0,0
2015-07-17,13:00:00,5.88824,5.89108,5.87687,5.87964,0,0
2015-07-17,14:00:00,5.87913,5.88974,5.87574,5.88193,0,0
2015-07-17,15:00:00,5.88193,5.8894,5.87386,5.88927,0,0
2015-07-17,16:00:00,5.88946,5.89903,5.88153,5.89903,0,0
2015-07-17,17:00:00,5.89893,5.91825,5.89071,5.91419,0,0
2015-07-17,18:00:00,5.91399,5.91905,5.91313,5.91654,0,0
2015-07-17,19:00:00,5.91705,5.9226,5.91344,5.91344,0,0
2015-07-17,20:00:00,5.91346,5.91689,5.91072,5.9118,0,0
2015-07-17,21:00:00,5.9118,5.91511,5.91023,5.91422,0,0
2015-07-17,22:00:00,5.91421,5.915,5.91182,5.91351,0,0
2015-07-17,23:00:00,5.91373,5.91391,5.91365,5.91373,0,0
2015-07-20,01:00:00,5.91569,5.91569,5.90954,5.9114,0,0
2015-07-20,02:00:00,5.91292,5.91865,5.9113,5.91718,0,0
2015-07-20,03:00:00,5.91695,5.92122,5.91349,5.91914,0,0
2015-07-20,04:00:00,5.91896,5.92019,5.91536,5.9179,0,0
2015-07-20,05:00:00,5.91861,5.92003,5.91502,5.91565,0,0
2015-07-20,06:00:00,5.91533,5.92197,5.91532,5.9201,0,0
2015-07-20,07:00:00,5.9201,5.92016,5.91633,5.91769,0,0
2015-07-20,08:00:00,5.9182,5.92029,5.91624,5.91786,0,0
2015-07-20,09:00:00,5.91712,5.91957,5.91096,5.91879,0,0
2015-07-20,10:00:00,5.91894,5.9253,5.89889,5.90092,0,0
2015-07-20,11:00:00,5.90061,5.90474,5.89413,5.89752,0,0
2015-07-20,12:00:00,5.89552,5.90771,5.89357,5.89904,0,0
2015-07-20,13:00:00,5.89919,5.91231,5.89919,5.90803,0,0
2015-07-20,14:00:00,5.90772,5.91791,5.90129,5.90465,0,0
2015-07-20,15:00:00,5.90434,5.91407,5.90156,5.91407,0,0
2015-07-20,16:00:00,5.91147,5.92243,5.90666,5.91742,0,0
2015-07-20,17:00:00,5.91817,5.91973,5.90873,5.91914,0,0
2015-07-20,18:00:00,5.9204,5.92782,5.91672,5.92661,0,0
2015-07-20,19:00:00,5.92516,5.92721,5.92107,5.92616,0,0
2015-07-20,20:00:00,5.9268,5.9275,5.92107,5.92511,0,0
2015-07-20,21:00:00,5.92503,5.92905,5.92479,5.92759,0,0
2015-07-20,22:00:00,5.92807,5.92879,5.92157,5.9249,0,0
2015-07-20,23:00:00,5.92484,5.93495,5.92471,5.92959,0,0
2015-07-20,23:59:00,5.92829,5.93378,5.92708,5.92955,0,0
