Date,Time,Open,High,Low,Close,Volume,OpenInt
2015-04-22,01:00:00,1.08298,1.08376,1.08254,1.08312,0,0
2015-04-22,02:00:00,1.08309,1.08369,1.08279,1.08352,0,0
2015-04-22,03:00:00,1.08351,1.08414,1.08259,1.08276,0,0
2015-04-22,04:00:00,1.08276,1.08309,1.07532,1.07664,0,0
2015-04-22,05:00:00,1.07672,1.07693,1.07536,1.07648,0,0
2015-04-22,06:00:00,1.07647,1.0777,1.07616,1.07712,0,0
2015-04-22,07:00:00,1.07721,1.07741,1.07608,1.07635,0,0
2015-04-22,08:00:00,1.07629,1.07738,1.07615,1.07686,0,0
2015-04-22,09:00:00,1.07677,1.07743,1.07528,1.07602,0,0
2015-04-22,10:00:00,1.07604,1.07607,1.07377,1.07475,0,0
2015-04-22,11:00:00,1.07475,1.07653,1.07291,1.07391,0,0
2015-04-22,12:00:00,1.07386,1.07441,1.07304,1.07348,0,0
2015-04-22,13:00:00,1.07352,1.07465,1.07304,1.07452,0,0
2015-04-22,14:00:00,1.07449,1.07514,1.07332,1.07482,0,0
2015-04-22,15:00:00,1.07482,1.07544,1.0733,1.07457,0,0
2015-04-22,16:00:00,1.07461,1.0765,1.0742,1.07469,0,0
2015-04-22,17:00:00,1.07478,1.07691,1.07402,1.07508,0,0
2015-04-22,18:00:00,1.07508,1.0756,1.07307,1.07336,0,0
2015-04-22,19:00:00,1.07336,1.0746,1.07315,1.07372,0,0
2015-04-22,20:00:00,1.07372,1.07381,1.0729,1.07352,0,0
2015-04-22,21:00:00,1.07352,1.07415,1.07297,1.07364,0,0
2015-04-22,22:00:00,1.07357,1.07437,1.07309,1.07404,0,0
2015-04-22,23:00:00,1.07406,1.07626,1.07406,1.07528,0,0
2015-04-22,23:59:00,1.07528,1.07662,1.07468,1.0761,0,0
2015-04-23,01:00:00,1.07611,1.07683,1.07574,1.07588,0,0
2015-04-23,02:00:00,1.07589,1.07608,1.07497,1.07606,0,0
2015-04-23,03:00:00,1.07618,1.07881,1.07577,1.07694,0,0
2015-04-23,04:00:00,1.07718,1.07918,1.0761,1.07737,0,0
2015-04-23,05:00:00,1.07736,1.07924,1.07632,1.07858,0,0
2015-04-23,06:00:00,1.07858,1.07876,1.07637,1.07649,0,0
2015-04-23,07:00:00,1.07649,1.07695,1.07532,1.07655,0,0
2015-04-23,08:00:00,1.07655,1.07747,1.07605,1.07706,0,0
2015-04-23,09:00:00,1.07706,1.08009,1.07681,1.07992,0,0
2015-04-23,10:00:00,1.07995,1.08002,1.07846,1.07877,0,0
2015-04-23,11:00:00,1.07878,1.07904,1.07713,1.07739,0,0
2015-04-23,12:00:00,1.07739,1.07915,1.07674,1.07871,0,0
2015-04-23,13:00:00,1.0787,1.08042,1.07834,1.07963,0,0
2015-04-23,14:00:00,1.07959,1.07969,1.07683,1.07758,0,0
2015-04-23,15:00:00,1.07759,1.07957,1.07717,1.07893,0,0
2015-04-23,16:00:00,1.07887,1.0789,1.0771,1.07729,0,0
2015-04-23,17:00:00,1.07722,1.07789,1.07427,1.07583,0,0
2015-04-23,18:00:00,1.07579,1.07587,1.07346,1.07355,0,0
2015-04-23,19:00:00,1.07355,1.07479,1.0732,1.07365,0,0
2015-04-23,20:00:00,1.07365,1.07494,1.07313,1.0748,0,0
2015-04-23,21:00:00,1.07481,1.07625,1.07453,1.07596,0,0
2015-04-23,22:00:00,1.076,1.07628,1.07543,1.07559,0,0
2015-04-23,23:00:00,1.07544,1.07559,1.07437,1.07505,0,0
2015-04-23,23:59:00,1.07505,1.07555,1.07455,1.0747,0,0
2015-04-24,01:00:00,1.07478,1.07532,1.07449,1.07494,0,0
2015-04-24,02:00:00,1.07494,1.07575,1.07486,1.07558,0,0
2015-04-24,03:00:00,1.07557,1.07617,1.07374,1.07405,0,0
2015-04-24,04:00:00,1.07404,1.07628,1.07354,1.07628,0,0
2015-04-24,05:00:00,1.07612,1.07712,1.07579,1.07678,0,0
2015-04-24,06:00:00,1.07678,1.07694,1.07564,1.07594,0,0
2015-04-24,07:00:00,1.07613,1.07641,1.0756,1.07602,0,0
2015-04-24,08:00:00,1.076,1.07626,1.07491,1.07585,0,0
2015-04-24,09:00:00,1.07584,1.07639,1.07385,1.07437,0,0
2015-04-24,10:00:00,1.07437,1.07526,1.07321,1.0739,0,0
2015-04-24,11:00:00,1.07387,1.07515,1.07236,1.07443,0,0
2015-04-24,12:00:00,1.07432,1.07522,1.07392,1.07415,0,0
2015-04-24,13:00:00,1.07419,1.07643,1.07388,1.07541,0,0
2015-04-24,14:00:00,1.07541,1.07622,1.07393,1.07396,0,0
2015-04-24,15:00:00,1.07398,1.07426,1.07203,1.07422,0,0
2015-04-24,16:00:00,1.07411,1.07582,1.07377,1.07565,0,0
2015-04-24,17:00:00,1.07562,1.07638,1.07425,1.07433,0,0
2015-04-24,18:00:00,1.07433,1.07433,1.07249,1.07421,0,0
2015-04-24,19:00:00,1.07421,1.07521,1.07362,1.07485,0,0
2015-04-24,20:00:00,1.07492,1.07529,1.07426,1.07487,0,0
2015-04-24,21:00:00,1.07488,1.0758,1.07441,1.07479,0,0
2015-04-24,22:00:00,1.07479,1.07602,1.07455,1.07495,0,0
2015-04-24,23:00:00,1.07497,1.07501,1.07459,1.07459,0,0
2015-04-27,01:00:00,1.07479,1.07534,1.07413,1.07499,0,0
2015-04-27,02:00:00,1.07498,1.07501,1.07313,1.07391,0,0
2015-04-27,03:00:00,1.07391,1.0744,1.07336,1.07426,0,0
2015-04-27,04:00:00,1.07425,1.07469,1.07333,1.07416,0,0
2015-04-27,05:00:00,1.07414,1.07514,1.07329,1.07484,0,0
2015-04-27,06:00:00,1.07488,1.07662,1.07488,1.07601,0,0
2015-04-27,07:00:00,1.07595,1.07628,1.0745,1.07452,0,0
2015-04-27,08:00:00,1.07451,1.07487,1.07339,1.07403,0,0
2015-04-27,09:00:00,1.0741,1.07592,1.0735,1.0754,0,0
2015-04-27,10:00:00,1.07545,1.07597,1.0729,1.0735,0,0
2015-04-27,11:00:00,1.07349,1.07496,1.0733,1.07396,0,0
2015-04-27,12:00:00,1.074,1.07436,1.07278,1.07323,0,0
2015-04-27,13:00:00,1.07322,1.07367,1.07215,1.07227,0,0
2015-04-27,14:00:00,1.07224,1.07347,1.07203,1.07212,0,0
2015-04-27,15:00:00,1.07212,1.07305,1.07211,1.07231,0,0
2015-04-27,16:00:00,1.07234,1.07247,1.06989,1.06994,0,0
2015-04-27,17:00:00,1.06991,1.07002,1.06628,1.06741,0,0
2015-04-27,18:00:00,1.06741,1.06874,1.06664,1.06828,0,0
2015-04-27,19:00:00,1.06828,1.0701,1.06672,1.07001,0,0
2015-04-27,20:00:00,1.07,1.07001,1.06846,1.06976,0,0
2015-04-27,21:00:00,1.06979,1.07042,1.06832,1.06974,0,0
2015-04-27,22:00:00,1.06953,1.06987,1.06861,1.06942,0,0
2015-04-27,23:00:00,1.06946,1.06988,1.06883,1.06885,0,0
2015-04-27,23:59:00,1.06885,1.06991,1.06885,1.06975,0,0
2015-04-28,01:00:00,1.06964,1.07124,1.06794,1.06899,0,0
2015-04-28,02:00:00,1.06887,1.06908,1.06639,1.06716,0,0
2015-04-28,03:00:00,1.06716,1.06797,1.06664,1.06741,0,0
2015-04-28,04:00:00,1.06732,1.06797,1.06694,1.06709,0,0
2015-04-28,05:00:00,1.06697,1.0677,1.06681,1.06705,0,0
2015-04-28,06:00:00,1.06705,1.06798,1.0666,1.06783,0,0
2015-04-28,07:00:00,1.06781,1.0682,1.06665,1.0671,0,0
2015-04-28,08:00:00,1.0671,1.06729,1.0655,1.06577,0,0
2015-04-28,09:00:00,1.06577,1.06679,1.06468,1.06669,0,0
2015-04-28,10:00:00,1.06664,1.0672,1.06497,1.06566,0,0
2015-04-28,11:00:00,1.06567,1.06598,1.06315,1.06367,0,0
2015-04-28,12:00:00,1.06367,1.06392,1.06148,1.06164,0,0
2015-04-28,13:00:00,1.06169,1.06207,1.05904,1.05917,0,0
2015-04-28,14:00:00,1.05917,1.06005,1.05576,1.05744,0,0
2015-04-28,15:00:00,1.05736,1.05772,1.05567,1.05601,0,0
2015-04-28,16:00:00,1.05601,1.05622,1.05301,1.05398,0,0
2015-04-28,17:00:00,1.05396,1.05451,1.05128,1.05174,0,0
2015-04-28,18:00:00,1.05177,1.05183,1.0496,1.05009,0,0
2015-04-28,19:00:00,1.05009,1.05089,1.04972,1.04983,0,0
2015-04-28,20:00:00,1.0499,1.05033,1.048,1.04837,0,0
2015-04-28,21:00:00,1.04849,1.04999,1.04849,1.04977,0,0
2015-04-28,22:00:00,1.04974,1.05039,1.04946,1.04961,0,0
2015-04-28,23:00:00,1.04963,1.04987,1.04794,1.04867,0,0
2015-04-28,23:59:00,1.04867,1.04951,1.04845,1.04879,0,0
2015-04-29,01:00:00,1.04866,1.05012,1.04837,1.04942,0,0
2015-04-29,02:00:00,1.04942,1.05262,1.04941,1.05222,0,0
2015-04-29,03:00:00,1.05233,1.05357,1.05047,1.05065,0,0
2015-04-29,04:00:00,1.05065,1.05314,1.05065,1.05243,0,0
2015-04-29,05:00:00,1.05244,1.05384,1.05244,1.0537,0,0
2015-04-29,06:00:00,1.0537,1.05421,1.05253,1.05277,0,0
2015-04-29,07:00:00,1.05277,1.05383,1.05272,1.0536,0,0
2015-04-29,08:00:00,1.05348,1.0536,1.05204,1.05253,0,0
2015-04-29,09:00:00,1.05252,1.05312,1.05074,1.05118,0,0
2015-04-29,10:00:00,1.05108,1.05239,1.05088,1.05173,0,0
2015-04-29,11:00:00,1.05174,1.05182,1.04996,1.05058,0,0
2015-04-29,12:00:00,1.05058,1.05058,1.0496,1.05029,0,0
2015-04-29,13:00:00,1.05031,1.05056,1.04917,1.04963,0,0
2015-04-29,14:00:00,1.04963,1.04994,1.0482,1.04903,0,0
2015-04-29,15:00:00,1.04903,1.04917,1.04621,1.04722,0,0
2015-04-29,16:00:00,1.04722,1.04735,1.04361,1.04425,0,0
2015-04-29,17:00:00,1.04427,1.0448,1.0423,1.04342,0,0
2015-04-29,18:00:00,1.04342,1.04481,1.04225,1.04355,0,0
2015-04-29,19:00:00,1.04355,1.04581,1.04293,1.04555,0,0
2015-04-29,20:00:00,1.04554,1.04701,1.04492,1.04566,0,0
2015-04-29,21:00:00,1.04617,1.04883,1.04481,1.046,0,0
2015-04-29,22:00:00,1.04605,1.04772,1.04583,1.04759,0,0
2015-04-29,23:00:00,1.04754,1.04923,1.04638,1.04923,0,0
2015-04-29,23:59:00,1.04923,1.05192,1.04859,1.0502,0,0
2015-04-30,01:00:00,1.0502,1.05077,1.04952,1.05037,0,0
2015-04-30,02:00:00,1.0504,1.05133,1.05,1.05115,0,0
2015-04-30,03:00:00,1.05119,1.05147,1.04842,1.04842,0,0
2015-04-30,04:00:00,1.0484,1.05215,1.04801,1.05203,0,0
2015-04-30,05:00:00,1.05203,1.05406,1.05186,1.05247,0,0
2015-04-30,06:00:00,1.05246,1.05274,1.05103,1.05131,0,0
2015-04-30,07:00:00,1.05128,1.05613,1.05116,1.05404,0,0
2015-04-30,08:00:00,1.05411,1.05716,1.0541,1.05637,0,0
2015-04-30,09:00:00,1.05764,1.05764,1.05537,1.05597,0,0
2015-04-30,10:00:00,1.0559,1.05914,1.05481,1.05724,0,0
2015-04-30,11:00:00,1.05724,1.05941,1.05654,1.05928,0,0
2015-04-30,12:00:00,1.05928,1.06061,1.05887,1.06021,0,0
2015-04-30,13:00:00,1.06018,1.06359,1.05998,1.06181,0,0
2015-04-30,14:00:00,1.06182,1.06313,1.06146,1.06186,0,0
2015-04-30,15:00:00,1.06186,1.06363,1.06014,1.06063,0,0
2015-04-30,16:00:00,1.06074,1.06276,1.05997,1.06167,0,0
2015-04-30,17:00:00,1.06156,1.06246,1.05906,1.05949,0,0
2015-04-30,18:00:00,1.05948,1.0609,1.05877,1.06065,0,0
2015-04-30,19:00:00,1.06056,1.06056,1.05834,1.05849,0,0
2015-04-30,20:00:00,1.05851,1.05921,1.05796,1.05828,0,0
2015-04-30,21:00:00,1.05824,1.05871,1.0572,1.05798,0,0
2015-04-30,22:00:00,1.05794,1.06003,1.05794,1.05836,0,0
2015-04-30,23:00:00,1.05839,1.05974,1.058,1.05967,0,0
2015-04-30,23:59:00,1.05967,1.05981,1.05756,1.05973,0,0
2015-05-01,01:00:00,1.05975,1.05995,1.05896,1.05966,0,0
2015-05-01,02:00:00,1.05965,1.05992,1.05906,1.05977,0,0
2015-05-01,03:00:00,1.05977,1.05988,1.05873,1.05932,0,0
2015-05-01,04:00:00,1.05915,1.06014,1.05788,1.05967,0,0
2015-05-01,05:00:00,1.05967,1.06095,1.05858,1.05886,0,0
2015-05-01,06:00:00,1.05886,1.05938,1.05811,1.05853,0,0
2015-05-01,07:00:00,1.05853,1.05993,1.05838,1.05947,0,0
2015-05-01,08:00:00,1.05946,1.05992,1.05676,1.05718,0,0
2015-05-01,09:00:00,1.05716,1.06033,1.05617,1.06013,0,0
2015-05-01,10:00:00,1.06015,1.0616,1.05819,1.05863,0,0
2015-05-01,11:00:00,1.0586,1.0593,1.05729,1.0578,0,0
2015-05-01,12:00:00,1.05799,1.05973,1.05718,1.05973,0,0
2015-05-01,13:00:00,1.05974,1.06041,1.0579,1.0579,0,0
2015-05-01,14:00:00,1.05786,1.0604,1.05755,1.0604,0,0
2015-05-01,15:00:00,1.0604,1.06268,1.05915,1.06126,0,0
2015-05-01,16:00:00,1.06122,1.06153,1.05939,1.06119,0,0
2015-05-01,17:00:00,1.06136,1.0639,1.0601,1.06264,0,0
2015-05-01,18:00:00,1.06264,1.06537,1.06227,1.06469,0,0
2015-05-01,19:00:00,1.06469,1.06558,1.06269,1.06347,0,0
2015-05-01,20:00:00,1.06338,1.06349,1.06129,1.06233,0,0
2015-05-01,21:00:00,1.06232,1.06314,1.06165,1.06265,0,0
2015-05-01,22:00:00,1.06278,1.06304,1.06131,1.06174,0,0
2015-05-01,23:00:00,1.06172,1.06174,1.06156,1.06156,0,0
2015-05-04,01:00:00,1.06171,1.06257,1.06048,1.06246,0,0
2015-05-04,02:00:00,1.06246,1.06344,1.06198,1.06344,0,0
2015-05-04,03:00:00,1.06344,1.06561,1.06337,1.06531,0,0
2015-05-04,04:00:00,1.06528,1.06663,1.06214,1.06474,0,0
2015-05-04,05:00:00,1.06474,1.06588,1.06383,1.06454,0,0
2015-05-04,06:00:00,1.06454,1.06493,1.06332,1.06337,0,0
2015-05-04,07:00:00,1.06337,1.0645,1.06316,1.06444,0,0
2015-05-04,08:00:00,1.06443,1.0647,1.06299,1.06342,0,0
2015-05-04,09:00:00,1.0634,1.06474,1.06215,1.06384,0,0
2015-05-04,10:00:00,1.06376,1.06507,1.06192,1.06383,0,0
2015-05-04,11:00:00,1.06382,1.06404,1.06242,1.06301,0,0
2015-05-04,12:00:00,1.06302,1.06321,1.06203,1.06245,0,0
2015-05-04,13:00:00,1.06245,1.06297,1.06194,1.06256,0,0
2015-05-04,14:00:00,1.06252,1.06282,1.06163,1.06196,0,0
2015-05-04,15:00:00,1.06196,1.0622,1.0607,1.06158,0,0
2015-05-04,16:00:00,1.06176,1.06264,1.06146,1.0618,0,0
2015-05-04,17:00:00,1.06166,1.06224,1.0608,1.06117,0,0
2015-05-04,18:00:00,1.0612,1.06137,1.06032,1.06089,0,0
2015-05-04,19:00:00,1.06089,1.06119,1.06015,1.06054,0,0
2015-05-04,20:00:00,1.06053,1.0609,1.06029,1.06068,0,0
2015-05-04,21:00:00,1.06068,1.06225,1.06058,1.06113,0,0
2015-05-04,22:00:00,1.06112,1.06148,1.06069,1.06128,0,0
2015-05-04,23:00:00,1.06138,1.0626,1.06107,1.06215,0,0
2015-05-04,23:59:00,1.06212,1.06264,1.06153,1.06218,0,0
2015-05-05,01:00:00,1.0623,1.06257,1.06157,1.06173,0,0
2015-05-05,02:00:00,1.06172,1.06228,1.06144,1.06205,0,0
2015-05-05,03:00:00,1.06204,1.06222,1.06081,1.06205,0,0
2015-05-05,04:00:00,1.06206,1.0628,1.06087,1.06109,0,0
2015-05-05,05:00:00,1.06107,1.06146,1.05995,1.06005,0,0
2015-05-05,06:00:00,1.06016,1.06127,1.05923,1.06013,0,0
2015-05-05,07:00:00,1.06011,1.06747,1.05318,1.05403,0,0
2015-05-05,08:00:00,1.05403,1.0552,1.05202,1.0551,0,0
2015-05-05,09:00:00,1.05517,1.0587,1.05284,1.05793,0,0
2015-05-05,10:00:00,1.05793,1.05832,1.05583,1.05719,0,0
2015-05-05,11:00:00,1.05714,1.05714,1.0551,1.05581,0,0
2015-05-05,12:00:00,1.05581,1.05685,1.0548,1.05577,0,0
2015-05-05,13:00:00,1.05578,1.05649,1.05441,1.05517,0,0
2015-05-05,14:00:00,1.05517,1.05533,1.05325,1.05359,0,0
2015-05-05,15:00:00,1.05359,1.05471,1.05181,1.05288,0,0
2015-05-05,16:00:00,1.05285,1.05345,1.05132,1.05152,0,0
2015-05-05,17:00:00,1.05144,1.05248,1.04818,1.04959,0,0
2015-05-05,18:00:00,1.04959,1.05159,1.04931,1.05073,0,0
2015-05-05,19:00:00,1.05066,1.05086,1.04888,1.04981,0,0
2015-05-05,20:00:00,1.04981,1.0505,1.04866,1.04924,0,0
2015-05-05,21:00:00,1.04923,1.05065,1.04871,1.05065,0,0
2015-05-05,22:00:00,1.0506,1.05124,1.05028,1.05051,0,0
2015-05-05,23:00:00,1.05056,1.05167,1.04988,1.05048,0,0
2015-05-05,23:59:00,1.05048,1.05109,1.04999,1.05058,0,0
2015-05-06,01:00:00,1.05036,1.05258,1.05028,1.05138,0,0
2015-05-06,02:00:00,1.05141,1.05283,1.05086,1.0514,0,0
2015-05-06,03:00:00,1.05146,1.05149,1.04967,1.05017,0,0
2015-05-06,04:00:00,1.05017,1.05141,1.04829,1.04929,0,0
2015-05-06,05:00:00,1.04929,1.04984,1.04619,1.04685,0,0
2015-05-06,06:00:00,1.04683,1.04733,1.04582,1.04624,0,0
2015-05-06,07:00:00,1.04619,1.04753,1.04593,1.04643,0,0
2015-05-06,08:00:00,1.04643,1.04902,1.04633,1.0487,0,0
2015-05-06,09:00:00,1.04868,1.04901,1.04686,1.04762,0,0
2015-05-06,10:00:00,1.04762,1.04918,1.04605,1.04655,0,0
2015-05-06,11:00:00,1.04655,1.0475,1.04541,1.04653,0,0
2015-05-06,12:00:00,1.04653,1.04731,1.04572,1.04695,0,0
2015-05-06,13:00:00,1.04698,1.04705,1.04492,1.04501,0,0
2015-05-06,14:00:00,1.04492,1.04508,1.04324,1.04367,0,0
2015-05-06,15:00:00,1.04367,1.04414,1.04232,1.04389,0,0
2015-05-06,16:00:00,1.04391,1.0456,1.04307,1.04529,0,0
2015-05-06,17:00:00,1.04527,1.04552,1.04364,1.04491,0,0
2015-05-06,18:00:00,1.04494,1.0462,1.04448,1.04606,0,0
2015-05-06,19:00:00,1.04595,1.04866,1.04595,1.04866,0,0
2015-05-06,20:00:00,1.04866,1.05055,1.048,1.05019,0,0
2015-05-06,21:00:00,1.05019,1.05247,1.04938,1.05208,0,0
2015-05-06,22:00:00,1.05208,1.05235,1.04973,1.04973,0,0
2015-05-06,23:00:00,1.0496,1.05129,1.0496,1.05049,0,0
2015-05-06,23:59:00,1.05054,1.05054,1.04919,1.05035,0,0
2015-05-07,01:00:00,1.05031,1.05068,1.04946,1.05061,0,0
2015-05-07,02:00:00,1.05061,1.05307,1.05061,1.05296,0,0
2015-05-07,03:00:00,1.05296,1.05316,1.05166,1.05178,0,0
2015-05-07,04:00:00,1.05182,1.05577,1.04975,1.05005,0,0
2015-05-07,05:00:00,1.05005,1.05072,1.04646,1.04697,0,0
2015-05-07,06:00:00,1.047,1.04878,1.0455,1.04849,0,0
2015-05-07,07:00:00,1.04849,1.04934,1.04788,1.04898,0,0
2015-05-07,08:00:00,1.04903,1.04965,1.04689,1.04842,0,0
2015-05-07,09:00:00,1.04842,1.05048,1.04742,1.05037,0,0
2015-05-07,10:00:00,1.05039,1.0541,1.04942,1.05274,0,0
2015-05-07,11:00:00,1.05274,1.05651,1.05274,1.05455,0,0
2015-05-07,12:00:00,1.05456,1.05668,1.05378,1.05487,0,0
2015-05-07,13:00:00,1.05487,1.05708,1.05387,1.05483,0,0
2015-05-07,14:00:00,1.05483,1.05594,1.05406,1.05484,0,0
2015-05-07,15:00:00,1.05488,1.05517,1.05271,1.05308,0,0
2015-05-07,16:00:00,1.05308,1.05658,1.05243,1.0565,0,0
2015-05-07,17:00:00,1.05649,1.05799,1.05643,1.05734,0,0
2015-05-07,18:00:00,1.05738,1.05805,1.0552,1.05542,0,0
2015-05-07,19:00:00,1.0554,1.0559,1.05507,1.0558,0,0
2015-05-07,20:00:00,1.05581,1.05682,1.05566,1.05674,0,0
2015-05-07,21:00:00,1.05672,1.05749,1.05556,1.05651,0,0
2015-05-07,22:00:00,1.05646,1.05696,1.05602,1.05633,0,0
2015-05-07,23:00:00,1.05637,1.05678,1.05599,1.05623,0,0
2015-05-07,23:59:00,1.0562,1.05747,1.05479,1.05579,0,0
2015-05-08,01:00:00,1.05561,1.05636,1.05517,1.05635,0,0
2015-05-08,02:00:00,1.05632,1.05746,1.05551,1.05736,0,0
2015-05-08,03:00:00,1.05736,1.05837,1.05646,1.05673,0,0
2015-05-08,04:00:00,1.05673,1.05954,1.05274,1.05644,0,0
2015-05-08,05:00:00,1.05646,1.06009,1.05646,1.05729,0,0
2015-05-08,06:00:00,1.05727,1.0588,1.05715,1.05767,0,0
2015-05-08,07:00:00,1.05766,1.05868,1.0541,1.05437,0,0
2015-05-08,08:00:00,1.05437,1.05641,1.0537,1.05499,0,0
2015-05-08,09:00:00,1.05499,1.05592,1.05355,1.05374,0,0
2015-05-08,10:00:00,1.05375,1.0538,1.0512,1.05211,0,0
2015-05-08,11:00:00,1.05211,1.05391,1.05151,1.05286,0,0
2015-05-08,12:00:00,1.05282,1.05354,1.05161,1.05172,0,0
2015-05-08,13:00:00,1.05172,1.05273,1.05049,1.05254,0,0
2015-05-08,14:00:00,1.05256,1.0529,1.05178,1.05257,0,0
2015-05-08,15:00:00,1.05257,1.05631,1.05004,1.05171,0,0
2015-05-08,16:00:00,1.0517,1.05308,1.04907,1.05246,0,0
2015-05-08,17:00:00,1.05243,1.05782,1.05243,1.05654,0,0
2015-05-08,18:00:00,1.05663,1.05663,1.05478,1.05498,0,0
2015-05-08,19:00:00,1.05503,1.05656,1.05413,1.05448,0,0
2015-05-08,20:00:00,1.05442,1.05475,1.05325,1.05377,0,0
2015-05-08,21:00:00,1.05388,1.05487,1.05386,1.05425,0,0
2015-05-08,22:00:00,1.05424,1.05424,1.05261,1.05338,0,0
2015-05-08,23:00:00,1.05338,1.05338,1.05336,1.05336,0,0
2015-05-11,01:00:00,1.05344,1.05432,1.05255,1.05342,0,0
2015-05-11,02:00:00,1.05342,1.05423,1.05271,1.05328,0,0
2015-05-11,03:00:00,1.05329,1.05439,1.05269,1.05272,0,0
2015-05-11,04:00:00,1.0552,1.05712,1.05473,1.05626,0,0
2015-05-11,05:00:00,1.05625,1.05712,1.05558,1.05675,0,0
2015-05-11,06:00:00,1.05675,1.05856,1.05665,1.05834,0,0
2015-05-11,07:00:00,1.05822,1.05842,1.05677,1.0569,0,0
2015-05-11,08:00:00,1.05687,1.05766,1.05613,1.05707,0,0
2015-05-11,09:00:00,1.05706,1.05746,1.05408,1.05411,0,0
2015-05-11,10:00:00,1.0541,1.05675,1.0541,1.05597,0,0
2015-05-11,11:00:00,1.05604,1.05661,1.05489,1.05512,0,0
2015-05-11,12:00:00,1.05506,1.05691,1.05506,1.05686,0,0
2015-05-11,13:00:00,1.05686,1.05734,1.05558,1.05606,0,0
2015-05-11,14:00:00,1.05606,1.05648,1.05472,1.05562,0,0
2015-05-11,15:00:00,1.05565,1.05649,1.05428,1.05466,0,0
2015-05-11,16:00:00,1.05466,1.05559,1.0539,1.05469,0,0
2015-05-11,17:00:00,1.05459,1.05601,1.05334,1.05341,0,0
2015-05-11,18:00:00,1.05344,1.05496,1.05235,1.05461,0,0
2015-05-11,19:00:00,1.05466,1.0553,1.05411,1.05429,0,0
2015-05-11,20:00:00,1.05429,1.05433,1.05238,1.05327,0,0
2015-05-11,21:00:00,1.05327,1.05359,1.05248,1.05359,0,0
2015-05-11,22:00:00,1.05363,1.05489,1.05332,1.05474,0,0
2015-05-11,23:00:00,1.05474,1.0555,1.05409,1.05544,0,0
2015-05-11,23:59:00,1.05544,1.05545,1.05429,1.05447,0,0
2015-05-12,01:00:00,1.05458,1.05542,1.05458,1.05542,0,0
2015-05-12,02:00:00,1.05535,1.05544,1.05352,1.05411,0,0
2015-05-12,03:00:00,1.05411,1.05545,1.05373,1.05499,0,0
2015-05-12,04:00:00,1.05497,1.05545,1.0521,1.05211,0,0
2015-05-12,05:00:00,1.05208,1.05259,1.05066,1.05158,0,0
2015-05-12,06:00:00,1.05158,1.05231,1.05108,1.05169,0,0
2015-05-12,07:00:00,1.05169,1.05169,1.04926,1.04965,0,0
2015-05-12,08:00:00,1.04965,1.04965,1.04725,1.04934,0,0
2015-05-12,09:00:00,1.0493,1.04989,1.04834,1.04909,0,0
2015-05-12,10:00:00,1.04909,1.04993,1.04869,1.04988,0,0
2015-05-12,11:00:00,1.04989,1.05029,1.04696,1.04719,0,0
2015-05-12,12:00:00,1.04705,1.04798,1.04585,1.04585,0,0
2015-05-12,13:00:00,1.04584,1.04597,1.04366,1.04513,0,0
2015-05-12,14:00:00,1.04525,1.0455,1.04355,1.04399,0,0
2015-05-12,15:00:00,1.04399,1.04524,1.04249,1.0449,0,0
2015-05-12,16:00:00,1.0449,1.0472,1.0447,1.04601,0,0
2015-05-12,17:00:00,1.046,1.04634,1.04469,1.04544,0,0
2015-05-12,18:00:00,1.04539,1.04598,1.04416,1.04478,0,0
2015-05-12,19:00:00,1.04478,1.04614,1.04465,1.04539,0,0
2015-05-12,20:00:00,1.04539,1.04588,1.04404,1.04414,0,0
2015-05-12,21:00:00,1.0441,1.04418,1.04243,1.04376,0,0
2015-05-12,22:00:00,1.04373,1.04485,1.04368,1.04414,0,0
2015-05-12,23:00:00,1.04508,1.04639,1.04414,1.0459,0,0
2015-05-12,23:59:00,1.04593,1.04869,1.04363,1.04474,0,0
2015-05-13,01:00:00,1.04461,1.04572,1.04456,1.04514,0,0
2015-05-13,02:00:00,1.04515,1.04563,1.04395,1.04441,0,0
2015-05-13,03:00:00,1.04436,1.04516,1.04231,1.04444,0,0
2015-05-13,04:00:00,1.0445,1.04547,1.04342,1.04524,0,0
2015-05-13,05:00:00,1.04518,1.0477,1.04446,1.04588,0,0
2015-05-13,06:00:00,1.04588,1.04597,1.04454,1.04525,0,0
2015-05-13,07:00:00,1.04528,1.046,1.04432,1.04582,0,0
2015-05-13,08:00:00,1.04583,1.04696,1.04493,1.0466,0,0
2015-05-13,09:00:00,1.04655,1.04702,1.04507,1.04607,0,0
2015-05-13,10:00:00,1.04605,1.04666,1.0441,1.04414,0,0
2015-05-13,11:00:00,1.04416,1.04504,1.04228,1.04322,0,0
2015-05-13,12:00:00,1.04326,1.04434,1.0394,1.04075,0,0
2015-05-13,13:00:00,1.04075,1.04134,1.03851,1.03873,0,0
2015-05-13,14:00:00,1.03865,1.03875,1.03771,1.03794,0,0
2015-05-13,15:00:00,1.03794,1.03934,1.03525,1.036,0,0
2015-05-13,16:00:00,1.036,1.03679,1.03439,1.03509,0,0
2015-05-13,17:00:00,1.03512,1.03678,1.03328,1.03678,0,0
2015-05-13,18:00:00,1.03679,1.03763,1.03393,1.0345,0,0
2015-05-13,19:00:00,1.0345,1.03536,1.03371,1.03507,0,0
2015-05-13,20:00:00,1.03507,1.03577,1.03454,1.03559,0,0
2015-05-13,21:00:00,1.03559,1.03662,1.0352,1.03636,0,0
2015-05-13,22:00:00,1.03636,1.03666,1.03575,1.03575,0,0
2015-05-13,23:00:00,1.03575,1.03593,1.0338,1.03449,0,0
2015-05-13,23:59:00,1.03449,1.03574,1.03449,1.03536,0,0
2015-05-14,01:00:00,1.03537,1.03537,1.03325,1.03359,0,0
2015-05-14,02:00:00,1.03359,1.03441,1.03244,1.03434,0,0
2015-05-14,03:00:00,1.03438,1.03446,1.03157,1.0323,0,0
2015-05-14,04:00:00,1.0323,1.0323,1.02793,1.02913,0,0
2015-05-14,05:00:00,1.02913,1.03297,1.02881,1.03293,0,0
2015-05-14,06:00:00,1.03293,1.03322,1.03223,1.03314,0,0
2015-05-14,07:00:00,1.03311,1.03315,1.03142,1.03289,0,0
2015-05-14,08:00:00,1.0329,1.0336,1.03191,1.03332,0,0
2015-05-14,09:00:00,1.0333,1.0359,1.03267,1.03417,0,0
2015-05-14,10:00:00,1.03417,1.03981,1.0335,1.03871,0,0
2015-05-14,11:00:00,1.03871,1.04016,1.03754,1.03885,0,0
2015-05-14,12:00:00,1.03882,1.03892,1.03556,1.03584,0,0
2015-05-14,13:00:00,1.03582,1.03771,1.03498,1.03594,0,0
2015-05-14,14:00:00,1.03593,1.03665,1.03508,1.03513,0,0
2015-05-14,15:00:00,1.03513,1.03716,1.03379,1.03432,0,0
2015-05-14,16:00:00,1.03432,1.03579,1.03282,1.03327,0,0
2015-05-14,17:00:00,1.03348,1.03816,1.03314,1.03773,0,0
2015-05-14,18:00:00,1.03765,1.03977,1.03708,1.03809,0,0
2015-05-14,19:00:00,1.03805,1.03858,1.03726,1.03742,0,0
2015-05-14,20:00:00,1.03745,1.03861,1.03745,1.03833,0,0
2015-05-14,21:00:00,1.0383,1.03986,1.03807,1.03925,0,0
2015-05-14,22:00:00,1.03932,1.03949,1.03819,1.03849,0,0
2015-05-14,23:00:00,1.03849,1.03889,1.03789,1.0384,0,0
2015-05-14,23:59:00,1.0384,1.03883,1.03777,1.03847,0,0
2015-05-15,01:00:00,1.03845,1.03888,1.03767,1.03826,0,0
2015-05-15,02:00:00,1.03826,1.03867,1.0371,1.03765,0,0
2015-05-15,03:00:00,1.03768,1.04177,1.03689,1.04052,0,0
2015-05-15,04:00:00,1.04045,1.04069,1.03842,1.03861,0,0
2015-05-15,05:00:00,1.03859,1.04007,1.03832,1.03973,0,0
2015-05-15,06:00:00,1.03973,1.03975,1.03848,1.03856,0,0
2015-05-15,07:00:00,1.03858,1.04003,1.03858,1.03975,0,0
2015-05-15,08:00:00,1.03975,1.04117,1.03964,1.04106,0,0
2015-05-15,09:00:00,1.041,1.041,1.03812,1.03975,0,0
2015-05-15,10:00:00,1.03975,1.04234,1.03952,1.0412,0,0
2015-05-15,11:00:00,1.04118,1.04369,1.04073,1.04347,0,0
2015-05-15,12:00:00,1.04343,1.04352,1.04172,1.04221,0,0
2015-05-15,13:00:00,1.04216,1.04225,1.04063,1.04199,0,0
2015-05-15,14:00:00,1.04196,1.04225,1.04041,1.04196,0,0
2015-05-15,15:00:00,1.04193,1.04347,1.04155,1.04274,0,0
2015-05-15,16:00:00,1.04274,1.04387,1.04187,1.04356,0,0
2015-05-15,17:00:00,1.04356,1.04402,1.0408,1.0408,0,0
2015-05-15,18:00:00,1.04082,1.04139,1.03964,1.04033,0,0
2015-05-15,19:00:00,1.04037,1.0417,1.04016,1.04163,0,0
2015-05-15,20:00:00,1.04167,1.04239,1.04145,1.04239,0,0
2015-05-15,21:00:00,1.0424,1.04273,1.04141,1.04194,0,0
2015-05-15,22:00:00,1.04191,1.04278,1.04189,1.04222,0,0
2015-05-15,23:00:00,1.04224,1.04231,1.04223,1.04225,0,0
2015-05-18,01:00:00,1.04172,1.04267,1.04156,1.04191,0,0
2015-05-18,02:00:00,1.04191,1.04304,1.04067,1.04152,0,0
2015-05-18,03:00:00,1.04163,1.04546,1.04148,1.04354,0,0
2015-05-18,04:00:00,1.04352,1.04403,1.04238,1.04309,0,0
2015-05-18,05:00:00,1.04308,1.04344,1.04184,1.04258,0,0
2015-05-18,06:00:00,1.04258,1.04271,1.0416,1.04245,0,0
2015-05-18,07:00:00,1.04245,1.04279,1.04186,1.04208,0,0
2015-05-18,08:00:00,1.04208,1.04333,1.04198,1.04233,0,0
2015-05-18,09:00:00,1.04231,1.04326,1.04101,1.04326,0,0
2015-05-18,10:00:00,1.04325,1.04555,1.0431,1.0444,0,0
2015-05-18,11:00:00,1.04436,1.04492,1.04262,1.04284,0,0
2015-05-18,12:00:00,1.04292,1.04441,1.04239,1.04372,0,0
2015-05-18,13:00:00,1.04372,1.04501,1.04338,1.04399,0,0
2015-05-18,14:00:00,1.044,1.04448,1.04344,1.04361,0,0
2015-05-18,15:00:00,1.04374,1.04481,1.04335,1.04481,0,0
2015-05-18,16:00:00,1.04481,1.04551,1.04399,1.04488,0,0
2015-05-18,17:00:00,1.04482,1.04498,1.04202,1.04202,0,0
2015-05-18,18:00:00,1.04196,1.04308,1.04158,1.04306,0,0
2015-05-18,19:00:00,1.04306,1.04407,1.04272,1.04313,0,0
2015-05-18,20:00:00,1.04315,1.04432,1.04186,1.04374,0,0
2015-05-18,21:00:00,1.04373,1.04472,1.04351,1.04416,0,0
2015-05-18,22:00:00,1.04416,1.0442,1.04315,1.04363,0,0
2015-05-18,23:00:00,1.04363,1.0439,1.04305,1.04306,0,0
2015-05-18,23:59:00,1.04306,1.04347,1.04253,1.04269,0,0
2015-05-19,01:00:00,1.04263,1.0433,1.04232,1.04269,0,0
2015-05-19,02:00:00,1.0427,1.04326,1.04239,1.04318,0,0
2015-05-19,03:00:00,1.04324,1.04436,1.04273,1.04413,0,0
2015-05-19,04:00:00,1.04414,1.04764,1.04342,1.04644,0,0
2015-05-19,05:00:00,1.04644,1.04644,1.04334,1.04411,0,0
2015-05-19,06:00:00,1.04409,1.04423,1.04199,1.04258,0,0
2015-05-19,07:00:00,1.04257,1.04358,1.04246,1.04326,0,0
2015-05-19,08:00:00,1.04326,1.04328,1.04103,1.04212,0,0
2015-05-19,09:00:00,1.04221,1.04365,1.04207,1.04263,0,0
2015-05-19,10:00:00,1.04263,1.04571,1.04239,1.04499,0,0
2015-05-19,11:00:00,1.04499,1.04548,1.04323,1.0452,0,0
2015-05-19,12:00:00,1.0452,1.04593,1.04441,1.04455,0,0
2015-05-19,13:00:00,1.04455,1.04526,1.04423,1.04488,0,0
2015-05-19,14:00:00,1.04479,1.04501,1.04343,1.04378,0,0
2015-05-19,15:00:00,1.04378,1.04759,1.04339,1.04684,0,0
2015-05-19,16:00:00,1.04685,1.04721,1.0455,1.04559,0,0
2015-05-19,17:00:00,1.04563,1.04786,1.0456,1.04747,0,0
2015-05-19,18:00:00,1.04761,1.04794,1.0467,1.04744,0,0
2015-05-19,19:00:00,1.04745,1.04837,1.0474,1.04795,0,0
2015-05-19,20:00:00,1.04793,1.04809,1.04636,1.04676,0,0
2015-05-19,21:00:00,1.04676,1.04695,1.04615,1.04638,0,0
2015-05-19,22:00:00,1.04634,1.04736,1.04634,1.04641,0,0
2015-05-19,23:00:00,1.04643,1.04722,1.04642,1.04693,0,0
2015-05-19,23:59:00,1.04695,1.04701,1.0462,1.04662,0,0
2015-05-20,01:00:00,1.04643,1.04691,1.04623,1.04638,0,0
2015-05-20,02:00:00,1.04638,1.04732,1.04612,1.04638,0,0
2015-05-20,03:00:00,1.04618,1.04733,1.04555,1.04571,0,0
2015-05-20,04:00:00,1.04565,1.04606,1.04345,1.04418,0,0
2015-05-20,05:00:00,1.04418,1.04445,1.0431,1.04364,0,0
2015-05-20,06:00:00,1.04364,1.04432,1.04283,1.04417,0,0
2015-05-20,07:00:00,1.04417,1.04459,1.04335,1.04391,0,0
2015-05-20,08:00:00,1.0439,1.04461,1.04309,1.04461,0,0
2015-05-20,09:00:00,1.04462,1.04765,1.04425,1.04704,0,0
2015-05-20,10:00:00,1.04704,1.04791,1.04596,1.04762,0,0
2015-05-20,11:00:00,1.04762,1.04817,1.04661,1.04748,0,0
2015-05-20,12:00:00,1.04747,1.04823,1.04695,1.04733,0,0
2015-05-20,13:00:00,1.04733,1.04789,1.04685,1.04729,0,0
2015-05-20,14:00:00,1.04725,1.04785,1.04696,1.04709,0,0
2015-05-20,15:00:00,1.04705,1.04765,1.04606,1.04674,0,0
2015-05-20,16:00:00,1.04674,1.04839,1.04665,1.04815,0,0
2015-05-20,17:00:00,1.04815,1.0496,1.04737,1.04737,0,0
2015-05-20,18:00:00,1.04736,1.04744,1.04576,1.04663,0,0
2015-05-20,19:00:00,1.0466,1.04756,1.04583,1.04616,0,0
2015-05-20,20:00:00,1.04616,1.04762,1.04578,1.04695,0,0
2015-05-20,21:00:00,1.04693,1.04758,1.04452,1.04466,0,0
2015-05-20,22:00:00,1.04467,1.0464,1.04433,1.04621,0,0
2015-05-20,23:00:00,1.0461,1.04688,1.0459,1.04648,0,0
2015-05-20,23:59:00,1.04648,1.0475,1.04626,1.04711,0,0
2015-05-21,01:00:00,1.04711,1.04838,1.04711,1.04751,0,0
2015-05-21,02:00:00,1.04751,1.04795,1.04638,1.04724,0,0
2015-05-21,03:00:00,1.04724,1.04753,1.04616,1.04697,0,0
2015-05-21,04:00:00,1.04698,1.04747,1.04568,1.04719,0,0
2015-05-21,05:00:00,1.04714,1.04716,1.04465,1.04523,0,0
2015-05-21,06:00:00,1.04523,1.0459,1.04471,1.04569,0,0
2015-05-21,07:00:00,1.04561,1.04561,1.04456,1.04473,0,0
2015-05-21,08:00:00,1.04473,1.04523,1.04425,1.04512,0,0
2015-05-21,09:00:00,1.0451,1.04709,1.04508,1.04556,0,0
2015-05-21,10:00:00,1.04556,1.0473,1.04538,1.04694,0,0
2015-05-21,11:00:00,1.04694,1.04736,1.0455,1.046,0,0
2015-05-21,12:00:00,1.04599,1.04748,1.04581,1.04732,0,0
2015-05-21,13:00:00,1.04732,1.04764,1.04638,1.04702,0,0
2015-05-21,14:00:00,1.04698,1.04767,1.04688,1.04731,0,0
2015-05-21,15:00:00,1.04731,1.04845,1.04679,1.04818,0,0
2015-05-21,16:00:00,1.04825,1.04891,1.04743,1.04832,0,0
2015-05-21,17:00:00,1.04849,1.04849,1.04719,1.04791,0,0
2015-05-21,18:00:00,1.04804,1.04855,1.04661,1.04725,0,0
2015-05-21,19:00:00,1.04725,1.04748,1.04665,1.0473,0,0
2015-05-21,20:00:00,1.0473,1.04779,1.04699,1.04736,0,0
2015-05-21,21:00:00,1.04736,1.04755,1.04664,1.04736,0,0
2015-05-21,22:00:00,1.04726,1.04811,1.04724,1.04739,0,0
2015-05-21,23:00:00,1.04739,1.04772,1.0463,1.04657,0,0
2015-05-21,23:59:00,1.04657,1.04709,1.04602,1.04626,0,0
2015-05-22,01:00:00,1.04625,1.04673,1.04606,1.04616,0,0
2015-05-22,02:00:00,1.04614,1.04659,1.04547,1.04603,0,0
2015-05-22,03:00:00,1.04607,1.04607,1.04482,1.04507,0,0
2015-05-22,04:00:00,1.04507,1.04567,1.04472,1.04545,0,0
2015-05-22,05:00:00,1.04545,1.04571,1.04494,1.04539,0,0
2015-05-22,06:00:00,1.04541,1.04601,1.04444,1.04467,0,0
2015-05-22,07:00:00,1.04465,1.04555,1.04432,1.04534,0,0
2015-05-22,08:00:00,1.04531,1.04565,1.04484,1.04519,0,0
2015-05-22,09:00:00,1.04519,1.0454,1.04418,1.045,0,0
2015-05-22,10:00:00,1.045,1.04822,1.045,1.0476,0,0
2015-05-22,11:00:00,1.0476,1.04797,1.04706,1.04797,0,0
2015-05-22,12:00:00,1.04797,1.04885,1.04734,1.04848,0,0
2015-05-22,13:00:00,1.04848,1.0495,1.04816,1.04894,0,0
2015-05-22,14:00:00,1.04897,1.04937,1.04825,1.04842,0,0
2015-05-22,15:00:00,1.04842,1.05115,1.04842,1.05005,0,0
2015-05-22,16:00:00,1.05018,1.05245,1.04999,1.05177,0,0
2015-05-22,17:00:00,1.05185,1.05266,1.05146,1.05227,0,0
2015-05-22,18:00:00,1.05234,1.05284,1.0516,1.0519,0,0
2015-05-22,19:00:00,1.0519,1.05262,1.05072,1.05107,0,0
2015-05-22,20:00:00,1.0511,1.05299,1.05096,1.05268,0,0
2015-05-22,21:00:00,1.05271,1.05317,1.0523,1.05233,0,0
2015-05-22,22:00:00,1.05234,1.0529,1.05207,1.05244,0,0
2015-05-22,23:00:00,1.05246,1.05251,1.05226,1.05226,0,0
2015-05-25,01:00:00,1.05317,1.05334,1.05073,1.05182,0,0
2015-05-25,02:00:00,1.05182,1.0533,1.05156,1.05307,0,0
2015-05-25,03:00:00,1.05307,1.05316,1.0515,1.05246,0,0
2015-05-25,04:00:00,1.05246,1.05246,1.05122,1.0515,0,0
2015-05-25,05:00:00,1.05156,1.05171,1.05005,1.05048,0,0
2015-05-25,06:00:00,1.05048,1.05082,1.04993,1.05045,0,0
2015-05-25,07:00:00,1.05055,1.05093,1.04938,1.05002,0,0
2015-05-25,08:00:00,1.05001,1.0518,1.04977,1.05109,0,0
2015-05-25,09:00:00,1.05109,1.05146,1.05013,1.05018,0,0
2015-05-25,10:00:00,1.05017,1.05094,1.04976,1.05017,0,0
2015-05-25,11:00:00,1.05017,1.05102,1.04982,1.05027,0,0
2015-05-25,12:00:00,1.05031,1.05052,1.04988,1.05039,0,0
2015-05-25,13:00:00,1.05039,1.05077,1.05016,1.05029,0,0
2015-05-25,14:00:00,1.0503,1.05094,1.05014,1.05088,0,0
2015-05-25,15:00:00,1.05086,1.0516,1.05076,1.05142,0,0
2015-05-25,16:00:00,1.05141,1.05207,1.05077,1.05187,0,0
2015-05-25,17:00:00,1.05187,1.05213,1.05121,1.05144,0,0
2015-05-25,18:00:00,1.05144,1.05159,1.0507,1.05123,0,0
2015-05-25,19:00:00,1.05127,1.05194,1.05118,1.05141,0,0
2015-05-25,20:00:00,1.05139,1.05184,1.05113,1.05166,0,0
2015-05-25,21:00:00,1.05166,1.05202,1.05128,1.05158,0,0
2015-05-25,22:00:00,1.05163,1.05181,1.05148,1.05156,0,0
2015-05-25,23:00:00,1.05156,1.0518,1.05126,1.05137,0,0
2015-05-25,23:59:00,1.05136,1.05187,1.05108,1.05156,0,0
2015-05-26,01:00:00,1.05146,1.05151,1.05054,1.05084,0,0
2015-05-26,02:00:00,1.05084,1.05122,1.05038,1.05059,0,0
2015-05-26,03:00:00,1.05078,1.05153,1.05057,1.05089,0,0
2015-05-26,04:00:00,1.0509,1.0509,1.0498,1.04987,0,0
2015-05-26,05:00:00,1.04987,1.05014,1.04866,1.04884,0,0
2015-05-26,06:00:00,1.04884,1.049,1.04779,1.04834,0,0
2015-05-26,07:00:00,1.04832,1.04842,1.04752,1.04795,0,0
2015-05-26,08:00:00,1.04794,1.04878,1.04767,1.04782,0,0
2015-05-26,09:00:00,1.04785,1.04806,1.04452,1.04642,0,0
2015-05-26,10:00:00,1.04641,1.04924,1.04534,1.04824,0,0
2015-05-26,11:00:00,1.04805,1.0484,1.0463,1.04633,0,0
2015-05-26,12:00:00,1.04633,1.04635,1.04416,1.04504,0,0
2015-05-26,13:00:00,1.04504,1.04623,1.04484,1.0453,0,0
2015-05-26,14:00:00,1.0453,1.04633,1.04481,1.04564,0,0
2015-05-26,15:00:00,1.04572,1.04699,1.04441,1.04616,0,0
2015-05-26,16:00:00,1.04643,1.04791,1.04588,1.04771,0,0
2015-05-26,17:00:00,1.04772,1.04951,1.0473,1.04951,0,0
2015-05-26,18:00:00,1.04956,1.0508,1.04887,1.05018,0,0
2015-05-26,19:00:00,1.05016,1.0508,1.0499,1.05062,0,0
2015-05-26,20:00:00,1.05063,1.05092,1.04983,1.05047,0,0
2015-05-26,21:00:00,1.05046,1.0513,1.04988,1.0513,0,0
2015-05-26,22:00:00,1.0513,1.05156,1.05037,1.0505,0,0
2015-05-26,23:00:00,1.05051,1.05073,1.04974,1.05009,0,0
2015-05-26,23:59:00,1.05019,1.0512,1.04987,1.05049,0,0
2015-05-27,01:00:00,1.05054,1.05054,1.0495,1.04985,0,0
2015-05-27,02:00:00,1.04985,1.0506,1.04927,1.04979,0,0
2015-05-27,03:00:00,1.04983,1.05006,1.04904,1.04933,0,0
2015-05-27,04:00:00,1.04933,1.05032,1.04896,1.04939,0,0
2015-05-27,05:00:00,1.04936,1.04971,1.04783,1.0493,0,0
2015-05-27,06:00:00,1.0493,1.0493,1.04811,1.04842,0,0
2015-05-27,07:00:00,1.0485,1.0487,1.04786,1.0483,0,0
2015-05-27,08:00:00,1.04829,1.04942,1.04788,1.04893,0,0
2015-05-27,09:00:00,1.04899,1.04905,1.04716,1.04744,0,0
2015-05-27,10:00:00,1.04744,1.05015,1.04737,1.04985,0,0
2015-05-27,11:00:00,1.04985,1.05104,1.04908,1.04944,0,0
2015-05-27,12:00:00,1.04938,1.05006,1.04764,1.04775,0,0
2015-05-27,13:00:00,1.04775,1.04882,1.04587,1.04862,0,0
2015-05-27,14:00:00,1.04861,1.04941,1.04818,1.04862,0,0
2015-05-27,15:00:00,1.04864,1.05047,1.04818,1.04998,0,0
2015-05-27,16:00:00,1.05009,1.05065,1.04729,1.04806,0,0
2015-05-27,17:00:00,1.04809,1.04838,1.04676,1.04729,0,0
2015-05-27,18:00:00,1.04734,1.04878,1.0469,1.0478,0,0
2015-05-27,19:00:00,1.04781,1.0481,1.04695,1.04706,0,0
2015-05-27,20:00:00,1.04703,1.04771,1.04575,1.046,0,0
2015-05-27,21:00:00,1.046,1.04662,1.04511,1.04567,0,0
2015-05-27,22:00:00,1.04577,1.04605,1.04528,1.0454,0,0
2015-05-27,23:00:00,1.0453,1.04728,1.04522,1.04603,0,0
2015-05-27,23:59:00,1.04603,1.04701,1.04528,1.0453,0,0
2015-05-28,01:00:00,1.04536,1.04621,1.04501,1.04524,0,0
2015-05-28,02:00:00,1.04523,1.0457,1.04447,1.04475,0,0
2015-05-28,03:00:00,1.04476,1.04546,1.04399,1.044,0,0
2015-05-28,04:00:00,1.04397,1.0517,1.0417,1.05026,0,0
2015-05-28,05:00:00,1.05026,1.05117,1.04825,1.04853,0,0
2015-05-28,06:00:00,1.04855,1.04988,1.04795,1.04879,0,0
2015-05-28,07:00:00,1.04883,1.05005,1.04864,1.04939,0,0
2015-05-28,08:00:00,1.04939,1.05029,1.04808,1.04838,0,0
2015-05-28,09:00:00,1.04838,1.05028,1.04811,1.05028,0,0
2015-05-28,10:00:00,1.05045,1.05362,1.05037,1.05229,0,0
2015-05-28,11:00:00,1.0523,1.05291,1.0512,1.05158,0,0
2015-05-28,12:00:00,1.05158,1.05276,1.05141,1.05183,0,0
2015-05-28,13:00:00,1.05183,1.05332,1.05109,1.053,0,0
2015-05-28,14:00:00,1.05308,1.05404,1.05217,1.05292,0,0
2015-05-28,15:00:00,1.05288,1.05515,1.05236,1.05455,0,0
2015-05-28,16:00:00,1.05451,1.0554,1.05345,1.05476,0,0
2015-05-28,17:00:00,1.05476,1.05545,1.0536,1.05362,0,0
2015-05-28,18:00:00,1.05363,1.05608,1.05317,1.05506,0,0
2015-05-28,19:00:00,1.05511,1.05681,1.05464,1.05638,0,0
2015-05-28,20:00:00,1.05641,1.05726,1.05603,1.05647,0,0
2015-05-28,21:00:00,1.05646,1.05673,1.05435,1.05453,0,0
2015-05-28,22:00:00,1.05455,1.0547,1.05355,1.05436,0,0
2015-05-28,23:00:00,1.05436,1.05488,1.05405,1.0546,0,0
2015-05-28,23:59:00,1.0546,1.05582,1.054,1.05445,0,0
2015-05-29,01:00:00,1.05434,1.05498,1.05375,1.05493,0,0
2015-05-29,02:00:00,1.05495,1.05552,1.05418,1.05488,0,0
2015-05-29,03:00:00,1.05488,1.05595,1.05466,1.05594,0,0
2015-05-29,04:00:00,1.05599,1.05671,1.05463,1.0549,0,0
2015-05-29,05:00:00,1.0549,1.05554,1.05392,1.0551,0,0
2015-05-29,06:00:00,1.0551,1.05602,1.05451,1.05491,0,0
2015-05-29,07:00:00,1.05483,1.05502,1.05372,1.05404,0,0
2015-05-29,08:00:00,1.05404,1.05488,1.05327,1.05397,0,0
2015-05-29,09:00:00,1.05392,1.05427,1.05246,1.0542,0,0
2015-05-29,10:00:00,1.05416,1.05584,1.05396,1.05571,0,0
2015-05-29,11:00:00,1.05571,1.05634,1.05483,1.05525,0,0
2015-05-29,12:00:00,1.05525,1.05621,1.05426,1.05512,0,0
2015-05-29,13:00:00,1.05505,1.05627,1.05505,1.05573,0,0
2015-05-29,14:00:00,1.05578,1.05589,1.05419,1.0549,0,0
2015-05-29,15:00:00,1.05489,1.05592,1.05391,1.05563,0,0
2015-05-29,16:00:00,1.05573,1.05594,1.05447,1.05513,0,0
2015-05-29,17:00:00,1.05521,1.05633,1.05284,1.05284,0,0
2015-05-29,18:00:00,1.05273,1.0548,1.05125,1.05315,0,0
2015-05-29,19:00:00,1.05304,1.05332,1.05238,1.05269,0,0
2015-05-29,20:00:00,1.05273,1.05307,1.05189,1.05233,0,0
2015-05-29,21:00:00,1.05233,1.0537,1.05216,1.05306,0,0
2015-05-29,22:00:00,1.05303,1.05441,1.0526,1.05372,0,0
2015-05-29,23:00:00,1.05382,1.05388,1.05377,1.05385,0,0
2015-06-01,01:00:00,1.05336,1.0547,1.05336,1.05412,0,0
2015-06-01,02:00:00,1.05413,1.05461,1.0531,1.05315,0,0
2015-06-01,03:00:00,1.05325,1.05361,1.05214,1.05288,0,0
2015-06-01,04:00:00,1.05288,1.05455,1.05167,1.0525,0,0
2015-06-01,05:00:00,1.05253,1.05346,1.05178,1.05275,0,0
2015-06-01,06:00:00,1.05282,1.05359,1.05205,1.05353,0,0
2015-06-01,07:00:00,1.05353,1.05372,1.05248,1.05251,0,0
2015-06-01,08:00:00,1.05252,1.05381,1.05242,1.05242,0,0
2015-06-01,09:00:00,1.05242,1.05297,1.05068,1.05153,0,0
2015-06-01,10:00:00,1.05157,1.05286,1.05116,1.05269,0,0
2015-06-01,11:00:00,1.05261,1.05438,1.05208,1.05401,0,0
2015-06-01,12:00:00,1.05406,1.05653,1.05403,1.05559,0,0
2015-06-01,13:00:00,1.05559,1.05692,1.05559,1.05625,0,0
2015-06-01,14:00:00,1.05627,1.05632,1.05411,1.05508,0,0
2015-06-01,15:00:00,1.05505,1.05617,1.0543,1.05541,0,0
2015-06-01,16:00:00,1.05539,1.05549,1.05346,1.05391,0,0
2015-06-01,17:00:00,1.05397,1.05652,1.05284,1.05494,0,0
2015-06-01,18:00:00,1.05475,1.05528,1.05365,1.05409,0,0
2015-06-01,19:00:00,1.05405,1.05462,1.05283,1.05331,0,0
2015-06-01,20:00:00,1.05329,1.05408,1.05305,1.05346,0,0
2015-06-01,21:00:00,1.05348,1.05356,1.05278,1.05316,0,0
2015-06-01,22:00:00,1.05316,1.05376,1.0529,1.05372,0,0
2015-06-01,23:00:00,1.05375,1.05375,1.05281,1.05358,0,0
2015-06-01,23:59:00,1.05365,1.05384,1.05296,1.05301,0,0
2015-06-02,01:00:00,1.05324,1.05332,1.05243,1.05243,0,0
2015-06-02,02:00:00,1.05243,1.05301,1.05149,1.05185,0,0
2015-06-02,03:00:00,1.05185,1.052,1.05024,1.05084,0,0
2015-06-02,04:00:00,1.05084,1.05113,1.04915,1.04982,0,0
2015-06-02,05:00:00,1.04981,1.05067,1.04895,1.05051,0,0
2015-06-02,06:00:00,1.05044,1.05076,1.04925,1.05015,0,0
2015-06-02,07:00:00,1.05013,1.05118,1.04416,1.04533,0,0
2015-06-02,08:00:00,1.04527,1.0457,1.04315,1.04387,0,0
2015-06-02,09:00:00,1.04383,1.04489,1.04193,1.04277,0,0
2015-06-02,10:00:00,1.04272,1.04408,1.04216,1.04395,0,0
2015-06-02,11:00:00,1.04387,1.04515,1.04343,1.04494,0,0
2015-06-02,12:00:00,1.04494,1.04592,1.04397,1.04442,0,0
2015-06-02,13:00:00,1.04442,1.04487,1.04295,1.04315,0,0
2015-06-02,14:00:00,1.04313,1.04361,1.04087,1.04204,0,0
2015-06-02,15:00:00,1.04205,1.04408,1.04178,1.04335,0,0
2015-06-02,16:00:00,1.04335,1.04352,1.03937,1.04018,0,0
2015-06-02,17:00:00,1.04008,1.0412,1.03903,1.04004,0,0
2015-06-02,18:00:00,1.04007,1.04088,1.03916,1.03925,0,0
2015-06-02,19:00:00,1.03922,1.03944,1.03638,1.03651,0,0
2015-06-02,20:00:00,1.03661,1.03754,1.03583,1.03656,0,0
2015-06-02,21:00:00,1.03656,1.0378,1.03645,1.03645,0,0
2015-06-02,22:00:00,1.03559,1.0371,1.03559,1.03679,0,0
2015-06-02,23:00:00,1.03679,1.03711,1.03622,1.03665,0,0
2015-06-02,23:59:00,1.03661,1.03714,1.03596,1.03689,0,0
2015-06-03,01:00:00,1.03671,1.03781,1.03623,1.03769,0,0
2015-06-03,02:00:00,1.03768,1.03888,1.03754,1.03873,0,0
2015-06-03,03:00:00,1.03875,1.03875,1.03724,1.03774,0,0
2015-06-03,04:00:00,1.03773,1.03807,1.032,1.03269,0,0
2015-06-03,05:00:00,1.03257,1.03577,1.03247,1.03516,0,0
2015-06-03,06:00:00,1.03508,1.03544,1.03419,1.03427,0,0
2015-06-03,07:00:00,1.03482,1.0358,1.03427,1.03549,0,0
2015-06-03,08:00:00,1.03549,1.03571,1.03458,1.03501,0,0
2015-06-03,09:00:00,1.03499,1.03536,1.03321,1.03387,0,0
2015-06-03,10:00:00,1.03386,1.03465,1.03322,1.03362,0,0
2015-06-03,11:00:00,1.03367,1.03486,1.03309,1.03477,0,0
2015-06-03,12:00:00,1.03477,1.03477,1.03346,1.03425,0,0
2015-06-03,13:00:00,1.03422,1.03462,1.03349,1.03462,0,0
2015-06-03,14:00:00,1.03462,1.03487,1.03412,1.03428,0,0
2015-06-03,15:00:00,1.03425,1.0348,1.03333,1.03403,0,0
2015-06-03,16:00:00,1.03403,1.03442,1.03189,1.03245,0,0
2015-06-03,17:00:00,1.03219,1.03327,1.03104,1.03226,0,0
2015-06-03,18:00:00,1.03226,1.03326,1.03158,1.03291,0,0
2015-06-03,19:00:00,1.03291,1.03362,1.03267,1.03296,0,0
2015-06-03,20:00:00,1.03294,1.03402,1.03276,1.03327,0,0
2015-06-03,21:00:00,1.03329,1.03512,1.03303,1.0349,0,0
2015-06-03,22:00:00,1.0349,1.0349,1.03358,1.03372,0,0
2015-06-03,23:00:00,1.03372,1.03437,1.03326,1.03378,0,0
2015-06-03,23:59:00,1.03381,1.03446,1.03365,1.03431,0,0
2015-06-04,01:00:00,1.03438,1.03549,1.03422,1.03498,0,0
2015-06-04,02:00:00,1.03496,1.03546,1.03455,1.03522,0,0
2015-06-04,03:00:00,1.03522,1.03558,1.03459,1.03476,0,0
2015-06-04,04:00:00,1.03476,1.04176,1.03391,1.03967,0,0
2015-06-04,05:00:00,1.0397,1.0406,1.03907,1.03952,0,0
2015-06-04,06:00:00,1.03953,1.03992,1.0387,1.03947,0,0
2015-06-04,07:00:00,1.03947,1.03995,1.03859,1.03927,0,0
2015-06-04,08:00:00,1.0392,1.04299,1.0392,1.0421,0,0
2015-06-04,09:00:00,1.0421,1.04379,1.04063,1.0426,0,0
2015-06-04,10:00:00,1.04258,1.04403,1.04192,1.04323,0,0
2015-06-04,11:00:00,1.04317,1.04378,1.04018,1.04018,0,0
2015-06-04,12:00:00,1.04018,1.04145,1.04012,1.04057,0,0
2015-06-04,13:00:00,1.04057,1.04125,1.03932,1.03951,0,0
2015-06-04,14:00:00,1.03954,1.04037,1.0384,1.04025,0,0
2015-06-04,15:00:00,1.04024,1.04228,1.03976,1.04152,0,0
2015-06-04,16:00:00,1.04151,1.04497,1.04117,1.04468,0,0
2015-06-04,17:00:00,1.04491,1.04769,1.04358,1.04647,0,0
2015-06-04,18:00:00,1.04647,1.04761,1.04584,1.04614,0,0
2015-06-04,19:00:00,1.04617,1.04677,1.04353,1.04499,0,0
2015-06-04,20:00:00,1.04499,1.0479,1.04488,1.0468,0,0
2015-06-04,21:00:00,1.04676,1.04722,1.04561,1.04598,0,0
2015-06-04,22:00:00,1.04644,1.04709,1.0461,1.04701,0,0
2015-06-04,23:00:00,1.04696,1.04696,1.04578,1.04578,0,0
2015-06-04,23:59:00,1.04578,1.04689,1.04559,1.04663,0,0
2015-06-05,01:00:00,1.04651,1.04733,1.04612,1.04656,0,0
2015-06-05,02:00:00,1.04656,1.04675,1.04555,1.04587,0,0
2015-06-05,03:00:00,1.04587,1.0459,1.04442,1.04446,0,0
2015-06-05,04:00:00,1.04446,1.04501,1.04354,1.04379,0,0
2015-06-05,05:00:00,1.0438,1.04459,1.04338,1.04428,0,0
2015-06-05,06:00:00,1.04429,1.04455,1.04337,1.04342,0,0
2015-06-05,07:00:00,1.04342,1.04352,1.04254,1.04334,0,0
2015-06-05,08:00:00,1.04342,1.04377,1.04269,1.04357,0,0
2015-06-05,09:00:00,1.04354,1.04434,1.0423,1.04364,0,0
2015-06-05,10:00:00,1.04367,1.0446,1.04293,1.04321,0,0
2015-06-05,11:00:00,1.04321,1.04349,1.04129,1.04186,0,0
2015-06-05,12:00:00,1.04186,1.04225,1.04057,1.04108,0,0
2015-06-05,13:00:00,1.0412,1.04166,1.03986,1.04048,0,0
2015-06-05,14:00:00,1.04045,1.04074,1.03778,1.03877,0,0
2015-06-05,15:00:00,1.03878,1.04451,1.0379,1.0444,0,0
2015-06-05,16:00:00,1.0444,1.046,1.04352,1.0453,0,0
2015-06-05,17:00:00,1.0453,1.04546,1.0405,1.04353,0,0
2015-06-05,18:00:00,1.04357,1.04544,1.04268,1.0447,0,0
2015-06-05,19:00:00,1.04468,1.04622,1.04468,1.04489,0,0
2015-06-05,20:00:00,1.04491,1.04513,1.0442,1.04482,0,0
2015-06-05,21:00:00,1.04482,1.04584,1.04446,1.04509,0,0
2015-06-05,22:00:00,1.04516,1.04546,1.04368,1.04384,0,0
2015-06-05,23:00:00,1.04369,1.04405,1.04369,1.04398,0,0
2015-06-08,01:00:00,1.04465,1.04488,1.04359,1.04405,0,0
2015-06-08,02:00:00,1.04396,1.04512,1.04386,1.04512,0,0
2015-06-08,03:00:00,1.04514,1.04655,1.04412,1.04655,0,0
2015-06-08,04:00:00,1.04639,1.04639,1.04521,1.04562,0,0
2015-06-08,05:00:00,1.04547,1.04741,1.04402,1.0467,0,0
2015-06-08,06:00:00,1.0467,1.04756,1.04636,1.04677,0,0
2015-06-08,07:00:00,1.04678,1.04783,1.04676,1.04725,0,0
2015-06-08,08:00:00,1.04725,1.0474,1.04537,1.04545,0,0
2015-06-08,09:00:00,1.04556,1.04719,1.04405,1.04636,0,0
2015-06-08,10:00:00,1.04642,1.04644,1.04424,1.04498,0,0
2015-06-08,11:00:00,1.04499,1.04628,1.0448,1.04489,0,0
2015-06-08,12:00:00,1.04488,1.04531,1.0438,1.04413,0,0
2015-06-08,13:00:00,1.04415,1.04552,1.04415,1.0454,0,0
2015-06-08,14:00:00,1.04531,1.04545,1.04381,1.0448,0,0
2015-06-08,15:00:00,1.0448,1.04582,1.04402,1.04563,0,0
2015-06-08,16:00:00,1.04558,1.04587,1.04432,1.04526,0,0
2015-06-08,17:00:00,1.04527,1.04564,1.04464,1.04545,0,0
2015-06-08,18:00:00,1.04547,1.04557,1.04414,1.04522,0,0
2015-06-08,19:00:00,1.04522,1.04566,1.04484,1.04533,0,0
2015-06-08,20:00:00,1.04533,1.04546,1.04217,1.04312,0,0
2015-06-08,21:00:00,1.04312,1.04409,1.04231,1.04265,0,0
2015-06-08,22:00:00,1.04263,1.0436,1.04211,1.04318,0,0
2015-06-08,23:00:00,1.04316,1.04351,1.04244,1.04296,0,0
2015-06-08,23:59:00,1.04296,1.04371,1.04247,1.04322,0,0
2015-06-09,01:00:00,1.04339,1.04438,1.04302,1.04418,0,0
2015-06-09,02:00:00,1.04418,1.04469,1.04323,1.0441,0,0
2015-06-09,03:00:00,1.04412,1.04441,1.04347,1.04378,0,0
2015-06-09,04:00:00,1.04378,1.044,1.04096,1.04274,0,0
2015-06-09,05:00:00,1.04274,1.04418,1.04274,1.04292,0,0
2015-06-09,06:00:00,1.04292,1.04429,1.04271,1.04373,0,0
2015-06-09,07:00:00,1.04371,1.04481,1.04331,1.04395,0,0
2015-06-09,08:00:00,1.04395,1.04601,1.04391,1.04572,0,0
2015-06-09,09:00:00,1.04572,1.04877,1.04572,1.04721,0,0
2015-06-09,10:00:00,1.04726,1.04951,1.0471,1.04873,0,0
2015-06-09,11:00:00,1.04873,1.04988,1.04869,1.04918,0,0
2015-06-09,12:00:00,1.04918,1.05034,1.0483,1.05027,0,0
2015-06-09,13:00:00,1.05031,1.05064,1.0486,1.04865,0,0
2015-06-09,14:00:00,1.04865,1.04869,1.04555,1.04621,0,0
2015-06-09,15:00:00,1.04623,1.04746,1.04566,1.04735,0,0
2015-06-09,16:00:00,1.0473,1.04785,1.04426,1.04562,0,0
2015-06-09,17:00:00,1.04556,1.04782,1.04555,1.04773,0,0
2015-06-09,18:00:00,1.04766,1.04831,1.04649,1.04794,0,0
2015-06-09,19:00:00,1.04789,1.04908,1.04789,1.04863,0,0
2015-06-09,20:00:00,1.04855,1.04856,1.04716,1.04716,0,0
2015-06-09,21:00:00,1.04716,1.04754,1.04655,1.04674,0,0
2015-06-09,22:00:00,1.04673,1.04729,1.04626,1.04645,0,0
2015-06-09,23:00:00,1.04646,1.04671,1.04538,1.0457,0,0
2015-06-09,23:59:00,1.0457,1.0465,1.04545,1.04598,0,0
2015-06-10,01:00:00,1.04589,1.04607,1.04519,1.04519,0,0
2015-06-10,02:00:00,1.04519,1.04617,1.04491,1.04617,0,0
2015-06-10,03:00:00,1.04617,1.04729,1.04442,1.04622,0,0
2015-06-10,04:00:00,1.04622,1.04722,1.0459,1.04679,0,0
2015-06-10,05:00:00,1.04684,1.05102,1.04587,1.04963,0,0
2015-06-10,06:00:00,1.04964,1.051,1.04897,1.04898,0,0
2015-06-10,07:00:00,1.04898,1.05777,1.04898,1.05679,0,0
2015-06-10,08:00:00,1.05677,1.05781,1.05295,1.05343,0,0
2015-06-10,09:00:00,1.05343,1.05454,1.05204,1.0532,0,0
2015-06-10,10:00:00,1.0533,1.05372,1.04783,1.04809,0,0
2015-06-10,11:00:00,1.04809,1.05112,1.04684,1.05023,0,0
2015-06-10,12:00:00,1.05021,1.05021,1.04867,1.04976,0,0
2015-06-10,13:00:00,1.04985,1.04986,1.04576,1.04882,0,0
2015-06-10,14:00:00,1.04883,1.05024,1.04872,1.05001,0,0
2015-06-10,15:00:00,1.05001,1.05234,1.0499,1.05195,0,0
2015-06-10,16:00:00,1.05195,1.05195,1.04944,1.05005,0,0
2015-06-10,17:00:00,1.05005,1.05193,1.04969,1.05141,0,0
2015-06-10,18:00:00,1.05123,1.05242,1.04871,1.05167,0,0
2015-06-10,19:00:00,1.05167,1.0518,1.04976,1.05044,0,0
2015-06-10,20:00:00,1.05047,1.05151,1.0502,1.05058,0,0
2015-06-10,21:00:00,1.05054,1.05083,1.04975,1.0505,0,0
2015-06-10,22:00:00,1.05047,1.051,1.05006,1.05074,0,0
2015-06-10,23:00:00,1.05074,1.05099,1.04985,1.05017,0,0
2015-06-10,23:59:00,1.05026,1.0582,1.04988,1.0523,0,0
2015-06-11,01:00:00,1.05231,1.05314,1.05177,1.05264,0,0
2015-06-11,02:00:00,1.05264,1.0531,1.05192,1.05304,0,0
2015-06-11,03:00:00,1.05304,1.05377,1.05249,1.05277,0,0
2015-06-11,04:00:00,1.05278,1.05365,1.04431,1.04605,0,0
2015-06-11,05:00:00,1.04582,1.04751,1.04553,1.04564,0,0
2015-06-11,06:00:00,1.04562,1.04697,1.04516,1.046,0,0
2015-06-11,07:00:00,1.046,1.04679,1.04454,1.04486,0,0
2015-06-11,08:00:00,1.04484,1.04682,1.04444,1.0462,0,0
2015-06-11,09:00:00,1.0462,1.04698,1.04512,1.0456,0,0
2015-06-11,10:00:00,1.04562,1.04697,1.04501,1.0455,0,0
2015-06-11,11:00:00,1.04538,1.04613,1.04421,1.04458,0,0
2015-06-11,12:00:00,1.0446,1.0464,1.04425,1.04597,0,0
2015-06-11,13:00:00,1.04597,1.04616,1.04535,1.04606,0,0
2015-06-11,14:00:00,1.04607,1.04706,1.04545,1.04706,0,0
2015-06-11,15:00:00,1.04688,1.04818,1.04519,1.04579,0,0
2015-06-11,16:00:00,1.04583,1.04792,1.04569,1.04673,0,0
2015-06-11,17:00:00,1.04682,1.04783,1.04566,1.04747,0,0
2015-06-11,18:00:00,1.04751,1.04772,1.04579,1.04709,0,0
2015-06-11,19:00:00,1.04701,1.04749,1.04645,1.04648,0,0
2015-06-11,20:00:00,1.04651,1.04671,1.04594,1.04627,0,0
2015-06-11,21:00:00,1.04627,1.04629,1.04493,1.0455,0,0
2015-06-11,22:00:00,1.04548,1.04548,1.04363,1.04364,0,0
2015-06-11,23:00:00,1.04367,1.045,1.04354,1.04469,0,0
2015-06-11,23:59:00,1.04482,1.04503,1.0437,1.04443,0,0
2015-06-12,01:00:00,1.04435,1.04506,1.04382,1.04436,0,0
2015-06-12,02:00:00,1.04436,1.04473,1.04367,1.04462,0,0
2015-06-12,03:00:00,1.04461,1.04557,1.04403,1.04476,0,0
2015-06-12,04:00:00,1.04487,1.04528,1.04386,1.04463,0,0
2015-06-12,05:00:00,1.04461,1.04536,1.04457,1.0452,0,0
2015-06-12,06:00:00,1.04519,1.04547,1.04454,1.0453,0,0
2015-06-12,07:00:00,1.04528,1.0476,1.04524,1.04702,0,0
2015-06-12,08:00:00,1.04706,1.04802,1.04603,1.04696,0,0
2015-06-12,09:00:00,1.04695,1.04814,1.04665,1.04785,0,0
2015-06-12,10:00:00,1.04787,1.04835,1.04626,1.04811,0,0
2015-06-12,11:00:00,1.04814,1.05251,1.04764,1.05136,0,0
2015-06-12,12:00:00,1.05136,1.0521,1.04862,1.0487,0,0
2015-06-12,13:00:00,1.0487,1.04938,1.04736,1.04934,0,0
2015-06-12,14:00:00,1.04934,1.0505,1.04907,1.04951,0,0
2015-06-12,15:00:00,1.04953,1.04995,1.04821,1.04977,0,0
2015-06-12,16:00:00,1.04991,1.051,1.04914,1.0496,0,0
2015-06-12,17:00:00,1.04949,1.04986,1.04707,1.04827,0,0
2015-06-12,18:00:00,1.0483,1.04846,1.04658,1.04835,0,0
2015-06-12,19:00:00,1.04827,1.04849,1.04615,1.04671,0,0
2015-06-12,20:00:00,1.04676,1.04702,1.04602,1.04645,0,0
2015-06-12,21:00:00,1.04645,1.04742,1.04574,1.04712,0,0
2015-06-12,22:00:00,1.04713,1.04853,1.04713,1.04788,0,0
2015-06-12,23:00:00,1.04794,1.04794,1.04781,1.04786,0,0
2015-06-15,01:00:00,1.04807,1.04935,1.04735,1.04908,0,0
2015-06-15,02:00:00,1.04908,1.04949,1.04843,1.04938,0,0
2015-06-15,03:00:00,1.04938,1.05068,1.04901,1.04952,0,0
2015-06-15,04:00:00,1.04956,1.04981,1.04858,1.04887,0,0
2015-06-15,05:00:00,1.04883,1.04975,1.04871,1.04935,0,0
2015-06-15,06:00:00,1.04931,1.05,1.049,1.04966,0,0
2015-06-15,07:00:00,1.04965,1.05053,1.04929,1.0503,0,0
2015-06-15,08:00:00,1.05032,1.05101,1.04964,1.05019,0,0
2015-06-15,09:00:00,1.05021,1.05036,1.04788,1.04846,0,0
2015-06-15,10:00:00,1.04846,1.0489,1.04709,1.04799,0,0
2015-06-15,11:00:00,1.04793,1.0493,1.04793,1.04918,0,0
2015-06-15,12:00:00,1.04921,1.04929,1.04754,1.04787,0,0
2015-06-15,13:00:00,1.04786,1.04837,1.04641,1.04641,0,0
2015-06-15,14:00:00,1.04638,1.04638,1.0449,1.04602,0,0
2015-06-15,15:00:00,1.04602,1.04602,1.04292,1.04374,0,0
2015-06-15,16:00:00,1.04367,1.04444,1.04264,1.04389,0,0
2015-06-15,17:00:00,1.04388,1.04388,1.04175,1.04267,0,0
2015-06-15,18:00:00,1.04265,1.04402,1.04247,1.04362,0,0
2015-06-15,19:00:00,1.04362,1.04421,1.04245,1.04272,0,0
2015-06-15,20:00:00,1.0426,1.04397,1.04237,1.04372,0,0
2015-06-15,21:00:00,1.04378,1.04423,1.04284,1.04373,0,0
2015-06-15,22:00:00,1.04373,1.04407,1.04325,1.04398,0,0
2015-06-15,23:00:00,1.04395,1.044,1.04334,1.04344,0,0
2015-06-15,23:59:00,1.04348,1.04416,1.0427,1.04403,0,0
2015-06-16,01:00:00,1.044,1.04459,1.04357,1.04365,0,0
2015-06-16,02:00:00,1.04363,1.04471,1.04363,1.04445,0,0
2015-06-16,03:00:00,1.04445,1.0452,1.04399,1.04484,0,0
2015-06-16,04:00:00,1.04484,1.04647,1.04155,1.04227,0,0
2015-06-16,05:00:00,1.04228,1.04352,1.04197,1.0424,0,0
2015-06-16,06:00:00,1.0424,1.04315,1.04217,1.04289,0,0
2015-06-16,07:00:00,1.04288,1.0431,1.04174,1.04287,0,0
2015-06-16,08:00:00,1.04287,1.04402,1.0427,1.04385,0,0
2015-06-16,09:00:00,1.0438,1.04585,1.04354,1.04416,0,0
2015-06-16,10:00:00,1.04416,1.04716,1.04402,1.04691,0,0
2015-06-16,11:00:00,1.04679,1.04807,1.04619,1.04711,0,0
2015-06-16,12:00:00,1.04711,1.04735,1.04608,1.0466,0,0
2015-06-16,13:00:00,1.0466,1.04675,1.04536,1.04625,0,0
2015-06-16,14:00:00,1.04625,1.0464,1.04516,1.04594,0,0
2015-06-16,15:00:00,1.04589,1.04696,1.04507,1.04548,0,0
2015-06-16,16:00:00,1.04548,1.04579,1.04389,1.0442,0,0
2015-06-16,17:00:00,1.0442,1.04501,1.04341,1.04483,0,0
2015-06-16,18:00:00,1.04483,1.04579,1.04435,1.0454,0,0
2015-06-16,19:00:00,1.0454,1.04595,1.04523,1.04577,0,0
2015-06-16,20:00:00,1.04579,1.04713,1.04568,1.04693,0,0
2015-06-16,21:00:00,1.04693,1.04706,1.04611,1.04678,0,0
2015-06-16,22:00:00,1.04674,1.04694,1.04634,1.04675,0,0
2015-06-16,23:00:00,1.04676,1.04676,1.04548,1.04574,0,0
2015-06-16,23:59:00,1.04579,1.04599,1.04498,1.04581,0,0
2015-06-17,01:00:00,1.04583,1.04597,1.04477,1.04549,0,0
2015-06-17,02:00:00,1.04549,1.04604,1.04518,1.04597,0,0
2015-06-17,03:00:00,1.04585,1.04683,1.04573,1.04577,0,0
2015-06-17,04:00:00,1.04576,1.04831,1.0456,1.04807,0,0
2015-06-17,05:00:00,1.04809,1.04877,1.04757,1.04856,0,0
2015-06-17,06:00:00,1.04857,1.04982,1.04797,1.04801,0,0
2015-06-17,07:00:00,1.04801,1.04925,1.04801,1.04874,0,0
2015-06-17,08:00:00,1.04878,1.04878,1.04748,1.04843,0,0
2015-06-17,09:00:00,1.04836,1.04964,1.04744,1.04894,0,0
2015-06-17,10:00:00,1.04889,1.0506,1.04813,1.04952,0,0
2015-06-17,11:00:00,1.04952,1.0518,1.0495,1.05092,0,0
2015-06-17,12:00:00,1.05094,1.05128,1.04934,1.04961,0,0
2015-06-17,13:00:00,1.0496,1.05171,1.04927,1.05168,0,0
2015-06-17,14:00:00,1.05165,1.05187,1.05035,1.05143,0,0
2015-06-17,15:00:00,1.05144,1.05206,1.04952,1.0497,0,0
2015-06-17,16:00:00,1.04965,1.05008,1.04755,1.0487,0,0
2015-06-17,17:00:00,1.0487,1.0502,1.04861,1.05018,0,0
2015-06-17,18:00:00,1.05009,1.05056,1.04926,1.04977,0,0
2015-06-17,19:00:00,1.04977,1.05058,1.0496,1.04999,0,0
2015-06-17,20:00:00,1.05,1.05044,1.04844,1.0486,0,0
2015-06-17,21:00:00,1.04889,1.0511,1.04491,1.04548,0,0
2015-06-17,22:00:00,1.04581,1.04746,1.04401,1.04643,0,0
2015-06-17,23:00:00,1.04646,1.04663,1.04489,1.04537,0,0
2015-06-17,23:59:00,1.04538,1.04603,1.04487,1.04525,0,0
2015-06-18,01:00:00,1.04531,1.04858,1.04521,1.04681,0,0
2015-06-18,02:00:00,1.04685,1.04833,1.04639,1.04797,0,0
2015-06-18,03:00:00,1.04802,1.04942,1.04722,1.04815,0,0
2015-06-18,04:00:00,1.04818,1.04964,1.0477,1.0493,0,0
2015-06-18,05:00:00,1.0493,1.05044,1.04904,1.05025,0,0
2015-06-18,06:00:00,1.05017,1.05168,1.0499,1.05154,0,0
2015-06-18,07:00:00,1.05149,1.05311,1.05136,1.05184,0,0
2015-06-18,08:00:00,1.05169,1.05242,1.05082,1.05153,0,0
2015-06-18,09:00:00,1.05153,1.05198,1.04906,1.04998,0,0
2015-06-18,10:00:00,1.04992,1.05012,1.04724,1.04761,0,0
2015-06-18,11:00:00,1.04758,1.04783,1.04545,1.04551,0,0
2015-06-18,12:00:00,1.04551,1.04647,1.0418,1.04185,0,0
2015-06-18,13:00:00,1.04184,1.04259,1.04148,1.04229,0,0
2015-06-18,14:00:00,1.04232,1.04253,1.04035,1.04043,0,0
2015-06-18,15:00:00,1.04043,1.04171,1.0397,1.04061,0,0
2015-06-18,16:00:00,1.04059,1.04061,1.03839,1.03862,0,0
2015-06-18,17:00:00,1.03869,1.0394,1.03829,1.03892,0,0
2015-06-18,18:00:00,1.03893,1.03932,1.03843,1.03927,0,0
2015-06-18,19:00:00,1.03933,1.04071,1.03838,1.04045,0,0
2015-06-18,20:00:00,1.04046,1.04213,1.03996,1.04151,0,0
2015-06-18,21:00:00,1.04151,1.04284,1.04138,1.04275,0,0
2015-06-18,22:00:00,1.04281,1.0435,1.04251,1.04302,0,0
2015-06-18,23:00:00,1.0431,1.04336,1.04231,1.04269,0,0
2015-06-18,23:59:00,1.04269,1.04327,1.04237,1.04258,0,0
2015-06-19,01:00:00,1.04267,1.04297,1.04194,1.04226,0,0
2015-06-19,02:00:00,1.04227,1.04381,1.04227,1.04367,0,0
2015-06-19,03:00:00,1.04363,1.04463,1.04287,1.0429,0,0
2015-06-19,04:00:00,1.0429,1.04412,1.04257,1.04372,0,0
2015-06-19,05:00:00,1.04373,1.04507,1.04364,1.04436,0,0
2015-06-19,06:00:00,1.04436,1.04521,1.04407,1.0449,0,0
2015-06-19,07:00:00,1.0449,1.04667,1.04486,1.04614,0,0
2015-06-19,08:00:00,1.04617,1.04656,1.04555,1.04571,0,0
2015-06-19,09:00:00,1.04571,1.04667,1.04565,1.04641,0,0
2015-06-19,10:00:00,1.04641,1.04805,1.04605,1.04628,0,0
2015-06-19,11:00:00,1.04628,1.04653,1.04516,1.04631,0,0
2015-06-19,12:00:00,1.04637,1.0483,1.04602,1.04773,0,0
2015-06-19,13:00:00,1.04775,1.04834,1.04689,1.04752,0,0
2015-06-19,14:00:00,1.04754,1.0478,1.04614,1.04695,0,0
2015-06-19,15:00:00,1.04695,1.04943,1.04695,1.04933,0,0
2015-06-19,16:00:00,1.04933,1.05039,1.04913,1.05014,0,0
2015-06-19,17:00:00,1.05016,1.05098,1.04976,1.05014,0,0
2015-06-19,18:00:00,1.05012,1.05161,1.05012,1.05053,0,0
2015-06-19,19:00:00,1.05053,1.05107,1.05042,1.05086,0,0
2015-06-19,20:00:00,1.05098,1.05123,1.04943,1.04993,0,0
2015-06-19,21:00:00,1.04993,1.05007,1.04954,1.04954,0,0
2015-06-19,22:00:00,1.04954,1.04978,1.04881,1.04889,0,0
2015-06-19,23:00:00,1.04848,1.04897,1.04848,1.04892,0,0
2015-06-22,01:00:00,1.04751,1.04911,1.04743,1.04839,0,0
2015-06-22,02:00:00,1.04839,1.04922,1.04791,1.04883,0,0
2015-06-22,03:00:00,1.04883,1.04896,1.04803,1.04858,0,0
2015-06-22,04:00:00,1.04856,1.04867,1.04732,1.04753,0,0
2015-06-22,05:00:00,1.04748,1.04777,1.0471,1.04746,0,0
2015-06-22,06:00:00,1.04746,1.04806,1.04694,1.04718,0,0
2015-06-22,07:00:00,1.04718,1.04758,1.04666,1.04703,0,0
2015-06-22,08:00:00,1.04701,1.04792,1.04571,1.04572,0,0
2015-06-22,09:00:00,1.04577,1.04642,1.04425,1.04521,0,0
2015-06-22,10:00:00,1.04522,1.04569,1.04354,1.04569,0,0
2015-06-22,11:00:00,1.04569,1.04637,1.04512,1.04547,0,0
2015-06-22,12:00:00,1.04549,1.04575,1.04424,1.04431,0,0
2015-06-22,13:00:00,1.04432,1.04597,1.04415,1.04592,0,0
2015-06-22,14:00:00,1.04592,1.04621,1.04488,1.04511,0,0
2015-06-22,15:00:00,1.04511,1.0457,1.04472,1.04534,0,0
2015-06-22,16:00:00,1.04542,1.04593,1.04414,1.04562,0,0
2015-06-22,17:00:00,1.04571,1.04658,1.04533,1.04621,0,0
2015-06-22,18:00:00,1.04614,1.0482,1.04612,1.04728,0,0
2015-06-22,19:00:00,1.04732,1.04951,1.04714,1.04879,0,0
2015-06-22,20:00:00,1.04879,1.04916,1.04835,1.04846,0,0
2015-06-22,21:00:00,1.04846,1.04896,1.04749,1.04889,0,0
2015-06-22,22:00:00,1.04895,1.04945,1.04861,1.04916,0,0
2015-06-22,23:00:00,1.04915,1.0492,1.04819,1.04896,0,0
2015-06-22,23:59:00,1.04896,1.04962,1.04827,1.04854,0,0
2015-06-23,01:00:00,1.04857,1.04927,1.04831,1.04923,0,0
2015-06-23,02:00:00,1.04912,1.04926,1.04817,1.04843,0,0
2015-06-23,03:00:00,1.04842,1.04872,1.04708,1.04788,0,0
2015-06-23,04:00:00,1.04786,1.04969,1.04705,1.049,0,0
2015-06-23,05:00:00,1.04906,1.05035,1.04852,1.04989,0,0
2015-06-23,06:00:00,1.04989,1.05043,1.04913,1.04982,0,0
2015-06-23,07:00:00,1.04982,1.05001,1.04894,1.04898,0,0
2015-06-23,08:00:00,1.04898,1.04948,1.04814,1.04834,0,0
2015-06-23,09:00:00,1.04834,1.04834,1.04466,1.04533,0,0
2015-06-23,10:00:00,1.04529,1.0471,1.04486,1.04686,0,0
2015-06-23,11:00:00,1.04689,1.04788,1.04602,1.04704,0,0
2015-06-23,12:00:00,1.04703,1.04791,1.04664,1.04744,0,0
2015-06-23,13:00:00,1.04744,1.04861,1.04688,1.04823,0,0
2015-06-23,14:00:00,1.04823,1.0489,1.04692,1.04765,0,0
2015-06-23,15:00:00,1.04765,1.04853,1.04629,1.04758,0,0
2015-06-23,16:00:00,1.04745,1.04867,1.04643,1.04643,0,0
2015-06-23,17:00:00,1.04663,1.0467,1.04438,1.04495,0,0
2015-06-23,18:00:00,1.04495,1.04498,1.04327,1.0446,0,0
2015-06-23,19:00:00,1.04454,1.04554,1.04451,1.04528,0,0
2015-06-23,20:00:00,1.04528,1.04545,1.04454,1.04472,0,0
2015-06-23,21:00:00,1.04473,1.04508,1.04369,1.04377,0,0
2015-06-23,22:00:00,1.0438,1.04415,1.04339,1.04346,0,0
2015-06-23,23:00:00,1.04353,1.04365,1.04214,1.04293,0,0
2015-06-23,23:59:00,1.04293,1.04418,1.04272,1.04324,0,0
2015-06-24,01:00:00,1.04319,1.04346,1.04255,1.04296,0,0
2015-06-24,02:00:00,1.04296,1.04332,1.04267,1.04271,0,0
2015-06-24,03:00:00,1.0427,1.0427,1.04118,1.04197,0,0
2015-06-24,04:00:00,1.0419,1.04378,1.04131,1.04367,0,0
2015-06-24,05:00:00,1.04367,1.04396,1.04278,1.0434,0,0
2015-06-24,06:00:00,1.0434,1.04433,1.04284,1.04396,0,0
2015-06-24,07:00:00,1.04393,1.04511,1.0435,1.0448,0,0
2015-06-24,08:00:00,1.0448,1.04481,1.04343,1.04402,0,0
2015-06-24,09:00:00,1.04393,1.04533,1.04342,1.04392,0,0
2015-06-24,10:00:00,1.04392,1.04413,1.04167,1.04199,0,0
2015-06-24,11:00:00,1.04194,1.04239,1.03963,1.04108,0,0
2015-06-24,12:00:00,1.04103,1.04449,1.04041,1.04317,0,0
2015-06-24,13:00:00,1.04317,1.04381,1.04182,1.04245,0,0
2015-06-24,14:00:00,1.04244,1.04318,1.04202,1.04228,0,0
2015-06-24,15:00:00,1.04228,1.04398,1.04172,1.04364,0,0
2015-06-24,16:00:00,1.04361,1.04571,1.04305,1.04546,0,0
2015-06-24,17:00:00,1.04551,1.04674,1.04482,1.04599,0,0
2015-06-24,18:00:00,1.04594,1.04695,1.0453,1.04688,0,0
2015-06-24,19:00:00,1.04688,1.04719,1.04553,1.04646,0,0
2015-06-24,20:00:00,1.04646,1.04776,1.0461,1.04729,0,0
2015-06-24,21:00:00,1.04729,1.04821,1.0471,1.0475,0,0
2015-06-24,22:00:00,1.04751,1.04799,1.04697,1.04788,0,0
2015-06-24,23:00:00,1.04785,1.04816,1.04751,1.04804,0,0
2015-06-24,23:59:00,1.04804,1.04855,1.04745,1.04776,0,0
2015-06-25,01:00:00,1.04771,1.04827,1.04745,1.04794,0,0
2015-06-25,02:00:00,1.04794,1.04794,1.04729,1.0476,0,0
2015-06-25,03:00:00,1.04763,1.04763,1.04585,1.04589,0,0
2015-06-25,04:00:00,1.04589,1.04594,1.04447,1.04535,0,0
2015-06-25,05:00:00,1.04534,1.04561,1.04465,1.04506,0,0
2015-06-25,06:00:00,1.04512,1.04547,1.04402,1.04428,0,0
2015-06-25,07:00:00,1.04427,1.04597,1.04422,1.04473,0,0
2015-06-25,08:00:00,1.04465,1.04556,1.04455,1.04522,0,0
2015-06-25,09:00:00,1.04528,1.04592,1.04384,1.04515,0,0
2015-06-25,10:00:00,1.04516,1.0457,1.04476,1.0453,0,0
2015-06-25,11:00:00,1.04531,1.04611,1.04396,1.04523,0,0
2015-06-25,12:00:00,1.04531,1.04776,1.04479,1.04651,0,0
2015-06-25,13:00:00,1.04651,1.04678,1.04443,1.04508,0,0
2015-06-25,14:00:00,1.04506,1.04578,1.04449,1.04551,0,0
2015-06-25,15:00:00,1.04554,1.04592,1.04483,1.04565,0,0
2015-06-25,16:00:00,1.0456,1.04695,1.04509,1.04559,0,0
2015-06-25,17:00:00,1.04563,1.046,1.04415,1.04436,0,0
2015-06-25,18:00:00,1.04447,1.04487,1.04371,1.04486,0,0
2015-06-25,19:00:00,1.04488,1.04526,1.04469,1.04493,0,0
2015-06-25,20:00:00,1.04485,1.04517,1.04434,1.04437,0,0
2015-06-25,21:00:00,1.04437,1.04555,1.04437,1.04483,0,0
2015-06-25,22:00:00,1.04494,1.0453,1.04471,1.04513,0,0
2015-06-25,23:00:00,1.04513,1.04548,1.04494,1.04523,0,0
2015-06-25,23:59:00,1.04524,1.04598,1.04486,1.04572,0,0
2015-06-26,01:00:00,1.04572,1.04587,1.04513,1.04586,0,0
2015-06-26,02:00:00,1.04584,1.04659,1.04557,1.04658,0,0
2015-06-26,03:00:00,1.04643,1.04789,1.04615,1.04757,0,0
2015-06-26,04:00:00,1.04757,1.05067,1.04754,1.05008,0,0
2015-06-26,05:00:00,1.05008,1.05095,1.04927,1.05041,0,0
2015-06-26,06:00:00,1.05045,1.05099,1.04912,1.0504,0,0
2015-06-26,07:00:00,1.05038,1.05064,1.04884,1.04973,0,0
2015-06-26,08:00:00,1.04973,1.05102,1.04973,1.05022,0,0
2015-06-26,09:00:00,1.05027,1.05203,1.04972,1.05195,0,0
2015-06-26,10:00:00,1.05195,1.0528,1.05079,1.05178,0,0
2015-06-26,11:00:00,1.05178,1.05233,1.05135,1.05145,0,0
2015-06-26,12:00:00,1.0514,1.05354,1.05139,1.05314,0,0
2015-06-26,13:00:00,1.05314,1.05425,1.05261,1.05359,0,0
2015-06-26,14:00:00,1.0536,1.05623,1.0528,1.05623,0,0
2015-06-26,15:00:00,1.05623,1.0566,1.05474,1.05634,0,0
2015-06-26,16:00:00,1.05643,1.05745,1.05456,1.05522,0,0
2015-06-26,17:00:00,1.0553,1.05648,1.05474,1.05592,0,0
2015-06-26,18:00:00,1.05577,1.05614,1.05464,1.055,0,0
2015-06-26,19:00:00,1.055,1.0556,1.05435,1.05534,0,0
2015-06-26,20:00:00,1.05534,1.05595,1.055,1.05529,0,0
2015-06-26,21:00:00,1.05529,1.05564,1.05471,1.05519,0,0
2015-06-26,22:00:00,1.05519,1.05591,1.05477,1.05513,0,0
2015-06-26,23:00:00,1.05511,1.05518,1.05505,1.05511,0,0
2015-06-29,01:00:00,1.06871,1.07884,1.06871,1.07108,0,0
2015-06-29,02:00:00,1.07108,1.0723,1.06784,1.07037,0,0
2015-06-29,03:00:00,1.07047,1.07166,1.06456,1.06566,0,0
2015-06-29,04:00:00,1.06566,1.06566,1.06219,1.06235,0,0
2015-06-29,05:00:00,1.06233,1.06273,1.05577,1.06055,0,0
2015-06-29,06:00:00,1.06045,1.06354,1.05989,1.06285,0,0
2015-06-29,07:00:00,1.06282,1.06624,1.06256,1.0658,0,0
2015-06-29,08:00:00,1.06578,1.06987,1.06555,1.06777,0,0
2015-06-29,09:00:00,1.06777,1.06957,1.06215,1.06272,0,0
2015-06-29,10:00:00,1.06275,1.06555,1.0626,1.06384,0,0
2015-06-29,11:00:00,1.06384,1.06578,1.0616,1.06192,0,0
2015-06-29,12:00:00,1.06191,1.06373,1.06182,1.06308,0,0
2015-06-29,13:00:00,1.06303,1.06339,1.06253,1.06256,0,0
2015-06-29,14:00:00,1.06256,1.06281,1.06151,1.06262,0,0
2015-06-29,15:00:00,1.06264,1.06305,1.06146,1.06189,0,0
2015-06-29,16:00:00,1.06189,1.06381,1.06188,1.06303,0,0
2015-06-29,17:00:00,1.06308,1.06562,1.06204,1.06562,0,0
2015-06-29,18:00:00,1.06557,1.06588,1.06315,1.06345,0,0
2015-06-29,19:00:00,1.06345,1.06421,1.0625,1.06253,0,0
2015-06-29,20:00:00,1.06256,1.06278,1.05883,1.06042,0,0
2015-06-29,21:00:00,1.06042,1.06086,1.05914,1.06001,0,0
2015-06-29,22:00:00,1.06,1.06247,1.05989,1.06193,0,0
2015-06-29,23:00:00,1.06191,1.06267,1.06129,1.06267,0,0
2015-06-29,23:59:00,1.06268,1.0636,1.06202,1.0626,0,0
2015-06-30,01:00:00,1.06255,1.06369,1.06235,1.06347,0,0
2015-06-30,02:00:00,1.06347,1.06347,1.06167,1.06248,0,0
2015-06-30,03:00:00,1.06249,1.06531,1.06194,1.06446,0,0
2015-06-30,04:00:00,1.06445,1.06582,1.06299,1.06344,0,0
2015-06-30,05:00:00,1.06344,1.06744,1.06344,1.06664,0,0
2015-06-30,06:00:00,1.06664,1.06727,1.06428,1.06481,0,0
2015-06-30,07:00:00,1.06544,1.06638,1.06481,1.0653,0,0
2015-06-30,08:00:00,1.06537,1.0661,1.06443,1.06493,0,0
2015-06-30,09:00:00,1.06494,1.06521,1.06222,1.06521,0,0
2015-06-30,10:00:00,1.06507,1.06602,1.0644,1.06496,0,0
2015-06-30,11:00:00,1.06494,1.06811,1.06487,1.067,0,0
2015-06-30,12:00:00,1.06692,1.06715,1.06261,1.06428,0,0
2015-06-30,13:00:00,1.06429,1.06475,1.0627,1.06394,0,0
2015-06-30,14:00:00,1.06396,1.06438,1.06115,1.06205,0,0
2015-06-30,15:00:00,1.06209,1.06241,1.05959,1.05991,0,0
2015-06-30,16:00:00,1.05987,1.06032,1.05875,1.05986,0,0
2015-06-30,17:00:00,1.05984,1.06353,1.05925,1.0635,0,0
2015-06-30,18:00:00,1.0635,1.06353,1.06198,1.06326,0,0
2015-06-30,19:00:00,1.06311,1.06406,1.06205,1.06238,0,0
2015-06-30,20:00:00,1.0623,1.06272,1.06054,1.06084,0,0
2015-06-30,21:00:00,1.06082,1.06119,1.05949,1.05963,0,0
2015-06-30,22:00:00,1.05952,1.06039,1.05872,1.05891,0,0
2015-06-30,23:00:00,1.05895,1.06031,1.05861,1.05936,0,0
2015-06-30,23:59:00,1.05921,1.06101,1.05895,1.0604,0,0
2015-07-01,01:00:00,1.06014,1.06189,1.06009,1.06183,0,0
2015-07-01,02:00:00,1.06183,1.06237,1.06083,1.06203,0,0
2015-07-01,03:00:00,1.06187,1.0619,1.05828,1.05884,0,0
2015-07-01,04:00:00,1.05884,1.06019,1.05663,1.05768,0,0
2015-07-01,05:00:00,1.05768,1.05787,1.05483,1.05733,0,0
2015-07-01,06:00:00,1.05733,1.05733,1.05562,1.05615,0,0
2015-07-01,07:00:00,1.05614,1.05814,1.05609,1.05774,0,0
2015-07-01,08:00:00,1.05781,1.05781,1.05667,1.05667,0,0
2015-07-01,09:00:00,1.05667,1.05798,1.05554,1.05633,0,0
2015-07-01,10:00:00,1.05636,1.05799,1.05592,1.05719,0,0
2015-07-01,11:00:00,1.05709,1.05844,1.05574,1.05574,0,0
2015-07-01,12:00:00,1.05571,1.05623,1.0529,1.05592,0,0
2015-07-01,13:00:00,1.05592,1.05726,1.05541,1.05621,0,0
2015-07-01,14:00:00,1.0561,1.05861,1.05572,1.05851,0,0
2015-07-01,15:00:00,1.05851,1.05983,1.05805,1.05896,0,0
2015-07-01,16:00:00,1.05896,1.06136,1.05859,1.06056,0,0
2015-07-01,17:00:00,1.06059,1.06112,1.05955,1.06112,0,0
2015-07-01,18:00:00,1.06112,1.06169,1.05934,1.06078,0,0
2015-07-01,19:00:00,1.06078,1.06123,1.06039,1.06093,0,0
2015-07-01,20:00:00,1.06095,1.06159,1.06017,1.06082,0,0
2015-07-01,21:00:00,1.06089,1.0627,1.06068,1.06193,0,0
2015-07-01,22:00:00,1.062,1.06228,1.06109,1.06129,0,0
2015-07-01,23:00:00,1.06134,1.06195,1.06098,1.06195,0,0
2015-07-01,23:59:00,1.06194,1.06224,1.06104,1.06134,0,0
2015-07-02,01:00:00,1.06138,1.06308,1.06118,1.06249,0,0
2015-07-02,02:00:00,1.06247,1.0629,1.06149,1.06164,0,0
2015-07-02,03:00:00,1.06159,1.06181,1.0594,1.0594,0,0
2015-07-02,04:00:00,1.0594,1.06202,1.05889,1.06038,0,0
2015-07-02,05:00:00,1.0603,1.06121,1.06019,1.06061,0,0
2015-07-02,06:00:00,1.06061,1.06062,1.05887,1.05951,0,0
2015-07-02,07:00:00,1.05945,1.06031,1.05925,1.05971,0,0
2015-07-02,08:00:00,1.05958,1.06028,1.05934,1.0596,0,0
2015-07-02,09:00:00,1.0596,1.06274,1.0594,1.06128,0,0
2015-07-02,10:00:00,1.06128,1.06385,1.0612,1.06344,0,0
2015-07-02,11:00:00,1.0634,1.06453,1.06265,1.06448,0,0
2015-07-02,12:00:00,1.06448,1.06529,1.06431,1.06453,0,0
2015-07-02,13:00:00,1.06456,1.06578,1.06443,1.06502,0,0
2015-07-02,14:00:00,1.06499,1.06626,1.0645,1.06619,0,0
2015-07-02,15:00:00,1.06617,1.0678,1.06349,1.0656,0,0
2015-07-02,16:00:00,1.0656,1.06691,1.06532,1.06669,0,0
2015-07-02,17:00:00,1.06669,1.06681,1.06418,1.06444,0,0
2015-07-02,18:00:00,1.06444,1.06539,1.06404,1.06447,0,0
2015-07-02,19:00:00,1.06447,1.06455,1.06366,1.06376,0,0
2015-07-02,20:00:00,1.06375,1.06545,1.06375,1.0653,0,0
2015-07-02,21:00:00,1.06531,1.06606,1.06525,1.06599,0,0
2015-07-02,22:00:00,1.066,1.066,1.06453,1.06484,0,0
2015-07-02,23:00:00,1.06484,1.06502,1.06402,1.06462,0,0
2015-07-02,23:59:00,1.06467,1.06492,1.06387,1.06443,0,0
2015-07-03,01:00:00,1.06438,1.06476,1.06366,1.06413,0,0
2015-07-03,02:00:00,1.06413,1.06448,1.06382,1.06409,0,0
2015-07-03,03:00:00,1.06409,1.06508,1.06371,1.06399,0,0
2015-07-03,04:00:00,1.06397,1.07083,1.06385,1.07046,0,0
2015-07-03,05:00:00,1.07047,1.07231,1.07018,1.07136,0,0
2015-07-03,06:00:00,1.07123,1.07309,1.07085,1.07153,0,0
2015-07-03,07:00:00,1.07152,1.07201,1.06992,1.07055,0,0
2015-07-03,08:00:00,1.07054,1.07121,1.06951,1.07068,0,0
2015-07-03,09:00:00,1.07072,1.07151,1.07035,1.07123,0,0
2015-07-03,10:00:00,1.07118,1.07501,1.07118,1.07434,0,0
2015-07-03,11:00:00,1.07434,1.07803,1.07401,1.07789,0,0
2015-07-03,12:00:00,1.07789,1.0802,1.077,1.07915,0,0
2015-07-03,13:00:00,1.07906,1.08298,1.07905,1.08138,0,0
2015-07-03,14:00:00,1.08135,1.08155,1.0796,1.08125,0,0
2015-07-03,15:00:00,1.08125,1.08298,1.08088,1.08235,0,0
2015-07-03,16:00:00,1.08228,1.08521,1.08228,1.08507,0,0
2015-07-03,17:00:00,1.08512,1.08589,1.08383,1.08412,0,0
2015-07-03,18:00:00,1.08406,1.08528,1.08358,1.08483,0,0
2015-07-03,19:00:00,1.08484,1.08484,1.08284,1.08301,0,0
2015-07-03,20:00:00,1.083,1.08411,1.08203,1.08264,0,0
2015-07-03,21:00:00,1.08264,1.08279,1.082,1.08253,0,0
2015-07-03,22:00:00,1.08253,1.08435,1.08147,1.08228,0,0
2015-07-03,23:00:00,1.08228,1.08237,1.0821,1.08221,0,0
2015-07-06,01:00:00,1.09769,1.0992,1.09028,1.09108,0,0
2015-07-06,02:00:00,1.09107,1.09197,1.08881,1.09124,0,0
2015-07-06,03:00:00,1.09137,1.09137,1.08562,1.0868,0,0
2015-07-06,04:00:00,1.0868,1.08823,1.08521,1.08618,0,0
2015-07-06,05:00:00,1.08618,1.0897,1.08611,1.08838,0,0
2015-07-06,06:00:00,1.08838,1.09141,1.08812,1.09099,0,0
2015-07-06,07:00:00,1.09099,1.09458,1.09074,1.09301,0,0
2015-07-06,08:00:00,1.09301,1.0962,1.08865,1.09079,0,0
2015-07-06,09:00:00,1.09068,1.09081,1.08544,1.08575,0,0
2015-07-06,10:00:00,1.08571,1.08823,1.08413,1.08565,0,0
2015-07-06,11:00:00,1.08561,1.0878,1.08561,1.08764,0,0
2015-07-06,12:00:00,1.08764,1.08821,1.08508,1.08514,0,0
2015-07-06,13:00:00,1.08514,1.08857,1.08511,1.08754,0,0
2015-07-06,14:00:00,1.08755,1.0882,1.08633,1.0877,0,0
2015-07-06,15:00:00,1.08768,1.08776,1.08605,1.08634,0,0
2015-07-06,16:00:00,1.08633,1.0868,1.08485,1.08513,0,0
2015-07-06,17:00:00,1.0852,1.0852,1.08201,1.08273,0,0
2015-07-06,18:00:00,1.08265,1.08566,1.08265,1.08532,0,0
2015-07-06,19:00:00,1.08533,1.08602,1.0836,1.08568,0,0
2015-07-06,20:00:00,1.08568,1.08802,1.08529,1.08793,0,0
2015-07-06,21:00:00,1.08792,1.09017,1.08789,1.08963,0,0
2015-07-06,22:00:00,1.08967,1.08994,1.08845,1.08866,0,0
2015-07-06,23:00:00,1.08861,1.08911,1.08775,1.08796,0,0
2015-07-06,23:59:00,1.08796,1.08852,1.08761,1.08798,0,0
2015-07-07,01:00:00,1.088,1.08881,1.08758,1.08881,0,0
2015-07-07,02:00:00,1.08875,1.09078,1.08858,1.09055,0,0
2015-07-07,03:00:00,1.09055,1.09069,1.08809,1.08888,0,0
2015-07-07,04:00:00,1.08888,1.08992,1.08844,1.08884,0,0
2015-07-07,05:00:00,1.08882,1.09002,1.08859,1.08972,0,0
2015-07-07,06:00:00,1.08973,1.09156,1.08955,1.09129,0,0
2015-07-07,07:00:00,1.09123,1.09225,1.08882,1.08923,0,0
2015-07-07,08:00:00,1.08927,1.08962,1.08675,1.08851,0,0
2015-07-07,09:00:00,1.08849,1.08925,1.08722,1.08875,0,0
2015-07-07,10:00:00,1.08875,1.09553,1.08846,1.09538,0,0
2015-07-07,11:00:00,1.09527,1.09722,1.09417,1.09589,0,0
2015-07-07,12:00:00,1.09598,1.09756,1.09583,1.09644,0,0
2015-07-07,13:00:00,1.09644,1.09988,1.09629,1.09776,0,0
2015-07-07,14:00:00,1.09772,1.10083,1.09772,1.10015,0,0
2015-07-07,15:00:00,1.10017,1.10193,1.09863,1.09956,0,0
2015-07-07,16:00:00,1.09954,1.10322,1.09949,1.10294,0,0
2015-07-07,17:00:00,1.10297,1.10568,1.10192,1.10192,0,0
2015-07-07,18:00:00,1.10189,1.10368,1.10069,1.1008,0,0
2015-07-07,19:00:00,1.10081,1.10228,1.10071,1.1013,0,0
2015-07-07,20:00:00,1.1013,1.10182,1.09829,1.09901,0,0
2015-07-07,21:00:00,1.09901,1.1,1.0977,1.0979,0,0
2015-07-07,22:00:00,1.09786,1.09786,1.09134,1.09464,0,0
2015-07-07,23:00:00,1.0946,1.09678,1.09438,1.09512,0,0
2015-07-07,23:59:00,1.09512,1.09725,1.09493,1.09683,0,0
2015-07-08,01:00:00,1.09682,1.09715,1.09584,1.09612,0,0
2015-07-08,02:00:00,1.0961,1.09624,1.09402,1.09483,0,0
2015-07-08,03:00:00,1.09471,1.09961,1.09444,1.09949,0,0
2015-07-08,04:00:00,1.09946,1.10809,1.09943,1.10342,0,0
2015-07-08,05:00:00,1.10342,1.10437,1.10084,1.10336,0,0
2015-07-08,06:00:00,1.10329,1.10684,1.10329,1.10514,0,0
2015-07-08,07:00:00,1.10514,1.1072,1.103,1.10678,0,0
2015-07-08,08:00:00,1.10678,1.10678,1.10417,1.10654,0,0
2015-07-08,09:00:00,1.1067,1.11275,1.10655,1.1123,0,0
2015-07-08,10:00:00,1.11221,1.11571,1.11112,1.11178,0,0
2015-07-08,11:00:00,1.11178,1.11473,1.10941,1.11104,0,0
2015-07-08,12:00:00,1.11105,1.11113,1.10762,1.10927,0,0
2015-07-08,13:00:00,1.10931,1.11171,1.10894,1.10897,0,0
2015-07-08,14:00:00,1.10899,1.10939,1.10504,1.10895,0,0
2015-07-08,15:00:00,1.10897,1.11154,1.10897,1.11007,0,0
2015-07-08,16:00:00,1.11008,1.11228,1.10947,1.11203,0,0
2015-07-08,17:00:00,1.11195,1.11365,1.10991,1.11064,0,0
2015-07-08,18:00:00,1.11066,1.11489,1.11049,1.11446,0,0
2015-07-08,19:00:00,1.11441,1.11476,1.11148,1.11389,0,0
2015-07-08,20:00:00,1.11389,1.11468,1.11294,1.11376,0,0
2015-07-08,21:00:00,1.11384,1.1174,1.11309,1.1174,0,0
2015-07-08,22:00:00,1.11743,1.11766,1.11467,1.11641,0,0
2015-07-08,23:00:00,1.1165,1.11665,1.11477,1.11511,0,0
2015-07-08,23:59:00,1.11511,1.11633,1.11465,1.11621,0,0
2015-07-09,01:00:00,1.11642,1.11778,1.11497,1.11512,0,0
2015-07-09,02:00:00,1.11512,1.11612,1.11447,1.11479,0,0
2015-07-09,03:00:00,1.11474,1.12146,1.11458,1.11894,0,0
2015-07-09,04:00:00,1.11894,1.11897,1.11098,1.11148,0,0
2015-07-09,05:00:00,1.11148,1.11148,1.1032,1.10732,0,0
2015-07-09,06:00:00,1.10747,1.10763,1.10437,1.10612,0,0
2015-07-09,07:00:00,1.10603,1.10736,1.10351,1.10351,0,0
2015-07-09,08:00:00,1.1035,1.10357,1.09885,1.0998,0,0
2015-07-09,09:00:00,1.09984,1.10311,1.09869,1.10085,0,0
2015-07-09,10:00:00,1.10102,1.10583,1.10075,1.10511,0,0
2015-07-09,11:00:00,1.10512,1.10614,1.10265,1.10502,0,0
2015-07-09,12:00:00,1.10498,1.10857,1.10485,1.10819,0,0
2015-07-09,13:00:00,1.10814,1.11102,1.1081,1.10824,0,0
2015-07-09,14:00:00,1.10825,1.10828,1.10457,1.1047,0,0
2015-07-09,15:00:00,1.1047,1.10506,1.10267,1.10395,0,0
2015-07-09,16:00:00,1.10388,1.10796,1.1037,1.10771,0,0
2015-07-09,17:00:00,1.10774,1.10988,1.1067,1.10977,0,0
2015-07-09,18:00:00,1.10977,1.10978,1.10753,1.10922,0,0
2015-07-09,19:00:00,1.10921,1.10933,1.10687,1.10793,0,0
2015-07-09,20:00:00,1.10798,1.10997,1.10745,1.1083,0,0
2015-07-09,21:00:00,1.1083,1.10944,1.10738,1.10741,0,0
2015-07-09,22:00:00,1.10741,1.10797,1.10629,1.10674,0,0
2015-07-09,23:00:00,1.10691,1.10737,1.10462,1.10658,0,0
2015-07-09,23:59:00,1.10661,1.10706,1.10386,1.10432,0,0
2015-07-10,01:00:00,1.10465,1.10513,1.09924,1.10112,0,0
2015-07-10,02:00:00,1.10113,1.10294,1.10092,1.10145,0,0
2015-07-10,03:00:00,1.10145,1.10321,1.09864,1.09945,0,0
2015-07-10,04:00:00,1.09955,1.09956,1.09557,1.09678,0,0
2015-07-10,05:00:00,1.09683,1.09769,1.09343,1.09453,0,0
2015-07-10,06:00:00,1.09453,1.09656,1.09421,1.09516,0,0
2015-07-10,07:00:00,1.09525,1.09772,1.0948,1.09769,0,0
2015-07-10,08:00:00,1.0977,1.09913,1.09487,1.09568,0,0
2015-07-10,09:00:00,1.09581,1.09822,1.09434,1.09805,0,0
2015-07-10,10:00:00,1.09804,1.09923,1.09656,1.09705,0,0
2015-07-10,11:00:00,1.09697,1.09919,1.09696,1.09866,0,0
2015-07-10,12:00:00,1.09866,1.09959,1.09298,1.09472,0,0
2015-07-10,13:00:00,1.0947,1.09553,1.09185,1.09279,0,0
2015-07-10,14:00:00,1.09279,1.09538,1.08946,1.09461,0,0
2015-07-10,15:00:00,1.09461,1.09512,1.0939,1.09456,0,0
2015-07-10,16:00:00,1.09456,1.09962,1.09378,1.09811,0,0
2015-07-10,17:00:00,1.09811,1.09915,1.09647,1.09847,0,0
2015-07-10,18:00:00,1.09851,1.09912,1.09683,1.09712,0,0
2015-07-10,19:00:00,1.09712,1.09823,1.09615,1.09731,0,0
2015-07-10,20:00:00,1.09731,1.09854,1.09705,1.09762,0,0
2015-07-10,21:00:00,1.09753,1.09775,1.09445,1.09447,0,0
2015-07-10,22:00:00,1.09459,1.0951,1.09295,1.09356,0,0
2015-07-10,23:00:00,1.09356,1.09418,1.09356,1.09411,0,0
2015-07-13,01:00:00,1.09881,1.09942,1.09541,1.09925,0,0
2015-07-13,02:00:00,1.09926,1.0999,1.09689,1.09988,0,0
2015-07-13,03:00:00,1.10007,1.10078,1.09819,1.09829,0,0
2015-07-13,04:00:00,1.09827,1.10029,1.09788,1.09885,0,0
2015-07-13,05:00:00,1.09888,1.09888,1.09563,1.09563,0,0
2015-07-13,06:00:00,1.09565,1.09678,1.09124,1.09601,0,0
2015-07-13,07:00:00,1.096,1.0971,1.09497,1.09618,0,0
2015-07-13,08:00:00,1.09621,1.0964,1.09449,1.09504,0,0
2015-07-13,09:00:00,1.09515,1.09618,1.08933,1.08968,0,0
2015-07-13,10:00:00,1.0898,1.09355,1.08829,1.09221,0,0
2015-07-13,11:00:00,1.09221,1.09401,1.09052,1.09106,0,0
2015-07-13,12:00:00,1.09106,1.09108,1.08895,1.08929,0,0
2015-07-13,13:00:00,1.08929,1.09137,1.08896,1.09085,0,0
2015-07-13,14:00:00,1.09085,1.09213,1.08986,1.09034,0,0
2015-07-13,15:00:00,1.09034,1.09272,1.09034,1.09236,0,0
2015-07-13,16:00:00,1.09239,1.09481,1.09239,1.09348,0,0
2015-07-13,17:00:00,1.09348,1.09687,1.09331,1.09672,0,0
2015-07-13,18:00:00,1.09682,1.09707,1.09436,1.0945,0,0
2015-07-13,19:00:00,1.0945,1.09492,1.0932,1.09335,0,0
2015-07-13,20:00:00,1.09335,1.09527,1.09322,1.09459,0,0
2015-07-13,21:00:00,1.09459,1.09469,1.09326,1.09376,0,0
2015-07-13,22:00:00,1.09374,1.09412,1.09273,1.09365,0,0
2015-07-13,23:00:00,1.09365,1.09423,1.09309,1.09391,0,0
2015-07-13,23:59:00,1.09391,1.0947,1.09305,1.09422,0,0
2015-07-14,01:00:00,1.09442,1.09477,1.09361,1.09382,0,0
2015-07-14,02:00:00,1.09382,1.09473,1.09323,1.09457,0,0
2015-07-14,03:00:00,1.09451,1.0949,1.09164,1.09168,0,0
2015-07-14,04:00:00,1.09168,1.09359,1.08976,1.09087,0,0
2015-07-14,05:00:00,1.09087,1.09109,1.0893,1.09032,0,0
2015-07-14,06:00:00,1.0903,1.091,1.08963,1.09064,0,0
2015-07-14,07:00:00,1.09064,1.09086,1.08975,1.09065,0,0
2015-07-14,08:00:00,1.09065,1.09291,1.09046,1.09224,0,0
2015-07-14,09:00:00,1.09224,1.09257,1.09024,1.09054,0,0
2015-07-14,10:00:00,1.09059,1.09147,1.08973,1.09071,0,0
2015-07-14,11:00:00,1.09081,1.09264,1.09035,1.09177,0,0
2015-07-14,12:00:00,1.0918,1.0918,1.08924,1.09053,0,0
2015-07-14,13:00:00,1.09056,1.09125,1.0892,1.0903,0,0
2015-07-14,14:00:00,1.09032,1.09162,1.09004,1.09073,0,0
2015-07-14,15:00:00,1.09073,1.09073,1.08699,1.08955,0,0
2015-07-14,16:00:00,1.08959,1.09015,1.08761,1.0889,0,0
2015-07-14,17:00:00,1.08888,1.08954,1.08757,1.08789,0,0
2015-07-14,18:00:00,1.08783,1.08902,1.08729,1.08804,0,0
2015-07-14,19:00:00,1.08804,1.08826,1.0875,1.08781,0,0
2015-07-14,20:00:00,1.08781,1.08929,1.08765,1.08848,0,0
2015-07-14,21:00:00,1.08848,1.0889,1.08826,1.08843,0,0
2015-07-14,22:00:00,1.08844,1.08869,1.08805,1.08806,0,0
2015-07-14,23:00:00,1.08806,1.0884,1.08742,1.08758,0,0
2015-07-14,23:59:00,1.08758,1.08812,1.08696,1.08771,0,0
2015-07-15,01:00:00,1.08792,1.08811,1.08704,1.08801,0,0
2015-07-15,02:00:00,1.08803,1.08924,1.08782,1.0888,0,0
2015-07-15,03:00:00,1.08878,1.09034,1.08729,1.08883,0,0
2015-07-15,04:00:00,1.08883,1.08927,1.08447,1.08647,0,0
2015-07-15,05:00:00,1.08647,1.08647,1.08189,1.08434,0,0
2015-07-15,06:00:00,1.08434,1.08543,1.08383,1.08451,0,0
2015-07-15,07:00:00,1.08449,1.08513,1.08411,1.08465,0,0
2015-07-15,08:00:00,1.08465,1.0864,1.0842,1.08538,0,0
2015-07-15,09:00:00,1.08536,1.0859,1.08237,1.08371,0,0
2015-07-15,10:00:00,1.08368,1.0857,1.08312,1.08501,0,0
2015-07-15,11:00:00,1.08501,1.08646,1.08426,1.0853,0,0
2015-07-15,12:00:00,1.08532,1.08594,1.08399,1.08537,0,0
2015-07-15,13:00:00,1.08536,1.08587,1.08454,1.08571,0,0
2015-07-15,14:00:00,1.08571,1.08602,1.08487,1.08522,0,0
2015-07-15,15:00:00,1.08522,1.08607,1.08383,1.08607,0,0
2015-07-15,16:00:00,1.08607,1.08821,1.08573,1.08799,0,0
2015-07-15,17:00:00,1.08799,1.09156,1.08799,1.09031,0,0
2015-07-15,18:00:00,1.09032,1.0963,1.08967,1.09578,0,0
2015-07-15,19:00:00,1.09582,1.09749,1.09471,1.09558,0,0
2015-07-15,20:00:00,1.09558,1.09677,1.09488,1.09616,0,0
2015-07-15,21:00:00,1.09616,1.09686,1.09517,1.09655,0,0
2015-07-15,22:00:00,1.09663,1.09687,1.09464,1.09474,0,0
2015-07-15,23:00:00,1.09472,1.09546,1.0944,1.09499,0,0
2015-07-15,23:59:00,1.09494,1.09546,1.09448,1.09455,0,0
2015-07-16,01:00:00,1.09451,1.09527,1.09212,1.09286,0,0
2015-07-16,02:00:00,1.09286,1.09539,1.09183,1.09504,0,0
2015-07-16,03:00:00,1.09506,1.09616,1.09428,1.09529,0,0
2015-07-16,04:00:00,1.0955,1.09808,1.09466,1.09578,0,0
2015-07-16,05:00:00,1.09576,1.09684,1.09504,1.09504,0,0
2015-07-16,06:00:00,1.09504,1.09643,1.09454,1.0959,0,0
2015-07-16,07:00:00,1.09595,1.09798,1.09567,1.09725,0,0
2015-07-16,08:00:00,1.09722,1.09849,1.0963,1.09689,0,0
2015-07-16,09:00:00,1.09695,1.09723,1.09251,1.09396,0,0
2015-07-16,10:00:00,1.09394,1.09509,1.09319,1.09411,0,0
2015-07-16,11:00:00,1.09416,1.09443,1.09219,1.09233,0,0
2015-07-16,12:00:00,1.09233,1.09287,1.09011,1.09101,0,0
2015-07-16,13:00:00,1.09102,1.09166,1.08871,1.08972,0,0
2015-07-16,14:00:00,1.08972,1.09126,1.08866,1.09056,0,0
2015-07-16,15:00:00,1.09058,1.09128,1.08866,1.08907,0,0
2015-07-16,16:00:00,1.08911,1.08922,1.08596,1.0866,0,0
2015-07-16,17:00:00,1.08663,1.08722,1.08538,1.08623,0,0
2015-07-16,18:00:00,1.08623,1.08681,1.08436,1.08515,0,0
2015-07-16,19:00:00,1.08515,1.0868,1.08498,1.08664,0,0
2015-07-16,20:00:00,1.08666,1.0887,1.08603,1.08836,0,0
2015-07-16,21:00:00,1.08845,1.08862,1.08754,1.08813,0,0
2015-07-16,22:00:00,1.08809,1.08848,1.08736,1.08848,0,0
2015-07-16,23:00:00,1.08833,1.08856,1.0878,1.0878,0,0
2015-07-16,23:59:00,1.08781,1.08794,1.08702,1.08775,0,0
2015-07-17,01:00:00,1.08772,1.08782,1.08651,1.08666,0,0
2015-07-17,02:00:00,1.0867,1.08736,1.08614,1.08629,0,0
2015-07-17,03:00:00,1.08628,1.08685,1.08568,1.08643,0,0
2015-07-17,04:00:00,1.08646,1.08681,1.08566,1.08681,0,0
2015-07-17,05:00:00,1.08681,1.08711,1.08639,1.08702,0,0
2015-07-17,06:00:00,1.08701,1.08746,1.08661,1.08745,0,0
2015-07-17,07:00:00,1.08742,1.08829,1.08641,1.08663,0,0
2015-07-17,08:00:00,1.08663,1.08826,1.08663,1.08733,0,0
2015-07-17,09:00:00,1.08734,1.08931,1.08705,1.08829,0,0
2015-07-17,10:00:00,1.08829,1.08995,1.08829,1.0894,0,0
2015-07-17,11:00:00,1.0893,1.09,1.08834,1.08981,0,0
2015-07-17,12:00:00,1.08984,1.0905,1.08927,1.0899,0,0
2015-07-17,13:00:00,1.08986,1.09091,1.08927,1.09012,0,0
2015-07-17,14:00:00,1.0901,1.09024,1.08869,1.08915,0,0
2015-07-17,15:00:00,1.08915,1.09236,1.08881,1.09187,0,0
2015-07-17,16:00:00,1.09183,1.09341,1.09098,1.09337,0,0
2015-07-17,17:00:00,1.09337,1.09419,1.09233,1.09249,0,0
2015-07-17,18:00:00,1.09249,1.09431,1.09206,1.09418,0,0
2015-07-17,19:00:00,1.09419,1.09419,1.09236,1.09244,0,0
2015-07-17,20:00:00,1.0924,1.09318,1.09202,1.0929,0,0
2015-07-17,21:00:00,1.0929,1.09304,1.0921,1.0922,0,0
2015-07-17,22:00:00,1.09222,1.09284,1.09172,1.09184,0,0
2015-07-17,23:00:00,1.09185,1.09186,1.09183,1.09185,0,0
2015-07-20,01:00:00,1.09232,1.09316,1.0921,1.09233,0,0
2015-07-20,02:00:00,1.09232,1.09379,1.09201,1.09327,0,0
2015-07-20,03:00:00,1.09326,1.09373,1.09271,1.09291,0,0
2015-07-20,04:00:00,1.09293,1.09573,1.09231,1.09508,0,0
2015-07-20,05:00:00,1.09537,1.09752,1.09372,1.09698,0,0
2015-07-20,06:00:00,1.09722,1.0986,1.09664,1.09731,0,0
2015-07-20,07:00:00,1.09727,1.09755,1.09456,1.09465,0,0
2015-07-20,08:00:00,1.09474,1.09574,1.09378,1.09389,0,0
2015-07-20,09:00:00,1.09399,1.09444,1.08966,1.09014,0,0
2015-07-20,10:00:00,1.08925,1.09114,1.08925,1.08957,0,0
2015-07-20,11:00:00,1.08981,1.09156,1.08977,1.0906,0,0
2015-07-20,12:00:00,1.09069,1.09212,1.08977,1.09141,0,0
2015-07-20,13:00:00,1.09125,1.09209,1.09012,1.09127,0,0
2015-07-20,14:00:00,1.09103,1.09168,1.09056,1.09104,0,0
2015-07-20,15:00:00,1.09095,1.09122,1.08947,1.09027,0,0
2015-07-20,16:00:00,1.0906,1.09408,1.08942,1.09408,0,0
2015-07-20,17:00:00,1.09409,1.09464,1.09102,1.0913,0,0
2015-07-20,18:00:00,1.09136,1.09147,1.08914,1.09064,0,0
2015-07-20,19:00:00,1.0907,1.09083,1.08984,1.09083,0,0
2015-07-20,20:00:00,1.09071,1.09121,1.09024,1.09088,0,0
2015-07-20,21:00:00,1.09088,1.0912,1.09004,1.09107,0,0
2015-07-20,22:00:00,1.09112,1.09112,1.09027,1.09083,0,0
2015-07-20,23:00:00,1.09083,1.09172,1.09079,1.09161,0,0
2015-07-20,23:59:00,1.09161,1.09203,1.09092,1.0916,0,0
