Date,Time,Open,High,Low,Close,Volume,OpenInt
2015-04-22,01:00:00,1.02598,1.02631,1.02527,1.02572,0,0
2015-04-22,02:00:00,1.02572,1.02601,1.02524,1.02544,0,0
2015-04-22,03:00:00,1.02541,1.02624,1.02531,1.02606,0,0
2015-04-22,04:00:00,1.02606,1.02617,1.02525,1.02564,0,0
2015-04-22,05:00:00,1.0256,1.02575,1.02429,1.02509,0,0
2015-04-22,06:00:00,1.02509,1.02566,1.02486,1.0256,0,0
2015-04-22,07:00:00,1.0256,1.02603,1.0252,1.02525,0,0
2015-04-22,08:00:00,1.0252,1.02603,1.0248,1.025,0,0
2015-04-22,09:00:00,1.02498,1.02609,1.02435,1.02494,0,0
2015-04-22,10:00:00,1.02505,1.02513,1.02265,1.02295,0,0
2015-04-22,11:00:00,1.02295,1.02448,1.02291,1.02389,0,0
2015-04-22,12:00:00,1.02382,1.0245,1.02291,1.02324,0,0
2015-04-22,13:00:00,1.02327,1.0249,1.02294,1.02459,0,0
2015-04-22,14:00:00,1.02457,1.02467,1.02331,1.0238,0,0
2015-04-22,15:00:00,1.0238,1.02503,1.0232,1.02323,0,0
2015-04-22,16:00:00,1.02322,1.02357,1.02128,1.02163,0,0
2015-04-22,17:00:00,1.02159,1.02315,1.02095,1.02235,0,0
2015-04-22,18:00:00,1.02235,1.02318,1.02046,1.02167,0,0
2015-04-22,19:00:00,1.02165,1.02279,1.02043,1.02051,0,0
2015-04-22,20:00:00,1.02051,1.0214,1.02046,1.02094,0,0
2015-04-22,21:00:00,1.02093,1.02169,1.01985,1.02087,0,0
2015-04-22,22:00:00,1.02079,1.02088,1.01955,1.01968,0,0
2015-04-22,23:00:00,1.01966,1.02107,1.01962,1.02062,0,0
2015-04-22,23:59:00,1.02062,1.02115,1.02033,1.02115,0,0
2015-04-23,01:00:00,1.02115,1.02118,1.02027,1.02053,0,0
2015-04-23,02:00:00,1.02052,1.0209,1.01996,1.02086,0,0
2015-04-23,03:00:00,1.02086,1.02167,1.02054,1.0215,0,0
2015-04-23,04:00:00,1.02157,1.0222,1.02137,1.02142,0,0
2015-04-23,05:00:00,1.02142,1.02236,1.02138,1.02213,0,0
2015-04-23,06:00:00,1.02214,1.02222,1.0211,1.02127,0,0
2015-04-23,07:00:00,1.02127,1.02286,1.02103,1.02249,0,0
2015-04-23,08:00:00,1.0225,1.02266,1.02141,1.02165,0,0
2015-04-23,09:00:00,1.02165,1.02365,1.0215,1.02362,0,0
2015-04-23,10:00:00,1.02364,1.02378,1.02132,1.02155,0,0
2015-04-23,11:00:00,1.02156,1.02197,1.02076,1.02083,0,0
2015-04-23,12:00:00,1.02081,1.02081,1.01922,1.01998,0,0
2015-04-23,13:00:00,1.01991,1.02099,1.01962,1.02054,0,0
2015-04-23,14:00:00,1.02052,1.02053,1.01838,1.01885,0,0
2015-04-23,15:00:00,1.01887,1.02056,1.01812,1.01941,0,0
2015-04-23,16:00:00,1.01941,1.01975,1.01806,1.01822,0,0
2015-04-23,17:00:00,1.01809,1.01834,1.01487,1.01625,0,0
2015-04-23,18:00:00,1.01625,1.01626,1.01442,1.0148,0,0
2015-04-23,19:00:00,1.0148,1.01538,1.01318,1.0136,0,0
2015-04-23,20:00:00,1.0136,1.01614,1.01337,1.01564,0,0
2015-04-23,21:00:00,1.01564,1.01676,1.0153,1.01623,0,0
2015-04-23,22:00:00,1.0162,1.01683,1.01604,1.01647,0,0
2015-04-23,23:00:00,1.01636,1.01665,1.01538,1.01558,0,0
2015-04-23,23:59:00,1.01564,1.01633,1.01525,1.01597,0,0
2015-04-24,01:00:00,1.01586,1.01594,1.01519,1.01575,0,0
2015-04-24,02:00:00,1.01575,1.01617,1.01554,1.01588,0,0
2015-04-24,03:00:00,1.01592,1.01661,1.01584,1.01597,0,0
2015-04-24,04:00:00,1.01597,1.01689,1.01555,1.0168,0,0
2015-04-24,05:00:00,1.01661,1.01676,1.01615,1.01675,0,0
2015-04-24,06:00:00,1.01675,1.01676,1.01605,1.01628,0,0
2015-04-24,07:00:00,1.01635,1.01669,1.01608,1.01636,0,0
2015-04-24,08:00:00,1.01633,1.01686,1.01576,1.01659,0,0
2015-04-24,09:00:00,1.01657,1.01796,1.01645,1.01775,0,0
2015-04-24,10:00:00,1.01775,1.01805,1.01643,1.01705,0,0
2015-04-24,11:00:00,1.01703,1.01729,1.01459,1.01466,0,0
2015-04-24,12:00:00,1.01465,1.01588,1.01441,1.01478,0,0
2015-04-24,13:00:00,1.01484,1.01585,1.0147,1.01532,0,0
2015-04-24,14:00:00,1.01532,1.01542,1.01387,1.01387,0,0
2015-04-24,15:00:00,1.01389,1.0159,1.01385,1.01568,0,0
2015-04-24,16:00:00,1.01559,1.02117,1.01559,1.02035,0,0
2015-04-24,17:00:00,1.02025,1.02282,1.02012,1.02277,0,0
2015-04-24,18:00:00,1.02277,1.02327,1.0219,1.02263,0,0
2015-04-24,19:00:00,1.02263,1.02319,1.02188,1.02282,0,0
2015-04-24,20:00:00,1.02303,1.02325,1.02215,1.0232,0,0
2015-04-24,21:00:00,1.0232,1.02372,1.02248,1.02372,0,0
2015-04-24,22:00:00,1.02372,1.02426,1.02334,1.02371,0,0
2015-04-24,23:00:00,1.0237,1.02373,1.02356,1.02359,0,0
2015-04-27,01:00:00,1.02477,1.02499,1.02437,1.02468,0,0
2015-04-27,02:00:00,1.02469,1.02469,1.02323,1.02351,0,0
2015-04-27,03:00:00,1.02351,1.02418,1.02219,1.02251,0,0
2015-04-27,04:00:00,1.02256,1.02272,1.02173,1.02193,0,0
2015-04-27,05:00:00,1.02193,1.0225,1.02173,1.02228,0,0
2015-04-27,06:00:00,1.02231,1.0232,1.02228,1.02276,0,0
2015-04-27,07:00:00,1.02278,1.02289,1.02149,1.0216,0,0
2015-04-27,08:00:00,1.02165,1.02224,1.02148,1.0221,0,0
2015-04-27,09:00:00,1.0221,1.02262,1.02145,1.02198,0,0
2015-04-27,10:00:00,1.02201,1.02249,1.021,1.02205,0,0
2015-04-27,11:00:00,1.02204,1.02281,1.02106,1.02128,0,0
2015-04-27,12:00:00,1.02133,1.02156,1.01975,1.02043,0,0
2015-04-27,13:00:00,1.02043,1.02067,1.01855,1.01879,0,0
2015-04-27,14:00:00,1.0188,1.01955,1.01813,1.01813,0,0
2015-04-27,15:00:00,1.01809,1.01946,1.01775,1.01917,0,0
2015-04-27,16:00:00,1.01918,1.01918,1.01505,1.01529,0,0
2015-04-27,17:00:00,1.01521,1.01599,1.01329,1.01528,0,0
2015-04-27,18:00:00,1.01538,1.01658,1.01457,1.01614,0,0
2015-04-27,19:00:00,1.01614,1.01763,1.01529,1.01757,0,0
2015-04-27,20:00:00,1.01757,1.01781,1.01644,1.01734,0,0
2015-04-27,21:00:00,1.01738,1.01778,1.01498,1.01525,0,0
2015-04-27,22:00:00,1.01513,1.0161,1.01486,1.01606,0,0
2015-04-27,23:00:00,1.01605,1.01611,1.01506,1.01522,0,0
2015-04-27,23:59:00,1.01522,1.01597,1.01504,1.01518,0,0
2015-04-28,01:00:00,1.01511,1.01566,1.01461,1.01547,0,0
2015-04-28,02:00:00,1.01525,1.01546,1.01462,1.01515,0,0
2015-04-28,03:00:00,1.01515,1.01593,1.01484,1.01523,0,0
2015-04-28,04:00:00,1.0152,1.01618,1.01482,1.01573,0,0
2015-04-28,05:00:00,1.01575,1.01618,1.01544,1.01618,0,0
2015-04-28,06:00:00,1.01618,1.01647,1.0158,1.01635,0,0
2015-04-28,07:00:00,1.01635,1.01657,1.01592,1.01657,0,0
2015-04-28,08:00:00,1.01656,1.01687,1.01578,1.01616,0,0
2015-04-28,09:00:00,1.01617,1.01728,1.01536,1.01706,0,0
2015-04-28,10:00:00,1.01705,1.01731,1.01596,1.01718,0,0
2015-04-28,11:00:00,1.0172,1.01739,1.01598,1.01629,0,0
2015-04-28,12:00:00,1.01629,1.01669,1.01444,1.01455,0,0
2015-04-28,13:00:00,1.0146,1.01484,1.01408,1.01444,0,0
2015-04-28,14:00:00,1.01444,1.01518,1.01329,1.01374,0,0
2015-04-28,15:00:00,1.01374,1.01464,1.01316,1.01344,0,0
2015-04-28,16:00:00,1.01344,1.01624,1.01279,1.0144,0,0
2015-04-28,17:00:00,1.0143,1.01437,1.01241,1.01256,0,0
2015-04-28,18:00:00,1.01266,1.0133,1.01149,1.01177,0,0
2015-04-28,19:00:00,1.01177,1.01212,1.01098,1.01109,0,0
2015-04-28,20:00:00,1.0111,1.01187,1.01074,1.0116,0,0
2015-04-28,21:00:00,1.01166,1.01239,1.01109,1.01215,0,0
2015-04-28,22:00:00,1.01212,1.01256,1.01111,1.01204,0,0
2015-04-28,23:00:00,1.01205,1.01273,1.0114,1.01225,0,0
2015-04-28,23:59:00,1.01225,1.01241,1.01155,1.01177,0,0
2015-04-29,01:00:00,1.0119,1.01275,1.01186,1.01236,0,0
2015-04-29,02:00:00,1.01236,1.01308,1.01234,1.01307,0,0
2015-04-29,03:00:00,1.01308,1.01379,1.01257,1.0132,0,0
2015-04-29,04:00:00,1.0132,1.01362,1.0128,1.01288,0,0
2015-04-29,05:00:00,1.01286,1.01349,1.01286,1.01328,0,0
2015-04-29,06:00:00,1.01328,1.01328,1.01263,1.01269,0,0
2015-04-29,07:00:00,1.01269,1.0132,1.01259,1.01283,0,0
2015-04-29,08:00:00,1.01284,1.01287,1.01199,1.01235,0,0
2015-04-29,09:00:00,1.01234,1.01265,1.01089,1.01107,0,0
2015-04-29,10:00:00,1.01109,1.01168,1.01008,1.01048,0,0
2015-04-29,11:00:00,1.01049,1.01061,1.00856,1.00884,0,0
2015-04-29,12:00:00,1.00884,1.01089,1.00844,1.01082,0,0
2015-04-29,13:00:00,1.01082,1.01184,1.0105,1.01075,0,0
2015-04-29,14:00:00,1.01075,1.01181,1.01043,1.01097,0,0
2015-04-29,15:00:00,1.01097,1.01168,1.00746,1.00842,0,0
2015-04-29,16:00:00,1.00842,1.00926,1.00526,1.006,0,0
2015-04-29,17:00:00,1.00608,1.00744,1.00526,1.00594,0,0
2015-04-29,18:00:00,1.00592,1.0073,1.00523,1.00618,0,0
2015-04-29,19:00:00,1.00618,1.0089,1.00566,1.00876,0,0
2015-04-29,20:00:00,1.00871,1.01183,1.00856,1.01183,0,0
2015-04-29,21:00:00,1.01168,1.01174,1.00833,1.00972,0,0
2015-04-29,22:00:00,1.00977,1.01022,1.00911,1.00999,0,0
2015-04-29,23:00:00,1.01006,1.01006,1.00883,1.00977,0,0
2015-04-29,23:59:00,1.00977,1.01001,1.00823,1.00903,0,0
2015-04-30,01:00:00,1.00906,1.00945,1.00879,1.00943,0,0
2015-04-30,02:00:00,1.0094,1.01049,1.00925,1.0103,0,0
2015-04-30,03:00:00,1.01035,1.01086,1.00963,1.00967,0,0
2015-04-30,04:00:00,1.00966,1.01134,1.00955,1.01129,0,0
2015-04-30,05:00:00,1.01139,1.01337,1.01131,1.01249,0,0
2015-04-30,06:00:00,1.01248,1.01269,1.0113,1.01136,0,0
2015-04-30,07:00:00,1.01136,1.01456,1.01118,1.01364,0,0
2015-04-30,08:00:00,1.0137,1.01481,1.01346,1.01454,0,0
2015-04-30,09:00:00,1.01478,1.01478,1.01235,1.01283,0,0
2015-04-30,10:00:00,1.01276,1.01337,1.00928,1.00985,0,0
2015-04-30,11:00:00,1.00985,1.01226,1.00912,1.01178,0,0
2015-04-30,12:00:00,1.01162,1.01318,1.01131,1.01318,0,0
2015-04-30,13:00:00,1.01317,1.01366,1.01219,1.0123,0,0
2015-04-30,14:00:00,1.01232,1.0129,1.01157,1.01198,0,0
2015-04-30,15:00:00,1.01198,1.01231,1.00841,1.00898,0,0
2015-04-30,16:00:00,1.00907,1.01014,1.00831,1.00964,0,0
2015-04-30,17:00:00,1.00958,1.01239,1.0088,1.01207,0,0
2015-04-30,18:00:00,1.01206,1.01365,1.01071,1.01102,0,0
2015-04-30,19:00:00,1.01095,1.01215,1.01052,1.01059,0,0
2015-04-30,20:00:00,1.0106,1.01223,1.01041,1.011,0,0
2015-04-30,21:00:00,1.01094,1.01229,1.01027,1.0122,0,0
2015-04-30,22:00:00,1.01227,1.01467,1.01008,1.01019,0,0
2015-04-30,23:00:00,1.0104,1.01155,1.00968,1.01155,0,0
2015-04-30,23:59:00,1.01155,1.01167,1.01016,1.01069,0,0
2015-05-01,01:00:00,1.01071,1.01111,1.01022,1.01109,0,0
2015-05-01,02:00:00,1.01109,1.01151,1.01088,1.01096,0,0
2015-05-01,03:00:00,1.011,1.011,1.00942,1.00998,0,0
2015-05-01,04:00:00,1.01,1.01103,1.00993,1.01072,0,0
2015-05-01,05:00:00,1.01072,1.01087,1.01005,1.01031,0,0
2015-05-01,06:00:00,1.01031,1.01044,1.01005,1.01021,0,0
2015-05-01,07:00:00,1.01016,1.01079,1.00987,1.01027,0,0
2015-05-01,08:00:00,1.01026,1.01056,1.00929,1.00946,0,0
2015-05-01,09:00:00,1.00946,1.01013,1.00846,1.00883,0,0
2015-05-01,10:00:00,1.00885,1.00992,1.00817,1.00879,0,0
2015-05-01,11:00:00,1.00879,1.00982,1.00823,1.00971,0,0
2015-05-01,12:00:00,1.00978,1.01009,1.00873,1.00914,0,0
2015-05-01,13:00:00,1.00912,1.01019,1.00867,1.00959,0,0
2015-05-01,14:00:00,1.00959,1.01112,1.0091,1.01112,0,0
2015-05-01,15:00:00,1.01112,1.013,1.01049,1.0114,0,0
2015-05-01,16:00:00,1.01134,1.01428,1.00963,1.01306,0,0
2015-05-01,17:00:00,1.01328,1.01599,1.01112,1.01268,0,0
2015-05-01,18:00:00,1.01268,1.01415,1.01193,1.01415,0,0
2015-05-01,19:00:00,1.01415,1.01446,1.0122,1.01276,0,0
2015-05-01,20:00:00,1.01271,1.01282,1.01116,1.01167,0,0
2015-05-01,21:00:00,1.01161,1.01236,1.01086,1.01191,0,0
2015-05-01,22:00:00,1.01189,1.01335,1.01147,1.01171,0,0
2015-05-01,23:00:00,1.01172,1.01195,1.01167,1.01178,0,0
2015-05-04,01:00:00,1.01165,1.01227,1.01108,1.01199,0,0
2015-05-04,02:00:00,1.01198,1.01266,1.01167,1.01241,0,0
2015-05-04,03:00:00,1.01241,1.01357,1.01236,1.01287,0,0
2015-05-04,04:00:00,1.01286,1.0137,1.01275,1.01339,0,0
2015-05-04,05:00:00,1.01339,1.01457,1.01328,1.01416,0,0
2015-05-04,06:00:00,1.01416,1.01464,1.01367,1.01388,0,0
2015-05-04,07:00:00,1.01387,1.01412,1.01327,1.01345,0,0
2015-05-04,08:00:00,1.01346,1.01363,1.0127,1.01338,0,0
2015-05-04,09:00:00,1.01337,1.01346,1.01234,1.01328,0,0
2015-05-04,10:00:00,1.0132,1.01368,1.01157,1.01219,0,0
2015-05-04,11:00:00,1.01219,1.01246,1.01103,1.01103,0,0
2015-05-04,12:00:00,1.01104,1.01106,1.00876,1.00959,0,0
2015-05-04,13:00:00,1.00959,1.00999,1.00849,1.00849,0,0
2015-05-04,14:00:00,1.00851,1.00883,1.00709,1.00877,0,0
2015-05-04,15:00:00,1.00877,1.00921,1.00645,1.00686,0,0
2015-05-04,16:00:00,1.00685,1.00865,1.00679,1.00819,0,0
2015-05-04,17:00:00,1.00815,1.0093,1.0074,1.00839,0,0
2015-05-04,18:00:00,1.00831,1.00854,1.00658,1.00685,0,0
2015-05-04,19:00:00,1.00685,1.00791,1.00685,1.00791,0,0
2015-05-04,20:00:00,1.00791,1.00836,1.00769,1.00771,0,0
2015-05-04,21:00:00,1.00771,1.00881,1.00737,1.00744,0,0
2015-05-04,22:00:00,1.0074,1.0078,1.00643,1.00689,0,0
2015-05-04,23:00:00,1.00703,1.0071,1.0062,1.00678,0,0
2015-05-04,23:59:00,1.00688,1.00708,1.00622,1.00631,0,0
2015-05-05,01:00:00,1.00639,1.00703,1.00631,1.00678,0,0
2015-05-05,02:00:00,1.00675,1.0072,1.00652,1.00677,0,0
2015-05-05,03:00:00,1.00678,1.00764,1.00673,1.00753,0,0
2015-05-05,04:00:00,1.00754,1.00771,1.00724,1.00741,0,0
2015-05-05,05:00:00,1.00741,1.00811,1.0074,1.00792,0,0
2015-05-05,06:00:00,1.00791,1.00867,1.00779,1.00855,0,0
2015-05-05,07:00:00,1.00855,1.00922,1.00786,1.00908,0,0
2015-05-05,08:00:00,1.00908,1.00933,1.00816,1.00933,0,0
2015-05-05,09:00:00,1.00934,1.00974,1.00841,1.00943,0,0
2015-05-05,10:00:00,1.00943,1.00961,1.00827,1.00836,0,0
2015-05-05,11:00:00,1.00836,1.00866,1.00644,1.00727,0,0
2015-05-05,12:00:00,1.00725,1.00752,1.00536,1.00562,0,0
2015-05-05,13:00:00,1.00562,1.00567,1.00392,1.00443,0,0
2015-05-05,14:00:00,1.00443,1.00517,1.00324,1.00324,0,0
2015-05-05,15:00:00,1.00324,1.00586,1.00238,1.0037,0,0
2015-05-05,16:00:00,1.00362,1.00409,1.00011,1.00139,0,0
2015-05-05,17:00:00,1.00131,1.00197,1.00022,1.00039,0,0
2015-05-05,18:00:00,1.00039,1.00518,1.00034,1.00445,0,0
2015-05-05,19:00:00,1.0043,1.00467,1.00348,1.00434,0,0
2015-05-05,20:00:00,1.00434,1.0053,1.00434,1.00478,0,0
2015-05-05,21:00:00,1.00478,1.00718,1.0046,1.00718,0,0
2015-05-05,22:00:00,1.00709,1.00767,1.00679,1.00709,0,0
2015-05-05,23:00:00,1.00714,1.00767,1.00633,1.00687,0,0
2015-05-05,23:59:00,1.00687,1.00733,1.00632,1.00705,0,0
2015-05-06,01:00:00,1.00694,1.00762,1.00664,1.00729,0,0
2015-05-06,02:00:00,1.0073,1.00756,1.00645,1.00676,0,0
2015-05-06,03:00:00,1.00677,1.00744,1.00671,1.0073,0,0
2015-05-06,04:00:00,1.0073,1.00741,1.00594,1.00597,0,0
2015-05-06,05:00:00,1.00598,1.00638,1.0042,1.0045,0,0
2015-05-06,06:00:00,1.00449,1.00474,1.00341,1.00349,0,0
2015-05-06,07:00:00,1.00349,1.00417,1.0029,1.00355,0,0
2015-05-06,08:00:00,1.00355,1.00486,1.0035,1.00479,0,0
2015-05-06,09:00:00,1.00479,1.00572,1.00443,1.00557,0,0
2015-05-06,10:00:00,1.00557,1.00659,1.00468,1.00506,0,0
2015-05-06,11:00:00,1.00506,1.00524,1.00428,1.00428,0,0
2015-05-06,12:00:00,1.00428,1.00482,1.0028,1.00455,0,0
2015-05-06,13:00:00,1.00455,1.00477,1.00342,1.00412,0,0
2015-05-06,14:00:00,1.00406,1.00428,1.00266,1.00303,0,0
2015-05-06,15:00:00,1.00304,1.00411,1.0022,1.00408,0,0
2015-05-06,16:00:00,1.00407,1.00468,1.00266,1.00441,0,0
2015-05-06,17:00:00,1.00441,1.00441,1.00095,1.00254,0,0
2015-05-06,18:00:00,1.00256,1.00543,1.00239,1.00543,0,0
2015-05-06,19:00:00,1.00543,1.00764,1.00543,1.0062,0,0
2015-05-06,20:00:00,1.0062,1.0086,1.00592,1.00843,0,0
2015-05-06,21:00:00,1.00843,1.01042,1.00775,1.00949,0,0
2015-05-06,22:00:00,1.00949,1.00975,1.0078,1.00805,0,0
2015-05-06,23:00:00,1.00789,1.00833,1.00739,1.00833,0,0
2015-05-06,23:59:00,1.00844,1.0085,1.00743,1.0082,0,0
2015-05-07,01:00:00,1.00815,1.00843,1.00752,1.00801,0,0
2015-05-07,02:00:00,1.00801,1.00861,1.00781,1.00853,0,0
2015-05-07,03:00:00,1.00853,1.00966,1.00768,1.00917,0,0
2015-05-07,04:00:00,1.00917,1.00935,1.00811,1.00816,0,0
2015-05-07,05:00:00,1.00816,1.00849,1.00722,1.00729,0,0
2015-05-07,06:00:00,1.00733,1.00845,1.00719,1.00804,0,0
2015-05-07,07:00:00,1.00802,1.00833,1.00766,1.00804,0,0
2015-05-07,08:00:00,1.00806,1.00831,1.00715,1.00808,0,0
2015-05-07,09:00:00,1.00808,1.00906,1.00789,1.00898,0,0
2015-05-07,10:00:00,1.00898,1.01087,1.00828,1.01047,0,0
2015-05-07,11:00:00,1.01047,1.01286,1.01034,1.01171,0,0
2015-05-07,12:00:00,1.01161,1.01397,1.01133,1.01221,0,0
2015-05-07,13:00:00,1.01221,1.01383,1.01116,1.01347,0,0
2015-05-07,14:00:00,1.01347,1.01495,1.01278,1.0136,0,0
2015-05-07,15:00:00,1.01363,1.0141,1.01163,1.01213,0,0
2015-05-07,16:00:00,1.01213,1.01613,1.01178,1.01607,0,0
2015-05-07,17:00:00,1.01611,1.01788,1.01603,1.01686,0,0
2015-05-07,18:00:00,1.01684,1.01715,1.01374,1.01389,0,0
2015-05-07,19:00:00,1.01384,1.01488,1.01349,1.01428,0,0
2015-05-07,20:00:00,1.0143,1.01533,1.01358,1.01464,0,0
2015-05-07,21:00:00,1.01449,1.01475,1.01255,1.01328,0,0
2015-05-07,22:00:00,1.01324,1.01324,1.01169,1.01194,0,0
2015-05-07,23:00:00,1.01196,1.01328,1.01126,1.01302,0,0
2015-05-07,23:59:00,1.01311,1.01343,1.01097,1.01179,0,0
2015-05-08,01:00:00,1.01167,1.01178,1.01076,1.01145,0,0
2015-05-08,02:00:00,1.01143,1.01171,1.01076,1.01129,0,0
2015-05-08,03:00:00,1.01129,1.01153,1.00984,1.01034,0,0
2015-05-08,04:00:00,1.01034,1.01073,1.00917,1.00917,0,0
2015-05-08,05:00:00,1.00923,1.00986,1.00882,1.0093,0,0
2015-05-08,06:00:00,1.0093,1.01026,1.00911,1.01015,0,0
2015-05-08,07:00:00,1.01014,1.01073,1.00948,1.00985,0,0
2015-05-08,08:00:00,1.00985,1.0106,1.00919,1.01016,0,0
2015-05-08,09:00:00,1.01016,1.01051,1.00909,1.00912,0,0
2015-05-08,10:00:00,1.00912,1.00935,1.00822,1.00862,0,0
2015-05-08,11:00:00,1.00862,1.00904,1.00732,1.00736,0,0
2015-05-08,12:00:00,1.00732,1.00832,1.00732,1.00792,0,0
2015-05-08,13:00:00,1.00798,1.00854,1.00732,1.00844,0,0
2015-05-08,14:00:00,1.00837,1.00837,1.00712,1.00835,0,0
2015-05-08,15:00:00,1.00835,1.01119,1.0057,1.00951,0,0
2015-05-08,16:00:00,1.00956,1.01199,1.00879,1.0113,0,0
2015-05-08,17:00:00,1.01118,1.01355,1.01118,1.01314,0,0
2015-05-08,18:00:00,1.01308,1.01338,1.00866,1.00894,0,0
2015-05-08,19:00:00,1.00894,1.01025,1.00887,1.01025,0,0
2015-05-08,20:00:00,1.01019,1.01044,1.00779,1.00884,0,0
2015-05-08,21:00:00,1.00883,1.00999,1.00862,1.00959,0,0
2015-05-08,22:00:00,1.00957,1.01016,1.00907,1.00983,0,0
2015-05-08,23:00:00,1.00983,1.00983,1.00963,1.00963,0,0
2015-05-11,01:00:00,1.00924,1.00942,1.0088,1.00927,0,0
2015-05-11,02:00:00,1.00927,1.00951,1.00865,1.00919,0,0
2015-05-11,03:00:00,1.00918,1.01021,1.00899,1.00924,0,0
2015-05-11,04:00:00,1.01026,1.01041,1.00952,1.00969,0,0
2015-05-11,05:00:00,1.00974,1.01098,1.0096,1.01078,0,0
2015-05-11,06:00:00,1.01078,1.01176,1.01062,1.01175,0,0
2015-05-11,07:00:00,1.01175,1.01196,1.01119,1.01126,0,0
2015-05-11,08:00:00,1.01123,1.0115,1.01056,1.01122,0,0
2015-05-11,09:00:00,1.0112,1.01168,1.01028,1.01038,0,0
2015-05-11,10:00:00,1.01035,1.01169,1.0101,1.01085,0,0
2015-05-11,11:00:00,1.01081,1.01192,1.01065,1.01175,0,0
2015-05-11,12:00:00,1.01173,1.01268,1.01156,1.01246,0,0
2015-05-11,13:00:00,1.01245,1.01285,1.01152,1.01164,0,0
2015-05-11,14:00:00,1.01164,1.01172,1.01,1.01021,0,0
2015-05-11,15:00:00,1.01024,1.01052,1.008,1.0089,0,0
2015-05-11,16:00:00,1.0089,1.0095,1.00686,1.00711,0,0
2015-05-11,17:00:00,1.00711,1.00791,1.00599,1.0075,0,0
2015-05-11,18:00:00,1.00764,1.00907,1.00653,1.00841,0,0
2015-05-11,19:00:00,1.00841,1.00853,1.0068,1.00814,0,0
2015-05-11,20:00:00,1.00814,1.00818,1.00683,1.00701,0,0
2015-05-11,21:00:00,1.00702,1.00738,1.00614,1.00719,0,0
2015-05-11,22:00:00,1.0072,1.00824,1.00696,1.00815,0,0
2015-05-11,23:00:00,1.00814,1.00818,1.00693,1.00771,0,0
2015-05-11,23:59:00,1.00771,1.00794,1.00684,1.0071,0,0
2015-05-12,01:00:00,1.00712,1.00725,1.00682,1.00711,0,0
2015-05-12,02:00:00,1.00711,1.00747,1.00677,1.00693,0,0
2015-05-12,03:00:00,1.00693,1.00795,1.00676,1.00768,0,0
2015-05-12,04:00:00,1.00768,1.00798,1.00688,1.00688,0,0
2015-05-12,05:00:00,1.00686,1.00706,1.00575,1.00617,0,0
2015-05-12,06:00:00,1.00617,1.00653,1.00591,1.00621,0,0
2015-05-12,07:00:00,1.00621,1.00651,1.00572,1.00582,0,0
2015-05-12,08:00:00,1.00582,1.00591,1.00471,1.00591,0,0
2015-05-12,09:00:00,1.0059,1.00692,1.0059,1.00665,0,0
2015-05-12,10:00:00,1.00665,1.00713,1.00604,1.00614,0,0
2015-05-12,11:00:00,1.00616,1.00681,1.00435,1.00473,0,0
2015-05-12,12:00:00,1.00459,1.00574,1.00431,1.00434,0,0
2015-05-12,13:00:00,1.00433,1.00495,1.00305,1.00344,0,0
2015-05-12,14:00:00,1.00347,1.00399,1.00232,1.0038,0,0
2015-05-12,15:00:00,1.0038,1.0039,1.00138,1.00138,0,0
2015-05-12,16:00:00,1.00138,1.0042,1.00123,1.00262,0,0
2015-05-12,17:00:00,1.00262,1.00267,1.00032,1.00044,0,0
2015-05-12,18:00:00,1.00042,1.00144,1.00018,1.00061,0,0
2015-05-12,19:00:00,1.00061,1.00136,0.99977,0.99981,0,0
2015-05-12,20:00:00,0.99981,1.00093,0.99957,1.00007,0,0
2015-05-12,21:00:00,1.00005,1.0009,0.99992,1.00075,0,0
2015-05-12,22:00:00,1.0007,1.00264,1.00068,1.00176,0,0
2015-05-12,23:00:00,1.00276,1.00287,1.00176,1.00261,0,0
2015-05-12,23:59:00,1.00269,1.00327,1.00123,1.00159,0,0
2015-05-13,01:00:00,1.00147,1.00182,1.00112,1.00178,0,0
2015-05-13,02:00:00,1.00177,1.00194,1.00133,1.00182,0,0
2015-05-13,03:00:00,1.00181,1.00266,1.00158,1.00241,0,0
2015-05-13,04:00:00,1.00242,1.00316,1.00147,1.00289,0,0
2015-05-13,05:00:00,1.00282,1.00348,1.00256,1.00289,0,0
2015-05-13,06:00:00,1.00289,1.0029,1.00191,1.00217,0,0
2015-05-13,07:00:00,1.00219,1.00286,1.00173,1.00282,0,0
2015-05-13,08:00:00,1.00277,1.003,1.00238,1.00256,0,0
2015-05-13,09:00:00,1.00259,1.00338,1.00219,1.00275,0,0
2015-05-13,10:00:00,1.0027,1.00303,1.00138,1.0014,0,0
2015-05-13,11:00:00,1.00139,1.00173,0.99975,1.00029,0,0
2015-05-13,12:00:00,1.00032,1.00102,0.99904,0.99957,0,0
2015-05-13,13:00:00,0.99957,1.00048,0.99943,1.00018,0,0
2015-05-13,14:00:00,1.00021,1.00045,0.99963,1.00023,0,0
2015-05-13,15:00:00,1.00023,1.00159,0.99997,1.00124,0,0
2015-05-13,16:00:00,1.00117,1.00428,1.00117,1.00267,0,0
2015-05-13,17:00:00,1.00275,1.00569,1.00101,1.00569,0,0
2015-05-13,18:00:00,1.00569,1.00606,1.00333,1.00348,0,0
2015-05-13,19:00:00,1.00348,1.00384,1.00197,1.00245,0,0
2015-05-13,20:00:00,1.00245,1.00358,1.0021,1.00304,0,0
2015-05-13,21:00:00,1.00304,1.00535,1.00279,1.00535,0,0
2015-05-13,22:00:00,1.00535,1.00535,1.00436,1.00436,0,0
2015-05-13,23:00:00,1.00436,1.00447,1.00335,1.00359,0,0
2015-05-13,23:59:00,1.00359,1.00398,1.00336,1.00345,0,0
2015-05-14,01:00:00,1.00347,1.00377,1.00313,1.00332,0,0
2015-05-14,02:00:00,1.00332,1.00363,1.00269,1.00313,0,0
2015-05-14,03:00:00,1.00316,1.00345,1.0023,1.00262,0,0
2015-05-14,04:00:00,1.00262,1.00285,1.00173,1.00187,0,0
2015-05-14,05:00:00,1.00187,1.00273,1.0015,1.00263,0,0
2015-05-14,06:00:00,1.00263,1.00276,1.00132,1.00184,0,0
2015-05-14,07:00:00,1.00182,1.00203,1.00117,1.00137,0,0
2015-05-14,08:00:00,1.00139,1.00174,1.00086,1.00119,0,0
2015-05-14,09:00:00,1.00119,1.00323,1.00117,1.00286,0,0
2015-05-14,10:00:00,1.00286,1.00413,1.00258,1.00321,0,0
2015-05-14,11:00:00,1.00321,1.00355,1.00248,1.0031,0,0
2015-05-14,12:00:00,1.00304,1.00304,1.0008,1.00153,0,0
2015-05-14,13:00:00,1.00152,1.0028,1.00135,1.00211,0,0
2015-05-14,14:00:00,1.00213,1.00296,1.00189,1.00198,0,0
2015-05-14,15:00:00,1.00204,1.00473,1.00177,1.00212,0,0
2015-05-14,16:00:00,1.00212,1.00371,1.00165,1.00271,0,0
2015-05-14,17:00:00,1.00272,1.0048,1.00201,1.00338,0,0
2015-05-14,18:00:00,1.00339,1.00691,1.00249,1.00607,0,0
2015-05-14,19:00:00,1.00608,1.00752,1.00586,1.00743,0,0
2015-05-14,20:00:00,1.00742,1.00781,1.00619,1.00644,0,0
2015-05-14,21:00:00,1.00642,1.00642,1.0051,1.0062,0,0
2015-05-14,22:00:00,1.00616,1.0072,1.00566,1.00678,0,0
2015-05-14,23:00:00,1.00678,1.00692,1.00545,1.0055,0,0
2015-05-14,23:59:00,1.0055,1.00626,1.00525,1.00607,0,0
2015-05-15,01:00:00,1.00595,1.00619,1.0053,1.00532,0,0
2015-05-15,02:00:00,1.00532,1.00576,1.00499,1.00535,0,0
2015-05-15,03:00:00,1.00536,1.00557,1.00446,1.00462,0,0
2015-05-15,04:00:00,1.00465,1.00491,1.00392,1.00474,0,0
2015-05-15,05:00:00,1.00474,1.00552,1.00461,1.0052,0,0
2015-05-15,06:00:00,1.0052,1.00554,1.00449,1.0047,0,0
2015-05-15,07:00:00,1.00472,1.00496,1.00447,1.00476,0,0
2015-05-15,08:00:00,1.00476,1.00542,1.00425,1.00464,0,0
2015-05-15,09:00:00,1.00464,1.00464,1.00309,1.00394,0,0
2015-05-15,10:00:00,1.00394,1.0045,1.0034,1.00438,0,0
2015-05-15,11:00:00,1.00434,1.00545,1.00421,1.0051,0,0
2015-05-15,12:00:00,1.00498,1.00499,1.00337,1.00394,0,0
2015-05-15,13:00:00,1.0039,1.0039,1.00253,1.00364,0,0
2015-05-15,14:00:00,1.00363,1.00396,1.00224,1.00359,0,0
2015-05-15,15:00:00,1.00358,1.00582,1.00349,1.00506,0,0
2015-05-15,16:00:00,1.00506,1.00802,1.00506,1.00726,0,0
2015-05-15,17:00:00,1.0074,1.00803,1.00553,1.00663,0,0
2015-05-15,18:00:00,1.00666,1.00796,1.00587,1.00611,0,0
2015-05-15,19:00:00,1.00614,1.00739,1.0058,1.00737,0,0
2015-05-15,20:00:00,1.00746,1.00903,1.0073,1.00797,0,0
2015-05-15,21:00:00,1.00799,1.00868,1.00662,1.00699,0,0
2015-05-15,22:00:00,1.00696,1.00765,1.00665,1.00743,0,0
2015-05-15,23:00:00,1.00734,1.00753,1.00734,1.0075,0,0
2015-05-18,01:00:00,1.00657,1.00709,1.00648,1.00662,0,0
2015-05-18,02:00:00,1.00662,1.00686,1.00642,1.00669,0,0
2015-05-18,03:00:00,1.00669,1.0073,1.00548,1.00573,0,0
2015-05-18,04:00:00,1.00573,1.00623,1.00561,1.00621,0,0
2015-05-18,05:00:00,1.0062,1.00685,1.0061,1.00667,0,0
2015-05-18,06:00:00,1.00667,1.00667,1.00605,1.0063,0,0
2015-05-18,07:00:00,1.00634,1.0065,1.00568,1.00577,0,0
2015-05-18,08:00:00,1.00577,1.00603,1.00435,1.00455,0,0
2015-05-18,09:00:00,1.00461,1.00579,1.00445,1.00573,0,0
2015-05-18,10:00:00,1.00569,1.0065,1.00549,1.00594,0,0
2015-05-18,11:00:00,1.00584,1.00713,1.00584,1.0063,0,0
2015-05-18,12:00:00,1.00632,1.00682,1.00581,1.00633,0,0
2015-05-18,13:00:00,1.00633,1.0073,1.00633,1.00705,0,0
2015-05-18,14:00:00,1.00709,1.00776,1.00688,1.00707,0,0
2015-05-18,15:00:00,1.00721,1.00919,1.00684,1.00919,0,0
2015-05-18,16:00:00,1.00919,1.01219,1.00919,1.01188,0,0
2015-05-18,17:00:00,1.01199,1.01297,1.01113,1.01242,0,0
2015-05-18,18:00:00,1.01223,1.01463,1.01206,1.01391,0,0
2015-05-18,19:00:00,1.014,1.015,1.01291,1.01306,0,0
2015-05-18,20:00:00,1.01307,1.01329,1.01257,1.01277,0,0
2015-05-18,21:00:00,1.01274,1.01394,1.01274,1.01365,0,0
2015-05-18,22:00:00,1.01365,1.01414,1.01337,1.01373,0,0
2015-05-18,23:00:00,1.01373,1.01378,1.0134,1.01344,0,0
2015-05-18,23:59:00,1.01344,1.01383,1.01303,1.0131,0,0
2015-05-19,01:00:00,1.01318,1.01348,1.01263,1.01282,0,0
2015-05-19,02:00:00,1.01278,1.01338,1.0126,1.0129,0,0
2015-05-19,03:00:00,1.0129,1.0145,1.01281,1.0144,0,0
2015-05-19,04:00:00,1.0144,1.01469,1.01408,1.01425,0,0
2015-05-19,05:00:00,1.01424,1.01436,1.01198,1.01245,0,0
2015-05-19,06:00:00,1.01245,1.01275,1.01206,1.01206,0,0
2015-05-19,07:00:00,1.01206,1.01223,1.01133,1.01175,0,0
2015-05-19,08:00:00,1.01175,1.01203,1.01109,1.01166,0,0
2015-05-19,09:00:00,1.01166,1.0133,1.01166,1.0126,0,0
2015-05-19,10:00:00,1.0126,1.01497,1.01235,1.01454,0,0
2015-05-19,11:00:00,1.01454,1.01524,1.01337,1.01498,0,0
2015-05-19,12:00:00,1.01496,1.01631,1.01458,1.01458,0,0
2015-05-19,13:00:00,1.01458,1.01523,1.01372,1.01405,0,0
2015-05-19,14:00:00,1.01403,1.01406,1.01309,1.01335,0,0
2015-05-19,15:00:00,1.01338,1.01459,1.01189,1.01431,0,0
2015-05-19,16:00:00,1.01433,1.01672,1.01359,1.01573,0,0
2015-05-19,17:00:00,1.01572,1.01685,1.0142,1.01452,0,0
2015-05-19,18:00:00,1.01459,1.01508,1.01271,1.01289,0,0
2015-05-19,19:00:00,1.01282,1.01401,1.01257,1.01357,0,0
2015-05-19,20:00:00,1.01357,1.01406,1.01308,1.01317,0,0
2015-05-19,21:00:00,1.01317,1.01365,1.01221,1.01231,0,0
2015-05-19,22:00:00,1.01229,1.01348,1.01229,1.01306,0,0
2015-05-19,23:00:00,1.01314,1.01379,1.01272,1.01354,0,0
2015-05-19,23:59:00,1.01353,1.01378,1.01291,1.01371,0,0
2015-05-20,01:00:00,1.01355,1.01368,1.01313,1.0134,0,0
2015-05-20,02:00:00,1.0134,1.01401,1.01337,1.01362,0,0
2015-05-20,03:00:00,1.01359,1.01412,1.01235,1.01237,0,0
2015-05-20,04:00:00,1.01237,1.01262,1.01133,1.01166,0,0
2015-05-20,05:00:00,1.01166,1.0119,1.0111,1.01116,0,0
2015-05-20,06:00:00,1.01115,1.01128,1.0106,1.01128,0,0
2015-05-20,07:00:00,1.01128,1.01135,1.01047,1.01086,0,0
2015-05-20,08:00:00,1.01085,1.01154,1.01054,1.01131,0,0
2015-05-20,09:00:00,1.01144,1.01262,1.01132,1.01167,0,0
2015-05-20,10:00:00,1.0116,1.01199,1.01088,1.01125,0,0
2015-05-20,11:00:00,1.01124,1.01164,1.011,1.01123,0,0
2015-05-20,12:00:00,1.0113,1.01298,1.01126,1.01221,0,0
2015-05-20,13:00:00,1.01221,1.01256,1.01066,1.01117,0,0
2015-05-20,14:00:00,1.01114,1.01114,1.00967,1.00998,0,0
2015-05-20,15:00:00,1.00993,1.01132,1.00968,1.00999,0,0
2015-05-20,16:00:00,1.00999,1.01087,1.00937,1.01068,0,0
2015-05-20,17:00:00,1.01068,1.01106,1.00861,1.00861,0,0
2015-05-20,18:00:00,1.00861,1.00876,1.00663,1.00668,0,0
2015-05-20,19:00:00,1.00663,1.00856,1.00655,1.00671,0,0
2015-05-20,20:00:00,1.00671,1.00816,1.00516,1.00543,0,0
2015-05-20,21:00:00,1.00548,1.00784,1.0049,1.00614,0,0
2015-05-20,22:00:00,1.00614,1.00683,1.00582,1.00606,0,0
2015-05-20,23:00:00,1.00605,1.00651,1.00553,1.00607,0,0
2015-05-20,23:59:00,1.00607,1.00672,1.0049,1.00641,0,0
2015-05-21,01:00:00,1.00636,1.00696,1.00634,1.00658,0,0
2015-05-21,02:00:00,1.00658,1.00715,1.00638,1.00713,0,0
2015-05-21,03:00:00,1.00713,1.00738,1.00647,1.00722,0,0
2015-05-21,04:00:00,1.00722,1.00727,1.0064,1.00655,0,0
2015-05-21,05:00:00,1.00652,1.00671,1.00593,1.00641,0,0
2015-05-21,06:00:00,1.00641,1.00651,1.00594,1.00638,0,0
2015-05-21,07:00:00,1.00632,1.00704,1.00625,1.00696,0,0
2015-05-21,08:00:00,1.00696,1.00735,1.00662,1.00724,0,0
2015-05-21,09:00:00,1.00722,1.00736,1.00648,1.00655,0,0
2015-05-21,10:00:00,1.00655,1.00779,1.00614,1.00731,0,0
2015-05-21,11:00:00,1.00731,1.00826,1.00667,1.00708,0,0
2015-05-21,12:00:00,1.00706,1.00799,1.00683,1.00771,0,0
2015-05-21,13:00:00,1.00771,1.00852,1.00691,1.0083,0,0
2015-05-21,14:00:00,1.00825,1.00912,1.00803,1.00879,0,0
2015-05-21,15:00:00,1.00879,1.00989,1.00843,1.00926,0,0
2015-05-21,16:00:00,1.00926,1.01059,1.00858,1.00999,0,0
2015-05-21,17:00:00,1.01033,1.01096,1.00794,1.00832,0,0
2015-05-21,18:00:00,1.00838,1.00866,1.00696,1.00784,0,0
2015-05-21,19:00:00,1.0079,1.00835,1.00728,1.00753,0,0
2015-05-21,20:00:00,1.00753,1.00846,1.00753,1.00821,0,0
2015-05-21,21:00:00,1.00821,1.00901,1.00768,1.0089,0,0
2015-05-21,22:00:00,1.00887,1.00974,1.00876,1.00898,0,0
2015-05-21,23:00:00,1.00898,1.00916,1.00762,1.00792,0,0
2015-05-21,23:59:00,1.00792,1.00816,1.00754,1.00772,0,0
2015-05-22,01:00:00,1.00778,1.00807,1.00741,1.00796,0,0
2015-05-22,02:00:00,1.00791,1.00816,1.00759,1.00781,0,0
2015-05-22,03:00:00,1.00775,1.00819,1.00735,1.00789,0,0
2015-05-22,04:00:00,1.00789,1.00827,1.00763,1.0078,0,0
2015-05-22,05:00:00,1.0078,1.00828,1.00708,1.0082,0,0
2015-05-22,06:00:00,1.00822,1.00851,1.00769,1.0079,0,0
2015-05-22,07:00:00,1.00791,1.00897,1.00771,1.00844,0,0
2015-05-22,08:00:00,1.0085,1.00911,1.00838,1.00851,0,0
2015-05-22,09:00:00,1.00851,1.00942,1.0079,1.00918,0,0
2015-05-22,10:00:00,1.00918,1.00987,1.00908,1.00957,0,0
2015-05-22,11:00:00,1.00957,1.01028,1.00913,1.01018,0,0
2015-05-22,12:00:00,1.01018,1.01044,1.00952,1.0098,0,0
2015-05-22,13:00:00,1.00987,1.0103,1.00947,1.00984,0,0
2015-05-22,14:00:00,1.00987,1.01021,1.00869,1.00886,0,0
2015-05-22,15:00:00,1.00887,1.01013,1.00823,1.00896,0,0
2015-05-22,16:00:00,1.00896,1.0115,1.00878,1.01036,0,0
2015-05-22,17:00:00,1.0103,1.01213,1.0103,1.01146,0,0
2015-05-22,18:00:00,1.01151,1.01219,1.01077,1.01173,0,0
2015-05-22,19:00:00,1.01173,1.01285,1.0116,1.01229,0,0
2015-05-22,20:00:00,1.01224,1.01383,1.01212,1.01283,0,0
2015-05-22,21:00:00,1.01282,1.01332,1.01214,1.01217,0,0
2015-05-22,22:00:00,1.01214,1.01249,1.01198,1.01214,0,0
2015-05-22,23:00:00,1.01215,1.01215,1.01192,1.01198,0,0
2015-05-25,01:00:00,1.01212,1.01219,1.01045,1.01118,0,0
2015-05-25,02:00:00,1.01118,1.0118,1.01089,1.01148,0,0
2015-05-25,03:00:00,1.01148,1.01149,1.00985,1.01067,0,0
2015-05-25,04:00:00,1.01067,1.01068,1.01002,1.01021,0,0
2015-05-25,05:00:00,1.01021,1.01061,1.01008,1.01016,0,0
2015-05-25,06:00:00,1.01016,1.01055,1.01009,1.01037,0,0
2015-05-25,07:00:00,1.0104,1.01051,1.00986,1.01014,0,0
2015-05-25,08:00:00,1.01014,1.01094,1.01004,1.0104,0,0
2015-05-25,09:00:00,1.0104,1.01085,1.00974,1.00976,0,0
2015-05-25,10:00:00,1.00978,1.01095,1.00967,1.01061,0,0
2015-05-25,11:00:00,1.01061,1.01198,1.01038,1.01093,0,0
2015-05-25,12:00:00,1.01093,1.01112,1.01008,1.01112,0,0
2015-05-25,13:00:00,1.01112,1.01129,1.01039,1.01119,0,0
2015-05-25,14:00:00,1.01118,1.01147,1.01085,1.0112,0,0
2015-05-25,15:00:00,1.0112,1.01277,1.01115,1.01257,0,0
2015-05-25,16:00:00,1.01257,1.01284,1.01144,1.01262,0,0
2015-05-25,17:00:00,1.01262,1.0137,1.01255,1.01314,0,0
2015-05-25,18:00:00,1.01314,1.01333,1.01183,1.01257,0,0
2015-05-25,19:00:00,1.01263,1.01388,1.01263,1.01334,0,0
2015-05-25,20:00:00,1.01335,1.01357,1.0131,1.01353,0,0
2015-05-25,21:00:00,1.01353,1.01365,1.01305,1.01322,0,0
2015-05-25,22:00:00,1.01321,1.01332,1.01279,1.01308,0,0
2015-05-25,23:00:00,1.01308,1.01334,1.01268,1.01296,0,0
2015-05-25,23:59:00,1.01295,1.01344,1.01275,1.01285,0,0
2015-05-26,01:00:00,1.01297,1.01314,1.01247,1.01259,0,0
2015-05-26,02:00:00,1.01259,1.01311,1.01252,1.01254,0,0
2015-05-26,03:00:00,1.01265,1.01283,1.01217,1.0124,0,0
2015-05-26,04:00:00,1.01241,1.01266,1.01194,1.01217,0,0
2015-05-26,05:00:00,1.01217,1.01229,1.01109,1.01139,0,0
2015-05-26,06:00:00,1.0114,1.01143,1.01056,1.01077,0,0
2015-05-26,07:00:00,1.01077,1.01092,1.01031,1.01031,0,0
2015-05-26,08:00:00,1.0103,1.01067,1.00976,1.00984,0,0
2015-05-26,09:00:00,1.00986,1.00989,1.00541,1.0068,0,0
2015-05-26,10:00:00,1.0068,1.00789,1.00534,1.00732,0,0
2015-05-26,11:00:00,1.00721,1.00762,1.00559,1.00652,0,0
2015-05-26,12:00:00,1.00652,1.00775,1.00593,1.0075,0,0
2015-05-26,13:00:00,1.0075,1.00922,1.0074,1.00881,0,0
2015-05-26,14:00:00,1.00882,1.00917,1.00832,1.00891,0,0
2015-05-26,15:00:00,1.00891,1.00899,1.00644,1.00672,0,0
2015-05-26,16:00:00,1.00683,1.00937,1.00655,1.00909,0,0
2015-05-26,17:00:00,1.00895,1.00999,1.00855,1.00926,0,0
2015-05-26,18:00:00,1.00935,1.01085,1.00857,1.0099,0,0
2015-05-26,19:00:00,1.0099,1.01172,1.00926,1.01136,0,0
2015-05-26,20:00:00,1.01135,1.01173,1.01003,1.01044,0,0
2015-05-26,21:00:00,1.01043,1.01057,1.00931,1.01031,0,0
2015-05-26,22:00:00,1.01031,1.01052,1.00932,1.00952,0,0
2015-05-26,23:00:00,1.00955,1.01007,1.00923,1.00982,0,0
2015-05-26,23:59:00,1.01,1.01072,1.00927,1.01034,0,0
2015-05-27,01:00:00,1.0103,1.01064,1.00966,1.00971,0,0
2015-05-27,02:00:00,1.00971,1.01068,1.00971,1.01016,0,0
2015-05-27,03:00:00,1.0102,1.01058,1.0097,1.01009,0,0
2015-05-27,04:00:00,1.01009,1.01014,1.00888,1.00947,0,0
2015-05-27,05:00:00,1.00947,1.01053,1.00944,1.01042,0,0
2015-05-27,06:00:00,1.01042,1.01042,1.00964,1.00998,0,0
2015-05-27,07:00:00,1.00999,1.01006,1.00929,1.00944,0,0
2015-05-27,08:00:00,1.00943,1.01077,1.00915,1.01006,0,0
2015-05-27,09:00:00,1.01006,1.01025,1.00823,1.00833,0,0
2015-05-27,10:00:00,1.00833,1.0098,1.00819,1.00953,0,0
2015-05-27,11:00:00,1.00953,1.01011,1.00908,1.00971,0,0
2015-05-27,12:00:00,1.00964,1.01076,1.00803,1.00846,0,0
2015-05-27,13:00:00,1.00846,1.00874,1.00608,1.00742,0,0
2015-05-27,14:00:00,1.00737,1.00813,1.0056,1.00746,0,0
2015-05-27,15:00:00,1.00746,1.00914,1.00684,1.00797,0,0
2015-05-27,16:00:00,1.00806,1.00854,1.00553,1.00569,0,0
2015-05-27,17:00:00,1.00571,1.0087,1.00503,1.00848,0,0
2015-05-27,18:00:00,1.00847,1.00906,1.00754,1.00865,0,0
2015-05-27,19:00:00,1.00864,1.00872,1.00747,1.00813,0,0
2015-05-27,20:00:00,1.0081,1.00831,1.00655,1.00761,0,0
2015-05-27,21:00:00,1.00761,1.00803,1.0067,1.0067,0,0
2015-05-27,22:00:00,1.0067,1.00699,1.00625,1.00684,0,0
2015-05-27,23:00:00,1.00677,1.00787,1.00641,1.00682,0,0
2015-05-27,23:59:00,1.00682,1.00757,1.00645,1.00677,0,0
2015-05-28,01:00:00,1.0068,1.00702,1.00642,1.00655,0,0
2015-05-28,02:00:00,1.00655,1.0067,1.00631,1.00669,0,0
2015-05-28,03:00:00,1.00669,1.00727,1.00651,1.00671,0,0
2015-05-28,04:00:00,1.0067,1.0078,1.006,1.006,0,0
2015-05-28,05:00:00,1.00592,1.00636,1.00363,1.00437,0,0
2015-05-28,06:00:00,1.00435,1.00508,1.00328,1.00482,0,0
2015-05-28,07:00:00,1.00482,1.00638,1.00421,1.006,0,0
2015-05-28,08:00:00,1.00599,1.00767,1.00521,1.00574,0,0
2015-05-28,09:00:00,1.00574,1.00683,1.0053,1.0061,0,0
2015-05-28,10:00:00,1.00613,1.00737,1.00613,1.00691,0,0
2015-05-28,11:00:00,1.00692,1.00716,1.00585,1.00686,0,0
2015-05-28,12:00:00,1.00686,1.00776,1.00585,1.0059,0,0
2015-05-28,13:00:00,1.0059,1.00726,1.00563,1.0066,0,0
2015-05-28,14:00:00,1.00663,1.00693,1.00427,1.00443,0,0
2015-05-28,15:00:00,1.00447,1.00734,1.0041,1.00657,0,0
2015-05-28,16:00:00,1.00656,1.00794,1.00592,1.0077,0,0
2015-05-28,17:00:00,1.0077,1.00882,1.00599,1.00656,0,0
2015-05-28,18:00:00,1.00656,1.00665,1.00431,1.00432,0,0
2015-05-28,19:00:00,1.00439,1.00645,1.00399,1.00623,0,0
2015-05-28,20:00:00,1.00636,1.00705,1.00459,1.0049,0,0
2015-05-28,21:00:00,1.00496,1.00502,1.00282,1.00299,0,0
2015-05-28,22:00:00,1.00288,1.00307,1.00185,1.0026,0,0
2015-05-28,23:00:00,1.0026,1.00331,1.00227,1.00313,0,0
2015-05-28,23:59:00,1.00313,1.00372,1.00243,1.00257,0,0
2015-05-29,01:00:00,1.00252,1.00398,1.00246,1.00372,0,0
2015-05-29,02:00:00,1.00371,1.00408,1.00294,1.00354,0,0
2015-05-29,03:00:00,1.00354,1.00394,1.00305,1.00369,0,0
2015-05-29,04:00:00,1.00372,1.00442,1.00324,1.0042,0,0
2015-05-29,05:00:00,1.0042,1.0048,1.00389,1.00418,0,0
2015-05-29,06:00:00,1.00418,1.00431,1.00369,1.00387,0,0
2015-05-29,07:00:00,1.00389,1.00401,1.00318,1.00335,0,0
2015-05-29,08:00:00,1.00335,1.00362,1.00247,1.00278,0,0
2015-05-29,09:00:00,1.00278,1.00398,1.00239,1.00394,0,0
2015-05-29,10:00:00,1.00396,1.00534,1.00356,1.00525,0,0
2015-05-29,11:00:00,1.00525,1.00601,1.00483,1.00495,0,0
2015-05-29,12:00:00,1.00497,1.00521,1.00402,1.00465,0,0
2015-05-29,13:00:00,1.00457,1.00509,1.00378,1.00461,0,0
2015-05-29,14:00:00,1.00455,1.00491,1.00334,1.00392,0,0
2015-05-29,15:00:00,1.00398,1.00986,1.00334,1.00863,0,0
2015-05-29,16:00:00,1.00879,1.00965,1.00693,1.00792,0,0
2015-05-29,17:00:00,1.00799,1.01001,1.00594,1.00598,0,0
2015-05-29,18:00:00,1.00578,1.00799,1.00501,1.00539,0,0
2015-05-29,19:00:00,1.00522,1.0056,1.00408,1.00429,0,0
2015-05-29,20:00:00,1.00429,1.00514,1.00378,1.00397,0,0
2015-05-29,21:00:00,1.00397,1.00397,1.00254,1.00336,0,0
2015-05-29,22:00:00,1.00332,1.00332,1.00181,1.00185,0,0
2015-05-29,23:00:00,1.00185,1.0023,1.00185,1.0023,0,0
2015-06-01,01:00:00,1.00242,1.00339,1.00242,1.00325,0,0
2015-06-01,02:00:00,1.00324,1.00367,1.00258,1.00262,0,0
2015-06-01,03:00:00,1.00263,1.00364,1.00262,1.00338,0,0
2015-06-01,04:00:00,1.00338,1.00399,1.00289,1.00375,0,0
2015-06-01,05:00:00,1.00374,1.00411,1.00331,1.00354,0,0
2015-06-01,06:00:00,1.00354,1.00395,1.00339,1.0038,0,0
2015-06-01,07:00:00,1.0038,1.00461,1.00352,1.00439,0,0
2015-06-01,08:00:00,1.00439,1.0044,1.00316,1.00316,0,0
2015-06-01,09:00:00,1.00316,1.00428,1.00316,1.00422,0,0
2015-06-01,10:00:00,1.00428,1.00548,1.00412,1.00519,0,0
2015-06-01,11:00:00,1.00522,1.00722,1.00522,1.00636,0,0
2015-06-01,12:00:00,1.0064,1.00737,1.00611,1.00649,0,0
2015-06-01,13:00:00,1.00649,1.00692,1.00587,1.00635,0,0
2015-06-01,14:00:00,1.00632,1.00643,1.00524,1.00545,0,0
2015-06-01,15:00:00,1.00547,1.00812,1.00547,1.00812,0,0
2015-06-01,16:00:00,1.00806,1.00824,1.00573,1.0064,0,0
2015-06-01,17:00:00,1.00643,1.00869,1.00525,1.00747,0,0
2015-06-01,18:00:00,1.00728,1.00795,1.00655,1.00669,0,0
2015-06-01,19:00:00,1.00664,1.00701,1.00499,1.00508,0,0
2015-06-01,20:00:00,1.00511,1.00555,1.0044,1.00452,0,0
2015-06-01,21:00:00,1.00452,1.00472,1.00263,1.00331,0,0
2015-06-01,22:00:00,1.00331,1.00452,1.00322,1.0042,0,0
2015-06-01,23:00:00,1.00423,1.00431,1.00336,1.00341,0,0
2015-06-01,23:59:00,1.00346,1.00399,1.00308,1.00382,0,0
2015-06-02,01:00:00,1.00395,1.00405,1.00349,1.00356,0,0
2015-06-02,02:00:00,1.00356,1.00371,1.00267,1.00316,0,0
2015-06-02,03:00:00,1.00316,1.0039,1.00306,1.00364,0,0
2015-06-02,04:00:00,1.00364,1.00381,1.00329,1.00351,0,0
2015-06-02,05:00:00,1.00348,1.00421,1.00245,1.00373,0,0
2015-06-02,06:00:00,1.00363,1.00454,1.00317,1.00362,0,0
2015-06-02,07:00:00,1.00362,1.00431,1.00323,1.0038,0,0
2015-06-02,08:00:00,1.00378,1.00407,1.0031,1.00327,0,0
2015-06-02,09:00:00,1.00324,1.00426,1.0028,1.00395,0,0
2015-06-02,10:00:00,1.00394,1.00446,1.00313,1.00392,0,0
2015-06-02,11:00:00,1.00385,1.00492,1.00312,1.00492,0,0
2015-06-02,12:00:00,1.00492,1.00492,1.00365,1.00437,0,0
2015-06-02,13:00:00,1.00437,1.0046,1.00322,1.00365,0,0
2015-06-02,14:00:00,1.00362,1.0043,1.002,1.00273,0,0
2015-06-02,15:00:00,1.00277,1.00352,1.00177,1.0026,0,0
2015-06-02,16:00:00,1.00261,1.00382,1.00065,1.00301,0,0
2015-06-02,17:00:00,1.00287,1.00457,1.00227,1.00252,0,0
2015-06-02,18:00:00,1.00251,1.00274,1.00031,1.00033,0,0
2015-06-02,19:00:00,1.00031,1.00063,0.99772,0.99869,0,0
2015-06-02,20:00:00,0.99871,1.00008,0.99852,0.99955,0,0
2015-06-02,21:00:00,0.99955,1.00093,0.99955,0.99969,0,0
2015-06-02,22:00:00,0.9994,1.00034,0.9994,0.99978,0,0
2015-06-02,23:00:00,0.99978,1.00017,0.99916,0.99916,0,0
2015-06-02,23:59:00,0.99916,1.0002,0.99908,0.99963,0,0
2015-06-03,01:00:00,0.9997,1.00038,0.99946,1.00033,0,0
2015-06-03,02:00:00,1.00037,1.00119,1.00024,1.00086,0,0
2015-06-03,03:00:00,1.00086,1.00086,0.99957,1.00005,0,0
2015-06-03,04:00:00,1.00005,1.00066,0.99944,0.99981,0,0
2015-06-03,05:00:00,0.99985,1.00044,0.9996,0.99998,0,0
2015-06-03,06:00:00,0.99992,1.00012,0.99937,0.99969,0,0
2015-06-03,07:00:00,0.99985,1.00067,0.99969,1.00055,0,0
2015-06-03,08:00:00,1.00055,1.00116,1.00002,1.00052,0,0
2015-06-03,09:00:00,1.00052,1.00077,0.99977,0.99989,0,0
2015-06-03,10:00:00,0.99988,1.00056,0.99927,0.99977,0,0
2015-06-03,11:00:00,0.9998,1.00049,0.99944,1.00023,0,0
2015-06-03,12:00:00,1.00023,1.00174,0.99964,1.00165,0,0
2015-06-03,13:00:00,1.00159,1.00159,0.99982,1.00052,0,0
2015-06-03,14:00:00,1.00052,1.0011,0.9993,0.99966,0,0
2015-06-03,15:00:00,0.99965,1.00342,0.99965,1.00287,0,0
2015-06-03,16:00:00,1.00287,1.00319,1.0008,1.00255,0,0
2015-06-03,17:00:00,1.0022,1.00287,0.99968,1.00269,0,0
2015-06-03,18:00:00,1.00269,1.00288,1.00064,1.00226,0,0
2015-06-03,19:00:00,1.00246,1.00257,1.001,1.00115,0,0
2015-06-03,20:00:00,1.00118,1.00257,1.00114,1.00185,0,0
2015-06-03,21:00:00,1.00185,1.00234,1.00115,1.00182,0,0
2015-06-03,22:00:00,1.00182,1.00246,1.00157,1.00225,0,0
2015-06-03,23:00:00,1.00225,1.00274,1.00184,1.00229,0,0
2015-06-03,23:59:00,1.00233,1.00252,1.00181,1.002,0,0
2015-06-04,01:00:00,1.00204,1.00266,1.00169,1.0021,0,0
2015-06-04,02:00:00,1.0021,1.00219,1.00158,1.00204,0,0
2015-06-04,03:00:00,1.00203,1.00203,1.00135,1.00157,0,0
2015-06-04,04:00:00,1.00159,1.00195,1.00035,1.00049,0,0
2015-06-04,05:00:00,1.00049,1.00081,1.00007,1.00021,0,0
2015-06-04,06:00:00,1.00021,1.0009,1.00006,1.00084,0,0
2015-06-04,07:00:00,1.00084,1.00096,1.00041,1.00083,0,0
2015-06-04,08:00:00,1.00076,1.00279,1.00072,1.00246,0,0
2015-06-04,09:00:00,1.00246,1.00478,1.00188,1.00373,0,0
2015-06-04,10:00:00,1.00372,1.00473,1.00323,1.00445,0,0
2015-06-04,11:00:00,1.00441,1.00587,1.00406,1.0041,0,0
2015-06-04,12:00:00,1.00405,1.00477,1.00273,1.00332,0,0
2015-06-04,13:00:00,1.00332,1.00366,1.0024,1.00286,0,0
2015-06-04,14:00:00,1.00288,1.00377,1.00233,1.00337,0,0
2015-06-04,15:00:00,1.00336,1.00398,1.00207,1.00261,0,0
2015-06-04,16:00:00,1.00261,1.00469,1.00254,1.00424,0,0
2015-06-04,17:00:00,1.00415,1.0046,1.00092,1.00112,0,0
2015-06-04,18:00:00,1.00112,1.00261,1.00055,1.00147,0,0
2015-06-04,19:00:00,1.0015,1.00231,1.00096,1.00199,0,0
2015-06-04,20:00:00,1.00199,1.00489,1.00146,1.00435,0,0
2015-06-04,21:00:00,1.00442,1.00513,1.00373,1.00444,0,0
2015-06-04,22:00:00,1.00474,1.00554,1.0043,1.00551,0,0
2015-06-04,23:00:00,1.00549,1.00549,1.0047,1.00513,0,0
2015-06-04,23:59:00,1.00521,1.00538,1.00467,1.00479,0,0
2015-06-05,01:00:00,1.00481,1.00509,1.00458,1.00485,0,0
2015-06-05,02:00:00,1.00485,1.00506,1.00415,1.00465,0,0
2015-06-05,03:00:00,1.00465,1.00466,1.00357,1.00393,0,0
2015-06-05,04:00:00,1.00393,1.00458,1.00367,1.0039,0,0
2015-06-05,05:00:00,1.0039,1.00453,1.00366,1.00442,0,0
2015-06-05,06:00:00,1.00444,1.00445,1.00366,1.00371,0,0
2015-06-05,07:00:00,1.00371,1.00386,1.00337,1.00371,0,0
2015-06-05,08:00:00,1.00379,1.00403,1.00337,1.00348,0,0
2015-06-05,09:00:00,1.00344,1.00436,1.00294,1.00392,0,0
2015-06-05,10:00:00,1.00393,1.00412,1.00303,1.00381,0,0
2015-06-05,11:00:00,1.00381,1.00462,1.00367,1.00391,0,0
2015-06-05,12:00:00,1.00391,1.00418,1.00321,1.00363,0,0
2015-06-05,13:00:00,1.00366,1.00391,1.00264,1.00356,0,0
2015-06-05,14:00:00,1.0035,1.00367,1.00171,1.00181,0,0
2015-06-05,15:00:00,1.00182,1.0024,0.99225,0.99592,0,0
2015-06-05,16:00:00,0.99592,0.9987,0.99581,0.99677,0,0
2015-06-05,17:00:00,0.99677,0.99677,0.99266,0.99269,0,0
2015-06-05,18:00:00,0.9927,0.99469,0.99182,0.99427,0,0
2015-06-05,19:00:00,0.9942,0.99532,0.99409,0.99446,0,0
2015-06-05,20:00:00,0.99444,0.99449,0.99198,0.99242,0,0
2015-06-05,21:00:00,0.99242,0.99256,0.99046,0.99073,0,0
2015-06-05,22:00:00,0.99064,0.9912,0.99007,0.99013,0,0
2015-06-05,23:00:00,0.98999,0.99008,0.98988,0.98992,0,0
2015-06-08,01:00:00,0.99066,0.99106,0.99013,0.99074,0,0
2015-06-08,02:00:00,0.99066,0.99201,0.99056,0.99194,0,0
2015-06-08,03:00:00,0.99192,0.99332,0.99182,0.99314,0,0
2015-06-08,04:00:00,0.99296,0.99423,0.99263,0.99417,0,0
2015-06-08,05:00:00,0.99416,0.99484,0.99368,0.99374,0,0
2015-06-08,06:00:00,0.99374,0.99395,0.99341,0.99356,0,0
2015-06-08,07:00:00,0.99357,0.99371,0.99299,0.99305,0,0
2015-06-08,08:00:00,0.99305,0.99331,0.99222,0.9926,0,0
2015-06-08,09:00:00,0.99264,0.99446,0.99219,0.99372,0,0
2015-06-08,10:00:00,0.99378,0.99462,0.99294,0.99344,0,0
2015-06-08,11:00:00,0.99344,0.99344,0.99162,0.99278,0,0
2015-06-08,12:00:00,0.9928,0.99307,0.99178,0.99271,0,0
2015-06-08,13:00:00,0.99271,0.99333,0.9923,0.99303,0,0
2015-06-08,14:00:00,0.99303,0.99329,0.99243,0.99247,0,0
2015-06-08,15:00:00,0.99247,0.99279,0.99007,0.9918,0,0
2015-06-08,16:00:00,0.99174,0.99276,0.99131,0.99191,0,0
2015-06-08,17:00:00,0.99194,0.99368,0.9916,0.99336,0,0
2015-06-08,18:00:00,0.99336,0.99418,0.99227,0.99404,0,0
2015-06-08,19:00:00,0.99404,0.9951,0.99392,0.99445,0,0
2015-06-08,20:00:00,0.99445,0.99581,0.9943,0.99546,0,0
2015-06-08,21:00:00,0.99546,0.99655,0.99494,0.99571,0,0
2015-06-08,22:00:00,0.99565,0.9971,0.99554,0.99656,0,0
2015-06-08,23:00:00,0.99658,0.99691,0.99569,0.99691,0,0
2015-06-08,23:59:00,0.99692,0.99692,0.99565,0.99592,0,0
2015-06-09,01:00:00,0.99623,0.99682,0.99597,0.99639,0,0
2015-06-09,02:00:00,0.99639,0.99642,0.9958,0.99631,0,0
2015-06-09,03:00:00,0.99631,0.99636,0.99548,0.99628,0,0
2015-06-09,04:00:00,0.99628,0.99693,0.99588,0.99612,0,0
2015-06-09,05:00:00,0.99612,0.99651,0.99595,0.99596,0,0
2015-06-09,06:00:00,0.99597,0.99614,0.99514,0.99514,0,0
2015-06-09,07:00:00,0.9951,0.99548,0.995,0.99522,0,0
2015-06-09,08:00:00,0.99522,0.99665,0.99519,0.9962,0,0
2015-06-09,09:00:00,0.9962,0.998,0.9962,0.99697,0,0
2015-06-09,10:00:00,0.997,0.9989,0.99676,0.99851,0,0
2015-06-09,11:00:00,0.99851,0.99858,0.99761,0.99817,0,0
2015-06-09,12:00:00,0.99816,0.99898,0.99801,0.99878,0,0
2015-06-09,13:00:00,0.99867,1.00007,0.99793,0.99793,0,0
2015-06-09,14:00:00,0.99798,0.99831,0.99473,0.99608,0,0
2015-06-09,15:00:00,0.99609,0.99613,0.99319,0.99389,0,0
2015-06-09,16:00:00,0.99379,0.99453,0.99168,0.99226,0,0
2015-06-09,17:00:00,0.99238,0.99354,0.99053,0.99127,0,0
2015-06-09,18:00:00,0.99136,0.99223,0.99007,0.99198,0,0
2015-06-09,19:00:00,0.99185,0.99238,0.99117,0.99214,0,0
2015-06-09,20:00:00,0.99213,0.99213,0.99105,0.99136,0,0
2015-06-09,21:00:00,0.99136,0.99246,0.99117,0.99202,0,0
2015-06-09,22:00:00,0.99201,0.99288,0.99201,0.99275,0,0
2015-06-09,23:00:00,0.99275,0.99275,0.9906,0.99201,0,0
2015-06-09,23:59:00,0.99201,0.99251,0.99143,0.99246,0,0
2015-06-10,01:00:00,0.9923,0.99243,0.99164,0.99183,0,0
2015-06-10,02:00:00,0.99183,0.99256,0.99174,0.99247,0,0
2015-06-10,03:00:00,0.99247,0.99286,0.99168,0.9922,0,0
2015-06-10,04:00:00,0.9922,0.99248,0.99174,0.99228,0,0
2015-06-10,05:00:00,0.99233,0.99264,0.99163,0.99188,0,0
2015-06-10,06:00:00,0.9919,0.9919,0.99093,0.99105,0,0
2015-06-10,07:00:00,0.99105,1.00298,0.99105,1.00137,0,0
2015-06-10,08:00:00,1.00135,1.00486,1.00029,1.00269,0,0
2015-06-10,09:00:00,1.00269,1.00343,1,1.00051,0,0
2015-06-10,10:00:00,1.00055,1.00169,0.99874,0.99897,0,0
2015-06-10,11:00:00,0.99897,0.99938,0.99692,0.99786,0,0
2015-06-10,12:00:00,0.99797,0.99809,0.99581,0.99723,0,0
2015-06-10,13:00:00,0.99734,0.99744,0.99209,0.99457,0,0
2015-06-10,14:00:00,0.99448,0.99677,0.99405,0.9962,0,0
2015-06-10,15:00:00,0.9962,0.99727,0.99478,0.99645,0,0
2015-06-10,16:00:00,0.99645,0.99658,0.99422,0.9963,0,0
2015-06-10,17:00:00,0.99631,0.99971,0.99607,0.99966,0,0
2015-06-10,18:00:00,0.99958,1.00029,0.99829,0.99962,0,0
2015-06-10,19:00:00,0.99962,1.00037,0.99923,1.00025,0,0
2015-06-10,20:00:00,1.00025,1.00182,1.00025,1.00146,0,0
2015-06-10,21:00:00,1.0014,1.00144,0.99938,0.99952,0,0
2015-06-10,22:00:00,0.9995,1.00031,0.99914,0.99983,0,0
2015-06-10,23:00:00,0.99983,1.00046,0.99884,0.99884,0,0
2015-06-10,23:59:00,0.99881,1.00012,0.99879,0.99967,0,0
2015-06-11,01:00:00,0.9997,0.99971,0.99897,0.99927,0,0
2015-06-11,02:00:00,0.99927,0.9993,0.99871,0.99919,0,0
2015-06-11,03:00:00,0.99919,0.99919,0.99769,0.99774,0,0
2015-06-11,04:00:00,0.99776,0.99893,0.99721,0.99734,0,0
2015-06-11,05:00:00,0.99726,0.99828,0.99682,0.99707,0,0
2015-06-11,06:00:00,0.99707,0.99758,0.99689,0.99705,0,0
2015-06-11,07:00:00,0.99705,0.99806,0.99615,0.99631,0,0
2015-06-11,08:00:00,0.99629,0.99683,0.99586,0.99658,0,0
2015-06-11,09:00:00,0.99658,0.99723,0.99594,0.99664,0,0
2015-06-11,10:00:00,0.99671,0.99741,0.99552,0.99563,0,0
2015-06-11,11:00:00,0.99565,0.99673,0.99549,0.99579,0,0
2015-06-11,12:00:00,0.99584,0.99584,0.99471,0.99555,0,0
2015-06-11,13:00:00,0.99555,0.99579,0.99435,0.99516,0,0
2015-06-11,14:00:00,0.99516,0.99618,0.99467,0.99616,0,0
2015-06-11,15:00:00,0.99612,0.99657,0.99419,0.99576,0,0
2015-06-11,16:00:00,0.99578,0.99593,0.99434,0.99496,0,0
2015-06-11,17:00:00,0.995,0.9961,0.99476,0.99487,0,0
2015-06-11,18:00:00,0.99491,0.99618,0.99477,0.99608,0,0
2015-06-11,19:00:00,0.996,0.99693,0.99562,0.99653,0,0
2015-06-11,20:00:00,0.99659,0.99722,0.99564,0.99594,0,0
2015-06-11,21:00:00,0.99594,0.9962,0.99475,0.99518,0,0
2015-06-11,22:00:00,0.99517,0.99547,0.99419,0.99481,0,0
2015-06-11,23:00:00,0.99484,0.99631,0.99468,0.99591,0,0
2015-06-11,23:59:00,0.99606,0.99621,0.9954,0.99597,0,0
2015-06-12,01:00:00,0.9959,0.99618,0.99503,0.99543,0,0
2015-06-12,02:00:00,0.99543,0.99565,0.99435,0.99476,0,0
2015-06-12,03:00:00,0.99472,0.99554,0.99434,0.99549,0,0
2015-06-12,04:00:00,0.99549,0.99559,0.99445,0.99477,0,0
2015-06-12,05:00:00,0.99475,0.99518,0.99463,0.99495,0,0
2015-06-12,06:00:00,0.99496,0.9951,0.99439,0.99468,0,0
2015-06-12,07:00:00,0.99469,0.99655,0.99456,0.99546,0,0
2015-06-12,08:00:00,0.99547,0.99585,0.99483,0.99527,0,0
2015-06-12,09:00:00,0.99526,0.99551,0.9947,0.99532,0,0
2015-06-12,10:00:00,0.99531,0.99531,0.99422,0.99475,0,0
2015-06-12,11:00:00,0.9948,0.99689,0.99422,0.99595,0,0
2015-06-12,12:00:00,0.99605,0.99648,0.99512,0.99555,0,0
2015-06-12,13:00:00,0.99556,0.99559,0.99334,0.99345,0,0
2015-06-12,14:00:00,0.99345,0.99495,0.99336,0.99473,0,0
2015-06-12,15:00:00,0.99474,0.99601,0.99456,0.99587,0,0
2015-06-12,16:00:00,0.99606,0.99826,0.9958,0.99811,0,0
2015-06-12,17:00:00,0.99812,0.99967,0.99761,0.99781,0,0
2015-06-12,18:00:00,0.99793,0.99883,0.99749,0.99858,0,0
2015-06-12,19:00:00,0.99853,0.99873,0.99773,0.99784,0,0
2015-06-12,20:00:00,0.99781,0.99856,0.99722,0.99723,0,0
2015-06-12,21:00:00,0.99723,0.99844,0.99721,0.99837,0,0
2015-06-12,22:00:00,0.99836,0.99874,0.99736,0.99767,0,0
2015-06-12,23:00:00,0.99773,0.99773,0.99737,0.99746,0,0
2015-06-15,01:00:00,0.99939,0.99939,0.99822,0.99856,0,0
2015-06-15,02:00:00,0.99856,0.99902,0.99839,0.99868,0,0
2015-06-15,03:00:00,0.99868,0.99868,0.99768,0.99776,0,0
2015-06-15,04:00:00,0.99781,0.99859,0.99763,0.9985,0,0
2015-06-15,05:00:00,0.99848,0.99896,0.99839,0.99857,0,0
2015-06-15,06:00:00,0.99854,0.99925,0.99832,0.99905,0,0
2015-06-15,07:00:00,0.99905,0.99938,0.99879,0.99897,0,0
2015-06-15,08:00:00,0.99897,0.99903,0.99847,0.99859,0,0
2015-06-15,09:00:00,0.99859,0.99913,0.99788,0.99799,0,0
2015-06-15,10:00:00,0.99799,0.99839,0.99714,0.99785,0,0
2015-06-15,11:00:00,0.99785,0.99908,0.99784,0.99908,0,0
2015-06-15,12:00:00,0.99911,0.99953,0.99867,0.99937,0,0
2015-06-15,13:00:00,0.9994,0.99981,0.99922,0.99945,0,0
2015-06-15,14:00:00,0.99946,1.00046,0.99884,1.00038,0,0
2015-06-15,15:00:00,1.00039,1.00075,0.99885,1.00064,0,0
2015-06-15,16:00:00,1.00057,1.001,0.99921,0.99987,0,0
2015-06-15,17:00:00,0.99981,1.00005,0.99822,0.99888,0,0
2015-06-15,18:00:00,0.99887,0.99933,0.99833,0.99861,0,0
2015-06-15,19:00:00,0.99861,0.99869,0.99673,0.99713,0,0
2015-06-15,20:00:00,0.9971,0.99737,0.99604,0.99723,0,0
2015-06-15,21:00:00,0.99726,0.9985,0.99726,0.99843,0,0
2015-06-15,22:00:00,0.99843,0.99886,0.99777,0.99823,0,0
2015-06-15,23:00:00,0.99818,0.9987,0.99744,0.99856,0,0
2015-06-15,23:59:00,0.99854,0.99872,0.99795,0.99834,0,0
2015-06-16,01:00:00,0.99832,0.99873,0.99775,0.99776,0,0
2015-06-16,02:00:00,0.99773,0.99814,0.99765,0.99786,0,0
2015-06-16,03:00:00,0.99788,0.99848,0.9977,0.9984,0,0
2015-06-16,04:00:00,0.9984,0.99904,0.9959,0.99701,0,0
2015-06-16,05:00:00,0.99702,0.99731,0.99635,0.99705,0,0
2015-06-16,06:00:00,0.99705,0.9973,0.99659,0.9969,0,0
2015-06-16,07:00:00,0.99689,0.99697,0.99633,0.99642,0,0
2015-06-16,08:00:00,0.99642,0.99715,0.99641,0.99663,0,0
2015-06-16,09:00:00,0.99661,0.9975,0.99637,0.9964,0,0
2015-06-16,10:00:00,0.9964,0.9994,0.99631,0.99892,0,0
2015-06-16,11:00:00,0.99884,0.99929,0.99794,0.99817,0,0
2015-06-16,12:00:00,0.99817,0.99923,0.9979,0.99896,0,0
2015-06-16,13:00:00,0.99896,0.99952,0.99853,0.99904,0,0
2015-06-16,14:00:00,0.99904,0.99954,0.99844,0.99915,0,0
2015-06-16,15:00:00,0.99917,1.00006,0.99906,0.99944,0,0
2015-06-16,16:00:00,0.99944,1.00002,0.99757,0.9977,0,0
2015-06-16,17:00:00,0.9977,0.99957,0.99765,0.99921,0,0
2015-06-16,18:00:00,0.99919,0.99954,0.99825,0.99917,0,0
2015-06-16,19:00:00,0.99917,1.00056,0.99917,0.99978,0,0
2015-06-16,20:00:00,0.99978,1.00008,0.99844,0.99847,0,0
2015-06-16,21:00:00,0.99847,0.99912,0.99783,0.99829,0,0
2015-06-16,22:00:00,0.99829,0.9986,0.99763,0.99781,0,0
2015-06-16,23:00:00,0.99797,0.99799,0.99579,0.99675,0,0
2015-06-16,23:59:00,0.99664,0.99668,0.99575,0.99639,0,0
2015-06-17,01:00:00,0.99639,0.99659,0.99592,0.99621,0,0
2015-06-17,02:00:00,0.99621,0.99634,0.99587,0.996,0,0
2015-06-17,03:00:00,0.99589,0.99644,0.99589,0.99604,0,0
2015-06-17,04:00:00,0.99603,0.99639,0.99576,0.99623,0,0
2015-06-17,05:00:00,0.99625,0.99644,0.99593,0.99608,0,0
2015-06-17,06:00:00,0.99608,0.99642,0.99582,0.99593,0,0
2015-06-17,07:00:00,0.99593,0.99629,0.99566,0.99585,0,0
2015-06-17,08:00:00,0.99585,0.99589,0.99496,0.99565,0,0
2015-06-17,09:00:00,0.99558,0.99673,0.99518,0.99661,0,0
2015-06-17,10:00:00,0.99657,0.99749,0.99588,0.99683,0,0
2015-06-17,11:00:00,0.99683,0.99748,0.99525,0.99545,0,0
2015-06-17,12:00:00,0.99546,0.99561,0.99375,0.99379,0,0
2015-06-17,13:00:00,0.99379,0.99413,0.99289,0.99375,0,0
2015-06-17,14:00:00,0.99371,0.99411,0.99287,0.99344,0,0
2015-06-17,15:00:00,0.99345,0.994,0.99252,0.99349,0,0
2015-06-17,16:00:00,0.9935,0.9935,0.99207,0.99216,0,0
2015-06-17,17:00:00,0.99212,0.99291,0.9907,0.99166,0,0
2015-06-17,18:00:00,0.99163,0.99163,0.99045,0.99048,0,0
2015-06-17,19:00:00,0.99048,0.99169,0.99048,0.99142,0,0
2015-06-17,20:00:00,0.99143,0.99218,0.99109,0.99126,0,0
2015-06-17,21:00:00,0.99093,0.99269,0.99016,0.99118,0,0
2015-06-17,22:00:00,0.99113,0.99241,0.99106,0.9914,0,0
2015-06-17,23:00:00,0.99149,0.99178,0.99058,0.99062,0,0
2015-06-17,23:59:00,0.99063,0.99147,0.99059,0.9909,0,0
2015-06-18,01:00:00,0.99089,0.99094,0.99029,0.99069,0,0
2015-06-18,02:00:00,0.99075,0.9909,0.9896,0.98982,0,0
2015-06-18,03:00:00,0.98984,0.99136,0.98984,0.99123,0,0
2015-06-18,04:00:00,0.99126,0.99298,0.99115,0.99255,0,0
2015-06-18,05:00:00,0.99254,0.99344,0.9922,0.99338,0,0
2015-06-18,06:00:00,0.99339,0.99343,0.9927,0.99333,0,0
2015-06-18,07:00:00,0.99329,0.99372,0.99311,0.9933,0,0
2015-06-18,08:00:00,0.99327,0.99476,0.99319,0.99443,0,0
2015-06-18,09:00:00,0.99443,0.99475,0.9929,0.99296,0,0
2015-06-18,10:00:00,0.99294,0.99372,0.99253,0.99315,0,0
2015-06-18,11:00:00,0.99313,0.99333,0.99093,0.99152,0,0
2015-06-18,12:00:00,0.99152,0.99264,0.99119,0.99163,0,0
2015-06-18,13:00:00,0.99163,0.99241,0.991,0.99151,0,0
2015-06-18,14:00:00,0.99158,0.99214,0.99071,0.99074,0,0
2015-06-18,15:00:00,0.99074,0.99114,0.98857,0.98976,0,0
2015-06-18,16:00:00,0.98976,0.99128,0.98869,0.98982,0,0
2015-06-18,17:00:00,0.98972,0.99177,0.98921,0.99171,0,0
2015-06-18,18:00:00,0.99182,0.99345,0.9914,0.99345,0,0
2015-06-18,19:00:00,0.99348,0.99408,0.99173,0.99389,0,0
2015-06-18,20:00:00,0.99388,0.99535,0.99376,0.99425,0,0
2015-06-18,21:00:00,0.99425,0.99456,0.99395,0.99439,0,0
2015-06-18,22:00:00,0.99442,0.99575,0.99417,0.99496,0,0
2015-06-18,23:00:00,0.99501,0.99515,0.99405,0.99405,0,0
2015-06-18,23:59:00,0.99405,0.99477,0.99392,0.99439,0,0
2015-06-19,01:00:00,0.99431,0.99453,0.99388,0.994,0,0
2015-06-19,02:00:00,0.99404,0.99424,0.99351,0.994,0,0
2015-06-19,03:00:00,0.994,0.99447,0.99361,0.9943,0,0
2015-06-19,04:00:00,0.99429,0.99471,0.99396,0.99426,0,0
2015-06-19,05:00:00,0.99424,0.99478,0.99403,0.99412,0,0
2015-06-19,06:00:00,0.99412,0.99469,0.99357,0.99409,0,0
2015-06-19,07:00:00,0.9941,0.99444,0.9936,0.99402,0,0
2015-06-19,08:00:00,0.99406,0.99421,0.99272,0.99287,0,0
2015-06-19,09:00:00,0.99287,0.99379,0.99287,0.99377,0,0
2015-06-19,10:00:00,0.99377,0.99497,0.99286,0.9931,0,0
2015-06-19,11:00:00,0.9931,0.99361,0.99182,0.99329,0,0
2015-06-19,12:00:00,0.99338,0.99382,0.99311,0.99359,0,0
2015-06-19,13:00:00,0.99361,0.99436,0.99349,0.99431,0,0
2015-06-19,14:00:00,0.99432,0.99585,0.99418,0.99541,0,0
2015-06-19,15:00:00,0.99541,0.9989,0.99444,0.99876,0,0
2015-06-19,16:00:00,0.99877,1.00012,0.99835,0.99959,0,0
2015-06-19,17:00:00,0.9996,1.00226,0.99927,1.00052,0,0
2015-06-19,18:00:00,1.00049,1.00141,0.99993,1.00059,0,0
2015-06-19,19:00:00,1.00059,1.00135,1.00059,1.00123,0,0
2015-06-19,20:00:00,1.00131,1.00156,0.99989,1.00021,0,0
2015-06-19,21:00:00,1.00024,1.00033,0.99934,0.99947,0,0
2015-06-19,22:00:00,0.99947,1.00031,0.99947,0.99961,0,0
2015-06-19,23:00:00,0.99938,0.99958,0.99936,0.99956,0,0
2015-06-22,01:00:00,0.99784,0.99962,0.99784,0.99924,0,0
2015-06-22,02:00:00,0.99924,1.00011,0.99904,0.9999,0,0
2015-06-22,03:00:00,0.99989,1.00035,0.99915,1.00016,0,0
2015-06-22,04:00:00,1.00016,1.00027,0.99927,0.99932,0,0
2015-06-22,05:00:00,0.99923,0.99968,0.99848,0.99848,0,0
2015-06-22,06:00:00,0.99848,0.99871,0.99826,0.9987,0,0
2015-06-22,07:00:00,0.9987,0.9988,0.99802,0.99844,0,0
2015-06-22,08:00:00,0.99844,0.99869,0.99787,0.99808,0,0
2015-06-22,09:00:00,0.99804,0.99816,0.99661,0.99734,0,0
2015-06-22,10:00:00,0.99732,0.99739,0.99573,0.99619,0,0
2015-06-22,11:00:00,0.99619,0.99698,0.99608,0.99663,0,0
2015-06-22,12:00:00,0.99663,0.9968,0.99489,0.9949,0,0
2015-06-22,13:00:00,0.99491,0.99505,0.99194,0.99321,0,0
2015-06-22,14:00:00,0.99321,0.99337,0.99179,0.99206,0,0
2015-06-22,15:00:00,0.99206,0.9953,0.99201,0.99485,0,0
2015-06-22,16:00:00,0.99484,0.99703,0.99373,0.99662,0,0
2015-06-22,17:00:00,0.99672,0.99735,0.9959,0.99659,0,0
2015-06-22,18:00:00,0.99649,0.998,0.99594,0.99676,0,0
2015-06-22,19:00:00,0.99676,0.99931,0.99637,0.99861,0,0
2015-06-22,20:00:00,0.99861,0.99899,0.99795,0.99862,0,0
2015-06-22,21:00:00,0.99862,0.99872,0.99744,0.99831,0,0
2015-06-22,22:00:00,0.99831,0.99929,0.9981,0.99919,0,0
2015-06-22,23:00:00,0.99917,0.99917,0.99768,0.99783,0,0
2015-06-22,23:59:00,0.99788,0.99862,0.99768,0.99816,0,0
2015-06-23,01:00:00,0.99821,0.99836,0.99788,0.99817,0,0
2015-06-23,02:00:00,0.99818,0.99822,0.99772,0.99785,0,0
2015-06-23,03:00:00,0.99784,0.99846,0.99774,0.99827,0,0
2015-06-23,04:00:00,0.99824,0.99824,0.99716,0.99722,0,0
2015-06-23,05:00:00,0.99725,0.99839,0.99725,0.99765,0,0
2015-06-23,06:00:00,0.99762,0.9983,0.9976,0.99769,0,0
2015-06-23,07:00:00,0.99768,0.99797,0.99705,0.99716,0,0
2015-06-23,08:00:00,0.99716,0.99752,0.99692,0.9975,0,0
2015-06-23,09:00:00,0.99756,0.9978,0.99696,0.99725,0,0
2015-06-23,10:00:00,0.99723,0.99805,0.99674,0.99778,0,0
2015-06-23,11:00:00,0.99784,0.99829,0.99735,0.99756,0,0
2015-06-23,12:00:00,0.99755,0.99825,0.99735,0.99769,0,0
2015-06-23,13:00:00,0.99769,0.99822,0.99735,0.99787,0,0
2015-06-23,14:00:00,0.9979,0.99813,0.99662,0.99696,0,0
2015-06-23,15:00:00,0.99696,0.99708,0.99427,0.99503,0,0
2015-06-23,16:00:00,0.99492,0.99733,0.99464,0.99624,0,0
2015-06-23,17:00:00,0.99633,0.99661,0.9945,0.99575,0,0
2015-06-23,18:00:00,0.9957,0.99651,0.99488,0.99636,0,0
2015-06-23,19:00:00,0.99643,0.99669,0.99506,0.99574,0,0
2015-06-23,20:00:00,0.99578,0.99715,0.99568,0.9963,0,0
2015-06-23,21:00:00,0.9963,0.99671,0.9951,0.99543,0,0
2015-06-23,22:00:00,0.99543,0.99553,0.99467,0.99534,0,0
2015-06-23,23:00:00,0.99525,0.9954,0.99459,0.99459,0,0
2015-06-23,23:59:00,0.99459,0.99545,0.99442,0.99513,0,0
2015-06-24,01:00:00,0.99501,0.99514,0.99462,0.99478,0,0
2015-06-24,02:00:00,0.99478,0.99534,0.99471,0.99489,0,0
2015-06-24,03:00:00,0.99489,0.99535,0.99471,0.99497,0,0
2015-06-24,04:00:00,0.99489,0.99521,0.99457,0.99511,0,0
2015-06-24,05:00:00,0.99511,0.99534,0.99445,0.99447,0,0
2015-06-24,06:00:00,0.99446,0.99479,0.99442,0.99457,0,0
2015-06-24,07:00:00,0.99458,0.99493,0.99424,0.99453,0,0
2015-06-24,08:00:00,0.99457,0.99467,0.99383,0.99428,0,0
2015-06-24,09:00:00,0.99425,0.99542,0.99422,0.99492,0,0
2015-06-24,10:00:00,0.99492,0.99498,0.99329,0.99342,0,0
2015-06-24,11:00:00,0.99343,0.99398,0.99162,0.99206,0,0
2015-06-24,12:00:00,0.99202,0.99368,0.99147,0.99327,0,0
2015-06-24,13:00:00,0.99327,0.99376,0.99246,0.99276,0,0
2015-06-24,14:00:00,0.99275,0.99363,0.99255,0.99348,0,0
2015-06-24,15:00:00,0.99346,0.99492,0.99282,0.99469,0,0
2015-06-24,16:00:00,0.99472,0.99699,0.99457,0.99629,0,0
2015-06-24,17:00:00,0.99625,0.99924,0.99625,0.99693,0,0
2015-06-24,18:00:00,0.99687,0.99944,0.99687,0.99913,0,0
2015-06-24,19:00:00,0.99913,0.9996,0.99845,0.99901,0,0
2015-06-24,20:00:00,0.99902,1.00065,0.99868,1.00046,0,0
2015-06-24,21:00:00,1.00046,1.00152,1.00027,1.00072,0,0
2015-06-24,22:00:00,1.00078,1.00104,1.00023,1.00094,0,0
2015-06-24,23:00:00,1.00097,1.00114,0.99965,0.99982,0,0
2015-06-24,23:59:00,0.99982,0.99998,0.99948,0.99972,0,0
2015-06-25,01:00:00,0.99978,1.00023,0.99951,1.00008,0,0
2015-06-25,02:00:00,1.00008,1.00027,0.99976,1,0,0
2015-06-25,03:00:00,1.00001,1.00025,0.99961,1.00007,0,0
2015-06-25,04:00:00,1.00007,1.00018,0.99962,1.00013,0,0
2015-06-25,05:00:00,1.00011,1.00086,0.99998,1.00071,0,0
2015-06-25,06:00:00,1.00073,1.0017,1.00045,1.00086,0,0
2015-06-25,07:00:00,1.00085,1.00156,1.00071,1.00103,0,0
2015-06-25,08:00:00,1.00103,1.00201,1.001,1.00197,0,0
2015-06-25,09:00:00,1.00202,1.00214,1.00141,1.00172,0,0
2015-06-25,10:00:00,1.00172,1.00195,1.00106,1.00141,0,0
2015-06-25,11:00:00,1.00142,1.00179,1.00019,1.00094,0,0
2015-06-25,12:00:00,1.00099,1.00384,1.0007,1.00305,0,0
2015-06-25,13:00:00,1.00307,1.00327,1.00036,1.00163,0,0
2015-06-25,14:00:00,1.00161,1.00202,1.00099,1.00172,0,0
2015-06-25,15:00:00,1.00174,1.00239,1.001,1.00146,0,0
2015-06-25,16:00:00,1.00144,1.00144,0.99792,0.99792,0,0
2015-06-25,17:00:00,0.99798,0.99948,0.99753,0.99831,0,0
2015-06-25,18:00:00,0.99834,0.99919,0.99806,0.99871,0,0
2015-06-25,19:00:00,0.99873,0.99962,0.99845,0.99896,0,0
2015-06-25,20:00:00,0.99896,0.99944,0.99816,0.99816,0,0
2015-06-25,21:00:00,0.99816,0.99837,0.9966,0.99663,0,0
2015-06-25,22:00:00,0.9966,0.99727,0.99639,0.99688,0,0
2015-06-25,23:00:00,0.99688,0.99723,0.99611,0.99703,0,0
2015-06-25,23:59:00,0.99703,0.99741,0.99669,0.99711,0,0
2015-06-26,01:00:00,0.99713,0.99792,0.99706,0.9979,0,0
2015-06-26,02:00:00,0.99788,0.99804,0.99756,0.99782,0,0
2015-06-26,03:00:00,0.99777,0.99896,0.99769,0.99871,0,0
2015-06-26,04:00:00,0.99871,1.00036,0.99843,1.0002,0,0
2015-06-26,05:00:00,1.00021,1.0012,0.99999,1.00084,0,0
2015-06-26,06:00:00,1.00086,1.00086,1.00016,1.00032,0,0
2015-06-26,07:00:00,1.00035,1.00045,0.99978,1.00013,0,0
2015-06-26,08:00:00,1.00012,1.0009,1.00001,1.0003,0,0
2015-06-26,09:00:00,1.0003,1.00092,0.99944,1.00092,0,0
2015-06-26,10:00:00,1.00092,1.00147,1.00049,1.00144,0,0
2015-06-26,11:00:00,1.00143,1.002,1.00087,1.00098,0,0
2015-06-26,12:00:00,1.00092,1.00156,1.00075,1.0013,0,0
2015-06-26,13:00:00,1.0013,1.0013,0.99938,1.00019,0,0
2015-06-26,14:00:00,1.0002,1.00058,0.99897,0.99957,0,0
2015-06-26,15:00:00,0.99957,1.00029,0.99877,0.99881,0,0
2015-06-26,16:00:00,0.99893,1.00103,0.99727,0.99762,0,0
2015-06-26,17:00:00,0.99759,0.99919,0.99743,0.99919,0,0
2015-06-26,18:00:00,0.99913,0.99914,0.99672,0.99726,0,0
2015-06-26,19:00:00,0.99726,0.99749,0.996,0.99637,0,0
2015-06-26,20:00:00,0.99637,0.99657,0.99478,0.99522,0,0
2015-06-26,21:00:00,0.99522,0.99565,0.99473,0.99494,0,0
2015-06-26,22:00:00,0.99494,0.99523,0.99453,0.99488,0,0
2015-06-26,23:00:00,0.99486,0.99492,0.99486,0.99492,0,0
2015-06-29,01:00:00,1.00597,1.0114,1.00597,1.00768,0,0
2015-06-29,02:00:00,1.00768,1.00805,1.0063,1.00759,0,0
2015-06-29,03:00:00,1.00763,1.00875,1.00276,1.00377,0,0
2015-06-29,04:00:00,1.00378,1.00396,1.00184,1.00239,0,0
2015-06-29,05:00:00,1.00236,1.00279,1.00197,1.00244,0,0
2015-06-29,06:00:00,1.00237,1.00446,1.00234,1.00343,0,0
2015-06-29,07:00:00,1.00341,1.00626,1.00322,1.00573,0,0
2015-06-29,08:00:00,1.00572,1.00801,1.00537,1.00691,0,0
2015-06-29,09:00:00,1.00692,1.00774,1.00214,1.00225,0,0
2015-06-29,10:00:00,1.00226,1.00317,1.00186,1.0027,0,0
2015-06-29,11:00:00,1.0027,1.00408,1.00147,1.00265,0,0
2015-06-29,12:00:00,1.00264,1.00552,1.00247,1.00539,0,0
2015-06-29,13:00:00,1.00533,1.00703,1.00517,1.00602,0,0
2015-06-29,14:00:00,1.00602,1.0075,1.00397,1.00495,0,0
2015-06-29,15:00:00,1.00498,1.00691,1.00457,1.00616,0,0
2015-06-29,16:00:00,1.00616,1.00866,1.00603,1.00713,0,0
2015-06-29,17:00:00,1.00719,1.01075,1.00661,1.0095,0,0
2015-06-29,18:00:00,1.00943,1.01102,1.00878,1.01056,0,0
2015-06-29,19:00:00,1.01056,1.01283,1.01031,1.01221,0,0
2015-06-29,20:00:00,1.01204,1.01208,1.01068,1.01118,0,0
2015-06-29,21:00:00,1.01118,1.01119,1.00954,1.01031,0,0
2015-06-29,22:00:00,1.01028,1.01172,1.00984,1.01148,0,0
2015-06-29,23:00:00,1.01147,1.01242,1.0112,1.01212,0,0
2015-06-29,23:59:00,1.01224,1.01241,1.01144,1.01185,0,0
2015-06-30,01:00:00,1.01177,1.01231,1.01169,1.01213,0,0
2015-06-30,02:00:00,1.01213,1.01222,1.01149,1.01197,0,0
2015-06-30,03:00:00,1.01196,1.0144,1.01151,1.0141,0,0
2015-06-30,04:00:00,1.0141,1.0144,1.01336,1.01379,0,0
2015-06-30,05:00:00,1.01379,1.01619,1.01379,1.01619,0,0
2015-06-30,06:00:00,1.01619,1.01619,1.01374,1.0141,0,0
2015-06-30,07:00:00,1.01418,1.01418,1.01299,1.01366,0,0
2015-06-30,08:00:00,1.01372,1.01413,1.01296,1.0135,0,0
2015-06-30,09:00:00,1.01348,1.01348,1.01196,1.01325,0,0
2015-06-30,10:00:00,1.01329,1.01569,1.01289,1.01432,0,0
2015-06-30,11:00:00,1.01428,1.01702,1.01406,1.01616,0,0
2015-06-30,12:00:00,1.01595,1.01609,1.01222,1.01245,0,0
2015-06-30,13:00:00,1.01245,1.01274,1.01004,1.01139,0,0
2015-06-30,14:00:00,1.0114,1.0123,1.01024,1.01071,0,0
2015-06-30,15:00:00,1.01078,1.01563,1.00961,1.01482,0,0
2015-06-30,16:00:00,1.01485,1.01738,1.01459,1.01671,0,0
2015-06-30,17:00:00,1.01671,1.02088,1.01599,1.02009,0,0
2015-06-30,18:00:00,1.02009,1.02176,1.01953,1.02157,0,0
2015-06-30,19:00:00,1.02147,1.0239,1.0208,1.02226,0,0
2015-06-30,20:00:00,1.0222,1.02283,1.02071,1.02089,0,0
2015-06-30,21:00:00,1.02083,1.02208,1.0194,1.02118,0,0
2015-06-30,22:00:00,1.02107,1.02143,1.01974,1.02026,0,0
2015-06-30,23:00:00,1.02037,1.02116,1.0198,1.01995,0,0
2015-06-30,23:59:00,1.01997,1.0207,1.01892,1.02033,0,0
2015-07-01,01:00:00,1.0204,1.02056,1.01965,1.01971,0,0
2015-07-01,02:00:00,1.01971,1.02013,1.01898,1.01938,0,0
2015-07-01,03:00:00,1.01942,1.01957,1.01797,1.01935,0,0
2015-07-01,04:00:00,1.01935,1.01978,1.01857,1.01955,0,0
2015-07-01,05:00:00,1.01955,1.02002,1.01921,1.01993,0,0
2015-07-01,06:00:00,1.01986,1.02024,1.01959,1.0198,0,0
2015-07-01,07:00:00,1.01979,1.02064,1.01955,1.0204,0,0
2015-07-01,08:00:00,1.02047,1.02047,1.01919,1.01925,0,0
2015-07-01,09:00:00,1.01925,1.01966,1.0184,1.01913,0,0
2015-07-01,10:00:00,1.01915,1.02009,1.0189,1.0193,0,0
2015-07-01,11:00:00,1.01928,1.02007,1.01768,1.01768,0,0
2015-07-01,12:00:00,1.01771,1.01851,1.01518,1.0182,0,0
2015-07-01,13:00:00,1.0182,1.01909,1.01763,1.01846,0,0
2015-07-01,14:00:00,1.01845,1.0189,1.01781,1.01817,0,0
2015-07-01,15:00:00,1.01817,1.01964,1.01762,1.01941,0,0
2015-07-01,16:00:00,1.01941,1.02003,1.0184,1.019,0,0
2015-07-01,17:00:00,1.01916,1.02083,1.01849,1.02017,0,0
2015-07-01,18:00:00,1.0202,1.0216,1.01994,1.02099,0,0
2015-07-01,19:00:00,1.02097,1.02161,1.0203,1.0214,0,0
2015-07-01,20:00:00,1.02142,1.02238,1.02102,1.02224,0,0
2015-07-01,21:00:00,1.02228,1.02278,1.02166,1.02225,0,0
2015-07-01,22:00:00,1.0222,1.02223,1.02165,1.02186,0,0
2015-07-01,23:00:00,1.02179,1.0226,1.02165,1.02208,0,0
2015-07-01,23:59:00,1.02208,1.02244,1.02119,1.0217,0,0
2015-07-02,01:00:00,1.02186,1.02231,1.02151,1.02172,0,0
2015-07-02,02:00:00,1.0217,1.02179,1.02082,1.0209,0,0
2015-07-02,03:00:00,1.02084,1.02108,1.02039,1.02061,0,0
2015-07-02,04:00:00,1.02061,1.02074,1.01962,1.01968,0,0
2015-07-02,05:00:00,1.01968,1.02031,1.01953,1.02023,0,0
2015-07-02,06:00:00,1.02024,1.02049,1.01999,1.02033,0,0
2015-07-02,07:00:00,1.02032,1.02055,1.0199,1.02026,0,0
2015-07-02,08:00:00,1.02023,1.02056,1.01993,1.02038,0,0
2015-07-02,09:00:00,1.02038,1.02065,1.01973,1.02003,0,0
2015-07-02,10:00:00,1.02003,1.02099,1.01985,1.02031,0,0
2015-07-02,11:00:00,1.0202,1.02174,1.01989,1.02168,0,0
2015-07-02,12:00:00,1.02169,1.02293,1.02163,1.02194,0,0
2015-07-02,13:00:00,1.02194,1.02261,1.02083,1.02225,0,0
2015-07-02,14:00:00,1.02222,1.02222,1.01983,1.02176,0,0
2015-07-02,15:00:00,1.02174,1.02326,1.01977,1.02137,0,0
2015-07-02,16:00:00,1.02137,1.02264,1.0208,1.02203,0,0
2015-07-02,17:00:00,1.02203,1.02242,1.02074,1.02074,0,0
2015-07-02,18:00:00,1.02074,1.02163,1.02042,1.0205,0,0
2015-07-02,19:00:00,1.0205,1.02061,1.01868,1.01902,0,0
2015-07-02,20:00:00,1.01901,1.02037,1.01896,1.02015,0,0
2015-07-02,21:00:00,1.02016,1.0209,1.01996,1.02052,0,0
2015-07-02,22:00:00,1.02055,1.02055,1.01908,1.01955,0,0
2015-07-02,23:00:00,1.01954,1.01986,1.01882,1.0191,0,0
2015-07-02,23:59:00,1.01898,1.01935,1.01872,1.01915,0,0
2015-07-03,01:00:00,1.01924,1.01974,1.01909,1.01913,0,0
2015-07-03,02:00:00,1.01914,1.01957,1.01914,1.0195,0,0
2015-07-03,03:00:00,1.0195,1.02122,1.0194,1.02005,0,0
2015-07-03,04:00:00,1.02005,1.02158,1.0199,1.02144,0,0
2015-07-03,05:00:00,1.02144,1.02154,1.02019,1.02026,0,0
2015-07-03,06:00:00,1.02025,1.02074,1.02003,1.02057,0,0
2015-07-03,07:00:00,1.02057,1.0206,1.01993,1.01993,0,0
2015-07-03,08:00:00,1.01993,1.02003,1.01926,1.01965,0,0
2015-07-03,09:00:00,1.01965,1.02067,1.01933,1.01999,0,0
2015-07-03,10:00:00,1.01998,1.02034,1.01929,1.01971,0,0
2015-07-03,11:00:00,1.01971,1.02148,1.01947,1.02067,0,0
2015-07-03,12:00:00,1.02067,1.02169,1.0205,1.02118,0,0
2015-07-03,13:00:00,1.0211,1.02194,1.02095,1.02106,0,0
2015-07-03,14:00:00,1.02105,1.02273,1.02088,1.02268,0,0
2015-07-03,15:00:00,1.02268,1.02609,1.02268,1.0249,0,0
2015-07-03,16:00:00,1.02488,1.02684,1.02476,1.02657,0,0
2015-07-03,17:00:00,1.02658,1.02714,1.02434,1.02452,0,0
2015-07-03,18:00:00,1.02448,1.02578,1.024,1.02486,0,0
2015-07-03,19:00:00,1.0249,1.0249,1.02364,1.02421,0,0
2015-07-03,20:00:00,1.02421,1.02455,1.02278,1.02346,0,0
2015-07-03,21:00:00,1.02346,1.02349,1.02208,1.02243,0,0
2015-07-03,22:00:00,1.02243,1.02382,1.02226,1.02335,0,0
2015-07-03,23:00:00,1.02335,1.02337,1.02299,1.02322,0,0
2015-07-06,01:00:00,1.0333,1.03435,1.02836,1.02941,0,0
2015-07-06,02:00:00,1.0294,1.03049,1.02902,1.0303,0,0
2015-07-06,03:00:00,1.03034,1.03038,1.02781,1.02879,0,0
2015-07-06,04:00:00,1.02879,1.02932,1.02687,1.02788,0,0
2015-07-06,05:00:00,1.02788,1.02917,1.02781,1.02901,0,0
2015-07-06,06:00:00,1.02901,1.02991,1.02859,1.02971,0,0
2015-07-06,07:00:00,1.02971,1.03111,1.02961,1.03092,0,0
2015-07-06,08:00:00,1.03092,1.03236,1.02796,1.02943,0,0
2015-07-06,09:00:00,1.02943,1.02968,1.02652,1.02652,0,0
2015-07-06,10:00:00,1.02655,1.02782,1.02487,1.02507,0,0
2015-07-06,11:00:00,1.02507,1.02779,1.02502,1.02731,0,0
2015-07-06,12:00:00,1.02731,1.02793,1.02708,1.02741,0,0
2015-07-06,13:00:00,1.02741,1.02919,1.0272,1.0287,0,0
2015-07-06,14:00:00,1.02871,1.02943,1.02723,1.02936,0,0
2015-07-06,15:00:00,1.02945,1.03086,1.02861,1.03052,0,0
2015-07-06,16:00:00,1.03052,1.03242,1.03052,1.0309,0,0
2015-07-06,17:00:00,1.03109,1.03153,1.02748,1.02907,0,0
2015-07-06,18:00:00,1.02899,1.03094,1.02899,1.03042,0,0
2015-07-06,19:00:00,1.03039,1.03116,1.02907,1.03059,0,0
2015-07-06,20:00:00,1.03059,1.0333,1.03025,1.03311,0,0
2015-07-06,21:00:00,1.03309,1.03504,1.03308,1.03357,0,0
2015-07-06,22:00:00,1.03359,1.03371,1.03251,1.03281,0,0
2015-07-06,23:00:00,1.03281,1.03305,1.03196,1.03218,0,0
2015-07-06,23:59:00,1.03214,1.0324,1.03173,1.03177,0,0
2015-07-07,01:00:00,1.03188,1.03218,1.03147,1.03171,0,0
2015-07-07,02:00:00,1.03166,1.03266,1.03155,1.03216,0,0
2015-07-07,03:00:00,1.03215,1.03236,1.03098,1.03098,0,0
2015-07-07,04:00:00,1.03098,1.03179,1.03096,1.03129,0,0
2015-07-07,05:00:00,1.0313,1.03233,1.03124,1.03191,0,0
2015-07-07,06:00:00,1.03195,1.03257,1.03184,1.03229,0,0
2015-07-07,07:00:00,1.0323,1.03256,1.03168,1.03179,0,0
2015-07-07,08:00:00,1.03177,1.03254,1.03123,1.03234,0,0
2015-07-07,09:00:00,1.03235,1.03246,1.03137,1.03228,0,0
2015-07-07,10:00:00,1.03228,1.03437,1.03209,1.03425,0,0
2015-07-07,11:00:00,1.03425,1.03558,1.03348,1.03498,0,0
2015-07-07,12:00:00,1.03498,1.03662,1.03493,1.03526,0,0
2015-07-07,13:00:00,1.03526,1.03846,1.03526,1.03741,0,0
2015-07-07,14:00:00,1.03738,1.04033,1.03724,1.03984,0,0
2015-07-07,15:00:00,1.03985,1.04182,1.0391,1.03936,0,0
2015-07-07,16:00:00,1.03935,1.04357,1.0393,1.04343,0,0
2015-07-07,17:00:00,1.04342,1.0457,1.04322,1.04461,0,0
2015-07-07,18:00:00,1.04459,1.04602,1.04238,1.04282,0,0
2015-07-07,19:00:00,1.04291,1.04431,1.04264,1.04297,0,0
2015-07-07,20:00:00,1.04297,1.04333,1.04027,1.04088,0,0
2015-07-07,21:00:00,1.04088,1.04228,1.0391,1.0393,0,0
2015-07-07,22:00:00,1.03926,1.03948,1.03405,1.03685,0,0
2015-07-07,23:00:00,1.03698,1.03825,1.03638,1.03671,0,0
2015-07-07,23:59:00,1.03671,1.03861,1.03668,1.03821,0,0
2015-07-08,01:00:00,1.03829,1.03887,1.03783,1.03829,0,0
2015-07-08,02:00:00,1.03827,1.03852,1.03763,1.03829,0,0
2015-07-08,03:00:00,1.03816,1.04049,1.03802,1.04033,0,0
2015-07-08,04:00:00,1.0403,1.04501,1.04027,1.04225,0,0
2015-07-08,05:00:00,1.04225,1.04293,1.04103,1.04189,0,0
2015-07-08,06:00:00,1.04187,1.04377,1.04187,1.04296,0,0
2015-07-08,07:00:00,1.04298,1.04367,1.0411,1.04339,0,0
2015-07-08,08:00:00,1.04339,1.04362,1.04201,1.04358,0,0
2015-07-08,09:00:00,1.04358,1.0478,1.04358,1.0478,0,0
2015-07-08,10:00:00,1.04772,1.04965,1.04688,1.04689,0,0
2015-07-08,11:00:00,1.04692,1.04903,1.04545,1.04632,0,0
2015-07-08,12:00:00,1.04635,1.04666,1.04401,1.0447,0,0
2015-07-08,13:00:00,1.04472,1.04843,1.04472,1.04693,0,0
2015-07-08,14:00:00,1.04697,1.04843,1.04421,1.04839,0,0
2015-07-08,15:00:00,1.04839,1.05171,1.04814,1.05056,0,0
2015-07-08,16:00:00,1.05056,1.05277,1.0499,1.05139,0,0
2015-07-08,17:00:00,1.05136,1.05321,1.04994,1.05118,0,0
2015-07-08,18:00:00,1.05126,1.05622,1.05126,1.05556,0,0
2015-07-08,19:00:00,1.05568,1.05631,1.05342,1.05595,0,0
2015-07-08,20:00:00,1.05595,1.05657,1.05363,1.0553,0,0
2015-07-08,21:00:00,1.05538,1.0576,1.05491,1.05637,0,0
2015-07-08,22:00:00,1.05655,1.05736,1.05477,1.05587,0,0
2015-07-08,23:00:00,1.056,1.05608,1.05466,1.05607,0,0
2015-07-08,23:59:00,1.05607,1.05636,1.05523,1.0563,0,0
2015-07-09,01:00:00,1.05664,1.05786,1.05547,1.05567,0,0
2015-07-09,02:00:00,1.05567,1.05584,1.05316,1.0532,0,0
2015-07-09,03:00:00,1.05315,1.05644,1.05302,1.05502,0,0
2015-07-09,04:00:00,1.05502,1.05504,1.05167,1.05219,0,0
2015-07-09,05:00:00,1.05219,1.05219,1.04816,1.05085,0,0
2015-07-09,06:00:00,1.05085,1.05085,1.04855,1.04961,0,0
2015-07-09,07:00:00,1.04954,1.05008,1.04782,1.04786,0,0
2015-07-09,08:00:00,1.04784,1.04784,1.04459,1.04514,0,0
2015-07-09,09:00:00,1.04513,1.04776,1.04468,1.04684,0,0
2015-07-09,10:00:00,1.04687,1.04981,1.04687,1.04973,0,0
2015-07-09,11:00:00,1.04984,1.05033,1.04716,1.04819,0,0
2015-07-09,12:00:00,1.04815,1.04912,1.04705,1.04788,0,0
2015-07-09,13:00:00,1.04791,1.04856,1.04738,1.04757,0,0
2015-07-09,14:00:00,1.04755,1.04765,1.04377,1.04402,0,0
2015-07-09,15:00:00,1.04402,1.0457,1.04311,1.04416,0,0
2015-07-09,16:00:00,1.04416,1.04799,1.04402,1.04758,0,0
2015-07-09,17:00:00,1.04758,1.04999,1.04681,1.04999,0,0
2015-07-09,18:00:00,1.04995,1.05015,1.04864,1.05002,0,0
2015-07-09,19:00:00,1.05002,1.05003,1.04766,1.04848,0,0
2015-07-09,20:00:00,1.04851,1.04986,1.04803,1.04913,0,0
2015-07-09,21:00:00,1.04913,1.04965,1.04805,1.04837,0,0
2015-07-09,22:00:00,1.04837,1.04857,1.04723,1.04739,0,0
2015-07-09,23:00:00,1.04756,1.04796,1.04616,1.04732,0,0
2015-07-09,23:59:00,1.04732,1.04757,1.04547,1.04547,0,0
2015-07-10,01:00:00,1.04569,1.04575,1.04306,1.04329,0,0
2015-07-10,02:00:00,1.04333,1.04491,1.04327,1.04424,0,0
2015-07-10,03:00:00,1.04424,1.04614,1.04375,1.04411,0,0
2015-07-10,04:00:00,1.04412,1.04423,1.04159,1.04186,0,0
2015-07-10,05:00:00,1.04191,1.04239,1.0399,1.0401,0,0
2015-07-10,06:00:00,1.0401,1.04105,1.03971,1.04019,0,0
2015-07-10,07:00:00,1.04026,1.04183,1.04011,1.04153,0,0
2015-07-10,08:00:00,1.04155,1.04213,1.03929,1.03967,0,0
2015-07-10,09:00:00,1.03971,1.04161,1.03894,1.04153,0,0
2015-07-10,10:00:00,1.04156,1.04262,1.03911,1.04037,0,0
2015-07-10,11:00:00,1.04034,1.04184,1.0403,1.04114,0,0
2015-07-10,12:00:00,1.04114,1.04191,1.03734,1.03873,0,0
2015-07-10,13:00:00,1.03873,1.03959,1.03708,1.03774,0,0
2015-07-10,14:00:00,1.03774,1.03983,1.03559,1.03869,0,0
2015-07-10,15:00:00,1.03871,1.03963,1.03469,1.03646,0,0
2015-07-10,16:00:00,1.03646,1.04004,1.03518,1.0384,0,0
2015-07-10,17:00:00,1.0384,1.03941,1.03709,1.03738,0,0
2015-07-10,18:00:00,1.03742,1.03837,1.03549,1.03569,0,0
2015-07-10,19:00:00,1.03569,1.03631,1.03477,1.03553,0,0
2015-07-10,20:00:00,1.03553,1.03654,1.03518,1.03599,0,0
2015-07-10,21:00:00,1.03585,1.03585,1.03295,1.03324,0,0
2015-07-10,22:00:00,1.03323,1.0334,1.03226,1.03231,0,0
2015-07-10,23:00:00,1.03231,1.03256,1.03231,1.03251,0,0
2015-07-13,01:00:00,1.03597,1.03688,1.0342,1.03671,0,0
2015-07-13,02:00:00,1.03672,1.03695,1.03522,1.0365,0,0
2015-07-13,03:00:00,1.03651,1.0369,1.03529,1.03641,0,0
2015-07-13,04:00:00,1.03639,1.0381,1.03624,1.03718,0,0
2015-07-13,05:00:00,1.03721,1.03783,1.03592,1.03594,0,0
2015-07-13,06:00:00,1.03594,1.03594,1.0335,1.03527,0,0
2015-07-13,07:00:00,1.03521,1.03678,1.03464,1.03621,0,0
2015-07-13,08:00:00,1.03623,1.03647,1.03495,1.0355,0,0
2015-07-13,09:00:00,1.0355,1.03668,1.03115,1.03151,0,0
2015-07-13,10:00:00,1.03168,1.0334,1.02998,1.03252,0,0
2015-07-13,11:00:00,1.03252,1.03328,1.03111,1.03149,0,0
2015-07-13,12:00:00,1.03149,1.03163,1.02967,1.02971,0,0
2015-07-13,13:00:00,1.02973,1.03138,1.02956,1.03066,0,0
2015-07-13,14:00:00,1.03066,1.03083,1.0296,1.03049,0,0
2015-07-13,15:00:00,1.03049,1.03229,1.03039,1.0316,0,0
2015-07-13,16:00:00,1.03162,1.03484,1.03162,1.03472,0,0
2015-07-13,17:00:00,1.03473,1.03624,1.03386,1.0343,0,0
2015-07-13,18:00:00,1.03434,1.03543,1.03345,1.03461,0,0
2015-07-13,19:00:00,1.03461,1.03512,1.03273,1.03293,0,0
2015-07-13,20:00:00,1.03293,1.03397,1.03292,1.03339,0,0
2015-07-13,21:00:00,1.03339,1.03409,1.03275,1.0331,0,0
2015-07-13,22:00:00,1.03307,1.03307,1.03132,1.03225,0,0
2015-07-13,23:00:00,1.03225,1.03234,1.03162,1.03229,0,0
2015-07-13,23:59:00,1.03224,1.03241,1.0316,1.03175,0,0
2015-07-14,01:00:00,1.03199,1.0321,1.03098,1.03098,0,0
2015-07-14,02:00:00,1.03098,1.03202,1.03097,1.03168,0,0
2015-07-14,03:00:00,1.03167,1.03202,1.03118,1.0312,0,0
2015-07-14,04:00:00,1.0312,1.03242,1.0312,1.0323,0,0
2015-07-14,05:00:00,1.0323,1.0323,1.03128,1.03143,0,0
2015-07-14,06:00:00,1.03144,1.03198,1.03134,1.0319,0,0
2015-07-14,07:00:00,1.0319,1.03225,1.03174,1.03204,0,0
2015-07-14,08:00:00,1.03204,1.0346,1.032,1.0339,0,0
2015-07-14,09:00:00,1.0339,1.03682,1.03337,1.03524,0,0
2015-07-14,10:00:00,1.03532,1.03703,1.03521,1.03671,0,0
2015-07-14,11:00:00,1.03668,1.03753,1.03603,1.03644,0,0
2015-07-14,12:00:00,1.03657,1.03736,1.03527,1.03592,0,0
2015-07-14,13:00:00,1.03602,1.03782,1.03543,1.0369,0,0
2015-07-14,14:00:00,1.0369,1.03717,1.03538,1.03573,0,0
2015-07-14,15:00:00,1.03579,1.03597,1.0334,1.03594,0,0
2015-07-14,16:00:00,1.036,1.03651,1.0333,1.0339,0,0
2015-07-14,17:00:00,1.03394,1.03499,1.03107,1.0313,0,0
2015-07-14,18:00:00,1.03144,1.03401,1.03144,1.03311,0,0
2015-07-14,19:00:00,1.03311,1.03377,1.03245,1.03307,0,0
2015-07-14,20:00:00,1.03307,1.03432,1.03266,1.03363,0,0
2015-07-14,21:00:00,1.03363,1.03394,1.03318,1.03332,0,0
2015-07-14,22:00:00,1.03336,1.0336,1.03257,1.03267,0,0
2015-07-14,23:00:00,1.03267,1.03276,1.03146,1.03158,0,0
2015-07-14,23:59:00,1.03157,1.03243,1.03122,1.03194,0,0
2015-07-15,01:00:00,1.03204,1.03235,1.03178,1.03212,0,0
2015-07-15,02:00:00,1.03212,1.03289,1.03188,1.03263,0,0
2015-07-15,03:00:00,1.03264,1.03385,1.03235,1.03286,0,0
2015-07-15,04:00:00,1.03286,1.03291,1.03115,1.03116,0,0
2015-07-15,05:00:00,1.03116,1.03187,1.03063,1.03144,0,0
2015-07-15,06:00:00,1.03144,1.03214,1.03092,1.03112,0,0
2015-07-15,07:00:00,1.03112,1.03209,1.031,1.03174,0,0
2015-07-15,08:00:00,1.03174,1.03271,1.03165,1.03205,0,0
2015-07-15,09:00:00,1.03205,1.03274,1.0312,1.03238,0,0
2015-07-15,10:00:00,1.03238,1.03307,1.03167,1.03256,0,0
2015-07-15,11:00:00,1.03255,1.03277,1.03107,1.03234,0,0
2015-07-15,12:00:00,1.03235,1.03277,1.03142,1.03269,0,0
2015-07-15,13:00:00,1.03267,1.03339,1.03228,1.0327,0,0
2015-07-15,14:00:00,1.0327,1.03298,1.03104,1.03139,0,0
2015-07-15,15:00:00,1.03139,1.0333,1.03093,1.0333,0,0
2015-07-15,16:00:00,1.0333,1.03431,1.03188,1.03272,0,0
2015-07-15,17:00:00,1.03272,1.043,1.03272,1.04064,0,0
2015-07-15,18:00:00,1.0406,1.04459,1.03998,1.04426,0,0
2015-07-15,19:00:00,1.04427,1.04581,1.04345,1.04479,0,0
2015-07-15,20:00:00,1.04479,1.0464,1.04391,1.0453,0,0
2015-07-15,21:00:00,1.0453,1.04631,1.04448,1.04518,0,0
2015-07-15,22:00:00,1.04511,1.04617,1.04331,1.04367,0,0
2015-07-15,23:00:00,1.04369,1.04406,1.04263,1.04346,0,0
2015-07-15,23:59:00,1.04343,1.04405,1.04319,1.04358,0,0
2015-07-16,01:00:00,1.04353,1.04363,1.04177,1.04185,0,0
2015-07-16,02:00:00,1.04185,1.04367,1.0418,1.04341,0,0
2015-07-16,03:00:00,1.04339,1.04445,1.04319,1.04423,0,0
2015-07-16,04:00:00,1.04429,1.04511,1.04373,1.04431,0,0
2015-07-16,05:00:00,1.04428,1.04485,1.04416,1.04425,0,0
2015-07-16,06:00:00,1.04425,1.04499,1.04389,1.04448,0,0
2015-07-16,07:00:00,1.0445,1.04489,1.04405,1.04439,0,0
2015-07-16,08:00:00,1.04434,1.04467,1.04365,1.04369,0,0
2015-07-16,09:00:00,1.04375,1.04405,1.04291,1.04338,0,0
2015-07-16,10:00:00,1.04339,1.0447,1.04314,1.04416,0,0
2015-07-16,11:00:00,1.04416,1.04455,1.04304,1.0431,0,0
2015-07-16,12:00:00,1.0431,1.04354,1.04231,1.04345,0,0
2015-07-16,13:00:00,1.04346,1.04395,1.0431,1.0434,0,0
2015-07-16,14:00:00,1.0434,1.04379,1.04297,1.0432,0,0
2015-07-16,15:00:00,1.0432,1.04331,1.04097,1.04167,0,0
2015-07-16,16:00:00,1.04173,1.04222,1.041,1.0414,0,0
2015-07-16,17:00:00,1.04136,1.04262,1.04135,1.0424,0,0
2015-07-16,18:00:00,1.0424,1.04324,1.04194,1.04302,0,0
2015-07-16,19:00:00,1.04302,1.04443,1.04302,1.04372,0,0
2015-07-16,20:00:00,1.04379,1.04469,1.04291,1.0441,0,0
2015-07-16,21:00:00,1.04411,1.04474,1.04352,1.04464,0,0
2015-07-16,22:00:00,1.04464,1.04513,1.04361,1.04489,0,0
2015-07-16,23:00:00,1.04489,1.0449,1.04378,1.04378,0,0
2015-07-16,23:59:00,1.04379,1.04433,1.04356,1.04389,0,0
2015-07-17,01:00:00,1.04388,1.04468,1.04388,1.04432,0,0
2015-07-17,02:00:00,1.04432,1.0446,1.04412,1.04439,0,0
2015-07-17,03:00:00,1.04439,1.04474,1.04425,1.04447,0,0
2015-07-17,04:00:00,1.04451,1.04482,1.04414,1.04459,0,0
2015-07-17,05:00:00,1.04459,1.0448,1.04403,1.0447,0,0
2015-07-17,06:00:00,1.0447,1.04471,1.04414,1.04419,0,0
2015-07-17,07:00:00,1.04419,1.04458,1.04415,1.04419,0,0
2015-07-17,08:00:00,1.04419,1.04513,1.04419,1.04477,0,0
2015-07-17,09:00:00,1.04482,1.04503,1.04406,1.04417,0,0
2015-07-17,10:00:00,1.04417,1.04567,1.04405,1.0454,0,0
2015-07-17,11:00:00,1.04532,1.04667,1.04518,1.04637,0,0
2015-07-17,12:00:00,1.04637,1.04637,1.04511,1.04548,0,0
2015-07-17,13:00:00,1.04548,1.04633,1.04518,1.04633,0,0
2015-07-17,14:00:00,1.04631,1.04655,1.04573,1.0464,0,0
2015-07-17,15:00:00,1.0464,1.04773,1.04438,1.04672,0,0
2015-07-17,16:00:00,1.04668,1.04729,1.04451,1.04719,0,0
2015-07-17,17:00:00,1.04719,1.04801,1.0465,1.04664,0,0
2015-07-17,18:00:00,1.0468,1.0485,1.0466,1.04812,0,0
2015-07-17,19:00:00,1.04813,1.04856,1.04727,1.04734,0,0
2015-07-17,20:00:00,1.04726,1.04761,1.04678,1.04744,0,0
2015-07-17,21:00:00,1.04744,1.04744,1.04624,1.04667,0,0
2015-07-17,22:00:00,1.04668,1.04716,1.04631,1.04673,0,0
2015-07-17,23:00:00,1.04676,1.04679,1.04675,1.04675,0,0
2015-07-20,01:00:00,1.04581,1.04635,1.04566,1.04602,0,0
2015-07-20,02:00:00,1.04601,1.0464,1.0457,1.0462,0,0
2015-07-20,03:00:00,1.04624,1.0467,1.04621,1.04622,0,0
2015-07-20,04:00:00,1.04622,1.04688,1.04591,1.04616,0,0
2015-07-20,05:00:00,1.04614,1.04667,1.04589,1.04646,0,0
2015-07-20,06:00:00,1.04646,1.04677,1.04626,1.04642,0,0
2015-07-20,07:00:00,1.04633,1.04659,1.04567,1.04585,0,0
2015-07-20,08:00:00,1.04596,1.04624,1.04535,1.04552,0,0
2015-07-20,09:00:00,1.04553,1.0458,1.0444,1.04447,0,0
2015-07-20,10:00:00,1.04414,1.04489,1.04342,1.04374,0,0
2015-07-20,11:00:00,1.04382,1.04516,1.04364,1.04434,0,0
2015-07-20,12:00:00,1.04426,1.04554,1.04393,1.04522,0,0
2015-07-20,13:00:00,1.0453,1.04612,1.04506,1.04531,0,0
2015-07-20,14:00:00,1.04523,1.04653,1.04516,1.04548,0,0
2015-07-20,15:00:00,1.0454,1.04572,1.04369,1.04522,0,0
2015-07-20,16:00:00,1.0453,1.04698,1.04432,1.04656,0,0
2015-07-20,17:00:00,1.04664,1.04753,1.04391,1.04391,0,0
2015-07-20,18:00:00,1.04394,1.04495,1.04332,1.04481,0,0
2015-07-20,19:00:00,1.04495,1.04527,1.04419,1.04524,0,0
2015-07-20,20:00:00,1.04526,1.04608,1.04513,1.04578,0,0
2015-07-20,21:00:00,1.04578,1.04642,1.04488,1.04618,0,0
2015-07-20,22:00:00,1.04617,1.04628,1.04537,1.04572,0,0
2015-07-20,23:00:00,1.04572,1.0462,1.04542,1.04565,0,0
2015-07-20,23:59:00,1.04568,1.04619,1.04527,1.04568,0,0
