Date,Time,Open,High,Low,Close,Volume,OpenInt
2015-04-22,01:00:00,0.79835,0.79885,0.79818,0.79852,0,0
2015-04-22,02:00:00,0.79852,0.79862,0.7977,0.79808,0,0
2015-04-22,03:00:00,0.79806,0.79868,0.79803,0.79861,0,0
2015-04-22,04:00:00,0.79856,0.79861,0.79787,0.79854,0,0
2015-04-22,05:00:00,0.79855,0.79855,0.79791,0.79843,0,0
2015-04-22,06:00:00,0.79843,0.7986,0.79807,0.79855,0,0
2015-04-22,07:00:00,0.79855,0.79874,0.79813,0.79829,0,0
2015-04-22,08:00:00,0.79828,0.79922,0.79821,0.79844,0,0
2015-04-22,09:00:00,0.79847,0.79922,0.79692,0.79726,0,0
2015-04-22,10:00:00,0.79725,0.79852,0.79661,0.79801,0,0
2015-04-22,11:00:00,0.79801,0.79892,0.79558,0.79685,0,0
2015-04-22,12:00:00,0.7969,0.79696,0.79603,0.7968,0,0
2015-04-22,13:00:00,0.79681,0.79946,0.79664,0.79913,0,0
2015-04-22,14:00:00,0.79927,0.8003,0.79887,0.80022,0,0
2015-04-22,15:00:00,0.80024,0.80746,0.80014,0.80542,0,0
2015-04-22,16:00:00,0.80544,0.80615,0.804,0.804,0,0
2015-04-22,17:00:00,0.80376,0.80583,0.80373,0.80581,0,0
2015-04-22,18:00:00,0.80589,0.80806,0.80566,0.80604,0,0
2015-04-22,19:00:00,0.80604,0.80744,0.80584,0.80666,0,0
2015-04-22,20:00:00,0.80668,0.80812,0.8066,0.80812,0,0
2015-04-22,21:00:00,0.80813,0.80925,0.80728,0.80919,0,0
2015-04-22,22:00:00,0.80912,0.80983,0.80813,0.80894,0,0
2015-04-22,23:00:00,0.80898,0.81038,0.8089,0.81027,0,0
2015-04-22,23:59:00,0.81022,0.8103,0.80879,0.80955,0,0
2015-04-23,01:00:00,0.80954,0.80962,0.80803,0.80841,0,0
2015-04-23,02:00:00,0.80831,0.80853,0.80773,0.80846,0,0
2015-04-23,03:00:00,0.80846,0.80949,0.80784,0.80929,0,0
2015-04-23,04:00:00,0.80932,0.80976,0.80887,0.80895,0,0
2015-04-23,05:00:00,0.80897,0.80937,0.80865,0.80916,0,0
2015-04-23,06:00:00,0.80922,0.80946,0.80865,0.80868,0,0
2015-04-23,07:00:00,0.80869,0.81064,0.80865,0.81044,0,0
2015-04-23,08:00:00,0.81049,0.81049,0.80902,0.80904,0,0
2015-04-23,09:00:00,0.80906,0.80965,0.80835,0.80864,0,0
2015-04-23,10:00:00,0.80869,0.80985,0.80734,0.80912,0,0
2015-04-23,11:00:00,0.80915,0.8093,0.80538,0.80558,0,0
2015-04-23,12:00:00,0.80562,0.80566,0.80259,0.80261,0,0
2015-04-23,13:00:00,0.80263,0.8046,0.80235,0.80456,0,0
2015-04-23,14:00:00,0.80462,0.80555,0.80315,0.80345,0,0
2015-04-23,15:00:00,0.80349,0.80449,0.80268,0.80322,0,0
2015-04-23,16:00:00,0.80323,0.80441,0.80259,0.8033,0,0
2015-04-23,17:00:00,0.80336,0.80423,0.79731,0.79826,0,0
2015-04-23,18:00:00,0.79835,0.79909,0.79765,0.79805,0,0
2015-04-23,19:00:00,0.79801,0.79889,0.79683,0.79704,0,0
2015-04-23,20:00:00,0.79703,0.79859,0.79688,0.79819,0,0
2015-04-23,21:00:00,0.7982,0.79922,0.79745,0.79903,0,0
2015-04-23,22:00:00,0.79902,0.79912,0.79833,0.79833,0,0
2015-04-23,23:00:00,0.79832,0.79893,0.79802,0.79831,0,0
2015-04-23,23:59:00,0.79818,0.79842,0.79789,0.79806,0,0
2015-04-24,01:00:00,0.79804,0.79898,0.79791,0.79889,0,0
2015-04-24,02:00:00,0.79887,0.79932,0.79858,0.79932,0,0
2015-04-24,03:00:00,0.79946,0.79967,0.79867,0.79873,0,0
2015-04-24,04:00:00,0.79873,0.79993,0.79851,0.79972,0,0
2015-04-24,05:00:00,0.79974,0.80041,0.79966,0.80031,0,0
2015-04-24,06:00:00,0.8003,0.80079,0.79963,0.80031,0,0
2015-04-24,07:00:00,0.80034,0.80056,0.79995,0.8003,0,0
2015-04-24,08:00:00,0.80025,0.80051,0.79975,0.80037,0,0
2015-04-24,09:00:00,0.80034,0.80092,0.79864,0.80007,0,0
2015-04-24,10:00:00,0.80011,0.80018,0.79859,0.79899,0,0
2015-04-24,11:00:00,0.79893,0.79923,0.79659,0.79723,0,0
2015-04-24,12:00:00,0.79725,0.79807,0.79643,0.79793,0,0
2015-04-24,13:00:00,0.79793,0.7994,0.79784,0.79906,0,0
2015-04-24,14:00:00,0.79905,0.79913,0.79817,0.79857,0,0
2015-04-24,15:00:00,0.79855,0.80043,0.79817,0.79984,0,0
2015-04-24,16:00:00,0.79987,0.80169,0.79892,0.80107,0,0
2015-04-24,17:00:00,0.80106,0.80238,0.80021,0.80093,0,0
2015-04-24,18:00:00,0.80098,0.8024,0.8003,0.80116,0,0
2015-04-24,19:00:00,0.80116,0.80273,0.80116,0.80264,0,0
2015-04-24,20:00:00,0.80264,0.80283,0.80171,0.80183,0,0
2015-04-24,21:00:00,0.80184,0.80249,0.80184,0.8024,0,0
2015-04-24,22:00:00,0.80238,0.80245,0.80198,0.80227,0,0
2015-04-24,23:00:00,0.80232,0.80234,0.80226,0.8023,0,0
2015-04-27,01:00:00,0.8025,0.80263,0.80198,0.80251,0,0
2015-04-27,02:00:00,0.80252,0.80255,0.80158,0.80195,0,0
2015-04-27,03:00:00,0.80196,0.80227,0.80173,0.80193,0,0
2015-04-27,04:00:00,0.80189,0.80212,0.80138,0.80202,0,0
2015-04-27,05:00:00,0.80202,0.80266,0.80187,0.80248,0,0
2015-04-27,06:00:00,0.80249,0.80303,0.80233,0.80269,0,0
2015-04-27,07:00:00,0.80269,0.80288,0.80208,0.80215,0,0
2015-04-27,08:00:00,0.80215,0.80227,0.801,0.80123,0,0
2015-04-27,09:00:00,0.80132,0.803,0.80106,0.80264,0,0
2015-04-27,10:00:00,0.80258,0.80367,0.80072,0.80181,0,0
2015-04-27,11:00:00,0.8018,0.80294,0.80163,0.80209,0,0
2015-04-27,12:00:00,0.80209,0.80239,0.80087,0.80163,0,0
2015-04-27,13:00:00,0.80162,0.80262,0.80087,0.80087,0,0
2015-04-27,14:00:00,0.80084,0.80213,0.8007,0.8017,0,0
2015-04-27,15:00:00,0.80174,0.80247,0.80149,0.80177,0,0
2015-04-27,16:00:00,0.80172,0.80209,0.80051,0.80054,0,0
2015-04-27,17:00:00,0.80061,0.80176,0.79972,0.79997,0,0
2015-04-27,18:00:00,0.79995,0.80055,0.79706,0.80041,0,0
2015-04-27,19:00:00,0.80029,0.80052,0.79893,0.80025,0,0
2015-04-27,20:00:00,0.80025,0.80297,0.79985,0.80294,0,0
2015-04-27,21:00:00,0.80288,0.80349,0.80237,0.80275,0,0
2015-04-27,22:00:00,0.80275,0.80299,0.80226,0.80283,0,0
2015-04-27,23:00:00,0.8029,0.80338,0.80197,0.80218,0,0
2015-04-27,23:59:00,0.80217,0.8029,0.80201,0.80227,0,0
2015-04-28,01:00:00,0.80221,0.80284,0.80178,0.80216,0,0
2015-04-28,02:00:00,0.80221,0.80234,0.80169,0.80184,0,0
2015-04-28,03:00:00,0.80183,0.80261,0.80151,0.80162,0,0
2015-04-28,04:00:00,0.80162,0.80217,0.80127,0.80162,0,0
2015-04-28,05:00:00,0.80167,0.80218,0.80151,0.80218,0,0
2015-04-28,06:00:00,0.80219,0.80219,0.80132,0.80153,0,0
2015-04-28,07:00:00,0.80146,0.8019,0.80129,0.80189,0,0
2015-04-28,08:00:00,0.80189,0.80202,0.80106,0.8015,0,0
2015-04-28,09:00:00,0.80148,0.80314,0.80089,0.80291,0,0
2015-04-28,10:00:00,0.80291,0.80326,0.80195,0.80283,0,0
2015-04-28,11:00:00,0.80286,0.80376,0.80228,0.80326,0,0
2015-04-28,12:00:00,0.80321,0.80522,0.80278,0.80494,0,0
2015-04-28,13:00:00,0.80494,0.80669,0.8035,0.80403,0,0
2015-04-28,14:00:00,0.80404,0.80557,0.8038,0.8041,0,0
2015-04-28,15:00:00,0.80416,0.80514,0.8034,0.80495,0,0
2015-04-28,16:00:00,0.80492,0.80611,0.804,0.804,0,0
2015-04-28,17:00:00,0.80368,0.80399,0.80007,0.80018,0,0
2015-04-28,18:00:00,0.80012,0.80342,0.7999,0.80289,0,0
2015-04-28,19:00:00,0.80293,0.80353,0.80264,0.80301,0,0
2015-04-28,20:00:00,0.80302,0.80341,0.80195,0.80222,0,0
2015-04-28,21:00:00,0.80225,0.8032,0.80189,0.80291,0,0
2015-04-28,22:00:00,0.8029,0.80474,0.80283,0.80434,0,0
2015-04-28,23:00:00,0.80431,0.80453,0.80367,0.80387,0,0
2015-04-28,23:59:00,0.80365,0.80441,0.80335,0.8038,0,0
2015-04-29,01:00:00,0.80381,0.80443,0.80359,0.80421,0,0
2015-04-29,02:00:00,0.80425,0.80483,0.80419,0.80464,0,0
2015-04-29,03:00:00,0.80462,0.8047,0.8041,0.80413,0,0
2015-04-29,04:00:00,0.80414,0.80475,0.80398,0.80406,0,0
2015-04-29,05:00:00,0.80406,0.80476,0.80406,0.80473,0,0
2015-04-29,06:00:00,0.80477,0.80477,0.80442,0.80449,0,0
2015-04-29,07:00:00,0.80451,0.805,0.80447,0.80498,0,0
2015-04-29,08:00:00,0.80496,0.80536,0.80466,0.80477,0,0
2015-04-29,09:00:00,0.80477,0.80553,0.80396,0.8042,0,0
2015-04-29,10:00:00,0.80418,0.80458,0.80239,0.80256,0,0
2015-04-29,11:00:00,0.80256,0.80261,0.80015,0.80038,0,0
2015-04-29,12:00:00,0.80026,0.80107,0.79935,0.7994,0,0
2015-04-29,13:00:00,0.79938,0.80081,0.79937,0.80033,0,0
2015-04-29,14:00:00,0.80027,0.80089,0.79873,0.79949,0,0
2015-04-29,15:00:00,0.79947,0.80039,0.79567,0.79894,0,0
2015-04-29,16:00:00,0.79852,0.79908,0.79349,0.79359,0,0
2015-04-29,17:00:00,0.79348,0.79421,0.78882,0.78882,0,0
2015-04-29,18:00:00,0.78872,0.78974,0.78624,0.7877,0,0
2015-04-29,19:00:00,0.78755,0.79028,0.78643,0.79027,0,0
2015-04-29,20:00:00,0.79025,0.79063,0.78941,0.79002,0,0
2015-04-29,21:00:00,0.78993,0.79145,0.78912,0.78972,0,0
2015-04-29,22:00:00,0.78956,0.79046,0.78956,0.78993,0,0
2015-04-29,23:00:00,0.7899,0.78994,0.78906,0.78917,0,0
2015-04-29,23:59:00,0.78933,0.78971,0.78891,0.78971,0,0
2015-04-30,01:00:00,0.78966,0.78984,0.78935,0.78958,0,0
2015-04-30,02:00:00,0.78955,0.79047,0.78932,0.79037,0,0
2015-04-30,03:00:00,0.79035,0.79043,0.78934,0.78936,0,0
2015-04-30,04:00:00,0.78936,0.79048,0.78934,0.79048,0,0
2015-04-30,05:00:00,0.79052,0.7919,0.79019,0.79138,0,0
2015-04-30,06:00:00,0.79138,0.79154,0.79039,0.79057,0,0
2015-04-30,07:00:00,0.79051,0.79282,0.79042,0.79223,0,0
2015-04-30,08:00:00,0.79223,0.79364,0.79219,0.79336,0,0
2015-04-30,09:00:00,0.79407,0.79407,0.79128,0.7921,0,0
2015-04-30,10:00:00,0.7919,0.79215,0.78565,0.78598,0,0
2015-04-30,11:00:00,0.78591,0.78811,0.78472,0.78759,0,0
2015-04-30,12:00:00,0.78746,0.79129,0.78713,0.79126,0,0
2015-04-30,13:00:00,0.79125,0.79186,0.78633,0.78686,0,0
2015-04-30,14:00:00,0.78694,0.78797,0.78642,0.78693,0,0
2015-04-30,15:00:00,0.78692,0.78848,0.78645,0.78707,0,0
2015-04-30,16:00:00,0.78712,0.79001,0.78701,0.7879,0,0
2015-04-30,17:00:00,0.78791,0.78791,0.78293,0.78304,0,0
2015-04-30,18:00:00,0.7832,0.7853,0.7817,0.78519,0,0
2015-04-30,19:00:00,0.78512,0.78537,0.78394,0.78413,0,0
2015-04-30,20:00:00,0.78412,0.78533,0.78392,0.78479,0,0
2015-04-30,21:00:00,0.78476,0.78485,0.77965,0.77975,0,0
2015-04-30,22:00:00,0.77979,0.78248,0.77979,0.78148,0,0
2015-04-30,23:00:00,0.78124,0.78188,0.78068,0.78101,0,0
2015-04-30,23:59:00,0.78116,0.78165,0.78064,0.7815,0,0
2015-05-01,01:00:00,0.78136,0.78161,0.78109,0.78126,0,0
2015-05-01,02:00:00,0.78134,0.78172,0.78089,0.78134,0,0
2015-05-01,03:00:00,0.78148,0.78157,0.78016,0.78025,0,0
2015-05-01,04:00:00,0.78031,0.78107,0.78013,0.78061,0,0
2015-05-01,05:00:00,0.7806,0.7807,0.7801,0.78059,0,0
2015-05-01,06:00:00,0.78059,0.78065,0.78023,0.78028,0,0
2015-05-01,07:00:00,0.78028,0.78079,0.77992,0.78003,0,0
2015-05-01,08:00:00,0.78004,0.78021,0.77897,0.77913,0,0
2015-05-01,09:00:00,0.77911,0.78017,0.77726,0.77799,0,0
2015-05-01,10:00:00,0.77806,0.77885,0.777,0.77839,0,0
2015-05-01,11:00:00,0.77837,0.77837,0.77734,0.77759,0,0
2015-05-01,12:00:00,0.7777,0.77805,0.77604,0.7779,0,0
2015-05-01,13:00:00,0.77788,0.77832,0.77527,0.77567,0,0
2015-05-01,14:00:00,0.77569,0.7762,0.77428,0.7762,0,0
2015-05-01,15:00:00,0.7762,0.77704,0.77555,0.77586,0,0
2015-05-01,16:00:00,0.77585,0.77626,0.77471,0.77533,0,0
2015-05-01,17:00:00,0.77489,0.77698,0.77434,0.77574,0,0
2015-05-01,18:00:00,0.77573,0.77725,0.7755,0.77707,0,0
2015-05-01,19:00:00,0.77707,0.77781,0.77583,0.77747,0,0
2015-05-01,20:00:00,0.77747,0.77747,0.77642,0.77677,0,0
2015-05-01,21:00:00,0.77677,0.7771,0.7764,0.77673,0,0
2015-05-01,22:00:00,0.7767,0.77723,0.77598,0.77619,0,0
2015-05-01,23:00:00,0.77626,0.77643,0.7762,0.7762,0,0
2015-05-04,01:00:00,0.77661,0.77669,0.77579,0.77662,0,0
2015-05-04,02:00:00,0.77663,0.77701,0.77638,0.77692,0,0
2015-05-04,03:00:00,0.77692,0.77767,0.77667,0.77686,0,0
2015-05-04,04:00:00,0.77685,0.77736,0.77663,0.77686,0,0
2015-05-04,05:00:00,0.77686,0.77776,0.77676,0.7774,0,0
2015-05-04,06:00:00,0.7774,0.77776,0.77734,0.77764,0,0
2015-05-04,07:00:00,0.77763,0.77769,0.77736,0.77758,0,0
2015-05-04,08:00:00,0.77757,0.77773,0.77689,0.77743,0,0
2015-05-04,09:00:00,0.77753,0.78042,0.77686,0.78002,0,0
2015-05-04,10:00:00,0.78003,0.7809,0.77971,0.78052,0,0
2015-05-04,11:00:00,0.78052,0.78099,0.77965,0.78012,0,0
2015-05-04,12:00:00,0.78012,0.78014,0.77933,0.77962,0,0
2015-05-04,13:00:00,0.77966,0.7801,0.77783,0.7781,0,0
2015-05-04,14:00:00,0.77809,0.77851,0.77742,0.7781,0,0
2015-05-04,15:00:00,0.77812,0.77837,0.77599,0.77617,0,0
2015-05-04,16:00:00,0.77617,0.77656,0.77528,0.77586,0,0
2015-05-04,17:00:00,0.77587,0.77859,0.77583,0.77742,0,0
2015-05-04,18:00:00,0.77735,0.77875,0.7772,0.77809,0,0
2015-05-04,19:00:00,0.77809,0.77848,0.77738,0.77843,0,0
2015-05-04,20:00:00,0.77837,0.77861,0.77707,0.7771,0,0
2015-05-04,21:00:00,0.77711,0.77861,0.77711,0.77798,0,0
2015-05-04,22:00:00,0.77805,0.77813,0.77707,0.77749,0,0
2015-05-04,23:00:00,0.77742,0.77771,0.77668,0.77723,0,0
2015-05-04,23:59:00,0.77727,0.77742,0.77696,0.77714,0,0
2015-05-05,01:00:00,0.77713,0.77784,0.77682,0.77781,0,0
2015-05-05,02:00:00,0.7778,0.77793,0.77735,0.77736,0,0
2015-05-05,03:00:00,0.77736,0.77781,0.77721,0.77741,0,0
2015-05-05,04:00:00,0.77741,0.77796,0.77708,0.77784,0,0
2015-05-05,05:00:00,0.77784,0.77841,0.77765,0.77814,0,0
2015-05-05,06:00:00,0.77813,0.77874,0.77802,0.77864,0,0
2015-05-05,07:00:00,0.77865,0.77947,0.77833,0.77918,0,0
2015-05-05,08:00:00,0.7792,0.77932,0.77845,0.77919,0,0
2015-05-05,09:00:00,0.77915,0.78033,0.77829,0.77975,0,0
2015-05-05,10:00:00,0.77982,0.78214,0.77911,0.78192,0,0
2015-05-05,11:00:00,0.7819,0.78255,0.77936,0.77939,0,0
2015-05-05,12:00:00,0.77939,0.77953,0.77703,0.77711,0,0
2015-05-05,13:00:00,0.77715,0.77789,0.77529,0.77533,0,0
2015-05-05,14:00:00,0.77534,0.77599,0.77248,0.77445,0,0
2015-05-05,15:00:00,0.77447,0.77542,0.77326,0.77504,0,0
2015-05-05,16:00:00,0.77509,0.77573,0.7738,0.7738,0,0
2015-05-05,17:00:00,0.77373,0.77539,0.77083,0.7712,0,0
2015-05-05,18:00:00,0.7712,0.77293,0.7712,0.7728,0,0
2015-05-05,19:00:00,0.77282,0.77297,0.77118,0.77161,0,0
2015-05-05,20:00:00,0.77162,0.7722,0.77108,0.7722,0,0
2015-05-05,21:00:00,0.77221,0.7731,0.77206,0.77284,0,0
2015-05-05,22:00:00,0.7729,0.77378,0.77261,0.77333,0,0
2015-05-05,23:00:00,0.77338,0.77368,0.7728,0.77291,0,0
2015-05-05,23:59:00,0.77303,0.77329,0.77271,0.77296,0,0
2015-05-06,01:00:00,0.77294,0.77347,0.77269,0.77326,0,0
2015-05-06,02:00:00,0.77327,0.77373,0.77301,0.77336,0,0
2015-05-06,03:00:00,0.77336,0.7736,0.773,0.77306,0,0
2015-05-06,04:00:00,0.7731,0.77339,0.77262,0.77277,0,0
2015-05-06,05:00:00,0.77275,0.77307,0.7719,0.77208,0,0
2015-05-06,06:00:00,0.77208,0.77225,0.77063,0.77155,0,0
2015-05-06,07:00:00,0.77152,0.77203,0.77105,0.77135,0,0
2015-05-06,08:00:00,0.77134,0.7723,0.77128,0.77212,0,0
2015-05-06,09:00:00,0.77214,0.77239,0.77043,0.77084,0,0
2015-05-06,10:00:00,0.77093,0.77262,0.77007,0.7716,0,0
2015-05-06,11:00:00,0.77161,0.77215,0.77,0.7721,0,0
2015-05-06,12:00:00,0.77211,0.77303,0.77112,0.77131,0,0
2015-05-06,13:00:00,0.77131,0.77147,0.77025,0.77128,0,0
2015-05-06,14:00:00,0.77132,0.77205,0.77063,0.77136,0,0
2015-05-06,15:00:00,0.77131,0.77131,0.76912,0.7695,0,0
2015-05-06,16:00:00,0.7695,0.77062,0.76506,0.76575,0,0
2015-05-06,17:00:00,0.76582,0.76636,0.7643,0.76537,0,0
2015-05-06,18:00:00,0.76544,0.7669,0.76509,0.76623,0,0
2015-05-06,19:00:00,0.76627,0.76731,0.76588,0.7673,0,0
2015-05-06,20:00:00,0.76725,0.76746,0.76671,0.76729,0,0
2015-05-06,21:00:00,0.76733,0.76742,0.76575,0.76735,0,0
2015-05-06,22:00:00,0.76717,0.76769,0.76652,0.76671,0,0
2015-05-06,23:00:00,0.76671,0.76703,0.76654,0.76693,0,0
2015-05-06,23:59:00,0.76687,0.76729,0.76656,0.76697,0,0
2015-05-07,01:00:00,0.76672,0.76715,0.76667,0.76706,0,0
2015-05-07,02:00:00,0.7671,0.76772,0.76703,0.76767,0,0
2015-05-07,03:00:00,0.76772,0.76808,0.76704,0.76765,0,0
2015-05-07,04:00:00,0.76766,0.76777,0.76696,0.76696,0,0
2015-05-07,05:00:00,0.76696,0.7674,0.76636,0.76648,0,0
2015-05-07,06:00:00,0.7665,0.76745,0.76628,0.76716,0,0
2015-05-07,07:00:00,0.76714,0.76737,0.76694,0.76732,0,0
2015-05-07,08:00:00,0.76737,0.76754,0.76511,0.7658,0,0
2015-05-07,09:00:00,0.76584,0.76646,0.76509,0.76535,0,0
2015-05-07,10:00:00,0.76541,0.76565,0.76421,0.76423,0,0
2015-05-07,11:00:00,0.76434,0.76564,0.76405,0.76418,0,0
2015-05-07,12:00:00,0.76424,0.76458,0.76096,0.76117,0,0
2015-05-07,13:00:00,0.76111,0.76408,0.7611,0.76302,0,0
2015-05-07,14:00:00,0.76299,0.76672,0.76299,0.76672,0,0
2015-05-07,15:00:00,0.76674,0.76863,0.76656,0.76718,0,0
2015-05-07,16:00:00,0.76703,0.76912,0.76683,0.76875,0,0
2015-05-07,17:00:00,0.76874,0.77002,0.76751,0.76993,0,0
2015-05-07,18:00:00,0.76975,0.77073,0.76793,0.76807,0,0
2015-05-07,19:00:00,0.76812,0.76958,0.76806,0.76956,0,0
2015-05-07,20:00:00,0.76959,0.77029,0.76878,0.76953,0,0
2015-05-07,21:00:00,0.76953,0.77001,0.76868,0.76939,0,0
2015-05-07,22:00:00,0.76946,0.76966,0.76897,0.76923,0,0
2015-05-07,23:00:00,0.76934,0.76983,0.76899,0.76978,0,0
2015-05-07,23:59:00,0.76978,0.77109,0.76944,0.77041,0,0
2015-05-08,01:00:00,0.77047,0.77074,0.76966,0.77043,0,0
2015-05-08,02:00:00,0.77043,0.77063,0.7698,0.77002,0,0
2015-05-08,03:00:00,0.77,0.77039,0.76936,0.7698,0,0
2015-05-08,04:00:00,0.76982,0.77009,0.76853,0.76927,0,0
2015-05-08,05:00:00,0.76921,0.77013,0.769,0.77,0,0
2015-05-08,06:00:00,0.77,0.77084,0.7699,0.77059,0,0
2015-05-08,07:00:00,0.77057,0.77082,0.76962,0.76963,0,0
2015-05-08,08:00:00,0.76966,0.76981,0.76877,0.76934,0,0
2015-05-08,09:00:00,0.76933,0.7712,0.76933,0.77024,0,0
2015-05-08,10:00:00,0.77031,0.77065,0.76915,0.76927,0,0
2015-05-08,11:00:00,0.76926,0.76926,0.76702,0.76762,0,0
2015-05-08,12:00:00,0.76762,0.76873,0.76695,0.76733,0,0
2015-05-08,13:00:00,0.76741,0.76995,0.76725,0.76993,0,0
2015-05-08,14:00:00,0.77003,0.77012,0.76922,0.7699,0,0
2015-05-08,15:00:00,0.76993,0.77247,0.76737,0.77107,0,0
2015-05-08,16:00:00,0.77104,0.77288,0.77039,0.77208,0,0
2015-05-08,17:00:00,0.77203,0.77455,0.77199,0.7744,0,0
2015-05-08,18:00:00,0.77443,0.7756,0.77305,0.77427,0,0
2015-05-08,19:00:00,0.77428,0.77705,0.77414,0.77668,0,0
2015-05-08,20:00:00,0.77669,0.77723,0.77611,0.77677,0,0
2015-05-08,21:00:00,0.7767,0.77784,0.7767,0.77729,0,0
2015-05-08,22:00:00,0.77726,0.77799,0.77713,0.77771,0,0
2015-05-08,23:00:00,0.77763,0.77763,0.77763,0.77763,0,0
2015-05-11,01:00:00,0.77761,0.77796,0.77737,0.77764,0,0
2015-05-11,02:00:00,0.77763,0.77787,0.77738,0.77761,0,0
2015-05-11,03:00:00,0.77762,0.77876,0.77717,0.77876,0,0
2015-05-11,04:00:00,0.77877,0.77971,0.7786,0.77879,0,0
2015-05-11,05:00:00,0.77875,0.7789,0.7781,0.77859,0,0
2015-05-11,06:00:00,0.77861,0.77979,0.77854,0.77956,0,0
2015-05-11,07:00:00,0.77955,0.77968,0.77869,0.77869,0,0
2015-05-11,08:00:00,0.77871,0.77913,0.77797,0.77865,0,0
2015-05-11,09:00:00,0.77866,0.77904,0.77601,0.77643,0,0
2015-05-11,10:00:00,0.77647,0.77804,0.77627,0.7765,0,0
2015-05-11,11:00:00,0.77647,0.77661,0.77493,0.77604,0,0
2015-05-11,12:00:00,0.77607,0.77738,0.7757,0.77699,0,0
2015-05-11,13:00:00,0.77705,0.7775,0.77649,0.77723,0,0
2015-05-11,14:00:00,0.77732,0.779,0.77697,0.7788,0,0
2015-05-11,15:00:00,0.77876,0.77935,0.777,0.77935,0,0
2015-05-11,16:00:00,0.7794,0.77986,0.77742,0.77885,0,0
2015-05-11,17:00:00,0.77883,0.77927,0.77711,0.7789,0,0
2015-05-11,18:00:00,0.77882,0.77896,0.77702,0.77832,0,0
2015-05-11,19:00:00,0.77832,0.77879,0.77776,0.77829,0,0
2015-05-11,20:00:00,0.77819,0.77901,0.7777,0.77827,0,0
2015-05-11,21:00:00,0.77828,0.7785,0.77759,0.77766,0,0
2015-05-11,22:00:00,0.77768,0.77786,0.77719,0.7778,0,0
2015-05-11,23:00:00,0.7778,0.77805,0.77738,0.77796,0,0
2015-05-11,23:59:00,0.77797,0.77801,0.77757,0.77771,0,0
2015-05-12,01:00:00,0.77768,0.7778,0.77746,0.77776,0,0
2015-05-12,02:00:00,0.77781,0.77841,0.77775,0.77803,0,0
2015-05-12,03:00:00,0.77803,0.77907,0.77764,0.77856,0,0
2015-05-12,04:00:00,0.77856,0.77875,0.77761,0.77761,0,0
2015-05-12,05:00:00,0.77757,0.7778,0.77643,0.77693,0,0
2015-05-12,06:00:00,0.77694,0.77743,0.77671,0.77731,0,0
2015-05-12,07:00:00,0.77731,0.77735,0.77631,0.77632,0,0
2015-05-12,08:00:00,0.77632,0.77657,0.77543,0.77637,0,0
2015-05-12,09:00:00,0.77643,0.77665,0.77482,0.77548,0,0
2015-05-12,10:00:00,0.77545,0.77613,0.77326,0.77347,0,0
2015-05-12,11:00:00,0.77346,0.77346,0.76948,0.77048,0,0
2015-05-12,12:00:00,0.77037,0.77058,0.76777,0.76895,0,0
2015-05-12,13:00:00,0.76897,0.76994,0.7687,0.76988,0,0
2015-05-12,14:00:00,0.76992,0.7709,0.7693,0.7707,0,0
2015-05-12,15:00:00,0.77071,0.77193,0.77056,0.77168,0,0
2015-05-12,16:00:00,0.77173,0.7718,0.76904,0.77021,0,0
2015-05-12,17:00:00,0.77019,0.77229,0.76979,0.77204,0,0
2015-05-12,18:00:00,0.77193,0.77358,0.77188,0.77349,0,0
2015-05-12,19:00:00,0.77362,0.7742,0.77253,0.77406,0,0
2015-05-12,20:00:00,0.77405,0.77494,0.77396,0.77434,0,0
2015-05-12,21:00:00,0.77442,0.77459,0.77407,0.77458,0,0
2015-05-12,22:00:00,0.77457,0.77522,0.7745,0.77521,0,0
2015-05-12,23:00:00,0.77534,0.77549,0.77493,0.77539,0,0
2015-05-12,23:59:00,0.77535,0.77563,0.77427,0.77492,0,0
2015-05-13,01:00:00,0.7748,0.77516,0.77463,0.77502,0,0
2015-05-13,02:00:00,0.77502,0.77503,0.77465,0.77465,0,0
2015-05-13,03:00:00,0.77466,0.77555,0.77454,0.77497,0,0
2015-05-13,04:00:00,0.77495,0.77576,0.77456,0.77541,0,0
2015-05-13,05:00:00,0.7754,0.77552,0.77447,0.77458,0,0
2015-05-13,06:00:00,0.77458,0.77466,0.77315,0.77345,0,0
2015-05-13,07:00:00,0.77344,0.7736,0.77266,0.77327,0,0
2015-05-13,08:00:00,0.77327,0.77408,0.77319,0.77403,0,0
2015-05-13,09:00:00,0.77409,0.77479,0.77162,0.77212,0,0
2015-05-13,10:00:00,0.77215,0.77351,0.77201,0.77326,0,0
2015-05-13,11:00:00,0.7733,0.77474,0.77287,0.77462,0,0
2015-05-13,12:00:00,0.7746,0.77564,0.77309,0.77443,0,0
2015-05-13,13:00:00,0.77446,0.77564,0.77425,0.77491,0,0
2015-05-13,14:00:00,0.77495,0.77524,0.77411,0.77488,0,0
2015-05-13,15:00:00,0.77487,0.77574,0.77164,0.77239,0,0
2015-05-13,16:00:00,0.77244,0.77354,0.77141,0.77181,0,0
2015-05-13,17:00:00,0.77182,0.77205,0.76991,0.77018,0,0
2015-05-13,18:00:00,0.77021,0.77085,0.76899,0.76936,0,0
2015-05-13,19:00:00,0.76933,0.77025,0.76906,0.76987,0,0
2015-05-13,20:00:00,0.76986,0.77072,0.76894,0.76988,0,0
2015-05-13,21:00:00,0.76995,0.77023,0.76939,0.76958,0,0
2015-05-13,22:00:00,0.76954,0.77038,0.76954,0.77018,0,0
2015-05-13,23:00:00,0.77013,0.77036,0.76919,0.76941,0,0
2015-05-13,23:59:00,0.76941,0.76978,0.76929,0.76966,0,0
2015-05-14,01:00:00,0.76946,0.76978,0.7691,0.7697,0,0
2015-05-14,02:00:00,0.7697,0.76981,0.76921,0.7695,0,0
2015-05-14,03:00:00,0.76948,0.76986,0.76888,0.76904,0,0
2015-05-14,04:00:00,0.76904,0.76941,0.76877,0.76897,0,0
2015-05-14,05:00:00,0.76865,0.76922,0.76838,0.76918,0,0
2015-05-14,06:00:00,0.76919,0.7692,0.768,0.76824,0,0
2015-05-14,07:00:00,0.76821,0.76862,0.76804,0.76813,0,0
2015-05-14,08:00:00,0.76815,0.76853,0.76795,0.76799,0,0
2015-05-14,09:00:00,0.76802,0.76897,0.76723,0.76765,0,0
2015-05-14,10:00:00,0.76756,0.76793,0.76673,0.76762,0,0
2015-05-14,11:00:00,0.76759,0.76795,0.76615,0.76663,0,0
2015-05-14,12:00:00,0.76655,0.76685,0.76355,0.76365,0,0
2015-05-14,13:00:00,0.76365,0.7641,0.76165,0.76195,0,0
2015-05-14,14:00:00,0.76206,0.76392,0.76183,0.76229,0,0
2015-05-14,15:00:00,0.76244,0.76563,0.76222,0.76499,0,0
2015-05-14,16:00:00,0.76517,0.76812,0.76507,0.76777,0,0
2015-05-14,17:00:00,0.76766,0.76814,0.76672,0.76759,0,0
2015-05-14,18:00:00,0.76752,0.76849,0.76686,0.76737,0,0
2015-05-14,19:00:00,0.76735,0.76761,0.76666,0.76704,0,0
2015-05-14,20:00:00,0.76704,0.76742,0.76647,0.7667,0,0
2015-05-14,21:00:00,0.76675,0.76709,0.76556,0.76593,0,0
2015-05-14,22:00:00,0.76592,0.76627,0.7656,0.76599,0,0
2015-05-14,23:00:00,0.76601,0.76622,0.76514,0.76539,0,0
2015-05-14,23:59:00,0.7654,0.76582,0.7651,0.76561,0,0
2015-05-15,01:00:00,0.76557,0.76571,0.76535,0.76564,0,0
2015-05-15,02:00:00,0.76565,0.76591,0.76551,0.76556,0,0
2015-05-15,03:00:00,0.76552,0.76589,0.76502,0.76526,0,0
2015-05-15,04:00:00,0.76526,0.76531,0.76454,0.76459,0,0
2015-05-15,05:00:00,0.7646,0.76487,0.76403,0.76471,0,0
2015-05-15,06:00:00,0.76471,0.76524,0.7645,0.76479,0,0
2015-05-15,07:00:00,0.76481,0.76494,0.76441,0.7646,0,0
2015-05-15,08:00:00,0.7646,0.76537,0.76448,0.76521,0,0
2015-05-15,09:00:00,0.76525,0.76564,0.76374,0.76374,0,0
2015-05-15,10:00:00,0.76366,0.76618,0.76328,0.76573,0,0
2015-05-15,11:00:00,0.76572,0.76778,0.76521,0.76742,0,0
2015-05-15,12:00:00,0.7676,0.76828,0.76657,0.76698,0,0
2015-05-15,13:00:00,0.76717,0.76809,0.76634,0.76794,0,0
2015-05-15,14:00:00,0.76792,0.77013,0.76784,0.7697,0,0
2015-05-15,15:00:00,0.76963,0.77164,0.76963,0.77148,0,0
2015-05-15,16:00:00,0.7715,0.77297,0.7715,0.77281,0,0
2015-05-15,17:00:00,0.77265,0.77274,0.76788,0.76793,0,0
2015-05-15,18:00:00,0.76789,0.76877,0.76726,0.76873,0,0
2015-05-15,19:00:00,0.76874,0.76911,0.76805,0.76875,0,0
2015-05-15,20:00:00,0.76876,0.76891,0.76769,0.76854,0,0
2015-05-15,21:00:00,0.76854,0.76864,0.7659,0.76636,0,0
2015-05-15,22:00:00,0.76637,0.76743,0.76637,0.76741,0,0
2015-05-15,23:00:00,0.7674,0.7674,0.76723,0.76726,0,0
2015-05-18,01:00:00,0.76697,0.76788,0.7667,0.7669,0,0
2015-05-18,02:00:00,0.7669,0.76715,0.76676,0.767,0,0
2015-05-18,03:00:00,0.767,0.76762,0.76662,0.76669,0,0
2015-05-18,04:00:00,0.76673,0.7676,0.7666,0.76756,0,0
2015-05-18,05:00:00,0.76756,0.76801,0.76735,0.76735,0,0
2015-05-18,06:00:00,0.76731,0.76735,0.76684,0.767,0,0
2015-05-18,07:00:00,0.76699,0.76732,0.76648,0.76656,0,0
2015-05-18,08:00:00,0.76656,0.76738,0.76643,0.76656,0,0
2015-05-18,09:00:00,0.76657,0.76788,0.766,0.76776,0,0
2015-05-18,10:00:00,0.76775,0.76956,0.76756,0.76814,0,0
2015-05-18,11:00:00,0.76822,0.76978,0.76822,0.76857,0,0
2015-05-18,12:00:00,0.76857,0.7701,0.76741,0.76749,0,0
2015-05-18,13:00:00,0.76743,0.76761,0.76602,0.76652,0,0
2015-05-18,14:00:00,0.7665,0.76838,0.76635,0.76771,0,0
2015-05-18,15:00:00,0.76771,0.76913,0.76737,0.76785,0,0
2015-05-18,16:00:00,0.76779,0.76987,0.7673,0.7697,0,0
2015-05-18,17:00:00,0.76971,0.77046,0.76887,0.76931,0,0
2015-05-18,18:00:00,0.76929,0.77047,0.76899,0.77041,0,0
2015-05-18,19:00:00,0.77041,0.77173,0.7699,0.77046,0,0
2015-05-18,20:00:00,0.77046,0.77114,0.77004,0.77102,0,0
2015-05-18,21:00:00,0.77105,0.7719,0.77102,0.77153,0,0
2015-05-18,22:00:00,0.77149,0.77175,0.77127,0.77145,0,0
2015-05-18,23:00:00,0.77149,0.77214,0.77105,0.77206,0,0
2015-05-18,23:59:00,0.77204,0.77217,0.77172,0.77189,0,0
2015-05-19,01:00:00,0.77189,0.77209,0.77177,0.77185,0,0
2015-05-19,02:00:00,0.77186,0.77242,0.77185,0.77234,0,0
2015-05-19,03:00:00,0.77238,0.77279,0.7721,0.77265,0,0
2015-05-19,04:00:00,0.77265,0.77298,0.77247,0.77259,0,0
2015-05-19,05:00:00,0.77267,0.77271,0.77192,0.77207,0,0
2015-05-19,06:00:00,0.77207,0.77294,0.77182,0.77256,0,0
2015-05-19,07:00:00,0.77258,0.77271,0.77215,0.77262,0,0
2015-05-19,08:00:00,0.77261,0.77263,0.77188,0.77211,0,0
2015-05-19,09:00:00,0.7722,0.77298,0.77086,0.77141,0,0
2015-05-19,10:00:00,0.77141,0.78006,0.77139,0.77646,0,0
2015-05-19,11:00:00,0.77628,0.77747,0.77559,0.77646,0,0
2015-05-19,12:00:00,0.77664,0.7768,0.77481,0.77505,0,0
2015-05-19,13:00:00,0.77505,0.77567,0.77449,0.77486,0,0
2015-05-19,14:00:00,0.77485,0.77608,0.77436,0.77437,0,0
2015-05-19,15:00:00,0.77433,0.77864,0.77409,0.77833,0,0
2015-05-19,16:00:00,0.77833,0.77846,0.77586,0.77629,0,0
2015-05-19,17:00:00,0.77637,0.77756,0.77596,0.77716,0,0
2015-05-19,18:00:00,0.77735,0.7776,0.77608,0.77695,0,0
2015-05-19,19:00:00,0.77696,0.77738,0.77634,0.77634,0,0
2015-05-19,20:00:00,0.77634,0.77745,0.77615,0.77684,0,0
2015-05-19,21:00:00,0.77681,0.77692,0.77606,0.77652,0,0
2015-05-19,22:00:00,0.77663,0.77664,0.77564,0.77664,0,0
2015-05-19,23:00:00,0.77672,0.7768,0.77613,0.77629,0,0
2015-05-19,23:59:00,0.77631,0.77688,0.77613,0.77673,0,0
2015-05-20,01:00:00,0.77666,0.77688,0.77642,0.77654,0,0
2015-05-20,02:00:00,0.77655,0.77708,0.77649,0.77682,0,0
2015-05-20,03:00:00,0.77683,0.77707,0.77548,0.7755,0,0
2015-05-20,04:00:00,0.7755,0.77553,0.77511,0.77544,0,0
2015-05-20,05:00:00,0.77538,0.7755,0.77464,0.77464,0,0
2015-05-20,06:00:00,0.77463,0.77488,0.77445,0.77487,0,0
2015-05-20,07:00:00,0.77486,0.77499,0.77448,0.77465,0,0
2015-05-20,08:00:00,0.77465,0.77502,0.77383,0.77502,0,0
2015-05-20,09:00:00,0.77528,0.77665,0.77484,0.77623,0,0
2015-05-20,10:00:00,0.77626,0.77704,0.77566,0.77623,0,0
2015-05-20,11:00:00,0.77623,0.7764,0.77405,0.77565,0,0
2015-05-20,12:00:00,0.77569,0.7762,0.77476,0.77569,0,0
2015-05-20,13:00:00,0.77568,0.77729,0.77529,0.77691,0,0
2015-05-20,14:00:00,0.77691,0.77694,0.77532,0.77608,0,0
2015-05-20,15:00:00,0.7761,0.77634,0.77393,0.77416,0,0
2015-05-20,16:00:00,0.7741,0.77556,0.77407,0.77493,0,0
2015-05-20,17:00:00,0.77471,0.77512,0.77371,0.77434,0,0
2015-05-20,18:00:00,0.77447,0.7753,0.77352,0.77466,0,0
2015-05-20,19:00:00,0.77471,0.77484,0.77288,0.77307,0,0
2015-05-20,20:00:00,0.77304,0.77373,0.7716,0.77208,0,0
2015-05-20,21:00:00,0.7721,0.77326,0.77126,0.77231,0,0
2015-05-20,22:00:00,0.77226,0.77291,0.772,0.77226,0,0
2015-05-20,23:00:00,0.77223,0.77236,0.77191,0.77229,0,0
2015-05-20,23:59:00,0.77234,0.77275,0.77162,0.77251,0,0
2015-05-21,01:00:00,0.77251,0.7729,0.77236,0.77282,0,0
2015-05-21,02:00:00,0.77282,0.77295,0.77218,0.77237,0,0
2015-05-21,03:00:00,0.77237,0.77255,0.77187,0.77222,0,0
2015-05-21,04:00:00,0.77223,0.77235,0.77154,0.7717,0,0
2015-05-21,05:00:00,0.77172,0.77186,0.77092,0.77112,0,0
2015-05-21,06:00:00,0.7711,0.77137,0.77068,0.77088,0,0
2015-05-21,07:00:00,0.77089,0.77207,0.77078,0.77207,0,0
2015-05-21,08:00:00,0.77199,0.7729,0.77188,0.77226,0,0
2015-05-21,09:00:00,0.77229,0.77494,0.77229,0.77369,0,0
2015-05-21,10:00:00,0.7738,0.7738,0.77143,0.7725,0,0
2015-05-21,11:00:00,0.7726,0.77268,0.77064,0.77143,0,0
2015-05-21,12:00:00,0.77151,0.7719,0.77068,0.77086,0,0
2015-05-21,13:00:00,0.77102,0.77115,0.76877,0.77037,0,0
2015-05-21,14:00:00,0.77037,0.77128,0.7697,0.77122,0,0
2015-05-21,15:00:00,0.77115,0.77186,0.77066,0.77177,0,0
2015-05-21,16:00:00,0.77178,0.77293,0.77107,0.77228,0,0
2015-05-21,17:00:00,0.77241,0.77308,0.77126,0.77269,0,0
2015-05-21,18:00:00,0.77262,0.77289,0.77173,0.77212,0,0
2015-05-21,19:00:00,0.77208,0.77244,0.77152,0.77153,0,0
2015-05-21,20:00:00,0.77153,0.77257,0.77149,0.77255,0,0
2015-05-21,21:00:00,0.77254,0.77346,0.77214,0.77344,0,0
2015-05-21,22:00:00,0.77341,0.77413,0.77312,0.77402,0,0
2015-05-21,23:00:00,0.77406,0.77421,0.77356,0.77396,0,0
2015-05-21,23:59:00,0.77398,0.77436,0.77351,0.77395,0,0
2015-05-22,01:00:00,0.77398,0.77407,0.77356,0.77402,0,0
2015-05-22,02:00:00,0.77403,0.7747,0.7738,0.77464,0,0
2015-05-22,03:00:00,0.77471,0.77471,0.7739,0.77429,0,0
2015-05-22,04:00:00,0.77433,0.77475,0.77407,0.77458,0,0
2015-05-22,05:00:00,0.77457,0.77472,0.77365,0.77445,0,0
2015-05-22,06:00:00,0.77445,0.77469,0.77384,0.77394,0,0
2015-05-22,07:00:00,0.77394,0.77458,0.77362,0.77418,0,0
2015-05-22,08:00:00,0.77417,0.77468,0.7737,0.77381,0,0
2015-05-22,09:00:00,0.77371,0.77387,0.77283,0.7736,0,0
2015-05-22,10:00:00,0.77367,0.77445,0.77293,0.77322,0,0
2015-05-22,11:00:00,0.77326,0.77326,0.77174,0.77181,0,0
2015-05-22,12:00:00,0.77183,0.77198,0.76944,0.77044,0,0
2015-05-22,13:00:00,0.77041,0.77064,0.76919,0.77048,0,0
2015-05-22,14:00:00,0.77047,0.7722,0.77007,0.77185,0,0
2015-05-22,15:00:00,0.77184,0.77578,0.77115,0.77487,0,0
2015-05-22,16:00:00,0.77499,0.77802,0.77499,0.77677,0,0
2015-05-22,17:00:00,0.77692,0.77779,0.77585,0.77614,0,0
2015-05-22,18:00:00,0.77614,0.77678,0.77557,0.77636,0,0
2015-05-22,19:00:00,0.77638,0.7767,0.77573,0.77573,0,0
2015-05-22,20:00:00,0.77577,0.77705,0.77569,0.77691,0,0
2015-05-22,21:00:00,0.7769,0.77739,0.77614,0.77634,0,0
2015-05-22,22:00:00,0.77634,0.77713,0.77625,0.77683,0,0
2015-05-22,23:00:00,0.7768,0.7768,0.77668,0.77674,0,0
2015-05-25,01:00:00,0.77647,0.77708,0.77586,0.77612,0,0
2015-05-25,02:00:00,0.77607,0.77639,0.77576,0.776,0,0
2015-05-25,03:00:00,0.77601,0.77639,0.77532,0.77583,0,0
2015-05-25,04:00:00,0.77578,0.77602,0.7753,0.77559,0,0
2015-05-25,05:00:00,0.77559,0.7757,0.77483,0.77505,0,0
2015-05-25,06:00:00,0.775,0.7751,0.77474,0.77501,0,0
2015-05-25,07:00:00,0.77504,0.77513,0.77467,0.77487,0,0
2015-05-25,08:00:00,0.77489,0.77512,0.77423,0.77444,0,0
2015-05-25,09:00:00,0.7744,0.77477,0.77347,0.77398,0,0
2015-05-25,10:00:00,0.77387,0.77566,0.77356,0.77547,0,0
2015-05-25,11:00:00,0.77546,0.7762,0.77539,0.77554,0,0
2015-05-25,12:00:00,0.77554,0.77638,0.7747,0.77613,0,0
2015-05-25,13:00:00,0.77613,0.77677,0.77609,0.77635,0,0
2015-05-25,14:00:00,0.77638,0.77654,0.77564,0.77574,0,0
2015-05-25,15:00:00,0.77575,0.77602,0.77536,0.77597,0,0
2015-05-25,16:00:00,0.77599,0.77667,0.77543,0.77651,0,0
2015-05-25,17:00:00,0.77654,0.77748,0.77651,0.77732,0,0
2015-05-25,18:00:00,0.77733,0.77772,0.77689,0.77734,0,0
2015-05-25,19:00:00,0.77741,0.77838,0.77736,0.77825,0,0
2015-05-25,20:00:00,0.77793,0.77835,0.77793,0.77817,0,0
2015-05-25,21:00:00,0.77819,0.77821,0.77797,0.77801,0,0
2015-05-25,22:00:00,0.77797,0.77818,0.77759,0.77791,0,0
2015-05-25,23:00:00,0.77798,0.77809,0.77733,0.77744,0,0
2015-05-25,23:59:00,0.77744,0.778,0.77737,0.77779,0,0
2015-05-26,01:00:00,0.77779,0.77801,0.7773,0.77749,0,0
2015-05-26,02:00:00,0.7774,0.77777,0.7774,0.77746,0,0
2015-05-26,03:00:00,0.77747,0.77815,0.7774,0.77777,0,0
2015-05-26,04:00:00,0.77777,0.77816,0.77735,0.7779,0,0
2015-05-26,05:00:00,0.77793,0.77797,0.77668,0.77696,0,0
2015-05-26,06:00:00,0.77696,0.77773,0.77683,0.77749,0,0
2015-05-26,07:00:00,0.7775,0.77779,0.77732,0.77756,0,0
2015-05-26,08:00:00,0.77756,0.77785,0.7771,0.77745,0,0
2015-05-26,09:00:00,0.7775,0.77765,0.77434,0.77579,0,0
2015-05-26,10:00:00,0.77589,0.77597,0.77434,0.77496,0,0
2015-05-26,11:00:00,0.77497,0.7755,0.77388,0.77435,0,0
2015-05-26,12:00:00,0.77433,0.77435,0.7724,0.77254,0,0
2015-05-26,13:00:00,0.77252,0.77392,0.77155,0.77361,0,0
2015-05-26,14:00:00,0.77357,0.77373,0.77254,0.77255,0,0
2015-05-26,15:00:00,0.77251,0.7733,0.77052,0.77071,0,0
2015-05-26,16:00:00,0.77068,0.77124,0.76948,0.77056,0,0
2015-05-26,17:00:00,0.77047,0.77221,0.76984,0.77131,0,0
2015-05-26,18:00:00,0.77153,0.77235,0.77086,0.77223,0,0
2015-05-26,19:00:00,0.7723,0.77278,0.77201,0.77262,0,0
2015-05-26,20:00:00,0.77262,0.77362,0.77256,0.77336,0,0
2015-05-26,21:00:00,0.77337,0.77445,0.77268,0.77435,0,0
2015-05-26,22:00:00,0.77433,0.77465,0.77411,0.77437,0,0
2015-05-26,23:00:00,0.77437,0.77464,0.77377,0.77446,0,0
2015-05-26,23:59:00,0.77434,0.77497,0.77424,0.77478,0,0
2015-05-27,01:00:00,0.77481,0.77481,0.77412,0.77435,0,0
2015-05-27,02:00:00,0.77435,0.77469,0.77389,0.77395,0,0
2015-05-27,03:00:00,0.77395,0.77464,0.77382,0.77419,0,0
2015-05-27,04:00:00,0.77422,0.77422,0.77322,0.77381,0,0
2015-05-27,05:00:00,0.77382,0.77403,0.77338,0.77381,0,0
2015-05-27,06:00:00,0.77373,0.77375,0.77321,0.77334,0,0
2015-05-27,07:00:00,0.77333,0.77338,0.77253,0.77274,0,0
2015-05-27,08:00:00,0.7727,0.77304,0.7722,0.77281,0,0
2015-05-27,09:00:00,0.77283,0.77295,0.77034,0.77041,0,0
2015-05-27,10:00:00,0.77045,0.7715,0.77019,0.77056,0,0
2015-05-27,11:00:00,0.77057,0.77094,0.76973,0.77022,0,0
2015-05-27,12:00:00,0.7702,0.77028,0.76854,0.76874,0,0
2015-05-27,13:00:00,0.76875,0.7692,0.76735,0.76842,0,0
2015-05-27,14:00:00,0.76823,0.76957,0.76782,0.76905,0,0
2015-05-27,15:00:00,0.76908,0.77069,0.76816,0.77062,0,0
2015-05-27,16:00:00,0.77059,0.77207,0.7695,0.77021,0,0
2015-05-27,17:00:00,0.77024,0.77038,0.76785,0.76867,0,0
2015-05-27,18:00:00,0.76861,0.76924,0.76671,0.76824,0,0
2015-05-27,19:00:00,0.76831,0.76844,0.76735,0.76742,0,0
2015-05-27,20:00:00,0.76739,0.76767,0.76628,0.76723,0,0
2015-05-27,21:00:00,0.76722,0.76862,0.76703,0.76804,0,0
2015-05-27,22:00:00,0.76807,0.76838,0.76778,0.76805,0,0
2015-05-27,23:00:00,0.76797,0.76848,0.76765,0.76765,0,0
2015-05-27,23:59:00,0.76786,0.76824,0.76739,0.76811,0,0
2015-05-28,01:00:00,0.76812,0.76826,0.76741,0.76753,0,0
2015-05-28,02:00:00,0.76753,0.76779,0.7674,0.76768,0,0
2015-05-28,03:00:00,0.76773,0.76801,0.76706,0.76732,0,0
2015-05-28,04:00:00,0.7673,0.76766,0.76677,0.76679,0,0
2015-05-28,05:00:00,0.76668,0.76679,0.76444,0.76502,0,0
2015-05-28,06:00:00,0.76502,0.76532,0.76383,0.76465,0,0
2015-05-28,07:00:00,0.76465,0.76508,0.7638,0.7647,0,0
2015-05-28,08:00:00,0.76471,0.76652,0.76452,0.76564,0,0
2015-05-28,09:00:00,0.7657,0.76619,0.76432,0.76496,0,0
2015-05-28,10:00:00,0.765,0.76595,0.76432,0.76465,0,0
2015-05-28,11:00:00,0.7646,0.76501,0.76324,0.7637,0,0
2015-05-28,12:00:00,0.76374,0.76433,0.76256,0.76258,0,0
2015-05-28,13:00:00,0.76258,0.76326,0.76197,0.76276,0,0
2015-05-28,14:00:00,0.76276,0.76452,0.76248,0.76424,0,0
2015-05-28,15:00:00,0.76433,0.7655,0.76376,0.76435,0,0
2015-05-28,16:00:00,0.76435,0.76486,0.7633,0.76371,0,0
2015-05-28,17:00:00,0.76377,0.76409,0.76115,0.76115,0,0
2015-05-28,18:00:00,0.76118,0.76209,0.76091,0.7616,0,0
2015-05-28,19:00:00,0.76156,0.76288,0.76096,0.7628,0,0
2015-05-28,20:00:00,0.76276,0.76328,0.76163,0.76249,0,0
2015-05-28,21:00:00,0.76251,0.76251,0.7608,0.76091,0,0
2015-05-28,22:00:00,0.76092,0.7613,0.76048,0.7613,0,0
2015-05-28,23:00:00,0.76137,0.76174,0.76072,0.76148,0,0
2015-05-28,23:59:00,0.76144,0.76248,0.76048,0.76118,0,0
2015-05-29,01:00:00,0.76106,0.76169,0.76084,0.7614,0,0
2015-05-29,02:00:00,0.76141,0.76194,0.76092,0.76164,0,0
2015-05-29,03:00:00,0.76164,0.76259,0.76145,0.76183,0,0
2015-05-29,04:00:00,0.7618,0.76255,0.76167,0.76221,0,0
2015-05-29,05:00:00,0.76221,0.76267,0.76185,0.76213,0,0
2015-05-29,06:00:00,0.76214,0.7622,0.76119,0.76121,0,0
2015-05-29,07:00:00,0.76121,0.7616,0.76063,0.76095,0,0
2015-05-29,08:00:00,0.761,0.76162,0.76081,0.76149,0,0
2015-05-29,09:00:00,0.76161,0.76443,0.76119,0.76443,0,0
2015-05-29,10:00:00,0.76446,0.7647,0.76259,0.7631,0,0
2015-05-29,11:00:00,0.76303,0.76328,0.76133,0.76255,0,0
2015-05-29,12:00:00,0.76272,0.76286,0.76027,0.76028,0,0
2015-05-29,13:00:00,0.76033,0.76117,0.76006,0.76029,0,0
2015-05-29,14:00:00,0.7602,0.76118,0.76,0.76013,0,0
2015-05-29,15:00:00,0.76011,0.76109,0.75822,0.75868,0,0
2015-05-29,16:00:00,0.75864,0.75898,0.75492,0.75589,0,0
2015-05-29,17:00:00,0.75608,0.76061,0.75549,0.76054,0,0
2015-05-29,18:00:00,0.76072,0.76126,0.75857,0.75868,0,0
2015-05-29,19:00:00,0.75873,0.75915,0.75782,0.75908,0,0
2015-05-29,20:00:00,0.75907,0.75907,0.7572,0.75767,0,0
2015-05-29,21:00:00,0.75762,0.75792,0.75727,0.75774,0,0
2015-05-29,22:00:00,0.75763,0.75787,0.75693,0.75724,0,0
2015-05-29,23:00:00,0.75729,0.75751,0.75727,0.75751,0,0
2015-06-01,01:00:00,0.75706,0.75775,0.75706,0.75763,0,0
2015-06-01,02:00:00,0.75761,0.75815,0.75731,0.75777,0,0
2015-06-01,03:00:00,0.75771,0.75899,0.75769,0.75851,0,0
2015-06-01,04:00:00,0.75851,0.75926,0.75812,0.75917,0,0
2015-06-01,05:00:00,0.75905,0.75962,0.75887,0.75934,0,0
2015-06-01,06:00:00,0.75935,0.75964,0.7588,0.75926,0,0
2015-06-01,07:00:00,0.75926,0.75985,0.75925,0.75974,0,0
2015-06-01,08:00:00,0.75974,0.76015,0.75938,0.75938,0,0
2015-06-01,09:00:00,0.75941,0.76181,0.75931,0.76175,0,0
2015-06-01,10:00:00,0.76168,0.76316,0.7614,0.76238,0,0
2015-06-01,11:00:00,0.76235,0.76369,0.76204,0.76311,0,0
2015-06-01,12:00:00,0.76307,0.76388,0.76238,0.76264,0,0
2015-06-01,13:00:00,0.7627,0.76344,0.76154,0.76199,0,0
2015-06-01,14:00:00,0.762,0.76286,0.76084,0.76106,0,0
2015-06-01,15:00:00,0.76108,0.76176,0.76036,0.7614,0,0
2015-06-01,16:00:00,0.76132,0.76141,0.75869,0.75904,0,0
2015-06-01,17:00:00,0.75899,0.7602,0.75789,0.75997,0,0
2015-06-01,18:00:00,0.75989,0.76079,0.75926,0.75963,0,0
2015-06-01,19:00:00,0.75962,0.75973,0.75784,0.75817,0,0
2015-06-01,20:00:00,0.75811,0.75825,0.75718,0.75756,0,0
2015-06-01,21:00:00,0.75752,0.75804,0.75742,0.75752,0,0
2015-06-01,22:00:00,0.75752,0.75829,0.75727,0.75819,0,0
2015-06-01,23:00:00,0.75814,0.75841,0.75747,0.75806,0,0
2015-06-01,23:59:00,0.75816,0.75932,0.7572,0.75811,0,0
2015-06-02,01:00:00,0.75817,0.75824,0.75762,0.75773,0,0
2015-06-02,02:00:00,0.75772,0.75785,0.75734,0.75773,0,0
2015-06-02,03:00:00,0.75769,0.75794,0.7571,0.75725,0,0
2015-06-02,04:00:00,0.75724,0.75748,0.75708,0.75709,0,0
2015-06-02,05:00:00,0.75707,0.75782,0.75632,0.75736,0,0
2015-06-02,06:00:00,0.75736,0.75804,0.75697,0.75728,0,0
2015-06-02,07:00:00,0.75728,0.75793,0.75717,0.75763,0,0
2015-06-02,08:00:00,0.7577,0.75822,0.75714,0.75819,0,0
2015-06-02,09:00:00,0.7582,0.75875,0.75588,0.75617,0,0
2015-06-02,10:00:00,0.75629,0.75748,0.75565,0.75746,0,0
2015-06-02,11:00:00,0.75764,0.75808,0.75599,0.75608,0,0
2015-06-02,12:00:00,0.75595,0.75595,0.75421,0.75475,0,0
2015-06-02,13:00:00,0.75475,0.7552,0.75276,0.75366,0,0
2015-06-02,14:00:00,0.75365,0.75521,0.75251,0.7549,0,0
2015-06-02,15:00:00,0.75488,0.75621,0.75398,0.75404,0,0
2015-06-02,16:00:00,0.75404,0.75404,0.75089,0.75201,0,0
2015-06-02,17:00:00,0.752,0.75411,0.75122,0.75271,0,0
2015-06-02,18:00:00,0.75272,0.7528,0.75141,0.75243,0,0
2015-06-02,19:00:00,0.75246,0.75301,0.7516,0.75211,0,0
2015-06-02,20:00:00,0.75216,0.75271,0.75189,0.75197,0,0
2015-06-02,21:00:00,0.75196,0.75226,0.75112,0.75112,0,0
2015-06-02,22:00:00,0.75091,0.75233,0.75091,0.75197,0,0
2015-06-02,23:00:00,0.75196,0.75222,0.7516,0.75178,0,0
2015-06-02,23:59:00,0.75179,0.75227,0.75168,0.75204,0,0
2015-06-03,01:00:00,0.75208,0.75233,0.75173,0.75232,0,0
2015-06-03,02:00:00,0.75232,0.75275,0.75209,0.7525,0,0
2015-06-03,03:00:00,0.75251,0.75285,0.75191,0.7522,0,0
2015-06-03,04:00:00,0.75221,0.75335,0.75216,0.75327,0,0
2015-06-03,05:00:00,0.75324,0.75345,0.75229,0.75236,0,0
2015-06-03,06:00:00,0.75236,0.75266,0.75216,0.75258,0,0
2015-06-03,07:00:00,0.75269,0.75305,0.7524,0.75283,0,0
2015-06-03,08:00:00,0.75278,0.75302,0.75199,0.75282,0,0
2015-06-03,09:00:00,0.75282,0.75326,0.75098,0.75233,0,0
2015-06-03,10:00:00,0.75234,0.75405,0.75208,0.75238,0,0
2015-06-03,11:00:00,0.75234,0.75256,0.75134,0.75256,0,0
2015-06-03,12:00:00,0.75233,0.75326,0.75161,0.75207,0,0
2015-06-03,13:00:00,0.75211,0.75284,0.75134,0.75229,0,0
2015-06-03,14:00:00,0.75238,0.75402,0.75173,0.75376,0,0
2015-06-03,15:00:00,0.75377,0.75638,0.75294,0.75437,0,0
2015-06-03,16:00:00,0.75439,0.7544,0.75045,0.75075,0,0
2015-06-03,17:00:00,0.75072,0.75353,0.75049,0.7533,0,0
2015-06-03,18:00:00,0.75328,0.7534,0.7515,0.75265,0,0
2015-06-03,19:00:00,0.75263,0.75263,0.75089,0.75136,0,0
2015-06-03,20:00:00,0.75136,0.75235,0.75123,0.75223,0,0
2015-06-03,21:00:00,0.75218,0.7526,0.75152,0.75244,0,0
2015-06-03,22:00:00,0.75252,0.75257,0.75192,0.75206,0,0
2015-06-03,23:00:00,0.75211,0.7522,0.75147,0.75173,0,0
2015-06-03,23:59:00,0.75165,0.75206,0.75148,0.75158,0,0
2015-06-04,01:00:00,0.75157,0.752,0.75123,0.75123,0,0
2015-06-04,02:00:00,0.75126,0.75196,0.75113,0.75185,0,0
2015-06-04,03:00:00,0.75182,0.75182,0.75115,0.75141,0,0
2015-06-04,04:00:00,0.75141,0.75153,0.75027,0.75049,0,0
2015-06-04,05:00:00,0.75051,0.75095,0.75022,0.75055,0,0
2015-06-04,06:00:00,0.75055,0.75084,0.7503,0.75082,0,0
2015-06-04,07:00:00,0.75082,0.75082,0.75031,0.75058,0,0
2015-06-04,08:00:00,0.75056,0.75161,0.75045,0.75127,0,0
2015-06-04,09:00:00,0.7513,0.75378,0.75086,0.75315,0,0
2015-06-04,10:00:00,0.75314,0.75419,0.75252,0.75288,0,0
2015-06-04,11:00:00,0.75289,0.75343,0.74941,0.74974,0,0
2015-06-04,12:00:00,0.74965,0.75002,0.74853,0.74933,0,0
2015-06-04,13:00:00,0.74939,0.75003,0.74907,0.7493,0,0
2015-06-04,14:00:00,0.7493,0.75125,0.74871,0.75117,0,0
2015-06-04,15:00:00,0.7511,0.7516,0.75012,0.75021,0,0
2015-06-04,16:00:00,0.7502,0.75149,0.75003,0.75119,0,0
2015-06-04,17:00:00,0.75117,0.75144,0.74961,0.75034,0,0
2015-06-04,18:00:00,0.75036,0.7508,0.74987,0.75009,0,0
2015-06-04,19:00:00,0.75002,0.75028,0.74807,0.74917,0,0
2015-06-04,20:00:00,0.74921,0.7515,0.74886,0.75086,0,0
2015-06-04,21:00:00,0.7508,0.75093,0.74986,0.75007,0,0
2015-06-04,22:00:00,0.75002,0.75069,0.74987,0.75044,0,0
2015-06-04,23:00:00,0.75027,0.75073,0.75019,0.75073,0,0
2015-06-04,23:59:00,0.75079,0.75085,0.75014,0.75046,0,0
2015-06-05,01:00:00,0.75041,0.75145,0.75035,0.75128,0,0
2015-06-05,02:00:00,0.7513,0.75233,0.75103,0.75166,0,0
2015-06-05,03:00:00,0.75163,0.7517,0.75097,0.75127,0,0
2015-06-05,04:00:00,0.75128,0.75192,0.75109,0.75121,0,0
2015-06-05,05:00:00,0.75114,0.75151,0.75106,0.75143,0,0
2015-06-05,06:00:00,0.75144,0.75153,0.75091,0.75091,0,0
2015-06-05,07:00:00,0.75091,0.75107,0.74999,0.75046,0,0
2015-06-05,08:00:00,0.75041,0.75079,0.75,0.75,0,0
2015-06-05,09:00:00,0.74994,0.75038,0.74904,0.74906,0,0
2015-06-05,10:00:00,0.74902,0.7492,0.74582,0.74669,0,0
2015-06-05,11:00:00,0.74671,0.74767,0.74614,0.74751,0,0
2015-06-05,12:00:00,0.7475,0.74804,0.74641,0.74656,0,0
2015-06-05,13:00:00,0.74656,0.74895,0.74656,0.74861,0,0
2015-06-05,14:00:00,0.74865,0.74876,0.74744,0.74772,0,0
2015-06-05,15:00:00,0.74777,0.75279,0.74741,0.75268,0,0
2015-06-05,16:00:00,0.75264,0.7554,0.75245,0.75467,0,0
2015-06-05,17:00:00,0.7547,0.75479,0.75229,0.75373,0,0
2015-06-05,18:00:00,0.7537,0.75401,0.75116,0.75131,0,0
2015-06-05,19:00:00,0.75129,0.75163,0.74899,0.74899,0,0
2015-06-05,20:00:00,0.74885,0.74977,0.74801,0.74865,0,0
2015-06-05,21:00:00,0.7486,0.74878,0.747,0.74796,0,0
2015-06-05,22:00:00,0.74796,0.74856,0.74769,0.74802,0,0
2015-06-05,23:00:00,0.7482,0.74823,0.74813,0.74814,0,0
2015-06-08,01:00:00,0.74929,0.74931,0.74824,0.74849,0,0
2015-06-08,02:00:00,0.74843,0.74885,0.74817,0.74885,0,0
2015-06-08,03:00:00,0.74886,0.75018,0.74866,0.75001,0,0
2015-06-08,04:00:00,0.75004,0.75083,0.74976,0.75075,0,0
2015-06-08,05:00:00,0.75073,0.75146,0.7507,0.75071,0,0
2015-06-08,06:00:00,0.75058,0.75085,0.75028,0.75038,0,0
2015-06-08,07:00:00,0.75032,0.75067,0.75004,0.75027,0,0
2015-06-08,08:00:00,0.75025,0.75061,0.74978,0.74996,0,0
2015-06-08,09:00:00,0.74984,0.75141,0.74914,0.7509,0,0
2015-06-08,10:00:00,0.75087,0.75087,0.7483,0.74874,0,0
2015-06-08,11:00:00,0.74869,0.75001,0.74742,0.74985,0,0
2015-06-08,12:00:00,0.74982,0.75066,0.74886,0.75061,0,0
2015-06-08,13:00:00,0.75068,0.75101,0.75005,0.75014,0,0
2015-06-08,14:00:00,0.75013,0.75015,0.74818,0.74853,0,0
2015-06-08,15:00:00,0.74855,0.74909,0.74705,0.74905,0,0
2015-06-08,16:00:00,0.74906,0.74973,0.74814,0.74883,0,0
2015-06-08,17:00:00,0.74881,0.749,0.74664,0.74718,0,0
2015-06-08,18:00:00,0.74716,0.7476,0.74519,0.74616,0,0
2015-06-08,19:00:00,0.74615,0.74626,0.74519,0.74549,0,0
2015-06-08,20:00:00,0.74565,0.74573,0.74371,0.74453,0,0
2015-06-08,21:00:00,0.74459,0.74587,0.74438,0.74564,0,0
2015-06-08,22:00:00,0.74568,0.74675,0.74561,0.74642,0,0
2015-06-08,23:00:00,0.74645,0.74645,0.74435,0.74496,0,0
2015-06-08,23:59:00,0.74504,0.74527,0.74427,0.74458,0,0
2015-06-09,01:00:00,0.74468,0.7449,0.74414,0.74419,0,0
2015-06-09,02:00:00,0.74419,0.74458,0.74401,0.74447,0,0
2015-06-09,03:00:00,0.74447,0.74465,0.74384,0.74454,0,0
2015-06-09,04:00:00,0.74455,0.74479,0.74348,0.74443,0,0
2015-06-09,05:00:00,0.74402,0.74456,0.74402,0.74432,0,0
2015-06-09,06:00:00,0.74432,0.74454,0.74388,0.74388,0,0
2015-06-09,07:00:00,0.74386,0.74414,0.7436,0.74394,0,0
2015-06-09,08:00:00,0.74394,0.74497,0.74394,0.74459,0,0
2015-06-09,09:00:00,0.74461,0.74652,0.7442,0.74521,0,0
2015-06-09,10:00:00,0.74522,0.74663,0.7436,0.74402,0,0
2015-06-09,11:00:00,0.7441,0.74656,0.74284,0.74622,0,0
2015-06-09,12:00:00,0.74611,0.74834,0.74583,0.74813,0,0
2015-06-09,13:00:00,0.74819,0.7494,0.74775,0.74779,0,0
2015-06-09,14:00:00,0.74767,0.75006,0.74697,0.74999,0,0
2015-06-09,15:00:00,0.75007,0.75063,0.74934,0.74998,0,0
2015-06-09,16:00:00,0.74996,0.75036,0.74781,0.74826,0,0
2015-06-09,17:00:00,0.74809,0.74964,0.74796,0.74881,0,0
2015-06-09,18:00:00,0.74879,0.749,0.7473,0.74871,0,0
2015-06-09,19:00:00,0.74871,0.74968,0.7481,0.74909,0,0
2015-06-09,20:00:00,0.74909,0.74968,0.74805,0.74816,0,0
2015-06-09,21:00:00,0.74816,0.74899,0.74799,0.74881,0,0
2015-06-09,22:00:00,0.74884,0.74898,0.74847,0.7487,0,0
2015-06-09,23:00:00,0.7487,0.7489,0.74847,0.74854,0,0
2015-06-09,23:59:00,0.74852,0.74903,0.74852,0.74885,0,0
2015-06-10,01:00:00,0.74885,0.74897,0.74851,0.74852,0,0
2015-06-10,02:00:00,0.74851,0.74874,0.7479,0.74824,0,0
2015-06-10,03:00:00,0.74825,0.74825,0.74723,0.74755,0,0
2015-06-10,04:00:00,0.74761,0.74823,0.74727,0.74799,0,0
2015-06-10,05:00:00,0.74798,0.7485,0.74792,0.74835,0,0
2015-06-10,06:00:00,0.74837,0.74837,0.74764,0.74799,0,0
2015-06-10,07:00:00,0.74799,0.75676,0.74799,0.75582,0,0
2015-06-10,08:00:00,0.75571,0.75815,0.75531,0.75706,0,0
2015-06-10,09:00:00,0.75686,0.75797,0.75431,0.75446,0,0
2015-06-10,10:00:00,0.7542,0.7545,0.75294,0.75357,0,0
2015-06-10,11:00:00,0.75353,0.75581,0.75212,0.75569,0,0
2015-06-10,12:00:00,0.7557,0.75677,0.75498,0.75677,0,0
2015-06-10,13:00:00,0.75676,0.75692,0.75379,0.75396,0,0
2015-06-10,14:00:00,0.75396,0.75617,0.75352,0.75616,0,0
2015-06-10,15:00:00,0.75618,0.75696,0.75521,0.75648,0,0
2015-06-10,16:00:00,0.75655,0.75655,0.75416,0.75585,0,0
2015-06-10,17:00:00,0.75591,0.75756,0.75499,0.7571,0,0
2015-06-10,18:00:00,0.75729,0.75764,0.75518,0.75726,0,0
2015-06-10,19:00:00,0.75732,0.75911,0.75692,0.75856,0,0
2015-06-10,20:00:00,0.75853,0.76003,0.75832,0.75961,0,0
2015-06-10,21:00:00,0.7596,0.75986,0.75884,0.75948,0,0
2015-06-10,22:00:00,0.75943,0.75955,0.75885,0.75927,0,0
2015-06-10,23:00:00,0.75926,0.75974,0.759,0.75923,0,0
2015-06-10,23:59:00,0.75915,0.75963,0.75847,0.75924,0,0
2015-06-11,01:00:00,0.75924,0.75949,0.75879,0.75909,0,0
2015-06-11,02:00:00,0.75908,0.75924,0.75858,0.75861,0,0
2015-06-11,03:00:00,0.75859,0.75859,0.75754,0.75774,0,0
2015-06-11,04:00:00,0.75773,0.75877,0.75769,0.75807,0,0
2015-06-11,05:00:00,0.75808,0.75868,0.75774,0.75789,0,0
2015-06-11,06:00:00,0.75799,0.75814,0.75769,0.75792,0,0
2015-06-11,07:00:00,0.75792,0.75836,0.75694,0.7571,0,0
2015-06-11,08:00:00,0.75705,0.75744,0.75611,0.75621,0,0
2015-06-11,09:00:00,0.75616,0.75649,0.75478,0.75602,0,0
2015-06-11,10:00:00,0.75608,0.75702,0.75505,0.75543,0,0
2015-06-11,11:00:00,0.75558,0.7588,0.75551,0.75719,0,0
2015-06-11,12:00:00,0.75717,0.75764,0.75607,0.75694,0,0
2015-06-11,13:00:00,0.75693,0.75712,0.75547,0.75551,0,0
2015-06-11,14:00:00,0.7555,0.75704,0.75546,0.75695,0,0
2015-06-11,15:00:00,0.75693,0.75839,0.7562,0.75703,0,0
2015-06-11,16:00:00,0.75704,0.75799,0.75641,0.75713,0,0
2015-06-11,17:00:00,0.75714,0.75892,0.75635,0.757,0,0
2015-06-11,18:00:00,0.75698,0.75803,0.75589,0.75752,0,0
2015-06-11,19:00:00,0.75752,0.75834,0.7571,0.75731,0,0
2015-06-11,20:00:00,0.7573,0.75807,0.75719,0.75765,0,0
2015-06-11,21:00:00,0.75765,0.75765,0.75674,0.75697,0,0
2015-06-11,22:00:00,0.75696,0.75707,0.75577,0.75608,0,0
2015-06-11,23:00:00,0.75612,0.75676,0.75591,0.75615,0,0
2015-06-11,23:59:00,0.75607,0.75639,0.7553,0.75623,0,0
2015-06-12,01:00:00,0.75627,0.75658,0.75565,0.75602,0,0
2015-06-12,02:00:00,0.75602,0.75622,0.75526,0.7557,0,0
2015-06-12,03:00:00,0.75563,0.75614,0.75539,0.75596,0,0
2015-06-12,04:00:00,0.7559,0.75634,0.75524,0.75524,0,0
2015-06-12,05:00:00,0.7551,0.7561,0.7551,0.75582,0,0
2015-06-12,06:00:00,0.75581,0.75598,0.75525,0.75571,0,0
2015-06-12,07:00:00,0.75569,0.7575,0.75539,0.75685,0,0
2015-06-12,08:00:00,0.75687,0.75702,0.75614,0.75643,0,0
2015-06-12,09:00:00,0.75645,0.75659,0.75545,0.75607,0,0
2015-06-12,10:00:00,0.75608,0.75608,0.75421,0.75534,0,0
2015-06-12,11:00:00,0.75529,0.75895,0.75416,0.75742,0,0
2015-06-12,12:00:00,0.75739,0.75788,0.75545,0.75603,0,0
2015-06-12,13:00:00,0.75605,0.75638,0.75493,0.75523,0,0
2015-06-12,14:00:00,0.75523,0.75625,0.75486,0.75532,0,0
2015-06-12,15:00:00,0.75533,0.7555,0.75214,0.75235,0,0
2015-06-12,16:00:00,0.75231,0.75316,0.75061,0.75292,0,0
2015-06-12,17:00:00,0.75282,0.75333,0.75104,0.75159,0,0
2015-06-12,18:00:00,0.75165,0.75207,0.75051,0.75153,0,0
2015-06-12,19:00:00,0.75155,0.75202,0.7504,0.75098,0,0
2015-06-12,20:00:00,0.75099,0.75161,0.75062,0.75124,0,0
2015-06-12,21:00:00,0.75122,0.75207,0.75088,0.75198,0,0
2015-06-12,22:00:00,0.75194,0.75335,0.75191,0.75322,0,0
2015-06-12,23:00:00,0.75313,0.75313,0.75297,0.75303,0,0
2015-06-15,01:00:00,0.75438,0.75438,0.75332,0.75374,0,0
2015-06-15,02:00:00,0.75368,0.75432,0.75337,0.75398,0,0
2015-06-15,03:00:00,0.75394,0.75573,0.75381,0.75432,0,0
2015-06-15,04:00:00,0.75432,0.75604,0.75416,0.756,0,0
2015-06-15,05:00:00,0.75598,0.75628,0.7551,0.75511,0,0
2015-06-15,06:00:00,0.75511,0.75528,0.75466,0.75495,0,0
2015-06-15,07:00:00,0.75496,0.75533,0.75457,0.75472,0,0
2015-06-15,08:00:00,0.75466,0.75556,0.75454,0.75556,0,0
2015-06-15,09:00:00,0.75552,0.75611,0.75388,0.75389,0,0
2015-06-15,10:00:00,0.75392,0.75492,0.75328,0.75382,0,0
2015-06-15,11:00:00,0.75389,0.75431,0.75209,0.75347,0,0
2015-06-15,12:00:00,0.75351,0.75466,0.75292,0.75429,0,0
2015-06-15,13:00:00,0.75427,0.75542,0.75325,0.75508,0,0
2015-06-15,14:00:00,0.75504,0.75806,0.75499,0.75806,0,0
2015-06-15,15:00:00,0.75803,0.75919,0.75797,0.75879,0,0
2015-06-15,16:00:00,0.75879,0.76041,0.75854,0.7586,0,0
2015-06-15,17:00:00,0.75859,0.75902,0.75725,0.7573,0,0
2015-06-15,18:00:00,0.75735,0.75872,0.75717,0.75795,0,0
2015-06-15,19:00:00,0.75782,0.75853,0.75621,0.75636,0,0
2015-06-15,20:00:00,0.7564,0.75733,0.75573,0.75599,0,0
2015-06-15,21:00:00,0.75609,0.75612,0.75463,0.75465,0,0
2015-06-15,22:00:00,0.75466,0.75466,0.75187,0.75273,0,0
2015-06-15,23:00:00,0.7528,0.75349,0.75261,0.75311,0,0
2015-06-15,23:59:00,0.7532,0.75375,0.75267,0.7536,0,0
2015-06-16,01:00:00,0.75362,0.75366,0.75321,0.75348,0,0
2015-06-16,02:00:00,0.7535,0.75364,0.75327,0.75348,0,0
2015-06-16,03:00:00,0.75347,0.75431,0.75334,0.75406,0,0
2015-06-16,04:00:00,0.75413,0.75458,0.7524,0.75351,0,0
2015-06-16,05:00:00,0.7535,0.75351,0.75255,0.75311,0,0
2015-06-16,06:00:00,0.7531,0.75316,0.75228,0.75247,0,0
2015-06-16,07:00:00,0.7525,0.7526,0.75215,0.75243,0,0
2015-06-16,08:00:00,0.75244,0.75314,0.75205,0.75228,0,0
2015-06-16,09:00:00,0.75227,0.75324,0.75055,0.75061,0,0
2015-06-16,10:00:00,0.75052,0.75353,0.75039,0.75314,0,0
2015-06-16,11:00:00,0.75317,0.75391,0.75161,0.75366,0,0
2015-06-16,12:00:00,0.7537,0.75476,0.75339,0.75426,0,0
2015-06-16,13:00:00,0.75425,0.75464,0.75299,0.75426,0,0
2015-06-16,14:00:00,0.75415,0.7552,0.75335,0.75506,0,0
2015-06-16,15:00:00,0.75505,0.75643,0.75494,0.75531,0,0
2015-06-16,16:00:00,0.75535,0.75601,0.75423,0.75466,0,0
2015-06-16,17:00:00,0.7547,0.75591,0.75433,0.75436,0,0
2015-06-16,18:00:00,0.75436,0.75624,0.75424,0.75589,0,0
2015-06-16,19:00:00,0.75584,0.75645,0.75562,0.75605,0,0
2015-06-16,20:00:00,0.75601,0.75646,0.75572,0.7558,0,0
2015-06-16,21:00:00,0.75583,0.75602,0.75537,0.75572,0,0
2015-06-16,22:00:00,0.75578,0.75591,0.75536,0.75591,0,0
2015-06-16,23:00:00,0.75591,0.75591,0.75514,0.75574,0,0
2015-06-16,23:59:00,0.75573,0.75577,0.75544,0.75568,0,0
2015-06-17,01:00:00,0.75568,0.75592,0.75523,0.75529,0,0
2015-06-17,02:00:00,0.75532,0.75538,0.75478,0.75478,0,0
2015-06-17,03:00:00,0.7548,0.7553,0.75475,0.75492,0,0
2015-06-17,04:00:00,0.75493,0.75506,0.75409,0.75438,0,0
2015-06-17,05:00:00,0.75438,0.75452,0.75414,0.75421,0,0
2015-06-17,06:00:00,0.75421,0.75429,0.75381,0.75409,0,0
2015-06-17,07:00:00,0.75408,0.75428,0.75385,0.75408,0,0
2015-06-17,08:00:00,0.75404,0.75409,0.75314,0.75387,0,0
2015-06-17,09:00:00,0.75382,0.75413,0.75211,0.75263,0,0
2015-06-17,10:00:00,0.75265,0.75277,0.7466,0.7485,0,0
2015-06-17,11:00:00,0.74868,0.74889,0.74716,0.74788,0,0
2015-06-17,12:00:00,0.7478,0.74896,0.74764,0.74883,0,0
2015-06-17,13:00:00,0.74885,0.74971,0.74853,0.74967,0,0
2015-06-17,14:00:00,0.74967,0.74967,0.74857,0.74884,0,0
2015-06-17,15:00:00,0.74876,0.74907,0.74687,0.74785,0,0
2015-06-17,16:00:00,0.74782,0.74782,0.7467,0.74707,0,0
2015-06-17,17:00:00,0.74701,0.74911,0.74681,0.74852,0,0
2015-06-17,18:00:00,0.74834,0.74862,0.74587,0.74655,0,0
2015-06-17,19:00:00,0.74637,0.74668,0.74532,0.74573,0,0
2015-06-17,20:00:00,0.74574,0.74632,0.74493,0.74493,0,0
2015-06-17,21:00:00,0.7444,0.74788,0.7444,0.74734,0,0
2015-06-17,22:00:00,0.74743,0.74744,0.74631,0.747,0,0
2015-06-17,23:00:00,0.7471,0.74738,0.74663,0.74697,0,0
2015-06-17,23:59:00,0.74678,0.74754,0.74661,0.74718,0,0
2015-06-18,01:00:00,0.74717,0.74728,0.74659,0.74673,0,0
2015-06-18,02:00:00,0.74671,0.74689,0.74514,0.74544,0,0
2015-06-18,03:00:00,0.74541,0.74597,0.74516,0.74571,0,0
2015-06-18,04:00:00,0.7457,0.74755,0.74563,0.74718,0,0
2015-06-18,05:00:00,0.74717,0.74791,0.74664,0.74791,0,0
2015-06-18,06:00:00,0.74788,0.74795,0.74726,0.74733,0,0
2015-06-18,07:00:00,0.74736,0.74783,0.74732,0.74752,0,0
2015-06-18,08:00:00,0.74751,0.7489,0.74738,0.74856,0,0
2015-06-18,09:00:00,0.74857,0.74962,0.74826,0.7486,0,0
2015-06-18,10:00:00,0.74865,0.75005,0.74791,0.74823,0,0
2015-06-18,11:00:00,0.74818,0.74857,0.74626,0.74734,0,0
2015-06-18,12:00:00,0.74749,0.74903,0.74703,0.74708,0,0
2015-06-18,13:00:00,0.74712,0.74843,0.74704,0.74721,0,0
2015-06-18,14:00:00,0.74708,0.74819,0.74636,0.74761,0,0
2015-06-18,15:00:00,0.74757,0.74849,0.74642,0.74725,0,0
2015-06-18,16:00:00,0.74717,0.74723,0.74595,0.74703,0,0
2015-06-18,17:00:00,0.74695,0.74772,0.74594,0.74692,0,0
2015-06-18,18:00:00,0.7469,0.74889,0.74609,0.74845,0,0
2015-06-18,19:00:00,0.74859,0.75092,0.74811,0.75038,0,0
2015-06-18,20:00:00,0.75044,0.75087,0.74973,0.74991,0,0
2015-06-18,21:00:00,0.74994,0.7503,0.74908,0.7494,0,0
2015-06-18,22:00:00,0.74933,0.75007,0.74928,0.74947,0,0
2015-06-18,23:00:00,0.74938,0.74974,0.74924,0.74963,0,0
2015-06-18,23:59:00,0.74917,0.74964,0.74903,0.74956,0,0
2015-06-19,01:00:00,0.74952,0.74967,0.74888,0.74904,0,0
2015-06-19,02:00:00,0.74904,0.74925,0.74877,0.74912,0,0
2015-06-19,03:00:00,0.74911,0.74927,0.74828,0.74916,0,0
2015-06-19,04:00:00,0.74915,0.74948,0.74901,0.74932,0,0
2015-06-19,05:00:00,0.7493,0.7495,0.74911,0.74932,0,0
2015-06-19,06:00:00,0.7493,0.74958,0.74878,0.74887,0,0
2015-06-19,07:00:00,0.74889,0.74944,0.74872,0.74905,0,0
2015-06-19,08:00:00,0.74908,0.74922,0.74867,0.74868,0,0
2015-06-19,09:00:00,0.74871,0.74996,0.74869,0.74956,0,0
2015-06-19,10:00:00,0.74952,0.75148,0.7493,0.75024,0,0
2015-06-19,11:00:00,0.75009,0.75029,0.74937,0.75016,0,0
2015-06-19,12:00:00,0.75027,0.75042,0.74873,0.75028,0,0
2015-06-19,13:00:00,0.75022,0.75102,0.74909,0.7495,0,0
2015-06-19,14:00:00,0.74964,0.75098,0.74943,0.75071,0,0
2015-06-19,15:00:00,0.75069,0.75113,0.74985,0.75064,0,0
2015-06-19,16:00:00,0.75068,0.75274,0.75068,0.75233,0,0
2015-06-19,17:00:00,0.75224,0.75253,0.7513,0.7513,0,0
2015-06-19,18:00:00,0.75135,0.75145,0.75012,0.75041,0,0
2015-06-19,19:00:00,0.75035,0.7507,0.74934,0.75067,0,0
2015-06-19,20:00:00,0.75068,0.75086,0.74865,0.74867,0,0
2015-06-19,21:00:00,0.74872,0.74872,0.74744,0.74774,0,0
2015-06-19,22:00:00,0.74775,0.74816,0.74716,0.74731,0,0
2015-06-19,23:00:00,0.74728,0.74751,0.74725,0.74749,0,0
2015-06-22,01:00:00,0.7462,0.7477,0.7462,0.74762,0,0
2015-06-22,02:00:00,0.74751,0.74827,0.74734,0.74815,0,0
2015-06-22,03:00:00,0.74814,0.74819,0.74722,0.74792,0,0
2015-06-22,04:00:00,0.74792,0.74803,0.74705,0.74738,0,0
2015-06-22,05:00:00,0.74738,0.74772,0.7471,0.74721,0,0
2015-06-22,06:00:00,0.74715,0.74775,0.74696,0.74769,0,0
2015-06-22,07:00:00,0.74768,0.74777,0.74662,0.74705,0,0
2015-06-22,08:00:00,0.74704,0.74821,0.74697,0.74786,0,0
2015-06-22,09:00:00,0.74788,0.74834,0.74578,0.74703,0,0
2015-06-22,10:00:00,0.74704,0.74822,0.74522,0.74769,0,0
2015-06-22,11:00:00,0.74743,0.74898,0.74723,0.74783,0,0
2015-06-22,12:00:00,0.74784,0.74818,0.74715,0.74732,0,0
2015-06-22,13:00:00,0.74727,0.74806,0.74622,0.74702,0,0
2015-06-22,14:00:00,0.74711,0.74795,0.74623,0.74778,0,0
2015-06-22,15:00:00,0.74783,0.74842,0.74472,0.74658,0,0
2015-06-22,16:00:00,0.74654,0.74879,0.74517,0.74771,0,0
2015-06-22,17:00:00,0.74766,0.74828,0.74337,0.74444,0,0
2015-06-22,18:00:00,0.74448,0.74553,0.74412,0.74539,0,0
2015-06-22,19:00:00,0.74536,0.74732,0.74536,0.74643,0,0
2015-06-22,20:00:00,0.74646,0.74714,0.74604,0.74697,0,0
2015-06-22,21:00:00,0.74697,0.74702,0.7458,0.74692,0,0
2015-06-22,22:00:00,0.74697,0.74761,0.74652,0.74724,0,0
2015-06-22,23:00:00,0.74728,0.74745,0.74672,0.74686,0,0
2015-06-22,23:59:00,0.74703,0.7475,0.74658,0.74701,0,0
2015-06-23,01:00:00,0.74701,0.74718,0.74684,0.74685,0,0
2015-06-23,02:00:00,0.74685,0.74706,0.74636,0.74694,0,0
2015-06-23,03:00:00,0.7469,0.74728,0.74672,0.74701,0,0
2015-06-23,04:00:00,0.74699,0.74708,0.74639,0.74655,0,0
2015-06-23,05:00:00,0.74654,0.75017,0.74654,0.74987,0,0
2015-06-23,06:00:00,0.74987,0.75075,0.74945,0.75024,0,0
2015-06-23,07:00:00,0.75024,0.7503,0.74918,0.74951,0,0
2015-06-23,08:00:00,0.74951,0.74987,0.74885,0.74962,0,0
2015-06-23,09:00:00,0.74954,0.75099,0.74944,0.74962,0,0
2015-06-23,10:00:00,0.74963,0.75052,0.7488,0.74971,0,0
2015-06-23,11:00:00,0.7498,0.752,0.74966,0.75105,0,0
2015-06-23,12:00:00,0.75119,0.75346,0.75093,0.75258,0,0
2015-06-23,13:00:00,0.75259,0.75411,0.75257,0.75407,0,0
2015-06-23,14:00:00,0.75399,0.7543,0.75316,0.75382,0,0
2015-06-23,15:00:00,0.75389,0.75585,0.75303,0.75554,0,0
2015-06-23,16:00:00,0.7556,0.75632,0.7548,0.75508,0,0
2015-06-23,17:00:00,0.75495,0.75524,0.75331,0.75393,0,0
2015-06-23,18:00:00,0.75398,0.75513,0.7535,0.75482,0,0
2015-06-23,19:00:00,0.75483,0.75553,0.7546,0.75474,0,0
2015-06-23,20:00:00,0.75476,0.75499,0.75412,0.75424,0,0
2015-06-23,21:00:00,0.75424,0.75496,0.75376,0.75472,0,0
2015-06-23,22:00:00,0.75464,0.75464,0.75378,0.75403,0,0
2015-06-23,23:00:00,0.754,0.75423,0.75349,0.75355,0,0
2015-06-23,23:59:00,0.75362,0.75406,0.7536,0.754,0,0
2015-06-24,01:00:00,0.75399,0.75402,0.75363,0.75372,0,0
2015-06-24,02:00:00,0.75372,0.75401,0.75365,0.75369,0,0
2015-06-24,03:00:00,0.75363,0.75421,0.75351,0.75397,0,0
2015-06-24,04:00:00,0.75396,0.75396,0.75344,0.75381,0,0
2015-06-24,05:00:00,0.7538,0.75393,0.75322,0.75322,0,0
2015-06-24,06:00:00,0.75321,0.75349,0.75289,0.753,0,0
2015-06-24,07:00:00,0.753,0.7532,0.7527,0.75299,0,0
2015-06-24,08:00:00,0.75299,0.75308,0.75181,0.75206,0,0
2015-06-24,09:00:00,0.7522,0.75283,0.75153,0.75176,0,0
2015-06-24,10:00:00,0.75169,0.75226,0.7497,0.7497,0,0
2015-06-24,11:00:00,0.74972,0.75133,0.74972,0.75121,0,0
2015-06-24,12:00:00,0.75125,0.75351,0.75089,0.75267,0,0
2015-06-24,13:00:00,0.75276,0.75341,0.75189,0.75204,0,0
2015-06-24,14:00:00,0.75206,0.75255,0.75179,0.75195,0,0
2015-06-24,15:00:00,0.75179,0.75322,0.75168,0.75302,0,0
2015-06-24,16:00:00,0.75301,0.75353,0.75226,0.75243,0,0
2015-06-24,17:00:00,0.75236,0.75306,0.75147,0.75195,0,0
2015-06-24,18:00:00,0.75202,0.75362,0.75178,0.75359,0,0
2015-06-24,19:00:00,0.75351,0.75477,0.75322,0.75424,0,0
2015-06-24,20:00:00,0.75422,0.7553,0.75366,0.75416,0,0
2015-06-24,21:00:00,0.75417,0.75467,0.7539,0.75425,0,0
2015-06-24,22:00:00,0.75425,0.75447,0.75346,0.75411,0,0
2015-06-24,23:00:00,0.75414,0.75425,0.75333,0.7539,0,0
2015-06-24,23:59:00,0.75387,0.75426,0.75346,0.7535,0,0
2015-06-25,01:00:00,0.75351,0.75416,0.75349,0.75355,0,0
2015-06-25,02:00:00,0.75356,0.75405,0.7533,0.75384,0,0
2015-06-25,03:00:00,0.75379,0.754,0.75349,0.75385,0,0
2015-06-25,04:00:00,0.75384,0.75419,0.75367,0.75411,0,0
2015-06-25,05:00:00,0.75412,0.75475,0.75408,0.75462,0,0
2015-06-25,06:00:00,0.75464,0.75529,0.7544,0.75503,0,0
2015-06-25,07:00:00,0.75504,0.75577,0.7548,0.75506,0,0
2015-06-25,08:00:00,0.75506,0.75568,0.75477,0.75501,0,0
2015-06-25,09:00:00,0.75519,0.75614,0.75418,0.75589,0,0
2015-06-25,10:00:00,0.75571,0.75595,0.754,0.75541,0,0
2015-06-25,11:00:00,0.7554,0.75728,0.75487,0.75728,0,0
2015-06-25,12:00:00,0.75728,0.76142,0.75724,0.76052,0,0
2015-06-25,13:00:00,0.76042,0.76096,0.75909,0.75979,0,0
2015-06-25,14:00:00,0.75998,0.76141,0.75963,0.76015,0,0
2015-06-25,15:00:00,0.76029,0.76053,0.75825,0.75915,0,0
2015-06-25,16:00:00,0.75917,0.75993,0.7564,0.75802,0,0
2015-06-25,17:00:00,0.75797,0.75861,0.75726,0.75861,0,0
2015-06-25,18:00:00,0.75854,0.75974,0.75806,0.75841,0,0
2015-06-25,19:00:00,0.75838,0.75839,0.75709,0.75759,0,0
2015-06-25,20:00:00,0.75751,0.75833,0.75744,0.75811,0,0
2015-06-25,21:00:00,0.75811,0.75837,0.75717,0.75752,0,0
2015-06-25,22:00:00,0.75753,0.75831,0.75739,0.75824,0,0
2015-06-25,23:00:00,0.75803,0.75821,0.75706,0.75768,0,0
2015-06-25,23:59:00,0.75787,0.75787,0.75675,0.75721,0,0
2015-06-26,01:00:00,0.75721,0.75782,0.75719,0.75779,0,0
2015-06-26,02:00:00,0.75779,0.75813,0.75762,0.7578,0,0
2015-06-26,03:00:00,0.7578,0.7581,0.75743,0.75786,0,0
2015-06-26,04:00:00,0.75786,0.75875,0.75748,0.75865,0,0
2015-06-26,05:00:00,0.75864,0.75972,0.75836,0.75954,0,0
2015-06-26,06:00:00,0.75954,0.75955,0.75853,0.75861,0,0
2015-06-26,07:00:00,0.75855,0.75885,0.75833,0.75871,0,0
2015-06-26,08:00:00,0.75872,0.75977,0.7587,0.75959,0,0
2015-06-26,09:00:00,0.75961,0.7597,0.75805,0.75847,0,0
2015-06-26,10:00:00,0.75847,0.75927,0.75643,0.75676,0,0
2015-06-26,11:00:00,0.75677,0.75681,0.75553,0.7559,0,0
2015-06-26,12:00:00,0.7559,0.75656,0.75541,0.75582,0,0
2015-06-26,13:00:00,0.75582,0.75602,0.75373,0.75463,0,0
2015-06-26,14:00:00,0.75456,0.75576,0.75389,0.75445,0,0
2015-06-26,15:00:00,0.75445,0.75513,0.75363,0.7549,0,0
2015-06-26,16:00:00,0.75503,0.75557,0.75285,0.753,0,0
2015-06-26,17:00:00,0.75313,0.75448,0.75214,0.75431,0,0
2015-06-26,18:00:00,0.75429,0.75497,0.75387,0.75465,0,0
2015-06-26,19:00:00,0.75463,0.75587,0.75434,0.75516,0,0
2015-06-26,20:00:00,0.75495,0.75514,0.75412,0.75471,0,0
2015-06-26,21:00:00,0.75469,0.75633,0.75451,0.75626,0,0
2015-06-26,22:00:00,0.75615,0.7562,0.75447,0.75447,0,0
2015-06-26,23:00:00,0.75443,0.75443,0.75428,0.75433,0,0
2015-06-29,01:00:00,0.76657,0.77114,0.76526,0.76616,0,0
2015-06-29,02:00:00,0.76615,0.76756,0.76479,0.76717,0,0
2015-06-29,03:00:00,0.76714,0.76784,0.76183,0.76261,0,0
2015-06-29,04:00:00,0.76262,0.76303,0.76159,0.76252,0,0
2015-06-29,05:00:00,0.76239,0.76282,0.76199,0.76271,0,0
2015-06-29,06:00:00,0.76269,0.76421,0.76242,0.76362,0,0
2015-06-29,07:00:00,0.76361,0.76627,0.76347,0.76551,0,0
2015-06-29,08:00:00,0.76551,0.76759,0.76469,0.76578,0,0
2015-06-29,09:00:00,0.76577,0.76712,0.76077,0.7614,0,0
2015-06-29,10:00:00,0.76134,0.76699,0.76093,0.76367,0,0
2015-06-29,11:00:00,0.76368,0.76447,0.76145,0.76204,0,0
2015-06-29,12:00:00,0.76203,0.76272,0.76125,0.76174,0,0
2015-06-29,13:00:00,0.76176,0.76255,0.75968,0.76011,0,0
2015-06-29,14:00:00,0.76015,0.76071,0.75889,0.75946,0,0
2015-06-29,15:00:00,0.75951,0.75965,0.75812,0.75924,0,0
2015-06-29,16:00:00,0.7592,0.75993,0.75748,0.75796,0,0
2015-06-29,17:00:00,0.75773,0.75777,0.7556,0.75753,0,0
2015-06-29,18:00:00,0.75748,0.75784,0.75661,0.75747,0,0
2015-06-29,19:00:00,0.75744,0.75785,0.75594,0.75641,0,0
2015-06-29,20:00:00,0.75638,0.75701,0.75491,0.75572,0,0
2015-06-29,21:00:00,0.75567,0.75678,0.75527,0.75603,0,0
2015-06-29,22:00:00,0.7561,0.75704,0.75546,0.75552,0,0
2015-06-29,23:00:00,0.75553,0.75595,0.75465,0.7548,0,0
2015-06-29,23:59:00,0.75494,0.75495,0.75451,0.75469,0,0
2015-06-30,01:00:00,0.75475,0.75552,0.75457,0.75527,0,0
2015-06-30,02:00:00,0.75531,0.75552,0.75449,0.75487,0,0
2015-06-30,03:00:00,0.75486,0.75678,0.75462,0.75652,0,0
2015-06-30,04:00:00,0.75655,0.7572,0.7563,0.75714,0,0
2015-06-30,05:00:00,0.75706,0.75906,0.75683,0.75886,0,0
2015-06-30,06:00:00,0.75885,0.75985,0.75803,0.75852,0,0
2015-06-30,07:00:00,0.76059,0.76106,0.75852,0.76096,0,0
2015-06-30,08:00:00,0.76103,0.76123,0.76034,0.76079,0,0
2015-06-30,09:00:00,0.76078,0.76217,0.7593,0.76164,0,0
2015-06-30,10:00:00,0.76167,0.76253,0.76072,0.76204,0,0
2015-06-30,11:00:00,0.76204,0.76396,0.76146,0.76332,0,0
2015-06-30,12:00:00,0.76338,0.76342,0.75897,0.75939,0,0
2015-06-30,13:00:00,0.75941,0.76076,0.75822,0.75933,0,0
2015-06-30,14:00:00,0.75928,0.76071,0.75921,0.76005,0,0
2015-06-30,15:00:00,0.76018,0.7607,0.75908,0.75997,0,0
2015-06-30,16:00:00,0.75999,0.76138,0.75955,0.76039,0,0
2015-06-30,17:00:00,0.76035,0.7646,0.75985,0.7646,0,0
2015-06-30,18:00:00,0.7646,0.7667,0.7641,0.76562,0,0
2015-06-30,19:00:00,0.76557,0.76763,0.76481,0.76585,0,0
2015-06-30,20:00:00,0.76586,0.76652,0.76392,0.76392,0,0
2015-06-30,21:00:00,0.76392,0.76524,0.76327,0.76456,0,0
2015-06-30,22:00:00,0.76456,0.76475,0.7636,0.76378,0,0
2015-06-30,23:00:00,0.76384,0.76433,0.76342,0.76364,0,0
2015-06-30,23:59:00,0.7637,0.76467,0.76342,0.76376,0,0
2015-07-01,01:00:00,0.76393,0.76502,0.76393,0.76466,0,0
2015-07-01,02:00:00,0.76466,0.76471,0.76363,0.76414,0,0
2015-07-01,03:00:00,0.76404,0.7646,0.76244,0.76274,0,0
2015-07-01,04:00:00,0.76275,0.7635,0.76211,0.76311,0,0
2015-07-01,05:00:00,0.76311,0.76392,0.76301,0.76389,0,0
2015-07-01,06:00:00,0.76384,0.76387,0.76334,0.76359,0,0
2015-07-01,07:00:00,0.7636,0.76421,0.7635,0.76403,0,0
2015-07-01,08:00:00,0.76403,0.76403,0.76284,0.76302,0,0
2015-07-01,09:00:00,0.76299,0.76387,0.76279,0.76376,0,0
2015-07-01,10:00:00,0.76395,0.76681,0.7639,0.76612,0,0
2015-07-01,11:00:00,0.76621,0.7676,0.76324,0.76385,0,0
2015-07-01,12:00:00,0.76366,0.76517,0.76103,0.76435,0,0
2015-07-01,13:00:00,0.7644,0.76682,0.76392,0.76628,0,0
2015-07-01,14:00:00,0.76622,0.76652,0.76562,0.76577,0,0
2015-07-01,15:00:00,0.76576,0.76712,0.76413,0.76554,0,0
2015-07-01,16:00:00,0.76553,0.76757,0.76516,0.7662,0,0
2015-07-01,17:00:00,0.76619,0.76834,0.76549,0.76834,0,0
2015-07-01,18:00:00,0.76834,0.76914,0.76778,0.76877,0,0
2015-07-01,19:00:00,0.76878,0.76955,0.7681,0.76904,0,0
2015-07-01,20:00:00,0.76902,0.77011,0.76892,0.76987,0,0
2015-07-01,21:00:00,0.76989,0.77044,0.76917,0.77041,0,0
2015-07-01,22:00:00,0.77041,0.77042,0.76957,0.76966,0,0
2015-07-01,23:00:00,0.76973,0.77033,0.76946,0.77002,0,0
2015-07-01,23:59:00,0.76979,0.77015,0.76906,0.76966,0,0
2015-07-02,01:00:00,0.76965,0.76987,0.76943,0.76945,0,0
2015-07-02,02:00:00,0.76945,0.76995,0.76919,0.76927,0,0
2015-07-02,03:00:00,0.7693,0.76956,0.76846,0.76864,0,0
2015-07-02,04:00:00,0.76863,0.76869,0.76768,0.76795,0,0
2015-07-02,05:00:00,0.76792,0.76814,0.76693,0.76743,0,0
2015-07-02,06:00:00,0.76745,0.76776,0.76705,0.76748,0,0
2015-07-02,07:00:00,0.76748,0.76767,0.76681,0.76681,0,0
2015-07-02,08:00:00,0.76685,0.76721,0.76601,0.76613,0,0
2015-07-02,09:00:00,0.76618,0.76723,0.76587,0.76621,0,0
2015-07-02,10:00:00,0.76603,0.76828,0.76588,0.76802,0,0
2015-07-02,11:00:00,0.76811,0.76819,0.766,0.76665,0,0
2015-07-02,12:00:00,0.76678,0.76937,0.76668,0.76936,0,0
2015-07-02,13:00:00,0.7694,0.76954,0.76804,0.76866,0,0
2015-07-02,14:00:00,0.76871,0.76907,0.76816,0.76882,0,0
2015-07-02,15:00:00,0.76881,0.77004,0.76606,0.76636,0,0
2015-07-02,16:00:00,0.76651,0.76705,0.76568,0.76599,0,0
2015-07-02,17:00:00,0.76601,0.76725,0.76549,0.76668,0,0
2015-07-02,18:00:00,0.76673,0.76773,0.76602,0.76642,0,0
2015-07-02,19:00:00,0.76642,0.76725,0.76614,0.76725,0,0
2015-07-02,20:00:00,0.76726,0.76794,0.76673,0.76704,0,0
2015-07-02,21:00:00,0.76711,0.76753,0.76663,0.76665,0,0
2015-07-02,22:00:00,0.76665,0.76707,0.76624,0.76673,0,0
2015-07-02,23:00:00,0.76696,0.76724,0.76656,0.76667,0,0
2015-07-02,23:59:00,0.76668,0.76685,0.76649,0.76674,0,0
2015-07-03,01:00:00,0.76669,0.76693,0.76604,0.76627,0,0
2015-07-03,02:00:00,0.76625,0.76686,0.76624,0.76686,0,0
2015-07-03,03:00:00,0.76685,0.76787,0.7667,0.767,0,0
2015-07-03,04:00:00,0.767,0.76743,0.7667,0.76702,0,0
2015-07-03,05:00:00,0.76705,0.76711,0.76627,0.7663,0,0
2015-07-03,06:00:00,0.76626,0.76658,0.766,0.76655,0,0
2015-07-03,07:00:00,0.76655,0.76657,0.76564,0.7658,0,0
2015-07-03,08:00:00,0.76581,0.76588,0.76494,0.76541,0,0
2015-07-03,09:00:00,0.76541,0.76593,0.76479,0.76546,0,0
2015-07-03,10:00:00,0.76546,0.76622,0.76486,0.76513,0,0
2015-07-03,11:00:00,0.76519,0.76572,0.7642,0.76572,0,0
2015-07-03,12:00:00,0.7654,0.7663,0.76511,0.76567,0,0
2015-07-03,13:00:00,0.76561,0.76634,0.76551,0.76585,0,0
2015-07-03,14:00:00,0.76584,0.76689,0.76578,0.76671,0,0
2015-07-03,15:00:00,0.76673,0.76872,0.76673,0.76755,0,0
2015-07-03,16:00:00,0.76753,0.76773,0.76626,0.76727,0,0
2015-07-03,17:00:00,0.76721,0.76753,0.7659,0.76748,0,0
2015-07-03,18:00:00,0.76745,0.76797,0.76674,0.76746,0,0
2015-07-03,19:00:00,0.76746,0.76792,0.76588,0.76782,0,0
2015-07-03,20:00:00,0.76781,0.76791,0.76685,0.76747,0,0
2015-07-03,21:00:00,0.76747,0.76748,0.76618,0.76633,0,0
2015-07-03,22:00:00,0.76632,0.76692,0.76598,0.76611,0,0
2015-07-03,23:00:00,0.76611,0.76614,0.76597,0.76599,0,0
2015-07-06,01:00:00,0.77331,0.77428,0.76974,0.77046,0,0
2015-07-06,02:00:00,0.77046,0.77145,0.77024,0.77142,0,0
2015-07-06,03:00:00,0.77141,0.77158,0.76915,0.76997,0,0
2015-07-06,04:00:00,0.76997,0.77016,0.76795,0.76906,0,0
2015-07-06,05:00:00,0.76894,0.77036,0.7689,0.77022,0,0
2015-07-06,06:00:00,0.77014,0.77127,0.76986,0.77101,0,0
2015-07-06,07:00:00,0.77098,0.77246,0.77093,0.77178,0,0
2015-07-06,08:00:00,0.77178,0.77298,0.76829,0.76904,0,0
2015-07-06,09:00:00,0.7691,0.77049,0.76869,0.76926,0,0
2015-07-06,10:00:00,0.76923,0.76996,0.76827,0.76856,0,0
2015-07-06,11:00:00,0.76859,0.77066,0.76803,0.77044,0,0
2015-07-06,12:00:00,0.77043,0.77066,0.76976,0.77029,0,0
2015-07-06,13:00:00,0.77032,0.77133,0.76994,0.7702,0,0
2015-07-06,14:00:00,0.77016,0.77074,0.76893,0.77068,0,0
2015-07-06,15:00:00,0.77068,0.77175,0.77053,0.77151,0,0
2015-07-06,16:00:00,0.7715,0.77254,0.77082,0.771,0,0
2015-07-06,17:00:00,0.77092,0.77099,0.76816,0.76932,0,0
2015-07-06,18:00:00,0.76934,0.77058,0.76829,0.76989,0,0
2015-07-06,19:00:00,0.76987,0.77026,0.76821,0.76879,0,0
2015-07-06,20:00:00,0.76877,0.77056,0.76846,0.76974,0,0
2015-07-06,21:00:00,0.76975,0.77051,0.76939,0.77009,0,0
2015-07-06,22:00:00,0.77002,0.77008,0.76925,0.76938,0,0
2015-07-06,23:00:00,0.76936,0.76954,0.76894,0.769,0,0
2015-07-06,23:59:00,0.76903,0.7692,0.76886,0.76899,0,0
2015-07-07,01:00:00,0.76905,0.76919,0.76853,0.76879,0,0
2015-07-07,02:00:00,0.76878,0.76912,0.7686,0.76883,0,0
2015-07-07,03:00:00,0.7688,0.76926,0.76812,0.76813,0,0
2015-07-07,04:00:00,0.76814,0.7694,0.76807,0.76899,0,0
2015-07-07,05:00:00,0.76898,0.76953,0.76871,0.76886,0,0
2015-07-07,06:00:00,0.76886,0.76969,0.76878,0.76956,0,0
2015-07-07,07:00:00,0.76954,0.7701,0.76926,0.76939,0,0
2015-07-07,08:00:00,0.76941,0.76994,0.76919,0.76939,0,0
2015-07-07,09:00:00,0.76934,0.77054,0.76911,0.77038,0,0
2015-07-07,10:00:00,0.77022,0.77068,0.76879,0.77041,0,0
2015-07-07,11:00:00,0.77044,0.77281,0.77003,0.77243,0,0
2015-07-07,12:00:00,0.77241,0.77326,0.77156,0.77258,0,0
2015-07-07,13:00:00,0.77261,0.77427,0.77207,0.77367,0,0
2015-07-07,14:00:00,0.77389,0.7762,0.77371,0.7755,0,0
2015-07-07,15:00:00,0.77548,0.77674,0.77499,0.77599,0,0
2015-07-07,16:00:00,0.77596,0.77655,0.77399,0.77492,0,0
2015-07-07,17:00:00,0.77488,0.77804,0.77488,0.77775,0,0
2015-07-07,18:00:00,0.77765,0.77817,0.77615,0.77617,0,0
2015-07-07,19:00:00,0.77612,0.77674,0.77567,0.77663,0,0
2015-07-07,20:00:00,0.77652,0.7766,0.77465,0.77465,0,0
2015-07-07,21:00:00,0.77457,0.77468,0.77281,0.77304,0,0
2015-07-07,22:00:00,0.77304,0.77341,0.76966,0.77135,0,0
2015-07-07,23:00:00,0.77145,0.77276,0.77111,0.77259,0,0
2015-07-07,23:59:00,0.7726,0.77379,0.77184,0.77308,0,0
2015-07-08,01:00:00,0.77313,0.77357,0.77284,0.77295,0,0
2015-07-08,02:00:00,0.77286,0.77293,0.77217,0.7726,0,0
2015-07-08,03:00:00,0.77261,0.77399,0.77241,0.77385,0,0
2015-07-08,04:00:00,0.77386,0.77639,0.77384,0.77481,0,0
2015-07-08,05:00:00,0.77488,0.77544,0.77383,0.77478,0,0
2015-07-08,06:00:00,0.77479,0.77591,0.77455,0.77515,0,0
2015-07-08,07:00:00,0.77516,0.7757,0.77389,0.7754,0,0
2015-07-08,08:00:00,0.77529,0.77549,0.77422,0.77514,0,0
2015-07-08,09:00:00,0.77509,0.77617,0.77455,0.77608,0,0
2015-07-08,10:00:00,0.77616,0.77754,0.77465,0.77465,0,0
2015-07-08,11:00:00,0.77458,0.77646,0.77403,0.77487,0,0
2015-07-08,12:00:00,0.77497,0.77585,0.7738,0.77562,0,0
2015-07-08,13:00:00,0.77557,0.77962,0.7754,0.77962,0,0
2015-07-08,14:00:00,0.77949,0.78224,0.77937,0.78214,0,0
2015-07-08,15:00:00,0.78221,0.78275,0.78087,0.78198,0,0
2015-07-08,16:00:00,0.78202,0.78424,0.78202,0.78329,0,0
2015-07-08,17:00:00,0.78334,0.78516,0.78329,0.7847,0,0
2015-07-08,18:00:00,0.78474,0.78632,0.78451,0.78464,0,0
2015-07-08,19:00:00,0.7846,0.7854,0.78352,0.78483,0,0
2015-07-08,20:00:00,0.78482,0.78509,0.78365,0.78473,0,0
2015-07-08,21:00:00,0.78473,0.78519,0.78393,0.78411,0,0
2015-07-08,22:00:00,0.78408,0.78495,0.7831,0.78384,0,0
2015-07-08,23:00:00,0.78373,0.78383,0.78285,0.78316,0,0
2015-07-08,23:59:00,0.78311,0.78411,0.78311,0.78392,0,0
2015-07-09,01:00:00,0.7841,0.78486,0.7834,0.78342,0,0
2015-07-09,02:00:00,0.78342,0.78347,0.78236,0.78236,0,0
2015-07-09,03:00:00,0.7823,0.78403,0.78226,0.78332,0,0
2015-07-09,04:00:00,0.78337,0.78337,0.78174,0.78201,0,0
2015-07-09,05:00:00,0.7818,0.78187,0.77942,0.78074,0,0
2015-07-09,06:00:00,0.78074,0.78074,0.77922,0.77998,0,0
2015-07-09,07:00:00,0.77999,0.78034,0.77858,0.77858,0,0
2015-07-09,08:00:00,0.77866,0.77877,0.77656,0.77709,0,0
2015-07-09,09:00:00,0.77707,0.77831,0.77606,0.77732,0,0
2015-07-09,10:00:00,0.77745,0.78182,0.77745,0.78172,0,0
2015-07-09,11:00:00,0.78184,0.78283,0.78067,0.78236,0,0
2015-07-09,12:00:00,0.78237,0.78359,0.78184,0.78341,0,0
2015-07-09,13:00:00,0.78327,0.78371,0.78175,0.782,0,0
2015-07-09,14:00:00,0.78195,0.78248,0.78084,0.78185,0,0
2015-07-09,15:00:00,0.78184,0.78306,0.78127,0.78267,0,0
2015-07-09,16:00:00,0.78265,0.78288,0.77983,0.78155,0,0
2015-07-09,17:00:00,0.78154,0.78277,0.78084,0.78103,0,0
2015-07-09,18:00:00,0.78096,0.78357,0.78068,0.78345,0,0
2015-07-09,19:00:00,0.78335,0.78344,0.78134,0.78143,0,0
2015-07-09,20:00:00,0.78157,0.78266,0.78095,0.78181,0,0
2015-07-09,21:00:00,0.78184,0.78244,0.78106,0.78189,0,0
2015-07-09,22:00:00,0.78185,0.78205,0.78097,0.78183,0,0
2015-07-09,23:00:00,0.78182,0.78202,0.78098,0.78116,0,0
2015-07-09,23:59:00,0.78108,0.78247,0.78004,0.78004,0,0
2015-07-10,01:00:00,0.78021,0.78044,0.77789,0.77833,0,0
2015-07-10,02:00:00,0.77833,0.77939,0.77827,0.77875,0,0
2015-07-10,03:00:00,0.77871,0.77981,0.77797,0.77818,0,0
2015-07-10,04:00:00,0.7782,0.77827,0.77601,0.77644,0,0
2015-07-10,05:00:00,0.77646,0.77724,0.77539,0.77541,0,0
2015-07-10,06:00:00,0.77545,0.77655,0.77531,0.77609,0,0
2015-07-10,07:00:00,0.77607,0.77731,0.77589,0.77712,0,0
2015-07-10,08:00:00,0.77711,0.7777,0.77522,0.77613,0,0
2015-07-10,09:00:00,0.77631,0.7766,0.7747,0.77634,0,0
2015-07-10,10:00:00,0.77626,0.77753,0.76886,0.77038,0,0
2015-07-10,11:00:00,0.77038,0.77074,0.76795,0.77028,0,0
2015-07-10,12:00:00,0.77031,0.77067,0.76551,0.76671,0,0
2015-07-10,13:00:00,0.76676,0.76676,0.76483,0.76521,0,0
2015-07-10,14:00:00,0.76522,0.76543,0.76222,0.76494,0,0
2015-07-10,15:00:00,0.76498,0.76565,0.76366,0.76476,0,0
2015-07-10,16:00:00,0.76475,0.76532,0.76333,0.76473,0,0
2015-07-10,17:00:00,0.76455,0.76581,0.76406,0.76544,0,0
2015-07-10,18:00:00,0.76549,0.7677,0.76533,0.76667,0,0
2015-07-10,19:00:00,0.7668,0.7671,0.76554,0.76661,0,0
2015-07-10,20:00:00,0.76661,0.76727,0.76601,0.76611,0,0
2015-07-10,21:00:00,0.76613,0.76688,0.76602,0.76631,0,0
2015-07-10,22:00:00,0.76634,0.7664,0.76529,0.76532,0,0
2015-07-10,23:00:00,0.76524,0.76555,0.76524,0.7654,0,0
2015-07-13,01:00:00,0.76587,0.76825,0.76587,0.76812,0,0
2015-07-13,02:00:00,0.76812,0.76841,0.76699,0.76744,0,0
2015-07-13,03:00:00,0.76745,0.76789,0.76671,0.76683,0,0
2015-07-13,04:00:00,0.76682,0.76762,0.7667,0.76706,0,0
2015-07-13,05:00:00,0.76706,0.76739,0.76666,0.76673,0,0
2015-07-13,06:00:00,0.76661,0.76761,0.76567,0.76673,0,0
2015-07-13,07:00:00,0.7667,0.76769,0.7663,0.76736,0,0
2015-07-13,08:00:00,0.76727,0.76759,0.76681,0.76698,0,0
2015-07-13,09:00:00,0.76697,0.76763,0.76134,0.76223,0,0
2015-07-13,10:00:00,0.76229,0.76783,0.76228,0.76646,0,0
2015-07-13,11:00:00,0.76649,0.76945,0.76629,0.76749,0,0
2015-07-13,12:00:00,0.7676,0.76783,0.76622,0.7668,0,0
2015-07-13,13:00:00,0.76688,0.76803,0.76683,0.76777,0,0
2015-07-13,14:00:00,0.76776,0.76826,0.76703,0.7681,0,0
2015-07-13,15:00:00,0.76815,0.76903,0.76787,0.76795,0,0
2015-07-13,16:00:00,0.76799,0.76888,0.76775,0.7687,0,0
2015-07-13,17:00:00,0.76854,0.76952,0.76796,0.76943,0,0
2015-07-13,18:00:00,0.76931,0.76976,0.76854,0.76953,0,0
2015-07-13,19:00:00,0.7695,0.76973,0.76863,0.76906,0,0
2015-07-13,20:00:00,0.76882,0.76937,0.76863,0.76905,0,0
2015-07-13,21:00:00,0.76907,0.76963,0.76889,0.76957,0,0
2015-07-13,22:00:00,0.76965,0.76991,0.76921,0.76969,0,0
2015-07-13,23:00:00,0.7697,0.77009,0.76934,0.76982,0,0
2015-07-13,23:59:00,0.76983,0.76998,0.76933,0.76936,0,0
2015-07-14,01:00:00,0.76936,0.77002,0.76869,0.76871,0,0
2015-07-14,02:00:00,0.7687,0.76941,0.76865,0.76916,0,0
2015-07-14,03:00:00,0.76915,0.77059,0.76877,0.76978,0,0
2015-07-14,04:00:00,0.7698,0.77051,0.76963,0.7701,0,0
2015-07-14,05:00:00,0.77015,0.77015,0.76941,0.76962,0,0
2015-07-14,06:00:00,0.76964,0.77001,0.76944,0.76948,0,0
2015-07-14,07:00:00,0.76948,0.76975,0.7692,0.76961,0,0
2015-07-14,08:00:00,0.76961,0.77153,0.76958,0.7715,0,0
2015-07-14,09:00:00,0.7715,0.77224,0.77066,0.77104,0,0
2015-07-14,10:00:00,0.77103,0.77199,0.76694,0.7679,0,0
2015-07-14,11:00:00,0.76791,0.76791,0.76422,0.76503,0,0
2015-07-14,12:00:00,0.76459,0.7664,0.76424,0.76497,0,0
2015-07-14,13:00:00,0.765,0.76692,0.76446,0.76669,0,0
2015-07-14,14:00:00,0.76661,0.76716,0.76606,0.76643,0,0
2015-07-14,15:00:00,0.76636,0.76667,0.7641,0.76562,0,0
2015-07-14,16:00:00,0.76582,0.76646,0.76518,0.76642,0,0
2015-07-14,17:00:00,0.76647,0.76773,0.76625,0.76678,0,0
2015-07-14,18:00:00,0.76683,0.76683,0.76589,0.76667,0,0
2015-07-14,19:00:00,0.76667,0.76752,0.76653,0.76653,0,0
2015-07-14,20:00:00,0.76651,0.76707,0.76631,0.76656,0,0
2015-07-14,21:00:00,0.76662,0.76667,0.76589,0.76616,0,0
2015-07-14,22:00:00,0.76616,0.76653,0.766,0.76621,0,0
2015-07-14,23:00:00,0.76624,0.76672,0.7656,0.76571,0,0
2015-07-14,23:59:00,0.76571,0.76622,0.76493,0.7662,0,0
2015-07-15,01:00:00,0.76619,0.76652,0.76567,0.76603,0,0
2015-07-15,02:00:00,0.76602,0.76674,0.76584,0.76622,0,0
2015-07-15,03:00:00,0.7662,0.76731,0.76615,0.76693,0,0
2015-07-15,04:00:00,0.76714,0.76714,0.76591,0.76602,0,0
2015-07-15,05:00:00,0.76609,0.76626,0.76555,0.76607,0,0
2015-07-15,06:00:00,0.76607,0.76641,0.76541,0.76556,0,0
2015-07-15,07:00:00,0.76552,0.76625,0.76536,0.76595,0,0
2015-07-15,08:00:00,0.76595,0.76685,0.76564,0.76622,0,0
2015-07-15,09:00:00,0.76619,0.76678,0.7654,0.76629,0,0
2015-07-15,10:00:00,0.76633,0.7671,0.76536,0.76569,0,0
2015-07-15,11:00:00,0.76571,0.76591,0.76481,0.76585,0,0
2015-07-15,12:00:00,0.76572,0.76668,0.76554,0.76658,0,0
2015-07-15,13:00:00,0.76659,0.7669,0.76602,0.7669,0,0
2015-07-15,14:00:00,0.76687,0.76821,0.76687,0.76818,0,0
2015-07-15,15:00:00,0.76818,0.7684,0.7668,0.76792,0,0
2015-07-15,16:00:00,0.76787,0.76878,0.76768,0.76821,0,0
2015-07-15,17:00:00,0.76823,0.77031,0.76741,0.76878,0,0
2015-07-15,18:00:00,0.76872,0.76931,0.7677,0.76865,0,0
2015-07-15,19:00:00,0.76869,0.76933,0.76814,0.76882,0,0
2015-07-15,20:00:00,0.76881,0.76996,0.76879,0.76892,0,0
2015-07-15,21:00:00,0.76891,0.7699,0.76882,0.7699,0,0
2015-07-15,22:00:00,0.76976,0.77001,0.76869,0.76871,0,0
2015-07-15,23:00:00,0.76876,0.76967,0.76872,0.76913,0,0
2015-07-15,23:59:00,0.76926,0.76942,0.76904,0.76916,0,0
2015-07-16,01:00:00,0.76916,0.76929,0.76791,0.76804,0,0
2015-07-16,02:00:00,0.76806,0.76901,0.76764,0.76895,0,0
2015-07-16,03:00:00,0.76891,0.76936,0.76864,0.76916,0,0
2015-07-16,04:00:00,0.76912,0.77034,0.76882,0.76955,0,0
2015-07-16,05:00:00,0.76952,0.77009,0.76904,0.76969,0,0
2015-07-16,06:00:00,0.76968,0.77047,0.76947,0.77005,0,0
2015-07-16,07:00:00,0.77006,0.77056,0.76994,0.77022,0,0
2015-07-16,08:00:00,0.77018,0.77122,0.77012,0.77103,0,0
2015-07-16,09:00:00,0.77081,0.77124,0.7699,0.77028,0,0
2015-07-16,10:00:00,0.77045,0.77227,0.76984,0.77203,0,0
2015-07-16,11:00:00,0.77205,0.77211,0.77033,0.77055,0,0
2015-07-16,12:00:00,0.77062,0.77139,0.7702,0.77041,0,0
2015-07-16,13:00:00,0.77048,0.77153,0.77024,0.7713,0,0
2015-07-16,14:00:00,0.77132,0.77218,0.77082,0.7713,0,0
2015-07-16,15:00:00,0.77132,0.77205,0.76952,0.77198,0,0
2015-07-16,16:00:00,0.77201,0.7721,0.76986,0.77012,0,0
2015-07-16,17:00:00,0.76991,0.77095,0.7697,0.7697,0,0
2015-07-16,18:00:00,0.76973,0.77096,0.76966,0.77096,0,0
2015-07-16,19:00:00,0.77097,0.77236,0.77088,0.77224,0,0
2015-07-16,20:00:00,0.77224,0.77225,0.77134,0.77156,0,0
2015-07-16,21:00:00,0.77153,0.77212,0.77116,0.77154,0,0
2015-07-16,22:00:00,0.77153,0.77179,0.77121,0.7715,0,0
2015-07-16,23:00:00,0.77147,0.77213,0.77114,0.77157,0,0
2015-07-16,23:59:00,0.77154,0.77163,0.77107,0.7714,0,0
2015-07-17,01:00:00,0.77139,0.77209,0.77112,0.77117,0,0
2015-07-17,02:00:00,0.77117,0.77162,0.77091,0.77098,0,0
2015-07-17,03:00:00,0.77103,0.77138,0.77072,0.77089,0,0
2015-07-17,04:00:00,0.77089,0.77138,0.77059,0.77069,0,0
2015-07-17,05:00:00,0.77069,0.77117,0.77058,0.77076,0,0
2015-07-17,06:00:00,0.77075,0.77155,0.77063,0.77091,0,0
2015-07-17,07:00:00,0.77092,0.77157,0.77086,0.77104,0,0
2015-07-17,08:00:00,0.77113,0.77195,0.77103,0.7716,0,0
2015-07-17,09:00:00,0.77153,0.77211,0.771,0.77129,0,0
2015-07-17,10:00:00,0.77138,0.77219,0.77101,0.77139,0,0
2015-07-17,11:00:00,0.77142,0.77199,0.77094,0.77199,0,0
2015-07-17,12:00:00,0.77195,0.77217,0.77116,0.77142,0,0
2015-07-17,13:00:00,0.7714,0.7729,0.77129,0.77278,0,0
2015-07-17,14:00:00,0.77286,0.77335,0.77227,0.77227,0,0
2015-07-17,15:00:00,0.7723,0.77377,0.7723,0.7736,0,0
2015-07-17,16:00:00,0.77358,0.77456,0.77297,0.77384,0,0
2015-07-17,17:00:00,0.77384,0.77529,0.77383,0.77436,0,0
2015-07-17,18:00:00,0.77432,0.77505,0.77383,0.77495,0,0
2015-07-17,19:00:00,0.77496,0.77498,0.77404,0.77405,0,0
2015-07-17,20:00:00,0.77406,0.77462,0.77403,0.77454,0,0
2015-07-17,21:00:00,0.77454,0.77459,0.77409,0.77422,0,0
2015-07-17,22:00:00,0.77417,0.77464,0.77387,0.77422,0,0
2015-07-17,23:00:00,0.77423,0.77428,0.77419,0.77428,0,0
2015-07-20,01:00:00,0.77476,0.77548,0.77418,0.77429,0,0
2015-07-20,02:00:00,0.7743,0.77545,0.77408,0.77529,0,0
2015-07-20,03:00:00,0.77533,0.77541,0.77449,0.77476,0,0
2015-07-20,04:00:00,0.77476,0.77531,0.77461,0.77503,0,0
2015-07-20,05:00:00,0.77507,0.77565,0.77507,0.77531,0,0
2015-07-20,06:00:00,0.77536,0.77563,0.77517,0.77554,0,0
2015-07-20,07:00:00,0.77547,0.77582,0.77528,0.77567,0,0
2015-07-20,08:00:00,0.77566,0.77588,0.77539,0.77588,0,0
2015-07-20,09:00:00,0.77583,0.77614,0.77525,0.77533,0,0
2015-07-20,10:00:00,0.7755,0.77552,0.77332,0.77382,0,0
2015-07-20,11:00:00,0.77374,0.77501,0.77374,0.77422,0,0
2015-07-20,12:00:00,0.77428,0.77552,0.7739,0.77502,0,0
2015-07-20,13:00:00,0.77563,0.77577,0.77451,0.77457,0,0
2015-07-20,14:00:00,0.77449,0.77564,0.77395,0.77437,0,0
2015-07-20,15:00:00,0.77431,0.77503,0.77382,0.77488,0,0
2015-07-20,16:00:00,0.77502,0.77565,0.77464,0.77557,0,0
2015-07-20,17:00:00,0.77547,0.77549,0.7744,0.77461,0,0
2015-07-20,18:00:00,0.77463,0.77532,0.77396,0.77523,0,0
2015-07-20,19:00:00,0.77525,0.77535,0.77467,0.77519,0,0
2015-07-20,20:00:00,0.7752,0.77581,0.77507,0.77554,0,0
2015-07-20,21:00:00,0.77553,0.77629,0.77545,0.77586,0,0
2015-07-20,22:00:00,0.7759,0.77591,0.77529,0.77537,0,0
2015-07-20,23:00:00,0.77536,0.77623,0.77536,0.77621,0,0
2015-07-20,23:59:00,0.77606,0.77642,0.77573,0.77573,0,0
