Date,Time,Open,High,Low,Close,Volume,OpenInt
2015-04-22,01:00:00,0.77809,0.77884,0.77805,0.77832,0,0
2015-04-22,02:00:00,0.77832,0.77847,0.77778,0.77821,0,0
2015-04-22,03:00:00,0.77819,0.77937,0.77819,0.77934,0,0
2015-04-22,04:00:00,0.77932,0.77953,0.7788,0.77937,0,0
2015-04-22,05:00:00,0.77936,0.77946,0.77849,0.77891,0,0
2015-04-22,06:00:00,0.77893,0.77944,0.77886,0.77929,0,0
2015-04-22,07:00:00,0.77929,0.77939,0.77899,0.77908,0,0
2015-04-22,08:00:00,0.77909,0.77981,0.77851,0.77877,0,0
2015-04-22,09:00:00,0.77882,0.77965,0.77671,0.77711,0,0
2015-04-22,10:00:00,0.77711,0.77785,0.77667,0.77774,0,0
2015-04-22,11:00:00,0.77775,0.77852,0.77549,0.77681,0,0
2015-04-22,12:00:00,0.77681,0.77695,0.77547,0.77624,0,0
2015-04-22,13:00:00,0.77626,0.77794,0.7758,0.77736,0,0
2015-04-22,14:00:00,0.77757,0.77777,0.77659,0.77764,0,0
2015-04-22,15:00:00,0.77767,0.78,0.77726,0.77913,0,0
2015-04-22,16:00:00,0.77908,0.78004,0.77727,0.77735,0,0
2015-04-22,17:00:00,0.77719,0.77845,0.77711,0.77813,0,0
2015-04-22,18:00:00,0.77821,0.77835,0.77711,0.77746,0,0
2015-04-22,19:00:00,0.77745,0.77829,0.77731,0.77753,0,0
2015-04-22,20:00:00,0.77756,0.77772,0.77691,0.77744,0,0
2015-04-22,21:00:00,0.77743,0.77744,0.77677,0.77695,0,0
2015-04-22,22:00:00,0.77702,0.77761,0.77641,0.77739,0,0
2015-04-22,23:00:00,0.77738,0.77784,0.77731,0.77756,0,0
2015-04-22,23:59:00,0.77755,0.77784,0.77721,0.77768,0,0
2015-04-23,01:00:00,0.77768,0.77785,0.77717,0.77743,0,0
2015-04-23,02:00:00,0.77743,0.77756,0.77704,0.77736,0,0
2015-04-23,03:00:00,0.77737,0.77827,0.77714,0.77812,0,0
2015-04-23,04:00:00,0.77812,0.77916,0.77801,0.77859,0,0
2015-04-23,05:00:00,0.77862,0.77932,0.7785,0.77908,0,0
2015-04-23,06:00:00,0.77916,0.77939,0.77857,0.77877,0,0
2015-04-23,07:00:00,0.77878,0.78041,0.77854,0.78022,0,0
2015-04-23,08:00:00,0.78026,0.78026,0.77902,0.77924,0,0
2015-04-23,09:00:00,0.77926,0.78091,0.77898,0.78068,0,0
2015-04-23,10:00:00,0.78073,0.78196,0.78039,0.78056,0,0
2015-04-23,11:00:00,0.78053,0.78075,0.77663,0.77697,0,0
2015-04-23,12:00:00,0.77689,0.77716,0.77483,0.77494,0,0
2015-04-23,13:00:00,0.77498,0.77625,0.77461,0.77612,0,0
2015-04-23,14:00:00,0.77621,0.77635,0.77342,0.77376,0,0
2015-04-23,15:00:00,0.7736,0.77516,0.77273,0.77433,0,0
2015-04-23,16:00:00,0.77436,0.77607,0.77334,0.77512,0,0
2015-04-23,17:00:00,0.7752,0.77561,0.77211,0.77364,0,0
2015-04-23,18:00:00,0.77361,0.77412,0.77264,0.77337,0,0
2015-04-23,19:00:00,0.77336,0.77351,0.77152,0.77172,0,0
2015-04-23,20:00:00,0.77174,0.77259,0.77114,0.77244,0,0
2015-04-23,21:00:00,0.7724,0.77317,0.77145,0.77317,0,0
2015-04-23,22:00:00,0.77301,0.77322,0.77264,0.77295,0,0
2015-04-23,23:00:00,0.77292,0.77305,0.77237,0.77257,0,0
2015-04-23,23:59:00,0.77253,0.77293,0.77246,0.77268,0,0
2015-04-24,01:00:00,0.77269,0.77291,0.77241,0.77279,0,0
2015-04-24,02:00:00,0.77283,0.77334,0.77253,0.77328,0,0
2015-04-24,03:00:00,0.77334,0.77401,0.77284,0.77291,0,0
2015-04-24,04:00:00,0.77293,0.77398,0.77276,0.77375,0,0
2015-04-24,05:00:00,0.77372,0.77481,0.77363,0.7748,0,0
2015-04-24,06:00:00,0.77475,0.77542,0.77473,0.775,0,0
2015-04-24,07:00:00,0.77505,0.77516,0.77444,0.77445,0,0
2015-04-24,08:00:00,0.77442,0.77454,0.77362,0.77382,0,0
2015-04-24,09:00:00,0.77379,0.77468,0.77106,0.7716,0,0
2015-04-24,10:00:00,0.7716,0.77202,0.76974,0.77052,0,0
2015-04-24,11:00:00,0.77052,0.77079,0.7686,0.76884,0,0
2015-04-24,12:00:00,0.76885,0.77075,0.76864,0.77068,0,0
2015-04-24,13:00:00,0.77065,0.77396,0.77065,0.77352,0,0
2015-04-24,14:00:00,0.77355,0.77361,0.77206,0.77248,0,0
2015-04-24,15:00:00,0.77246,0.77354,0.77092,0.77311,0,0
2015-04-24,16:00:00,0.77316,0.77598,0.77227,0.77575,0,0
2015-04-24,17:00:00,0.7757,0.77616,0.77317,0.77353,0,0
2015-04-24,18:00:00,0.77356,0.77426,0.77275,0.77277,0,0
2015-04-24,19:00:00,0.77286,0.77404,0.77254,0.77404,0,0
2015-04-24,20:00:00,0.774,0.77458,0.77354,0.77414,0,0
2015-04-24,21:00:00,0.77412,0.77448,0.77388,0.77405,0,0
2015-04-24,22:00:00,0.774,0.77446,0.77382,0.77408,0,0
2015-04-24,23:00:00,0.77411,0.77418,0.77404,0.77418,0,0
2015-04-27,01:00:00,0.77398,0.7744,0.77369,0.77416,0,0
2015-04-27,02:00:00,0.77417,0.77433,0.77341,0.77386,0,0
2015-04-27,03:00:00,0.77387,0.77415,0.77338,0.77367,0,0
2015-04-27,04:00:00,0.77368,0.77405,0.77333,0.77403,0,0
2015-04-27,05:00:00,0.77406,0.77447,0.77384,0.77423,0,0
2015-04-27,06:00:00,0.77423,0.7751,0.77415,0.77461,0,0
2015-04-27,07:00:00,0.7746,0.7747,0.77364,0.77375,0,0
2015-04-27,08:00:00,0.77375,0.77396,0.77285,0.77316,0,0
2015-04-27,09:00:00,0.77316,0.77376,0.77204,0.77307,0,0
2015-04-27,10:00:00,0.77293,0.77358,0.77143,0.77273,0,0
2015-04-27,11:00:00,0.77274,0.77476,0.77254,0.77435,0,0
2015-04-27,12:00:00,0.77435,0.77477,0.7732,0.77396,0,0
2015-04-27,13:00:00,0.77395,0.77485,0.7729,0.77291,0,0
2015-04-27,14:00:00,0.77283,0.77393,0.77252,0.77282,0,0
2015-04-27,15:00:00,0.7729,0.77388,0.77253,0.77264,0,0
2015-04-27,16:00:00,0.77254,0.77302,0.77148,0.77162,0,0
2015-04-27,17:00:00,0.77167,0.77226,0.77059,0.77127,0,0
2015-04-27,18:00:00,0.77129,0.77129,0.76985,0.77072,0,0
2015-04-27,19:00:00,0.77073,0.77104,0.76934,0.77095,0,0
2015-04-27,20:00:00,0.7709,0.77228,0.77072,0.77207,0,0
2015-04-27,21:00:00,0.772,0.77223,0.77122,0.77177,0,0
2015-04-27,22:00:00,0.77176,0.77183,0.77096,0.77105,0,0
2015-04-27,23:00:00,0.77106,0.77171,0.77106,0.77126,0,0
2015-04-27,23:59:00,0.77131,0.77185,0.77116,0.77144,0,0
2015-04-28,01:00:00,0.7714,0.77232,0.77133,0.77192,0,0
2015-04-28,02:00:00,0.77198,0.77213,0.7715,0.77173,0,0
2015-04-28,03:00:00,0.77172,0.77242,0.77147,0.77157,0,0
2015-04-28,04:00:00,0.77157,0.77234,0.77132,0.7718,0,0
2015-04-28,05:00:00,0.77183,0.77218,0.77159,0.77218,0,0
2015-04-28,06:00:00,0.77218,0.77224,0.7716,0.7719,0,0
2015-04-28,07:00:00,0.77186,0.77221,0.77164,0.77219,0,0
2015-04-28,08:00:00,0.77219,0.77239,0.77135,0.77168,0,0
2015-04-28,09:00:00,0.77166,0.77263,0.77094,0.77234,0,0
2015-04-28,10:00:00,0.77234,0.77301,0.77115,0.77203,0,0
2015-04-28,11:00:00,0.77211,0.77295,0.77031,0.77048,0,0
2015-04-28,12:00:00,0.77045,0.77082,0.76968,0.77014,0,0
2015-04-28,13:00:00,0.77014,0.77047,0.76868,0.76882,0,0
2015-04-28,14:00:00,0.76885,0.76927,0.76808,0.76818,0,0
2015-04-28,15:00:00,0.76823,0.76927,0.7677,0.76879,0,0
2015-04-28,16:00:00,0.76884,0.76915,0.76722,0.76769,0,0
2015-04-28,17:00:00,0.76741,0.76823,0.76635,0.76636,0,0
2015-04-28,18:00:00,0.76632,0.76745,0.76561,0.76666,0,0
2015-04-28,19:00:00,0.76668,0.76747,0.76638,0.76654,0,0
2015-04-28,20:00:00,0.76654,0.76661,0.76528,0.7655,0,0
2015-04-28,21:00:00,0.76553,0.76654,0.76526,0.76636,0,0
2015-04-28,22:00:00,0.76629,0.76725,0.76624,0.7666,0,0
2015-04-28,23:00:00,0.76659,0.76679,0.76586,0.76605,0,0
2015-04-28,23:59:00,0.76612,0.76679,0.76609,0.76658,0,0
2015-04-29,01:00:00,0.76658,0.7668,0.76628,0.76668,0,0
2015-04-29,02:00:00,0.76668,0.76728,0.76668,0.76725,0,0
2015-04-29,03:00:00,0.76723,0.76731,0.7667,0.76672,0,0
2015-04-29,04:00:00,0.7667,0.76728,0.7667,0.76684,0,0
2015-04-29,05:00:00,0.76683,0.76723,0.7668,0.76713,0,0
2015-04-29,06:00:00,0.76716,0.76721,0.76673,0.76697,0,0
2015-04-29,07:00:00,0.76696,0.76764,0.76695,0.76745,0,0
2015-04-29,08:00:00,0.76742,0.76748,0.76701,0.76718,0,0
2015-04-29,09:00:00,0.76719,0.76751,0.76551,0.76599,0,0
2015-04-29,10:00:00,0.76605,0.7667,0.76455,0.76458,0,0
2015-04-29,11:00:00,0.76458,0.76458,0.76207,0.76234,0,0
2015-04-29,12:00:00,0.76228,0.76268,0.76148,0.76148,0,0
2015-04-29,13:00:00,0.76148,0.76229,0.76133,0.76227,0,0
2015-04-29,14:00:00,0.76222,0.76281,0.7619,0.76243,0,0
2015-04-29,15:00:00,0.76249,0.76251,0.75961,0.76083,0,0
2015-04-29,16:00:00,0.76061,0.76137,0.75845,0.75876,0,0
2015-04-29,17:00:00,0.75877,0.7593,0.75414,0.75422,0,0
2015-04-29,18:00:00,0.75415,0.75523,0.75257,0.75334,0,0
2015-04-29,19:00:00,0.75322,0.75592,0.75256,0.75584,0,0
2015-04-29,20:00:00,0.75587,0.75623,0.75436,0.75569,0,0
2015-04-29,21:00:00,0.75567,0.75877,0.75527,0.75638,0,0
2015-04-29,22:00:00,0.7563,0.75712,0.75592,0.75607,0,0
2015-04-29,23:00:00,0.75605,0.75608,0.75493,0.75499,0,0
2015-04-29,23:59:00,0.755,0.75539,0.75444,0.75539,0,0
2015-04-30,01:00:00,0.75538,0.7558,0.75504,0.75559,0,0
2015-04-30,02:00:00,0.75553,0.75638,0.75545,0.75634,0,0
2015-04-30,03:00:00,0.75632,0.75655,0.75575,0.7561,0,0
2015-04-30,04:00:00,0.7561,0.7563,0.75554,0.75598,0,0
2015-04-30,05:00:00,0.75603,0.75762,0.75596,0.75728,0,0
2015-04-30,06:00:00,0.75726,0.75754,0.75682,0.75698,0,0
2015-04-30,07:00:00,0.75692,0.7595,0.7568,0.75885,0,0
2015-04-30,08:00:00,0.75885,0.76063,0.75883,0.76043,0,0
2015-04-30,09:00:00,0.76131,0.76131,0.75685,0.75722,0,0
2015-04-30,10:00:00,0.75701,0.75748,0.74883,0.74951,0,0
2015-04-30,11:00:00,0.74953,0.75152,0.74786,0.75049,0,0
2015-04-30,12:00:00,0.7504,0.7532,0.74967,0.75313,0,0
2015-04-30,13:00:00,0.75316,0.75434,0.75091,0.75105,0,0
2015-04-30,14:00:00,0.75118,0.75214,0.75006,0.75129,0,0
2015-04-30,15:00:00,0.75127,0.75255,0.75009,0.75073,0,0
2015-04-30,16:00:00,0.75078,0.75226,0.75029,0.75101,0,0
2015-04-30,17:00:00,0.75098,0.75126,0.74579,0.746,0,0
2015-04-30,18:00:00,0.74612,0.74742,0.74448,0.74742,0,0
2015-04-30,19:00:00,0.74737,0.74773,0.7452,0.7453,0,0
2015-04-30,20:00:00,0.74529,0.74722,0.74526,0.74701,0,0
2015-04-30,21:00:00,0.74701,0.74701,0.74345,0.74386,0,0
2015-04-30,22:00:00,0.74386,0.74635,0.74386,0.74602,0,0
2015-04-30,23:00:00,0.74588,0.74664,0.74583,0.74636,0,0
2015-04-30,23:59:00,0.74635,0.74681,0.74592,0.74669,0,0
2015-05-01,01:00:00,0.74668,0.74677,0.74625,0.74656,0,0
2015-05-01,02:00:00,0.74657,0.74683,0.74628,0.74648,0,0
2015-05-01,03:00:00,0.74652,0.74652,0.74517,0.7455,0,0
2015-05-01,04:00:00,0.74556,0.74589,0.74517,0.7455,0,0
2015-05-01,05:00:00,0.74549,0.74565,0.74499,0.74554,0,0
2015-05-01,06:00:00,0.7455,0.74553,0.74516,0.74539,0,0
2015-05-01,07:00:00,0.74539,0.74609,0.74517,0.74572,0,0
2015-05-01,08:00:00,0.74573,0.74581,0.74438,0.74449,0,0
2015-05-01,09:00:00,0.74446,0.74544,0.74207,0.74213,0,0
2015-05-01,10:00:00,0.74215,0.74315,0.74089,0.7416,0,0
2015-05-01,11:00:00,0.74159,0.74267,0.74095,0.74145,0,0
2015-05-01,12:00:00,0.74162,0.74281,0.74015,0.74267,0,0
2015-05-01,13:00:00,0.74266,0.74283,0.74038,0.74051,0,0
2015-05-01,14:00:00,0.74056,0.74159,0.74007,0.74159,0,0
2015-05-01,15:00:00,0.74159,0.74197,0.74048,0.7408,0,0
2015-05-01,16:00:00,0.7408,0.74127,0.73963,0.74042,0,0
2015-05-01,17:00:00,0.74004,0.74274,0.73925,0.74209,0,0
2015-05-01,18:00:00,0.74202,0.7437,0.74176,0.74307,0,0
2015-05-01,19:00:00,0.7431,0.74395,0.74211,0.7439,0,0
2015-05-01,20:00:00,0.74389,0.74389,0.74257,0.74271,0,0
2015-05-01,21:00:00,0.74271,0.74342,0.74255,0.74286,0,0
2015-05-01,22:00:00,0.74279,0.7432,0.74166,0.74238,0,0
2015-05-01,23:00:00,0.74242,0.74245,0.74214,0.74218,0,0
2015-05-04,01:00:00,0.74298,0.74375,0.74292,0.74372,0,0
2015-05-04,02:00:00,0.74368,0.74426,0.74339,0.74392,0,0
2015-05-04,03:00:00,0.74392,0.74482,0.74351,0.74386,0,0
2015-05-04,04:00:00,0.74386,0.74387,0.74333,0.74352,0,0
2015-05-04,05:00:00,0.74352,0.74474,0.74343,0.74432,0,0
2015-05-04,06:00:00,0.74432,0.74477,0.74427,0.74437,0,0
2015-05-04,07:00:00,0.74438,0.74455,0.74382,0.74404,0,0
2015-05-04,08:00:00,0.74402,0.74412,0.74303,0.74363,0,0
2015-05-04,09:00:00,0.74359,0.74486,0.74231,0.74457,0,0
2015-05-04,10:00:00,0.74459,0.74618,0.74442,0.74611,0,0
2015-05-04,11:00:00,0.74645,0.74748,0.74609,0.74722,0,0
2015-05-04,12:00:00,0.74721,0.74778,0.74633,0.74772,0,0
2015-05-04,13:00:00,0.7477,0.74783,0.74678,0.74705,0,0
2015-05-04,14:00:00,0.74706,0.74719,0.74631,0.74688,0,0
2015-05-04,15:00:00,0.74694,0.74696,0.74426,0.74457,0,0
2015-05-04,16:00:00,0.74457,0.74564,0.74397,0.74537,0,0
2015-05-04,17:00:00,0.74549,0.74724,0.74543,0.7456,0,0
2015-05-04,18:00:00,0.74552,0.74625,0.74511,0.74614,0,0
2015-05-04,19:00:00,0.74612,0.74636,0.74527,0.74583,0,0
2015-05-04,20:00:00,0.74585,0.7464,0.7457,0.74599,0,0
2015-05-04,21:00:00,0.746,0.74796,0.74597,0.74737,0,0
2015-05-04,22:00:00,0.74738,0.74751,0.74652,0.74664,0,0
2015-05-04,23:00:00,0.74666,0.74703,0.74643,0.74675,0,0
2015-05-04,23:59:00,0.7468,0.747,0.74643,0.74654,0,0
2015-05-05,01:00:00,0.74653,0.74698,0.74638,0.74687,0,0
2015-05-05,02:00:00,0.74687,0.74702,0.74657,0.74672,0,0
2015-05-05,03:00:00,0.74673,0.7471,0.74665,0.74676,0,0
2015-05-05,04:00:00,0.74676,0.74691,0.74641,0.74683,0,0
2015-05-05,05:00:00,0.74682,0.74719,0.74665,0.74702,0,0
2015-05-05,06:00:00,0.74702,0.74768,0.74695,0.74762,0,0
2015-05-05,07:00:00,0.74764,0.74867,0.7473,0.74847,0,0
2015-05-05,08:00:00,0.74848,0.74848,0.74759,0.74829,0,0
2015-05-05,09:00:00,0.74825,0.75072,0.74719,0.75053,0,0
2015-05-05,10:00:00,0.75062,0.75109,0.74953,0.7509,0,0
2015-05-05,11:00:00,0.75091,0.75126,0.74899,0.74914,0,0
2015-05-05,12:00:00,0.7491,0.75008,0.74759,0.74779,0,0
2015-05-05,13:00:00,0.74786,0.74852,0.74605,0.74638,0,0
2015-05-05,14:00:00,0.74638,0.74667,0.74534,0.74636,0,0
2015-05-05,15:00:00,0.74638,0.74703,0.74512,0.74621,0,0
2015-05-05,16:00:00,0.74618,0.74701,0.74493,0.74493,0,0
2015-05-05,17:00:00,0.74481,0.74721,0.74356,0.74488,0,0
2015-05-05,18:00:00,0.74489,0.74677,0.74476,0.74655,0,0
2015-05-05,19:00:00,0.74658,0.74658,0.74452,0.74488,0,0
2015-05-05,20:00:00,0.7449,0.74514,0.74385,0.74497,0,0
2015-05-05,21:00:00,0.74498,0.7455,0.74423,0.74536,0,0
2015-05-05,22:00:00,0.7454,0.74592,0.74492,0.74554,0,0
2015-05-05,23:00:00,0.74562,0.74619,0.74554,0.74587,0,0
2015-05-05,23:59:00,0.74597,0.74615,0.74562,0.74596,0,0
2015-05-06,01:00:00,0.74587,0.74598,0.74561,0.74585,0,0
2015-05-06,02:00:00,0.74585,0.74596,0.74535,0.74576,0,0
2015-05-06,03:00:00,0.74576,0.7458,0.74538,0.74553,0,0
2015-05-06,04:00:00,0.74553,0.74559,0.74481,0.74482,0,0
2015-05-06,05:00:00,0.74482,0.74515,0.74345,0.74348,0,0
2015-05-06,06:00:00,0.74348,0.74368,0.74205,0.74256,0,0
2015-05-06,07:00:00,0.74252,0.74305,0.74217,0.7423,0,0
2015-05-06,08:00:00,0.74224,0.74303,0.74207,0.74289,0,0
2015-05-06,09:00:00,0.74293,0.74337,0.74138,0.7423,0,0
2015-05-06,10:00:00,0.74223,0.74428,0.74148,0.74272,0,0
2015-05-06,11:00:00,0.7426,0.74383,0.74198,0.74369,0,0
2015-05-06,12:00:00,0.74369,0.7448,0.74343,0.74414,0,0
2015-05-06,13:00:00,0.74414,0.74422,0.74274,0.74325,0,0
2015-05-06,14:00:00,0.7433,0.74401,0.74286,0.74357,0,0
2015-05-06,15:00:00,0.74352,0.74358,0.74109,0.7413,0,0
2015-05-06,16:00:00,0.74123,0.74148,0.73852,0.73895,0,0
2015-05-06,17:00:00,0.73896,0.73913,0.73703,0.73786,0,0
2015-05-06,18:00:00,0.7378,0.73899,0.73751,0.73794,0,0
2015-05-06,19:00:00,0.73801,0.73891,0.73768,0.73845,0,0
2015-05-06,20:00:00,0.73839,0.73866,0.73779,0.73866,0,0
2015-05-06,21:00:00,0.73869,0.73873,0.73695,0.73822,0,0
2015-05-06,22:00:00,0.73813,0.7386,0.7376,0.73762,0,0
2015-05-06,23:00:00,0.73761,0.73806,0.73751,0.73772,0,0
2015-05-06,23:59:00,0.73775,0.73808,0.73744,0.73802,0,0
2015-05-07,01:00:00,0.73804,0.73819,0.73776,0.73811,0,0
2015-05-07,02:00:00,0.73813,0.73861,0.73806,0.73857,0,0
2015-05-07,03:00:00,0.73861,0.7397,0.73808,0.73917,0,0
2015-05-07,04:00:00,0.73916,0.73943,0.73814,0.73833,0,0
2015-05-07,05:00:00,0.73834,0.73838,0.73739,0.73761,0,0
2015-05-07,06:00:00,0.73762,0.73818,0.73737,0.73784,0,0
2015-05-07,07:00:00,0.73782,0.73814,0.7376,0.73784,0,0
2015-05-07,08:00:00,0.73788,0.73816,0.73622,0.73689,0,0
2015-05-07,09:00:00,0.73692,0.73815,0.7363,0.73789,0,0
2015-05-07,10:00:00,0.73794,0.73812,0.73605,0.73664,0,0
2015-05-07,11:00:00,0.73689,0.73899,0.73665,0.73788,0,0
2015-05-07,12:00:00,0.73792,0.73833,0.73531,0.73731,0,0
2015-05-07,13:00:00,0.73722,0.74074,0.73718,0.74016,0,0
2015-05-07,14:00:00,0.74018,0.74251,0.74018,0.74246,0,0
2015-05-07,15:00:00,0.74247,0.74405,0.74141,0.74206,0,0
2015-05-07,16:00:00,0.74188,0.74364,0.74126,0.74364,0,0
2015-05-07,17:00:00,0.74362,0.74514,0.74261,0.74323,0,0
2015-05-07,18:00:00,0.74305,0.74339,0.73997,0.74014,0,0
2015-05-07,19:00:00,0.74022,0.74087,0.73997,0.7408,0,0
2015-05-07,20:00:00,0.74082,0.74176,0.74062,0.74096,0,0
2015-05-07,21:00:00,0.74096,0.74116,0.74,0.74095,0,0
2015-05-07,22:00:00,0.741,0.74113,0.7406,0.74087,0,0
2015-05-07,23:00:00,0.74085,0.74134,0.74054,0.74126,0,0
2015-05-07,23:59:00,0.74126,0.74339,0.7408,0.74238,0,0
2015-05-08,01:00:00,0.74243,0.74364,0.74202,0.74302,0,0
2015-05-08,02:00:00,0.74302,0.74336,0.74251,0.74286,0,0
2015-05-08,03:00:00,0.74284,0.74284,0.74126,0.742,0,0
2015-05-08,04:00:00,0.74206,0.74237,0.74085,0.74177,0,0
2015-05-08,05:00:00,0.74169,0.74371,0.7416,0.74362,0,0
2015-05-08,06:00:00,0.74361,0.74457,0.74349,0.74426,0,0
2015-05-08,07:00:00,0.74426,0.74448,0.74336,0.7437,0,0
2015-05-08,08:00:00,0.7437,0.7445,0.74295,0.74393,0,0
2015-05-08,09:00:00,0.74391,0.74561,0.7438,0.74463,0,0
2015-05-08,10:00:00,0.7447,0.74492,0.74263,0.74288,0,0
2015-05-08,11:00:00,0.74299,0.74299,0.74082,0.74133,0,0
2015-05-08,12:00:00,0.74134,0.74215,0.74105,0.74139,0,0
2015-05-08,13:00:00,0.74149,0.74267,0.74127,0.74265,0,0
2015-05-08,14:00:00,0.74266,0.74268,0.74151,0.74219,0,0
2015-05-08,15:00:00,0.74225,0.74418,0.7385,0.74143,0,0
2015-05-08,16:00:00,0.74146,0.74395,0.7413,0.74368,0,0
2015-05-08,17:00:00,0.7436,0.74565,0.74357,0.74394,0,0
2015-05-08,18:00:00,0.74396,0.74452,0.7418,0.74263,0,0
2015-05-08,19:00:00,0.74263,0.74505,0.74241,0.74433,0,0
2015-05-08,20:00:00,0.74434,0.74467,0.74356,0.74397,0,0
2015-05-08,21:00:00,0.74404,0.74541,0.74391,0.74494,0,0
2015-05-08,22:00:00,0.74486,0.74537,0.74449,0.74529,0,0
2015-05-08,23:00:00,0.74523,0.74523,0.74523,0.74523,0,0
2015-05-11,01:00:00,0.74547,0.74565,0.74512,0.74532,0,0
2015-05-11,02:00:00,0.74532,0.74574,0.74526,0.74553,0,0
2015-05-11,03:00:00,0.74553,0.74781,0.74548,0.74781,0,0
2015-05-11,04:00:00,0.74783,0.74833,0.74746,0.74777,0,0
2015-05-11,05:00:00,0.74782,0.74801,0.74718,0.74772,0,0
2015-05-11,06:00:00,0.74772,0.7491,0.74764,0.74873,0,0
2015-05-11,07:00:00,0.74873,0.74886,0.74805,0.74806,0,0
2015-05-11,08:00:00,0.74807,0.74861,0.74755,0.74798,0,0
2015-05-11,09:00:00,0.74799,0.74831,0.7451,0.74531,0,0
2015-05-11,10:00:00,0.74532,0.74733,0.74512,0.74695,0,0
2015-05-11,11:00:00,0.74694,0.74705,0.7457,0.74651,0,0
2015-05-11,12:00:00,0.74658,0.74791,0.74617,0.74712,0,0
2015-05-11,13:00:00,0.74706,0.7482,0.74676,0.74781,0,0
2015-05-11,14:00:00,0.74789,0.74871,0.7472,0.74847,0,0
2015-05-11,15:00:00,0.74842,0.7489,0.74741,0.74851,0,0
2015-05-11,16:00:00,0.74845,0.74899,0.74661,0.74788,0,0
2015-05-11,17:00:00,0.74776,0.7484,0.74652,0.74798,0,0
2015-05-11,18:00:00,0.74789,0.74825,0.7469,0.74762,0,0
2015-05-11,19:00:00,0.74756,0.74779,0.74663,0.74667,0,0
2015-05-11,20:00:00,0.74646,0.7473,0.74597,0.74643,0,0
2015-05-11,21:00:00,0.74641,0.74694,0.74601,0.74645,0,0
2015-05-11,22:00:00,0.74647,0.74662,0.74594,0.74659,0,0
2015-05-11,23:00:00,0.74658,0.74666,0.74625,0.74655,0,0
2015-05-11,23:59:00,0.74651,0.74654,0.74613,0.74646,0,0
2015-05-12,01:00:00,0.74646,0.74662,0.74613,0.74662,0,0
2015-05-12,02:00:00,0.74662,0.74729,0.74651,0.7469,0,0
2015-05-12,03:00:00,0.7469,0.74763,0.74656,0.74726,0,0
2015-05-12,04:00:00,0.74726,0.74748,0.74651,0.74653,0,0
2015-05-12,05:00:00,0.74656,0.74666,0.74519,0.74555,0,0
2015-05-12,06:00:00,0.74555,0.74612,0.74514,0.74589,0,0
2015-05-12,07:00:00,0.74588,0.74589,0.74474,0.74479,0,0
2015-05-12,08:00:00,0.74476,0.74481,0.74335,0.74434,0,0
2015-05-12,09:00:00,0.74441,0.74482,0.74295,0.74456,0,0
2015-05-12,10:00:00,0.74454,0.745,0.74172,0.74214,0,0
2015-05-12,11:00:00,0.74215,0.74215,0.73935,0.74,0,0
2015-05-12,12:00:00,0.73997,0.74064,0.73914,0.73994,0,0
2015-05-12,13:00:00,0.73995,0.74084,0.73973,0.74077,0,0
2015-05-12,14:00:00,0.74083,0.74191,0.74059,0.74177,0,0
2015-05-12,15:00:00,0.74173,0.74195,0.74066,0.74137,0,0
2015-05-12,16:00:00,0.74139,0.74178,0.73978,0.74041,0,0
2015-05-12,17:00:00,0.74054,0.74169,0.7399,0.74163,0,0
2015-05-12,18:00:00,0.74159,0.74285,0.74154,0.74254,0,0
2015-05-12,19:00:00,0.74266,0.74283,0.74139,0.74272,0,0
2015-05-12,20:00:00,0.74272,0.74344,0.74248,0.74286,0,0
2015-05-12,21:00:00,0.74282,0.74352,0.74259,0.74352,0,0
2015-05-12,22:00:00,0.7435,0.74414,0.7434,0.74395,0,0
2015-05-12,23:00:00,0.74401,0.74425,0.7437,0.74404,0,0
2015-05-12,23:59:00,0.74396,0.74445,0.74306,0.74359,0,0
2015-05-13,01:00:00,0.74351,0.74387,0.74351,0.74378,0,0
2015-05-13,02:00:00,0.74378,0.74391,0.74352,0.74372,0,0
2015-05-13,03:00:00,0.74369,0.74412,0.74319,0.74354,0,0
2015-05-13,04:00:00,0.74356,0.74442,0.74317,0.74384,0,0
2015-05-13,05:00:00,0.74388,0.74398,0.74268,0.74287,0,0
2015-05-13,06:00:00,0.74287,0.7429,0.74168,0.7419,0,0
2015-05-13,07:00:00,0.74191,0.742,0.74083,0.74162,0,0
2015-05-13,08:00:00,0.74162,0.74204,0.74133,0.74204,0,0
2015-05-13,09:00:00,0.74226,0.74292,0.74035,0.74165,0,0
2015-05-13,10:00:00,0.74172,0.74257,0.74112,0.74175,0,0
2015-05-13,11:00:00,0.74174,0.74399,0.74136,0.74349,0,0
2015-05-13,12:00:00,0.74351,0.74508,0.74231,0.7435,0,0
2015-05-13,13:00:00,0.74351,0.74457,0.74326,0.74389,0,0
2015-05-13,14:00:00,0.74386,0.74434,0.74288,0.7436,0,0
2015-05-13,15:00:00,0.74361,0.74451,0.74048,0.74086,0,0
2015-05-13,16:00:00,0.74096,0.74133,0.73981,0.74012,0,0
2015-05-13,17:00:00,0.74006,0.74038,0.73905,0.73971,0,0
2015-05-13,18:00:00,0.73973,0.74008,0.73798,0.73838,0,0
2015-05-13,19:00:00,0.73837,0.73884,0.73811,0.73848,0,0
2015-05-13,20:00:00,0.73852,0.73915,0.7381,0.73911,0,0
2015-05-13,21:00:00,0.73916,0.73963,0.73889,0.73913,0,0
2015-05-13,22:00:00,0.73911,0.74014,0.73911,0.73995,0,0
2015-05-13,23:00:00,0.73994,0.74003,0.7391,0.73912,0,0
2015-05-13,23:59:00,0.73916,0.73952,0.73902,0.73929,0,0
2015-05-14,01:00:00,0.73924,0.73959,0.73877,0.73936,0,0
2015-05-14,02:00:00,0.73936,0.73958,0.73896,0.7394,0,0
2015-05-14,03:00:00,0.73937,0.73951,0.73866,0.73878,0,0
2015-05-14,04:00:00,0.73878,0.73899,0.73852,0.73868,0,0
2015-05-14,05:00:00,0.73825,0.73929,0.73814,0.73925,0,0
2015-05-14,06:00:00,0.73928,0.73928,0.73796,0.73817,0,0
2015-05-14,07:00:00,0.73811,0.73867,0.73797,0.73822,0,0
2015-05-14,08:00:00,0.73822,0.7386,0.73776,0.73776,0,0
2015-05-14,09:00:00,0.73785,0.73905,0.73597,0.73666,0,0
2015-05-14,10:00:00,0.73656,0.7374,0.73557,0.73671,0,0
2015-05-14,11:00:00,0.73675,0.73724,0.73497,0.73559,0,0
2015-05-14,12:00:00,0.73566,0.73588,0.73379,0.73454,0,0
2015-05-14,13:00:00,0.73448,0.73493,0.73307,0.73348,0,0
2015-05-14,14:00:00,0.73359,0.73517,0.73332,0.73404,0,0
2015-05-14,15:00:00,0.73413,0.7363,0.73384,0.73556,0,0
2015-05-14,16:00:00,0.73568,0.73785,0.73568,0.73716,0,0
2015-05-14,17:00:00,0.73708,0.73826,0.73583,0.73702,0,0
2015-05-14,18:00:00,0.73701,0.73898,0.73662,0.73793,0,0
2015-05-14,19:00:00,0.73797,0.73824,0.73735,0.73775,0,0
2015-05-14,20:00:00,0.73773,0.73804,0.73699,0.73721,0,0
2015-05-14,21:00:00,0.73732,0.73754,0.73585,0.73601,0,0
2015-05-14,22:00:00,0.73599,0.73616,0.73545,0.73554,0,0
2015-05-14,23:00:00,0.73558,0.73573,0.73499,0.7354,0,0
2015-05-14,23:59:00,0.73539,0.7356,0.73503,0.73551,0,0
2015-05-15,01:00:00,0.73544,0.73577,0.73532,0.73562,0,0
2015-05-15,02:00:00,0.73562,0.736,0.7356,0.73567,0,0
2015-05-15,03:00:00,0.73564,0.73576,0.73459,0.73478,0,0
2015-05-15,04:00:00,0.73478,0.73493,0.73402,0.73409,0,0
2015-05-15,05:00:00,0.73411,0.73443,0.73352,0.7344,0,0
2015-05-15,06:00:00,0.7344,0.73491,0.73411,0.73445,0,0
2015-05-15,07:00:00,0.73447,0.7346,0.73396,0.73406,0,0
2015-05-15,08:00:00,0.73405,0.73533,0.73394,0.73521,0,0
2015-05-15,09:00:00,0.73523,0.73583,0.73352,0.73379,0,0
2015-05-15,10:00:00,0.73372,0.73571,0.73336,0.73523,0,0
2015-05-15,11:00:00,0.73526,0.73687,0.73425,0.7364,0,0
2015-05-15,12:00:00,0.73655,0.73689,0.73539,0.73581,0,0
2015-05-15,13:00:00,0.736,0.736,0.73412,0.73463,0,0
2015-05-15,14:00:00,0.73466,0.73618,0.73387,0.73589,0,0
2015-05-15,15:00:00,0.73582,0.73683,0.73575,0.73609,0,0
2015-05-15,16:00:00,0.73609,0.7367,0.73573,0.73621,0,0
2015-05-15,17:00:00,0.73621,0.73621,0.73264,0.73287,0,0
2015-05-15,18:00:00,0.73286,0.73353,0.7321,0.73311,0,0
2015-05-15,19:00:00,0.7331,0.73367,0.73244,0.73251,0,0
2015-05-15,20:00:00,0.73253,0.73304,0.73168,0.73265,0,0
2015-05-15,21:00:00,0.73266,0.73266,0.73091,0.73132,0,0
2015-05-15,22:00:00,0.73133,0.73211,0.73128,0.73201,0,0
2015-05-15,23:00:00,0.73199,0.73202,0.73195,0.73201,0,0
2015-05-18,01:00:00,0.73191,0.73214,0.73158,0.73197,0,0
2015-05-18,02:00:00,0.73195,0.73226,0.73177,0.73211,0,0
2015-05-18,03:00:00,0.73211,0.73238,0.73105,0.73109,0,0
2015-05-18,04:00:00,0.73107,0.73143,0.73087,0.73128,0,0
2015-05-18,05:00:00,0.73126,0.73147,0.73094,0.73108,0,0
2015-05-18,06:00:00,0.73106,0.73131,0.7309,0.73122,0,0
2015-05-18,07:00:00,0.73122,0.73155,0.7309,0.73106,0,0
2015-05-18,08:00:00,0.73106,0.73171,0.73043,0.73048,0,0
2015-05-18,09:00:00,0.73053,0.73217,0.73016,0.73216,0,0
2015-05-18,10:00:00,0.73222,0.73394,0.73196,0.73307,0,0
2015-05-18,11:00:00,0.73312,0.73501,0.7331,0.73379,0,0
2015-05-18,12:00:00,0.73379,0.73465,0.73258,0.73273,0,0
2015-05-18,13:00:00,0.73268,0.73344,0.73163,0.73184,0,0
2015-05-18,14:00:00,0.73183,0.7333,0.73175,0.73259,0,0
2015-05-18,15:00:00,0.73257,0.73385,0.73248,0.73336,0,0
2015-05-18,16:00:00,0.73341,0.73603,0.73295,0.73601,0,0
2015-05-18,17:00:00,0.73603,0.73629,0.73428,0.73428,0,0
2015-05-18,18:00:00,0.73425,0.73538,0.73385,0.73503,0,0
2015-05-18,19:00:00,0.73504,0.73635,0.73447,0.73497,0,0
2015-05-18,20:00:00,0.73499,0.73679,0.73475,0.73645,0,0
2015-05-18,21:00:00,0.73651,0.73752,0.73642,0.73718,0,0
2015-05-18,22:00:00,0.73719,0.73735,0.7366,0.73692,0,0
2015-05-18,23:00:00,0.73693,0.73695,0.73641,0.73663,0,0
2015-05-18,23:59:00,0.73659,0.73676,0.73648,0.73658,0,0
2015-05-19,01:00:00,0.73657,0.73672,0.73639,0.73649,0,0
2015-05-19,02:00:00,0.73651,0.7368,0.73623,0.73641,0,0
2015-05-19,03:00:00,0.73639,0.73736,0.73619,0.73722,0,0
2015-05-19,04:00:00,0.73722,0.73846,0.7372,0.73803,0,0
2015-05-19,05:00:00,0.73811,0.73853,0.73764,0.7378,0,0
2015-05-19,06:00:00,0.7378,0.73804,0.73739,0.73741,0,0
2015-05-19,07:00:00,0.73741,0.7378,0.73728,0.73752,0,0
2015-05-19,08:00:00,0.7375,0.7375,0.73655,0.73681,0,0
2015-05-19,09:00:00,0.73685,0.73904,0.73682,0.73751,0,0
2015-05-19,10:00:00,0.73749,0.74657,0.73749,0.74538,0,0
2015-05-19,11:00:00,0.74539,0.74635,0.74418,0.74431,0,0
2015-05-19,12:00:00,0.74478,0.74495,0.74324,0.7433,0,0
2015-05-19,13:00:00,0.74332,0.74408,0.74246,0.74293,0,0
2015-05-19,14:00:00,0.74271,0.74472,0.74266,0.74395,0,0
2015-05-19,15:00:00,0.74389,0.74636,0.74341,0.74582,0,0
2015-05-19,16:00:00,0.74576,0.74582,0.74382,0.74431,0,0
2015-05-19,17:00:00,0.74442,0.74492,0.74361,0.74444,0,0
2015-05-19,18:00:00,0.7446,0.74519,0.74349,0.74378,0,0
2015-05-19,19:00:00,0.74376,0.74493,0.7435,0.74388,0,0
2015-05-19,20:00:00,0.74391,0.74439,0.74338,0.74349,0,0
2015-05-19,21:00:00,0.74356,0.74356,0.74251,0.7426,0,0
2015-05-19,22:00:00,0.74267,0.74309,0.74228,0.74294,0,0
2015-05-19,23:00:00,0.743,0.74352,0.74288,0.74313,0,0
2015-05-19,23:59:00,0.7431,0.74375,0.74292,0.7437,0,0
2015-05-20,01:00:00,0.74364,0.74383,0.74327,0.74335,0,0
2015-05-20,02:00:00,0.74335,0.74388,0.7433,0.74385,0,0
2015-05-20,03:00:00,0.74385,0.74432,0.74304,0.74309,0,0
2015-05-20,04:00:00,0.74309,0.74314,0.74239,0.74274,0,0
2015-05-20,05:00:00,0.7427,0.74276,0.74221,0.74228,0,0
2015-05-20,06:00:00,0.74227,0.74275,0.74213,0.74271,0,0
2015-05-20,07:00:00,0.7427,0.74285,0.74233,0.74261,0,0
2015-05-20,08:00:00,0.74261,0.74443,0.74201,0.74443,0,0
2015-05-20,09:00:00,0.74461,0.74664,0.74389,0.74573,0,0
2015-05-20,10:00:00,0.74573,0.74641,0.74457,0.74467,0,0
2015-05-20,11:00:00,0.74471,0.74479,0.74341,0.74455,0,0
2015-05-20,12:00:00,0.74457,0.74462,0.74346,0.74416,0,0
2015-05-20,13:00:00,0.74418,0.74521,0.74366,0.74508,0,0
2015-05-20,14:00:00,0.74503,0.7452,0.74422,0.7444,0,0
2015-05-20,15:00:00,0.74442,0.74442,0.74287,0.74287,0,0
2015-05-20,16:00:00,0.74287,0.74449,0.74274,0.74431,0,0
2015-05-20,17:00:00,0.74431,0.74448,0.74261,0.74303,0,0
2015-05-20,18:00:00,0.74302,0.7442,0.74263,0.74407,0,0
2015-05-20,19:00:00,0.7441,0.74434,0.7431,0.74315,0,0
2015-05-20,20:00:00,0.74325,0.7442,0.74256,0.74298,0,0
2015-05-20,21:00:00,0.74297,0.74372,0.74156,0.74253,0,0
2015-05-20,22:00:00,0.74251,0.74361,0.74189,0.74267,0,0
2015-05-20,23:00:00,0.74269,0.74315,0.74249,0.74283,0,0
2015-05-20,23:59:00,0.74292,0.74352,0.74241,0.7433,0,0
2015-05-21,01:00:00,0.7433,0.74364,0.7432,0.74346,0,0
2015-05-21,02:00:00,0.74341,0.74359,0.74315,0.74315,0,0
2015-05-21,03:00:00,0.74315,0.74326,0.74255,0.74292,0,0
2015-05-21,04:00:00,0.74292,0.74298,0.74214,0.74229,0,0
2015-05-21,05:00:00,0.74232,0.74247,0.74188,0.74218,0,0
2015-05-21,06:00:00,0.74216,0.74246,0.74189,0.74201,0,0
2015-05-21,07:00:00,0.74201,0.74289,0.74189,0.74279,0,0
2015-05-21,08:00:00,0.74263,0.7431,0.74249,0.74307,0,0
2015-05-21,09:00:00,0.74311,0.74503,0.74311,0.74391,0,0
2015-05-21,10:00:00,0.74406,0.74406,0.74086,0.742,0,0
2015-05-21,11:00:00,0.74212,0.74215,0.74042,0.7417,0,0
2015-05-21,12:00:00,0.74176,0.74212,0.74081,0.74162,0,0
2015-05-21,13:00:00,0.74177,0.7418,0.73881,0.74034,0,0
2015-05-21,14:00:00,0.74028,0.74158,0.74014,0.74147,0,0
2015-05-21,15:00:00,0.74145,0.74248,0.74092,0.74209,0,0
2015-05-21,16:00:00,0.7422,0.74308,0.74176,0.7427,0,0
2015-05-21,17:00:00,0.74295,0.74295,0.74168,0.74228,0,0
2015-05-21,18:00:00,0.7422,0.74297,0.7419,0.74244,0,0
2015-05-21,19:00:00,0.74237,0.74274,0.7419,0.74198,0,0
2015-05-21,20:00:00,0.74196,0.74275,0.74195,0.74273,0,0
2015-05-21,21:00:00,0.74275,0.74293,0.74214,0.7427,0,0
2015-05-21,22:00:00,0.74262,0.74361,0.74254,0.74356,0,0
2015-05-21,23:00:00,0.74361,0.74369,0.74324,0.74353,0,0
2015-05-21,23:59:00,0.74357,0.7439,0.74313,0.74353,0,0
2015-05-22,01:00:00,0.74353,0.74377,0.74339,0.74363,0,0
2015-05-22,02:00:00,0.74363,0.74382,0.74341,0.74361,0,0
2015-05-22,03:00:00,0.74354,0.74365,0.74302,0.74349,0,0
2015-05-22,04:00:00,0.74351,0.74386,0.7432,0.7434,0,0
2015-05-22,05:00:00,0.74339,0.74352,0.74259,0.74341,0,0
2015-05-22,06:00:00,0.74341,0.74352,0.74245,0.74262,0,0
2015-05-22,07:00:00,0.74263,0.74319,0.7423,0.74296,0,0
2015-05-22,08:00:00,0.74293,0.74353,0.74241,0.74256,0,0
2015-05-22,09:00:00,0.74249,0.74278,0.74139,0.74259,0,0
2015-05-22,10:00:00,0.74266,0.74327,0.7415,0.74223,0,0
2015-05-22,11:00:00,0.74224,0.74226,0.74093,0.7412,0,0
2015-05-22,12:00:00,0.74124,0.74147,0.73965,0.73989,0,0
2015-05-22,13:00:00,0.73993,0.73993,0.73895,0.73963,0,0
2015-05-22,14:00:00,0.73962,0.74092,0.73923,0.74074,0,0
2015-05-22,15:00:00,0.74074,0.74337,0.74002,0.74296,0,0
2015-05-22,16:00:00,0.74294,0.74773,0.74294,0.74643,0,0
2015-05-22,17:00:00,0.74657,0.74777,0.74655,0.74681,0,0
2015-05-22,18:00:00,0.74678,0.74717,0.74616,0.74624,0,0
2015-05-22,19:00:00,0.74624,0.74653,0.74547,0.74553,0,0
2015-05-22,20:00:00,0.74564,0.74733,0.74564,0.7471,0,0
2015-05-22,21:00:00,0.74709,0.74758,0.74688,0.74723,0,0
2015-05-22,22:00:00,0.74722,0.74767,0.74711,0.74742,0,0
2015-05-22,23:00:00,0.74737,0.74737,0.7471,0.74717,0,0
2015-05-25,01:00:00,0.7493,0.7493,0.7477,0.74808,0,0
2015-05-25,02:00:00,0.74799,0.74869,0.7475,0.74841,0,0
2015-05-25,03:00:00,0.74843,0.74865,0.74759,0.74855,0,0
2015-05-25,04:00:00,0.74848,0.74873,0.748,0.74826,0,0
2015-05-25,05:00:00,0.74825,0.74839,0.74795,0.74812,0,0
2015-05-25,06:00:00,0.74808,0.74826,0.74766,0.74814,0,0
2015-05-25,07:00:00,0.74816,0.74841,0.748,0.74825,0,0
2015-05-25,08:00:00,0.74826,0.7489,0.74802,0.74841,0,0
2015-05-25,09:00:00,0.74835,0.7486,0.74721,0.74747,0,0
2015-05-25,10:00:00,0.74742,0.7497,0.74717,0.74919,0,0
2015-05-25,11:00:00,0.74919,0.75004,0.74911,0.74931,0,0
2015-05-25,12:00:00,0.74931,0.74998,0.74865,0.74962,0,0
2015-05-25,13:00:00,0.74963,0.75007,0.74944,0.74996,0,0
2015-05-25,14:00:00,0.74998,0.75015,0.74939,0.74956,0,0
2015-05-25,15:00:00,0.74957,0.7498,0.74896,0.74936,0,0
2015-05-25,16:00:00,0.74935,0.75024,0.74927,0.75016,0,0
2015-05-25,17:00:00,0.75016,0.75036,0.7498,0.75027,0,0
2015-05-25,18:00:00,0.75028,0.75044,0.74984,0.75015,0,0
2015-05-25,19:00:00,0.75022,0.7503,0.74948,0.74952,0,0
2015-05-25,20:00:00,0.74935,0.74993,0.74935,0.74993,0,0
2015-05-25,21:00:00,0.74994,0.74996,0.74939,0.74956,0,0
2015-05-25,22:00:00,0.74959,0.74982,0.74945,0.74947,0,0
2015-05-25,23:00:00,0.74944,0.74972,0.7492,0.74938,0,0
2015-05-25,23:59:00,0.74938,0.74972,0.74915,0.74931,0,0
2015-05-26,01:00:00,0.74931,0.74948,0.74885,0.74927,0,0
2015-05-26,02:00:00,0.7492,0.74969,0.74919,0.74942,0,0
2015-05-26,03:00:00,0.74942,0.75113,0.74926,0.75076,0,0
2015-05-26,04:00:00,0.75076,0.75131,0.75048,0.75079,0,0
2015-05-26,05:00:00,0.75082,0.751,0.74976,0.7501,0,0
2015-05-26,06:00:00,0.7501,0.75081,0.75,0.75044,0,0
2015-05-26,07:00:00,0.75044,0.75057,0.75011,0.7504,0,0
2015-05-26,08:00:00,0.7504,0.75097,0.75006,0.75038,0,0
2015-05-26,09:00:00,0.75042,0.75087,0.74727,0.74913,0,0
2015-05-26,10:00:00,0.74922,0.74933,0.74765,0.74878,0,0
2015-05-26,11:00:00,0.74879,0.74916,0.74742,0.74782,0,0
2015-05-26,12:00:00,0.74778,0.74785,0.74624,0.7474,0,0
2015-05-26,13:00:00,0.74738,0.74857,0.74724,0.74785,0,0
2015-05-26,14:00:00,0.74774,0.74804,0.74635,0.74635,0,0
2015-05-26,15:00:00,0.74629,0.74688,0.74401,0.74424,0,0
2015-05-26,16:00:00,0.74432,0.74494,0.74343,0.74413,0,0
2015-05-26,17:00:00,0.74411,0.74605,0.74373,0.74563,0,0
2015-05-26,18:00:00,0.74573,0.74706,0.74562,0.74705,0,0
2015-05-26,19:00:00,0.74707,0.74748,0.74687,0.74698,0,0
2015-05-26,20:00:00,0.74701,0.7481,0.74692,0.74798,0,0
2015-05-26,21:00:00,0.74794,0.74794,0.74707,0.74754,0,0
2015-05-26,22:00:00,0.74749,0.74794,0.74699,0.74706,0,0
2015-05-26,23:00:00,0.74711,0.74719,0.74655,0.74719,0,0
2015-05-26,23:59:00,0.74705,0.74745,0.74663,0.74742,0,0
2015-05-27,01:00:00,0.74736,0.74737,0.74637,0.74666,0,0
2015-05-27,02:00:00,0.74661,0.74729,0.74661,0.74683,0,0
2015-05-27,03:00:00,0.74683,0.74747,0.74655,0.7471,0,0
2015-05-27,04:00:00,0.74715,0.7472,0.74634,0.74698,0,0
2015-05-27,05:00:00,0.74697,0.74737,0.74662,0.74723,0,0
2015-05-27,06:00:00,0.74715,0.74715,0.74638,0.74675,0,0
2015-05-27,07:00:00,0.74673,0.74677,0.7459,0.74605,0,0
2015-05-27,08:00:00,0.74603,0.74626,0.74514,0.74585,0,0
2015-05-27,09:00:00,0.74595,0.74608,0.74447,0.74481,0,0
2015-05-27,10:00:00,0.7448,0.74536,0.74429,0.74465,0,0
2015-05-27,11:00:00,0.74466,0.74503,0.74404,0.74416,0,0
2015-05-27,12:00:00,0.74417,0.74429,0.74298,0.74321,0,0
2015-05-27,13:00:00,0.74327,0.74409,0.74195,0.74377,0,0
2015-05-27,14:00:00,0.74353,0.74443,0.74315,0.74419,0,0
2015-05-27,15:00:00,0.74423,0.74636,0.74353,0.74606,0,0
2015-05-27,16:00:00,0.74606,0.74725,0.74365,0.74505,0,0
2015-05-27,17:00:00,0.74508,0.74527,0.74191,0.74278,0,0
2015-05-27,18:00:00,0.74272,0.74345,0.74114,0.74215,0,0
2015-05-27,19:00:00,0.74217,0.74222,0.74159,0.7419,0,0
2015-05-27,20:00:00,0.74185,0.74204,0.74069,0.74093,0,0
2015-05-27,21:00:00,0.74093,0.74196,0.74067,0.74129,0,0
2015-05-27,22:00:00,0.74135,0.74176,0.74064,0.74124,0,0
2015-05-27,23:00:00,0.74121,0.74181,0.74091,0.74154,0,0
2015-05-27,23:59:00,0.74158,0.74184,0.74127,0.74157,0,0
2015-05-28,01:00:00,0.74151,0.74185,0.74107,0.74119,0,0
2015-05-28,02:00:00,0.74119,0.74162,0.74118,0.74158,0,0
2015-05-28,03:00:00,0.74162,0.74209,0.74068,0.74106,0,0
2015-05-28,04:00:00,0.74103,0.74153,0.7404,0.74055,0,0
2015-05-28,05:00:00,0.74043,0.74065,0.73856,0.7395,0,0
2015-05-28,06:00:00,0.73945,0.73959,0.73838,0.73867,0,0
2015-05-28,07:00:00,0.73867,0.73924,0.73803,0.73897,0,0
2015-05-28,08:00:00,0.73898,0.74073,0.73882,0.73975,0,0
2015-05-28,09:00:00,0.73981,0.74024,0.73853,0.73943,0,0
2015-05-28,10:00:00,0.73946,0.74044,0.73886,0.73925,0,0
2015-05-28,11:00:00,0.73918,0.73962,0.73727,0.73778,0,0
2015-05-28,12:00:00,0.73782,0.73851,0.73656,0.73685,0,0
2015-05-28,13:00:00,0.73684,0.73769,0.73606,0.73743,0,0
2015-05-28,14:00:00,0.7375,0.73958,0.73726,0.73922,0,0
2015-05-28,15:00:00,0.73921,0.73983,0.73764,0.73905,0,0
2015-05-28,16:00:00,0.73906,0.73957,0.73814,0.73866,0,0
2015-05-28,17:00:00,0.73887,0.73949,0.73717,0.73717,0,0
2015-05-28,18:00:00,0.73728,0.73812,0.73684,0.73779,0,0
2015-05-28,19:00:00,0.73779,0.73919,0.73708,0.73881,0,0
2015-05-28,20:00:00,0.73879,0.73929,0.73815,0.73899,0,0
2015-05-28,21:00:00,0.73899,0.73911,0.73675,0.73682,0,0
2015-05-28,22:00:00,0.73691,0.73729,0.73649,0.73685,0,0
2015-05-28,23:00:00,0.7369,0.73721,0.73654,0.73685,0,0
2015-05-28,23:59:00,0.73691,0.73696,0.73577,0.73619,0,0
2015-05-29,01:00:00,0.73625,0.7367,0.73572,0.73648,0,0
2015-05-29,02:00:00,0.73648,0.73698,0.73605,0.73674,0,0
2015-05-29,03:00:00,0.73674,0.73772,0.73671,0.7375,0,0
2015-05-29,04:00:00,0.73747,0.73777,0.73702,0.7377,0,0
2015-05-29,05:00:00,0.73771,0.73836,0.73734,0.73795,0,0
2015-05-29,06:00:00,0.73798,0.73802,0.73755,0.73761,0,0
2015-05-29,07:00:00,0.73761,0.7377,0.73724,0.73756,0,0
2015-05-29,08:00:00,0.7376,0.73795,0.73692,0.7371,0,0
2015-05-29,09:00:00,0.73717,0.7383,0.73634,0.7383,0,0
2015-05-29,10:00:00,0.73816,0.73824,0.737,0.73724,0,0
2015-05-29,11:00:00,0.73724,0.73754,0.73637,0.73695,0,0
2015-05-29,12:00:00,0.73693,0.73721,0.73532,0.73556,0,0
2015-05-29,13:00:00,0.73555,0.73704,0.73555,0.73678,0,0
2015-05-29,14:00:00,0.73664,0.73693,0.73509,0.73524,0,0
2015-05-29,15:00:00,0.73526,0.73603,0.73392,0.73515,0,0
2015-05-29,16:00:00,0.7351,0.73519,0.73399,0.73446,0,0
2015-05-29,17:00:00,0.7345,0.73607,0.73365,0.73523,0,0
2015-05-29,18:00:00,0.73527,0.73546,0.73348,0.73358,0,0
2015-05-29,19:00:00,0.73367,0.73426,0.73308,0.73426,0,0
2015-05-29,20:00:00,0.73426,0.73429,0.73335,0.73379,0,0
2015-05-29,21:00:00,0.73379,0.73434,0.73347,0.73411,0,0
2015-05-29,22:00:00,0.73397,0.73406,0.73326,0.73361,0,0
2015-05-29,23:00:00,0.73359,0.7338,0.73359,0.7338,0,0
2015-06-01,01:00:00,0.73344,0.73443,0.73338,0.73417,0,0
2015-06-01,02:00:00,0.73416,0.73495,0.73416,0.73455,0,0
2015-06-01,03:00:00,0.73448,0.73565,0.73445,0.73563,0,0
2015-06-01,04:00:00,0.73564,0.73632,0.73518,0.73599,0,0
2015-06-01,05:00:00,0.73592,0.73632,0.73526,0.73555,0,0
2015-06-01,06:00:00,0.73557,0.73588,0.73532,0.73582,0,0
2015-06-01,07:00:00,0.73582,0.73592,0.73538,0.73558,0,0
2015-06-01,08:00:00,0.73559,0.73561,0.73488,0.73502,0,0
2015-06-01,09:00:00,0.73501,0.73697,0.7349,0.73683,0,0
2015-06-01,10:00:00,0.73691,0.73892,0.73609,0.73836,0,0
2015-06-01,11:00:00,0.73841,0.73999,0.73738,0.73954,0,0
2015-06-01,12:00:00,0.73944,0.7399,0.73808,0.73819,0,0
2015-06-01,13:00:00,0.73822,0.73924,0.73762,0.73797,0,0
2015-06-01,14:00:00,0.73799,0.73861,0.73606,0.73698,0,0
2015-06-01,15:00:00,0.73705,0.73737,0.73582,0.73711,0,0
2015-06-01,16:00:00,0.73698,0.73699,0.73469,0.73504,0,0
2015-06-01,17:00:00,0.7351,0.7379,0.7346,0.73691,0,0
2015-06-01,18:00:00,0.73698,0.73721,0.73499,0.73512,0,0
2015-06-01,19:00:00,0.73513,0.73533,0.73308,0.73347,0,0
2015-06-01,20:00:00,0.73343,0.73373,0.73282,0.73316,0,0
2015-06-01,21:00:00,0.73314,0.7338,0.73261,0.73261,0,0
2015-06-01,22:00:00,0.73261,0.7336,0.73213,0.7336,0,0
2015-06-01,23:00:00,0.73355,0.7336,0.73292,0.73337,0,0
2015-06-01,23:59:00,0.73346,0.73395,0.73276,0.73382,0,0
2015-06-02,01:00:00,0.73378,0.73386,0.73305,0.73314,0,0
2015-06-02,02:00:00,0.73313,0.73341,0.73283,0.73329,0,0
2015-06-02,03:00:00,0.73326,0.7335,0.73284,0.73297,0,0
2015-06-02,04:00:00,0.73296,0.73343,0.7329,0.733,0,0
2015-06-02,05:00:00,0.73298,0.73383,0.73252,0.7334,0,0
2015-06-02,06:00:00,0.73341,0.73423,0.73314,0.73359,0,0
2015-06-02,07:00:00,0.73361,0.73416,0.73326,0.7336,0,0
2015-06-02,08:00:00,0.7337,0.73409,0.73319,0.7339,0,0
2015-06-02,09:00:00,0.73388,0.7347,0.7326,0.7329,0,0
2015-06-02,10:00:00,0.7329,0.73333,0.73057,0.73285,0,0
2015-06-02,11:00:00,0.73284,0.73338,0.73118,0.73136,0,0
2015-06-02,12:00:00,0.73126,0.73185,0.73001,0.73031,0,0
2015-06-02,13:00:00,0.73035,0.7304,0.72611,0.72726,0,0
2015-06-02,14:00:00,0.72729,0.72742,0.7251,0.72708,0,0
2015-06-02,15:00:00,0.72704,0.72767,0.72466,0.72475,0,0
2015-06-02,16:00:00,0.72475,0.72475,0.7203,0.72404,0,0
2015-06-02,17:00:00,0.724,0.72536,0.72287,0.72405,0,0
2015-06-02,18:00:00,0.72403,0.72466,0.7232,0.72353,0,0
2015-06-02,19:00:00,0.72356,0.7238,0.72142,0.72156,0,0
2015-06-02,20:00:00,0.7215,0.72249,0.72125,0.72195,0,0
2015-06-02,21:00:00,0.72189,0.72257,0.72166,0.72166,0,0
2015-06-02,22:00:00,0.72142,0.72312,0.72142,0.72295,0,0
2015-06-02,23:00:00,0.72296,0.72305,0.72237,0.72254,0,0
2015-06-02,23:59:00,0.72255,0.7228,0.72241,0.72265,0,0
2015-06-03,01:00:00,0.72267,0.72288,0.72233,0.72283,0,0
2015-06-03,02:00:00,0.72283,0.72324,0.72265,0.72304,0,0
2015-06-03,03:00:00,0.7231,0.72324,0.72259,0.72275,0,0
2015-06-03,04:00:00,0.72281,0.7232,0.7222,0.72241,0,0
2015-06-03,05:00:00,0.72239,0.72346,0.72232,0.72279,0,0
2015-06-03,06:00:00,0.72279,0.723,0.72242,0.72271,0,0
2015-06-03,07:00:00,0.72269,0.72303,0.72206,0.72282,0,0
2015-06-03,08:00:00,0.72282,0.72285,0.72179,0.72247,0,0
2015-06-03,09:00:00,0.72245,0.72317,0.72135,0.72227,0,0
2015-06-03,10:00:00,0.72231,0.72426,0.72231,0.72295,0,0
2015-06-03,11:00:00,0.72295,0.72314,0.72169,0.72261,0,0
2015-06-03,12:00:00,0.72257,0.72403,0.72197,0.72288,0,0
2015-06-03,13:00:00,0.72291,0.72299,0.72198,0.72241,0,0
2015-06-03,14:00:00,0.72248,0.72336,0.72234,0.72289,0,0
2015-06-03,15:00:00,0.72291,0.72395,0.72074,0.72155,0,0
2015-06-03,16:00:00,0.72159,0.72159,0.71617,0.71729,0,0
2015-06-03,17:00:00,0.7173,0.71781,0.71443,0.71511,0,0
2015-06-03,18:00:00,0.71512,0.71527,0.71392,0.71434,0,0
2015-06-03,19:00:00,0.71434,0.71492,0.714,0.71436,0,0
2015-06-03,20:00:00,0.71436,0.71483,0.71379,0.71454,0,0
2015-06-03,21:00:00,0.71454,0.71508,0.7141,0.71481,0,0
2015-06-03,22:00:00,0.71477,0.71488,0.71356,0.71388,0,0
2015-06-03,23:00:00,0.71395,0.71429,0.71387,0.71393,0,0
2015-06-03,23:59:00,0.7139,0.7144,0.71388,0.71413,0,0
2015-06-04,01:00:00,0.71412,0.71458,0.71381,0.71404,0,0
2015-06-04,02:00:00,0.71411,0.71464,0.71373,0.71437,0,0
2015-06-04,03:00:00,0.71436,0.71442,0.7137,0.71417,0,0
2015-06-04,04:00:00,0.71417,0.7143,0.71286,0.71309,0,0
2015-06-04,05:00:00,0.71309,0.71327,0.71285,0.71293,0,0
2015-06-04,06:00:00,0.71293,0.7131,0.71246,0.71308,0,0
2015-06-04,07:00:00,0.71308,0.7132,0.71268,0.71294,0,0
2015-06-04,08:00:00,0.71292,0.71423,0.71288,0.71393,0,0
2015-06-04,09:00:00,0.71398,0.71658,0.71357,0.71608,0,0
2015-06-04,10:00:00,0.71608,0.7165,0.71413,0.71461,0,0
2015-06-04,11:00:00,0.71459,0.71531,0.70965,0.71103,0,0
2015-06-04,12:00:00,0.71106,0.71161,0.70977,0.70996,0,0
2015-06-04,13:00:00,0.71001,0.71042,0.70896,0.70964,0,0
2015-06-04,14:00:00,0.70962,0.71187,0.70931,0.71174,0,0
2015-06-04,15:00:00,0.71164,0.71316,0.71061,0.71221,0,0
2015-06-04,16:00:00,0.71217,0.7148,0.71208,0.71328,0,0
2015-06-04,17:00:00,0.71321,0.71377,0.71156,0.71196,0,0
2015-06-04,18:00:00,0.71196,0.71329,0.71148,0.71231,0,0
2015-06-04,19:00:00,0.71226,0.71284,0.70961,0.71135,0,0
2015-06-04,20:00:00,0.71144,0.71596,0.71111,0.7154,0,0
2015-06-04,21:00:00,0.71534,0.71578,0.71463,0.71512,0,0
2015-06-04,22:00:00,0.71503,0.71584,0.71484,0.71554,0,0
2015-06-04,23:00:00,0.71541,0.71554,0.71504,0.71548,0,0
2015-06-04,23:59:00,0.71548,0.71603,0.71497,0.71585,0,0
2015-06-05,01:00:00,0.71585,0.71733,0.71574,0.7172,0,0
2015-06-05,02:00:00,0.71722,0.71871,0.71711,0.71734,0,0
2015-06-05,03:00:00,0.7173,0.7173,0.71616,0.71664,0,0
2015-06-05,04:00:00,0.71663,0.71739,0.71652,0.71666,0,0
2015-06-05,05:00:00,0.71658,0.71688,0.71631,0.71683,0,0
2015-06-05,06:00:00,0.71683,0.71707,0.71653,0.7166,0,0
2015-06-05,07:00:00,0.7166,0.71661,0.71587,0.71641,0,0
2015-06-05,08:00:00,0.71637,0.71663,0.71586,0.71596,0,0
2015-06-05,09:00:00,0.71582,0.71595,0.71417,0.71421,0,0
2015-06-05,10:00:00,0.71421,0.71432,0.71075,0.7112,0,0
2015-06-05,11:00:00,0.71121,0.71223,0.71101,0.7119,0,0
2015-06-05,12:00:00,0.71191,0.7127,0.71122,0.71149,0,0
2015-06-05,13:00:00,0.71148,0.71415,0.71136,0.71395,0,0
2015-06-05,14:00:00,0.71399,0.71445,0.71348,0.7139,0,0
2015-06-05,15:00:00,0.71391,0.71818,0.71357,0.71716,0,0
2015-06-05,16:00:00,0.7172,0.7192,0.7167,0.7187,0,0
2015-06-05,17:00:00,0.71873,0.71873,0.71618,0.71648,0,0
2015-06-05,18:00:00,0.71645,0.71711,0.71555,0.71681,0,0
2015-06-05,19:00:00,0.71676,0.71801,0.71619,0.71623,0,0
2015-06-05,20:00:00,0.71612,0.71644,0.71575,0.71618,0,0
2015-06-05,21:00:00,0.71623,0.71632,0.71514,0.71599,0,0
2015-06-05,22:00:00,0.71601,0.71649,0.71592,0.71628,0,0
2015-06-05,23:00:00,0.71632,0.71632,0.71618,0.71618,0,0
2015-06-08,01:00:00,0.71746,0.71758,0.71633,0.71644,0,0
2015-06-08,02:00:00,0.71639,0.71705,0.71631,0.71701,0,0
2015-06-08,03:00:00,0.71696,0.71844,0.71686,0.71832,0,0
2015-06-08,04:00:00,0.71833,0.71878,0.71795,0.71874,0,0
2015-06-08,05:00:00,0.71874,0.71921,0.71818,0.71819,0,0
2015-06-08,06:00:00,0.71807,0.71827,0.71781,0.71794,0,0
2015-06-08,07:00:00,0.71788,0.71831,0.71749,0.71766,0,0
2015-06-08,08:00:00,0.71764,0.71782,0.71677,0.71688,0,0
2015-06-08,09:00:00,0.7166,0.71858,0.71587,0.71775,0,0
2015-06-08,10:00:00,0.71769,0.71771,0.71447,0.71512,0,0
2015-06-08,11:00:00,0.71516,0.71747,0.71473,0.7173,0,0
2015-06-08,12:00:00,0.71722,0.71747,0.71613,0.71731,0,0
2015-06-08,13:00:00,0.71735,0.71797,0.71666,0.71684,0,0
2015-06-08,14:00:00,0.7168,0.71699,0.71443,0.71538,0,0
2015-06-08,15:00:00,0.71535,0.71559,0.71291,0.71478,0,0
2015-06-08,16:00:00,0.71473,0.71478,0.71267,0.71328,0,0
2015-06-08,17:00:00,0.71343,0.71407,0.71178,0.7119,0,0
2015-06-08,18:00:00,0.71191,0.71273,0.71148,0.71186,0,0
2015-06-08,19:00:00,0.71182,0.7119,0.7112,0.71187,0,0
2015-06-08,20:00:00,0.71183,0.71193,0.71049,0.71151,0,0
2015-06-08,21:00:00,0.71162,0.71228,0.71076,0.71168,0,0
2015-06-08,22:00:00,0.71169,0.71258,0.71161,0.71214,0,0
2015-06-08,23:00:00,0.71215,0.71217,0.71107,0.71137,0,0
2015-06-08,23:59:00,0.71144,0.71191,0.71109,0.71154,0,0
2015-06-09,01:00:00,0.71167,0.71167,0.71105,0.71134,0,0
2015-06-09,02:00:00,0.71134,0.71167,0.7112,0.71157,0,0
2015-06-09,03:00:00,0.71157,0.71166,0.71069,0.71135,0,0
2015-06-09,04:00:00,0.71139,0.71148,0.7092,0.70959,0,0
2015-06-09,05:00:00,0.70965,0.70986,0.70924,0.7096,0,0
2015-06-09,06:00:00,0.7096,0.70996,0.70944,0.70947,0,0
2015-06-09,07:00:00,0.70945,0.70987,0.70936,0.70976,0,0
2015-06-09,08:00:00,0.70975,0.71061,0.70935,0.70957,0,0
2015-06-09,09:00:00,0.70958,0.71222,0.70958,0.71147,0,0
2015-06-09,10:00:00,0.71139,0.71325,0.71078,0.7111,0,0
2015-06-09,11:00:00,0.71111,0.71347,0.71092,0.71327,0,0
2015-06-09,12:00:00,0.71318,0.71494,0.71292,0.71481,0,0
2015-06-09,13:00:00,0.71489,0.71667,0.71467,0.71564,0,0
2015-06-09,14:00:00,0.71547,0.71707,0.71467,0.71675,0,0
2015-06-09,15:00:00,0.71674,0.71741,0.71621,0.71669,0,0
2015-06-09,16:00:00,0.71663,0.71754,0.71459,0.71501,0,0
2015-06-09,17:00:00,0.71477,0.71656,0.71442,0.71513,0,0
2015-06-09,18:00:00,0.71511,0.71512,0.71332,0.71383,0,0
2015-06-09,19:00:00,0.71384,0.71438,0.7134,0.71387,0,0
2015-06-09,20:00:00,0.71389,0.71423,0.71223,0.71225,0,0
2015-06-09,21:00:00,0.71231,0.71283,0.71214,0.71278,0,0
2015-06-09,22:00:00,0.71282,0.71341,0.71277,0.71323,0,0
2015-06-09,23:00:00,0.71319,0.71328,0.71273,0.71275,0,0
2015-06-09,23:59:00,0.71278,0.71342,0.71278,0.71324,0,0
2015-06-10,01:00:00,0.71324,0.71334,0.71291,0.71291,0,0
2015-06-10,02:00:00,0.71291,0.71306,0.71173,0.71209,0,0
2015-06-10,03:00:00,0.7121,0.71212,0.71086,0.71142,0,0
2015-06-10,04:00:00,0.71148,0.71218,0.71125,0.71207,0,0
2015-06-10,05:00:00,0.71207,0.71239,0.71165,0.7118,0,0
2015-06-10,06:00:00,0.7118,0.71186,0.71137,0.71166,0,0
2015-06-10,07:00:00,0.71168,0.72078,0.71167,0.71985,0,0
2015-06-10,08:00:00,0.71975,0.72159,0.71941,0.72051,0,0
2015-06-10,09:00:00,0.7203,0.72182,0.71936,0.71954,0,0
2015-06-10,10:00:00,0.71924,0.71924,0.71676,0.71732,0,0
2015-06-10,11:00:00,0.71733,0.72083,0.71554,0.72035,0,0
2015-06-10,12:00:00,0.72034,0.72121,0.71917,0.72072,0,0
2015-06-10,13:00:00,0.72073,0.72108,0.71789,0.71876,0,0
2015-06-10,14:00:00,0.71876,0.72075,0.71835,0.72064,0,0
2015-06-10,15:00:00,0.72067,0.72186,0.71994,0.72073,0,0
2015-06-10,16:00:00,0.72075,0.72075,0.71826,0.72013,0,0
2015-06-10,17:00:00,0.7202,0.72234,0.71991,0.72132,0,0
2015-06-10,18:00:00,0.72147,0.72147,0.7182,0.72066,0,0
2015-06-10,19:00:00,0.7207,0.72132,0.72009,0.72056,0,0
2015-06-10,20:00:00,0.72059,0.72112,0.72022,0.72053,0,0
2015-06-10,21:00:00,0.72052,0.72086,0.72002,0.72028,0,0
2015-06-10,22:00:00,0.72023,0.72043,0.71969,0.7198,0,0
2015-06-10,23:00:00,0.71984,0.7202,0.71954,0.71974,0,0
2015-06-10,23:59:00,0.7198,0.72012,0.71921,0.71967,0,0
2015-06-11,01:00:00,0.71966,0.71988,0.71915,0.71922,0,0
2015-06-11,02:00:00,0.71922,0.71981,0.71918,0.71955,0,0
2015-06-11,03:00:00,0.71953,0.71953,0.71891,0.71918,0,0
2015-06-11,04:00:00,0.7192,0.72052,0.71919,0.71947,0,0
2015-06-11,05:00:00,0.71951,0.72007,0.71888,0.71896,0,0
2015-06-11,06:00:00,0.719,0.71923,0.71871,0.71883,0,0
2015-06-11,07:00:00,0.71882,0.71917,0.71797,0.71808,0,0
2015-06-11,08:00:00,0.71803,0.71846,0.71764,0.71822,0,0
2015-06-11,09:00:00,0.71816,0.71832,0.71655,0.71815,0,0
2015-06-11,10:00:00,0.71821,0.71921,0.71782,0.71865,0,0
2015-06-11,11:00:00,0.71873,0.72042,0.71791,0.71831,0,0
2015-06-11,12:00:00,0.71829,0.71865,0.71713,0.71803,0,0
2015-06-11,13:00:00,0.71802,0.71811,0.71698,0.71781,0,0
2015-06-11,14:00:00,0.71782,0.71942,0.71772,0.7194,0,0
2015-06-11,15:00:00,0.71933,0.72135,0.71877,0.71955,0,0
2015-06-11,16:00:00,0.71953,0.72158,0.71948,0.72008,0,0
2015-06-11,17:00:00,0.7201,0.72139,0.71947,0.71985,0,0
2015-06-11,18:00:00,0.7198,0.72007,0.71874,0.7198,0,0
2015-06-11,19:00:00,0.71984,0.72047,0.71952,0.71953,0,0
2015-06-11,20:00:00,0.71956,0.72043,0.71922,0.7201,0,0
2015-06-11,21:00:00,0.72002,0.72012,0.71927,0.71943,0,0
2015-06-11,22:00:00,0.71938,0.71965,0.71891,0.71897,0,0
2015-06-11,23:00:00,0.719,0.7198,0.71892,0.71975,0,0
2015-06-11,23:59:00,0.71971,0.72076,0.71927,0.7205,0,0
2015-06-12,01:00:00,0.72038,0.7206,0.71976,0.72017,0,0
2015-06-12,02:00:00,0.72017,0.7203,0.7193,0.71952,0,0
2015-06-12,03:00:00,0.71944,0.71984,0.71906,0.71979,0,0
2015-06-12,04:00:00,0.71976,0.71999,0.71926,0.71943,0,0
2015-06-12,05:00:00,0.71929,0.7198,0.71929,0.71958,0,0
2015-06-12,06:00:00,0.71957,0.71966,0.71877,0.71928,0,0
2015-06-12,07:00:00,0.71926,0.72202,0.7191,0.72119,0,0
2015-06-12,08:00:00,0.72121,0.72167,0.72025,0.72078,0,0
2015-06-12,09:00:00,0.72073,0.72153,0.7206,0.72141,0,0
2015-06-12,10:00:00,0.72141,0.72141,0.71915,0.72036,0,0
2015-06-12,11:00:00,0.72035,0.72471,0.71947,0.72371,0,0
2015-06-12,12:00:00,0.72369,0.72439,0.72278,0.72311,0,0
2015-06-12,13:00:00,0.72317,0.72317,0.72156,0.72232,0,0
2015-06-12,14:00:00,0.72227,0.72317,0.72182,0.72208,0,0
2015-06-12,15:00:00,0.72209,0.72224,0.71982,0.72021,0,0
2015-06-12,16:00:00,0.72018,0.72142,0.71947,0.72093,0,0
2015-06-12,17:00:00,0.72083,0.72195,0.7196,0.71979,0,0
2015-06-12,18:00:00,0.7198,0.72019,0.71839,0.71946,0,0
2015-06-12,19:00:00,0.71951,0.71968,0.71847,0.719,0,0
2015-06-12,20:00:00,0.71902,0.71926,0.71843,0.7185,0,0
2015-06-12,21:00:00,0.71847,0.71949,0.71777,0.71949,0,0
2015-06-12,22:00:00,0.71946,0.72022,0.71938,0.72012,0,0
2015-06-12,23:00:00,0.72009,0.72009,0.71998,0.72006,0,0
2015-06-15,01:00:00,0.72352,0.72352,0.7222,0.72247,0,0
2015-06-15,02:00:00,0.72241,0.72307,0.72228,0.72261,0,0
2015-06-15,03:00:00,0.72257,0.72271,0.72155,0.72162,0,0
2015-06-15,04:00:00,0.72162,0.72311,0.72153,0.72271,0,0
2015-06-15,05:00:00,0.72275,0.72294,0.72241,0.72248,0,0
2015-06-15,06:00:00,0.72246,0.72282,0.722,0.72221,0,0
2015-06-15,07:00:00,0.72221,0.72276,0.72192,0.72223,0,0
2015-06-15,08:00:00,0.72221,0.72346,0.72209,0.72338,0,0
2015-06-15,09:00:00,0.72334,0.72382,0.72128,0.72149,0,0
2015-06-15,10:00:00,0.72152,0.72167,0.71996,0.72054,0,0
2015-06-15,11:00:00,0.72061,0.72092,0.71892,0.72039,0,0
2015-06-15,12:00:00,0.72043,0.72185,0.72019,0.72162,0,0
2015-06-15,13:00:00,0.7216,0.72206,0.72045,0.72124,0,0
2015-06-15,14:00:00,0.72123,0.72208,0.7207,0.72201,0,0
2015-06-15,15:00:00,0.722,0.72258,0.72106,0.72195,0,0
2015-06-15,16:00:00,0.72194,0.72278,0.72102,0.72169,0,0
2015-06-15,17:00:00,0.72174,0.72174,0.71954,0.71971,0,0
2015-06-15,18:00:00,0.71965,0.72044,0.71933,0.71951,0,0
2015-06-15,19:00:00,0.7193,0.72004,0.71764,0.71796,0,0
2015-06-15,20:00:00,0.71804,0.7196,0.71784,0.7194,0,0
2015-06-15,21:00:00,0.71946,0.71949,0.71786,0.71821,0,0
2015-06-15,22:00:00,0.71826,0.71839,0.71765,0.71828,0,0
2015-06-15,23:00:00,0.71824,0.71851,0.71808,0.71808,0,0
2015-06-15,23:59:00,0.7181,0.71851,0.71761,0.71825,0,0
2015-06-16,01:00:00,0.71828,0.71867,0.7182,0.7185,0,0
2015-06-16,02:00:00,0.71852,0.71865,0.71833,0.71858,0,0
2015-06-16,03:00:00,0.71857,0.71886,0.71838,0.71864,0,0
2015-06-16,04:00:00,0.71871,0.71931,0.71695,0.71801,0,0
2015-06-16,05:00:00,0.71797,0.71839,0.71752,0.71814,0,0
2015-06-16,06:00:00,0.71813,0.71829,0.71746,0.7176,0,0
2015-06-16,07:00:00,0.71761,0.71765,0.71719,0.71732,0,0
2015-06-16,08:00:00,0.71729,0.71809,0.71729,0.71738,0,0
2015-06-16,09:00:00,0.71738,0.7186,0.71484,0.71495,0,0
2015-06-16,10:00:00,0.7149,0.71794,0.71429,0.7172,0,0
2015-06-16,11:00:00,0.71723,0.71911,0.71613,0.71863,0,0
2015-06-16,12:00:00,0.71875,0.72009,0.71802,0.71943,0,0
2015-06-16,13:00:00,0.71939,0.72011,0.71828,0.71957,0,0
2015-06-16,14:00:00,0.71952,0.72107,0.71863,0.72096,0,0
2015-06-16,15:00:00,0.72097,0.72323,0.72096,0.72135,0,0
2015-06-16,16:00:00,0.7214,0.72159,0.72037,0.72077,0,0
2015-06-16,17:00:00,0.72082,0.72277,0.72035,0.72101,0,0
2015-06-16,18:00:00,0.72107,0.72172,0.72077,0.72126,0,0
2015-06-16,19:00:00,0.7212,0.72191,0.72089,0.72092,0,0
2015-06-16,20:00:00,0.72088,0.72141,0.72065,0.7213,0,0
2015-06-16,21:00:00,0.72136,0.72144,0.72092,0.72113,0,0
2015-06-16,22:00:00,0.72119,0.7212,0.72049,0.72107,0,0
2015-06-16,23:00:00,0.72105,0.72105,0.72038,0.7207,0,0
2015-06-16,23:59:00,0.72072,0.72094,0.72045,0.72077,0,0
2015-06-17,01:00:00,0.72075,0.72099,0.72048,0.72062,0,0
2015-06-17,02:00:00,0.72064,0.72079,0.72048,0.72051,0,0
2015-06-17,03:00:00,0.72054,0.72083,0.72047,0.72052,0,0
2015-06-17,04:00:00,0.72053,0.72065,0.71967,0.72004,0,0
2015-06-17,05:00:00,0.72003,0.72019,0.71984,0.71986,0,0
2015-06-17,06:00:00,0.71986,0.71994,0.7191,0.71931,0,0
2015-06-17,07:00:00,0.71931,0.71962,0.71922,0.7194,0,0
2015-06-17,08:00:00,0.71931,0.71976,0.71883,0.71965,0,0
2015-06-17,09:00:00,0.71958,0.71982,0.71833,0.71887,0,0
2015-06-17,10:00:00,0.71883,0.71895,0.71721,0.71751,0,0
2015-06-17,11:00:00,0.71755,0.71773,0.71598,0.71691,0,0
2015-06-17,12:00:00,0.71688,0.71702,0.71557,0.71631,0,0
2015-06-17,13:00:00,0.71633,0.71734,0.71561,0.7172,0,0
2015-06-17,14:00:00,0.71716,0.71758,0.71632,0.71652,0,0
2015-06-17,15:00:00,0.71632,0.71669,0.71499,0.71595,0,0
2015-06-17,16:00:00,0.71589,0.7159,0.71501,0.71542,0,0
2015-06-17,17:00:00,0.71537,0.71681,0.71502,0.71656,0,0
2015-06-17,18:00:00,0.71653,0.71664,0.71537,0.71589,0,0
2015-06-17,19:00:00,0.71579,0.71609,0.71454,0.71466,0,0
2015-06-17,20:00:00,0.71468,0.71549,0.71442,0.71442,0,0
2015-06-17,21:00:00,0.71422,0.71687,0.71422,0.71517,0,0
2015-06-17,22:00:00,0.71517,0.71533,0.71435,0.7145,0,0
2015-06-17,23:00:00,0.71446,0.71501,0.7143,0.71462,0,0
2015-06-17,23:59:00,0.71464,0.71487,0.7144,0.71444,0,0
2015-06-18,01:00:00,0.71442,0.71487,0.71388,0.71405,0,0
2015-06-18,02:00:00,0.71402,0.71428,0.71187,0.71214,0,0
2015-06-18,03:00:00,0.71214,0.71333,0.71214,0.7132,0,0
2015-06-18,04:00:00,0.71313,0.71485,0.71307,0.71457,0,0
2015-06-18,05:00:00,0.71456,0.7155,0.71427,0.71522,0,0
2015-06-18,06:00:00,0.71518,0.71528,0.71455,0.71471,0,0
2015-06-18,07:00:00,0.71472,0.71492,0.71439,0.71481,0,0
2015-06-18,08:00:00,0.71473,0.71624,0.7147,0.71618,0,0
2015-06-18,09:00:00,0.71615,0.71685,0.71588,0.71602,0,0
2015-06-18,10:00:00,0.71607,0.7166,0.71533,0.71533,0,0
2015-06-18,11:00:00,0.71526,0.716,0.71377,0.71527,0,0
2015-06-18,12:00:00,0.71528,0.71618,0.71433,0.71455,0,0
2015-06-18,13:00:00,0.71458,0.71623,0.71439,0.71516,0,0
2015-06-18,14:00:00,0.7151,0.71552,0.71461,0.71484,0,0
2015-06-18,15:00:00,0.71477,0.71541,0.71404,0.71538,0,0
2015-06-18,16:00:00,0.71531,0.71548,0.71416,0.71433,0,0
2015-06-18,17:00:00,0.71424,0.71467,0.71274,0.71311,0,0
2015-06-18,18:00:00,0.71312,0.71393,0.71263,0.71364,0,0
2015-06-18,19:00:00,0.71371,0.71586,0.71096,0.7146,0,0
2015-06-18,20:00:00,0.71466,0.71571,0.71408,0.71511,0,0
2015-06-18,21:00:00,0.71511,0.71523,0.7143,0.71488,0,0
2015-06-18,22:00:00,0.71486,0.71608,0.71473,0.71523,0,0
2015-06-18,23:00:00,0.71519,0.71593,0.71514,0.71593,0,0
2015-06-18,23:59:00,0.71594,0.71595,0.71522,0.71543,0,0
2015-06-19,01:00:00,0.71543,0.71566,0.71393,0.71527,0,0
2015-06-19,02:00:00,0.71527,0.71527,0.71457,0.71493,0,0
2015-06-19,03:00:00,0.71493,0.71509,0.71445,0.71486,0,0
2015-06-19,04:00:00,0.71487,0.71517,0.71477,0.71504,0,0
2015-06-19,05:00:00,0.71506,0.71531,0.71486,0.71508,0,0
2015-06-19,06:00:00,0.71509,0.71537,0.71465,0.71491,0,0
2015-06-19,07:00:00,0.71493,0.71577,0.7147,0.71577,0,0
2015-06-19,08:00:00,0.71578,0.71593,0.71551,0.71562,0,0
2015-06-19,09:00:00,0.71565,0.71659,0.71542,0.71608,0,0
2015-06-19,10:00:00,0.71603,0.71905,0.71603,0.71774,0,0
2015-06-19,11:00:00,0.71765,0.71887,0.71706,0.71856,0,0
2015-06-19,12:00:00,0.71862,0.7188,0.71738,0.71815,0,0
2015-06-19,13:00:00,0.71816,0.71905,0.71774,0.71862,0,0
2015-06-19,14:00:00,0.71865,0.71879,0.71772,0.71816,0,0
2015-06-19,15:00:00,0.7182,0.71867,0.71755,0.71839,0,0
2015-06-19,16:00:00,0.71839,0.7198,0.71793,0.71892,0,0
2015-06-19,17:00:00,0.71885,0.71931,0.71807,0.71899,0,0
2015-06-19,18:00:00,0.71904,0.71919,0.71864,0.71897,0,0
2015-06-19,19:00:00,0.71897,0.71919,0.71861,0.71899,0,0
2015-06-19,20:00:00,0.71894,0.71902,0.71751,0.71807,0,0
2015-06-19,21:00:00,0.71811,0.7183,0.71763,0.71802,0,0
2015-06-19,22:00:00,0.71803,0.7184,0.71784,0.71811,0,0
2015-06-19,23:00:00,0.71809,0.71842,0.71809,0.71832,0,0
2015-06-22,01:00:00,0.71555,0.71711,0.71555,0.71686,0,0
2015-06-22,02:00:00,0.7168,0.71706,0.71631,0.71688,0,0
2015-06-22,03:00:00,0.71686,0.71702,0.71617,0.71683,0,0
2015-06-22,04:00:00,0.71682,0.71713,0.71623,0.71633,0,0
2015-06-22,05:00:00,0.71632,0.71663,0.7158,0.71589,0,0
2015-06-22,06:00:00,0.71584,0.71596,0.71556,0.71595,0,0
2015-06-22,07:00:00,0.71594,0.71597,0.71462,0.71488,0,0
2015-06-22,08:00:00,0.71486,0.71549,0.71482,0.71489,0,0
2015-06-22,09:00:00,0.71487,0.71582,0.71391,0.71455,0,0
2015-06-22,10:00:00,0.71455,0.71737,0.71405,0.71721,0,0
2015-06-22,11:00:00,0.71726,0.71804,0.71651,0.71672,0,0
2015-06-22,12:00:00,0.71668,0.7168,0.71478,0.71488,0,0
2015-06-22,13:00:00,0.71485,0.71552,0.71423,0.71546,0,0
2015-06-22,14:00:00,0.71545,0.71551,0.71421,0.71497,0,0
2015-06-22,15:00:00,0.71501,0.71564,0.7145,0.71527,0,0
2015-06-22,16:00:00,0.71529,0.71565,0.7141,0.71445,0,0
2015-06-22,17:00:00,0.71441,0.71474,0.71182,0.71207,0,0
2015-06-22,18:00:00,0.71209,0.7128,0.71109,0.7128,0,0
2015-06-22,19:00:00,0.71275,0.71437,0.71275,0.71372,0,0
2015-06-22,20:00:00,0.71369,0.71474,0.71346,0.71453,0,0
2015-06-22,21:00:00,0.71454,0.71491,0.71381,0.71491,0,0
2015-06-22,22:00:00,0.71494,0.71578,0.71459,0.71509,0,0
2015-06-22,23:00:00,0.71508,0.71514,0.71452,0.71483,0,0
2015-06-22,23:59:00,0.71476,0.71525,0.71465,0.71485,0,0
2015-06-23,01:00:00,0.71481,0.71502,0.71453,0.71462,0,0
2015-06-23,02:00:00,0.71461,0.71461,0.71414,0.71417,0,0
2015-06-23,03:00:00,0.71416,0.71472,0.71414,0.71452,0,0
2015-06-23,04:00:00,0.7145,0.71471,0.71429,0.71447,0,0
2015-06-23,05:00:00,0.71449,0.718,0.71445,0.71774,0,0
2015-06-23,06:00:00,0.71782,0.71803,0.71727,0.71763,0,0
2015-06-23,07:00:00,0.71767,0.71794,0.71681,0.71685,0,0
2015-06-23,08:00:00,0.71685,0.71728,0.71664,0.7171,0,0
2015-06-23,09:00:00,0.71702,0.71884,0.71696,0.71803,0,0
2015-06-23,10:00:00,0.71806,0.7182,0.71741,0.71792,0,0
2015-06-23,11:00:00,0.71802,0.71983,0.71766,0.7195,0,0
2015-06-23,12:00:00,0.71956,0.72041,0.71912,0.72004,0,0
2015-06-23,13:00:00,0.72012,0.72067,0.71984,0.72058,0,0
2015-06-23,14:00:00,0.72052,0.72137,0.72027,0.72089,0,0
2015-06-23,15:00:00,0.72094,0.72262,0.72072,0.72154,0,0
2015-06-23,16:00:00,0.72156,0.72335,0.72139,0.72226,0,0
2015-06-23,17:00:00,0.72221,0.72284,0.72134,0.72164,0,0
2015-06-23,18:00:00,0.72169,0.72263,0.72163,0.72242,0,0
2015-06-23,19:00:00,0.72244,0.72321,0.72242,0.72262,0,0
2015-06-23,20:00:00,0.72265,0.72353,0.72238,0.7232,0,0
2015-06-23,21:00:00,0.7232,0.72331,0.72218,0.72251,0,0
2015-06-23,22:00:00,0.72247,0.72336,0.72187,0.72289,0,0
2015-06-23,23:00:00,0.72281,0.72281,0.72193,0.72248,0,0
2015-06-23,23:59:00,0.72249,0.72321,0.72238,0.72266,0,0
2015-06-24,01:00:00,0.72262,0.72297,0.72233,0.72235,0,0
2015-06-24,02:00:00,0.72235,0.72293,0.72231,0.72245,0,0
2015-06-24,03:00:00,0.72241,0.72307,0.72222,0.72298,0,0
2015-06-24,04:00:00,0.72299,0.72306,0.72242,0.72291,0,0
2015-06-24,05:00:00,0.72286,0.72289,0.7216,0.7216,0,0
2015-06-24,06:00:00,0.7216,0.72192,0.72143,0.72143,0,0
2015-06-24,07:00:00,0.72143,0.7217,0.72112,0.72141,0,0
2015-06-24,08:00:00,0.72141,0.72153,0.71931,0.72008,0,0
2015-06-24,09:00:00,0.7202,0.72134,0.71978,0.72069,0,0
2015-06-24,10:00:00,0.72066,0.72114,0.71894,0.71895,0,0
2015-06-24,11:00:00,0.71899,0.71998,0.71868,0.71949,0,0
2015-06-24,12:00:00,0.71957,0.72204,0.71917,0.72093,0,0
2015-06-24,13:00:00,0.72108,0.7221,0.72041,0.72041,0,0
2015-06-24,14:00:00,0.72041,0.72092,0.71953,0.71965,0,0
2015-06-24,15:00:00,0.71963,0.72119,0.71948,0.72041,0,0
2015-06-24,16:00:00,0.72042,0.72132,0.71985,0.72027,0,0
2015-06-24,17:00:00,0.72029,0.72053,0.71892,0.71892,0,0
2015-06-24,18:00:00,0.71896,0.72017,0.71855,0.72012,0,0
2015-06-24,19:00:00,0.72006,0.7212,0.71999,0.72076,0,0
2015-06-24,20:00:00,0.72077,0.72145,0.7201,0.72051,0,0
2015-06-24,21:00:00,0.72052,0.72122,0.72026,0.72067,0,0
2015-06-24,22:00:00,0.72062,0.72108,0.72016,0.72107,0,0
2015-06-24,23:00:00,0.7211,0.72117,0.72002,0.72056,0,0
2015-06-24,23:59:00,0.72052,0.72075,0.72029,0.72035,0,0
2015-06-25,01:00:00,0.72036,0.72064,0.72033,0.72044,0,0
2015-06-25,02:00:00,0.72045,0.72079,0.72035,0.72049,0,0
2015-06-25,03:00:00,0.72047,0.72068,0.7202,0.72063,0,0
2015-06-25,04:00:00,0.7206,0.72062,0.72029,0.72052,0,0
2015-06-25,05:00:00,0.72053,0.72078,0.72043,0.72067,0,0
2015-06-25,06:00:00,0.72067,0.72144,0.72052,0.72124,0,0
2015-06-25,07:00:00,0.72125,0.72197,0.72101,0.72169,0,0
2015-06-25,08:00:00,0.72169,0.72248,0.72169,0.72212,0,0
2015-06-25,09:00:00,0.72212,0.72239,0.72105,0.72193,0,0
2015-06-25,10:00:00,0.72194,0.72218,0.72015,0.72115,0,0
2015-06-25,11:00:00,0.72114,0.72262,0.72044,0.72253,0,0
2015-06-25,12:00:00,0.72253,0.72631,0.72228,0.72533,0,0
2015-06-25,13:00:00,0.72522,0.72571,0.72068,0.72213,0,0
2015-06-25,14:00:00,0.72217,0.72299,0.72133,0.72229,0,0
2015-06-25,15:00:00,0.72228,0.7224,0.72146,0.72203,0,0
2015-06-25,16:00:00,0.72207,0.72369,0.72167,0.72236,0,0
2015-06-25,17:00:00,0.7224,0.72351,0.72187,0.72237,0,0
2015-06-25,18:00:00,0.72236,0.72295,0.72225,0.72254,0,0
2015-06-25,19:00:00,0.72255,0.72259,0.72197,0.72205,0,0
2015-06-25,20:00:00,0.72205,0.72248,0.72204,0.72223,0,0
2015-06-25,21:00:00,0.72224,0.72277,0.72209,0.7222,0,0
2015-06-25,22:00:00,0.72221,0.72236,0.72186,0.72203,0,0
2015-06-25,23:00:00,0.72198,0.72227,0.72178,0.72195,0,0
2015-06-25,23:59:00,0.72196,0.72226,0.72151,0.72201,0,0
2015-06-26,01:00:00,0.722,0.72244,0.72194,0.72242,0,0
2015-06-26,02:00:00,0.72244,0.72252,0.72204,0.72222,0,0
2015-06-26,03:00:00,0.72219,0.72401,0.7221,0.72361,0,0
2015-06-26,04:00:00,0.7236,0.72462,0.72333,0.72443,0,0
2015-06-26,05:00:00,0.72442,0.72565,0.72439,0.72508,0,0
2015-06-26,06:00:00,0.72505,0.72509,0.72454,0.72458,0,0
2015-06-26,07:00:00,0.72448,0.72455,0.72404,0.72435,0,0
2015-06-26,08:00:00,0.72436,0.72519,0.72427,0.72439,0,0
2015-06-26,09:00:00,0.72439,0.7245,0.72305,0.72349,0,0
2015-06-26,10:00:00,0.7234,0.72439,0.7227,0.72343,0,0
2015-06-26,11:00:00,0.72344,0.72345,0.72242,0.72322,0,0
2015-06-26,12:00:00,0.72322,0.72358,0.72271,0.72358,0,0
2015-06-26,13:00:00,0.72353,0.72413,0.72287,0.72337,0,0
2015-06-26,14:00:00,0.72329,0.72358,0.72204,0.72235,0,0
2015-06-26,15:00:00,0.72236,0.72281,0.72137,0.72245,0,0
2015-06-26,16:00:00,0.72259,0.72341,0.72183,0.72203,0,0
2015-06-26,17:00:00,0.72205,0.72446,0.72111,0.72435,0,0
2015-06-26,18:00:00,0.72437,0.72467,0.72331,0.72337,0,0
2015-06-26,19:00:00,0.72336,0.72439,0.7233,0.72372,0,0
2015-06-26,20:00:00,0.72378,0.72411,0.72349,0.72375,0,0
2015-06-26,21:00:00,0.72374,0.72382,0.72336,0.72364,0,0
2015-06-26,22:00:00,0.72356,0.72356,0.723,0.72317,0,0
2015-06-26,23:00:00,0.72319,0.72319,0.72313,0.72313,0,0
2015-06-29,01:00:00,0.74152,0.74758,0.74152,0.74236,0,0
2015-06-29,02:00:00,0.74233,0.74374,0.74102,0.74325,0,0
2015-06-29,03:00:00,0.74321,0.74382,0.73707,0.73818,0,0
2015-06-29,04:00:00,0.73818,0.73843,0.7371,0.73766,0,0
2015-06-29,05:00:00,0.7376,0.73786,0.73712,0.73758,0,0
2015-06-29,06:00:00,0.73758,0.73917,0.73755,0.73876,0,0
2015-06-29,07:00:00,0.73876,0.74157,0.73852,0.74059,0,0
2015-06-29,08:00:00,0.74056,0.74358,0.73982,0.74128,0,0
2015-06-29,09:00:00,0.74132,0.74163,0.73319,0.73361,0,0
2015-06-29,10:00:00,0.73367,0.7358,0.73348,0.73481,0,0
2015-06-29,11:00:00,0.73488,0.73529,0.73063,0.73145,0,0
2015-06-29,12:00:00,0.73143,0.73436,0.73137,0.7332,0,0
2015-06-29,13:00:00,0.73316,0.7342,0.73099,0.73189,0,0
2015-06-29,14:00:00,0.73179,0.73275,0.7317,0.73217,0,0
2015-06-29,15:00:00,0.73225,0.73264,0.73055,0.73182,0,0
2015-06-29,16:00:00,0.73178,0.7328,0.73086,0.73196,0,0
2015-06-29,17:00:00,0.73176,0.73185,0.72914,0.73132,0,0
2015-06-29,18:00:00,0.73116,0.7317,0.72861,0.73007,0,0
2015-06-29,19:00:00,0.73004,0.73041,0.72789,0.72824,0,0
2015-06-29,20:00:00,0.72821,0.72869,0.72404,0.72642,0,0
2015-06-29,21:00:00,0.72633,0.7268,0.72511,0.7258,0,0
2015-06-29,22:00:00,0.72592,0.72708,0.72555,0.72609,0,0
2015-06-29,23:00:00,0.72611,0.72647,0.7253,0.72629,0,0
2015-06-29,23:59:00,0.72631,0.7265,0.72593,0.72647,0,0
2015-06-30,01:00:00,0.7266,0.72783,0.72628,0.72754,0,0
2015-06-30,02:00:00,0.72751,0.72776,0.72634,0.72661,0,0
2015-06-30,03:00:00,0.72661,0.72947,0.72654,0.72917,0,0
2015-06-30,04:00:00,0.72921,0.72967,0.72875,0.72941,0,0
2015-06-30,05:00:00,0.72936,0.73163,0.72912,0.73152,0,0
2015-06-30,06:00:00,0.73151,0.73151,0.7295,0.72976,0,0
2015-06-30,07:00:00,0.7307,0.73083,0.72976,0.73049,0,0
2015-06-30,08:00:00,0.73055,0.73124,0.72977,0.73116,0,0
2015-06-30,09:00:00,0.73106,0.73194,0.72978,0.73193,0,0
2015-06-30,10:00:00,0.73189,0.73299,0.73103,0.7325,0,0
2015-06-30,11:00:00,0.73251,0.73589,0.73199,0.73542,0,0
2015-06-30,12:00:00,0.73536,0.73566,0.72995,0.73037,0,0
2015-06-30,13:00:00,0.73035,0.73164,0.7286,0.73043,0,0
2015-06-30,14:00:00,0.73035,0.73134,0.72992,0.73105,0,0
2015-06-30,15:00:00,0.73107,0.73107,0.72845,0.72855,0,0
2015-06-30,16:00:00,0.72857,0.73058,0.72714,0.7301,0,0
2015-06-30,17:00:00,0.7301,0.73367,0.72943,0.7336,0,0
2015-06-30,18:00:00,0.7336,0.73458,0.73309,0.73433,0,0
2015-06-30,19:00:00,0.73435,0.73538,0.73344,0.73426,0,0
2015-06-30,20:00:00,0.73427,0.73453,0.73319,0.73319,0,0
2015-06-30,21:00:00,0.73331,0.73446,0.73275,0.73351,0,0
2015-06-30,22:00:00,0.73351,0.73368,0.73259,0.73273,0,0
2015-06-30,23:00:00,0.73282,0.73371,0.73279,0.73288,0,0
2015-06-30,23:59:00,0.73228,0.73337,0.73217,0.73314,0,0
2015-07-01,01:00:00,0.73316,0.73398,0.73303,0.73392,0,0
2015-07-01,02:00:00,0.73392,0.73429,0.73353,0.73379,0,0
2015-07-01,03:00:00,0.73369,0.73382,0.73276,0.73294,0,0
2015-07-01,04:00:00,0.73286,0.73306,0.73229,0.73256,0,0
2015-07-01,05:00:00,0.73258,0.73346,0.73256,0.73341,0,0
2015-07-01,06:00:00,0.73333,0.73339,0.73271,0.73278,0,0
2015-07-01,07:00:00,0.73279,0.73332,0.73262,0.73285,0,0
2015-07-01,08:00:00,0.73285,0.73286,0.73202,0.73248,0,0
2015-07-01,09:00:00,0.73249,0.73317,0.73174,0.73267,0,0
2015-07-01,10:00:00,0.7328,0.73447,0.73225,0.7338,0,0
2015-07-01,11:00:00,0.73387,0.73485,0.73029,0.73046,0,0
2015-07-01,12:00:00,0.73035,0.73208,0.72771,0.73173,0,0
2015-07-01,13:00:00,0.73179,0.73293,0.73105,0.73229,0,0
2015-07-01,14:00:00,0.73226,0.73282,0.73174,0.73255,0,0
2015-07-01,15:00:00,0.73254,0.73327,0.73178,0.73265,0,0
2015-07-01,16:00:00,0.73261,0.73397,0.73201,0.73366,0,0
2015-07-01,17:00:00,0.73361,0.7342,0.73218,0.73222,0,0
2015-07-01,18:00:00,0.73218,0.73366,0.73218,0.73338,0,0
2015-07-01,19:00:00,0.73339,0.73385,0.73298,0.73385,0,0
2015-07-01,20:00:00,0.73385,0.73463,0.73349,0.73431,0,0
2015-07-01,21:00:00,0.7343,0.73508,0.73414,0.73486,0,0
2015-07-01,22:00:00,0.73486,0.73512,0.73445,0.73463,0,0
2015-07-01,23:00:00,0.73462,0.73498,0.73415,0.73453,0,0
2015-07-01,23:59:00,0.7345,0.73467,0.73429,0.73445,0,0
2015-07-02,01:00:00,0.73445,0.73485,0.73419,0.73471,0,0
2015-07-02,02:00:00,0.73471,0.73502,0.73442,0.73459,0,0
2015-07-02,03:00:00,0.73464,0.73481,0.73368,0.73385,0,0
2015-07-02,04:00:00,0.73384,0.73394,0.73286,0.73306,0,0
2015-07-02,05:00:00,0.73303,0.7332,0.73181,0.73222,0,0
2015-07-02,06:00:00,0.73222,0.73251,0.73191,0.73247,0,0
2015-07-02,07:00:00,0.73247,0.73267,0.73198,0.7322,0,0
2015-07-02,08:00:00,0.7321,0.7324,0.73194,0.73201,0,0
2015-07-02,09:00:00,0.732,0.73296,0.73103,0.73172,0,0
2015-07-02,10:00:00,0.73162,0.73285,0.73134,0.73214,0,0
2015-07-02,11:00:00,0.73219,0.73239,0.73037,0.73086,0,0
2015-07-02,12:00:00,0.73099,0.73143,0.73087,0.73105,0,0
2015-07-02,13:00:00,0.7311,0.73163,0.73054,0.73144,0,0
2015-07-02,14:00:00,0.73149,0.73149,0.7305,0.73095,0,0
2015-07-02,15:00:00,0.73093,0.73267,0.73064,0.73209,0,0
2015-07-02,16:00:00,0.73214,0.7332,0.73214,0.73304,0,0
2015-07-02,17:00:00,0.73308,0.73316,0.73161,0.73165,0,0
2015-07-02,18:00:00,0.73165,0.73232,0.73139,0.73227,0,0
2015-07-02,19:00:00,0.73225,0.73244,0.73187,0.73194,0,0
2015-07-02,20:00:00,0.73195,0.73306,0.73178,0.73285,0,0
2015-07-02,21:00:00,0.73292,0.73339,0.73279,0.73297,0,0
2015-07-02,22:00:00,0.73297,0.73338,0.73258,0.733,0,0
2015-07-02,23:00:00,0.7332,0.73351,0.73282,0.73302,0,0
2015-07-02,23:59:00,0.73305,0.73326,0.7329,0.73296,0,0
2015-07-03,01:00:00,0.73294,0.73314,0.73249,0.73275,0,0
2015-07-03,02:00:00,0.73275,0.73308,0.73274,0.73301,0,0
2015-07-03,03:00:00,0.733,0.73406,0.73292,0.73346,0,0
2015-07-03,04:00:00,0.73346,0.73377,0.73318,0.73334,0,0
2015-07-03,05:00:00,0.73335,0.73347,0.73243,0.73246,0,0
2015-07-03,06:00:00,0.73246,0.73261,0.7321,0.73258,0,0
2015-07-03,07:00:00,0.73258,0.73269,0.73215,0.7322,0,0
2015-07-03,08:00:00,0.73215,0.73248,0.73159,0.73233,0,0
2015-07-03,09:00:00,0.73227,0.73244,0.73171,0.73222,0,0
2015-07-03,10:00:00,0.73226,0.7324,0.731,0.73138,0,0
2015-07-03,11:00:00,0.73145,0.73188,0.73073,0.73178,0,0
2015-07-03,12:00:00,0.73169,0.7322,0.73149,0.73192,0,0
2015-07-03,13:00:00,0.73184,0.73231,0.73181,0.73209,0,0
2015-07-03,14:00:00,0.73207,0.73322,0.73207,0.73312,0,0
2015-07-03,15:00:00,0.73314,0.73493,0.73293,0.73427,0,0
2015-07-03,16:00:00,0.73424,0.73493,0.73342,0.73467,0,0
2015-07-03,17:00:00,0.73462,0.73482,0.73386,0.73422,0,0
2015-07-03,18:00:00,0.73414,0.73484,0.7337,0.7347,0,0
2015-07-03,19:00:00,0.7347,0.73568,0.73353,0.73548,0,0
2015-07-03,20:00:00,0.73545,0.73545,0.73374,0.73399,0,0
2015-07-03,21:00:00,0.73403,0.73419,0.73338,0.73369,0,0
2015-07-03,22:00:00,0.73364,0.73444,0.73307,0.73356,0,0
2015-07-03,23:00:00,0.73356,0.73356,0.73336,0.73339,0,0
2015-07-06,01:00:00,0.7452,0.74672,0.7405,0.74136,0,0
2015-07-06,02:00:00,0.74138,0.7431,0.74072,0.74294,0,0
2015-07-06,03:00:00,0.74294,0.74303,0.73985,0.74076,0,0
2015-07-06,04:00:00,0.74079,0.74081,0.73762,0.73821,0,0
2015-07-06,05:00:00,0.73812,0.73902,0.73795,0.73889,0,0
2015-07-06,06:00:00,0.73883,0.74001,0.73883,0.73969,0,0
2015-07-06,07:00:00,0.73964,0.74152,0.73956,0.74112,0,0
2015-07-06,08:00:00,0.74114,0.74311,0.73653,0.73798,0,0
2015-07-06,09:00:00,0.7379,0.73885,0.73657,0.73753,0,0
2015-07-06,10:00:00,0.73752,0.73834,0.7357,0.7357,0,0
2015-07-06,11:00:00,0.7358,0.73785,0.73498,0.73751,0,0
2015-07-06,12:00:00,0.73749,0.73826,0.73715,0.73782,0,0
2015-07-06,13:00:00,0.73782,0.73945,0.7376,0.73835,0,0
2015-07-06,14:00:00,0.73831,0.73996,0.73721,0.73982,0,0
2015-07-06,15:00:00,0.73976,0.74062,0.73888,0.73896,0,0
2015-07-06,16:00:00,0.73899,0.73983,0.7383,0.73843,0,0
2015-07-06,17:00:00,0.73838,0.73863,0.73541,0.73611,0,0
2015-07-06,18:00:00,0.73616,0.73745,0.73603,0.73686,0,0
2015-07-06,19:00:00,0.73687,0.73727,0.73582,0.7369,0,0
2015-07-06,20:00:00,0.73685,0.7384,0.73634,0.73803,0,0
2015-07-06,21:00:00,0.7381,0.74008,0.7381,0.73939,0,0
2015-07-06,22:00:00,0.73936,0.73938,0.73837,0.73854,0,0
2015-07-06,23:00:00,0.73845,0.73859,0.7378,0.73791,0,0
2015-07-06,23:59:00,0.73793,0.73812,0.73779,0.73793,0,0
2015-07-07,01:00:00,0.73794,0.73812,0.73755,0.73783,0,0
2015-07-07,02:00:00,0.73782,0.73821,0.73769,0.7379,0,0
2015-07-07,03:00:00,0.73791,0.73842,0.73708,0.7371,0,0
2015-07-07,04:00:00,0.73711,0.73854,0.73708,0.73827,0,0
2015-07-07,05:00:00,0.73827,0.73882,0.73818,0.73875,0,0
2015-07-07,06:00:00,0.73874,0.73949,0.73863,0.73894,0,0
2015-07-07,07:00:00,0.73892,0.73939,0.73877,0.73892,0,0
2015-07-07,08:00:00,0.73893,0.73928,0.73845,0.73859,0,0
2015-07-07,09:00:00,0.73858,0.7395,0.73804,0.73893,0,0
2015-07-07,10:00:00,0.73892,0.74052,0.73868,0.74032,0,0
2015-07-07,11:00:00,0.74032,0.74373,0.73986,0.74347,0,0
2015-07-07,12:00:00,0.74345,0.74405,0.74212,0.74246,0,0
2015-07-07,13:00:00,0.74247,0.74492,0.74212,0.74293,0,0
2015-07-07,14:00:00,0.74307,0.74621,0.74292,0.74565,0,0
2015-07-07,15:00:00,0.74565,0.74808,0.74533,0.7471,0,0
2015-07-07,16:00:00,0.74707,0.74756,0.74581,0.74614,0,0
2015-07-07,17:00:00,0.74617,0.74894,0.74617,0.74833,0,0
2015-07-07,18:00:00,0.74822,0.749,0.74715,0.74748,0,0
2015-07-07,19:00:00,0.74743,0.74794,0.74646,0.74753,0,0
2015-07-07,20:00:00,0.74753,0.74754,0.74489,0.74511,0,0
2015-07-07,21:00:00,0.74501,0.74561,0.74391,0.74411,0,0
2015-07-07,22:00:00,0.74411,0.74411,0.7384,0.74028,0,0
2015-07-07,23:00:00,0.74024,0.74208,0.73987,0.74114,0,0
2015-07-07,23:59:00,0.74111,0.74314,0.74095,0.74248,0,0
2015-07-08,01:00:00,0.74252,0.74295,0.74187,0.7419,0,0
2015-07-08,02:00:00,0.74181,0.74198,0.74099,0.74137,0,0
2015-07-08,03:00:00,0.74138,0.74371,0.74134,0.74353,0,0
2015-07-08,04:00:00,0.74351,0.74652,0.74351,0.74454,0,0
2015-07-08,05:00:00,0.74468,0.74525,0.7437,0.74488,0,0
2015-07-08,06:00:00,0.7449,0.74618,0.74446,0.74537,0,0
2015-07-08,07:00:00,0.74538,0.74558,0.74312,0.74488,0,0
2015-07-08,08:00:00,0.74478,0.74491,0.74357,0.74484,0,0
2015-07-08,09:00:00,0.74475,0.74585,0.74426,0.7457,0,0
2015-07-08,10:00:00,0.74578,0.74757,0.74365,0.74412,0,0
2015-07-08,11:00:00,0.744,0.74636,0.74334,0.74445,0,0
2015-07-08,12:00:00,0.74449,0.74535,0.74348,0.74527,0,0
2015-07-08,13:00:00,0.74528,0.74748,0.74525,0.74726,0,0
2015-07-08,14:00:00,0.74716,0.74734,0.74576,0.74691,0,0
2015-07-08,15:00:00,0.74698,0.7472,0.74559,0.74622,0,0
2015-07-08,16:00:00,0.74627,0.74807,0.74574,0.74791,0,0
2015-07-08,17:00:00,0.74795,0.74921,0.74617,0.7465,0,0
2015-07-08,18:00:00,0.74667,0.74964,0.7465,0.7493,0,0
2015-07-08,19:00:00,0.74929,0.74964,0.74736,0.74956,0,0
2015-07-08,20:00:00,0.7495,0.7499,0.74848,0.74923,0,0
2015-07-08,21:00:00,0.74925,0.75,0.74826,0.74956,0,0
2015-07-08,22:00:00,0.74953,0.75013,0.74821,0.74881,0,0
2015-07-08,23:00:00,0.7487,0.74877,0.74741,0.74791,0,0
2015-07-08,23:59:00,0.7479,0.74874,0.7479,0.7486,0,0
2015-07-09,01:00:00,0.74879,0.74982,0.74816,0.74821,0,0
2015-07-09,02:00:00,0.74819,0.74825,0.7472,0.7472,0,0
2015-07-09,03:00:00,0.74714,0.74927,0.74705,0.7487,0,0
2015-07-09,04:00:00,0.74869,0.7487,0.74667,0.74689,0,0
2015-07-09,05:00:00,0.74678,0.74689,0.74436,0.74595,0,0
2015-07-09,06:00:00,0.74594,0.74594,0.74434,0.74493,0,0
2015-07-09,07:00:00,0.74495,0.74501,0.74407,0.74407,0,0
2015-07-09,08:00:00,0.74403,0.74416,0.7409,0.74152,0,0
2015-07-09,09:00:00,0.74156,0.74315,0.74036,0.74207,0,0
2015-07-09,10:00:00,0.74219,0.7471,0.74219,0.74686,0,0
2015-07-09,11:00:00,0.74698,0.74725,0.74539,0.7458,0,0
2015-07-09,12:00:00,0.74582,0.74734,0.7457,0.74636,0,0
2015-07-09,13:00:00,0.7464,0.74689,0.74583,0.74583,0,0
2015-07-09,14:00:00,0.74572,0.74615,0.74403,0.74429,0,0
2015-07-09,15:00:00,0.74425,0.74684,0.74383,0.74576,0,0
2015-07-09,16:00:00,0.74577,0.74662,0.74462,0.74595,0,0
2015-07-09,17:00:00,0.74589,0.74676,0.74525,0.74623,0,0
2015-07-09,18:00:00,0.74629,0.74845,0.74604,0.74827,0,0
2015-07-09,19:00:00,0.74826,0.74911,0.74761,0.74911,0,0
2015-07-09,20:00:00,0.74911,0.75013,0.74829,0.74904,0,0
2015-07-09,21:00:00,0.74912,0.74933,0.74802,0.74841,0,0
2015-07-09,22:00:00,0.74837,0.74849,0.7471,0.74769,0,0
2015-07-09,23:00:00,0.74778,0.74785,0.74668,0.74681,0,0
2015-07-09,23:59:00,0.74672,0.74726,0.74495,0.74495,0,0
2015-07-10,01:00:00,0.74514,0.74515,0.741,0.74167,0,0
2015-07-10,02:00:00,0.74166,0.74335,0.74149,0.74282,0,0
2015-07-10,03:00:00,0.74281,0.74435,0.74177,0.74196,0,0
2015-07-10,04:00:00,0.742,0.74208,0.73954,0.74008,0,0
2015-07-10,05:00:00,0.74012,0.74054,0.73852,0.73857,0,0
2015-07-10,06:00:00,0.7386,0.73964,0.73834,0.73896,0,0
2015-07-10,07:00:00,0.73895,0.74017,0.73862,0.74,0,0
2015-07-10,08:00:00,0.73999,0.74051,0.73645,0.73784,0,0
2015-07-10,09:00:00,0.73793,0.73966,0.73651,0.73944,0,0
2015-07-10,10:00:00,0.73929,0.74047,0.73562,0.73631,0,0
2015-07-10,11:00:00,0.73633,0.73757,0.73578,0.73671,0,0
2015-07-10,12:00:00,0.73673,0.73728,0.73115,0.73261,0,0
2015-07-10,13:00:00,0.73259,0.73271,0.72973,0.73024,0,0
2015-07-10,14:00:00,0.73025,0.73159,0.72842,0.73092,0,0
2015-07-10,15:00:00,0.73093,0.73116,0.72922,0.72938,0,0
2015-07-10,16:00:00,0.72932,0.73049,0.72859,0.7294,0,0
2015-07-10,17:00:00,0.72933,0.73027,0.72861,0.72956,0,0
2015-07-10,18:00:00,0.72961,0.73179,0.72936,0.73059,0,0
2015-07-10,19:00:00,0.73069,0.73159,0.7295,0.73154,0,0
2015-07-10,20:00:00,0.73154,0.73189,0.73111,0.73111,0,0
2015-07-10,21:00:00,0.73111,0.7316,0.73104,0.73146,0,0
2015-07-10,22:00:00,0.73151,0.73158,0.73045,0.73045,0,0
2015-07-10,23:00:00,0.73046,0.73066,0.73046,0.73064,0,0
2015-07-13,01:00:00,0.73242,0.73422,0.73143,0.73414,0,0
2015-07-13,02:00:00,0.73417,0.73447,0.73219,0.73343,0,0
2015-07-13,03:00:00,0.73345,0.73366,0.73234,0.73311,0,0
2015-07-13,04:00:00,0.73311,0.73445,0.73297,0.73353,0,0
2015-07-13,05:00:00,0.73359,0.73394,0.73283,0.73288,0,0
2015-07-13,06:00:00,0.73277,0.73353,0.73084,0.73224,0,0
2015-07-13,07:00:00,0.73221,0.73307,0.73174,0.7327,0,0
2015-07-13,08:00:00,0.73262,0.73281,0.73143,0.73203,0,0
2015-07-13,09:00:00,0.73199,0.73348,0.72574,0.72666,0,0
2015-07-13,10:00:00,0.72672,0.73132,0.72666,0.73052,0,0
2015-07-13,11:00:00,0.73058,0.73306,0.73058,0.73204,0,0
2015-07-13,12:00:00,0.73223,0.73252,0.731,0.7312,0,0
2015-07-13,13:00:00,0.73118,0.73253,0.73118,0.73225,0,0
2015-07-13,14:00:00,0.73238,0.73302,0.7317,0.73242,0,0
2015-07-13,15:00:00,0.73237,0.73413,0.73219,0.73257,0,0
2015-07-13,16:00:00,0.7326,0.73381,0.7326,0.73341,0,0
2015-07-13,17:00:00,0.73315,0.73591,0.73289,0.73579,0,0
2015-07-13,18:00:00,0.73569,0.73589,0.73468,0.73563,0,0
2015-07-13,19:00:00,0.73564,0.73604,0.73486,0.73556,0,0
2015-07-13,20:00:00,0.73554,0.73642,0.73536,0.73628,0,0
2015-07-13,21:00:00,0.73628,0.73656,0.73569,0.73653,0,0
2015-07-13,22:00:00,0.73656,0.73669,0.73594,0.73666,0,0
2015-07-13,23:00:00,0.73666,0.73666,0.73594,0.73639,0,0
2015-07-13,23:59:00,0.73641,0.73669,0.73594,0.736,0,0
2015-07-14,01:00:00,0.73596,0.73632,0.73516,0.73516,0,0
2015-07-14,02:00:00,0.73516,0.73667,0.73511,0.73658,0,0
2015-07-14,03:00:00,0.73651,0.73669,0.73579,0.73596,0,0
2015-07-14,04:00:00,0.73597,0.73629,0.73552,0.73598,0,0
2015-07-14,05:00:00,0.73599,0.73627,0.73545,0.73579,0,0
2015-07-14,06:00:00,0.73581,0.73624,0.73558,0.7357,0,0
2015-07-14,07:00:00,0.7357,0.7362,0.73558,0.73579,0,0
2015-07-14,08:00:00,0.73577,0.73775,0.73574,0.73766,0,0
2015-07-14,09:00:00,0.73767,0.73913,0.7371,0.73779,0,0
2015-07-14,10:00:00,0.73779,0.73859,0.73595,0.73688,0,0
2015-07-14,11:00:00,0.73686,0.73686,0.73402,0.73457,0,0
2015-07-14,12:00:00,0.73451,0.73568,0.73361,0.73428,0,0
2015-07-14,13:00:00,0.73428,0.73546,0.73388,0.73532,0,0
2015-07-14,14:00:00,0.73524,0.73552,0.73484,0.73528,0,0
2015-07-14,15:00:00,0.73524,0.73543,0.73319,0.73493,0,0
2015-07-14,16:00:00,0.73493,0.73519,0.73414,0.73484,0,0
2015-07-14,17:00:00,0.73478,0.73706,0.73468,0.73657,0,0
2015-07-14,18:00:00,0.73665,0.73665,0.73553,0.73569,0,0
2015-07-14,19:00:00,0.73571,0.73677,0.73565,0.73625,0,0
2015-07-14,20:00:00,0.73623,0.73685,0.73622,0.73677,0,0
2015-07-14,21:00:00,0.73682,0.73682,0.73628,0.73634,0,0
2015-07-14,22:00:00,0.73635,0.7368,0.73628,0.73654,0,0
2015-07-14,23:00:00,0.73654,0.73671,0.73604,0.73623,0,0
2015-07-14,23:59:00,0.73613,0.73649,0.73608,0.73629,0,0
2015-07-15,01:00:00,0.73629,0.7364,0.73578,0.73617,0,0
2015-07-15,02:00:00,0.73616,0.73675,0.73606,0.73665,0,0
2015-07-15,03:00:00,0.73662,0.73774,0.7366,0.73736,0,0
2015-07-15,04:00:00,0.73738,0.73741,0.73624,0.73641,0,0
2015-07-15,05:00:00,0.73644,0.73674,0.73595,0.73653,0,0
2015-07-15,06:00:00,0.73653,0.73684,0.73586,0.73606,0,0
2015-07-15,07:00:00,0.73602,0.73678,0.73596,0.73649,0,0
2015-07-15,08:00:00,0.73649,0.73731,0.73627,0.73659,0,0
2015-07-15,09:00:00,0.7366,0.73695,0.73484,0.73602,0,0
2015-07-15,10:00:00,0.73604,0.73626,0.73456,0.73493,0,0
2015-07-15,11:00:00,0.73493,0.73493,0.73328,0.73386,0,0
2015-07-15,12:00:00,0.7338,0.73438,0.7335,0.73422,0,0
2015-07-15,13:00:00,0.73424,0.73458,0.73378,0.73446,0,0
2015-07-15,14:00:00,0.73448,0.73608,0.73445,0.73562,0,0
2015-07-15,15:00:00,0.73562,0.73646,0.73537,0.73646,0,0
2015-07-15,16:00:00,0.73639,0.73726,0.73614,0.73671,0,0
2015-07-15,17:00:00,0.73669,0.73781,0.73581,0.73638,0,0
2015-07-15,18:00:00,0.73633,0.73682,0.73588,0.73625,0,0
2015-07-15,19:00:00,0.73623,0.73783,0.73592,0.73732,0,0
2015-07-15,20:00:00,0.73729,0.73868,0.73724,0.73787,0,0
2015-07-15,21:00:00,0.73788,0.73867,0.7375,0.73836,0,0
2015-07-15,22:00:00,0.73833,0.73877,0.73752,0.73753,0,0
2015-07-15,23:00:00,0.7376,0.73819,0.73745,0.73781,0,0
2015-07-15,23:59:00,0.73792,0.73822,0.73772,0.73809,0,0
2015-07-16,01:00:00,0.73805,0.73827,0.73611,0.73617,0,0
2015-07-16,02:00:00,0.73615,0.73801,0.73597,0.73786,0,0
2015-07-16,03:00:00,0.73776,0.73845,0.73753,0.73817,0,0
2015-07-16,04:00:00,0.73814,0.73994,0.73798,0.73899,0,0
2015-07-16,05:00:00,0.73896,0.73931,0.73838,0.73861,0,0
2015-07-16,06:00:00,0.73859,0.73895,0.73826,0.7387,0,0
2015-07-16,07:00:00,0.7387,0.7392,0.73861,0.7389,0,0
2015-07-16,08:00:00,0.73887,0.73962,0.73862,0.7389,0,0
2015-07-16,09:00:00,0.73884,0.73939,0.73771,0.73853,0,0
2015-07-16,10:00:00,0.73867,0.74046,0.73819,0.74024,0,0
2015-07-16,11:00:00,0.74027,0.74039,0.73912,0.73993,0,0
2015-07-16,12:00:00,0.74004,0.74055,0.73933,0.73982,0,0
2015-07-16,13:00:00,0.73982,0.74087,0.73961,0.74042,0,0
2015-07-16,14:00:00,0.74045,0.74115,0.73993,0.74111,0,0
2015-07-16,15:00:00,0.74114,0.742,0.73932,0.742,0,0
2015-07-16,16:00:00,0.74197,0.74208,0.73917,0.73929,0,0
2015-07-16,17:00:00,0.73939,0.7399,0.73879,0.73915,0,0
2015-07-16,18:00:00,0.7391,0.73991,0.73907,0.73975,0,0
2015-07-16,19:00:00,0.73981,0.74123,0.73973,0.74105,0,0
2015-07-16,20:00:00,0.74107,0.74115,0.74011,0.74059,0,0
2015-07-16,21:00:00,0.74057,0.7411,0.74029,0.74088,0,0
2015-07-16,22:00:00,0.7409,0.74095,0.74049,0.7407,0,0
2015-07-16,23:00:00,0.74077,0.74095,0.74048,0.7407,0,0
2015-07-16,23:59:00,0.7407,0.74074,0.74037,0.74068,0,0
2015-07-17,01:00:00,0.74067,0.74091,0.74021,0.74029,0,0
2015-07-17,02:00:00,0.74029,0.74059,0.73986,0.73997,0,0
2015-07-17,03:00:00,0.74004,0.74036,0.73976,0.74007,0,0
2015-07-17,04:00:00,0.74008,0.74028,0.73936,0.73962,0,0
2015-07-17,05:00:00,0.73962,0.74006,0.73939,0.73973,0,0
2015-07-17,06:00:00,0.73973,0.73973,0.73923,0.73938,0,0
2015-07-17,07:00:00,0.73938,0.74001,0.73931,0.73976,0,0
2015-07-17,08:00:00,0.73984,0.74098,0.73979,0.74068,0,0
2015-07-17,09:00:00,0.74059,0.74103,0.74001,0.74067,0,0
2015-07-17,10:00:00,0.74069,0.7413,0.73964,0.74066,0,0
2015-07-17,11:00:00,0.74066,0.74121,0.73958,0.74016,0,0
2015-07-17,12:00:00,0.74011,0.74036,0.73931,0.74036,0,0
2015-07-17,13:00:00,0.74038,0.74117,0.73996,0.74076,0,0
2015-07-17,14:00:00,0.7408,0.74121,0.74,0.74016,0,0
2015-07-17,15:00:00,0.74016,0.74195,0.74015,0.74171,0,0
2015-07-17,16:00:00,0.74172,0.74315,0.74124,0.74245,0,0
2015-07-17,17:00:00,0.74247,0.7435,0.74247,0.74313,0,0
2015-07-17,18:00:00,0.74314,0.74359,0.74285,0.74333,0,0
2015-07-17,19:00:00,0.74333,0.74371,0.74257,0.74257,0,0
2015-07-17,20:00:00,0.74261,0.74326,0.74258,0.74313,0,0
2015-07-17,21:00:00,0.74313,0.74319,0.74252,0.74286,0,0
2015-07-17,22:00:00,0.74286,0.74325,0.74264,0.74323,0,0
2015-07-17,23:00:00,0.74325,0.74325,0.74319,0.74321,0,0
2015-07-20,01:00:00,0.74363,0.74373,0.74316,0.74345,0,0
2015-07-20,02:00:00,0.74345,0.74391,0.7434,0.74377,0,0
2015-07-20,03:00:00,0.74382,0.74404,0.74347,0.74378,0,0
2015-07-20,04:00:00,0.74378,0.74422,0.74354,0.74419,0,0
2015-07-20,05:00:00,0.74424,0.74431,0.74368,0.74394,0,0
2015-07-20,06:00:00,0.74396,0.74419,0.74384,0.74413,0,0
2015-07-20,07:00:00,0.74406,0.74411,0.74372,0.74382,0,0
2015-07-20,08:00:00,0.74383,0.74399,0.74369,0.74379,0,0
2015-07-20,09:00:00,0.74378,0.74404,0.74257,0.74305,0,0
2015-07-20,10:00:00,0.74274,0.74293,0.74143,0.74155,0,0
2015-07-20,11:00:00,0.74149,0.742,0.74113,0.74166,0,0
2015-07-20,12:00:00,0.74159,0.74304,0.74119,0.74242,0,0
2015-07-20,13:00:00,0.74289,0.74316,0.74239,0.74253,0,0
2015-07-20,14:00:00,0.74246,0.74311,0.74204,0.7421,0,0
2015-07-20,15:00:00,0.74204,0.74229,0.74117,0.74174,0,0
2015-07-20,16:00:00,0.74187,0.74231,0.74148,0.74222,0,0
2015-07-20,17:00:00,0.74207,0.74208,0.74068,0.74084,0,0
2015-07-20,18:00:00,0.74087,0.74189,0.74048,0.74186,0,0
2015-07-20,19:00:00,0.74187,0.7422,0.74138,0.74218,0,0
2015-07-20,20:00:00,0.74218,0.74275,0.74191,0.74262,0,0
2015-07-20,21:00:00,0.74259,0.74306,0.74249,0.74306,0,0
2015-07-20,22:00:00,0.74304,0.74315,0.74246,0.74255,0,0
2015-07-20,23:00:00,0.74256,0.74414,0.74256,0.74339,0,0
2015-07-20,23:59:00,0.74323,0.74361,0.74295,0.74334,0,0
