Date,Time,Open,High,Low,Close,Volume,OpenInt
2015-04-22,01:00:00,0.55974,0.56025,0.55965,0.55991,0,0
2015-04-22,02:00:00,0.55991,0.55995,0.55947,0.55972,0,0
2015-04-22,03:00:00,0.55972,0.56006,0.55964,0.55997,0,0
2015-04-22,04:00:00,0.55995,0.56004,0.55962,0.55992,0,0
2015-04-22,05:00:00,0.55993,0.55995,0.55927,0.55962,0,0
2015-04-22,06:00:00,0.55961,0.55991,0.55953,0.5598,0,0
2015-04-22,07:00:00,0.5598,0.55999,0.55963,0.55979,0,0
2015-04-22,08:00:00,0.55979,0.56024,0.55965,0.55983,0,0
2015-04-22,09:00:00,0.55982,0.5603,0.55966,0.55991,0,0
2015-04-22,10:00:00,0.55994,0.55997,0.55861,0.55905,0,0
2015-04-22,11:00:00,0.55905,0.56001,0.55758,0.5584,0,0
2015-04-22,12:00:00,0.55835,0.55842,0.5566,0.55703,0,0
2015-04-22,13:00:00,0.55704,0.55734,0.55667,0.55681,0,0
2015-04-22,14:00:00,0.55683,0.55687,0.55513,0.55519,0,0
2015-04-22,15:00:00,0.55519,0.55584,0.55459,0.55537,0,0
2015-04-22,16:00:00,0.55537,0.55577,0.5549,0.55537,0,0
2015-04-22,17:00:00,0.55539,0.55589,0.55466,0.55498,0,0
2015-04-22,18:00:00,0.55497,0.5552,0.55439,0.55513,0,0
2015-04-22,19:00:00,0.55513,0.55549,0.55483,0.55506,0,0
2015-04-22,20:00:00,0.55511,0.55519,0.55457,0.55489,0,0
2015-04-22,21:00:00,0.55486,0.55487,0.55429,0.55458,0,0
2015-04-22,22:00:00,0.55458,0.55466,0.55435,0.55448,0,0
2015-04-22,23:00:00,0.55446,0.55482,0.55436,0.55461,0,0
2015-04-22,23:59:00,0.55461,0.55473,0.55438,0.55462,0,0
2015-04-23,01:00:00,0.55459,0.55466,0.55423,0.55424,0,0
2015-04-23,02:00:00,0.55423,0.55445,0.55412,0.55443,0,0
2015-04-23,03:00:00,0.55448,0.55466,0.55427,0.55435,0,0
2015-04-23,04:00:00,0.55435,0.55489,0.55428,0.55457,0,0
2015-04-23,05:00:00,0.5546,0.55509,0.55449,0.55501,0,0
2015-04-23,06:00:00,0.55504,0.55508,0.55471,0.55493,0,0
2015-04-23,07:00:00,0.55494,0.55585,0.55463,0.55573,0,0
2015-04-23,08:00:00,0.55576,0.55578,0.55511,0.55519,0,0
2015-04-23,09:00:00,0.55516,0.55664,0.55511,0.55653,0,0
2015-04-23,10:00:00,0.55651,0.55739,0.55615,0.55664,0,0
2015-04-23,11:00:00,0.55664,0.55765,0.5554,0.55566,0,0
2015-04-23,12:00:00,0.55565,0.5559,0.55488,0.55521,0,0
2015-04-23,13:00:00,0.55521,0.55567,0.55494,0.55557,0,0
2015-04-23,14:00:00,0.5556,0.55582,0.55419,0.55444,0,0
2015-04-23,15:00:00,0.55442,0.55562,0.55424,0.5556,0,0
2015-04-23,16:00:00,0.55559,0.55621,0.55547,0.556,0,0
2015-04-23,17:00:00,0.55601,0.55618,0.55467,0.55515,0,0
2015-04-23,18:00:00,0.55512,0.55559,0.55502,0.55523,0,0
2015-04-23,19:00:00,0.55525,0.55559,0.55476,0.55493,0,0
2015-04-23,20:00:00,0.55492,0.55571,0.55472,0.55564,0,0
2015-04-23,21:00:00,0.55558,0.55602,0.55518,0.55592,0,0
2015-04-23,22:00:00,0.55586,0.55591,0.55556,0.55564,0,0
2015-04-23,23:00:00,0.55564,0.55572,0.55522,0.55539,0,0
2015-04-23,23:59:00,0.55537,0.55564,0.55514,0.55531,0,0
2015-04-24,01:00:00,0.55531,0.55545,0.55514,0.55533,0,0
2015-04-24,02:00:00,0.55532,0.55567,0.5553,0.55564,0,0
2015-04-24,03:00:00,0.55565,0.55599,0.55562,0.55576,0,0
2015-04-24,04:00:00,0.55575,0.55658,0.5555,0.55643,0,0
2015-04-24,05:00:00,0.55638,0.5565,0.55615,0.55644,0,0
2015-04-24,06:00:00,0.55643,0.55654,0.55618,0.55635,0,0
2015-04-24,07:00:00,0.55633,0.55635,0.55589,0.55608,0,0
2015-04-24,08:00:00,0.55607,0.55612,0.55557,0.55586,0,0
2015-04-24,09:00:00,0.55584,0.55624,0.55501,0.55511,0,0
2015-04-24,10:00:00,0.55508,0.55516,0.55366,0.55379,0,0
2015-04-24,11:00:00,0.55378,0.55411,0.55252,0.55258,0,0
2015-04-24,12:00:00,0.5526,0.55325,0.55247,0.55307,0,0
2015-04-24,13:00:00,0.55305,0.55399,0.55296,0.55345,0,0
2015-04-24,14:00:00,0.55351,0.55361,0.55297,0.55342,0,0
2015-04-24,15:00:00,0.55343,0.55361,0.55244,0.55313,0,0
2015-04-24,16:00:00,0.55313,0.5548,0.55304,0.55466,0,0
2015-04-24,17:00:00,0.55463,0.55533,0.55411,0.55415,0,0
2015-04-24,18:00:00,0.55417,0.55431,0.55364,0.55382,0,0
2015-04-24,19:00:00,0.55386,0.5541,0.55356,0.55392,0,0
2015-04-24,20:00:00,0.55391,0.55407,0.55338,0.55407,0,0
2015-04-24,21:00:00,0.55405,0.5546,0.55397,0.55429,0,0
2015-04-24,22:00:00,0.55425,0.55459,0.55417,0.55418,0,0
2015-04-24,23:00:00,0.5542,0.55427,0.55419,0.55423,0,0
2015-04-27,01:00:00,0.55409,0.55444,0.55398,0.55434,0,0
2015-04-27,02:00:00,0.55434,0.55434,0.55395,0.55416,0,0
2015-04-27,03:00:00,0.55415,0.5545,0.5538,0.55392,0,0
2015-04-27,04:00:00,0.5539,0.55411,0.55372,0.55408,0,0
2015-04-27,05:00:00,0.55407,0.55409,0.5538,0.55397,0,0
2015-04-27,06:00:00,0.55398,0.55436,0.55394,0.55412,0,0
2015-04-27,07:00:00,0.55412,0.5542,0.55328,0.55336,0,0
2015-04-27,08:00:00,0.55336,0.55378,0.55321,0.55373,0,0
2015-04-27,09:00:00,0.55373,0.55427,0.55344,0.5539,0,0
2015-04-27,10:00:00,0.55384,0.55389,0.55278,0.55363,0,0
2015-04-27,11:00:00,0.55361,0.55431,0.55351,0.55396,0,0
2015-04-27,12:00:00,0.55395,0.55453,0.55331,0.5542,0,0
2015-04-27,13:00:00,0.55426,0.55442,0.55352,0.55386,0,0
2015-04-27,14:00:00,0.55387,0.55458,0.55363,0.55394,0,0
2015-04-27,15:00:00,0.55399,0.55439,0.55348,0.55356,0,0
2015-04-27,16:00:00,0.55353,0.55382,0.55233,0.55249,0,0
2015-04-27,17:00:00,0.55252,0.55285,0.55187,0.55189,0,0
2015-04-27,18:00:00,0.55187,0.55188,0.55073,0.551,0,0
2015-04-27,19:00:00,0.55101,0.55157,0.55081,0.55151,0,0
2015-04-27,20:00:00,0.5515,0.55162,0.55089,0.55155,0,0
2015-04-27,21:00:00,0.55157,0.55181,0.55134,0.55162,0,0
2015-04-27,22:00:00,0.5516,0.55166,0.55123,0.55135,0,0
2015-04-27,23:00:00,0.55141,0.55158,0.55125,0.55129,0,0
2015-04-27,23:59:00,0.55129,0.55164,0.55118,0.55135,0,0
2015-04-28,01:00:00,0.55134,0.55159,0.5512,0.55138,0,0
2015-04-28,02:00:00,0.55139,0.55159,0.55121,0.55138,0,0
2015-04-28,03:00:00,0.55139,0.5517,0.55098,0.55107,0,0
2015-04-28,04:00:00,0.55108,0.55169,0.5509,0.55129,0,0
2015-04-28,05:00:00,0.55129,0.55157,0.55112,0.55156,0,0
2015-04-28,06:00:00,0.55157,0.55157,0.55124,0.55135,0,0
2015-04-28,07:00:00,0.55134,0.55139,0.55103,0.55113,0,0
2015-04-28,08:00:00,0.55113,0.55124,0.55086,0.55108,0,0
2015-04-28,09:00:00,0.55108,0.55141,0.55064,0.55131,0,0
2015-04-28,10:00:00,0.5513,0.55158,0.55064,0.55082,0,0
2015-04-28,11:00:00,0.55086,0.55332,0.55084,0.55226,0,0
2015-04-28,12:00:00,0.55224,0.55251,0.55073,0.55108,0,0
2015-04-28,13:00:00,0.55107,0.55107,0.54966,0.55022,0,0
2015-04-28,14:00:00,0.55024,0.5508,0.54976,0.54985,0,0
2015-04-28,15:00:00,0.54987,0.54998,0.54907,0.54975,0,0
2015-04-28,16:00:00,0.54976,0.54987,0.54877,0.54909,0,0
2015-04-28,17:00:00,0.54902,0.5495,0.54876,0.5492,0,0
2015-04-28,18:00:00,0.54921,0.5496,0.5488,0.5492,0,0
2015-04-28,19:00:00,0.54918,0.5494,0.5488,0.54897,0,0
2015-04-28,20:00:00,0.54897,0.54919,0.54855,0.54868,0,0
2015-04-28,21:00:00,0.54869,0.54903,0.54851,0.54858,0,0
2015-04-28,22:00:00,0.54855,0.54914,0.54847,0.5489,0,0
2015-04-28,23:00:00,0.54892,0.54896,0.5482,0.54842,0,0
2015-04-28,23:59:00,0.54846,0.54867,0.54839,0.54856,0,0
2015-04-29,01:00:00,0.54856,0.54872,0.54835,0.5486,0,0
2015-04-29,02:00:00,0.54859,0.54889,0.54859,0.54889,0,0
2015-04-29,03:00:00,0.54887,0.54906,0.54862,0.54869,0,0
2015-04-29,04:00:00,0.54867,0.5489,0.54839,0.54848,0,0
2015-04-29,05:00:00,0.54847,0.54875,0.54846,0.54858,0,0
2015-04-29,06:00:00,0.54857,0.54858,0.54834,0.54848,0,0
2015-04-29,07:00:00,0.54848,0.54877,0.54844,0.54859,0,0
2015-04-29,08:00:00,0.54856,0.54868,0.54823,0.54846,0,0
2015-04-29,09:00:00,0.54847,0.54858,0.54695,0.54723,0,0
2015-04-29,10:00:00,0.54724,0.54732,0.54632,0.54642,0,0
2015-04-29,11:00:00,0.54642,0.54644,0.54488,0.54522,0,0
2015-04-29,12:00:00,0.54513,0.54576,0.54486,0.54531,0,0
2015-04-29,13:00:00,0.54526,0.54595,0.54521,0.54535,0,0
2015-04-29,14:00:00,0.54528,0.54618,0.54528,0.54605,0,0
2015-04-29,15:00:00,0.54603,0.54611,0.54524,0.54543,0,0
2015-04-29,16:00:00,0.54538,0.54594,0.54463,0.54515,0,0
2015-04-29,17:00:00,0.54516,0.54527,0.54402,0.54418,0,0
2015-04-29,18:00:00,0.5441,0.54458,0.5432,0.54359,0,0
2015-04-29,19:00:00,0.54353,0.5452,0.54321,0.54494,0,0
2015-04-29,20:00:00,0.54496,0.54557,0.54479,0.54544,0,0
2015-04-29,21:00:00,0.54544,0.54578,0.54436,0.54472,0,0
2015-04-29,22:00:00,0.54463,0.54493,0.5444,0.5445,0,0
2015-04-29,23:00:00,0.5445,0.54451,0.54413,0.54423,0,0
2015-04-29,23:59:00,0.5443,0.54435,0.54371,0.54414,0,0
2015-04-30,01:00:00,0.54414,0.54449,0.54412,0.54446,0,0
2015-04-30,02:00:00,0.54444,0.54497,0.54442,0.54484,0,0
2015-04-30,03:00:00,0.54482,0.54503,0.5443,0.54441,0,0
2015-04-30,04:00:00,0.54441,0.54483,0.54431,0.54483,0,0
2015-04-30,05:00:00,0.54486,0.54583,0.5447,0.5456,0,0
2015-04-30,06:00:00,0.54563,0.54574,0.54498,0.54514,0,0
2015-04-30,07:00:00,0.5451,0.54699,0.54508,0.54653,0,0
2015-04-30,08:00:00,0.54654,0.54729,0.5465,0.54701,0,0
2015-04-30,09:00:00,0.54743,0.54743,0.54539,0.54545,0,0
2015-04-30,10:00:00,0.54533,0.54534,0.54378,0.54396,0,0
2015-04-30,11:00:00,0.54396,0.54472,0.54301,0.54426,0,0
2015-04-30,12:00:00,0.54423,0.54556,0.54385,0.54554,0,0
2015-04-30,13:00:00,0.54556,0.54612,0.54492,0.54499,0,0
2015-04-30,14:00:00,0.54502,0.54572,0.54484,0.54542,0,0
2015-04-30,15:00:00,0.54552,0.54583,0.54499,0.54508,0,0
2015-04-30,16:00:00,0.54514,0.5456,0.54442,0.54477,0,0
2015-04-30,17:00:00,0.54482,0.54595,0.54372,0.54372,0,0
2015-04-30,18:00:00,0.54383,0.54439,0.54306,0.54434,0,0
2015-04-30,19:00:00,0.5443,0.54557,0.54392,0.54507,0,0
2015-04-30,20:00:00,0.54504,0.54587,0.54502,0.54574,0,0
2015-04-30,21:00:00,0.54573,0.54574,0.54508,0.54522,0,0
2015-04-30,22:00:00,0.54529,0.54607,0.54526,0.5456,0,0
2015-04-30,23:00:00,0.54547,0.54583,0.54517,0.54567,0,0
2015-04-30,23:59:00,0.54569,0.54579,0.54531,0.54565,0,0
2015-05-01,01:00:00,0.54561,0.54561,0.54509,0.5453,0,0
2015-05-01,02:00:00,0.54531,0.5455,0.54504,0.54509,0,0
2015-05-01,03:00:00,0.54512,0.54513,0.54418,0.54433,0,0
2015-05-01,04:00:00,0.54437,0.54488,0.54428,0.54473,0,0
2015-05-01,05:00:00,0.54472,0.54484,0.54441,0.54459,0,0
2015-05-01,06:00:00,0.5446,0.54463,0.54441,0.54451,0,0
2015-05-01,07:00:00,0.54451,0.54487,0.54433,0.54454,0,0
2015-05-01,08:00:00,0.54455,0.54464,0.54389,0.54398,0,0
2015-05-01,09:00:00,0.54395,0.54498,0.54365,0.54378,0,0
2015-05-01,10:00:00,0.54381,0.54425,0.54206,0.54233,0,0
2015-05-01,11:00:00,0.54243,0.54589,0.54225,0.54587,0,0
2015-05-01,12:00:00,0.54591,0.54611,0.54497,0.54582,0,0
2015-05-01,13:00:00,0.54586,0.54652,0.54565,0.54628,0,0
2015-05-01,14:00:00,0.54628,0.54687,0.54549,0.54687,0,0
2015-05-01,15:00:00,0.54685,0.54795,0.5468,0.5473,0,0
2015-05-01,16:00:00,0.5473,0.54913,0.54677,0.54913,0,0
2015-05-01,17:00:00,0.54884,0.54919,0.54753,0.54863,0,0
2015-05-01,18:00:00,0.54861,0.54983,0.5485,0.54957,0,0
2015-05-01,19:00:00,0.54958,0.55008,0.54917,0.55005,0,0
2015-05-01,20:00:00,0.55002,0.55004,0.54891,0.54894,0,0
2015-05-01,21:00:00,0.54894,0.54992,0.54881,0.54942,0,0
2015-05-01,22:00:00,0.5494,0.55001,0.54915,0.54939,0,0
2015-05-01,23:00:00,0.54938,0.54939,0.54928,0.54928,0,0
2015-05-04,01:00:00,0.54932,0.54935,0.5485,0.54898,0,0
2015-05-04,02:00:00,0.54898,0.54965,0.54878,0.54929,0,0
2015-05-04,03:00:00,0.54929,0.54984,0.54912,0.54939,0,0
2015-05-04,04:00:00,0.5494,0.54945,0.54905,0.54929,0,0
2015-05-04,05:00:00,0.54929,0.54972,0.54922,0.54954,0,0
2015-05-04,06:00:00,0.54954,0.54973,0.54935,0.54942,0,0
2015-05-04,07:00:00,0.54942,0.54963,0.54934,0.54957,0,0
2015-05-04,08:00:00,0.54956,0.54975,0.54937,0.54974,0,0
2015-05-04,09:00:00,0.54971,0.55048,0.54905,0.55018,0,0
2015-05-04,10:00:00,0.55017,0.55048,0.54939,0.54968,0,0
2015-05-04,11:00:00,0.54985,0.54998,0.54939,0.54949,0,0
2015-05-04,12:00:00,0.54949,0.55044,0.54927,0.55034,0,0
2015-05-04,13:00:00,0.55037,0.55081,0.55005,0.55067,0,0
2015-05-04,14:00:00,0.55066,0.55092,0.55,0.55091,0,0
2015-05-04,15:00:00,0.55092,0.55104,0.54947,0.54973,0,0
2015-05-04,16:00:00,0.54979,0.55044,0.54964,0.55031,0,0
2015-05-04,17:00:00,0.55038,0.55097,0.5503,0.55054,0,0
2015-05-04,18:00:00,0.55052,0.55066,0.54983,0.55011,0,0
2015-05-04,19:00:00,0.55008,0.55038,0.54998,0.55033,0,0
2015-05-04,20:00:00,0.55033,0.55061,0.55028,0.55037,0,0
2015-05-04,21:00:00,0.55037,0.55121,0.55033,0.55059,0,0
2015-05-04,22:00:00,0.55061,0.55084,0.55037,0.55053,0,0
2015-05-04,23:00:00,0.55052,0.55066,0.55037,0.55055,0,0
2015-05-04,23:59:00,0.55053,0.55075,0.55033,0.55035,0,0
2015-05-05,01:00:00,0.55034,0.5507,0.55028,0.55065,0,0
2015-05-05,02:00:00,0.55065,0.55075,0.55053,0.55057,0,0
2015-05-05,03:00:00,0.55057,0.55061,0.55035,0.5504,0,0
2015-05-05,04:00:00,0.5504,0.55042,0.55018,0.55022,0,0
2015-05-05,05:00:00,0.55022,0.55051,0.55018,0.55044,0,0
2015-05-05,06:00:00,0.55044,0.55075,0.55034,0.55074,0,0
2015-05-05,07:00:00,0.55075,0.55099,0.5503,0.55088,0,0
2015-05-05,08:00:00,0.55089,0.55099,0.55044,0.55068,0,0
2015-05-05,09:00:00,0.55064,0.55107,0.54998,0.55095,0,0
2015-05-05,10:00:00,0.55097,0.55103,0.55,0.55,0,0
2015-05-05,11:00:00,0.55,0.55089,0.54928,0.54969,0,0
2015-05-05,12:00:00,0.54967,0.55019,0.54914,0.54992,0,0
2015-05-05,13:00:00,0.54992,0.55002,0.54871,0.54881,0,0
2015-05-05,14:00:00,0.54881,0.54931,0.54869,0.54899,0,0
2015-05-05,15:00:00,0.54902,0.54933,0.548,0.54925,0,0
2015-05-05,16:00:00,0.54925,0.54953,0.54765,0.54765,0,0
2015-05-05,17:00:00,0.54762,0.54862,0.54713,0.54844,0,0
2015-05-05,18:00:00,0.54848,0.5499,0.54848,0.54972,0,0
2015-05-05,19:00:00,0.5497,0.54996,0.54858,0.5488,0,0
2015-05-05,20:00:00,0.54883,0.54906,0.54852,0.54893,0,0
2015-05-05,21:00:00,0.54893,0.54993,0.54893,0.54988,0,0
2015-05-05,22:00:00,0.54991,0.55023,0.54967,0.55001,0,0
2015-05-05,23:00:00,0.55002,0.55005,0.54942,0.54953,0,0
2015-05-05,23:59:00,0.54957,0.54983,0.54946,0.54964,0,0
2015-05-06,01:00:00,0.54962,0.54979,0.54947,0.54966,0,0
2015-05-06,02:00:00,0.54966,0.54976,0.54948,0.54961,0,0
2015-05-06,03:00:00,0.54964,0.54982,0.54944,0.54948,0,0
2015-05-06,04:00:00,0.54948,0.54955,0.54916,0.54922,0,0
2015-05-06,05:00:00,0.54922,0.5494,0.54867,0.54874,0,0
2015-05-06,06:00:00,0.54875,0.54881,0.54825,0.54842,0,0
2015-05-06,07:00:00,0.54838,0.54855,0.54803,0.54815,0,0
2015-05-06,08:00:00,0.54813,0.54874,0.54808,0.54869,0,0
2015-05-06,09:00:00,0.5487,0.54885,0.54792,0.54821,0,0
2015-05-06,10:00:00,0.54824,0.5502,0.54817,0.54998,0,0
2015-05-06,11:00:00,0.55,0.55109,0.54933,0.55026,0,0
2015-05-06,12:00:00,0.55027,0.55047,0.54942,0.54975,0,0
2015-05-06,13:00:00,0.54974,0.54977,0.54821,0.54831,0,0
2015-05-06,14:00:00,0.54832,0.54892,0.54803,0.54845,0,0
2015-05-06,15:00:00,0.54842,0.54949,0.54786,0.54922,0,0
2015-05-06,16:00:00,0.5492,0.54975,0.5485,0.54893,0,0
2015-05-06,17:00:00,0.5489,0.54937,0.54811,0.54937,0,0
2015-05-06,18:00:00,0.54937,0.54958,0.54873,0.5492,0,0
2015-05-06,19:00:00,0.54926,0.54976,0.54895,0.54897,0,0
2015-05-06,20:00:00,0.54889,0.54937,0.54859,0.54937,0,0
2015-05-06,21:00:00,0.54936,0.54985,0.54885,0.5498,0,0
2015-05-06,22:00:00,0.54979,0.54979,0.54882,0.54882,0,0
2015-05-06,23:00:00,0.54881,0.54923,0.54881,0.54909,0,0
2015-05-06,23:59:00,0.54907,0.54927,0.54889,0.54913,0,0
2015-05-07,01:00:00,0.54914,0.54937,0.54891,0.54936,0,0
2015-05-07,02:00:00,0.54937,0.54967,0.54933,0.54954,0,0
2015-05-07,03:00:00,0.54956,0.55002,0.54921,0.54967,0,0
2015-05-07,04:00:00,0.54967,0.54977,0.549,0.54917,0,0
2015-05-07,05:00:00,0.54914,0.54921,0.54861,0.54868,0,0
2015-05-07,06:00:00,0.5487,0.54935,0.54864,0.54916,0,0
2015-05-07,07:00:00,0.54915,0.54937,0.54899,0.54921,0,0
2015-05-07,08:00:00,0.54924,0.5494,0.54862,0.54881,0,0
2015-05-07,09:00:00,0.54878,0.55061,0.54878,0.55055,0,0
2015-05-07,10:00:00,0.55057,0.55078,0.5498,0.55032,0,0
2015-05-07,11:00:00,0.55048,0.55261,0.55034,0.55164,0,0
2015-05-07,12:00:00,0.55156,0.55177,0.54994,0.55057,0,0
2015-05-07,13:00:00,0.55049,0.55188,0.55038,0.55175,0,0
2015-05-07,14:00:00,0.55175,0.55191,0.55108,0.5516,0,0
2015-05-07,15:00:00,0.55162,0.55203,0.55002,0.55042,0,0
2015-05-07,16:00:00,0.55038,0.55209,0.55024,0.55203,0,0
2015-05-07,17:00:00,0.55199,0.55241,0.55006,0.55056,0,0
2015-05-07,18:00:00,0.5505,0.55068,0.5483,0.54851,0,0
2015-05-07,19:00:00,0.54862,0.54883,0.54827,0.54864,0,0
2015-05-07,20:00:00,0.54872,0.54876,0.54793,0.54819,0,0
2015-05-07,21:00:00,0.54818,0.54819,0.54645,0.54716,0,0
2015-05-07,22:00:00,0.54717,0.5472,0.54661,0.54701,0,0
2015-05-07,23:00:00,0.54702,0.54778,0.54691,0.54778,0,0
2015-05-07,23:59:00,0.54789,0.54791,0.54085,0.54188,0,0
2015-05-08,01:00:00,0.54186,0.54314,0.54129,0.5427,0,0
2015-05-08,02:00:00,0.5427,0.54333,0.54178,0.54256,0,0
2015-05-08,03:00:00,0.54255,0.54294,0.54153,0.54187,0,0
2015-05-08,04:00:00,0.54191,0.54193,0.5399,0.5401,0,0
2015-05-08,05:00:00,0.54007,0.54039,0.53806,0.5381,0,0
2015-05-08,06:00:00,0.53807,0.53949,0.53788,0.53924,0,0
2015-05-08,07:00:00,0.53925,0.53953,0.53754,0.5377,0,0
2015-05-08,08:00:00,0.53775,0.53923,0.53751,0.53899,0,0
2015-05-08,09:00:00,0.53895,0.54063,0.53893,0.53935,0,0
2015-05-08,10:00:00,0.53938,0.53963,0.53761,0.5385,0,0
2015-05-08,11:00:00,0.53855,0.53921,0.53804,0.53806,0,0
2015-05-08,12:00:00,0.538,0.53988,0.538,0.53975,0,0
2015-05-08,13:00:00,0.53981,0.54043,0.53966,0.54,0,0
2015-05-08,14:00:00,0.53998,0.54006,0.53927,0.54004,0,0
2015-05-08,15:00:00,0.54,0.542,0.53937,0.5412,0,0
2015-05-08,16:00:00,0.54118,0.54206,0.54118,0.54165,0,0
2015-05-08,17:00:00,0.54158,0.54304,0.54142,0.54142,0,0
2015-05-08,18:00:00,0.54138,0.54138,0.53987,0.5402,0,0
2015-05-08,19:00:00,0.5402,0.54094,0.54001,0.54055,0,0
2015-05-08,20:00:00,0.54068,0.54068,0.5399,0.54011,0,0
2015-05-08,21:00:00,0.54015,0.54059,0.54011,0.54015,0,0
2015-05-08,22:00:00,0.54002,0.54058,0.54002,0.54039,0,0
2015-05-08,23:00:00,0.54039,0.54039,0.54039,0.54039,0,0
2015-05-11,01:00:00,0.54037,0.54067,0.54017,0.54055,0,0
2015-05-11,02:00:00,0.54055,0.54091,0.54041,0.54068,0,0
2015-05-11,03:00:00,0.54068,0.54142,0.54056,0.54142,0,0
2015-05-11,04:00:00,0.54142,0.54142,0.54085,0.54094,0,0
2015-05-11,05:00:00,0.54098,0.54115,0.54069,0.54091,0,0
2015-05-11,06:00:00,0.54091,0.54141,0.54079,0.54125,0,0
2015-05-11,07:00:00,0.54125,0.54131,0.54098,0.54101,0,0
2015-05-11,08:00:00,0.54102,0.54112,0.54061,0.54091,0,0
2015-05-11,09:00:00,0.5409,0.54111,0.54037,0.54046,0,0
2015-05-11,10:00:00,0.54049,0.54158,0.54024,0.5403,0,0
2015-05-11,11:00:00,0.5403,0.54118,0.54014,0.54114,0,0
2015-05-11,12:00:00,0.54114,0.54176,0.53969,0.53982,0,0
2015-05-11,13:00:00,0.53982,0.54011,0.53831,0.53872,0,0
2015-05-11,14:00:00,0.53875,0.53922,0.53826,0.53868,0,0
2015-05-11,15:00:00,0.53863,0.53864,0.53752,0.53757,0,0
2015-05-11,16:00:00,0.53753,0.53813,0.53603,0.5363,0,0
2015-05-11,17:00:00,0.53617,0.5364,0.53532,0.53581,0,0
2015-05-11,18:00:00,0.53582,0.53586,0.53413,0.53418,0,0
2015-05-11,19:00:00,0.53417,0.53462,0.53365,0.53452,0,0
2015-05-11,20:00:00,0.53449,0.53449,0.53365,0.53414,0,0
2015-05-11,21:00:00,0.53414,0.53465,0.53399,0.53414,0,0
2015-05-11,22:00:00,0.53415,0.53427,0.53371,0.534,0,0
2015-05-11,23:00:00,0.53401,0.53435,0.53396,0.53431,0,0
2015-05-11,23:59:00,0.53431,0.53434,0.53398,0.53414,0,0
2015-05-12,01:00:00,0.53414,0.53447,0.53405,0.53443,0,0
2015-05-12,02:00:00,0.53443,0.53468,0.53425,0.5344,0,0
2015-05-12,03:00:00,0.5344,0.53487,0.53423,0.53474,0,0
2015-05-12,04:00:00,0.53474,0.53487,0.53434,0.53437,0,0
2015-05-12,05:00:00,0.53436,0.53449,0.53397,0.53431,0,0
2015-05-12,06:00:00,0.53431,0.53459,0.53417,0.53438,0,0
2015-05-12,07:00:00,0.53438,0.53451,0.53409,0.53414,0,0
2015-05-12,08:00:00,0.53413,0.53418,0.53367,0.53417,0,0
2015-05-12,09:00:00,0.5342,0.53462,0.53375,0.53444,0,0
2015-05-12,10:00:00,0.53449,0.5355,0.53435,0.53548,0,0
2015-05-12,11:00:00,0.5355,0.5355,0.53231,0.53284,0,0
2015-05-12,12:00:00,0.53285,0.53287,0.5311,0.53152,0,0
2015-05-12,13:00:00,0.53153,0.53221,0.53084,0.53193,0,0
2015-05-12,14:00:00,0.53195,0.53207,0.53116,0.53134,0,0
2015-05-12,15:00:00,0.53138,0.5319,0.53101,0.53189,0,0
2015-05-12,16:00:00,0.53191,0.53257,0.53134,0.53211,0,0
2015-05-12,17:00:00,0.53227,0.53264,0.53148,0.53254,0,0
2015-05-12,18:00:00,0.53251,0.53288,0.53204,0.53216,0,0
2015-05-12,19:00:00,0.53219,0.53221,0.53131,0.53145,0,0
2015-05-12,20:00:00,0.53146,0.53202,0.53142,0.53178,0,0
2015-05-12,21:00:00,0.53175,0.53213,0.53129,0.53205,0,0
2015-05-12,22:00:00,0.532,0.53248,0.532,0.53221,0,0
2015-05-12,23:00:00,0.53236,0.53241,0.53198,0.53236,0,0
2015-05-12,23:59:00,0.53234,0.53282,0.53158,0.53252,0,0
2015-05-13,01:00:00,0.53234,0.53257,0.53203,0.53242,0,0
2015-05-13,02:00:00,0.53242,0.53255,0.53226,0.53248,0,0
2015-05-13,03:00:00,0.53245,0.53283,0.5323,0.53262,0,0
2015-05-13,04:00:00,0.53264,0.53309,0.53223,0.53288,0,0
2015-05-13,05:00:00,0.53289,0.53296,0.5324,0.5325,0,0
2015-05-13,06:00:00,0.5325,0.5325,0.53182,0.53194,0,0
2015-05-13,07:00:00,0.53194,0.53196,0.53137,0.53181,0,0
2015-05-13,08:00:00,0.5318,0.532,0.53173,0.53187,0,0
2015-05-13,09:00:00,0.53189,0.53277,0.5317,0.53269,0,0
2015-05-13,10:00:00,0.53274,0.53274,0.53138,0.53151,0,0
2015-05-13,11:00:00,0.53152,0.53255,0.53033,0.53089,0,0
2015-05-13,12:00:00,0.53086,0.53342,0.53043,0.53313,0,0
2015-05-13,13:00:00,0.53317,0.534,0.5324,0.5324,0,0
2015-05-13,14:00:00,0.5324,0.53412,0.53232,0.53358,0,0
2015-05-13,15:00:00,0.53357,0.53429,0.53329,0.53367,0,0
2015-05-13,16:00:00,0.5337,0.53457,0.53365,0.53417,0,0
2015-05-13,17:00:00,0.53422,0.53465,0.53352,0.53375,0,0
2015-05-13,18:00:00,0.53379,0.53457,0.53271,0.53323,0,0
2015-05-13,19:00:00,0.53323,0.53342,0.53283,0.53338,0,0
2015-05-13,20:00:00,0.53338,0.53347,0.53308,0.53332,0,0
2015-05-13,21:00:00,0.53331,0.53345,0.53311,0.53317,0,0
2015-05-13,22:00:00,0.53316,0.53366,0.53315,0.53324,0,0
2015-05-13,23:00:00,0.53324,0.53341,0.53296,0.53305,0,0
2015-05-13,23:59:00,0.53304,0.53325,0.53288,0.53311,0,0
2015-05-14,01:00:00,0.53311,0.5334,0.53297,0.53324,0,0
2015-05-14,02:00:00,0.53325,0.53335,0.53288,0.53316,0,0
2015-05-14,03:00:00,0.53314,0.53327,0.53262,0.53284,0,0
2015-05-14,04:00:00,0.53284,0.53297,0.53258,0.53276,0,0
2015-05-14,05:00:00,0.53265,0.53303,0.53265,0.53302,0,0
2015-05-14,06:00:00,0.53303,0.53307,0.53255,0.53278,0,0
2015-05-14,07:00:00,0.53276,0.53295,0.53247,0.5327,0,0
2015-05-14,08:00:00,0.53269,0.53296,0.53258,0.53278,0,0
2015-05-14,09:00:00,0.5328,0.53368,0.53275,0.53329,0,0
2015-05-14,10:00:00,0.53326,0.53351,0.53207,0.53246,0,0
2015-05-14,11:00:00,0.53251,0.53263,0.5319,0.53213,0,0
2015-05-14,12:00:00,0.53218,0.53227,0.53069,0.53117,0,0
2015-05-14,13:00:00,0.53115,0.53165,0.53089,0.53095,0,0
2015-05-14,14:00:00,0.53099,0.53121,0.53042,0.53051,0,0
2015-05-14,15:00:00,0.53055,0.53189,0.53046,0.53151,0,0
2015-05-14,16:00:00,0.53159,0.53254,0.53159,0.53221,0,0
2015-05-14,17:00:00,0.53215,0.53274,0.53169,0.53228,0,0
2015-05-14,18:00:00,0.53227,0.53256,0.53193,0.53206,0,0
2015-05-14,19:00:00,0.53208,0.53285,0.53208,0.53271,0,0
2015-05-14,20:00:00,0.53269,0.53276,0.53231,0.53245,0,0
2015-05-14,21:00:00,0.53246,0.53262,0.53194,0.53198,0,0
2015-05-14,22:00:00,0.53198,0.53208,0.53169,0.53204,0,0
2015-05-14,23:00:00,0.53204,0.53214,0.53164,0.53187,0,0
2015-05-14,23:59:00,0.53185,0.53197,0.5317,0.53184,0,0
2015-05-15,01:00:00,0.53181,0.53192,0.5317,0.53181,0,0
2015-05-15,02:00:00,0.53181,0.53197,0.53162,0.53187,0,0
2015-05-15,03:00:00,0.53184,0.53193,0.53136,0.53144,0,0
2015-05-15,04:00:00,0.53144,0.53153,0.53098,0.53104,0,0
2015-05-15,05:00:00,0.53104,0.53122,0.53077,0.53109,0,0
2015-05-15,06:00:00,0.5311,0.53137,0.53096,0.53121,0,0
2015-05-15,07:00:00,0.53122,0.53135,0.53105,0.53111,0,0
2015-05-15,08:00:00,0.53111,0.53131,0.53066,0.5308,0,0
2015-05-15,09:00:00,0.53084,0.53085,0.53018,0.53081,0,0
2015-05-15,10:00:00,0.53079,0.53141,0.53046,0.53119,0,0
2015-05-15,11:00:00,0.53121,0.53169,0.53064,0.5313,0,0
2015-05-15,12:00:00,0.53131,0.53163,0.53079,0.531,0,0
2015-05-15,13:00:00,0.53104,0.53119,0.53024,0.53075,0,0
2015-05-15,14:00:00,0.53072,0.53116,0.53041,0.53104,0,0
2015-05-15,15:00:00,0.53097,0.53145,0.5306,0.53065,0,0
2015-05-15,16:00:00,0.53066,0.53112,0.53056,0.53091,0,0
2015-05-15,17:00:00,0.53098,0.53126,0.53036,0.53093,0,0
2015-05-15,18:00:00,0.53086,0.53125,0.53061,0.53119,0,0
2015-05-15,19:00:00,0.53119,0.53163,0.53104,0.53136,0,0
2015-05-15,20:00:00,0.53135,0.53213,0.53135,0.53212,0,0
2015-05-15,21:00:00,0.53212,0.5325,0.53209,0.53226,0,0
2015-05-15,22:00:00,0.53226,0.53273,0.53215,0.53254,0,0
2015-05-15,23:00:00,0.53254,0.53262,0.53254,0.5326,0,0
2015-05-18,01:00:00,0.53249,0.53264,0.53207,0.53214,0,0
2015-05-18,02:00:00,0.53215,0.53238,0.53186,0.53235,0,0
2015-05-18,03:00:00,0.53232,0.53252,0.5315,0.53163,0,0
2015-05-18,04:00:00,0.53162,0.53181,0.5314,0.5317,0,0
2015-05-18,05:00:00,0.5318,0.53187,0.53165,0.53186,0,0
2015-05-18,06:00:00,0.53183,0.53188,0.53164,0.53178,0,0
2015-05-18,07:00:00,0.53178,0.53186,0.53148,0.53152,0,0
2015-05-18,08:00:00,0.53152,0.53166,0.53116,0.53137,0,0
2015-05-18,09:00:00,0.53137,0.53223,0.53113,0.53221,0,0
2015-05-18,10:00:00,0.5322,0.53333,0.53207,0.53244,0,0
2015-05-18,11:00:00,0.53246,0.53356,0.53246,0.53337,0,0
2015-05-18,12:00:00,0.53337,0.53385,0.53237,0.53265,0,0
2015-05-18,13:00:00,0.53266,0.53312,0.53241,0.53273,0,0
2015-05-18,14:00:00,0.53276,0.5331,0.53258,0.53302,0,0
2015-05-18,15:00:00,0.53302,0.5335,0.53269,0.53298,0,0
2015-05-18,16:00:00,0.53295,0.53297,0.53138,0.53279,0,0
2015-05-18,17:00:00,0.53276,0.53337,0.53208,0.53208,0,0
2015-05-18,18:00:00,0.5321,0.53266,0.53171,0.53228,0,0
2015-05-18,19:00:00,0.53228,0.53265,0.532,0.53229,0,0
2015-05-18,20:00:00,0.5323,0.53274,0.53202,0.5325,0,0
2015-05-18,21:00:00,0.5325,0.5328,0.53219,0.5322,0,0
2015-05-18,22:00:00,0.53217,0.5328,0.53209,0.53242,0,0
2015-05-18,23:00:00,0.53243,0.53262,0.53226,0.53248,0,0
2015-05-18,23:59:00,0.53248,0.53249,0.53226,0.53239,0,0
2015-05-19,01:00:00,0.53238,0.53244,0.53219,0.53225,0,0
2015-05-19,02:00:00,0.53226,0.53265,0.53224,0.53244,0,0
2015-05-19,03:00:00,0.53243,0.53286,0.53232,0.53279,0,0
2015-05-19,04:00:00,0.53277,0.53325,0.53276,0.53319,0,0
2015-05-19,05:00:00,0.5332,0.5332,0.5326,0.53267,0,0
2015-05-19,06:00:00,0.53267,0.53285,0.5325,0.53251,0,0
2015-05-19,07:00:00,0.53252,0.53266,0.5325,0.53258,0,0
2015-05-19,08:00:00,0.53257,0.53262,0.53213,0.53232,0,0
2015-05-19,09:00:00,0.53234,0.53289,0.53199,0.53214,0,0
2015-05-19,10:00:00,0.53213,0.53458,0.53201,0.53444,0,0
2015-05-19,11:00:00,0.53444,0.5365,0.53417,0.53583,0,0
2015-05-19,12:00:00,0.5359,0.53674,0.53577,0.53584,0,0
2015-05-19,13:00:00,0.53586,0.53695,0.53585,0.53669,0,0
2015-05-19,14:00:00,0.5367,0.53767,0.53668,0.53721,0,0
2015-05-19,15:00:00,0.53719,0.53761,0.53624,0.53684,0,0
2015-05-19,16:00:00,0.53683,0.53691,0.5348,0.53508,0,0
2015-05-19,17:00:00,0.53511,0.53511,0.53419,0.53432,0,0
2015-05-19,18:00:00,0.53437,0.53491,0.53413,0.53423,0,0
2015-05-19,19:00:00,0.5343,0.53511,0.53419,0.53481,0,0
2015-05-19,20:00:00,0.53484,0.53495,0.53434,0.5344,0,0
2015-05-19,21:00:00,0.53439,0.53468,0.5342,0.53451,0,0
2015-05-19,22:00:00,0.53451,0.53462,0.5341,0.5342,0,0
2015-05-19,23:00:00,0.53422,0.53441,0.53409,0.53417,0,0
2015-05-19,23:59:00,0.5341,0.53447,0.53392,0.53435,0,0
2015-05-20,01:00:00,0.53432,0.53433,0.53401,0.53418,0,0
2015-05-20,02:00:00,0.53418,0.53442,0.53415,0.53433,0,0
2015-05-20,03:00:00,0.53432,0.53438,0.53351,0.53352,0,0
2015-05-20,04:00:00,0.53353,0.53363,0.53302,0.53338,0,0
2015-05-20,05:00:00,0.53335,0.53339,0.53303,0.53303,0,0
2015-05-20,06:00:00,0.53301,0.53336,0.53288,0.53333,0,0
2015-05-20,07:00:00,0.53333,0.53337,0.53301,0.53318,0,0
2015-05-20,08:00:00,0.53318,0.53336,0.53299,0.53333,0,0
2015-05-20,09:00:00,0.53337,0.53434,0.53323,0.53365,0,0
2015-05-20,10:00:00,0.53367,0.53405,0.5331,0.5336,0,0
2015-05-20,11:00:00,0.53361,0.53391,0.53213,0.53334,0,0
2015-05-20,12:00:00,0.53337,0.53351,0.5327,0.53276,0,0
2015-05-20,13:00:00,0.53278,0.53297,0.53182,0.53252,0,0
2015-05-20,14:00:00,0.53249,0.53297,0.53242,0.53275,0,0
2015-05-20,15:00:00,0.53277,0.53283,0.53155,0.53163,0,0
2015-05-20,16:00:00,0.53168,0.53196,0.53031,0.53093,0,0
2015-05-20,17:00:00,0.53094,0.53148,0.53041,0.53041,0,0
2015-05-20,18:00:00,0.53042,0.53079,0.53019,0.53044,0,0
2015-05-20,19:00:00,0.53047,0.53086,0.53018,0.53049,0,0
2015-05-20,20:00:00,0.53045,0.53169,0.53045,0.53102,0,0
2015-05-20,21:00:00,0.53104,0.53174,0.53067,0.5309,0,0
2015-05-20,22:00:00,0.53086,0.53121,0.53066,0.53084,0,0
2015-05-20,23:00:00,0.53088,0.53092,0.53037,0.5304,0,0
2015-05-20,23:59:00,0.53044,0.53092,0.53024,0.5309,0,0
2015-05-21,01:00:00,0.53089,0.53096,0.53061,0.53085,0,0
2015-05-21,02:00:00,0.53084,0.53093,0.53062,0.53083,0,0
2015-05-21,03:00:00,0.53083,0.53131,0.53061,0.53109,0,0
2015-05-21,04:00:00,0.53109,0.53109,0.53069,0.53074,0,0
2015-05-21,05:00:00,0.53075,0.53108,0.53055,0.53069,0,0
2015-05-21,06:00:00,0.53068,0.53071,0.53051,0.53055,0,0
2015-05-21,07:00:00,0.53055,0.5312,0.53053,0.53115,0,0
2015-05-21,08:00:00,0.53113,0.53162,0.53099,0.53157,0,0
2015-05-21,09:00:00,0.5316,0.53203,0.53135,0.53201,0,0
2015-05-21,10:00:00,0.53199,0.53199,0.53063,0.53098,0,0
2015-05-21,11:00:00,0.53102,0.53102,0.52786,0.52823,0,0
2015-05-21,12:00:00,0.52827,0.52847,0.52746,0.52752,0,0
2015-05-21,13:00:00,0.52759,0.5276,0.52643,0.52691,0,0
2015-05-21,14:00:00,0.52686,0.52698,0.52638,0.52657,0,0
2015-05-21,15:00:00,0.52657,0.52695,0.52626,0.52679,0,0
2015-05-21,16:00:00,0.5268,0.52752,0.52653,0.52705,0,0
2015-05-21,17:00:00,0.52717,0.52752,0.52653,0.52687,0,0
2015-05-21,18:00:00,0.52687,0.52709,0.52638,0.52704,0,0
2015-05-21,19:00:00,0.52708,0.52731,0.52687,0.52699,0,0
2015-05-21,20:00:00,0.527,0.5272,0.52685,0.52694,0,0
2015-05-21,21:00:00,0.52694,0.52755,0.52694,0.52754,0,0
2015-05-21,22:00:00,0.52752,0.52782,0.52745,0.52764,0,0
2015-05-21,23:00:00,0.52766,0.52779,0.52735,0.52756,0,0
2015-05-21,23:59:00,0.52753,0.52758,0.52733,0.52737,0,0
2015-05-22,01:00:00,0.52737,0.52754,0.52732,0.52748,0,0
2015-05-22,02:00:00,0.52748,0.52766,0.52734,0.52762,0,0
2015-05-22,03:00:00,0.52756,0.52779,0.52724,0.52757,0,0
2015-05-22,04:00:00,0.52759,0.52786,0.52744,0.52764,0,0
2015-05-22,05:00:00,0.52764,0.52836,0.52748,0.52829,0,0
2015-05-22,06:00:00,0.52829,0.52836,0.52787,0.528,0,0
2015-05-22,07:00:00,0.528,0.52834,0.52797,0.5282,0,0
2015-05-22,08:00:00,0.52817,0.52865,0.52805,0.52806,0,0
2015-05-22,09:00:00,0.52801,0.52847,0.5277,0.52829,0,0
2015-05-22,10:00:00,0.52837,0.52899,0.52818,0.52848,0,0
2015-05-22,11:00:00,0.52853,0.52937,0.5281,0.52869,0,0
2015-05-22,12:00:00,0.52872,0.52895,0.52808,0.52886,0,0
2015-05-22,13:00:00,0.52886,0.52953,0.52873,0.52886,0,0
2015-05-22,14:00:00,0.52886,0.52942,0.52864,0.52893,0,0
2015-05-22,15:00:00,0.52892,0.53006,0.52818,0.52985,0,0
2015-05-22,16:00:00,0.52976,0.531,0.52976,0.53081,0,0
2015-05-22,17:00:00,0.53088,0.5313,0.53059,0.53129,0,0
2015-05-22,18:00:00,0.53127,0.53179,0.53104,0.53176,0,0
2015-05-22,19:00:00,0.53176,0.53199,0.53143,0.53144,0,0
2015-05-22,20:00:00,0.53146,0.5319,0.53146,0.53171,0,0
2015-05-22,21:00:00,0.53171,0.53205,0.53144,0.53147,0,0
2015-05-22,22:00:00,0.53147,0.53173,0.53139,0.53163,0,0
2015-05-22,23:00:00,0.53164,0.53164,0.53156,0.53158,0,0
2015-05-25,01:00:00,0.53201,0.53201,0.53129,0.53147,0,0
2015-05-25,02:00:00,0.53148,0.53171,0.53132,0.53165,0,0
2015-05-25,03:00:00,0.53165,0.53165,0.53078,0.53118,0,0
2015-05-25,04:00:00,0.53118,0.53118,0.53085,0.53091,0,0
2015-05-25,05:00:00,0.53091,0.53125,0.53088,0.53104,0,0
2015-05-25,06:00:00,0.53103,0.53124,0.53095,0.5312,0,0
2015-05-25,07:00:00,0.53121,0.53125,0.53093,0.53117,0,0
2015-05-25,08:00:00,0.53118,0.53149,0.53099,0.5312,0,0
2015-05-25,09:00:00,0.53115,0.53136,0.53062,0.53072,0,0
2015-05-25,10:00:00,0.53069,0.5313,0.5302,0.53028,0,0
2015-05-25,11:00:00,0.53028,0.53104,0.53026,0.53104,0,0
2015-05-25,12:00:00,0.53104,0.53137,0.53063,0.53114,0,0
2015-05-25,13:00:00,0.53113,0.53142,0.53102,0.5314,0,0
2015-05-25,14:00:00,0.5314,0.53187,0.53132,0.53164,0,0
2015-05-25,15:00:00,0.53164,0.53241,0.53159,0.53226,0,0
2015-05-25,16:00:00,0.53226,0.53246,0.53209,0.53234,0,0
2015-05-25,17:00:00,0.53234,0.53242,0.53213,0.53231,0,0
2015-05-25,18:00:00,0.53232,0.53237,0.53208,0.53223,0,0
2015-05-25,19:00:00,0.53224,0.53226,0.53205,0.53214,0,0
2015-05-25,20:00:00,0.53212,0.53223,0.53194,0.53198,0,0
2015-05-25,21:00:00,0.53199,0.5321,0.5319,0.53192,0,0
2015-05-25,22:00:00,0.53191,0.53201,0.53185,0.53192,0,0
2015-05-25,23:00:00,0.53192,0.53194,0.53169,0.53175,0,0
2015-05-25,23:59:00,0.53175,0.53194,0.5317,0.53178,0,0
2015-05-26,01:00:00,0.53178,0.53184,0.53153,0.5316,0,0
2015-05-26,02:00:00,0.53154,0.53169,0.53134,0.53134,0,0
2015-05-26,03:00:00,0.53135,0.53169,0.5313,0.53161,0,0
2015-05-26,04:00:00,0.53161,0.5322,0.53141,0.53198,0,0
2015-05-26,05:00:00,0.53199,0.5321,0.5315,0.53161,0,0
2015-05-26,06:00:00,0.5316,0.53171,0.53132,0.53152,0,0
2015-05-26,07:00:00,0.53151,0.53152,0.53109,0.53114,0,0
2015-05-26,08:00:00,0.53114,0.53144,0.53095,0.53096,0,0
2015-05-26,09:00:00,0.53095,0.53109,0.52886,0.52939,0,0
2015-05-26,10:00:00,0.52945,0.52971,0.52887,0.52951,0,0
2015-05-26,11:00:00,0.52953,0.52989,0.52865,0.5287,0,0
2015-05-26,12:00:00,0.52867,0.52972,0.52807,0.52957,0,0
2015-05-26,13:00:00,0.52948,0.52982,0.52879,0.52916,0,0
2015-05-26,14:00:00,0.52913,0.52961,0.52911,0.52938,0,0
2015-05-26,15:00:00,0.52938,0.52946,0.52756,0.5277,0,0
2015-05-26,16:00:00,0.52771,0.52843,0.52749,0.52819,0,0
2015-05-26,17:00:00,0.52824,0.52848,0.52749,0.52823,0,0
2015-05-26,18:00:00,0.52827,0.52852,0.52722,0.52773,0,0
2015-05-26,19:00:00,0.52773,0.52856,0.52761,0.52842,0,0
2015-05-26,20:00:00,0.52845,0.52864,0.52803,0.52824,0,0
2015-05-26,21:00:00,0.5282,0.52828,0.5277,0.52826,0,0
2015-05-26,22:00:00,0.52822,0.52838,0.52805,0.52816,0,0
2015-05-26,23:00:00,0.52816,0.52819,0.52787,0.52801,0,0
2015-05-26,23:59:00,0.52796,0.52842,0.52788,0.52834,0,0
2015-05-27,01:00:00,0.52829,0.52836,0.52794,0.52806,0,0
2015-05-27,02:00:00,0.52807,0.52839,0.52798,0.52816,0,0
2015-05-27,03:00:00,0.52816,0.52841,0.52787,0.52815,0,0
2015-05-27,04:00:00,0.52816,0.52816,0.52735,0.5279,0,0
2015-05-27,05:00:00,0.52789,0.52825,0.52771,0.52818,0,0
2015-05-27,06:00:00,0.52812,0.52812,0.52776,0.52793,0,0
2015-05-27,07:00:00,0.52792,0.52793,0.52732,0.52734,0,0
2015-05-27,08:00:00,0.52738,0.52799,0.52724,0.52741,0,0
2015-05-27,09:00:00,0.52737,0.52781,0.5268,0.52769,0,0
2015-05-27,10:00:00,0.52767,0.5279,0.527,0.52719,0,0
2015-05-27,11:00:00,0.52719,0.52783,0.52698,0.52758,0,0
2015-05-27,12:00:00,0.52755,0.52765,0.52641,0.52652,0,0
2015-05-27,13:00:00,0.5265,0.52655,0.52535,0.52601,0,0
2015-05-27,14:00:00,0.52596,0.52618,0.52565,0.52596,0,0
2015-05-27,15:00:00,0.52596,0.52704,0.5258,0.52681,0,0
2015-05-27,16:00:00,0.52682,0.52794,0.52674,0.52755,0,0
2015-05-27,17:00:00,0.52753,0.52753,0.5268,0.52713,0,0
2015-05-27,18:00:00,0.52705,0.52798,0.52687,0.52729,0,0
2015-05-27,19:00:00,0.52735,0.52735,0.52655,0.5268,0,0
2015-05-27,20:00:00,0.52678,0.52695,0.5263,0.52653,0,0
2015-05-27,21:00:00,0.52652,0.52678,0.52621,0.52633,0,0
2015-05-27,22:00:00,0.52638,0.52662,0.52611,0.52651,0,0
2015-05-27,23:00:00,0.52648,0.52683,0.52627,0.52661,0,0
2015-05-27,23:59:00,0.52664,0.52679,0.5264,0.5265,0,0
2015-05-28,01:00:00,0.52647,0.52665,0.52638,0.52645,0,0
2015-05-28,02:00:00,0.52645,0.52658,0.52635,0.52654,0,0
2015-05-28,03:00:00,0.52657,0.52704,0.52657,0.52669,0,0
2015-05-28,04:00:00,0.52669,0.52712,0.52604,0.52605,0,0
2015-05-28,05:00:00,0.52597,0.52623,0.52443,0.52491,0,0
2015-05-28,06:00:00,0.52495,0.52524,0.52434,0.52497,0,0
2015-05-28,07:00:00,0.52497,0.52553,0.5246,0.52531,0,0
2015-05-28,08:00:00,0.52531,0.52639,0.52507,0.52567,0,0
2015-05-28,09:00:00,0.52571,0.52615,0.52537,0.52599,0,0
2015-05-28,10:00:00,0.526,0.52656,0.52589,0.52627,0,0
2015-05-28,11:00:00,0.52625,0.52667,0.52483,0.52643,0,0
2015-05-28,12:00:00,0.52642,0.52688,0.52596,0.5262,0,0
2015-05-28,13:00:00,0.52619,0.52742,0.52579,0.52707,0,0
2015-05-28,14:00:00,0.52703,0.52754,0.52627,0.52673,0,0
2015-05-28,15:00:00,0.52671,0.52736,0.52596,0.52698,0,0
2015-05-28,16:00:00,0.52697,0.52707,0.52594,0.52633,0,0
2015-05-28,17:00:00,0.52635,0.52709,0.52616,0.52639,0,0
2015-05-28,18:00:00,0.52639,0.52697,0.52619,0.52658,0,0
2015-05-28,19:00:00,0.52661,0.52786,0.52641,0.52773,0,0
2015-05-28,20:00:00,0.52773,0.52829,0.52752,0.52784,0,0
2015-05-28,21:00:00,0.52787,0.52787,0.52678,0.52678,0,0
2015-05-28,22:00:00,0.52683,0.52688,0.52635,0.52678,0,0
2015-05-28,23:00:00,0.52678,0.52697,0.52661,0.5268,0,0
2015-05-28,23:59:00,0.52674,0.52721,0.52646,0.52675,0,0
2015-05-29,01:00:00,0.52674,0.52745,0.52669,0.52728,0,0
2015-05-29,02:00:00,0.52729,0.52739,0.52673,0.52718,0,0
2015-05-29,03:00:00,0.52718,0.52774,0.52703,0.5275,0,0
2015-05-29,04:00:00,0.5275,0.52774,0.52721,0.52734,0,0
2015-05-29,05:00:00,0.52734,0.52755,0.52707,0.52724,0,0
2015-05-29,06:00:00,0.52725,0.52741,0.52699,0.52711,0,0
2015-05-29,07:00:00,0.52708,0.52724,0.52694,0.52702,0,0
2015-05-29,08:00:00,0.52704,0.52713,0.52647,0.5265,0,0
2015-05-29,09:00:00,0.52653,0.52752,0.52628,0.52751,0,0
2015-05-29,10:00:00,0.52751,0.52844,0.52738,0.52813,0,0
2015-05-29,11:00:00,0.5281,0.52856,0.52762,0.52852,0,0
2015-05-29,12:00:00,0.52847,0.52873,0.52803,0.5285,0,0
2015-05-29,13:00:00,0.52852,0.52958,0.52852,0.52943,0,0
2015-05-29,14:00:00,0.52949,0.52992,0.52881,0.52912,0,0
2015-05-29,15:00:00,0.52912,0.52951,0.52768,0.52808,0,0
2015-05-29,16:00:00,0.52805,0.52811,0.5275,0.5281,0,0
2015-05-29,17:00:00,0.52799,0.52902,0.52772,0.52825,0,0
2015-05-29,18:00:00,0.5282,0.52834,0.5274,0.52777,0,0
2015-05-29,19:00:00,0.52777,0.52815,0.52757,0.52764,0,0
2015-05-29,20:00:00,0.52763,0.52763,0.52691,0.52703,0,0
2015-05-29,21:00:00,0.52701,0.52738,0.5269,0.52721,0,0
2015-05-29,22:00:00,0.52711,0.52721,0.52684,0.5271,0,0
2015-05-29,23:00:00,0.52708,0.52712,0.52705,0.52708,0,0
2015-06-01,01:00:00,0.52682,0.52711,0.52669,0.52674,0,0
2015-06-01,02:00:00,0.52673,0.52695,0.52651,0.52656,0,0
2015-06-01,03:00:00,0.52648,0.52708,0.52646,0.52705,0,0
2015-06-01,04:00:00,0.52705,0.52729,0.52681,0.52694,0,0
2015-06-01,05:00:00,0.52688,0.52727,0.52666,0.52671,0,0
2015-06-01,06:00:00,0.52673,0.527,0.52668,0.527,0,0
2015-06-01,07:00:00,0.527,0.52729,0.52681,0.52711,0,0
2015-06-01,08:00:00,0.52711,0.52711,0.52638,0.52638,0,0
2015-06-01,09:00:00,0.52641,0.52786,0.52631,0.52772,0,0
2015-06-01,10:00:00,0.5277,0.52815,0.52698,0.5279,0,0
2015-06-01,11:00:00,0.5279,0.52946,0.5276,0.52919,0,0
2015-06-01,12:00:00,0.52916,0.53012,0.52916,0.52957,0,0
2015-06-01,13:00:00,0.52954,0.53036,0.5295,0.53012,0,0
2015-06-01,14:00:00,0.53008,0.53036,0.52888,0.52944,0,0
2015-06-01,15:00:00,0.52943,0.53018,0.52883,0.52937,0,0
2015-06-01,16:00:00,0.52939,0.52945,0.528,0.52823,0,0
2015-06-01,17:00:00,0.52816,0.52899,0.52748,0.52804,0,0
2015-06-01,18:00:00,0.52809,0.52879,0.52784,0.52825,0,0
2015-06-01,19:00:00,0.52825,0.52833,0.52713,0.52731,0,0
2015-06-01,20:00:00,0.52732,0.52737,0.52681,0.5269,0,0
2015-06-01,21:00:00,0.5269,0.52723,0.52672,0.52684,0,0
2015-06-01,22:00:00,0.52691,0.52738,0.52679,0.52728,0,0
2015-06-01,23:00:00,0.52725,0.52732,0.52691,0.52719,0,0
2015-06-01,23:59:00,0.52726,0.52745,0.52703,0.5273,0,0
2015-06-02,01:00:00,0.52734,0.52739,0.52701,0.52703,0,0
2015-06-02,02:00:00,0.52702,0.52709,0.52672,0.527,0,0
2015-06-02,03:00:00,0.52699,0.52713,0.52687,0.52696,0,0
2015-06-02,04:00:00,0.52696,0.52709,0.52687,0.52687,0,0
2015-06-02,05:00:00,0.52686,0.52732,0.52632,0.52701,0,0
2015-06-02,06:00:00,0.52701,0.52752,0.5269,0.52723,0,0
2015-06-02,07:00:00,0.52723,0.52779,0.52721,0.52754,0,0
2015-06-02,08:00:00,0.52759,0.52769,0.52724,0.52746,0,0
2015-06-02,09:00:00,0.52746,0.5278,0.52692,0.52758,0,0
2015-06-02,10:00:00,0.52764,0.52868,0.52742,0.5285,0,0
2015-06-02,11:00:00,0.52851,0.5287,0.52661,0.52696,0,0
2015-06-02,12:00:00,0.5269,0.52719,0.52539,0.52546,0,0
2015-06-02,13:00:00,0.52539,0.52603,0.52493,0.52591,0,0
2015-06-02,14:00:00,0.52591,0.52675,0.52553,0.5266,0,0
2015-06-02,15:00:00,0.52659,0.52715,0.52626,0.52635,0,0
2015-06-02,16:00:00,0.52634,0.52656,0.52541,0.52592,0,0
2015-06-02,17:00:00,0.5259,0.52668,0.52553,0.52566,0,0
2015-06-02,18:00:00,0.52568,0.52582,0.52515,0.52523,0,0
2015-06-02,19:00:00,0.52523,0.52547,0.52485,0.52529,0,0
2015-06-02,20:00:00,0.52502,0.52564,0.52492,0.5253,0,0
2015-06-02,21:00:00,0.52529,0.5256,0.52504,0.52504,0,0
2015-06-02,22:00:00,0.52495,0.52554,0.52495,0.52529,0,0
2015-06-02,23:00:00,0.52529,0.52538,0.52504,0.52509,0,0
2015-06-02,23:59:00,0.52511,0.52536,0.52501,0.52526,0,0
2015-06-03,01:00:00,0.52525,0.5254,0.52509,0.52539,0,0
2015-06-03,02:00:00,0.52532,0.52585,0.52532,0.52562,0,0
2015-06-03,03:00:00,0.52561,0.52562,0.52503,0.52523,0,0
2015-06-03,04:00:00,0.52525,0.52574,0.52522,0.52555,0,0
2015-06-03,05:00:00,0.52554,0.52593,0.5253,0.52563,0,0
2015-06-03,06:00:00,0.52561,0.52564,0.52514,0.52533,0,0
2015-06-03,07:00:00,0.52534,0.52577,0.52533,0.52565,0,0
2015-06-03,08:00:00,0.52562,0.52583,0.52517,0.52517,0,0
2015-06-03,09:00:00,0.52511,0.52552,0.52491,0.52542,0,0
2015-06-03,10:00:00,0.52539,0.52573,0.52444,0.52445,0,0
2015-06-03,11:00:00,0.52442,0.5274,0.52409,0.52673,0,0
2015-06-03,12:00:00,0.52668,0.52703,0.52607,0.52642,0,0
2015-06-03,13:00:00,0.52638,0.5264,0.52559,0.52569,0,0
2015-06-03,14:00:00,0.52569,0.52619,0.5255,0.52574,0,0
2015-06-03,15:00:00,0.52575,0.52597,0.52518,0.52553,0,0
2015-06-03,16:00:00,0.52556,0.52571,0.52482,0.5256,0,0
2015-06-03,17:00:00,0.52563,0.52619,0.52485,0.52548,0,0
2015-06-03,18:00:00,0.52547,0.52567,0.52434,0.52509,0,0
2015-06-03,19:00:00,0.52517,0.52531,0.52437,0.52448,0,0
2015-06-03,20:00:00,0.52449,0.5248,0.52442,0.52476,0,0
2015-06-03,21:00:00,0.52477,0.52517,0.52453,0.5251,0,0
2015-06-03,22:00:00,0.52513,0.52513,0.52478,0.52493,0,0
2015-06-03,23:00:00,0.52501,0.52501,0.52468,0.52475,0,0
2015-06-03,23:59:00,0.52463,0.5252,0.52461,0.5248,0,0
2015-06-04,01:00:00,0.52479,0.52506,0.52469,0.52485,0,0
2015-06-04,02:00:00,0.52485,0.52495,0.52463,0.52488,0,0
2015-06-04,03:00:00,0.52487,0.52492,0.5245,0.52468,0,0
2015-06-04,04:00:00,0.52468,0.52485,0.52387,0.52394,0,0
2015-06-04,05:00:00,0.52397,0.52414,0.52384,0.52398,0,0
2015-06-04,06:00:00,0.52401,0.52422,0.52379,0.5242,0,0
2015-06-04,07:00:00,0.52419,0.52432,0.52397,0.52417,0,0
2015-06-04,08:00:00,0.52417,0.52494,0.52413,0.5247,0,0
2015-06-04,09:00:00,0.52472,0.52672,0.52455,0.52551,0,0
2015-06-04,10:00:00,0.52554,0.52556,0.52447,0.52476,0,0
2015-06-04,11:00:00,0.52476,0.5252,0.52348,0.52351,0,0
2015-06-04,12:00:00,0.52357,0.52373,0.52211,0.52233,0,0
2015-06-04,13:00:00,0.52228,0.52306,0.52205,0.52234,0,0
2015-06-04,14:00:00,0.52233,0.52402,0.52214,0.52391,0,0
2015-06-04,15:00:00,0.52387,0.52387,0.52241,0.52258,0,0
2015-06-04,16:00:00,0.52255,0.52379,0.52237,0.5232,0,0
2015-06-04,17:00:00,0.52319,0.52352,0.52239,0.52282,0,0
2015-06-04,18:00:00,0.52281,0.52319,0.52233,0.52243,0,0
2015-06-04,19:00:00,0.52242,0.52292,0.52166,0.52206,0,0
2015-06-04,20:00:00,0.52208,0.52323,0.52201,0.52323,0,0
2015-06-04,21:00:00,0.5232,0.52346,0.52284,0.52321,0,0
2015-06-04,22:00:00,0.52306,0.52359,0.52305,0.52345,0,0
2015-06-04,23:00:00,0.52334,0.52354,0.52322,0.52328,0,0
2015-06-04,23:59:00,0.5233,0.52357,0.52309,0.52315,0,0
2015-06-05,01:00:00,0.52316,0.52344,0.52311,0.5233,0,0
2015-06-05,02:00:00,0.5233,0.52345,0.52308,0.52343,0,0
2015-06-05,03:00:00,0.5234,0.52341,0.52263,0.52296,0,0
2015-06-05,04:00:00,0.52296,0.52321,0.52286,0.52312,0,0
2015-06-05,05:00:00,0.52306,0.52337,0.52299,0.52335,0,0
2015-06-05,06:00:00,0.52334,0.52335,0.5229,0.523,0,0
2015-06-05,07:00:00,0.52299,0.52313,0.52282,0.52309,0,0
2015-06-05,08:00:00,0.52305,0.52332,0.52299,0.52315,0,0
2015-06-05,09:00:00,0.52311,0.52408,0.52299,0.52382,0,0
2015-06-05,10:00:00,0.52381,0.52419,0.52307,0.52336,0,0
2015-06-05,11:00:00,0.52338,0.52389,0.52279,0.52374,0,0
2015-06-05,12:00:00,0.52373,0.52384,0.52286,0.52299,0,0
2015-06-05,13:00:00,0.52302,0.52378,0.52296,0.52365,0,0
2015-06-05,14:00:00,0.52366,0.52369,0.52274,0.52277,0,0
2015-06-05,15:00:00,0.52277,0.52365,0.52184,0.52233,0,0
2015-06-05,16:00:00,0.52231,0.52331,0.52224,0.52299,0,0
2015-06-05,17:00:00,0.52292,0.52303,0.52213,0.52219,0,0
2015-06-05,18:00:00,0.52216,0.52247,0.52159,0.52159,0,0
2015-06-05,19:00:00,0.52152,0.52217,0.52152,0.5216,0,0
2015-06-05,20:00:00,0.52159,0.52172,0.52118,0.52135,0,0
2015-06-05,21:00:00,0.52135,0.52142,0.52101,0.5212,0,0
2015-06-05,22:00:00,0.52125,0.52141,0.52114,0.52121,0,0
2015-06-05,23:00:00,0.52125,0.52125,0.52103,0.52103,0,0
2015-06-08,01:00:00,0.52167,0.52182,0.5212,0.52128,0,0
2015-06-08,02:00:00,0.52122,0.52155,0.52119,0.52154,0,0
2015-06-08,03:00:00,0.52155,0.52222,0.52148,0.522,0,0
2015-06-08,04:00:00,0.522,0.52259,0.5218,0.52255,0,0
2015-06-08,05:00:00,0.52253,0.52281,0.5222,0.52231,0,0
2015-06-08,06:00:00,0.52223,0.52244,0.52215,0.52224,0,0
2015-06-08,07:00:00,0.5222,0.52239,0.52204,0.52209,0,0
2015-06-08,08:00:00,0.52208,0.52222,0.52168,0.52188,0,0
2015-06-08,09:00:00,0.52186,0.52284,0.52144,0.52249,0,0
2015-06-08,10:00:00,0.52246,0.52297,0.52193,0.5228,0,0
2015-06-08,11:00:00,0.52278,0.5239,0.52208,0.52368,0,0
2015-06-08,12:00:00,0.52368,0.52412,0.52333,0.52411,0,0
2015-06-08,13:00:00,0.52414,0.52442,0.52368,0.52369,0,0
2015-06-08,14:00:00,0.52368,0.52378,0.5229,0.52318,0,0
2015-06-08,15:00:00,0.52319,0.52347,0.52246,0.52329,0,0
2015-06-08,16:00:00,0.52328,0.52328,0.52263,0.52282,0,0
2015-06-08,17:00:00,0.52288,0.523,0.52227,0.5223,0,0
2015-06-08,18:00:00,0.5223,0.52361,0.52223,0.52324,0,0
2015-06-08,19:00:00,0.52321,0.52322,0.52241,0.52249,0,0
2015-06-08,20:00:00,0.52237,0.52282,0.52223,0.52279,0,0
2015-06-08,21:00:00,0.52283,0.52364,0.52249,0.52332,0,0
2015-06-08,22:00:00,0.52335,0.52413,0.52319,0.52385,0,0
2015-06-08,23:00:00,0.52385,0.52385,0.52312,0.52334,0,0
2015-06-08,23:59:00,0.52333,0.52337,0.52292,0.52311,0,0
2015-06-09,01:00:00,0.52319,0.52333,0.52303,0.52303,0,0
2015-06-09,02:00:00,0.52303,0.52324,0.52291,0.52319,0,0
2015-06-09,03:00:00,0.52316,0.52319,0.52283,0.52317,0,0
2015-06-09,04:00:00,0.52318,0.52345,0.52299,0.52319,0,0
2015-06-09,05:00:00,0.52313,0.52334,0.52305,0.52317,0,0
2015-06-09,06:00:00,0.52317,0.52331,0.52296,0.52296,0,0
2015-06-09,07:00:00,0.52293,0.52316,0.52285,0.52306,0,0
2015-06-09,08:00:00,0.52307,0.52368,0.52306,0.52341,0,0
2015-06-09,09:00:00,0.52344,0.52416,0.52329,0.52377,0,0
2015-06-09,10:00:00,0.52376,0.52557,0.52374,0.52532,0,0
2015-06-09,11:00:00,0.5253,0.52633,0.52498,0.52627,0,0
2015-06-09,12:00:00,0.52619,0.52706,0.52602,0.52692,0,0
2015-06-09,13:00:00,0.52695,0.52761,0.52671,0.52716,0,0
2015-06-09,14:00:00,0.52714,0.5272,0.52588,0.52649,0,0
2015-06-09,15:00:00,0.52651,0.52704,0.52582,0.52601,0,0
2015-06-09,16:00:00,0.52599,0.52663,0.5252,0.52532,0,0
2015-06-09,17:00:00,0.52532,0.52683,0.52448,0.52498,0,0
2015-06-09,18:00:00,0.52498,0.52504,0.52329,0.52354,0,0
2015-06-09,19:00:00,0.52354,0.52398,0.52331,0.52345,0,0
2015-06-09,20:00:00,0.52346,0.52355,0.52257,0.52261,0,0
2015-06-09,21:00:00,0.52261,0.52305,0.52255,0.52302,0,0
2015-06-09,22:00:00,0.52303,0.52305,0.52275,0.52275,0,0
2015-06-09,23:00:00,0.52276,0.52296,0.52263,0.52273,0,0
2015-06-09,23:59:00,0.52272,0.52297,0.52269,0.52288,0,0
2015-06-10,01:00:00,0.52288,0.52292,0.52259,0.52261,0,0
2015-06-10,02:00:00,0.52258,0.52273,0.5224,0.5226,0,0
2015-06-10,03:00:00,0.5226,0.5227,0.52204,0.5223,0,0
2015-06-10,04:00:00,0.52233,0.52257,0.52217,0.52241,0,0
2015-06-10,05:00:00,0.52241,0.52259,0.52212,0.52219,0,0
2015-06-10,06:00:00,0.52219,0.52222,0.52187,0.52211,0,0
2015-06-10,07:00:00,0.52213,0.5282,0.52212,0.52737,0,0
2015-06-10,08:00:00,0.52729,0.52915,0.52702,0.52797,0,0
2015-06-10,09:00:00,0.52782,0.5288,0.52717,0.52739,0,0
2015-06-10,10:00:00,0.5273,0.52809,0.52697,0.52742,0,0
2015-06-10,11:00:00,0.5274,0.52849,0.52637,0.52813,0,0
2015-06-10,12:00:00,0.52813,0.52818,0.52646,0.52671,0,0
2015-06-10,13:00:00,0.52671,0.52678,0.52435,0.52497,0,0
2015-06-10,14:00:00,0.525,0.52531,0.52461,0.52519,0,0
2015-06-10,15:00:00,0.52519,0.52578,0.52485,0.52565,0,0
2015-06-10,16:00:00,0.52569,0.52579,0.52441,0.52486,0,0
2015-06-10,17:00:00,0.52484,0.52548,0.52435,0.52462,0,0
2015-06-10,18:00:00,0.52474,0.5251,0.52378,0.5247,0,0
2015-06-10,19:00:00,0.52474,0.52585,0.5247,0.52529,0,0
2015-06-10,20:00:00,0.52527,0.52554,0.52498,0.52544,0,0
2015-06-10,21:00:00,0.52543,0.52554,0.52458,0.52493,0,0
2015-06-10,22:00:00,0.52488,0.52501,0.52454,0.52478,0,0
2015-06-10,23:00:00,0.5249,0.52517,0.5247,0.52482,0,0
2015-06-10,23:59:00,0.52486,0.52528,0.52468,0.52523,0,0
2015-06-11,01:00:00,0.52509,0.52525,0.52484,0.52517,0,0
2015-06-11,02:00:00,0.52516,0.52542,0.52494,0.52503,0,0
2015-06-11,03:00:00,0.52497,0.52497,0.52436,0.52441,0,0
2015-06-11,04:00:00,0.52441,0.52511,0.52411,0.52414,0,0
2015-06-11,05:00:00,0.52417,0.52484,0.524,0.52427,0,0
2015-06-11,06:00:00,0.52433,0.5245,0.52405,0.52421,0,0
2015-06-11,07:00:00,0.52421,0.5247,0.52367,0.52379,0,0
2015-06-11,08:00:00,0.52376,0.52422,0.52353,0.52404,0,0
2015-06-11,09:00:00,0.52404,0.52503,0.52373,0.52472,0,0
2015-06-11,10:00:00,0.52478,0.5252,0.52396,0.52396,0,0
2015-06-11,11:00:00,0.52399,0.52433,0.52315,0.5233,0,0
2015-06-11,12:00:00,0.52335,0.52365,0.52234,0.52314,0,0
2015-06-11,13:00:00,0.52311,0.52321,0.52268,0.52285,0,0
2015-06-11,14:00:00,0.52289,0.52318,0.52248,0.5231,0,0
2015-06-11,15:00:00,0.52308,0.52354,0.52195,0.5226,0,0
2015-06-11,16:00:00,0.52256,0.52295,0.52213,0.5222,0,0
2015-06-11,17:00:00,0.52217,0.52251,0.52155,0.52196,0,0
2015-06-11,18:00:00,0.5219,0.52238,0.52096,0.52205,0,0
2015-06-11,19:00:00,0.52206,0.52235,0.52195,0.522,0,0
2015-06-11,20:00:00,0.522,0.52228,0.52172,0.52198,0,0
2015-06-11,21:00:00,0.52195,0.52224,0.52179,0.52217,0,0
2015-06-11,22:00:00,0.52217,0.52224,0.52178,0.5218,0,0
2015-06-11,23:00:00,0.5218,0.52217,0.5218,0.52217,0,0
2015-06-11,23:59:00,0.52215,0.52218,0.52178,0.52203,0,0
2015-06-12,01:00:00,0.52203,0.52215,0.52168,0.52191,0,0
2015-06-12,02:00:00,0.52191,0.52201,0.52142,0.52151,0,0
2015-06-12,03:00:00,0.52146,0.52192,0.52143,0.52188,0,0
2015-06-12,04:00:00,0.52185,0.52198,0.5214,0.52151,0,0
2015-06-12,05:00:00,0.52142,0.522,0.52142,0.52188,0,0
2015-06-12,06:00:00,0.52187,0.52202,0.5216,0.5218,0,0
2015-06-12,07:00:00,0.52179,0.52286,0.52178,0.52233,0,0
2015-06-12,08:00:00,0.52235,0.52248,0.52216,0.52232,0,0
2015-06-12,09:00:00,0.52236,0.52244,0.5217,0.52183,0,0
2015-06-12,10:00:00,0.52184,0.52187,0.52113,0.5214,0,0
2015-06-12,11:00:00,0.52136,0.5227,0.5207,0.522,0,0
2015-06-12,12:00:00,0.522,0.52218,0.52107,0.52194,0,0
2015-06-12,13:00:00,0.52197,0.52206,0.52094,0.52107,0,0
2015-06-12,14:00:00,0.52108,0.5225,0.52099,0.52244,0,0
2015-06-12,15:00:00,0.52243,0.52249,0.52123,0.52179,0,0
2015-06-12,16:00:00,0.52177,0.52254,0.52169,0.52234,0,0
2015-06-12,17:00:00,0.52226,0.52238,0.52065,0.52097,0,0
2015-06-12,18:00:00,0.52103,0.52113,0.52023,0.52059,0,0
2015-06-12,19:00:00,0.52059,0.522,0.52041,0.5211,0,0
2015-06-12,20:00:00,0.52114,0.52114,0.52064,0.52068,0,0
2015-06-12,21:00:00,0.52065,0.52091,0.52027,0.52087,0,0
2015-06-12,22:00:00,0.52086,0.52121,0.52075,0.52083,0,0
2015-06-12,23:00:00,0.5208,0.5208,0.52071,0.52078,0,0
2015-06-15,01:00:00,0.52155,0.52158,0.52088,0.5211,0,0
2015-06-15,02:00:00,0.52107,0.52131,0.52098,0.52108,0,0
2015-06-15,03:00:00,0.52104,0.52111,0.52072,0.52076,0,0
2015-06-15,04:00:00,0.52078,0.52127,0.5207,0.52092,0,0
2015-06-15,05:00:00,0.52099,0.52131,0.52093,0.52113,0,0
2015-06-15,06:00:00,0.52112,0.52135,0.52104,0.52121,0,0
2015-06-15,07:00:00,0.52122,0.52155,0.52112,0.52127,0,0
2015-06-15,08:00:00,0.52127,0.52139,0.52102,0.52135,0,0
2015-06-15,09:00:00,0.52131,0.52171,0.52103,0.52131,0,0
2015-06-15,10:00:00,0.52128,0.52167,0.52084,0.52123,0,0
2015-06-15,11:00:00,0.52125,0.52165,0.52097,0.52161,0,0
2015-06-15,12:00:00,0.52153,0.52226,0.52147,0.52197,0,0
2015-06-15,13:00:00,0.52197,0.52241,0.52171,0.52203,0,0
2015-06-15,14:00:00,0.52203,0.52226,0.52181,0.52225,0,0
2015-06-15,15:00:00,0.52225,0.52229,0.52181,0.52181,0,0
2015-06-15,16:00:00,0.52181,0.52226,0.52168,0.52216,0,0
2015-06-15,17:00:00,0.52217,0.52232,0.52098,0.52106,0,0
2015-06-15,18:00:00,0.52103,0.52104,0.52044,0.52044,0,0
2015-06-15,19:00:00,0.52045,0.52069,0.5197,0.51987,0,0
2015-06-15,20:00:00,0.51988,0.51999,0.51925,0.51999,0,0
2015-06-15,21:00:00,0.51996,0.52014,0.51916,0.51926,0,0
2015-06-15,22:00:00,0.5193,0.51947,0.51914,0.51939,0,0
2015-06-15,23:00:00,0.51941,0.51953,0.51929,0.51938,0,0
2015-06-15,23:59:00,0.51936,0.51958,0.51901,0.51954,0,0
2015-06-16,01:00:00,0.51956,0.51956,0.51936,0.5194,0,0
2015-06-16,02:00:00,0.51941,0.51959,0.51934,0.51943,0,0
2015-06-16,03:00:00,0.51942,0.51966,0.51934,0.51957,0,0
2015-06-16,04:00:00,0.51956,0.51974,0.51792,0.51867,0,0
2015-06-16,05:00:00,0.51864,0.51873,0.51813,0.51863,0,0
2015-06-16,06:00:00,0.51861,0.51865,0.5183,0.51843,0,0
2015-06-16,07:00:00,0.51845,0.51854,0.5182,0.51836,0,0
2015-06-16,08:00:00,0.51836,0.51862,0.51829,0.51842,0,0
2015-06-16,09:00:00,0.51843,0.51896,0.51783,0.51783,0,0
2015-06-16,10:00:00,0.51779,0.51961,0.5177,0.51932,0,0
2015-06-16,11:00:00,0.51929,0.52056,0.51831,0.52048,0,0
2015-06-16,12:00:00,0.52052,0.52065,0.51963,0.51986,0,0
2015-06-16,13:00:00,0.51986,0.51989,0.51898,0.51946,0,0
2015-06-16,14:00:00,0.51945,0.51945,0.51775,0.51831,0,0
2015-06-16,15:00:00,0.51829,0.51906,0.51793,0.51883,0,0
2015-06-16,16:00:00,0.51883,0.51888,0.51816,0.51836,0,0
2015-06-16,17:00:00,0.5184,0.51888,0.51813,0.51839,0,0
2015-06-16,18:00:00,0.51847,0.51903,0.51831,0.51831,0,0
2015-06-16,19:00:00,0.51829,0.51856,0.51816,0.51828,0,0
2015-06-16,20:00:00,0.51829,0.51838,0.51793,0.51827,0,0
2015-06-16,21:00:00,0.51829,0.51829,0.51777,0.51797,0,0
2015-06-16,22:00:00,0.518,0.51818,0.51781,0.51818,0,0
2015-06-16,23:00:00,0.51817,0.51817,0.51781,0.51801,0,0
2015-06-16,23:59:00,0.51806,0.51809,0.51778,0.51794,0,0
2015-06-17,01:00:00,0.51794,0.51803,0.51784,0.51801,0,0
2015-06-17,02:00:00,0.51803,0.51808,0.51785,0.51791,0,0
2015-06-17,03:00:00,0.51793,0.51811,0.51789,0.51803,0,0
2015-06-17,04:00:00,0.51804,0.51821,0.51791,0.51815,0,0
2015-06-17,05:00:00,0.51814,0.51821,0.51776,0.51793,0,0
2015-06-17,06:00:00,0.51793,0.51814,0.51775,0.51788,0,0
2015-06-17,07:00:00,0.51788,0.51796,0.51781,0.51783,0,0
2015-06-17,08:00:00,0.51782,0.51782,0.51729,0.51764,0,0
2015-06-17,09:00:00,0.51762,0.51782,0.51729,0.51732,0,0
2015-06-17,10:00:00,0.51732,0.51753,0.51675,0.51723,0,0
2015-06-17,11:00:00,0.51725,0.51725,0.5132,0.51352,0,0
2015-06-17,12:00:00,0.51347,0.51371,0.5125,0.51266,0,0
2015-06-17,13:00:00,0.51268,0.51276,0.51221,0.5126,0,0
2015-06-17,14:00:00,0.51263,0.51334,0.51221,0.51328,0,0
2015-06-17,15:00:00,0.5132,0.51326,0.51225,0.51235,0,0
2015-06-17,16:00:00,0.51234,0.51276,0.51214,0.51233,0,0
2015-06-17,17:00:00,0.51228,0.51292,0.51215,0.51239,0,0
2015-06-17,18:00:00,0.51233,0.51286,0.51207,0.51251,0,0
2015-06-17,19:00:00,0.51246,0.51256,0.51189,0.51209,0,0
2015-06-17,20:00:00,0.5121,0.51227,0.51133,0.51133,0,0
2015-06-17,21:00:00,0.51119,0.51251,0.51119,0.51204,0,0
2015-06-17,22:00:00,0.51205,0.51231,0.51169,0.51177,0,0
2015-06-17,23:00:00,0.51171,0.51207,0.51156,0.51169,0,0
2015-06-17,23:59:00,0.51171,0.51197,0.51161,0.51177,0,0
2015-06-18,01:00:00,0.51177,0.51182,0.51142,0.5116,0,0
2015-06-18,02:00:00,0.51159,0.51165,0.51061,0.51062,0,0
2015-06-18,03:00:00,0.51062,0.51168,0.51062,0.51164,0,0
2015-06-18,04:00:00,0.51162,0.51242,0.51159,0.51226,0,0
2015-06-18,05:00:00,0.51225,0.51276,0.51195,0.51276,0,0
2015-06-18,06:00:00,0.51276,0.5128,0.51245,0.51266,0,0
2015-06-18,07:00:00,0.51267,0.51316,0.51261,0.51313,0,0
2015-06-18,08:00:00,0.5131,0.51416,0.51306,0.51405,0,0
2015-06-18,09:00:00,0.51406,0.51448,0.51358,0.51362,0,0
2015-06-18,10:00:00,0.51368,0.5137,0.51225,0.51225,0,0
2015-06-18,11:00:00,0.51235,0.51269,0.51159,0.51241,0,0
2015-06-18,12:00:00,0.51241,0.51312,0.51202,0.51254,0,0
2015-06-18,13:00:00,0.51256,0.5127,0.51212,0.5125,0,0
2015-06-18,14:00:00,0.51249,0.5126,0.51209,0.51222,0,0
2015-06-18,15:00:00,0.51222,0.51272,0.51196,0.51242,0,0
2015-06-18,16:00:00,0.51243,0.51277,0.51228,0.51239,0,0
2015-06-18,17:00:00,0.51233,0.51248,0.51148,0.51205,0,0
2015-06-18,18:00:00,0.512,0.51258,0.51194,0.51244,0,0
2015-06-18,19:00:00,0.5125,0.51274,0.5116,0.51222,0,0
2015-06-18,20:00:00,0.51222,0.51272,0.51209,0.51241,0,0
2015-06-18,21:00:00,0.51241,0.51247,0.51197,0.51212,0,0
2015-06-18,22:00:00,0.51205,0.5124,0.51194,0.51216,0,0
2015-06-18,23:00:00,0.51211,0.51228,0.51196,0.51215,0,0
2015-06-18,23:59:00,0.51205,0.51222,0.51203,0.5122,0,0
2015-06-19,01:00:00,0.5122,0.51232,0.51208,0.51227,0,0
2015-06-19,02:00:00,0.51227,0.5123,0.51182,0.512,0,0
2015-06-19,03:00:00,0.51199,0.51207,0.51166,0.512,0,0
2015-06-19,04:00:00,0.51199,0.51217,0.51188,0.51208,0,0
2015-06-19,05:00:00,0.51207,0.51224,0.51185,0.5119,0,0
2015-06-19,06:00:00,0.51191,0.51217,0.51156,0.51175,0,0
2015-06-19,07:00:00,0.51176,0.51197,0.51152,0.51183,0,0
2015-06-19,08:00:00,0.51183,0.51204,0.51153,0.51173,0,0
2015-06-19,09:00:00,0.51173,0.51208,0.51163,0.51201,0,0
2015-06-19,10:00:00,0.51199,0.51289,0.51199,0.51231,0,0
2015-06-19,11:00:00,0.51228,0.51277,0.51185,0.51277,0,0
2015-06-19,12:00:00,0.51283,0.51307,0.512,0.51254,0,0
2015-06-19,13:00:00,0.51252,0.5126,0.51197,0.51251,0,0
2015-06-19,14:00:00,0.51255,0.51281,0.51227,0.51247,0,0
2015-06-19,15:00:00,0.51249,0.51273,0.51194,0.51228,0,0
2015-06-19,16:00:00,0.51228,0.5135,0.51202,0.51332,0,0
2015-06-19,17:00:00,0.51324,0.51343,0.51278,0.51288,0,0
2015-06-19,18:00:00,0.51288,0.51345,0.51263,0.51325,0,0
2015-06-19,19:00:00,0.51323,0.51383,0.51322,0.51366,0,0
2015-06-19,20:00:00,0.51377,0.51383,0.51323,0.51361,0,0
2015-06-19,21:00:00,0.51364,0.51367,0.51325,0.5133,0,0
2015-06-19,22:00:00,0.51331,0.51355,0.51326,0.51333,0,0
2015-06-19,23:00:00,0.51332,0.51341,0.51328,0.51336,0,0
2015-06-22,01:00:00,0.51251,0.51314,0.51251,0.51306,0,0
2015-06-22,02:00:00,0.513,0.51325,0.51289,0.51315,0,0
2015-06-22,03:00:00,0.51313,0.51342,0.51286,0.51327,0,0
2015-06-22,04:00:00,0.51329,0.51351,0.51297,0.51299,0,0
2015-06-22,05:00:00,0.513,0.51312,0.51255,0.51255,0,0
2015-06-22,06:00:00,0.51251,0.51282,0.51243,0.51281,0,0
2015-06-22,07:00:00,0.5128,0.51287,0.51219,0.51236,0,0
2015-06-22,08:00:00,0.51235,0.51262,0.51229,0.51252,0,0
2015-06-22,09:00:00,0.51252,0.51266,0.51159,0.51185,0,0
2015-06-22,10:00:00,0.51185,0.51229,0.5113,0.51223,0,0
2015-06-22,11:00:00,0.51225,0.51264,0.51199,0.51212,0,0
2015-06-22,12:00:00,0.51215,0.51276,0.51185,0.51219,0,0
2015-06-22,13:00:00,0.51218,0.51307,0.51192,0.51302,0,0
2015-06-22,14:00:00,0.51301,0.51319,0.5123,0.51261,0,0
2015-06-22,15:00:00,0.5126,0.51379,0.5126,0.51338,0,0
2015-06-22,16:00:00,0.51339,0.51361,0.51276,0.51302,0,0
2015-06-22,17:00:00,0.51301,0.51315,0.51224,0.51307,0,0
2015-06-22,18:00:00,0.51309,0.51318,0.51244,0.51267,0,0
2015-06-22,19:00:00,0.51265,0.51278,0.51219,0.51224,0,0
2015-06-22,20:00:00,0.51231,0.51258,0.51199,0.5123,0,0
2015-06-22,21:00:00,0.51231,0.51231,0.51181,0.51204,0,0
2015-06-22,22:00:00,0.51204,0.51247,0.51193,0.51247,0,0
2015-06-22,23:00:00,0.51246,0.51249,0.51212,0.51227,0,0
2015-06-22,23:59:00,0.51224,0.51247,0.51206,0.51228,0,0
2015-06-23,01:00:00,0.51226,0.51235,0.51214,0.51219,0,0
2015-06-23,02:00:00,0.51218,0.5122,0.51191,0.51198,0,0
2015-06-23,03:00:00,0.51194,0.51225,0.51194,0.51206,0,0
2015-06-23,04:00:00,0.51205,0.51292,0.51169,0.51232,0,0
2015-06-23,05:00:00,0.51234,0.51304,0.51234,0.51254,0,0
2015-06-23,06:00:00,0.51257,0.51271,0.51233,0.51262,0,0
2015-06-23,07:00:00,0.51261,0.51284,0.51225,0.51231,0,0
2015-06-23,08:00:00,0.51231,0.51254,0.51214,0.51254,0,0
2015-06-23,09:00:00,0.5125,0.5126,0.51173,0.51175,0,0
2015-06-23,10:00:00,0.51178,0.51244,0.5115,0.51226,0,0
2015-06-23,11:00:00,0.51234,0.51284,0.51205,0.51215,0,0
2015-06-23,12:00:00,0.51211,0.51234,0.51168,0.51203,0,0
2015-06-23,13:00:00,0.51205,0.51256,0.51195,0.51239,0,0
2015-06-23,14:00:00,0.51239,0.51239,0.51174,0.51199,0,0
2015-06-23,15:00:00,0.512,0.51239,0.51181,0.51181,0,0
2015-06-23,16:00:00,0.51183,0.51242,0.51181,0.51188,0,0
2015-06-23,17:00:00,0.51182,0.51336,0.51182,0.51317,0,0
2015-06-23,18:00:00,0.5132,0.5134,0.51295,0.51325,0,0
2015-06-23,19:00:00,0.51326,0.51388,0.51325,0.51359,0,0
2015-06-23,20:00:00,0.5136,0.51389,0.51344,0.51378,0,0
2015-06-23,21:00:00,0.51378,0.5139,0.5133,0.51343,0,0
2015-06-23,22:00:00,0.5134,0.51351,0.513,0.51304,0,0
2015-06-23,23:00:00,0.51307,0.51323,0.51296,0.51298,0,0
2015-06-23,23:59:00,0.51294,0.51316,0.51287,0.51313,0,0
2015-06-24,01:00:00,0.51308,0.51317,0.51294,0.51302,0,0
2015-06-24,02:00:00,0.51302,0.51317,0.5129,0.51297,0,0
2015-06-24,03:00:00,0.51294,0.51324,0.51271,0.51292,0,0
2015-06-24,04:00:00,0.51291,0.51323,0.5127,0.51311,0,0
2015-06-24,05:00:00,0.5131,0.51332,0.51273,0.51273,0,0
2015-06-24,06:00:00,0.51273,0.51285,0.51259,0.51261,0,0
2015-06-24,07:00:00,0.51261,0.51276,0.51206,0.51217,0,0
2015-06-24,08:00:00,0.51217,0.51221,0.51145,0.5119,0,0
2015-06-24,09:00:00,0.51197,0.51226,0.51073,0.51074,0,0
2015-06-24,10:00:00,0.51073,0.51137,0.5105,0.51118,0,0
2015-06-24,11:00:00,0.51123,0.51145,0.5108,0.5112,0,0
2015-06-24,12:00:00,0.51117,0.51244,0.5109,0.51239,0,0
2015-06-24,13:00:00,0.51245,0.51262,0.51181,0.51215,0,0
2015-06-24,14:00:00,0.51219,0.51229,0.51189,0.51218,0,0
2015-06-24,15:00:00,0.51215,0.51286,0.51188,0.51197,0,0
2015-06-24,16:00:00,0.51198,0.512,0.51152,0.51174,0,0
2015-06-24,17:00:00,0.51178,0.51233,0.51148,0.51164,0,0
2015-06-24,18:00:00,0.51157,0.51335,0.51144,0.51331,0,0
2015-06-24,19:00:00,0.51331,0.51436,0.51328,0.51402,0,0
2015-06-24,20:00:00,0.51402,0.51458,0.51402,0.51441,0,0
2015-06-24,21:00:00,0.5144,0.51477,0.51421,0.51434,0,0
2015-06-24,22:00:00,0.51435,0.51448,0.51415,0.51434,0,0
2015-06-24,23:00:00,0.51434,0.51448,0.51382,0.5141,0,0
2015-06-24,23:59:00,0.51408,0.51419,0.51386,0.51388,0,0
2015-06-25,01:00:00,0.51389,0.51408,0.51378,0.51396,0,0
2015-06-25,02:00:00,0.51396,0.51415,0.51384,0.5141,0,0
2015-06-25,03:00:00,0.51407,0.51442,0.51391,0.51435,0,0
2015-06-25,04:00:00,0.51433,0.51441,0.51411,0.51434,0,0
2015-06-25,05:00:00,0.51436,0.51484,0.51432,0.51484,0,0
2015-06-25,06:00:00,0.51484,0.51548,0.51473,0.51522,0,0
2015-06-25,07:00:00,0.51524,0.51561,0.5152,0.51536,0,0
2015-06-25,08:00:00,0.51535,0.51583,0.51534,0.51574,0,0
2015-06-25,09:00:00,0.51566,0.51582,0.51462,0.51476,0,0
2015-06-25,10:00:00,0.51477,0.51494,0.51393,0.5144,0,0
2015-06-25,11:00:00,0.51442,0.51505,0.51406,0.51505,0,0
2015-06-25,12:00:00,0.51505,0.51681,0.51494,0.51638,0,0
2015-06-25,13:00:00,0.51628,0.51669,0.51435,0.51466,0,0
2015-06-25,14:00:00,0.51472,0.51504,0.51432,0.51445,0,0
2015-06-25,15:00:00,0.51441,0.51458,0.51374,0.51378,0,0
2015-06-25,16:00:00,0.51378,0.51404,0.51345,0.5136,0,0
2015-06-25,17:00:00,0.51358,0.51438,0.51351,0.51418,0,0
2015-06-25,18:00:00,0.51413,0.51444,0.51394,0.51433,0,0
2015-06-25,19:00:00,0.51433,0.51437,0.51411,0.51415,0,0
2015-06-25,20:00:00,0.51415,0.51436,0.51386,0.51399,0,0
2015-06-25,21:00:00,0.51399,0.51439,0.51395,0.51418,0,0
2015-06-25,22:00:00,0.5142,0.5143,0.51396,0.51407,0,0
2015-06-25,23:00:00,0.51407,0.51416,0.51361,0.51371,0,0
2015-06-25,23:59:00,0.51365,0.51374,0.51346,0.51373,0,0
2015-06-26,01:00:00,0.51375,0.51387,0.51353,0.51383,0,0
2015-06-26,02:00:00,0.51384,0.514,0.51377,0.51386,0,0
2015-06-26,03:00:00,0.51387,0.51459,0.51381,0.51439,0,0
2015-06-26,04:00:00,0.51438,0.51504,0.51414,0.51497,0,0
2015-06-26,05:00:00,0.51496,0.51537,0.51473,0.5152,0,0
2015-06-26,06:00:00,0.51519,0.51519,0.51467,0.51471,0,0
2015-06-26,07:00:00,0.51467,0.51494,0.5146,0.51492,0,0
2015-06-26,08:00:00,0.51492,0.5153,0.51485,0.51497,0,0
2015-06-26,09:00:00,0.51496,0.51504,0.51452,0.51472,0,0
2015-06-26,10:00:00,0.51471,0.51561,0.5142,0.5146,0,0
2015-06-26,11:00:00,0.51457,0.51478,0.51404,0.51444,0,0
2015-06-26,12:00:00,0.51446,0.51472,0.51428,0.51451,0,0
2015-06-26,13:00:00,0.51447,0.51547,0.5144,0.5148,0,0
2015-06-26,14:00:00,0.51476,0.51524,0.51422,0.51434,0,0
2015-06-26,15:00:00,0.51439,0.51444,0.51362,0.51371,0,0
2015-06-26,16:00:00,0.51381,0.51385,0.51253,0.51271,0,0
2015-06-26,17:00:00,0.51272,0.51317,0.51214,0.51293,0,0
2015-06-26,18:00:00,0.51293,0.51301,0.51236,0.51274,0,0
2015-06-26,19:00:00,0.51273,0.51314,0.51258,0.5131,0,0
2015-06-26,20:00:00,0.51311,0.51344,0.51283,0.51319,0,0
2015-06-26,21:00:00,0.51318,0.51352,0.51313,0.51327,0,0
2015-06-26,22:00:00,0.51325,0.51358,0.51305,0.51307,0,0
2015-06-26,23:00:00,0.51309,0.51316,0.51309,0.51313,0,0
2015-06-29,01:00:00,0.5192,0.52248,0.51848,0.51936,0,0
2015-06-29,02:00:00,0.51934,0.52001,0.51877,0.51989,0,0
2015-06-29,03:00:00,0.51988,0.52037,0.51714,0.51786,0,0
2015-06-29,04:00:00,0.51786,0.51792,0.51671,0.51692,0,0
2015-06-29,05:00:00,0.51685,0.51729,0.51671,0.51689,0,0
2015-06-29,06:00:00,0.51688,0.51796,0.51686,0.51773,0,0
2015-06-29,07:00:00,0.51773,0.51958,0.51762,0.51914,0,0
2015-06-29,08:00:00,0.51917,0.52037,0.51886,0.51953,0,0
2015-06-29,09:00:00,0.51955,0.52,0.51776,0.51834,0,0
2015-06-29,10:00:00,0.51834,0.51853,0.51723,0.5182,0,0
2015-06-29,11:00:00,0.51823,0.51899,0.51736,0.5179,0,0
2015-06-29,12:00:00,0.51789,0.5184,0.51743,0.51825,0,0
2015-06-29,13:00:00,0.51823,0.51883,0.51799,0.51874,0,0
2015-06-29,14:00:00,0.51871,0.51904,0.51747,0.51807,0,0
2015-06-29,15:00:00,0.51811,0.5185,0.51737,0.51741,0,0
2015-06-29,16:00:00,0.51742,0.51787,0.51696,0.51765,0,0
2015-06-29,17:00:00,0.51761,0.51817,0.51703,0.51787,0,0
2015-06-29,18:00:00,0.51785,0.51819,0.51686,0.51783,0,0
2015-06-29,19:00:00,0.51779,0.51951,0.51709,0.51878,0,0
2015-06-29,20:00:00,0.51879,0.51908,0.51799,0.51851,0,0
2015-06-29,21:00:00,0.51846,0.51914,0.51832,0.519,0,0
2015-06-29,22:00:00,0.519,0.51915,0.51841,0.5189,0,0
2015-06-29,23:00:00,0.51898,0.51901,0.51842,0.51851,0,0
2015-06-29,23:59:00,0.51854,0.51875,0.51839,0.5186,0,0
2015-06-30,01:00:00,0.51866,0.5189,0.51854,0.51876,0,0
2015-06-30,02:00:00,0.51876,0.51879,0.51824,0.51832,0,0
2015-06-30,03:00:00,0.51832,0.51928,0.51807,0.51914,0,0
2015-06-30,04:00:00,0.51918,0.51936,0.51895,0.51905,0,0
2015-06-30,05:00:00,0.51904,0.52032,0.51902,0.52026,0,0
2015-06-30,06:00:00,0.52026,0.52027,0.51928,0.51945,0,0
2015-06-30,07:00:00,0.51991,0.51999,0.51945,0.51984,0,0
2015-06-30,08:00:00,0.51989,0.5201,0.51965,0.52006,0,0
2015-06-30,09:00:00,0.52007,0.52054,0.51947,0.52045,0,0
2015-06-30,10:00:00,0.52042,0.52116,0.52005,0.52084,0,0
2015-06-30,11:00:00,0.52085,0.52138,0.52006,0.52122,0,0
2015-06-30,12:00:00,0.52123,0.52123,0.51907,0.51943,0,0
2015-06-30,13:00:00,0.51943,0.52029,0.51887,0.5197,0,0
2015-06-30,14:00:00,0.51972,0.52016,0.5193,0.51971,0,0
2015-06-30,15:00:00,0.5197,0.5197,0.51844,0.51845,0,0
2015-06-30,16:00:00,0.51846,0.5192,0.51809,0.5191,0,0
2015-06-30,17:00:00,0.51903,0.52005,0.51861,0.51965,0,0
2015-06-30,18:00:00,0.51965,0.52089,0.51943,0.5208,0,0
2015-06-30,19:00:00,0.52079,0.52158,0.52035,0.52077,0,0
2015-06-30,20:00:00,0.52078,0.5209,0.51938,0.51952,0,0
2015-06-30,21:00:00,0.51952,0.51999,0.51911,0.5196,0,0
2015-06-30,22:00:00,0.51964,0.52029,0.5192,0.51993,0,0
2015-06-30,23:00:00,0.51995,0.52026,0.51969,0.51972,0,0
2015-06-30,23:59:00,0.51973,0.52006,0.51959,0.51993,0,0
2015-07-01,01:00:00,0.51994,0.52092,0.51981,0.52085,0,0
2015-07-01,02:00:00,0.52085,0.52112,0.52057,0.52084,0,0
2015-07-01,03:00:00,0.52077,0.52102,0.51953,0.51986,0,0
2015-07-01,04:00:00,0.51985,0.52014,0.51958,0.51997,0,0
2015-07-01,05:00:00,0.52002,0.52035,0.51988,0.52034,0,0
2015-07-01,06:00:00,0.52032,0.52034,0.51997,0.52001,0,0
2015-07-01,07:00:00,0.52002,0.52011,0.51974,0.5199,0,0
2015-07-01,08:00:00,0.5199,0.5199,0.51921,0.51933,0,0
2015-07-01,09:00:00,0.51936,0.51959,0.51867,0.51919,0,0
2015-07-01,10:00:00,0.51922,0.51944,0.51862,0.51905,0,0
2015-07-01,11:00:00,0.51901,0.52072,0.51838,0.51984,0,0
2015-07-01,12:00:00,0.51977,0.52015,0.51872,0.51979,0,0
2015-07-01,13:00:00,0.51982,0.52019,0.51938,0.51955,0,0
2015-07-01,14:00:00,0.51952,0.51984,0.51923,0.51955,0,0
2015-07-01,15:00:00,0.51955,0.51965,0.51906,0.51953,0,0
2015-07-01,16:00:00,0.51949,0.51975,0.51917,0.51962,0,0
2015-07-01,17:00:00,0.51961,0.52036,0.51928,0.52031,0,0
2015-07-01,18:00:00,0.52032,0.52075,0.51982,0.5205,0,0
2015-07-01,19:00:00,0.52051,0.52074,0.52017,0.52039,0,0
2015-07-01,20:00:00,0.52044,0.52066,0.52021,0.52066,0,0
2015-07-01,21:00:00,0.52072,0.52072,0.52025,0.52039,0,0
2015-07-01,22:00:00,0.52037,0.52042,0.51985,0.51985,0,0
2015-07-01,23:00:00,0.51986,0.52011,0.51979,0.51983,0,0
2015-07-01,23:59:00,0.51982,0.52001,0.51982,0.51987,0,0
2015-07-02,01:00:00,0.51987,0.51997,0.51976,0.51989,0,0
2015-07-02,02:00:00,0.51989,0.51996,0.51951,0.51961,0,0
2015-07-02,03:00:00,0.51963,0.51976,0.51923,0.51937,0,0
2015-07-02,04:00:00,0.51933,0.51942,0.51911,0.51923,0,0
2015-07-02,05:00:00,0.5192,0.5194,0.51899,0.51927,0,0
2015-07-02,06:00:00,0.51927,0.51943,0.51914,0.51941,0,0
2015-07-02,07:00:00,0.51941,0.51946,0.51904,0.51917,0,0
2015-07-02,08:00:00,0.51916,0.51931,0.51899,0.51905,0,0
2015-07-02,09:00:00,0.51909,0.51956,0.51897,0.51937,0,0
2015-07-02,10:00:00,0.51937,0.51975,0.51909,0.51937,0,0
2015-07-02,11:00:00,0.51943,0.51949,0.51829,0.51881,0,0
2015-07-02,12:00:00,0.5189,0.51903,0.51856,0.51873,0,0
2015-07-02,13:00:00,0.51875,0.51943,0.51836,0.51927,0,0
2015-07-02,14:00:00,0.51931,0.51961,0.51881,0.51946,0,0
2015-07-02,15:00:00,0.51946,0.52037,0.51895,0.5202,0,0
2015-07-02,16:00:00,0.52025,0.52071,0.52018,0.52045,0,0
2015-07-02,17:00:00,0.5205,0.52078,0.52017,0.52058,0,0
2015-07-02,18:00:00,0.52068,0.52075,0.51998,0.52011,0,0
2015-07-02,19:00:00,0.52011,0.52034,0.52001,0.52027,0,0
2015-07-02,20:00:00,0.52028,0.52064,0.52019,0.52061,0,0
2015-07-02,21:00:00,0.52067,0.52086,0.52054,0.52084,0,0
2015-07-02,22:00:00,0.52084,0.52102,0.52064,0.52079,0,0
2015-07-02,23:00:00,0.52083,0.52089,0.52051,0.52055,0,0
2015-07-02,23:59:00,0.5206,0.52074,0.52044,0.52068,0,0
2015-07-03,01:00:00,0.52066,0.5207,0.52045,0.5206,0,0
2015-07-03,02:00:00,0.5206,0.52068,0.52049,0.52059,0,0
2015-07-03,03:00:00,0.52058,0.5214,0.52051,0.52085,0,0
2015-07-03,04:00:00,0.52085,0.52108,0.52071,0.52096,0,0
2015-07-03,05:00:00,0.52096,0.52105,0.52042,0.52042,0,0
2015-07-03,06:00:00,0.52042,0.52058,0.52027,0.52054,0,0
2015-07-03,07:00:00,0.52055,0.52073,0.52032,0.52036,0,0
2015-07-03,08:00:00,0.52039,0.52041,0.52002,0.52027,0,0
2015-07-03,09:00:00,0.52025,0.52052,0.52001,0.5204,0,0
2015-07-03,10:00:00,0.52047,0.52058,0.51999,0.52024,0,0
2015-07-03,11:00:00,0.52024,0.52033,0.51952,0.52004,0,0
2015-07-03,12:00:00,0.52007,0.52049,0.5199,0.52028,0,0
2015-07-03,13:00:00,0.52028,0.52047,0.52,0.52012,0,0
2015-07-03,14:00:00,0.52013,0.52073,0.52012,0.52057,0,0
2015-07-03,15:00:00,0.52059,0.52163,0.52059,0.52141,0,0
2015-07-03,16:00:00,0.52141,0.52263,0.52108,0.52237,0,0
2015-07-03,17:00:00,0.52237,0.52253,0.52175,0.52233,0,0
2015-07-03,18:00:00,0.52229,0.5238,0.522,0.5235,0,0
2015-07-03,19:00:00,0.5235,0.52354,0.52264,0.52267,0,0
2015-07-03,20:00:00,0.52257,0.52329,0.52248,0.52282,0,0
2015-07-03,21:00:00,0.52282,0.52298,0.52218,0.52227,0,0
2015-07-03,22:00:00,0.52228,0.52311,0.52221,0.52276,0,0
2015-07-03,23:00:00,0.52276,0.52276,0.52259,0.5226,0,0
2015-07-06,01:00:00,0.5272,0.52771,0.52453,0.52507,0,0
2015-07-06,02:00:00,0.5251,0.52548,0.52502,0.52529,0,0
2015-07-06,03:00:00,0.52529,0.52532,0.52432,0.52492,0,0
2015-07-06,04:00:00,0.52492,0.52503,0.52374,0.52389,0,0
2015-07-06,05:00:00,0.52381,0.52466,0.52372,0.52451,0,0
2015-07-06,06:00:00,0.52445,0.52489,0.52423,0.52475,0,0
2015-07-06,07:00:00,0.52476,0.52562,0.52472,0.52544,0,0
2015-07-06,08:00:00,0.52545,0.52603,0.52351,0.52398,0,0
2015-07-06,09:00:00,0.52398,0.52432,0.52332,0.52426,0,0
2015-07-06,10:00:00,0.52423,0.52532,0.52336,0.52364,0,0
2015-07-06,11:00:00,0.52364,0.52483,0.52343,0.52427,0,0
2015-07-06,12:00:00,0.52429,0.52447,0.52369,0.52374,0,0
2015-07-06,13:00:00,0.52374,0.52431,0.52333,0.52352,0,0
2015-07-06,14:00:00,0.52352,0.52389,0.52284,0.5238,0,0
2015-07-06,15:00:00,0.52379,0.52444,0.52371,0.52425,0,0
2015-07-06,16:00:00,0.52426,0.52469,0.52387,0.52387,0,0
2015-07-06,17:00:00,0.52402,0.52407,0.52176,0.5225,0,0
2015-07-06,18:00:00,0.52258,0.52328,0.52219,0.5225,0,0
2015-07-06,19:00:00,0.5225,0.52272,0.52201,0.52243,0,0
2015-07-06,20:00:00,0.52241,0.52328,0.52231,0.52324,0,0
2015-07-06,21:00:00,0.52324,0.5237,0.52312,0.52345,0,0
2015-07-06,22:00:00,0.52343,0.52345,0.52304,0.52315,0,0
2015-07-06,23:00:00,0.52316,0.52317,0.52271,0.5228,0,0
2015-07-06,23:59:00,0.52281,0.52297,0.52269,0.52286,0,0
2015-07-07,01:00:00,0.52283,0.52292,0.52266,0.52273,0,0
2015-07-07,02:00:00,0.52272,0.52285,0.52261,0.52261,0,0
2015-07-07,03:00:00,0.52261,0.52272,0.52194,0.52213,0,0
2015-07-07,04:00:00,0.52214,0.52269,0.52214,0.52266,0,0
2015-07-07,05:00:00,0.52264,0.52298,0.5226,0.52281,0,0
2015-07-07,06:00:00,0.52281,0.52313,0.52277,0.52294,0,0
2015-07-07,07:00:00,0.52294,0.52321,0.52285,0.52287,0,0
2015-07-07,08:00:00,0.52288,0.52313,0.52252,0.52259,0,0
2015-07-07,09:00:00,0.52258,0.52368,0.52244,0.52342,0,0
2015-07-07,10:00:00,0.52338,0.52432,0.52331,0.5242,0,0
2015-07-07,11:00:00,0.52416,0.52592,0.52376,0.52569,0,0
2015-07-07,12:00:00,0.52574,0.52695,0.52563,0.52636,0,0
2015-07-07,13:00:00,0.52637,0.52844,0.52636,0.52795,0,0
2015-07-07,14:00:00,0.52799,0.52931,0.52787,0.52895,0,0
2015-07-07,15:00:00,0.52893,0.52951,0.5283,0.52908,0,0
2015-07-07,16:00:00,0.52905,0.5294,0.52859,0.52924,0,0
2015-07-07,17:00:00,0.52917,0.53095,0.52902,0.53064,0,0
2015-07-07,18:00:00,0.5307,0.53122,0.52995,0.52995,0,0
2015-07-07,19:00:00,0.52991,0.53083,0.52991,0.53009,0,0
2015-07-07,20:00:00,0.53014,0.53032,0.5289,0.52897,0,0
2015-07-07,21:00:00,0.52895,0.52924,0.52857,0.52886,0,0
2015-07-07,22:00:00,0.52889,0.52889,0.52681,0.52738,0,0
2015-07-07,23:00:00,0.52738,0.52796,0.52724,0.52779,0,0
2015-07-07,23:59:00,0.52781,0.5285,0.52766,0.52824,0,0
2015-07-08,01:00:00,0.52831,0.52843,0.52799,0.5281,0,0
2015-07-08,02:00:00,0.52804,0.52813,0.52772,0.52782,0,0
2015-07-08,03:00:00,0.52782,0.5292,0.52779,0.52914,0,0
2015-07-08,04:00:00,0.52912,0.53108,0.52908,0.53003,0,0
2015-07-08,05:00:00,0.53009,0.53051,0.52959,0.53012,0,0
2015-07-08,06:00:00,0.53013,0.53129,0.53013,0.53078,0,0
2015-07-08,07:00:00,0.53079,0.53134,0.53004,0.53115,0,0
2015-07-08,08:00:00,0.53108,0.53108,0.5302,0.53032,0,0
2015-07-08,09:00:00,0.53037,0.53239,0.53037,0.53236,0,0
2015-07-08,10:00:00,0.53241,0.53429,0.53229,0.53272,0,0
2015-07-08,11:00:00,0.53272,0.53413,0.5323,0.53357,0,0
2015-07-08,12:00:00,0.53362,0.53435,0.53353,0.53415,0,0
2015-07-08,13:00:00,0.53414,0.53618,0.53407,0.53559,0,0
2015-07-08,14:00:00,0.53556,0.53574,0.5345,0.53553,0,0
2015-07-08,15:00:00,0.53553,0.53641,0.53541,0.53589,0,0
2015-07-08,16:00:00,0.53595,0.53761,0.53583,0.53739,0,0
2015-07-08,17:00:00,0.5374,0.53843,0.53729,0.53808,0,0
2015-07-08,18:00:00,0.5381,0.54052,0.53804,0.54038,0,0
2015-07-08,19:00:00,0.54035,0.54045,0.53925,0.54004,0,0
2015-07-08,20:00:00,0.54004,0.54038,0.53931,0.53968,0,0
2015-07-08,21:00:00,0.53971,0.54041,0.53915,0.53995,0,0
2015-07-08,22:00:00,0.53991,0.54034,0.53902,0.53962,0,0
2015-07-08,23:00:00,0.53959,0.53967,0.53884,0.53931,0,0
2015-07-08,23:59:00,0.53923,0.5396,0.53914,0.53953,0,0
2015-07-09,01:00:00,0.53964,0.54006,0.53907,0.53913,0,0
2015-07-09,02:00:00,0.53912,0.53917,0.53832,0.53833,0,0
2015-07-09,03:00:00,0.53829,0.53979,0.53823,0.53922,0,0
2015-07-09,04:00:00,0.53921,0.53924,0.53794,0.53828,0,0
2015-07-09,05:00:00,0.53815,0.53821,0.53621,0.53713,0,0
2015-07-09,06:00:00,0.53713,0.5372,0.53611,0.53672,0,0
2015-07-09,07:00:00,0.53672,0.53679,0.53578,0.53578,0,0
2015-07-09,08:00:00,0.53576,0.5358,0.53387,0.53438,0,0
2015-07-09,09:00:00,0.5344,0.53536,0.53376,0.53484,0,0
2015-07-09,10:00:00,0.53485,0.53603,0.53462,0.53579,0,0
2015-07-09,11:00:00,0.53583,0.53611,0.53468,0.53533,0,0
2015-07-09,12:00:00,0.53533,0.536,0.53482,0.535,0,0
2015-07-09,13:00:00,0.53499,0.53601,0.53481,0.53514,0,0
2015-07-09,14:00:00,0.53526,0.53556,0.53426,0.53449,0,0
2015-07-09,15:00:00,0.53446,0.53554,0.53412,0.53492,0,0
2015-07-09,16:00:00,0.53491,0.53578,0.53466,0.53567,0,0
2015-07-09,17:00:00,0.53566,0.53571,0.53504,0.53571,0,0
2015-07-09,18:00:00,0.53571,0.53659,0.53553,0.53657,0,0
2015-07-09,19:00:00,0.53652,0.53696,0.53633,0.53689,0,0
2015-07-09,20:00:00,0.53682,0.53736,0.53662,0.53685,0,0
2015-07-09,21:00:00,0.53686,0.5371,0.53643,0.53652,0,0
2015-07-09,22:00:00,0.53648,0.53661,0.53569,0.53606,0,0
2015-07-09,23:00:00,0.53608,0.53624,0.5357,0.53585,0,0
2015-07-09,23:59:00,0.53582,0.53609,0.53506,0.53506,0,0
2015-07-10,01:00:00,0.53525,0.5353,0.5337,0.53405,0,0
2015-07-10,02:00:00,0.53405,0.53472,0.53398,0.53454,0,0
2015-07-10,03:00:00,0.53453,0.53544,0.53435,0.53449,0,0
2015-07-10,04:00:00,0.5345,0.53454,0.53303,0.5332,0,0
2015-07-10,05:00:00,0.53324,0.53363,0.53227,0.53243,0,0
2015-07-10,06:00:00,0.53246,0.53284,0.53234,0.5326,0,0
2015-07-10,07:00:00,0.53259,0.53356,0.53231,0.53322,0,0
2015-07-10,08:00:00,0.53322,0.53354,0.53195,0.53223,0,0
2015-07-10,09:00:00,0.53234,0.53266,0.53177,0.53256,0,0
2015-07-10,10:00:00,0.53256,0.53291,0.52971,0.52979,0,0
2015-07-10,11:00:00,0.52978,0.53028,0.5295,0.52972,0,0
2015-07-10,12:00:00,0.52976,0.52996,0.52728,0.52797,0,0
2015-07-10,13:00:00,0.52804,0.52814,0.5264,0.52654,0,0
2015-07-10,14:00:00,0.52655,0.52694,0.52527,0.52684,0,0
2015-07-10,15:00:00,0.52686,0.52693,0.52601,0.5261,0,0
2015-07-10,16:00:00,0.52606,0.52636,0.52554,0.52558,0,0
2015-07-10,17:00:00,0.52556,0.52605,0.5252,0.52557,0,0
2015-07-10,18:00:00,0.52563,0.52666,0.52534,0.52554,0,0
2015-07-10,19:00:00,0.52554,0.52604,0.52545,0.52586,0,0
2015-07-10,20:00:00,0.52583,0.52638,0.5254,0.5254,0,0
2015-07-10,21:00:00,0.52547,0.52559,0.5249,0.52504,0,0
2015-07-10,22:00:00,0.52506,0.52521,0.52466,0.52479,0,0
2015-07-10,23:00:00,0.52474,0.52501,0.52474,0.52494,0,0
2015-07-13,01:00:00,0.52556,0.52672,0.52528,0.52665,0,0
2015-07-13,02:00:00,0.52667,0.52693,0.52581,0.52615,0,0
2015-07-13,03:00:00,0.52619,0.5267,0.52597,0.5264,0,0
2015-07-13,04:00:00,0.5264,0.52692,0.52633,0.52652,0,0
2015-07-13,05:00:00,0.52655,0.52683,0.52591,0.52591,0,0
2015-07-13,06:00:00,0.52583,0.52622,0.52506,0.52595,0,0
2015-07-13,07:00:00,0.52592,0.52674,0.5257,0.52638,0,0
2015-07-13,08:00:00,0.52633,0.52648,0.52566,0.52569,0,0
2015-07-13,09:00:00,0.52569,0.52632,0.52256,0.52286,0,0
2015-07-13,10:00:00,0.5229,0.52378,0.52154,0.52261,0,0
2015-07-13,11:00:00,0.52259,0.5227,0.52156,0.52171,0,0
2015-07-13,12:00:00,0.52168,0.52195,0.51993,0.52021,0,0
2015-07-13,13:00:00,0.52023,0.5209,0.52,0.52086,0,0
2015-07-13,14:00:00,0.52092,0.52179,0.52083,0.52168,0,0
2015-07-13,15:00:00,0.52165,0.52226,0.52146,0.5217,0,0
2015-07-13,16:00:00,0.52171,0.52183,0.52124,0.52147,0,0
2015-07-13,17:00:00,0.52142,0.52176,0.52106,0.52166,0,0
2015-07-13,18:00:00,0.52169,0.52259,0.52146,0.52243,0,0
2015-07-13,19:00:00,0.52244,0.523,0.5221,0.52264,0,0
2015-07-13,20:00:00,0.5226,0.52353,0.52258,0.52321,0,0
2015-07-13,21:00:00,0.52317,0.52325,0.52291,0.52312,0,0
2015-07-13,22:00:00,0.52315,0.52332,0.52306,0.52306,0,0
2015-07-13,23:00:00,0.52307,0.52327,0.52287,0.52312,0,0
2015-07-13,23:59:00,0.52316,0.52325,0.52294,0.52296,0,0
2015-07-14,01:00:00,0.52297,0.52316,0.52245,0.52245,0,0
2015-07-14,02:00:00,0.52245,0.5228,0.52232,0.52264,0,0
2015-07-14,03:00:00,0.52263,0.52272,0.52211,0.52244,0,0
2015-07-14,04:00:00,0.52245,0.52296,0.52231,0.52284,0,0
2015-07-14,05:00:00,0.52284,0.52322,0.52256,0.52289,0,0
2015-07-14,06:00:00,0.52289,0.52311,0.52276,0.52299,0,0
2015-07-14,07:00:00,0.52299,0.52308,0.52276,0.52292,0,0
2015-07-14,08:00:00,0.52291,0.52432,0.52291,0.52404,0,0
2015-07-14,09:00:00,0.52404,0.52471,0.52374,0.52384,0,0
2015-07-14,10:00:00,0.52384,0.52426,0.52338,0.52387,0,0
2015-07-14,11:00:00,0.52386,0.52464,0.52352,0.52382,0,0
2015-07-14,12:00:00,0.52372,0.52374,0.51925,0.51994,0,0
2015-07-14,13:00:00,0.51999,0.52041,0.5196,0.5203,0,0
2015-07-14,14:00:00,0.52037,0.52062,0.52002,0.52057,0,0
2015-07-14,15:00:00,0.52053,0.52116,0.51978,0.52061,0,0
2015-07-14,16:00:00,0.52063,0.5208,0.52027,0.52051,0,0
2015-07-14,17:00:00,0.52048,0.52098,0.52024,0.52037,0,0
2015-07-14,18:00:00,0.52038,0.52044,0.5198,0.52004,0,0
2015-07-14,19:00:00,0.52004,0.52043,0.51993,0.52015,0,0
2015-07-14,20:00:00,0.52014,0.52031,0.51877,0.51877,0,0
2015-07-14,21:00:00,0.51872,0.51899,0.51849,0.5186,0,0
2015-07-14,22:00:00,0.51857,0.51879,0.51838,0.5184,0,0
2015-07-14,23:00:00,0.5184,0.5186,0.51824,0.51832,0,0
2015-07-14,23:59:00,0.51829,0.5185,0.51822,0.51848,0,0
2015-07-15,01:00:00,0.51848,0.51857,0.51826,0.51855,0,0
2015-07-15,02:00:00,0.51855,0.51869,0.51847,0.51858,0,0
2015-07-15,03:00:00,0.51857,0.51898,0.51806,0.51827,0,0
2015-07-15,04:00:00,0.51828,0.5184,0.51771,0.51782,0,0
2015-07-15,05:00:00,0.51791,0.51791,0.5175,0.51776,0,0
2015-07-15,06:00:00,0.51777,0.51816,0.5177,0.51778,0,0
2015-07-15,07:00:00,0.51775,0.51809,0.51772,0.51792,0,0
2015-07-15,08:00:00,0.51791,0.51806,0.51763,0.51767,0,0
2015-07-15,09:00:00,0.5177,0.51784,0.51697,0.51697,0,0
2015-07-15,10:00:00,0.51692,0.51736,0.51646,0.5171,0,0
2015-07-15,11:00:00,0.51712,0.51841,0.51657,0.51738,0,0
2015-07-15,12:00:00,0.51736,0.5185,0.51713,0.51813,0,0
2015-07-15,13:00:00,0.51814,0.51816,0.51736,0.51773,0,0
2015-07-15,14:00:00,0.51774,0.51837,0.51766,0.51818,0,0
2015-07-15,15:00:00,0.51817,0.51866,0.51723,0.51782,0,0
2015-07-15,16:00:00,0.51779,0.51811,0.51751,0.51794,0,0
2015-07-15,17:00:00,0.51791,0.518,0.51672,0.51678,0,0
2015-07-15,18:00:00,0.51675,0.51704,0.51639,0.51676,0,0
2015-07-15,19:00:00,0.51676,0.51695,0.51609,0.5165,0,0
2015-07-15,20:00:00,0.51652,0.51672,0.51623,0.51634,0,0
2015-07-15,21:00:00,0.51634,0.51744,0.51625,0.51717,0,0
2015-07-15,22:00:00,0.51717,0.51732,0.5165,0.5165,0,0
2015-07-15,23:00:00,0.51653,0.51679,0.51638,0.51659,0,0
2015-07-15,23:59:00,0.51663,0.51695,0.51646,0.51677,0,0
2015-07-16,01:00:00,0.51672,0.51677,0.51585,0.51591,0,0
2015-07-16,02:00:00,0.51593,0.51656,0.51582,0.51643,0,0
2015-07-16,03:00:00,0.51639,0.51656,0.51625,0.51645,0,0
2015-07-16,04:00:00,0.51643,0.51724,0.51629,0.51664,0,0
2015-07-16,05:00:00,0.51662,0.51694,0.51641,0.51667,0,0
2015-07-16,06:00:00,0.51666,0.51717,0.51657,0.51689,0,0
2015-07-16,07:00:00,0.51688,0.51721,0.51672,0.51694,0,0
2015-07-16,08:00:00,0.51694,0.51719,0.51674,0.51684,0,0
2015-07-16,09:00:00,0.51682,0.51708,0.51651,0.51663,0,0
2015-07-16,10:00:00,0.51667,0.51696,0.51579,0.51657,0,0
2015-07-16,11:00:00,0.51658,0.51709,0.51637,0.51671,0,0
2015-07-16,12:00:00,0.51672,0.51683,0.51623,0.51661,0,0
2015-07-16,13:00:00,0.51661,0.51665,0.51603,0.51629,0,0
2015-07-16,14:00:00,0.5163,0.51801,0.51619,0.51767,0,0
2015-07-16,15:00:00,0.51767,0.51778,0.51655,0.51681,0,0
2015-07-16,16:00:00,0.51679,0.51708,0.51642,0.51688,0,0
2015-07-16,17:00:00,0.51684,0.51747,0.51659,0.51706,0,0
2015-07-16,18:00:00,0.51708,0.51713,0.51638,0.51679,0,0
2015-07-16,19:00:00,0.51679,0.51687,0.51622,0.51638,0,0
2015-07-16,20:00:00,0.51639,0.51642,0.51604,0.51622,0,0
2015-07-16,21:00:00,0.5162,0.51629,0.51562,0.51621,0,0
2015-07-16,22:00:00,0.51618,0.51635,0.51598,0.51615,0,0
2015-07-16,23:00:00,0.51618,0.5163,0.51599,0.51601,0,0
2015-07-16,23:59:00,0.51601,0.51621,0.51592,0.51621,0,0
2015-07-17,01:00:00,0.5162,0.5162,0.51602,0.51602,0,0
2015-07-17,02:00:00,0.51602,0.51616,0.51586,0.51587,0,0
2015-07-17,03:00:00,0.51589,0.51607,0.51579,0.51596,0,0
2015-07-17,04:00:00,0.51596,0.51606,0.51569,0.51576,0,0
2015-07-17,05:00:00,0.51576,0.51582,0.51523,0.51557,0,0
2015-07-17,06:00:00,0.51557,0.51568,0.51549,0.51564,0,0
2015-07-17,07:00:00,0.51564,0.51586,0.51551,0.51556,0,0
2015-07-17,08:00:00,0.51561,0.51594,0.51556,0.51566,0,0
2015-07-17,09:00:00,0.51563,0.51567,0.51445,0.51471,0,0
2015-07-17,10:00:00,0.51471,0.51537,0.51465,0.51481,0,0
2015-07-17,11:00:00,0.51487,0.51537,0.51481,0.51515,0,0
2015-07-17,12:00:00,0.51514,0.51582,0.5148,0.51562,0,0
2015-07-17,13:00:00,0.51559,0.51658,0.51558,0.51656,0,0
2015-07-17,14:00:00,0.51667,0.51679,0.51596,0.51657,0,0
2015-07-17,15:00:00,0.51657,0.51776,0.51657,0.5172,0,0
2015-07-17,16:00:00,0.51717,0.51831,0.51684,0.51752,0,0
2015-07-17,17:00:00,0.51759,0.51807,0.51555,0.51599,0,0
2015-07-17,18:00:00,0.51603,0.51639,0.51572,0.51616,0,0
2015-07-17,19:00:00,0.51613,0.51613,0.51571,0.51588,0,0
2015-07-17,20:00:00,0.51591,0.51666,0.51574,0.51655,0,0
2015-07-17,21:00:00,0.51655,0.51655,0.51611,0.51613,0,0
2015-07-17,22:00:00,0.51614,0.51648,0.51614,0.51648,0,0
2015-07-17,23:00:00,0.51648,0.51648,0.51644,0.51646,0,0
2015-07-20,01:00:00,0.51624,0.51653,0.51618,0.51635,0,0
2015-07-20,02:00:00,0.51635,0.51646,0.5161,0.51623,0,0
2015-07-20,03:00:00,0.51626,0.51636,0.51612,0.51625,0,0
2015-07-20,04:00:00,0.51625,0.5167,0.51623,0.51664,0,0
2015-07-20,05:00:00,0.51661,0.5167,0.51644,0.51668,0,0
2015-07-20,06:00:00,0.51668,0.51675,0.51643,0.5165,0,0
2015-07-20,07:00:00,0.51645,0.51669,0.51637,0.51651,0,0
2015-07-20,08:00:00,0.51651,0.51653,0.51633,0.51646,0,0
2015-07-20,09:00:00,0.51649,0.51672,0.51563,0.51579,0,0
2015-07-20,10:00:00,0.51563,0.51627,0.51555,0.51623,0,0
2015-07-20,11:00:00,0.51615,0.51682,0.51601,0.51666,0,0
2015-07-20,12:00:00,0.51678,0.51778,0.51641,0.51722,0,0
2015-07-20,13:00:00,0.51754,0.51772,0.5167,0.51718,0,0
2015-07-20,14:00:00,0.51719,0.518,0.51674,0.51751,0,0
2015-07-20,15:00:00,0.51747,0.51759,0.51653,0.51686,0,0
2015-07-20,16:00:00,0.51714,0.51722,0.51624,0.51705,0,0
2015-07-20,17:00:00,0.51693,0.51727,0.51627,0.51627,0,0
2015-07-20,18:00:00,0.51619,0.51646,0.51575,0.51636,0,0
2015-07-20,19:00:00,0.51643,0.51654,0.51601,0.51648,0,0
2015-07-20,20:00:00,0.51643,0.51684,0.51631,0.5167,0,0
2015-07-20,21:00:00,0.5167,0.5169,0.51654,0.51683,0,0
2015-07-20,22:00:00,0.51679,0.51714,0.51677,0.51678,0,0
2015-07-20,23:00:00,0.51679,0.51716,0.51677,0.51704,0,0
2015-07-20,23:59:00,0.51698,0.51717,0.51655,0.51699,0,0
