Date,Time,Open,High,Low,Close,Volume,OpenInt
2015-04-22,01:00:00,3.10248,3.10532,3.10241,3.10304,0,0
2015-04-22,02:00:00,3.10304,3.106,3.10095,3.10483,0,0
2015-04-22,03:00:00,3.1048,3.10945,3.1048,3.10914,0,0
2015-04-22,04:00:00,3.1091,3.10993,3.10701,3.10939,0,0
2015-04-22,05:00:00,3.10942,3.10969,3.10575,3.10758,0,0
2015-04-22,06:00:00,3.10752,3.1093,3.10726,3.10872,0,0
2015-04-22,07:00:00,3.10872,3.10938,3.10608,3.10788,0,0
2015-04-22,08:00:00,3.10788,3.11161,3.10652,3.10715,0,0
2015-04-22,09:00:00,3.10725,3.10983,3.09741,3.10097,0,0
2015-04-22,10:00:00,3.10096,3.10768,3.09714,3.10705,0,0
2015-04-22,11:00:00,3.10698,3.11424,3.10233,3.10873,0,0
2015-04-22,12:00:00,3.10883,3.11317,3.10449,3.10697,0,0
2015-04-22,13:00:00,3.10699,3.11147,3.10491,3.10848,0,0
2015-04-22,14:00:00,3.10931,3.11421,3.10736,3.11362,0,0
2015-04-22,15:00:00,3.11353,3.11924,3.1106,3.11517,0,0
2015-04-22,16:00:00,3.11497,3.12046,3.10949,3.10949,0,0
2015-04-22,17:00:00,3.10912,3.1136,3.10381,3.1077,0,0
2015-04-22,18:00:00,3.10775,3.10874,3.1,3.10345,0,0
2015-04-22,19:00:00,3.10337,3.10652,3.10068,3.10068,0,0
2015-04-22,20:00:00,3.10082,3.10319,3.09921,3.10177,0,0
2015-04-22,21:00:00,3.10173,3.10173,3.09822,3.09904,0,0
2015-04-22,22:00:00,3.09933,3.10111,3.09691,3.10026,0,0
2015-04-22,23:00:00,3.10024,3.10317,3.10004,3.10102,0,0
2015-04-22,23:59:00,3.10109,3.10236,3.09967,3.10158,0,0
2015-04-23,01:00:00,3.10158,3.1028,3.10005,3.10127,0,0
2015-04-23,02:00:00,3.10163,3.10279,3.10018,3.10274,0,0
2015-04-23,03:00:00,3.1028,3.10689,3.10174,3.10595,0,0
2015-04-23,04:00:00,3.10598,3.10999,3.10535,3.10769,0,0
2015-04-23,05:00:00,3.10784,3.11007,3.10696,3.1081,0,0
2015-04-23,06:00:00,3.10835,3.10978,3.10624,3.10824,0,0
2015-04-23,07:00:00,3.10822,3.11424,3.10592,3.11318,0,0
2015-04-23,08:00:00,3.11313,3.11329,3.10701,3.1082,0,0
2015-04-23,09:00:00,3.1078,3.12053,3.10741,3.11949,0,0
2015-04-23,10:00:00,3.11977,3.12837,3.11679,3.12413,0,0
2015-04-23,11:00:00,3.12399,3.12753,3.11226,3.11373,0,0
2015-04-23,12:00:00,3.1134,3.11518,3.10741,3.10904,0,0
2015-04-23,13:00:00,3.10936,3.11566,3.10783,3.11416,0,0
2015-04-23,14:00:00,3.11456,3.11566,3.10426,3.10638,0,0
2015-04-23,15:00:00,3.1057,3.11461,3.10484,3.10906,0,0
2015-04-23,16:00:00,3.10918,3.1133,3.10364,3.10558,0,0
2015-04-23,17:00:00,3.1065,3.10885,3.0909,3.09727,0,0
2015-04-23,18:00:00,3.09719,3.10034,3.09442,3.09716,0,0
2015-04-23,19:00:00,3.09725,3.09725,3.08658,3.09049,0,0
2015-04-23,20:00:00,3.09047,3.09329,3.08622,3.08998,0,0
2015-04-23,21:00:00,3.08986,3.09291,3.08688,3.0919,0,0
2015-04-23,22:00:00,3.09134,3.09307,3.09036,3.09189,0,0
2015-04-23,23:00:00,3.09182,3.09316,3.08956,3.0902,0,0
2015-04-23,23:59:00,3.08942,3.09177,3.08942,3.09074,0,0
2015-04-24,01:00:00,3.09077,3.09154,3.08961,3.09112,0,0
2015-04-24,02:00:00,3.0914,3.0936,3.09031,3.09334,0,0
2015-04-24,03:00:00,3.09339,3.09646,3.0916,3.09193,0,0
2015-04-24,04:00:00,3.09193,3.09587,3.09013,3.09484,0,0
2015-04-24,05:00:00,3.09486,3.09895,3.09462,3.09866,0,0
2015-04-24,06:00:00,3.09873,3.10142,3.09851,3.09976,0,0
2015-04-24,07:00:00,3.09967,3.09997,3.0963,3.09665,0,0
2015-04-24,08:00:00,3.09654,3.09773,3.09374,3.09563,0,0
2015-04-24,09:00:00,3.09542,3.09896,3.08965,3.0929,0,0
2015-04-24,10:00:00,3.09293,3.09681,3.08483,3.0886,0,0
2015-04-24,11:00:00,3.0888,3.08998,3.08032,3.08784,0,0
2015-04-24,12:00:00,3.08774,3.09135,3.08227,3.09011,0,0
2015-04-24,13:00:00,3.09016,3.10325,3.09014,3.10096,0,0
2015-04-24,14:00:00,3.10105,3.10602,3.09557,3.10108,0,0
2015-04-24,15:00:00,3.10105,3.10342,3.09317,3.10145,0,0
2015-04-24,16:00:00,3.10146,3.11887,3.09698,3.1169,0,0
2015-04-24,17:00:00,3.11671,3.12667,3.11126,3.11411,0,0
2015-04-24,18:00:00,3.11402,3.12363,3.10995,3.11639,0,0
2015-04-24,19:00:00,3.11672,3.12814,3.11523,3.12663,0,0
2015-04-24,20:00:00,3.12692,3.13155,3.12442,3.12775,0,0
2015-04-24,21:00:00,3.12893,3.13326,3.12738,3.13009,0,0
2015-04-24,22:00:00,3.13007,3.13027,3.1255,3.12566,0,0
2015-04-24,23:00:00,3.12554,3.12602,3.12549,3.12591,0,0
2015-04-27,01:00:00,3.1228,3.12307,3.12015,3.12239,0,0
2015-04-27,02:00:00,3.1224,3.12321,3.12027,3.12147,0,0
2015-04-27,03:00:00,3.12171,3.12653,3.11981,3.12037,0,0
2015-04-27,04:00:00,3.12016,3.12139,3.11924,3.12104,0,0
2015-04-27,05:00:00,3.12096,3.12413,3.12096,3.12294,0,0
2015-04-27,06:00:00,3.12292,3.13048,3.122,3.12846,0,0
2015-04-27,07:00:00,3.12846,3.12874,3.1216,3.12181,0,0
2015-04-27,08:00:00,3.12181,3.12363,3.11943,3.12228,0,0
2015-04-27,09:00:00,3.12231,3.12352,3.1169,3.12099,0,0
2015-04-27,10:00:00,3.12061,3.12531,3.11229,3.11806,0,0
2015-04-27,11:00:00,3.11785,3.12042,3.11192,3.11313,0,0
2015-04-27,12:00:00,3.11312,3.11396,3.1067,3.11186,0,0
2015-04-27,13:00:00,3.11179,3.1119,3.10038,3.10052,0,0
2015-04-27,14:00:00,3.10073,3.10664,3.09894,3.10137,0,0
2015-04-27,15:00:00,3.10158,3.10244,3.08975,3.09002,0,0
2015-04-27,16:00:00,3.08962,3.09418,3.08348,3.08379,0,0
2015-04-27,17:00:00,3.08387,3.08426,3.07423,3.07423,0,0
2015-04-27,18:00:00,3.07441,3.07498,3.06918,3.0738,0,0
2015-04-27,19:00:00,3.07376,3.07621,3.06779,3.07581,0,0
2015-04-27,20:00:00,3.07552,3.08123,3.07493,3.08078,0,0
2015-04-27,21:00:00,3.08066,3.08093,3.07694,3.07938,0,0
2015-04-27,22:00:00,3.07923,3.07962,3.07571,3.0761,0,0
2015-04-27,23:00:00,3.07601,3.07799,3.07601,3.07665,0,0
2015-04-27,23:59:00,3.07545,3.0791,3.07539,3.07672,0,0
2015-04-28,01:00:00,3.07655,3.08006,3.07545,3.07848,0,0
2015-04-28,02:00:00,3.07867,3.07915,3.07664,3.07804,0,0
2015-04-28,03:00:00,3.07801,3.08053,3.07715,3.0778,0,0
2015-04-28,04:00:00,3.0778,3.08057,3.07622,3.07814,0,0
2015-04-28,05:00:00,3.07827,3.07954,3.07712,3.07954,0,0
2015-04-28,06:00:00,3.07947,3.07996,3.07724,3.07874,0,0
2015-04-28,07:00:00,3.07822,3.07954,3.07728,3.07954,0,0
2015-04-28,08:00:00,3.07954,3.08028,3.07471,3.07687,0,0
2015-04-28,09:00:00,3.07679,3.08495,3.07387,3.08412,0,0
2015-04-28,10:00:00,3.08409,3.09098,3.0773,3.0904,0,0
2015-04-28,11:00:00,3.09096,3.09769,3.08542,3.08711,0,0
2015-04-28,12:00:00,3.08698,3.08892,3.07844,3.08268,0,0
2015-04-28,13:00:00,3.08277,3.08444,3.0788,3.07963,0,0
2015-04-28,14:00:00,3.08,3.08277,3.07491,3.07593,0,0
2015-04-28,15:00:00,3.07606,3.07814,3.0699,3.07614,0,0
2015-04-28,16:00:00,3.07637,3.07787,3.06838,3.07057,0,0
2015-04-28,17:00:00,3.06945,3.07668,3.0655,3.06807,0,0
2015-04-28,18:00:00,3.06789,3.06961,3.06495,3.06615,0,0
2015-04-28,19:00:00,3.06614,3.06675,3.06121,3.06208,0,0
2015-04-28,20:00:00,3.06188,3.06432,3.05839,3.0592,0,0
2015-04-28,21:00:00,3.0593,3.06523,3.05726,3.06449,0,0
2015-04-28,22:00:00,3.06405,3.06803,3.06259,3.06266,0,0
2015-04-28,23:00:00,3.06276,3.06344,3.0601,3.06131,0,0
2015-04-28,23:59:00,3.06082,3.06363,3.06029,3.06228,0,0
2015-04-29,01:00:00,3.06236,3.06527,3.06103,3.06432,0,0
2015-04-29,02:00:00,3.06427,3.06721,3.06427,3.067,0,0
2015-04-29,03:00:00,3.06698,3.06734,3.0648,3.06494,0,0
2015-04-29,04:00:00,3.06489,3.06726,3.06464,3.06564,0,0
2015-04-29,05:00:00,3.06564,3.06721,3.06559,3.06679,0,0
2015-04-29,06:00:00,3.06678,3.06724,3.06526,3.06628,0,0
2015-04-29,07:00:00,3.06629,3.06771,3.06547,3.06693,0,0
2015-04-29,08:00:00,3.06665,3.06778,3.06579,3.06664,0,0
2015-04-29,09:00:00,3.06664,3.06865,3.06352,3.06499,0,0
2015-04-29,10:00:00,3.06523,3.06789,3.05882,3.06008,0,0
2015-04-29,11:00:00,3.05994,3.05994,3.05212,3.05404,0,0
2015-04-29,12:00:00,3.05369,3.05869,3.05147,3.0552,0,0
2015-04-29,13:00:00,3.05526,3.05884,3.05349,3.05863,0,0
2015-04-29,14:00:00,3.05828,3.06037,3.05681,3.05846,0,0
2015-04-29,15:00:00,3.05872,3.06771,3.05247,3.05635,0,0
2015-04-29,16:00:00,3.05584,3.05897,3.04172,3.04293,0,0
2015-04-29,17:00:00,3.04309,3.04434,3.02842,3.02885,0,0
2015-04-29,18:00:00,3.02857,3.03463,3.01814,3.02481,0,0
2015-04-29,19:00:00,3.02354,3.03902,3.01935,3.03869,0,0
2015-04-29,20:00:00,3.03836,3.03871,3.02418,3.02991,0,0
2015-04-29,21:00:00,3.02979,3.04087,3.02824,3.03409,0,0
2015-04-29,22:00:00,3.03376,3.03711,3.03063,3.03063,0,0
2015-04-29,23:00:00,3.03039,3.03213,3.02669,3.02818,0,0
2015-04-29,23:59:00,3.02908,3.03045,3.02582,3.03033,0,0
2015-04-30,01:00:00,3.0297,3.03245,3.02893,3.03069,0,0
2015-04-30,02:00:00,3.03063,3.03388,3.0301,3.03383,0,0
2015-04-30,03:00:00,3.03375,3.0345,3.03116,3.03261,0,0
2015-04-30,04:00:00,3.03261,3.03396,3.03035,3.03246,0,0
2015-04-30,05:00:00,3.03242,3.03833,3.032,3.03563,0,0
2015-04-30,06:00:00,3.03762,3.04043,3.03464,3.03527,0,0
2015-04-30,07:00:00,3.03504,3.04603,3.03473,3.04057,0,0
2015-04-30,08:00:00,3.04057,3.05322,3.04039,3.05297,0,0
2015-04-30,09:00:00,3.05628,3.05628,3.04247,3.04412,0,0
2015-04-30,10:00:00,3.04341,3.04882,3.02279,3.02617,0,0
2015-04-30,11:00:00,3.026,3.02908,3.02088,3.02704,0,0
2015-04-30,12:00:00,3.02647,3.03232,3.0224,3.0303,0,0
2015-04-30,13:00:00,3.03048,3.0351,3.02414,3.02474,0,0
2015-04-30,14:00:00,3.02532,3.02869,3.01693,3.02048,0,0
2015-04-30,15:00:00,3.02027,3.02757,3.01621,3.0209,0,0
2015-04-30,16:00:00,3.02128,3.03074,3.01987,3.02669,0,0
2015-04-30,17:00:00,3.02646,3.03044,3.01623,3.01624,0,0
2015-04-30,18:00:00,3.0167,3.02453,3.01058,3.02441,0,0
2015-04-30,19:00:00,3.0243,3.0257,3.00925,3.01084,0,0
2015-04-30,20:00:00,3.01103,3.02083,3.01056,3.01959,0,0
2015-04-30,21:00:00,3.01948,3.02101,3.00578,3.00995,0,0
2015-04-30,22:00:00,3.0101,3.01987,3.0101,3.01503,0,0
2015-04-30,23:00:00,3.01455,3.01883,3.01436,3.0169,0,0
2015-04-30,23:59:00,3.01734,3.01997,3.01386,3.01774,0,0
2015-05-01,01:00:00,3.0181,3.0181,3.01304,3.01603,0,0
2015-05-01,02:00:00,3.01617,3.01725,3.01338,3.01544,0,0
2015-05-01,03:00:00,3.01566,3.01581,3.00671,3.00944,0,0
2015-05-01,04:00:00,3.00967,3.01385,3.00658,3.00942,0,0
2015-05-01,05:00:00,3.00939,3.01238,3.00579,3.00782,0,0
2015-05-01,06:00:00,3.00737,3.01355,3.005,3.00702,0,0
2015-05-01,07:00:00,3.00702,3.01015,3.0043,3.00778,0,0
2015-05-01,08:00:00,3.00775,3.00816,3.00333,3.00393,0,0
2015-05-01,09:00:00,3.00362,3.0095,2.99764,2.99848,0,0
2015-05-01,10:00:00,2.99824,3.00427,2.99283,2.9968,0,0
2015-05-01,11:00:00,2.99636,3.00362,2.99394,2.99679,0,0
2015-05-01,12:00:00,2.99748,3.00572,2.99189,3.00552,0,0
2015-05-01,13:00:00,3.00547,3.0066,2.99633,2.99795,0,0
2015-05-01,14:00:00,2.99811,3.00241,2.99662,3.00241,0,0
2015-05-01,15:00:00,3.00246,3.00965,2.99909,3.0062,0,0
2015-05-01,16:00:00,3.00625,3.01968,3.00496,3.01314,0,0
2015-05-01,17:00:00,3.0119,3.02594,3.00881,3.02295,0,0
2015-05-01,18:00:00,3.0228,3.03039,3.02131,3.02813,0,0
2015-05-01,19:00:00,3.02813,3.03108,3.02404,3.03095,0,0
2015-05-01,20:00:00,3.03087,3.03087,3.02006,3.0223,0,0
2015-05-01,21:00:00,3.0223,3.02767,3.02039,3.02557,0,0
2015-05-01,22:00:00,3.02555,3.02683,3.02059,3.02376,0,0
2015-05-01,23:00:00,3.02377,3.02406,3.02282,3.02296,0,0
2015-05-04,01:00:00,3.02296,3.02614,3.01987,3.02419,0,0
2015-05-04,02:00:00,3.02423,3.02722,3.02326,3.02584,0,0
2015-05-04,03:00:00,3.02584,3.029,3.02376,3.02538,0,0
2015-05-04,04:00:00,3.02536,3.02538,3.02313,3.02397,0,0
2015-05-04,05:00:00,3.02397,3.02892,3.02357,3.02748,0,0
2015-05-04,06:00:00,3.02748,3.02913,3.02683,3.02749,0,0
2015-05-04,07:00:00,3.02752,3.02811,3.02507,3.02583,0,0
2015-05-04,08:00:00,3.02578,3.02746,3.02022,3.02186,0,0
2015-05-04,09:00:00,3.02212,3.02276,3.01154,3.02081,0,0
2015-05-04,10:00:00,3.02091,3.0275,3.01544,3.01755,0,0
2015-05-04,11:00:00,3.01889,3.02609,3.0176,3.02388,0,0
2015-05-04,12:00:00,3.02388,3.02475,3.01732,3.02475,0,0
2015-05-04,13:00:00,3.02468,3.02486,3.0178,3.01897,0,0
2015-05-04,14:00:00,3.01911,3.01974,3.01589,3.01908,0,0
2015-05-04,15:00:00,3.01927,3.0204,3.00888,3.01007,0,0
2015-05-04,16:00:00,3.01009,3.01046,2.99869,3.00192,0,0
2015-05-04,17:00:00,3.00221,3.0095,3.00161,3.00178,0,0
2015-05-04,18:00:00,3.00171,3.01103,3.00025,3.01021,0,0
2015-05-04,19:00:00,3.01017,3.01022,3.00223,3.00492,0,0
2015-05-04,20:00:00,3.00504,3.0104,3.00465,3.00931,0,0
2015-05-04,21:00:00,3.00943,3.01611,3.00916,3.01355,0,0
2015-05-04,22:00:00,3.01363,3.01382,3.009,3.00931,0,0
2015-05-04,23:00:00,3.00943,3.01088,3.00802,3.00955,0,0
2015-05-04,23:59:00,3.00903,3.01058,3.00694,3.00767,0,0
2015-05-05,01:00:00,3.00762,3.00926,3.00673,3.00872,0,0
2015-05-05,02:00:00,3.00872,3.0095,3.00776,3.00842,0,0
2015-05-05,03:00:00,3.00842,3.00993,3.0081,3.00852,0,0
2015-05-05,04:00:00,3.00852,3.0092,3.00706,3.00887,0,0
2015-05-05,05:00:00,3.00887,3.01204,3.00814,3.01112,0,0
2015-05-05,06:00:00,3.01112,3.01407,3.01099,3.01398,0,0
2015-05-05,07:00:00,3.01398,3.01765,3.01236,3.01702,0,0
2015-05-05,08:00:00,3.01703,3.01703,3.01315,3.01518,0,0
2015-05-05,09:00:00,3.01476,3.02613,3.01075,3.02526,0,0
2015-05-05,10:00:00,3.02566,3.02622,3.01834,3.02379,0,0
2015-05-05,11:00:00,3.02378,3.02494,3.00799,3.01029,0,0
2015-05-05,12:00:00,3.0103,3.01312,3.00057,3.00308,0,0
2015-05-05,13:00:00,3.0033,3.006,2.99664,2.99923,0,0
2015-05-05,14:00:00,2.9993,3.00169,2.99569,2.99768,0,0
2015-05-05,15:00:00,2.99776,3.00144,2.99408,3.00096,0,0
2015-05-05,16:00:00,3.0009,3.00717,2.99684,2.99986,0,0
2015-05-05,17:00:00,3.00009,3.01256,2.9984,3.00526,0,0
2015-05-05,18:00:00,3.00548,3.01164,3.00465,3.00984,0,0
2015-05-05,19:00:00,3.01006,3.01009,3.00144,3.00341,0,0
2015-05-05,20:00:00,3.00344,3.00471,2.99992,3.00342,0,0
2015-05-05,21:00:00,3.00344,3.00538,3.00074,3.00496,0,0
2015-05-05,22:00:00,3.00509,3.00667,3.003,3.00443,0,0
2015-05-05,23:00:00,3.00455,3.00698,3.00439,3.00552,0,0
2015-05-05,23:59:00,3.00598,3.00681,3.0041,3.00547,0,0
2015-05-06,01:00:00,3.0051,3.00552,3.00396,3.0051,0,0
2015-05-06,02:00:00,3.0051,3.00755,3.00483,3.0075,0,0
2015-05-06,03:00:00,3.0075,3.00801,3.00567,3.00617,0,0
2015-05-06,04:00:00,3.00617,3.00646,3.00298,3.00327,0,0
2015-05-06,05:00:00,3.00322,3.00395,2.9959,2.99594,0,0
2015-05-06,06:00:00,2.99595,2.99693,2.9907,2.99288,0,0
2015-05-06,07:00:00,2.99262,2.99485,2.99136,2.99173,0,0
2015-05-06,08:00:00,2.99164,2.99727,2.99103,2.99586,0,0
2015-05-06,09:00:00,2.99557,3.00341,2.99429,3.00165,0,0
2015-05-06,10:00:00,3.00162,3.01679,3.00162,3.0161,0,0
2015-05-06,11:00:00,3.01578,3.01749,3.00847,3.01557,0,0
2015-05-06,12:00:00,3.01527,3.0199,3.01116,3.01709,0,0
2015-05-06,13:00:00,3.01709,3.01738,3.01068,3.01073,0,0
2015-05-06,14:00:00,3.01111,3.01158,3.00703,3.0089,0,0
2015-05-06,15:00:00,3.00864,3.01695,3.00149,3.00483,0,0
2015-05-06,16:00:00,3.00484,3.00568,2.99612,2.99853,0,0
2015-05-06,17:00:00,2.99839,2.99987,2.97936,2.98247,0,0
2015-05-06,18:00:00,2.98308,2.99044,2.97938,2.98093,0,0
2015-05-06,19:00:00,2.98114,2.98641,2.97992,2.98535,0,0
2015-05-06,20:00:00,2.98515,2.98529,2.98128,2.98529,0,0
2015-05-06,21:00:00,2.98551,2.98769,2.97932,2.98714,0,0
2015-05-06,22:00:00,2.98679,2.98858,2.9843,2.98446,0,0
2015-05-06,23:00:00,2.98432,2.98705,2.98345,2.98446,0,0
2015-05-06,23:59:00,2.98478,2.98607,2.98355,2.98574,0,0
2015-05-07,01:00:00,2.98594,2.98644,2.98472,2.98601,0,0
2015-05-07,02:00:00,2.98608,2.98806,2.98572,2.98763,0,0
2015-05-07,03:00:00,2.98776,2.99203,2.98476,2.98987,0,0
2015-05-07,04:00:00,2.98984,2.99082,2.98616,2.98714,0,0
2015-05-07,05:00:00,2.98723,2.98737,2.98319,2.9839,0,0
2015-05-07,06:00:00,2.98395,2.98672,2.98295,2.98531,0,0
2015-05-07,07:00:00,2.98519,2.98656,2.98405,2.98492,0,0
2015-05-07,08:00:00,2.9851,2.9889,2.98263,2.98567,0,0
2015-05-07,09:00:00,2.98567,2.99377,2.98282,2.99357,0,0
2015-05-07,10:00:00,2.99365,2.99923,2.98552,2.99847,0,0
2015-05-07,11:00:00,2.99884,3.01214,2.99776,3.00224,0,0
2015-05-07,12:00:00,3.00249,3.01186,2.99667,3.00702,0,0
2015-05-07,13:00:00,3.00653,3.01364,3.00424,3.00722,0,0
2015-05-07,14:00:00,3.00717,3.0129,3.00493,3.00688,0,0
2015-05-07,15:00:00,3.00609,3.00911,3.00139,3.00579,0,0
2015-05-07,16:00:00,3.00518,3.01053,3.00157,3.00361,0,0
2015-05-07,17:00:00,3.0035,3.01289,3.00296,3.00826,0,0
2015-05-07,18:00:00,3.00735,3.00864,2.9984,2.99908,0,0
2015-05-07,19:00:00,2.99929,3.00094,2.99599,2.99821,0,0
2015-05-07,20:00:00,2.99819,3.00107,2.99567,2.99806,0,0
2015-05-07,21:00:00,2.99806,2.99968,2.99561,2.99886,0,0
2015-05-07,22:00:00,2.99898,2.99999,2.9962,2.9977,0,0
2015-05-07,23:00:00,2.9977,2.99876,2.99645,2.99876,0,0
2015-05-07,23:59:00,2.99953,3.007,2.9968,3.00332,0,0
2015-05-08,01:00:00,3.00299,3.00711,3.00088,3.00494,0,0
2015-05-08,02:00:00,3.00494,3.00628,3.00286,3.00516,0,0
2015-05-08,03:00:00,3.00504,3.00504,2.99816,3.00118,0,0
2015-05-08,04:00:00,3.00134,3.00271,2.99687,2.99981,0,0
2015-05-08,05:00:00,2.99942,3.00758,2.99913,3.00721,0,0
2015-05-08,06:00:00,3.00721,3.01122,3.00684,3.01003,0,0
2015-05-08,07:00:00,3.00995,3.01072,3.00626,3.00783,0,0
2015-05-08,08:00:00,3.00783,3.00945,3.0046,3.00682,0,0
2015-05-08,09:00:00,3.0085,3.01422,3.00688,3.01004,0,0
2015-05-08,10:00:00,3.0112,3.01425,3.00293,3.0047,0,0
2015-05-08,11:00:00,3.00438,3.00844,2.99993,3.00652,0,0
2015-05-08,12:00:00,3.0066,3.01807,3.00602,3.01547,0,0
2015-05-08,13:00:00,3.01585,3.0214,3.01341,3.0214,0,0
2015-05-08,14:00:00,3.0215,3.02261,3.01678,3.01989,0,0
2015-05-08,15:00:00,3.02018,3.02439,3.00938,3.01502,0,0
2015-05-08,16:00:00,3.01507,3.01747,3.00131,3.01377,0,0
2015-05-08,17:00:00,3.01359,3.02099,3.01066,3.01141,0,0
2015-05-08,18:00:00,3.01135,3.0154,3.00174,3.00718,0,0
2015-05-08,19:00:00,3.00712,3.01579,3.00605,3.01229,0,0
2015-05-08,20:00:00,3.0123,3.01337,3.00877,3.01011,0,0
2015-05-08,21:00:00,3.01017,3.01644,3.0098,3.01419,0,0
2015-05-08,22:00:00,3.01403,3.0156,3.012,3.01522,0,0
2015-05-08,23:00:00,3.01507,3.01507,3.01507,3.01507,0,0
2015-05-11,01:00:00,3.03099,3.03099,3.02509,3.02666,0,0
2015-05-11,02:00:00,3.02664,3.02935,3.02583,3.02734,0,0
2015-05-11,03:00:00,3.02732,3.03792,3.027,3.03792,0,0
2015-05-11,04:00:00,3.03798,3.03999,3.03424,3.03618,0,0
2015-05-11,05:00:00,3.03628,3.03678,3.03294,3.03493,0,0
2015-05-11,06:00:00,3.03496,3.04353,3.03468,3.0421,0,0
2015-05-11,07:00:00,3.04205,3.04255,3.03902,3.03948,0,0
2015-05-11,08:00:00,3.03942,3.04698,3.03695,3.0375,0,0
2015-05-11,09:00:00,3.03669,3.04029,3.02505,3.02624,0,0
2015-05-11,10:00:00,3.02627,3.04371,3.02447,3.0424,0,0
2015-05-11,11:00:00,3.04217,3.04399,3.03337,3.04363,0,0
2015-05-11,12:00:00,3.04399,3.04706,3.03865,3.04259,0,0
2015-05-11,13:00:00,3.04237,3.04281,3.03841,3.03998,0,0
2015-05-11,14:00:00,3.04032,3.04464,3.03823,3.04102,0,0
2015-05-11,15:00:00,3.04088,3.0475,3.04028,3.04556,0,0
2015-05-11,16:00:00,3.04529,3.04582,3.03581,3.0394,0,0
2015-05-11,17:00:00,3.03887,3.04197,3.03489,3.0403,0,0
2015-05-11,18:00:00,3.03987,3.04511,3.03842,3.04331,0,0
2015-05-11,19:00:00,3.04299,3.0478,3.04158,3.04365,0,0
2015-05-11,20:00:00,3.04298,3.0468,3.04138,3.04295,0,0
2015-05-11,21:00:00,3.043,3.04517,3.04137,3.04354,0,0
2015-05-11,22:00:00,3.04359,3.04991,3.04222,3.047,0,0
2015-05-11,23:00:00,3.04705,3.04835,3.04434,3.04674,0,0
2015-05-11,23:59:00,3.04642,3.04739,3.04414,3.04687,0,0
2015-05-12,01:00:00,3.04694,3.04779,3.04131,3.04665,0,0
2015-05-12,02:00:00,3.04665,3.04974,3.04624,3.04793,0,0
2015-05-12,03:00:00,3.04793,3.05098,3.04655,3.04952,0,0
2015-05-12,04:00:00,3.04952,3.05035,3.04632,3.0464,0,0
2015-05-12,05:00:00,3.04647,3.04703,3.04086,3.04262,0,0
2015-05-12,06:00:00,3.04235,3.04576,3.04075,3.04467,0,0
2015-05-12,07:00:00,3.0447,3.0447,3.04015,3.04042,0,0
2015-05-12,08:00:00,3.04041,3.04046,3.0338,3.03905,0,0
2015-05-12,09:00:00,3.03984,3.05088,3.03489,3.05061,0,0
2015-05-12,10:00:00,3.05049,3.05281,3.03654,3.03931,0,0
2015-05-12,11:00:00,3.03992,3.03992,3.03135,3.0353,0,0
2015-05-12,12:00:00,3.035,3.03876,3.0323,3.034,0,0
2015-05-12,13:00:00,3.03407,3.03501,3.02539,3.0287,0,0
2015-05-12,14:00:00,3.02927,3.04305,3.02877,3.04226,0,0
2015-05-12,15:00:00,3.04219,3.04484,3.03532,3.03944,0,0
2015-05-12,16:00:00,3.03991,3.04443,3.0382,3.03833,0,0
2015-05-12,17:00:00,3.03934,3.04136,3.03566,3.03925,0,0
2015-05-12,18:00:00,3.039,3.04393,3.03874,3.04116,0,0
2015-05-12,19:00:00,3.04172,3.04511,3.03699,3.0446,0,0
2015-05-12,20:00:00,3.04441,3.04764,3.0428,3.04458,0,0
2015-05-12,21:00:00,3.04461,3.04785,3.04303,3.04765,0,0
2015-05-12,22:00:00,3.04757,3.05078,3.04718,3.04981,0,0
2015-05-12,23:00:00,3.05122,3.05144,3.04889,3.05036,0,0
2015-05-12,23:59:00,3.05024,3.05207,3.04611,3.04847,0,0
2015-05-13,01:00:00,3.04817,3.04969,3.04578,3.04703,0,0
2015-05-13,02:00:00,3.04703,3.04815,3.04439,3.04468,0,0
2015-05-13,03:00:00,3.04465,3.05014,3.0436,3.04906,0,0
2015-05-13,04:00:00,3.04911,3.05259,3.04734,3.05005,0,0
2015-05-13,05:00:00,3.0503,3.05091,3.04478,3.04566,0,0
2015-05-13,06:00:00,3.04559,3.04594,3.04062,3.04152,0,0
2015-05-13,07:00:00,3.04152,3.04203,3.03723,3.04048,0,0
2015-05-13,08:00:00,3.04048,3.04291,3.03844,3.04155,0,0
2015-05-13,09:00:00,3.04275,3.04518,3.03052,3.03655,0,0
2015-05-13,10:00:00,3.03698,3.04061,3.02055,3.02074,0,0
2015-05-13,11:00:00,3.02106,3.03106,3.01967,3.03014,0,0
2015-05-13,12:00:00,3.03029,3.03656,3.02678,3.03114,0,0
2015-05-13,13:00:00,3.03112,3.04017,3.02988,3.03688,0,0
2015-05-13,14:00:00,3.03678,3.03958,3.03454,3.03804,0,0
2015-05-13,15:00:00,3.03797,3.04864,3.01425,3.01938,0,0
2015-05-13,16:00:00,3.01972,3.02498,3.01619,3.022,0,0
2015-05-13,17:00:00,3.02159,3.02802,3.01412,3.02637,0,0
2015-05-13,18:00:00,3.02631,3.0281,3.02074,3.0231,0,0
2015-05-13,19:00:00,3.02307,3.02694,3.02155,3.02637,0,0
2015-05-13,20:00:00,3.02646,3.02791,3.02187,3.02717,0,0
2015-05-13,21:00:00,3.02735,3.02902,3.02581,3.02892,0,0
2015-05-13,22:00:00,3.02889,3.03307,3.02888,3.03245,0,0
2015-05-13,23:00:00,3.03242,3.03302,3.0293,3.02968,0,0
2015-05-13,23:59:00,3.02958,3.03108,3.0284,3.03082,0,0
2015-05-14,01:00:00,3.03077,3.03189,3.02784,3.02942,0,0
2015-05-14,02:00:00,3.02944,3.03063,3.0264,3.02794,0,0
2015-05-14,03:00:00,3.02784,3.03118,3.0253,3.02942,0,0
2015-05-14,04:00:00,3.02942,3.0302,3.02585,3.02612,0,0
2015-05-14,05:00:00,3.02496,3.02806,3.02283,3.02789,0,0
2015-05-14,06:00:00,3.02789,3.02792,3.0225,3.02357,0,0
2015-05-14,07:00:00,3.02349,3.0253,3.02242,3.02334,0,0
2015-05-14,08:00:00,3.02332,3.02544,3.02201,3.02326,0,0
2015-05-14,09:00:00,3.02351,3.02707,3.01817,3.02413,0,0
2015-05-14,10:00:00,3.02364,3.02618,3.01386,3.01795,0,0
2015-05-14,11:00:00,3.01781,3.02074,3.01232,3.01232,0,0
2015-05-14,12:00:00,3.01254,3.01353,3.0066,3.00839,0,0
2015-05-14,13:00:00,3.00825,3.00993,2.99973,3.00159,0,0
2015-05-14,14:00:00,3.00208,3.00546,2.99771,2.99771,0,0
2015-05-14,15:00:00,2.998,3.00332,2.99238,2.99662,0,0
2015-05-14,16:00:00,2.99695,3.00482,2.99485,3.00105,0,0
2015-05-14,17:00:00,3.00073,3.00272,2.99519,2.9975,0,0
2015-05-14,18:00:00,2.99731,3.00577,2.99639,3.00275,0,0
2015-05-14,19:00:00,3.00288,3.00437,3.00087,3.00184,0,0
2015-05-14,20:00:00,3.00172,3.0043,2.99931,3.00019,0,0
2015-05-14,21:00:00,3.0005,3.00158,2.9928,2.99376,0,0
2015-05-14,22:00:00,2.99371,2.99415,2.99152,2.99249,0,0
2015-05-14,23:00:00,2.99262,2.99299,2.98976,2.99066,0,0
2015-05-14,23:59:00,2.99049,2.99283,2.98891,2.99273,0,0
2015-05-15,01:00:00,2.99244,2.9938,2.99201,2.99263,0,0
2015-05-15,02:00:00,2.99312,2.99623,2.99254,2.99357,0,0
2015-05-15,03:00:00,2.99344,2.99394,2.98933,2.98992,0,0
2015-05-15,04:00:00,2.99,2.99054,2.9852,2.98647,0,0
2015-05-15,05:00:00,2.98647,2.98759,2.98337,2.98722,0,0
2015-05-15,06:00:00,2.98722,2.99118,2.98641,2.98917,0,0
2015-05-15,07:00:00,2.98922,2.9896,2.98561,2.98626,0,0
2015-05-15,08:00:00,2.98597,2.99274,2.98584,2.99203,0,0
2015-05-15,09:00:00,2.99197,2.99218,2.98046,2.98219,0,0
2015-05-15,10:00:00,2.98178,2.9872,2.97677,2.97873,0,0
2015-05-15,11:00:00,2.97881,2.99036,2.97455,2.98782,0,0
2015-05-15,12:00:00,2.98846,2.98885,2.97736,2.98061,0,0
2015-05-15,13:00:00,2.98142,2.98142,2.97174,2.97733,0,0
2015-05-15,14:00:00,2.9774,2.97983,2.9728,2.97658,0,0
2015-05-15,15:00:00,2.97633,2.98225,2.97227,2.98016,0,0
2015-05-15,16:00:00,2.98013,2.98709,2.97943,2.98439,0,0
2015-05-15,17:00:00,2.98444,2.98466,2.96896,2.97046,0,0
2015-05-15,18:00:00,2.97007,2.97171,2.966,2.97063,0,0
2015-05-15,19:00:00,2.9706,2.97316,2.96559,2.96575,0,0
2015-05-15,20:00:00,2.96584,2.96697,2.96188,2.96592,0,0
2015-05-15,21:00:00,2.96604,2.96621,2.95753,2.95856,0,0
2015-05-15,22:00:00,2.95852,2.95902,2.95537,2.95776,0,0
2015-05-15,23:00:00,2.95775,2.95776,2.95731,2.95746,0,0
2015-05-18,01:00:00,2.96212,2.96271,2.95995,2.96203,0,0
2015-05-18,02:00:00,2.96201,2.9636,2.96089,2.96297,0,0
2015-05-18,03:00:00,2.96294,2.96387,2.95692,2.95708,0,0
2015-05-18,04:00:00,2.95703,2.96166,2.95415,2.95506,0,0
2015-05-18,05:00:00,2.95516,2.96127,2.95441,2.95846,0,0
2015-05-18,06:00:00,2.95831,2.96137,2.95651,2.96058,0,0
2015-05-18,07:00:00,2.96058,2.96245,2.95851,2.96052,0,0
2015-05-18,08:00:00,2.96052,2.96298,2.95699,2.95726,0,0
2015-05-18,09:00:00,2.95729,2.96481,2.95432,2.96451,0,0
2015-05-18,10:00:00,2.96474,2.9689,2.96164,2.96251,0,0
2015-05-18,11:00:00,2.96237,2.97185,2.96237,2.96823,0,0
2015-05-18,12:00:00,2.96823,2.97778,2.96734,2.9704,0,0
2015-05-18,13:00:00,2.97021,2.97595,2.96882,2.97024,0,0
2015-05-18,14:00:00,2.97025,2.97712,2.96962,2.97468,0,0
2015-05-18,15:00:00,2.97468,2.98069,2.97436,2.97875,0,0
2015-05-18,16:00:00,2.97888,2.99022,2.97741,2.9901,0,0
2015-05-18,17:00:00,2.99024,2.99214,2.9855,2.98703,0,0
2015-05-18,18:00:00,2.98693,2.99823,2.98569,2.9966,0,0
2015-05-18,19:00:00,2.99664,2.99971,2.99029,2.9921,0,0
2015-05-18,20:00:00,2.99222,3.00133,2.99108,2.99967,0,0
2015-05-18,21:00:00,2.99977,3.00458,2.99972,3.0031,0,0
2015-05-18,22:00:00,3.00316,3.00419,3.00128,3.00203,0,0
2015-05-18,23:00:00,3.00206,3.00278,3.00012,3.00128,0,0
2015-05-18,23:59:00,3.00048,3.00208,3.00036,3.00144,0,0
2015-05-19,01:00:00,3.00143,3.00335,3.00062,3.00102,0,0
2015-05-19,02:00:00,3.00104,3.00252,2.99983,3.00102,0,0
2015-05-19,03:00:00,3.00094,3.00495,3.00013,3.00412,0,0
2015-05-19,04:00:00,3.00412,3.00882,3.0041,3.0073,0,0
2015-05-19,05:00:00,3.00737,3.00928,3.00572,3.00691,0,0
2015-05-19,06:00:00,3.00688,3.00786,3.00523,3.0053,0,0
2015-05-19,07:00:00,3.0054,3.00668,3.00453,3.00553,0,0
2015-05-19,08:00:00,3.00544,3.00545,3.00173,3.00324,0,0
2015-05-19,09:00:00,3.00356,3.01177,2.99732,2.99834,0,0
2015-05-19,10:00:00,2.99829,3.01489,2.99827,3.01232,0,0
2015-05-19,11:00:00,3.01229,3.01601,3.01088,3.01151,0,0
2015-05-19,12:00:00,3.01283,3.01667,3.00643,3.01196,0,0
2015-05-19,13:00:00,3.01214,3.01593,3.01053,3.01251,0,0
2015-05-19,14:00:00,3.01185,3.02203,3.01152,3.01455,0,0
2015-05-19,15:00:00,3.01431,3.02872,3.01073,3.02524,0,0
2015-05-19,16:00:00,3.02483,3.03007,3.01926,3.02481,0,0
2015-05-19,17:00:00,3.02542,3.0276,3.02112,3.02344,0,0
2015-05-19,18:00:00,3.02359,3.02523,3.01534,3.01569,0,0
2015-05-19,19:00:00,3.01583,3.02094,3.01207,3.01207,0,0
2015-05-19,20:00:00,3.01209,3.01565,3.0093,3.00974,0,0
2015-05-19,21:00:00,3.00998,3.00998,3.00625,3.00659,0,0
2015-05-19,22:00:00,3.00685,3.00864,3.00535,3.00787,0,0
2015-05-19,23:00:00,3.00833,3.01202,3.00796,3.0102,0,0
2015-05-19,23:59:00,3.01021,3.01353,3.0091,3.01329,0,0
2015-05-20,01:00:00,3.01306,3.0138,3.01134,3.0123,0,0
2015-05-20,02:00:00,3.0121,3.01408,3.01159,3.01386,0,0
2015-05-20,03:00:00,3.01386,3.01573,3.01071,3.0109,0,0
2015-05-20,04:00:00,3.0109,3.01126,3.00739,3.00876,0,0
2015-05-20,05:00:00,3.00859,3.00886,3.00688,3.00725,0,0
2015-05-20,06:00:00,3.00711,3.00914,3.00652,3.00893,0,0
2015-05-20,07:00:00,3.00888,3.01092,3.00682,3.00797,0,0
2015-05-20,08:00:00,3.00794,3.01584,3.00567,3.01584,0,0
2015-05-20,09:00:00,3.01677,3.02395,3.01392,3.02042,0,0
2015-05-20,10:00:00,3.02051,3.02253,3.0156,3.0196,0,0
2015-05-20,11:00:00,3.01962,3.02327,3.01689,3.02322,0,0
2015-05-20,12:00:00,3.02327,3.02347,3.01577,3.01706,0,0
2015-05-20,13:00:00,3.01718,3.02386,3.01258,3.02285,0,0
2015-05-20,14:00:00,3.02293,3.02456,3.01786,3.01913,0,0
2015-05-20,15:00:00,3.0192,3.02758,3.0192,3.02658,0,0
2015-05-20,16:00:00,3.02664,3.03695,3.0265,3.03658,0,0
2015-05-20,17:00:00,3.03655,3.04144,3.0315,3.03287,0,0
2015-05-20,18:00:00,3.03294,3.03942,3.0325,3.03879,0,0
2015-05-20,19:00:00,3.03979,3.04136,3.03226,3.03358,0,0
2015-05-20,20:00:00,3.03381,3.03821,3.03055,3.03108,0,0
2015-05-20,21:00:00,3.03118,3.03408,3.02401,3.02717,0,0
2015-05-20,22:00:00,3.02714,3.0324,3.02506,3.02926,0,0
2015-05-20,23:00:00,3.02926,3.02959,3.02624,3.02775,0,0
2015-05-20,23:59:00,3.02835,3.03414,3.02612,3.03371,0,0
2015-05-21,01:00:00,3.03371,3.03839,3.03321,3.0346,0,0
2015-05-21,02:00:00,3.0351,3.03649,3.03345,3.03398,0,0
2015-05-21,03:00:00,3.03402,3.03546,3.03183,3.03418,0,0
2015-05-21,04:00:00,3.03455,3.03478,3.02826,3.03118,0,0
2015-05-21,05:00:00,3.03109,3.03284,3.02893,3.03233,0,0
2015-05-21,06:00:00,3.03225,3.03345,3.03122,3.0317,0,0
2015-05-21,07:00:00,3.03173,3.03529,3.03116,3.035,0,0
2015-05-21,08:00:00,3.03457,3.03629,3.03369,3.03618,0,0
2015-05-21,09:00:00,3.03637,3.04393,3.03377,3.0363,0,0
2015-05-21,10:00:00,3.03801,3.04025,3.02787,3.03247,0,0
2015-05-21,11:00:00,3.03297,3.03297,3.0231,3.02953,0,0
2015-05-21,12:00:00,3.02969,3.03187,3.02786,3.03166,0,0
2015-05-21,13:00:00,3.03223,3.03498,3.02841,3.03129,0,0
2015-05-21,14:00:00,3.03118,3.03884,3.03046,3.03844,0,0
2015-05-21,15:00:00,3.03847,3.04662,3.03443,3.04383,0,0
2015-05-21,16:00:00,3.04448,3.04816,3.03958,3.04686,0,0
2015-05-21,17:00:00,3.0477,3.05061,3.03685,3.03881,0,0
2015-05-21,18:00:00,3.03854,3.04305,3.03609,3.04068,0,0
2015-05-21,19:00:00,3.04049,3.0414,3.03638,3.03661,0,0
2015-05-21,20:00:00,3.03653,3.04329,3.0362,3.04316,0,0
2015-05-21,21:00:00,3.04325,3.04435,3.04113,3.0434,0,0
2015-05-21,22:00:00,3.04296,3.04685,3.04259,3.04666,0,0
2015-05-21,23:00:00,3.04686,3.04719,3.04489,3.04643,0,0
2015-05-21,23:59:00,3.04615,3.04687,3.04126,3.04254,0,0
2015-05-22,01:00:00,3.04271,3.0443,3.04211,3.04308,0,0
2015-05-22,02:00:00,3.044,3.04444,3.04258,3.04317,0,0
2015-05-22,03:00:00,3.04313,3.04534,3.04032,3.0447,0,0
2015-05-22,04:00:00,3.0448,3.04611,3.04263,3.04493,0,0
2015-05-22,05:00:00,3.04488,3.04672,3.04057,3.04639,0,0
2015-05-22,06:00:00,3.04639,3.04671,3.04175,3.04231,0,0
2015-05-22,07:00:00,3.04238,3.04501,3.04154,3.04396,0,0
2015-05-22,08:00:00,3.04383,3.04657,3.04196,3.04257,0,0
2015-05-22,09:00:00,3.04121,3.04215,3.03753,3.04153,0,0
2015-05-22,10:00:00,3.04178,3.04302,3.03585,3.03871,0,0
2015-05-22,11:00:00,3.03877,3.03989,3.03278,3.03755,0,0
2015-05-22,12:00:00,3.0378,3.03848,3.03108,3.03389,0,0
2015-05-22,13:00:00,3.03406,3.03562,3.03015,3.03036,0,0
2015-05-22,14:00:00,3.03033,3.0379,3.02777,3.03597,0,0
2015-05-22,15:00:00,3.03594,3.0482,3.03277,3.04649,0,0
2015-05-22,16:00:00,3.0466,3.06303,3.04644,3.05867,0,0
2015-05-22,17:00:00,3.05901,3.06884,3.05901,3.06354,0,0
2015-05-22,18:00:00,3.06375,3.06866,3.05918,3.06244,0,0
2015-05-22,19:00:00,3.06255,3.06363,3.05975,3.06052,0,0
2015-05-22,20:00:00,3.06094,3.07063,3.06094,3.0695,0,0
2015-05-22,21:00:00,3.06947,3.0716,3.06821,3.07007,0,0
2015-05-22,22:00:00,3.07007,3.07195,3.0688,3.07058,0,0
2015-05-22,23:00:00,3.07044,3.07044,3.06914,3.06914,0,0
2015-05-25,01:00:00,3.09357,3.09396,3.08627,3.09047,0,0
2015-05-25,02:00:00,3.09032,3.09307,3.08789,3.09142,0,0
2015-05-25,03:00:00,3.09142,3.09241,3.0881,3.09198,0,0
2015-05-25,04:00:00,3.09173,3.09266,3.08948,3.09018,0,0
2015-05-25,05:00:00,3.08981,3.09149,3.08947,3.09037,0,0
2015-05-25,06:00:00,3.09018,3.09079,3.0883,3.09079,0,0
2015-05-25,07:00:00,3.09089,3.09129,3.08931,3.09033,0,0
2015-05-25,08:00:00,3.09045,3.09362,3.09014,3.09193,0,0
2015-05-25,09:00:00,3.09163,3.09276,3.08411,3.08442,0,0
2015-05-25,10:00:00,3.08421,3.08641,3.07425,3.08444,0,0
2015-05-25,11:00:00,3.08444,3.08782,3.08202,3.08309,0,0
2015-05-25,12:00:00,3.08312,3.08381,3.07985,3.0832,0,0
2015-05-25,13:00:00,3.08326,3.08441,3.07953,3.08065,0,0
2015-05-25,14:00:00,3.08079,3.08142,3.07848,3.07913,0,0
2015-05-25,15:00:00,3.07915,3.07991,3.07401,3.07597,0,0
2015-05-25,16:00:00,3.07591,3.07762,3.07378,3.07717,0,0
2015-05-25,17:00:00,3.07717,3.08087,3.07674,3.07927,0,0
2015-05-25,18:00:00,3.07929,3.07966,3.07652,3.07881,0,0
2015-05-25,19:00:00,3.07909,3.07943,3.07564,3.07591,0,0
2015-05-25,20:00:00,3.07481,3.07745,3.07481,3.07745,0,0
2015-05-25,21:00:00,3.07753,3.07754,3.07507,3.07589,0,0
2015-05-25,22:00:00,3.07589,3.07735,3.07539,3.07637,0,0
2015-05-25,23:00:00,3.07622,3.07739,3.07522,3.07595,0,0
2015-05-25,23:59:00,3.07537,3.07718,3.07445,3.07516,0,0
2015-05-26,01:00:00,3.07516,3.07568,3.07399,3.07482,0,0
2015-05-26,02:00:00,3.07443,3.07678,3.07416,3.07556,0,0
2015-05-26,03:00:00,3.07558,3.08132,3.07501,3.08004,0,0
2015-05-26,04:00:00,3.08004,3.08148,3.07883,3.0804,0,0
2015-05-26,05:00:00,3.08055,3.08091,3.07554,3.07692,0,0
2015-05-26,06:00:00,3.07692,3.07983,3.07651,3.07833,0,0
2015-05-26,07:00:00,3.07826,3.08036,3.07749,3.07967,0,0
2015-05-26,08:00:00,3.07967,3.082,3.0784,3.0797,0,0
2015-05-26,09:00:00,3.07993,3.08275,3.07309,3.08117,0,0
2015-05-26,10:00:00,3.08165,3.08552,3.07384,3.08506,0,0
2015-05-26,11:00:00,3.08499,3.09233,3.0822,3.08704,0,0
2015-05-26,12:00:00,3.08679,3.09332,3.08122,3.09029,0,0
2015-05-26,13:00:00,3.09013,3.09594,3.08954,3.09364,0,0
2015-05-26,14:00:00,3.09307,3.09454,3.08795,3.08832,0,0
2015-05-26,15:00:00,3.08804,3.09678,3.08271,3.08331,0,0
2015-05-26,16:00:00,3.084,3.08559,3.0779,3.08436,0,0
2015-05-26,17:00:00,3.08431,3.09618,3.08206,3.09056,0,0
2015-05-26,18:00:00,3.0906,3.09983,3.08905,3.09983,0,0
2015-05-26,19:00:00,3.0998,3.10247,3.09722,3.10223,0,0
2015-05-26,20:00:00,3.10222,3.10723,3.10157,3.10623,0,0
2015-05-26,21:00:00,3.10572,3.10572,3.10174,3.10442,0,0
2015-05-26,22:00:00,3.10432,3.10604,3.09917,3.10007,0,0
2015-05-26,23:00:00,3.10031,3.10065,3.09729,3.10065,0,0
2015-05-26,23:59:00,3.10095,3.10176,3.09678,3.09992,0,0
2015-05-27,01:00:00,3.09981,3.09981,3.09581,3.09686,0,0
2015-05-27,02:00:00,3.09697,3.0996,3.09674,3.09749,0,0
2015-05-27,03:00:00,3.09749,3.10448,3.0962,3.09895,0,0
2015-05-27,04:00:00,3.09941,3.10176,3.09656,3.10062,0,0
2015-05-27,05:00:00,3.10063,3.10147,3.09858,3.1007,0,0
2015-05-27,06:00:00,3.1005,3.10056,3.09733,3.09884,0,0
2015-05-27,07:00:00,3.09879,3.09904,3.09655,3.0973,0,0
2015-05-27,08:00:00,3.09717,3.09916,3.09236,3.09314,0,0
2015-05-27,09:00:00,3.09371,3.0945,3.08119,3.08333,0,0
2015-05-27,10:00:00,3.08325,3.0843,3.07268,3.07364,0,0
2015-05-27,11:00:00,3.07366,3.08265,3.07026,3.08064,0,0
2015-05-27,12:00:00,3.08065,3.08216,3.07248,3.07529,0,0
2015-05-27,13:00:00,3.07549,3.07975,3.07045,3.07686,0,0
2015-05-27,14:00:00,3.07575,3.07746,3.07282,3.07606,0,0
2015-05-27,15:00:00,3.07618,3.08801,3.07281,3.08759,0,0
2015-05-27,16:00:00,3.08757,3.09153,3.06655,3.07611,0,0
2015-05-27,17:00:00,3.07605,3.07685,3.06523,3.06749,0,0
2015-05-27,18:00:00,3.06727,3.0707,3.05665,3.06445,0,0
2015-05-27,19:00:00,3.06467,3.06484,3.06063,3.062,0,0
2015-05-27,20:00:00,3.06174,3.06237,3.05601,3.05847,0,0
2015-05-27,21:00:00,3.05847,3.0624,3.05721,3.05941,0,0
2015-05-27,22:00:00,3.05953,3.06233,3.05759,3.05969,0,0
2015-05-27,23:00:00,3.05969,3.06277,3.05809,3.06158,0,0
2015-05-27,23:59:00,3.06194,3.06286,3.05888,3.06189,0,0
2015-05-28,01:00:00,3.0617,3.06238,3.05928,3.05976,0,0
2015-05-28,02:00:00,3.05976,3.06169,3.05967,3.06158,0,0
2015-05-28,03:00:00,3.0618,3.06377,3.05764,3.05939,0,0
2015-05-28,04:00:00,3.05925,3.06142,3.05661,3.05754,0,0
2015-05-28,05:00:00,3.05682,3.05779,3.04889,3.05261,0,0
2015-05-28,06:00:00,3.0526,3.05311,3.04808,3.04961,0,0
2015-05-28,07:00:00,3.04955,3.05215,3.04719,3.05076,0,0
2015-05-28,08:00:00,3.05073,3.05754,3.04968,3.0534,0,0
2015-05-28,09:00:00,3.05374,3.05533,3.04653,3.05032,0,0
2015-05-28,10:00:00,3.0508,3.05813,3.05022,3.05394,0,0
2015-05-28,11:00:00,3.05383,3.05794,3.04841,3.05459,0,0
2015-05-28,12:00:00,3.0537,3.05797,3.0499,3.05113,0,0
2015-05-28,13:00:00,3.05108,3.05185,3.0442,3.04748,0,0
2015-05-28,14:00:00,3.04802,3.05444,3.04621,3.05245,0,0
2015-05-28,15:00:00,3.05235,3.05371,3.0443,3.05015,0,0
2015-05-28,16:00:00,3.05015,3.06018,3.04879,3.05744,0,0
2015-05-28,17:00:00,3.05806,3.06138,3.05043,3.05368,0,0
2015-05-28,18:00:00,3.05403,3.05697,3.05295,3.05594,0,0
2015-05-28,19:00:00,3.05585,3.06134,3.05274,3.06013,0,0
2015-05-28,20:00:00,3.05991,3.06229,3.05718,3.06056,0,0
2015-05-28,21:00:00,3.06077,3.06131,3.05058,3.05104,0,0
2015-05-28,22:00:00,3.05137,3.05364,3.04978,3.05202,0,0
2015-05-28,23:00:00,3.05208,3.05364,3.05082,3.05176,0,0
2015-05-28,23:59:00,3.0512,3.05188,3.04678,3.04879,0,0
2015-05-29,01:00:00,3.04862,3.05211,3.04835,3.05136,0,0
2015-05-29,02:00:00,3.05163,3.05333,3.04861,3.05118,0,0
2015-05-29,03:00:00,3.05093,3.05541,3.05069,3.05472,0,0
2015-05-29,04:00:00,3.05467,3.0558,3.05271,3.05548,0,0
2015-05-29,05:00:00,3.0555,3.05789,3.05391,3.05713,0,0
2015-05-29,06:00:00,3.05716,3.05731,3.04814,3.04819,0,0
2015-05-29,07:00:00,3.04807,3.04869,3.03843,3.04317,0,0
2015-05-29,08:00:00,3.04352,3.04496,3.04042,3.04112,0,0
2015-05-29,09:00:00,3.04186,3.05308,3.03947,3.05308,0,0
2015-05-29,10:00:00,3.05238,3.05468,3.04784,3.04888,0,0
2015-05-29,11:00:00,3.04946,3.05043,3.0415,3.04358,0,0
2015-05-29,12:00:00,3.04425,3.04553,3.03144,3.03436,0,0
2015-05-29,13:00:00,3.03432,3.04031,3.03432,3.03932,0,0
2015-05-29,14:00:00,3.03898,3.04016,3.0334,3.03445,0,0
2015-05-29,15:00:00,3.03454,3.04217,3.02959,3.03222,0,0
2015-05-29,16:00:00,3.0321,3.03257,3.02659,3.0285,0,0
2015-05-29,17:00:00,3.02831,3.03508,3.0263,3.02705,0,0
2015-05-29,18:00:00,3.02671,3.02705,3.01368,3.01411,0,0
2015-05-29,19:00:00,3.01451,3.01827,3.01128,3.01827,0,0
2015-05-29,20:00:00,3.0183,3.0183,3.01464,3.01687,0,0
2015-05-29,21:00:00,3.01679,3.01905,3.01548,3.01825,0,0
2015-05-29,22:00:00,3.01765,3.01822,3.01437,3.01568,0,0
2015-05-29,23:00:00,3.01561,3.01638,3.01561,3.01638,0,0
2015-06-01,01:00:00,3.01405,3.0185,3.01396,3.01727,0,0
2015-06-01,02:00:00,3.0172,3.02058,3.0172,3.01894,0,0
2015-06-01,03:00:00,3.01865,3.02387,3.01846,3.02351,0,0
2015-06-01,04:00:00,3.02358,3.02658,3.02163,3.02532,0,0
2015-06-01,05:00:00,3.02471,3.02655,3.0223,3.0233,0,0
2015-06-01,06:00:00,3.0233,3.02456,3.02228,3.02445,0,0
2015-06-01,07:00:00,3.02445,3.025,3.02287,3.02358,0,0
2015-06-01,08:00:00,3.02358,3.02373,3.02105,3.02113,0,0
2015-06-01,09:00:00,3.02113,3.02986,3.02076,3.02934,0,0
2015-06-01,10:00:00,3.02953,3.04126,3.02632,3.03888,0,0
2015-06-01,11:00:00,3.03892,3.05484,3.03842,3.05116,0,0
2015-06-01,12:00:00,3.05084,3.05327,3.04587,3.04777,0,0
2015-06-01,13:00:00,3.04777,3.05342,3.04227,3.04766,0,0
2015-06-01,14:00:00,3.04777,3.04893,3.03687,3.04104,0,0
2015-06-01,15:00:00,3.04136,3.04515,3.03588,3.03704,0,0
2015-06-01,16:00:00,3.03633,3.03876,3.03174,3.03416,0,0
2015-06-01,17:00:00,3.03435,3.04314,3.03246,3.03572,0,0
2015-06-01,18:00:00,3.036,3.03801,3.03134,3.03271,0,0
2015-06-01,19:00:00,3.03269,3.03368,3.02234,3.02354,0,0
2015-06-01,20:00:00,3.02302,3.0235,3.01629,3.01713,0,0
2015-06-01,21:00:00,3.0171,3.0201,3.01499,3.01499,0,0
2015-06-01,22:00:00,3.01488,3.01885,3.0131,3.01885,0,0
2015-06-01,23:00:00,3.01874,3.01923,3.01582,3.01847,0,0
2015-06-01,23:59:00,3.02016,3.02117,3.016,3.02073,0,0
2015-06-02,01:00:00,3.02066,3.02079,3.01745,3.01753,0,0
2015-06-02,02:00:00,3.01743,3.01965,3.01608,3.01925,0,0
2015-06-02,03:00:00,3.01912,3.02029,3.01756,3.01831,0,0
2015-06-02,04:00:00,3.01829,3.01987,3.01781,3.01829,0,0
2015-06-02,05:00:00,3.01824,3.02167,3.01569,3.01978,0,0
2015-06-02,06:00:00,3.01983,3.02329,3.01877,3.02068,0,0
2015-06-02,07:00:00,3.02068,3.02303,3.0197,3.02072,0,0
2015-06-02,08:00:00,3.02101,3.02242,3.01858,3.0221,0,0
2015-06-02,09:00:00,3.02206,3.0262,3.01688,3.01854,0,0
2015-06-02,10:00:00,3.01844,3.0258,3.01466,3.02538,0,0
2015-06-02,11:00:00,3.02575,3.02781,3.02249,3.02533,0,0
2015-06-02,12:00:00,3.02478,3.02769,3.0189,3.01922,0,0
2015-06-02,13:00:00,3.01926,3.01961,3.00234,3.00713,0,0
2015-06-02,14:00:00,3.00731,3.00773,2.9973,3.00431,0,0
2015-06-02,15:00:00,3.00431,3.00543,2.99294,2.993,0,0
2015-06-02,16:00:00,2.99297,2.99297,2.97487,2.98955,0,0
2015-06-02,17:00:00,2.9895,2.99486,2.97878,2.98273,0,0
2015-06-02,18:00:00,2.98252,2.9865,2.98042,2.98369,0,0
2015-06-02,19:00:00,2.98374,2.984,2.97585,2.97656,0,0
2015-06-02,20:00:00,2.97632,2.97816,2.97533,2.97615,0,0
2015-06-02,21:00:00,2.97593,2.97813,2.97408,2.97408,0,0
2015-06-02,22:00:00,2.97291,2.97937,2.97291,2.97874,0,0
2015-06-02,23:00:00,2.97868,2.97918,2.97593,2.9766,0,0
2015-06-02,23:59:00,2.97718,2.97868,2.97579,2.97688,0,0
2015-06-03,01:00:00,2.97717,2.97789,2.97543,2.97766,0,0
2015-06-03,02:00:00,2.97766,2.97922,2.97704,2.97839,0,0
2015-06-03,03:00:00,2.97865,2.97925,2.97665,2.97733,0,0
2015-06-03,04:00:00,2.97742,2.97913,2.97491,2.97555,0,0
2015-06-03,05:00:00,2.97552,2.98024,2.97521,2.97732,0,0
2015-06-03,06:00:00,2.97732,2.97814,2.9758,2.97717,0,0
2015-06-03,07:00:00,2.97714,2.97839,2.97445,2.97736,0,0
2015-06-03,08:00:00,2.97732,2.97771,2.97328,2.97628,0,0
2015-06-03,09:00:00,2.97635,2.98143,2.97531,2.97996,0,0
2015-06-03,10:00:00,2.97999,2.99183,2.97999,2.98209,0,0
2015-06-03,11:00:00,2.98192,2.98524,2.97718,2.98469,0,0
2015-06-03,12:00:00,2.98457,2.98866,2.98137,2.98431,0,0
2015-06-03,13:00:00,2.98451,2.98489,2.98067,2.98312,0,0
2015-06-03,14:00:00,2.98301,2.98686,2.98067,2.98312,0,0
2015-06-03,15:00:00,2.98376,2.98619,2.97232,2.97815,0,0
2015-06-03,16:00:00,2.97874,2.97936,2.96489,2.97205,0,0
2015-06-03,17:00:00,2.97183,2.97858,2.96552,2.97069,0,0
2015-06-03,18:00:00,2.97082,2.97239,2.96658,2.96878,0,0
2015-06-03,19:00:00,2.96894,2.9713,2.96781,2.96917,0,0
2015-06-03,20:00:00,2.96905,2.97108,2.96673,2.97036,0,0
2015-06-03,21:00:00,2.97035,2.97683,2.96878,2.97554,0,0
2015-06-03,22:00:00,2.97533,2.97627,2.9704,2.9721,0,0
2015-06-03,23:00:00,2.97244,2.97356,2.9716,2.9723,0,0
2015-06-03,23:59:00,2.97207,2.97465,2.97207,2.9736,0,0
2015-06-04,01:00:00,2.97362,2.97546,2.97218,2.97299,0,0
2015-06-04,02:00:00,2.97327,2.97438,2.97113,2.97258,0,0
2015-06-04,03:00:00,2.97253,2.97331,2.96979,2.97168,0,0
2015-06-04,04:00:00,2.97168,2.97238,2.96576,2.96658,0,0
2015-06-04,05:00:00,2.96676,2.96744,2.96559,2.96597,0,0
2015-06-04,06:00:00,2.96657,2.96682,2.96422,2.96668,0,0
2015-06-04,07:00:00,2.96668,2.96859,2.96507,2.966,0,0
2015-06-04,08:00:00,2.96595,2.97321,2.96586,2.97154,0,0
2015-06-04,09:00:00,2.97191,2.98048,2.96757,2.97837,0,0
2015-06-04,10:00:00,2.97835,2.98271,2.97409,2.98114,0,0
2015-06-04,11:00:00,2.98121,2.98428,2.97063,2.97481,0,0
2015-06-04,12:00:00,2.97453,2.97987,2.96892,2.96984,0,0
2015-06-04,13:00:00,2.96986,2.97257,2.9664,2.96896,0,0
2015-06-04,14:00:00,2.96893,2.97498,2.96359,2.96864,0,0
2015-06-04,15:00:00,2.96816,2.9736,2.96291,2.96994,0,0
2015-06-04,16:00:00,2.96999,2.97754,2.96872,2.96988,0,0
2015-06-04,17:00:00,2.96959,2.97105,2.96189,2.96242,0,0
2015-06-04,18:00:00,2.96247,2.96643,2.95979,2.9627,0,0
2015-06-04,19:00:00,2.96251,2.96543,2.95224,2.96007,0,0
2015-06-04,20:00:00,2.96027,2.98362,2.95902,2.9821,0,0
2015-06-04,21:00:00,2.98192,2.98442,2.98055,2.9823,0,0
2015-06-04,22:00:00,2.98214,2.98867,2.98133,2.98569,0,0
2015-06-04,23:00:00,2.98502,2.98657,2.98356,2.98498,0,0
2015-06-04,23:59:00,2.98509,2.9897,2.98272,2.98563,0,0
2015-06-05,01:00:00,2.98557,2.99172,2.98286,2.98806,0,0
2015-06-05,02:00:00,2.98802,2.99357,2.98694,2.98807,0,0
2015-06-05,03:00:00,2.98788,2.98804,2.98329,2.98517,0,0
2015-06-05,04:00:00,2.98508,2.98982,2.98417,2.98737,0,0
2015-06-05,05:00:00,2.98701,2.989,2.98588,2.98799,0,0
2015-06-05,06:00:00,2.98797,2.9905,2.98446,2.98474,0,0
2015-06-05,07:00:00,2.98474,2.98743,2.98344,2.98689,0,0
2015-06-05,08:00:00,2.9867,2.9875,2.98474,2.98474,0,0
2015-06-05,09:00:00,2.9844,2.9852,2.97258,2.97258,0,0
2015-06-05,10:00:00,2.97317,2.9747,2.95859,2.96277,0,0
2015-06-05,11:00:00,2.96262,2.96688,2.95883,2.9613,0,0
2015-06-05,12:00:00,2.96162,2.96446,2.9512,2.95559,0,0
2015-06-05,13:00:00,2.95551,2.96287,2.95467,2.96253,0,0
2015-06-05,14:00:00,2.96259,2.96362,2.95884,2.95969,0,0
2015-06-05,15:00:00,2.95979,2.98985,2.94732,2.98497,0,0
2015-06-05,16:00:00,2.98518,2.9954,2.98252,2.98792,0,0
2015-06-05,17:00:00,2.9881,2.98812,2.97656,2.98004,0,0
2015-06-05,18:00:00,2.97826,2.98244,2.9737,2.98061,0,0
2015-06-05,19:00:00,2.97993,2.98834,2.97791,2.98029,0,0
2015-06-05,20:00:00,2.98012,2.98046,2.97472,2.97572,0,0
2015-06-05,21:00:00,2.97584,2.97827,2.96908,2.97382,0,0
2015-06-05,22:00:00,2.97385,2.9801,2.97297,2.97956,0,0
2015-06-05,23:00:00,2.97982,2.98024,2.97981,2.97983,0,0
2015-06-08,01:00:00,2.98122,2.98233,2.97742,2.97947,0,0
2015-06-08,02:00:00,2.97923,2.98111,2.97543,2.98086,0,0
2015-06-08,03:00:00,2.98083,2.99085,2.97833,2.9904,0,0
2015-06-08,04:00:00,2.9905,2.99123,2.98753,2.99091,0,0
2015-06-08,05:00:00,2.99076,2.99283,2.98818,2.98862,0,0
2015-06-08,06:00:00,2.98812,2.98917,2.98705,2.98775,0,0
2015-06-08,07:00:00,2.98752,2.98937,2.9865,2.98738,0,0
2015-06-08,08:00:00,2.98682,2.988,2.9834,2.98404,0,0
2015-06-08,09:00:00,2.98145,2.99163,2.97633,2.98447,0,0
2015-06-08,10:00:00,2.9848,2.9848,2.97262,2.97305,0,0
2015-06-08,11:00:00,2.97318,2.9819,2.97177,2.9811,0,0
2015-06-08,12:00:00,2.9812,2.98381,2.97818,2.98237,0,0
2015-06-08,13:00:00,2.98259,2.98428,2.98013,2.98083,0,0
2015-06-08,14:00:00,2.98056,2.9819,2.96639,2.9709,0,0
2015-06-08,15:00:00,2.97074,2.97275,2.96253,2.97207,0,0
2015-06-08,16:00:00,2.97211,2.97454,2.96707,2.97395,0,0
2015-06-08,17:00:00,2.97453,2.97632,2.96714,2.97165,0,0
2015-06-08,18:00:00,2.97166,2.97256,2.96686,2.96829,0,0
2015-06-08,19:00:00,2.96821,2.97114,2.96729,2.97101,0,0
2015-06-08,20:00:00,2.97106,2.97132,2.96495,2.9696,0,0
2015-06-08,21:00:00,2.96997,2.97287,2.96655,2.96963,0,0
2015-06-08,22:00:00,2.96966,2.97341,2.96917,2.97154,0,0
2015-06-08,23:00:00,2.97144,2.97163,2.96921,2.97081,0,0
2015-06-08,23:59:00,2.97135,2.97287,2.96879,2.97107,0,0
2015-06-09,01:00:00,2.97155,2.97174,2.96877,2.96964,0,0
2015-06-09,02:00:00,2.96964,2.97179,2.96885,2.97145,0,0
2015-06-09,03:00:00,2.97142,2.97174,2.9676,2.97064,0,0
2015-06-09,04:00:00,2.97083,2.97127,2.96148,2.96317,0,0
2015-06-09,05:00:00,2.9633,2.96467,2.96216,2.96357,0,0
2015-06-09,06:00:00,2.96352,2.96571,2.96327,2.96455,0,0
2015-06-09,07:00:00,2.96435,2.96672,2.96378,2.96618,0,0
2015-06-09,08:00:00,2.96615,2.9697,2.96411,2.96445,0,0
2015-06-09,09:00:00,2.96437,2.97291,2.96356,2.96687,0,0
2015-06-09,10:00:00,2.96645,2.97068,2.96339,2.9666,0,0
2015-06-09,11:00:00,2.96649,2.97552,2.96595,2.97475,0,0
2015-06-09,12:00:00,2.97422,2.98099,2.97311,2.98047,0,0
2015-06-09,13:00:00,2.98073,2.98723,2.97977,2.98249,0,0
2015-06-09,14:00:00,2.98181,2.98829,2.97894,2.98728,0,0
2015-06-09,15:00:00,2.98724,2.99113,2.98325,2.98802,0,0
2015-06-09,16:00:00,2.98771,2.99016,2.97973,2.98005,0,0
2015-06-09,17:00:00,2.97945,2.9856,2.97809,2.98356,0,0
2015-06-09,18:00:00,2.98345,2.98439,2.97566,2.97755,0,0
2015-06-09,19:00:00,2.97764,2.98045,2.97679,2.97744,0,0
2015-06-09,20:00:00,2.97746,2.97895,2.97335,2.97373,0,0
2015-06-09,21:00:00,2.97386,2.97685,2.97301,2.97645,0,0
2015-06-09,22:00:00,2.97662,2.97815,2.9759,2.97758,0,0
2015-06-09,23:00:00,2.97751,2.97855,2.97655,2.97674,0,0
2015-06-09,23:59:00,2.97703,2.97999,2.97667,2.97873,0,0
2015-06-10,01:00:00,2.97815,2.97883,2.97669,2.97669,0,0
2015-06-10,02:00:00,2.97667,2.97741,2.97198,2.97352,0,0
2015-06-10,03:00:00,2.97358,2.97364,2.96819,2.97056,0,0
2015-06-10,04:00:00,2.9708,2.97381,2.96977,2.97319,0,0
2015-06-10,05:00:00,2.97323,2.97458,2.97141,2.97202,0,0
2015-06-10,06:00:00,2.97205,2.97222,2.97028,2.97131,0,0
2015-06-10,07:00:00,2.97131,3.00923,2.97129,3.00531,0,0
2015-06-10,08:00:00,3.00485,3.01259,3.0035,3.00681,0,0
2015-06-10,09:00:00,3.00585,3.01171,2.99925,2.99954,0,0
2015-06-10,10:00:00,2.99818,2.99842,2.98977,2.99134,0,0
2015-06-10,11:00:00,2.99123,2.99943,2.98431,2.99668,0,0
2015-06-10,12:00:00,2.99663,2.99936,2.9877,2.99151,0,0
2015-06-10,13:00:00,2.99145,2.99309,2.98225,2.98536,0,0
2015-06-10,14:00:00,2.98553,2.99006,2.98292,2.99006,0,0
2015-06-10,15:00:00,2.99017,2.994,2.98776,2.9891,0,0
2015-06-10,16:00:00,2.98915,2.98928,2.97645,2.98349,0,0
2015-06-10,17:00:00,2.98376,2.98859,2.98159,2.98574,0,0
2015-06-10,18:00:00,2.98659,2.98659,2.9731,2.98064,0,0
2015-06-10,19:00:00,2.98057,2.98482,2.9793,2.9821,0,0
2015-06-10,20:00:00,2.98206,2.98522,2.9805,2.98158,0,0
2015-06-10,21:00:00,2.98154,2.98422,2.98036,2.98341,0,0
2015-06-10,22:00:00,2.98335,2.98432,2.98039,2.98155,0,0
2015-06-10,23:00:00,2.9819,2.98364,2.97975,2.98143,0,0
2015-06-10,23:59:00,2.98165,2.98314,2.97854,2.981,0,0
2015-06-11,01:00:00,2.98097,2.98227,2.97783,2.97841,0,0
2015-06-11,02:00:00,2.97838,2.98249,2.97796,2.98194,0,0
2015-06-11,03:00:00,2.9818,2.9818,2.9735,2.97559,0,0
2015-06-11,04:00:00,2.97581,2.97954,2.97447,2.97486,0,0
2015-06-11,05:00:00,2.97501,2.97769,2.97254,2.97293,0,0
2015-06-11,06:00:00,2.97318,2.97432,2.97183,2.97225,0,0
2015-06-11,07:00:00,2.97223,2.97391,2.96902,2.96931,0,0
2015-06-11,08:00:00,2.96911,2.97103,2.96753,2.97005,0,0
2015-06-11,09:00:00,2.96983,2.97855,2.96761,2.97842,0,0
2015-06-11,10:00:00,2.97899,2.98424,2.97617,2.9815,0,0
2015-06-11,11:00:00,2.98209,2.98802,2.97777,2.97952,0,0
2015-06-11,12:00:00,2.97936,2.97936,2.97261,2.97636,0,0
2015-06-11,13:00:00,2.97626,2.97769,2.97235,2.97462,0,0
2015-06-11,14:00:00,2.97475,2.98192,2.97466,2.98087,0,0
2015-06-11,15:00:00,2.98052,2.98161,2.96629,2.97217,0,0
2015-06-11,16:00:00,2.97219,2.98082,2.97103,2.97397,0,0
2015-06-11,17:00:00,2.97407,2.98229,2.97062,2.9784,0,0
2015-06-11,18:00:00,2.97826,2.97959,2.974,2.97836,0,0
2015-06-11,19:00:00,2.97865,2.98128,2.97733,2.97733,0,0
2015-06-11,20:00:00,2.97736,2.97991,2.97544,2.97866,0,0
2015-06-11,21:00:00,2.97787,2.97835,2.97357,2.97515,0,0
2015-06-11,22:00:00,2.97501,2.97607,2.97316,2.97332,0,0
2015-06-11,23:00:00,2.97337,2.97539,2.9726,2.9745,0,0
2015-06-11,23:59:00,2.97464,2.97844,2.97212,2.97754,0,0
2015-06-12,01:00:00,2.97717,2.97769,2.97371,2.97516,0,0
2015-06-12,02:00:00,2.97516,2.9758,2.97163,2.97253,0,0
2015-06-12,03:00:00,2.97227,2.9756,2.97114,2.97425,0,0
2015-06-12,04:00:00,2.97429,2.97636,2.97253,2.97368,0,0
2015-06-12,05:00:00,2.97313,2.97733,2.97271,2.97603,0,0
2015-06-12,06:00:00,2.97615,2.97655,2.97264,2.97374,0,0
2015-06-12,07:00:00,2.97359,2.98365,2.97314,2.98007,0,0
2015-06-12,08:00:00,2.98015,2.98277,2.97716,2.97852,0,0
2015-06-12,09:00:00,2.97849,2.98726,2.97779,2.98597,0,0
2015-06-12,10:00:00,2.986,2.986,2.97357,2.97784,0,0
2015-06-12,11:00:00,2.97786,3.00159,2.97573,2.99771,0,0
2015-06-12,12:00:00,2.99725,2.9994,2.99111,2.99171,0,0
2015-06-12,13:00:00,2.99156,2.99374,2.98593,2.99182,0,0
2015-06-12,14:00:00,2.9917,2.9993,2.98917,2.99359,0,0
2015-06-12,15:00:00,2.99362,2.99545,2.98577,2.98694,0,0
2015-06-12,16:00:00,2.98672,2.99425,2.98348,2.99363,0,0
2015-06-12,17:00:00,2.99378,2.99891,2.98702,2.99017,0,0
2015-06-12,18:00:00,2.99009,2.99261,2.98147,2.983,0,0
2015-06-12,19:00:00,2.98317,2.98408,2.976,2.97774,0,0
2015-06-12,20:00:00,2.97792,2.97792,2.97311,2.97532,0,0
2015-06-12,21:00:00,2.97505,2.97795,2.97169,2.97795,0,0
2015-06-12,22:00:00,2.97773,2.98107,2.97709,2.98107,0,0
2015-06-12,23:00:00,2.98104,2.98104,2.97927,2.97968,0,0
2015-06-15,01:00:00,3.00142,3.00159,2.9939,2.99508,0,0
2015-06-15,02:00:00,2.99499,2.9974,2.99436,2.99557,0,0
2015-06-15,03:00:00,2.99543,2.99601,2.99145,2.99166,0,0
2015-06-15,04:00:00,2.99185,2.99581,2.99093,2.99402,0,0
2015-06-15,05:00:00,2.99411,2.99674,2.99363,2.99542,0,0
2015-06-15,06:00:00,2.99545,2.99733,2.99265,2.99388,0,0
2015-06-15,07:00:00,2.99388,2.99874,2.99238,2.99619,0,0
2015-06-15,08:00:00,2.99642,3.00032,2.9949,3.00008,0,0
2015-06-15,09:00:00,2.99996,3.0053,2.99566,2.99676,0,0
2015-06-15,10:00:00,2.99702,2.99732,2.98601,2.98829,0,0
2015-06-15,11:00:00,2.9886,2.99119,2.98369,2.98896,0,0
2015-06-15,12:00:00,2.98912,2.99391,2.98703,2.99316,0,0
2015-06-15,13:00:00,2.99311,2.99587,2.98892,2.99505,0,0
2015-06-15,14:00:00,2.99465,2.99883,2.99153,2.99819,0,0
2015-06-15,15:00:00,2.99815,3.00553,2.99759,3.00176,0,0
2015-06-15,16:00:00,3.00175,3.00553,2.99861,3.00086,0,0
2015-06-15,17:00:00,3.00089,3.00089,2.98653,2.98773,0,0
2015-06-15,18:00:00,2.98711,2.99405,2.98612,2.9889,0,0
2015-06-15,19:00:00,2.98776,2.99312,2.98356,2.98484,0,0
2015-06-15,20:00:00,2.98509,2.98979,2.9842,2.98972,0,0
2015-06-15,21:00:00,2.98998,2.99011,2.98343,2.98482,0,0
2015-06-15,22:00:00,2.98512,2.9859,2.98194,2.98296,0,0
2015-06-15,23:00:00,2.98299,2.98398,2.98074,2.98293,0,0
2015-06-15,23:59:00,2.98273,2.98568,2.98157,2.98157,0,0
2015-06-16,01:00:00,2.98167,2.98552,2.98111,2.9828,0,0
2015-06-16,02:00:00,2.98287,2.98417,2.98141,2.98223,0,0
2015-06-16,03:00:00,2.98218,2.98441,2.98169,2.98284,0,0
2015-06-16,04:00:00,2.98282,2.98636,2.97668,2.98099,0,0
2015-06-16,05:00:00,2.98063,2.98209,2.97843,2.98072,0,0
2015-06-16,06:00:00,2.98064,2.98136,2.97802,2.97941,0,0
2015-06-16,07:00:00,2.97951,2.97985,2.97767,2.97816,0,0
2015-06-16,08:00:00,2.97811,2.98085,2.97741,2.97755,0,0
2015-06-16,09:00:00,2.97758,2.98687,2.97536,2.97582,0,0
2015-06-16,10:00:00,2.97567,2.98718,2.97371,2.9839,0,0
2015-06-16,11:00:00,2.98401,2.99142,2.97942,2.98924,0,0
2015-06-16,12:00:00,2.98953,2.99113,2.98228,2.98788,0,0
2015-06-16,13:00:00,2.98779,2.99102,2.98226,2.98778,0,0
2015-06-16,14:00:00,2.98737,2.98835,2.9812,2.98618,0,0
2015-06-16,15:00:00,2.98697,2.99736,2.98687,2.98747,0,0
2015-06-16,16:00:00,2.98765,2.98815,2.98425,2.98581,0,0
2015-06-16,17:00:00,2.98617,2.99451,2.98421,2.98916,0,0
2015-06-16,18:00:00,2.98922,2.99092,2.98554,2.98649,0,0
2015-06-16,19:00:00,2.98693,2.98966,2.98584,2.98594,0,0
2015-06-16,20:00:00,2.98567,2.98638,2.98332,2.98542,0,0
2015-06-16,21:00:00,2.98571,2.9872,2.98353,2.98581,0,0
2015-06-16,22:00:00,2.98603,2.98962,2.98589,2.98845,0,0
2015-06-16,23:00:00,2.9884,2.9884,2.98264,2.98649,0,0
2015-06-16,23:59:00,2.98671,2.98911,2.98421,2.98566,0,0
2015-06-17,01:00:00,2.98563,2.98672,2.98417,2.98456,0,0
2015-06-17,02:00:00,2.98458,2.98648,2.98452,2.98489,0,0
2015-06-17,03:00:00,2.98494,2.98645,2.98483,2.98545,0,0
2015-06-17,04:00:00,2.98692,2.98741,2.98335,2.98509,0,0
2015-06-17,05:00:00,2.98506,2.98637,2.98394,2.98397,0,0
2015-06-17,06:00:00,2.98397,2.98439,2.98112,2.98195,0,0
2015-06-17,07:00:00,2.9819,2.98488,2.9818,2.98423,0,0
2015-06-17,08:00:00,2.98387,2.98582,2.98173,2.98535,0,0
2015-06-17,09:00:00,2.98499,2.98665,2.97897,2.98224,0,0
2015-06-17,10:00:00,2.98189,2.983,2.97723,2.97842,0,0
2015-06-17,11:00:00,2.97862,2.98227,2.97403,2.97723,0,0
2015-06-17,12:00:00,2.97618,2.9778,2.97025,2.97504,0,0
2015-06-17,13:00:00,2.97502,2.98097,2.97263,2.9805,0,0
2015-06-17,14:00:00,2.9804,2.98234,2.97638,2.97941,0,0
2015-06-17,15:00:00,2.97857,2.9803,2.97115,2.97237,0,0
2015-06-17,16:00:00,2.97198,2.97339,2.96842,2.97188,0,0
2015-06-17,17:00:00,2.97168,2.98274,2.97131,2.98274,0,0
2015-06-17,18:00:00,2.98257,2.98584,2.97883,2.98584,0,0
2015-06-17,19:00:00,2.98583,2.98783,2.97735,2.97779,0,0
2015-06-17,20:00:00,2.97788,2.97998,2.97217,2.97499,0,0
2015-06-17,21:00:00,2.97425,2.98977,2.97277,2.97556,0,0
2015-06-17,22:00:00,2.97524,2.97613,2.97005,2.97076,0,0
2015-06-17,23:00:00,2.97042,2.97124,2.96763,2.96823,0,0
2015-06-17,23:59:00,2.96731,2.96952,2.96574,2.96585,0,0
2015-06-18,01:00:00,2.96581,2.96808,2.96374,2.96461,0,0
2015-06-18,02:00:00,2.96443,2.96549,2.95576,2.95761,0,0
2015-06-18,03:00:00,2.95759,2.96333,2.95759,2.96285,0,0
2015-06-18,04:00:00,2.96277,2.96889,2.96238,2.96767,0,0
2015-06-18,05:00:00,2.96766,2.97211,2.96727,2.97055,0,0
2015-06-18,06:00:00,2.97013,2.97071,2.96765,2.96848,0,0
2015-06-18,07:00:00,2.96855,2.97047,2.96722,2.97012,0,0
2015-06-18,08:00:00,2.96977,2.97866,2.9696,2.97837,0,0
2015-06-18,09:00:00,2.97818,2.98431,2.97607,2.97806,0,0
2015-06-18,10:00:00,2.97821,2.98247,2.97161,2.97171,0,0
2015-06-18,11:00:00,2.97138,2.97755,2.96856,2.97634,0,0
2015-06-18,12:00:00,2.97643,2.98611,2.97473,2.9784,0,0
2015-06-18,13:00:00,2.97832,2.98269,2.97448,2.97903,0,0
2015-06-18,14:00:00,2.97883,2.98101,2.97398,2.97435,0,0
2015-06-18,15:00:00,2.97422,2.98331,2.97316,2.98,0,0
2015-06-18,16:00:00,2.97965,2.98119,2.9741,2.9755,0,0
2015-06-18,17:00:00,2.97528,2.97593,2.97055,2.97384,0,0
2015-06-18,18:00:00,2.97383,2.98178,2.97253,2.97969,0,0
2015-06-18,19:00:00,2.98037,2.98541,2.9691,2.97846,0,0
2015-06-18,20:00:00,2.97868,2.98538,2.97627,2.98239,0,0
2015-06-18,21:00:00,2.98241,2.98532,2.97956,2.98245,0,0
2015-06-18,22:00:00,2.98244,2.98798,2.98184,2.98439,0,0
2015-06-18,23:00:00,2.98422,2.98725,2.98422,2.98707,0,0
2015-06-18,23:59:00,2.9891,2.9891,2.98572,2.98682,0,0
2015-06-19,01:00:00,2.98678,2.98688,2.97947,2.98334,0,0
2015-06-19,02:00:00,2.98334,2.98482,2.98114,2.98268,0,0
2015-06-19,03:00:00,2.98265,2.98321,2.98006,2.98193,0,0
2015-06-19,04:00:00,2.98152,2.98362,2.98152,2.98242,0,0
2015-06-19,05:00:00,2.98297,2.98403,2.98176,2.98284,0,0
2015-06-19,06:00:00,2.98286,2.98429,2.98118,2.98226,0,0
2015-06-19,07:00:00,2.98233,2.98513,2.98149,2.98513,0,0
2015-06-19,08:00:00,2.98513,2.9859,2.98381,2.98422,0,0
2015-06-19,09:00:00,2.98444,2.99219,2.98444,2.98952,0,0
2015-06-19,10:00:00,2.98933,2.99825,2.98764,2.99214,0,0
2015-06-19,11:00:00,2.99211,2.99911,2.99034,2.99698,0,0
2015-06-19,12:00:00,2.9972,2.99819,2.99207,2.99555,0,0
2015-06-19,13:00:00,2.99553,3.00157,2.99447,3.00156,0,0
2015-06-19,14:00:00,3.00158,3.00232,2.99462,2.99708,0,0
2015-06-19,15:00:00,2.99652,2.99956,2.99468,2.99913,0,0
2015-06-19,16:00:00,2.99907,3.01136,2.99907,3.0042,0,0
2015-06-19,17:00:00,3.00395,3.00401,2.99994,3.00273,0,0
2015-06-19,18:00:00,3.00279,3.00781,3.00187,3.00602,0,0
2015-06-19,19:00:00,3.0061,3.0082,3.00506,3.00603,0,0
2015-06-19,20:00:00,3.00572,3.00647,2.99877,3.00338,0,0
2015-06-19,21:00:00,3.00355,3.00554,3.00188,3.00417,0,0
2015-06-19,22:00:00,3.0042,3.00602,3.00349,3.00493,0,0
2015-06-19,23:00:00,3.0046,3.0061,3.0046,3.00561,0,0
2015-06-22,01:00:00,2.99005,2.99671,2.99005,2.99504,0,0
2015-06-22,02:00:00,2.99475,2.99586,2.99155,2.99429,0,0
2015-06-22,03:00:00,2.99424,2.99551,2.99184,2.9951,0,0
2015-06-22,04:00:00,2.99478,2.99587,2.99224,2.99298,0,0
2015-06-22,05:00:00,2.99298,2.99421,2.9906,2.9912,0,0
2015-06-22,06:00:00,2.99089,2.99175,2.98977,2.99174,0,0
2015-06-22,07:00:00,2.9917,2.99194,2.98751,2.98865,0,0
2015-06-22,08:00:00,2.98867,2.99108,2.98707,2.98727,0,0
2015-06-22,09:00:00,2.98725,2.98977,2.97399,2.97588,0,0
2015-06-22,10:00:00,2.97588,2.98824,2.97477,2.98558,0,0
2015-06-22,11:00:00,2.9858,2.99163,2.98447,2.99049,0,0
2015-06-22,12:00:00,2.99032,2.99353,2.97878,2.97927,0,0
2015-06-22,13:00:00,2.97907,2.98173,2.97255,2.97848,0,0
2015-06-22,14:00:00,2.97845,2.98054,2.97382,2.97459,0,0
2015-06-22,15:00:00,2.97483,2.98913,2.97483,2.98454,0,0
2015-06-22,16:00:00,2.98454,2.98599,2.97743,2.98142,0,0
2015-06-22,17:00:00,2.98116,2.98239,2.96753,2.97119,0,0
2015-06-22,18:00:00,2.97128,2.97491,2.96781,2.97435,0,0
2015-06-22,19:00:00,2.97408,2.97764,2.97355,2.97407,0,0
2015-06-22,20:00:00,2.97394,2.98028,2.97289,2.97955,0,0
2015-06-22,21:00:00,2.97958,2.98001,2.97556,2.98001,0,0
2015-06-22,22:00:00,2.98015,2.98194,2.97853,2.97934,0,0
2015-06-22,23:00:00,2.97941,2.97975,2.9772,2.97776,0,0
2015-06-22,23:59:00,2.97669,2.98137,2.9755,2.97926,0,0
2015-06-23,01:00:00,2.97926,2.98298,2.97889,2.98204,0,0
2015-06-23,02:00:00,2.98204,2.98239,2.97837,2.98076,0,0
2015-06-23,03:00:00,2.98059,2.98273,2.98043,2.9816,0,0
2015-06-23,04:00:00,2.9815,2.98291,2.98065,2.98099,0,0
2015-06-23,05:00:00,2.98098,2.99456,2.98081,2.99254,0,0
2015-06-23,06:00:00,2.99273,2.99427,2.98989,2.99139,0,0
2015-06-23,07:00:00,2.99132,2.99242,2.98554,2.9857,0,0
2015-06-23,08:00:00,2.9857,2.98808,2.98461,2.98643,0,0
2015-06-23,09:00:00,2.98608,3.00039,2.98561,2.98979,0,0
2015-06-23,10:00:00,2.99001,2.99131,2.98183,2.98794,0,0
2015-06-23,11:00:00,2.98808,2.99597,2.98776,2.9954,0,0
2015-06-23,12:00:00,2.99584,3.00129,2.99514,2.99956,0,0
2015-06-23,13:00:00,2.99975,3.00659,2.99808,3.00524,0,0
2015-06-23,14:00:00,3.00501,3.00682,3.00278,3.00539,0,0
2015-06-23,15:00:00,3.00567,3.01404,3.00485,3.00979,0,0
2015-06-23,16:00:00,3.0099,3.017,3.00927,3.01169,0,0
2015-06-23,17:00:00,3.01128,3.01336,2.9996,3.00515,0,0
2015-06-23,18:00:00,3.00383,3.0099,3.00337,3.00744,0,0
2015-06-23,19:00:00,3.00762,3.01173,3.00721,3.00882,0,0
2015-06-23,20:00:00,3.00894,3.00955,3.00519,3.00749,0,0
2015-06-23,21:00:00,3.00749,3.00843,3.00351,3.00621,0,0
2015-06-23,22:00:00,3.00606,3.00933,3.0013,3.00798,0,0
2015-06-23,23:00:00,3.00776,3.00844,3.00289,3.00676,0,0
2015-06-23,23:59:00,3.00698,3.01018,3.00655,3.00788,0,0
2015-06-24,01:00:00,3.00756,3.00899,3.00654,3.00657,0,0
2015-06-24,02:00:00,3.00657,3.00959,3.0065,3.0074,0,0
2015-06-24,03:00:00,3.00732,3.01112,3.00586,3.01052,0,0
2015-06-24,04:00:00,3.01058,3.01143,3.00861,3.01096,0,0
2015-06-24,05:00:00,3.01059,3.01149,3.00608,3.00687,0,0
2015-06-24,06:00:00,3.00687,3.00823,3.00608,3.00625,0,0
2015-06-24,07:00:00,3.00625,3.00757,3.00474,3.00628,0,0
2015-06-24,08:00:00,3.00628,3.00684,2.99778,3.00128,0,0
2015-06-24,09:00:00,3.00162,3.00586,2.99948,3.00182,0,0
2015-06-24,10:00:00,3.00162,3.00353,2.99062,2.99062,0,0
2015-06-24,11:00:00,2.99111,2.99695,2.98899,2.9956,0,0
2015-06-24,12:00:00,2.99588,3.01027,2.99229,3.00475,0,0
2015-06-24,13:00:00,3.00529,3.00613,2.99794,2.99826,0,0
2015-06-24,14:00:00,2.9979,3.00282,2.99781,2.99854,0,0
2015-06-24,15:00:00,2.99855,3.0061,2.9973,3.00392,0,0
2015-06-24,16:00:00,3.00408,3.0067,3.00077,3.0018,0,0
2015-06-24,17:00:00,3.00187,3.00266,2.99731,2.9984,0,0
2015-06-24,18:00:00,2.99851,3.00496,2.99734,3.00479,0,0
2015-06-24,19:00:00,3.00472,3.00796,2.99633,3.00227,0,0
2015-06-24,20:00:00,3.0021,3.00532,2.99974,3.00246,0,0
2015-06-24,21:00:00,3.00249,3.0061,3.00126,3.00365,0,0
2015-06-24,22:00:00,3.00346,3.00543,3.00162,3.00524,0,0
2015-06-24,23:00:00,3.00547,3.0057,3.00195,3.00438,0,0
2015-06-24,23:59:00,3.00421,3.00914,3.00418,3.00554,0,0
2015-06-25,01:00:00,3.00554,3.00663,3.00509,3.00555,0,0
2015-06-25,02:00:00,3.00555,3.00739,3.00514,3.0058,0,0
2015-06-25,03:00:00,3.00563,3.00691,3.00451,3.00639,0,0
2015-06-25,04:00:00,3.00628,3.00641,3.00456,3.00559,0,0
2015-06-25,05:00:00,3.00571,3.00703,3.00505,3.00624,0,0
2015-06-25,06:00:00,3.00633,3.00953,3.00557,3.00856,0,0
2015-06-25,07:00:00,3.00903,3.01188,3.00749,3.01003,0,0
2015-06-25,08:00:00,3.01048,3.01368,3.01,3.01231,0,0
2015-06-25,09:00:00,3.01232,3.01356,3.00692,3.00879,0,0
2015-06-25,10:00:00,3.00902,3.01014,3.00304,3.00934,0,0
2015-06-25,11:00:00,3.00977,3.01611,3.00441,3.01556,0,0
2015-06-25,12:00:00,3.01552,3.03267,3.01343,3.02761,0,0
2015-06-25,13:00:00,3.0272,3.02903,3.00388,3.01369,0,0
2015-06-25,14:00:00,3.01367,3.01871,3.00994,3.01205,0,0
2015-06-25,15:00:00,3.01188,3.01302,3.00889,3.00969,0,0
2015-06-25,16:00:00,3.00992,3.01786,3.00822,3.01225,0,0
2015-06-25,17:00:00,3.01251,3.01739,3.00925,3.01314,0,0
2015-06-25,18:00:00,3.01295,3.01388,3.01129,3.01362,0,0
2015-06-25,19:00:00,3.01358,3.01436,3.0113,3.01165,0,0
2015-06-25,20:00:00,3.01167,3.0137,3.01151,3.01256,0,0
2015-06-25,21:00:00,3.01256,3.01486,3.01189,3.01246,0,0
2015-06-25,22:00:00,3.0125,3.01304,3.01102,3.01192,0,0
2015-06-25,23:00:00,3.01182,3.01291,3.01116,3.01165,0,0
2015-06-25,23:59:00,3.01162,3.01261,3.01007,3.01148,0,0
2015-06-26,01:00:00,3.01146,3.01331,3.01137,3.01324,0,0
2015-06-26,02:00:00,3.0132,3.01369,3.01161,3.01241,0,0
2015-06-26,03:00:00,3.0124,3.01949,3.01189,3.0175,0,0
2015-06-26,04:00:00,3.01743,3.02208,3.01637,3.02134,0,0
2015-06-26,05:00:00,3.02132,3.02668,3.02098,3.02408,0,0
2015-06-26,06:00:00,3.02406,3.02406,3.02163,3.0218,0,0
2015-06-26,07:00:00,3.02149,3.02245,3.01868,3.02111,0,0
2015-06-26,08:00:00,3.02104,3.02423,3.02067,3.02116,0,0
2015-06-26,09:00:00,3.02122,3.02174,3.01599,3.01724,0,0
2015-06-26,10:00:00,3.01705,3.021,3.01474,3.01995,0,0
2015-06-26,11:00:00,3.01995,3.02094,3.01556,3.01997,0,0
2015-06-26,12:00:00,3.0198,3.021,3.01517,3.01903,0,0
2015-06-26,13:00:00,3.01883,3.0213,3.01717,3.01958,0,0
2015-06-26,14:00:00,3.01915,3.02028,3.01404,3.0148,0,0
2015-06-26,15:00:00,3.01473,3.01857,3.01227,3.01702,0,0
2015-06-26,16:00:00,3.01772,3.02111,3.01245,3.01262,0,0
2015-06-26,17:00:00,3.01277,3.02467,3.00973,3.02426,0,0
2015-06-26,18:00:00,3.02424,3.02517,3.01794,3.0194,0,0
2015-06-26,19:00:00,3.01935,3.02488,3.01799,3.02204,0,0
2015-06-26,20:00:00,3.02226,3.02404,3.02105,3.0221,0,0
2015-06-26,21:00:00,3.02203,3.02273,3.02,3.02192,0,0
2015-06-26,22:00:00,3.02166,3.02166,3.01898,3.02019,0,0
2015-06-26,23:00:00,3.02022,3.02027,3.02006,3.02012,0,0
2015-06-29,01:00:00,3.10631,3.13161,3.10564,3.10863,0,0
2015-06-29,02:00:00,3.10866,3.11407,3.10329,3.11187,0,0
2015-06-29,03:00:00,3.11181,3.11439,3.08615,3.09079,0,0
2015-06-29,04:00:00,3.09077,3.09169,3.08529,3.08864,0,0
2015-06-29,05:00:00,3.08847,3.0898,3.08663,3.0889,0,0
2015-06-29,06:00:00,3.08893,3.09547,3.08879,3.09476,0,0
2015-06-29,07:00:00,3.09476,3.1067,3.09376,3.10265,0,0
2015-06-29,08:00:00,3.10266,3.11844,3.10049,3.10891,0,0
2015-06-29,09:00:00,3.10934,3.11342,3.07717,3.08046,0,0
2015-06-29,10:00:00,3.08062,3.08972,3.07761,3.08151,0,0
2015-06-29,11:00:00,3.08186,3.08428,3.05932,3.06393,0,0
2015-06-29,12:00:00,3.06391,3.08053,3.06364,3.07414,0,0
2015-06-29,13:00:00,3.07416,3.08036,3.06495,3.06787,0,0
2015-06-29,14:00:00,3.06755,3.07056,3.06562,3.06896,0,0
2015-06-29,15:00:00,3.06912,3.07149,3.06128,3.06738,0,0
2015-06-29,16:00:00,3.06722,3.07172,3.06312,3.06829,0,0
2015-06-29,17:00:00,3.0675,3.06815,3.05757,3.06634,0,0
2015-06-29,18:00:00,3.06573,3.06896,3.05797,3.06305,0,0
2015-06-29,19:00:00,3.06303,3.06456,3.05361,3.05561,0,0
2015-06-29,20:00:00,3.05516,3.05728,3.03778,3.0477,0,0
2015-06-29,21:00:00,3.04734,3.04967,3.04215,3.04535,0,0
2015-06-29,22:00:00,3.04565,3.05062,3.04432,3.04635,0,0
2015-06-29,23:00:00,3.04633,3.04797,3.04309,3.04718,0,0
2015-06-29,23:59:00,3.04761,3.04813,3.04453,3.04813,0,0
2015-06-30,01:00:00,3.04864,3.05235,3.04742,3.05094,0,0
2015-06-30,02:00:00,3.05092,3.05206,3.04623,3.04739,0,0
2015-06-30,03:00:00,3.04736,3.05311,3.04664,3.0519,0,0
2015-06-30,04:00:00,3.05205,3.05688,3.05081,3.05632,0,0
2015-06-30,05:00:00,3.05619,3.06714,3.05524,3.06602,0,0
2015-06-30,06:00:00,3.06595,3.06595,3.05844,3.05946,0,0
2015-06-30,07:00:00,3.06328,3.06379,3.05946,3.06326,0,0
2015-06-30,08:00:00,3.06354,3.06637,3.06016,3.0659,0,0
2015-06-30,09:00:00,3.06595,3.06847,3.05889,3.06763,0,0
2015-06-30,10:00:00,3.06752,3.07291,3.06441,3.06961,0,0
2015-06-30,11:00:00,3.06965,3.08635,3.06713,3.08437,0,0
2015-06-30,12:00:00,3.08398,3.08488,3.06039,3.06057,0,0
2015-06-30,13:00:00,3.06055,3.06723,3.05374,3.06105,0,0
2015-06-30,14:00:00,3.06089,3.06611,3.05817,3.06373,0,0
2015-06-30,15:00:00,3.06368,3.06368,3.05347,3.05473,0,0
2015-06-30,16:00:00,3.05471,3.0602,3.04858,3.05833,0,0
2015-06-30,17:00:00,3.05793,3.07431,3.05615,3.0737,0,0
2015-06-30,18:00:00,3.07329,3.07911,3.06973,3.07652,0,0
2015-06-30,19:00:00,3.07529,3.08251,3.07246,3.07701,0,0
2015-06-30,20:00:00,3.07705,3.08105,3.07371,3.07404,0,0
2015-06-30,21:00:00,3.07404,3.07979,3.07213,3.07569,0,0
2015-06-30,22:00:00,3.07551,3.07627,3.07107,3.07149,0,0
2015-06-30,23:00:00,3.07177,3.076,3.07128,3.07171,0,0
2015-06-30,23:59:00,3.06984,3.07389,3.06965,3.07305,0,0
2015-07-01,01:00:00,3.07308,3.07654,3.07243,3.07632,0,0
2015-07-01,02:00:00,3.07631,3.07768,3.07472,3.07577,0,0
2015-07-01,03:00:00,3.07537,3.07619,3.07072,3.07188,0,0
2015-07-01,04:00:00,3.07189,3.07241,3.0692,3.07057,0,0
2015-07-01,05:00:00,3.07057,3.07413,3.07043,3.07392,0,0
2015-07-01,06:00:00,3.07355,3.07377,3.07133,3.07166,0,0
2015-07-01,07:00:00,3.07168,3.0736,3.0708,3.07171,0,0
2015-07-01,08:00:00,3.07185,3.07185,3.06862,3.07022,0,0
2015-07-01,09:00:00,3.07021,3.07366,3.06781,3.07262,0,0
2015-07-01,10:00:00,3.07314,3.07865,3.07027,3.07382,0,0
2015-07-01,11:00:00,3.07415,3.07938,3.06062,3.0625,0,0
2015-07-01,12:00:00,3.06189,3.06581,3.04617,3.06365,0,0
2015-07-01,13:00:00,3.06386,3.0677,3.0598,3.06486,0,0
2015-07-01,14:00:00,3.06479,3.06945,3.06288,3.06867,0,0
2015-07-01,15:00:00,3.06862,3.07271,3.06539,3.06853,0,0
2015-07-01,16:00:00,3.06835,3.07343,3.06581,3.07079,0,0
2015-07-01,17:00:00,3.07065,3.07584,3.06761,3.06769,0,0
2015-07-01,18:00:00,3.0675,3.07389,3.0674,3.07294,0,0
2015-07-01,19:00:00,3.07299,3.07446,3.06913,3.07329,0,0
2015-07-01,20:00:00,3.0734,3.07718,3.072,3.07536,0,0
2015-07-01,21:00:00,3.07533,3.07879,3.07462,3.07752,0,0
2015-07-01,22:00:00,3.07742,3.07867,3.07608,3.07667,0,0
2015-07-01,23:00:00,3.07674,3.07886,3.07438,3.07676,0,0
2015-07-01,23:59:00,3.07695,3.07747,3.07527,3.0759,0,0
2015-07-02,01:00:00,3.0759,3.07754,3.07473,3.07694,0,0
2015-07-02,02:00:00,3.07694,3.07814,3.07561,3.07662,0,0
2015-07-02,03:00:00,3.07664,3.07753,3.07261,3.07353,0,0
2015-07-02,04:00:00,3.07339,3.07376,3.06923,3.07015,0,0
2015-07-02,05:00:00,3.07,3.07059,3.06504,3.066,0,0
2015-07-02,06:00:00,3.066,3.06756,3.06487,3.06753,0,0
2015-07-02,07:00:00,3.06753,3.06819,3.06517,3.06578,0,0
2015-07-02,08:00:00,3.06596,3.06824,3.0653,3.06669,0,0
2015-07-02,09:00:00,3.06674,3.07103,3.06386,3.06692,0,0
2015-07-02,10:00:00,3.06658,3.07253,3.06465,3.06786,0,0
2015-07-02,11:00:00,3.06813,3.06899,3.06162,3.0642,0,0
2015-07-02,12:00:00,3.06472,3.06682,3.06289,3.06443,0,0
2015-07-02,13:00:00,3.06465,3.0678,3.06324,3.0674,0,0
2015-07-02,14:00:00,3.06774,3.06782,3.06255,3.06419,0,0
2015-07-02,15:00:00,3.0641,3.07023,3.06225,3.06788,0,0
2015-07-02,16:00:00,3.06812,3.07563,3.0681,3.07201,0,0
2015-07-02,17:00:00,3.07238,3.07276,3.06299,3.06507,0,0
2015-07-02,18:00:00,3.06565,3.07048,3.06357,3.07022,0,0
2015-07-02,19:00:00,3.07021,3.07077,3.0678,3.06812,0,0
2015-07-02,20:00:00,3.06811,3.07284,3.06751,3.07211,0,0
2015-07-02,21:00:00,3.07239,3.07444,3.07177,3.07248,0,0
2015-07-02,22:00:00,3.07273,3.07426,3.07102,3.0727,0,0
2015-07-02,23:00:00,3.07351,3.07482,3.07189,3.07295,0,0
2015-07-02,23:59:00,3.0731,3.07409,3.07143,3.07241,0,0
2015-07-03,01:00:00,3.07238,3.07287,3.06984,3.07098,0,0
2015-07-03,02:00:00,3.07099,3.07227,3.07091,3.07149,0,0
2015-07-03,03:00:00,3.07148,3.07676,3.07148,3.07446,0,0
2015-07-03,04:00:00,3.07446,3.07581,3.07319,3.07399,0,0
2015-07-03,05:00:00,3.07404,3.07442,3.07021,3.07025,0,0
2015-07-03,06:00:00,3.07025,3.07082,3.06882,3.07077,0,0
2015-07-03,07:00:00,3.07077,3.07119,3.06886,3.06921,0,0
2015-07-03,08:00:00,3.06917,3.07042,3.06656,3.0696,0,0
2015-07-03,09:00:00,3.06917,3.06999,3.06684,3.06867,0,0
2015-07-03,10:00:00,3.06874,3.06932,3.06378,3.06563,0,0
2015-07-03,11:00:00,3.06579,3.06653,3.061,3.06578,0,0
2015-07-03,12:00:00,3.06534,3.06905,3.06461,3.06717,0,0
2015-07-03,13:00:00,3.06689,3.07034,3.06683,3.06912,0,0
2015-07-03,14:00:00,3.06913,3.076,3.06913,3.07532,0,0
2015-07-03,15:00:00,3.07533,3.08198,3.0742,3.07928,0,0
2015-07-03,16:00:00,3.07919,3.08245,3.07452,3.08117,0,0
2015-07-03,17:00:00,3.08088,3.08278,3.0749,3.07578,0,0
2015-07-03,18:00:00,3.07542,3.08279,3.0739,3.08215,0,0
2015-07-03,19:00:00,3.08256,3.08423,3.07302,3.08331,0,0
2015-07-03,20:00:00,3.08324,3.08324,3.07624,3.07734,0,0
2015-07-03,21:00:00,3.07734,3.07792,3.07453,3.07561,0,0
2015-07-03,22:00:00,3.07562,3.07889,3.07304,3.07466,0,0
2015-07-03,23:00:00,3.07516,3.07638,3.07398,3.07435,0,0
2015-07-06,01:00:00,3.14139,3.1465,3.11765,3.11898,0,0
2015-07-06,02:00:00,3.11902,3.12302,3.11326,3.12235,0,0
2015-07-06,03:00:00,3.12237,3.12267,3.10909,3.11303,0,0
2015-07-06,04:00:00,3.11311,3.11324,3.09971,3.10228,0,0
2015-07-06,05:00:00,3.10186,3.10551,3.10128,3.10523,0,0
2015-07-06,06:00:00,3.10488,3.11007,3.10485,3.10876,0,0
2015-07-06,07:00:00,3.10866,3.12216,3.10807,3.11939,0,0
2015-07-06,08:00:00,3.1196,3.1286,3.09542,3.10185,0,0
2015-07-06,09:00:00,3.10133,3.10414,3.09227,3.09762,0,0
2015-07-06,10:00:00,3.09765,3.10015,3.08682,3.08682,0,0
2015-07-06,11:00:00,3.08739,3.09773,3.08413,3.09697,0,0
2015-07-06,12:00:00,3.09693,3.09951,3.09323,3.09525,0,0
2015-07-06,13:00:00,3.09525,3.10289,3.09424,3.09768,0,0
2015-07-06,14:00:00,3.09747,3.10873,3.09509,3.10803,0,0
2015-07-06,15:00:00,3.10771,3.11172,3.10437,3.10579,0,0
2015-07-06,16:00:00,3.10581,3.11007,3.10342,3.10408,0,0
2015-07-06,17:00:00,3.10414,3.10489,3.09224,3.09489,0,0
2015-07-06,18:00:00,3.09508,3.10219,3.0934,3.09583,0,0
2015-07-06,19:00:00,3.09596,3.09973,3.09116,3.09528,0,0
2015-07-06,20:00:00,3.09503,3.10151,3.09287,3.09997,0,0
2015-07-06,21:00:00,3.10012,3.11208,3.10012,3.11013,0,0
2015-07-06,22:00:00,3.10998,3.11019,3.10388,3.10477,0,0
2015-07-06,23:00:00,3.10463,3.10486,3.10109,3.10201,0,0
2015-07-06,23:59:00,3.10079,3.10298,3.10079,3.10234,0,0
2015-07-07,01:00:00,3.10246,3.10345,3.1009,3.10166,0,0
2015-07-07,02:00:00,3.10161,3.10314,3.10103,3.10184,0,0
2015-07-07,03:00:00,3.10181,3.10399,3.09837,3.09852,0,0
2015-07-07,04:00:00,3.09857,3.10514,3.0985,3.10406,0,0
2015-07-07,05:00:00,3.10401,3.10631,3.10374,3.10559,0,0
2015-07-07,06:00:00,3.10551,3.10846,3.105,3.10612,0,0
2015-07-07,07:00:00,3.10607,3.10815,3.10528,3.10558,0,0
2015-07-07,08:00:00,3.1056,3.10714,3.10143,3.10221,0,0
2015-07-07,09:00:00,3.10169,3.10733,3.10065,3.10563,0,0
2015-07-07,10:00:00,3.10565,3.11627,3.10475,3.11364,0,0
2015-07-07,11:00:00,3.1132,3.12487,3.10987,3.12487,0,0
2015-07-07,12:00:00,3.12489,3.12801,3.11957,3.12113,0,0
2015-07-07,13:00:00,3.1212,3.13129,3.11957,3.12295,0,0
2015-07-07,14:00:00,3.12369,3.13682,3.12305,3.13439,0,0
2015-07-07,15:00:00,3.13434,3.14117,3.13288,3.13901,0,0
2015-07-07,16:00:00,3.1388,3.14166,3.13476,3.13915,0,0
2015-07-07,17:00:00,3.13915,3.15545,3.13915,3.15112,0,0
2015-07-07,18:00:00,3.15063,3.156,3.14887,3.149,0,0
2015-07-07,19:00:00,3.14896,3.15126,3.14522,3.14957,0,0
2015-07-07,20:00:00,3.1496,3.15021,3.13761,3.14014,0,0
2015-07-07,21:00:00,3.13965,3.14153,3.13461,3.13528,0,0
2015-07-07,22:00:00,3.13524,3.13524,3.1082,3.11672,0,0
2015-07-07,23:00:00,3.1165,3.12455,3.11453,3.11868,0,0
2015-07-07,23:59:00,3.11843,3.13122,3.11811,3.12714,0,0
2015-07-08,01:00:00,3.12743,3.12871,3.12423,3.1245,0,0
2015-07-08,02:00:00,3.12412,3.12478,3.12054,3.12213,0,0
2015-07-08,03:00:00,3.12218,3.13229,3.12196,3.13127,0,0
2015-07-08,04:00:00,3.13116,3.14408,3.13116,3.13582,0,0
2015-07-08,05:00:00,3.13616,3.13934,3.13207,3.13798,0,0
2015-07-08,06:00:00,3.13803,3.14345,3.13692,3.14073,0,0
2015-07-08,07:00:00,3.14078,3.14178,3.13188,3.13933,0,0
2015-07-08,08:00:00,3.13896,3.14043,3.13381,3.14023,0,0
2015-07-08,09:00:00,3.13993,3.14867,3.13953,3.14806,0,0
2015-07-08,10:00:00,3.14841,3.15776,3.14255,3.14455,0,0
2015-07-08,11:00:00,3.14337,3.15004,3.1403,3.14242,0,0
2015-07-08,12:00:00,3.1425,3.14904,3.13865,3.14767,0,0
2015-07-08,13:00:00,3.14766,3.15844,3.14749,3.15775,0,0
2015-07-08,14:00:00,3.15719,3.1581,3.15209,3.15589,0,0
2015-07-08,15:00:00,3.15631,3.15716,3.1518,3.15491,0,0
2015-07-08,16:00:00,3.1551,3.16496,3.15394,3.16467,0,0
2015-07-08,17:00:00,3.16501,3.17322,3.15863,3.16107,0,0
2015-07-08,18:00:00,3.16156,3.17622,3.16122,3.17485,0,0
2015-07-08,19:00:00,3.17504,3.17696,3.16667,3.17654,0,0
2015-07-08,20:00:00,3.17627,3.1781,3.17216,3.17525,0,0
2015-07-08,21:00:00,3.17531,3.17872,3.17107,3.17699,0,0
2015-07-08,22:00:00,3.17703,3.17941,3.17137,3.1739,0,0
2015-07-08,23:00:00,3.17347,3.17378,3.16896,3.17029,0,0
2015-07-08,23:59:00,3.17022,3.17179,3.16486,3.16895,0,0
2015-07-09,01:00:00,3.16966,3.17468,3.16767,3.16791,0,0
2015-07-09,02:00:00,3.16829,3.16848,3.16327,3.16327,0,0
2015-07-09,03:00:00,3.16309,3.17207,3.16288,3.16924,0,0
2015-07-09,04:00:00,3.1692,3.16951,3.1604,3.16123,0,0
2015-07-09,05:00:00,3.1607,3.16107,3.15035,3.15679,0,0
2015-07-09,06:00:00,3.15675,3.15675,3.15003,3.15248,0,0
2015-07-09,07:00:00,3.15251,3.15289,3.14881,3.14881,0,0
2015-07-09,08:00:00,3.14865,3.14916,3.13696,3.14045,0,0
2015-07-09,09:00:00,3.14048,3.14969,3.13451,3.14001,0,0
2015-07-09,10:00:00,3.14054,3.16031,3.14054,3.15915,0,0
2015-07-09,11:00:00,3.15962,3.16051,3.15022,3.153,0,0
2015-07-09,12:00:00,3.15305,3.1587,3.14929,3.15098,0,0
2015-07-09,13:00:00,3.15115,3.15654,3.14873,3.15151,0,0
2015-07-09,14:00:00,3.15117,3.15284,3.13475,3.13475,0,0
2015-07-09,15:00:00,3.13491,3.14716,3.13394,3.14269,0,0
2015-07-09,16:00:00,3.14272,3.14819,3.14094,3.14717,0,0
2015-07-09,17:00:00,3.14718,3.14944,3.14403,3.14859,0,0
2015-07-09,18:00:00,3.14958,3.15961,3.14874,3.15871,0,0
2015-07-09,19:00:00,3.15854,3.16119,3.15304,3.15869,0,0
2015-07-09,20:00:00,3.15893,3.16306,3.15556,3.15847,0,0
2015-07-09,21:00:00,3.15874,3.15925,3.15353,3.15501,0,0
2015-07-09,22:00:00,3.15488,3.15547,3.14902,3.15193,0,0
2015-07-09,23:00:00,3.15239,3.1527,3.14831,3.14913,0,0
2015-07-09,23:59:00,3.1492,3.15068,3.14063,3.14063,0,0
2015-07-10,01:00:00,3.14122,3.14186,3.12225,3.12757,0,0
2015-07-10,02:00:00,3.12774,3.1338,3.12545,3.1318,0,0
2015-07-10,03:00:00,3.13178,3.13819,3.12754,3.12828,0,0
2015-07-10,04:00:00,3.12835,3.1288,3.11748,3.11969,0,0
2015-07-10,05:00:00,3.11985,3.12126,3.11438,3.11458,0,0
2015-07-10,06:00:00,3.11473,3.11816,3.11397,3.11611,0,0
2015-07-10,07:00:00,3.11607,3.12151,3.11442,3.12032,0,0
2015-07-10,08:00:00,3.12027,3.12253,3.10667,3.10935,0,0
2015-07-10,09:00:00,3.11004,3.11004,3.09399,3.10112,0,0
2015-07-10,10:00:00,3.1004,3.10695,3.08529,3.0909,0,0
2015-07-10,11:00:00,3.09096,3.09567,3.08626,3.08647,0,0
2015-07-10,12:00:00,3.08662,3.08752,3.06257,3.06793,0,0
2015-07-10,13:00:00,3.06782,3.06977,3.05343,3.05356,0,0
2015-07-10,14:00:00,3.05391,3.05804,3.04191,3.05366,0,0
2015-07-10,15:00:00,3.0537,3.05449,3.04055,3.04119,0,0
2015-07-10,16:00:00,3.04098,3.04876,3.03869,3.04285,0,0
2015-07-10,17:00:00,3.04251,3.04658,3.03955,3.04386,0,0
2015-07-10,18:00:00,3.04402,3.05464,3.04328,3.04957,0,0
2015-07-10,19:00:00,3.05007,3.05667,3.04736,3.056,0,0
2015-07-10,20:00:00,3.0555,3.057,3.05332,3.05352,0,0
2015-07-10,21:00:00,3.05371,3.05458,3.05165,3.05373,0,0
2015-07-10,22:00:00,3.05397,3.05424,3.04937,3.04937,0,0
2015-07-10,23:00:00,3.04955,3.05053,3.04955,3.05041,0,0
2015-07-13,01:00:00,3.06127,3.06831,3.05722,3.06793,0,0
2015-07-13,02:00:00,3.06806,3.06939,3.06024,3.06534,0,0
2015-07-13,03:00:00,3.06504,3.06636,3.05887,3.06419,0,0
2015-07-13,04:00:00,3.06417,3.06991,3.06302,3.06565,0,0
2015-07-13,05:00:00,3.06576,3.06779,3.06269,3.06328,0,0
2015-07-13,06:00:00,3.0628,3.06598,3.05496,3.0607,0,0
2015-07-13,07:00:00,3.06057,3.06397,3.05841,3.06247,0,0
2015-07-13,08:00:00,3.06218,3.06338,3.05448,3.05514,0,0
2015-07-13,09:00:00,3.05518,3.06341,3.01711,3.02565,0,0
2015-07-13,10:00:00,3.02514,3.03954,3.02146,3.03371,0,0
2015-07-13,11:00:00,3.03395,3.04452,3.03395,3.04177,0,0
2015-07-13,12:00:00,3.04261,3.04369,3.03446,3.03689,0,0
2015-07-13,13:00:00,3.03677,3.04469,3.03677,3.0394,0,0
2015-07-13,14:00:00,3.03978,3.03981,3.03222,3.03521,0,0
2015-07-13,15:00:00,3.03514,3.04418,3.03395,3.03471,0,0
2015-07-13,16:00:00,3.03487,3.04234,3.03481,3.03983,0,0
2015-07-13,17:00:00,3.03864,3.04455,3.03398,3.04421,0,0
2015-07-13,18:00:00,3.04378,3.04533,3.03768,3.04513,0,0
2015-07-13,19:00:00,3.04515,3.04761,3.04209,3.04497,0,0
2015-07-13,20:00:00,3.04479,3.04852,3.044,3.04806,0,0
2015-07-13,21:00:00,3.04815,3.04856,3.04498,3.04843,0,0
2015-07-13,22:00:00,3.04876,3.04876,3.04575,3.04859,0,0
2015-07-13,23:00:00,3.04862,3.04862,3.04527,3.04651,0,0
2015-07-13,23:59:00,3.04598,3.04806,3.04409,3.04486,0,0
2015-07-14,01:00:00,3.04478,3.04636,3.04132,3.0414,0,0
2015-07-14,02:00:00,3.0414,3.04769,3.04124,3.04769,0,0
2015-07-14,03:00:00,3.04724,3.04794,3.04421,3.0449,0,0
2015-07-14,04:00:00,3.04516,3.0473,3.04324,3.04655,0,0
2015-07-14,05:00:00,3.04655,3.04712,3.04353,3.04536,0,0
2015-07-14,06:00:00,3.04545,3.04726,3.04358,3.04401,0,0
2015-07-14,07:00:00,3.04401,3.04627,3.0433,3.04487,0,0
2015-07-14,08:00:00,3.04487,3.05287,3.04386,3.05278,0,0
2015-07-14,09:00:00,3.05272,3.06088,3.04984,3.05896,0,0
2015-07-14,10:00:00,3.05891,3.06084,3.05166,3.05699,0,0
2015-07-14,11:00:00,3.05675,3.05941,3.04798,3.05179,0,0
2015-07-14,12:00:00,3.05162,3.05341,3.0439,3.0458,0,0
2015-07-14,13:00:00,3.0458,3.05518,3.04405,3.05348,0,0
2015-07-14,14:00:00,3.05322,3.05567,3.05062,3.05299,0,0
2015-07-14,15:00:00,3.05269,3.05269,3.04433,3.0499,0,0
2015-07-14,16:00:00,3.0499,3.05122,3.04592,3.04855,0,0
2015-07-14,17:00:00,3.04825,3.05087,3.04447,3.0463,0,0
2015-07-14,18:00:00,3.04679,3.04719,3.03966,3.04017,0,0
2015-07-14,19:00:00,3.04033,3.04531,3.03968,3.04287,0,0
2015-07-14,20:00:00,3.0428,3.04435,3.03979,3.04312,0,0
2015-07-14,21:00:00,3.04324,3.04385,3.04104,3.04195,0,0
2015-07-14,22:00:00,3.04198,3.04375,3.04162,3.04268,0,0
2015-07-14,23:00:00,3.04259,3.0434,3.03956,3.04041,0,0
2015-07-14,23:59:00,3.04002,3.04188,3.0389,3.04112,0,0
2015-07-15,01:00:00,3.0415,3.04161,3.03887,3.0405,0,0
2015-07-15,02:00:00,3.04044,3.04346,3.04011,3.04262,0,0
2015-07-15,03:00:00,3.04257,3.04727,3.04257,3.04557,0,0
2015-07-15,04:00:00,3.0463,3.04665,3.04124,3.04198,0,0
2015-07-15,05:00:00,3.04216,3.04351,3.03998,3.04273,0,0
2015-07-15,06:00:00,3.04273,3.04447,3.03941,3.04037,0,0
2015-07-15,07:00:00,3.0403,3.04384,3.03993,3.04211,0,0
2015-07-15,08:00:00,3.04213,3.0453,3.04112,3.04393,0,0
2015-07-15,09:00:00,3.04407,3.04555,3.03667,3.03846,0,0
2015-07-15,10:00:00,3.0386,3.04386,3.03497,3.04001,0,0
2015-07-15,11:00:00,3.04002,3.04002,3.03066,3.03213,0,0
2015-07-15,12:00:00,3.03179,3.03488,3.03136,3.03241,0,0
2015-07-15,13:00:00,3.03249,3.03534,3.03044,3.03467,0,0
2015-07-15,14:00:00,3.03471,3.04006,3.03306,3.03801,0,0
2015-07-15,15:00:00,3.03802,3.04368,3.03658,3.04368,0,0
2015-07-15,16:00:00,3.04341,3.04577,3.03871,3.04569,0,0
2015-07-15,17:00:00,3.04569,3.04837,3.04063,3.04488,0,0
2015-07-15,18:00:00,3.04474,3.04608,3.04064,3.04156,0,0
2015-07-15,19:00:00,3.04152,3.04758,3.03962,3.04542,0,0
2015-07-15,20:00:00,3.04549,3.05092,3.04539,3.04819,0,0
2015-07-15,21:00:00,3.04816,3.05121,3.04621,3.05021,0,0
2015-07-15,22:00:00,3.05031,3.05225,3.04609,3.04625,0,0
2015-07-15,23:00:00,3.04653,3.04885,3.04606,3.04735,0,0
2015-07-15,23:59:00,3.04722,3.04919,3.04668,3.0488,0,0
2015-07-16,01:00:00,3.04817,3.04978,3.04042,3.04078,0,0
2015-07-16,02:00:00,3.04064,3.04813,3.03982,3.0476,0,0
2015-07-16,03:00:00,3.04733,3.05078,3.04676,3.04959,0,0
2015-07-16,04:00:00,3.04953,3.05617,3.04866,3.05249,0,0
2015-07-16,05:00:00,3.05235,3.05372,3.04997,3.05088,0,0
2015-07-16,06:00:00,3.05081,3.05261,3.0495,3.05183,0,0
2015-07-16,07:00:00,3.05184,3.05288,3.05091,3.05155,0,0
2015-07-16,08:00:00,3.0514,3.05384,3.04923,3.04925,0,0
2015-07-16,09:00:00,3.04892,3.05161,3.04347,3.04771,0,0
2015-07-16,10:00:00,3.04831,3.0494,3.03678,3.04533,0,0
2015-07-16,11:00:00,3.04536,3.04859,3.03926,3.042,0,0
2015-07-16,12:00:00,3.04241,3.04361,3.03651,3.04306,0,0
2015-07-16,13:00:00,3.04308,3.04665,3.04207,3.04487,0,0
2015-07-16,14:00:00,3.04492,3.04687,3.0429,3.04544,0,0
2015-07-16,15:00:00,3.04572,3.0488,3.03851,3.0488,0,0
2015-07-16,16:00:00,3.04873,3.04927,3.03787,3.03923,0,0
2015-07-16,17:00:00,3.03943,3.04214,3.03727,3.03913,0,0
2015-07-16,18:00:00,3.03893,3.04294,3.03885,3.04232,0,0
2015-07-16,19:00:00,3.04244,3.04962,3.04215,3.04871,0,0
2015-07-16,20:00:00,3.0488,3.04911,3.04481,3.04718,0,0
2015-07-16,21:00:00,3.04714,3.04938,3.04415,3.04578,0,0
2015-07-16,22:00:00,3.0459,3.04747,3.04417,3.04565,0,0
2015-07-16,23:00:00,3.04607,3.04745,3.04512,3.04661,0,0
2015-07-16,23:59:00,3.04661,3.04702,3.04394,3.04569,0,0
2015-07-17,01:00:00,3.04567,3.04727,3.04403,3.04436,0,0
2015-07-17,02:00:00,3.04436,3.04565,3.04269,3.04326,0,0
2015-07-17,03:00:00,3.04338,3.04539,3.04241,3.04348,0,0
2015-07-17,04:00:00,3.0435,3.0448,3.04203,3.0436,0,0
2015-07-17,05:00:00,3.04359,3.04526,3.04298,3.0452,0,0
2015-07-17,06:00:00,3.04507,3.04509,3.04059,3.04196,0,0
2015-07-17,07:00:00,3.04196,3.0451,3.04167,3.04372,0,0
2015-07-17,08:00:00,3.04404,3.04796,3.04363,3.04599,0,0
2015-07-17,09:00:00,3.04576,3.04671,3.04214,3.04365,0,0
2015-07-17,10:00:00,3.04367,3.04877,3.03815,3.03987,0,0
2015-07-17,11:00:00,3.03993,3.04336,3.03374,3.03703,0,0
2015-07-17,12:00:00,3.03691,3.0373,3.03226,3.03596,0,0
2015-07-17,13:00:00,3.03591,3.03934,3.03427,3.03717,0,0
2015-07-17,14:00:00,3.0376,3.04036,3.03529,3.03845,0,0
2015-07-17,15:00:00,3.03845,3.04617,3.03626,3.04592,0,0
2015-07-17,16:00:00,3.04585,3.05287,3.04316,3.05287,0,0
2015-07-17,17:00:00,3.05324,3.05455,3.04926,3.05168,0,0
2015-07-17,18:00:00,3.05179,3.05443,3.05127,3.05386,0,0
2015-07-17,19:00:00,3.05398,3.05529,3.05061,3.05061,0,0
2015-07-17,20:00:00,3.05081,3.05454,3.05044,3.05371,0,0
2015-07-17,21:00:00,3.05371,3.05452,3.0514,3.05252,0,0
2015-07-17,22:00:00,3.05256,3.05426,3.05163,3.05418,0,0
2015-07-17,23:00:00,3.05432,3.05432,3.0541,3.05419,0,0
2015-07-20,01:00:00,3.05389,3.05521,3.05093,3.05238,0,0
2015-07-20,02:00:00,3.05314,3.0552,3.05191,3.05461,0,0
2015-07-20,03:00:00,3.0547,3.0568,3.05278,3.05577,0,0
2015-07-20,04:00:00,3.05568,3.0575,3.05471,3.05745,0,0
2015-07-20,05:00:00,3.05762,3.05799,3.05537,3.05648,0,0
2015-07-20,06:00:00,3.05634,3.05857,3.05634,3.05773,0,0
2015-07-20,07:00:00,3.05746,3.05805,3.05601,3.05652,0,0
2015-07-20,08:00:00,3.05678,3.05752,3.05537,3.05633,0,0
2015-07-20,09:00:00,3.05614,3.05744,3.05051,3.05284,0,0
2015-07-20,10:00:00,3.05292,3.05528,3.04494,3.04623,0,0
2015-07-20,11:00:00,3.04607,3.04886,3.04427,3.04699,0,0
2015-07-20,12:00:00,3.04667,3.05741,3.04554,3.05109,0,0
2015-07-20,13:00:00,3.05117,3.05836,3.05117,3.05553,0,0
2015-07-20,14:00:00,3.05537,3.0603,3.05489,3.0557,0,0
2015-07-20,15:00:00,3.0553,3.05704,3.05247,3.05672,0,0
2015-07-20,16:00:00,3.05705,3.05993,3.0543,3.05959,0,0
2015-07-20,17:00:00,3.05927,3.05958,3.05405,3.05587,0,0
2015-07-20,18:00:00,3.05603,3.06029,3.05432,3.06026,0,0
2015-07-20,19:00:00,3.05992,3.06086,3.05744,3.06073,0,0
2015-07-20,20:00:00,3.06078,3.06211,3.0591,3.06153,0,0
2015-07-20,21:00:00,3.06149,3.06377,3.06091,3.06355,0,0
2015-07-20,22:00:00,3.06358,3.06438,3.06147,3.06186,0,0
2015-07-20,23:00:00,3.0619,3.06904,3.0619,3.06586,0,0
2015-07-20,23:59:00,3.06478,3.06631,3.06398,3.06554,0,0
