Date,Time,Open,High,Low,Close,Volume,OpenInt
2015-04-22,01:00:00,0.83551,0.83616,0.83538,0.83576,0,0
2015-04-22,02:00:00,0.83576,0.83611,0.83516,0.83567,0,0
2015-04-22,03:00:00,0.83574,0.83607,0.83486,0.83541,0,0
2015-04-22,04:00:00,0.83537,0.83593,0.83513,0.83562,0,0
2015-04-22,05:00:00,0.83562,0.83575,0.83523,0.83561,0,0
2015-04-22,06:00:00,0.83561,0.83586,0.8355,0.83582,0,0
2015-04-22,07:00:00,0.83582,0.83669,0.83565,0.83649,0,0
2015-04-22,08:00:00,0.83649,0.83716,0.8363,0.83637,0,0
2015-04-22,09:00:00,0.8364,0.83707,0.83596,0.83679,0,0
2015-04-22,10:00:00,0.8368,0.83689,0.83572,0.83623,0,0
2015-04-22,11:00:00,0.83622,0.8374,0.83617,0.83713,0,0
2015-04-22,12:00:00,0.83709,0.83778,0.83709,0.83763,0,0
2015-04-22,13:00:00,0.83764,0.83786,0.83704,0.83732,0,0
2015-04-22,14:00:00,0.83729,0.83735,0.83606,0.83618,0,0
2015-04-22,15:00:00,0.83619,0.83658,0.83561,0.83572,0,0
2015-04-22,16:00:00,0.83574,0.83574,0.83491,0.83521,0,0
2015-04-22,17:00:00,0.83517,0.8353,0.83407,0.83449,0,0
2015-04-22,18:00:00,0.83444,0.83444,0.83359,0.83401,0,0
2015-04-22,19:00:00,0.83401,0.83457,0.83393,0.8341,0,0
2015-04-22,20:00:00,0.83412,0.8345,0.83406,0.83426,0,0
2015-04-22,21:00:00,0.83424,0.83469,0.83397,0.83441,0,0
2015-04-22,22:00:00,0.8344,0.83442,0.83381,0.83393,0,0
2015-04-22,23:00:00,0.83392,0.83428,0.83372,0.83397,0,0
2015-04-22,23:59:00,0.83395,0.83403,0.83367,0.83383,0,0
2015-04-23,01:00:00,0.83381,0.83383,0.8333,0.83338,0,0
2015-04-23,02:00:00,0.83338,0.83378,0.83331,0.83369,0,0
2015-04-23,03:00:00,0.83371,0.83377,0.83269,0.83308,0,0
2015-04-23,04:00:00,0.83308,0.83353,0.83287,0.83299,0,0
2015-04-23,05:00:00,0.83303,0.83349,0.83284,0.83349,0,0
2015-04-23,06:00:00,0.83356,0.834,0.83333,0.83393,0,0
2015-04-23,07:00:00,0.83395,0.83542,0.83364,0.83511,0,0
2015-04-23,08:00:00,0.8351,0.83561,0.83427,0.83438,0,0
2015-04-23,09:00:00,0.83438,0.83484,0.83394,0.83463,0,0
2015-04-23,10:00:00,0.83455,0.83476,0.83384,0.83422,0,0
2015-04-23,11:00:00,0.83422,0.83455,0.83351,0.83355,0,0
2015-04-23,12:00:00,0.83351,0.83355,0.83289,0.83331,0,0
2015-04-23,13:00:00,0.83329,0.83398,0.83299,0.83381,0,0
2015-04-23,14:00:00,0.83378,0.83381,0.83272,0.83317,0,0
2015-04-23,15:00:00,0.83322,0.83392,0.83281,0.8335,0,0
2015-04-23,16:00:00,0.83352,0.83385,0.83305,0.83359,0,0
2015-04-23,17:00:00,0.83362,0.83581,0.83362,0.83566,0,0
2015-04-23,18:00:00,0.83572,0.83625,0.83523,0.83541,0,0
2015-04-23,19:00:00,0.83544,0.83632,0.83534,0.83536,0,0
2015-04-23,20:00:00,0.83535,0.83696,0.8353,0.83653,0,0
2015-04-23,21:00:00,0.83653,0.83732,0.83628,0.83693,0,0
2015-04-23,22:00:00,0.8369,0.83695,0.83647,0.83675,0,0
2015-04-23,23:00:00,0.83679,0.83686,0.83615,0.83624,0,0
2015-04-23,23:59:00,0.83623,0.83662,0.83608,0.83617,0,0
2015-04-24,01:00:00,0.83618,0.83627,0.83571,0.83592,0,0
2015-04-24,02:00:00,0.83591,0.83633,0.83583,0.83632,0,0
2015-04-24,03:00:00,0.83634,0.83721,0.83599,0.83697,0,0
2015-04-24,04:00:00,0.83697,0.83721,0.83656,0.83669,0,0
2015-04-24,05:00:00,0.83662,0.83692,0.83635,0.83651,0,0
2015-04-24,06:00:00,0.83651,0.83666,0.8359,0.83648,0,0
2015-04-24,07:00:00,0.83649,0.83679,0.83629,0.83677,0,0
2015-04-24,08:00:00,0.83674,0.83686,0.83609,0.83677,0,0
2015-04-24,09:00:00,0.83679,0.83922,0.83645,0.83901,0,0
2015-04-24,10:00:00,0.83902,0.83913,0.83763,0.83824,0,0
2015-04-24,11:00:00,0.83824,0.83853,0.83676,0.83686,0,0
2015-04-24,12:00:00,0.83688,0.83704,0.83617,0.83636,0,0
2015-04-24,13:00:00,0.8363,0.83707,0.8363,0.83663,0,0
2015-04-24,14:00:00,0.83665,0.83695,0.83626,0.83679,0,0
2015-04-24,15:00:00,0.8368,0.8386,0.83659,0.83821,0,0
2015-04-24,16:00:00,0.83821,0.84007,0.83819,0.83883,0,0
2015-04-24,17:00:00,0.83886,0.84038,0.83861,0.84031,0,0
2015-04-24,18:00:00,0.84036,0.84125,0.84034,0.84046,0,0
2015-04-24,19:00:00,0.84046,0.84073,0.83998,0.84002,0,0
2015-04-24,20:00:00,0.84002,0.8408,0.83993,0.84072,0,0
2015-04-24,21:00:00,0.8407,0.84153,0.8406,0.84121,0,0
2015-04-24,22:00:00,0.8412,0.8414,0.84094,0.84124,0,0
2015-04-24,23:00:00,0.84128,0.8413,0.8412,0.8412,0,0
2015-04-27,01:00:00,0.84109,0.84128,0.84063,0.84117,0,0
2015-04-27,02:00:00,0.84118,0.84118,0.8408,0.84085,0,0
2015-04-27,03:00:00,0.84086,0.84191,0.84036,0.84071,0,0
2015-04-27,04:00:00,0.84068,0.84084,0.84029,0.84077,0,0
2015-04-27,05:00:00,0.84075,0.8413,0.84075,0.84113,0,0
2015-04-27,06:00:00,0.84114,0.84114,0.84067,0.84072,0,0
2015-04-27,07:00:00,0.84072,0.84095,0.83973,0.83995,0,0
2015-04-27,08:00:00,0.83995,0.84091,0.83994,0.84072,0,0
2015-04-27,09:00:00,0.84072,0.84096,0.83874,0.83876,0,0
2015-04-27,10:00:00,0.83869,0.83941,0.83838,0.83888,0,0
2015-04-27,11:00:00,0.83887,0.83909,0.83845,0.83901,0,0
2015-04-27,12:00:00,0.83901,0.83955,0.83742,0.83882,0,0
2015-04-27,13:00:00,0.83882,0.83886,0.83776,0.83817,0,0
2015-04-27,14:00:00,0.83817,0.83838,0.83761,0.83761,0,0
2015-04-27,15:00:00,0.83762,0.83804,0.83729,0.83772,0,0
2015-04-27,16:00:00,0.83768,0.83826,0.83728,0.83752,0,0
2015-04-27,17:00:00,0.83749,0.83941,0.83746,0.83941,0,0
2015-04-27,18:00:00,0.83937,0.83993,0.83893,0.83938,0,0
2015-04-27,19:00:00,0.83938,0.84101,0.83933,0.84078,0,0
2015-04-27,20:00:00,0.84078,0.84093,0.83993,0.84001,0,0
2015-04-27,21:00:00,0.84001,0.84017,0.83969,0.83981,0,0
2015-04-27,22:00:00,0.83983,0.83994,0.83938,0.83967,0,0
2015-04-27,23:00:00,0.83964,0.84013,0.83945,0.84005,0,0
2015-04-27,23:59:00,0.84007,0.84022,0.83953,0.83964,0,0
2015-04-28,01:00:00,0.83959,0.83979,0.83924,0.83954,0,0
2015-04-28,02:00:00,0.8396,0.83975,0.839,0.83938,0,0
2015-04-28,03:00:00,0.83938,0.83984,0.83917,0.83931,0,0
2015-04-28,04:00:00,0.83931,0.84011,0.83893,0.83958,0,0
2015-04-28,05:00:00,0.83962,0.83988,0.83933,0.83987,0,0
2015-04-28,06:00:00,0.83987,0.83998,0.8394,0.83969,0,0
2015-04-28,07:00:00,0.83972,0.83972,0.83936,0.83957,0,0
2015-04-28,08:00:00,0.83957,0.83991,0.83945,0.83976,0,0
2015-04-28,09:00:00,0.83974,0.84017,0.83946,0.83987,0,0
2015-04-28,10:00:00,0.83986,0.84061,0.83943,0.84009,0,0
2015-04-28,11:00:00,0.84009,0.84017,0.83956,0.84015,0,0
2015-04-28,12:00:00,0.8401,0.84071,0.84005,0.84058,0,0
2015-04-28,13:00:00,0.84058,0.84121,0.84014,0.84121,0,0
2015-04-28,14:00:00,0.84123,0.84158,0.84063,0.84065,0,0
2015-04-28,15:00:00,0.84067,0.84071,0.83942,0.84004,0,0
2015-04-28,16:00:00,0.84007,0.84044,0.8396,0.84038,0,0
2015-04-28,17:00:00,0.84037,0.84191,0.84037,0.84164,0,0
2015-04-28,18:00:00,0.84158,0.84178,0.84116,0.84168,0,0
2015-04-28,19:00:00,0.84168,0.84169,0.84058,0.8408,0,0
2015-04-28,20:00:00,0.8408,0.84114,0.84056,0.84091,0,0
2015-04-28,21:00:00,0.84094,0.84145,0.84061,0.84128,0,0
2015-04-28,22:00:00,0.84128,0.84147,0.84091,0.84122,0,0
2015-04-28,23:00:00,0.84126,0.8415,0.84094,0.84123,0,0
2015-04-28,23:59:00,0.84131,0.84145,0.84118,0.84141,0,0
2015-04-29,01:00:00,0.84141,0.84157,0.84102,0.84145,0,0
2015-04-29,02:00:00,0.84144,0.84166,0.84134,0.84151,0,0
2015-04-29,03:00:00,0.84152,0.84208,0.84138,0.84187,0,0
2015-04-29,04:00:00,0.84186,0.84188,0.84126,0.8413,0,0
2015-04-29,05:00:00,0.84136,0.84164,0.84122,0.84145,0,0
2015-04-29,06:00:00,0.84143,0.84149,0.84114,0.84123,0,0
2015-04-29,07:00:00,0.84122,0.84145,0.84119,0.84134,0,0
2015-04-29,08:00:00,0.84134,0.84162,0.84123,0.84147,0,0
2015-04-29,09:00:00,0.84147,0.8416,0.84077,0.84123,0,0
2015-04-29,10:00:00,0.84121,0.84121,0.8405,0.84087,0,0
2015-04-29,11:00:00,0.84087,0.8409,0.83895,0.83918,0,0
2015-04-29,12:00:00,0.83907,0.83921,0.8379,0.83808,0,0
2015-04-29,13:00:00,0.83807,0.83822,0.8378,0.83808,0,0
2015-04-29,14:00:00,0.83807,0.83876,0.83807,0.83834,0,0
2015-04-29,15:00:00,0.83834,0.841,0.83794,0.8388,0,0
2015-04-29,16:00:00,0.83889,0.84053,0.83862,0.84052,0,0
2015-04-29,17:00:00,0.84051,0.84193,0.84015,0.84075,0,0
2015-04-29,18:00:00,0.8408,0.84159,0.84046,0.84152,0,0
2015-04-29,19:00:00,0.84148,0.84301,0.84135,0.84232,0,0
2015-04-29,20:00:00,0.84237,0.84308,0.84199,0.8428,0,0
2015-04-29,21:00:00,0.84274,0.84274,0.83955,0.84046,0,0
2015-04-29,22:00:00,0.84053,0.84085,0.84001,0.84009,0,0
2015-04-29,23:00:00,0.8401,0.84051,0.8399,0.84018,0,0
2015-04-29,23:59:00,0.84021,0.84024,0.83919,0.83957,0,0
2015-04-30,01:00:00,0.83957,0.84005,0.83957,0.84002,0,0
2015-04-30,02:00:00,0.84003,0.84064,0.83998,0.84046,0,0
2015-04-30,03:00:00,0.84044,0.84097,0.84015,0.84036,0,0
2015-04-30,04:00:00,0.84036,0.84106,0.84035,0.84106,0,0
2015-04-30,05:00:00,0.84109,0.84203,0.84072,0.84171,0,0
2015-04-30,06:00:00,0.84171,0.8418,0.84039,0.8408,0,0
2015-04-30,07:00:00,0.84073,0.84355,0.84063,0.8429,0,0
2015-04-30,08:00:00,0.8429,0.84328,0.84263,0.84316,0,0
2015-04-30,09:00:00,0.84357,0.84357,0.84142,0.84167,0,0
2015-04-30,10:00:00,0.84145,0.84151,0.83991,0.84106,0,0
2015-04-30,11:00:00,0.84102,0.84206,0.84091,0.84116,0,0
2015-04-30,12:00:00,0.8411,0.84136,0.84045,0.84124,0,0
2015-04-30,13:00:00,0.84125,0.84144,0.84056,0.84072,0,0
2015-04-30,14:00:00,0.84071,0.84123,0.84044,0.84095,0,0
2015-04-30,15:00:00,0.84094,0.84165,0.83809,0.83815,0,0
2015-04-30,16:00:00,0.83817,0.83825,0.83608,0.83667,0,0
2015-04-30,17:00:00,0.83669,0.83735,0.83551,0.83556,0,0
2015-04-30,18:00:00,0.83573,0.83586,0.83411,0.83428,0,0
2015-04-30,19:00:00,0.83424,0.83588,0.83417,0.83581,0,0
2015-04-30,20:00:00,0.83578,0.8362,0.83574,0.8359,0,0
2015-04-30,21:00:00,0.83588,0.83743,0.83559,0.8374,0,0
2015-04-30,22:00:00,0.83754,0.83837,0.837,0.83768,0,0
2015-04-30,23:00:00,0.83755,0.83774,0.83725,0.83769,0,0
2015-04-30,23:59:00,0.8377,0.83775,0.83729,0.83735,0,0
2015-05-01,01:00:00,0.83738,0.83738,0.83676,0.837,0,0
2015-05-01,02:00:00,0.83699,0.83746,0.83696,0.83696,0,0
2015-05-01,03:00:00,0.83697,0.83698,0.83542,0.83558,0,0
2015-05-01,04:00:00,0.83564,0.83638,0.83553,0.83559,0,0
2015-05-01,05:00:00,0.83558,0.83588,0.83507,0.83555,0,0
2015-05-01,06:00:00,0.83553,0.83566,0.83526,0.83548,0,0
2015-05-01,07:00:00,0.83548,0.83606,0.83537,0.83582,0,0
2015-05-01,08:00:00,0.83583,0.83599,0.83496,0.83518,0,0
2015-05-01,09:00:00,0.83518,0.83566,0.83465,0.83491,0,0
2015-05-01,10:00:00,0.83491,0.83498,0.83433,0.83483,0,0
2015-05-01,11:00:00,0.83481,0.83525,0.83434,0.83484,0,0
2015-05-01,12:00:00,0.83477,0.83537,0.83434,0.8344,0,0
2015-05-01,13:00:00,0.8344,0.83463,0.83423,0.83456,0,0
2015-05-01,14:00:00,0.83456,0.83512,0.83448,0.83512,0,0
2015-05-01,15:00:00,0.83512,0.83521,0.83383,0.83389,0,0
2015-05-01,16:00:00,0.83391,0.83467,0.83341,0.83467,0,0
2015-05-01,17:00:00,0.83429,0.83478,0.83161,0.83258,0,0
2015-05-01,18:00:00,0.83257,0.83267,0.83143,0.83186,0,0
2015-05-01,19:00:00,0.83186,0.83186,0.83135,0.83141,0,0
2015-05-01,20:00:00,0.83141,0.83168,0.83137,0.83167,0,0
2015-05-01,21:00:00,0.83167,0.83188,0.83135,0.8314,0,0
2015-05-01,22:00:00,0.83139,0.83229,0.83139,0.83213,0,0
2015-05-01,23:00:00,0.83213,0.8322,0.83209,0.83209,0,0
2015-05-04,01:00:00,0.83174,0.83226,0.83163,0.83192,0,0
2015-05-04,02:00:00,0.83193,0.83236,0.83191,0.83234,0,0
2015-05-04,03:00:00,0.83234,0.83263,0.83215,0.83218,0,0
2015-05-04,04:00:00,0.83218,0.83256,0.83218,0.83242,0,0
2015-05-04,05:00:00,0.83242,0.83313,0.83228,0.83294,0,0
2015-05-04,06:00:00,0.83294,0.83333,0.83276,0.83292,0,0
2015-05-04,07:00:00,0.83292,0.83296,0.83265,0.83276,0,0
2015-05-04,08:00:00,0.83274,0.83323,0.83266,0.83311,0,0
2015-05-04,09:00:00,0.83307,0.83333,0.83276,0.83277,0,0
2015-05-04,10:00:00,0.8328,0.83292,0.83193,0.83236,0,0
2015-05-04,11:00:00,0.83237,0.83296,0.83231,0.83253,0,0
2015-05-04,12:00:00,0.83254,0.8326,0.83193,0.83204,0,0
2015-05-04,13:00:00,0.83207,0.83226,0.83159,0.83179,0,0
2015-05-04,14:00:00,0.83179,0.83188,0.83143,0.83166,0,0
2015-05-04,15:00:00,0.83165,0.83265,0.8315,0.83263,0,0
2015-05-04,16:00:00,0.83262,0.83267,0.83193,0.8321,0,0
2015-05-04,17:00:00,0.83209,0.83297,0.83193,0.83227,0,0
2015-05-04,18:00:00,0.83225,0.83227,0.83147,0.83152,0,0
2015-05-04,19:00:00,0.83152,0.83234,0.83147,0.83224,0,0
2015-05-04,20:00:00,0.83227,0.83239,0.83202,0.83227,0,0
2015-05-04,21:00:00,0.83226,0.83288,0.83226,0.83258,0,0
2015-05-04,22:00:00,0.8326,0.83276,0.83233,0.83276,0,0
2015-05-04,23:00:00,0.83276,0.83276,0.83219,0.83245,0,0
2015-05-04,23:59:00,0.83243,0.83269,0.83224,0.83234,0,0
2015-05-05,01:00:00,0.83233,0.83258,0.83224,0.83244,0,0
2015-05-05,02:00:00,0.83244,0.83267,0.83238,0.83252,0,0
2015-05-05,03:00:00,0.83251,0.83257,0.83217,0.83231,0,0
2015-05-05,04:00:00,0.8323,0.83239,0.83197,0.83202,0,0
2015-05-05,05:00:00,0.83202,0.83233,0.83201,0.83215,0,0
2015-05-05,06:00:00,0.83215,0.83253,0.83204,0.83249,0,0
2015-05-05,07:00:00,0.83248,0.83288,0.83197,0.83283,0,0
2015-05-05,08:00:00,0.83283,0.8331,0.83262,0.83292,0,0
2015-05-05,09:00:00,0.83288,0.83293,0.83216,0.83247,0,0
2015-05-05,10:00:00,0.83242,0.83281,0.83217,0.83239,0,0
2015-05-05,11:00:00,0.83236,0.83259,0.83118,0.83141,0,0
2015-05-05,12:00:00,0.83139,0.83157,0.83115,0.83137,0,0
2015-05-05,13:00:00,0.83137,0.83148,0.83034,0.83047,0,0
2015-05-05,14:00:00,0.83047,0.8309,0.82995,0.82998,0,0
2015-05-05,15:00:00,0.82999,0.83283,0.82983,0.83265,0,0
2015-05-05,16:00:00,0.83252,0.83278,0.83105,0.83185,0,0
2015-05-05,17:00:00,0.83182,0.83352,0.83049,0.8333,0,0
2015-05-05,18:00:00,0.83335,0.83512,0.83312,0.83418,0,0
2015-05-05,19:00:00,0.8342,0.83484,0.83399,0.83433,0,0
2015-05-05,20:00:00,0.83436,0.83496,0.83362,0.8339,0,0
2015-05-05,21:00:00,0.8339,0.83472,0.83372,0.83438,0,0
2015-05-05,22:00:00,0.83442,0.83474,0.83422,0.8344,0,0
2015-05-05,23:00:00,0.83443,0.83451,0.834,0.83429,0,0
2015-05-05,23:59:00,0.83437,0.8346,0.83419,0.83432,0,0
2015-05-06,01:00:00,0.8343,0.83431,0.83374,0.83384,0,0
2015-05-06,02:00:00,0.83385,0.83397,0.8337,0.83372,0,0
2015-05-06,03:00:00,0.83372,0.83407,0.83333,0.83356,0,0
2015-05-06,04:00:00,0.83355,0.83397,0.83301,0.83381,0,0
2015-05-06,05:00:00,0.83381,0.83392,0.83338,0.83385,0,0
2015-05-06,06:00:00,0.83385,0.83408,0.83363,0.83383,0,0
2015-05-06,07:00:00,0.83382,0.83413,0.83345,0.83391,0,0
2015-05-06,08:00:00,0.83392,0.83454,0.8339,0.8343,0,0
2015-05-06,09:00:00,0.83433,0.83576,0.83412,0.83554,0,0
2015-05-06,10:00:00,0.83553,0.83581,0.83492,0.83509,0,0
2015-05-06,11:00:00,0.83514,0.83533,0.83443,0.83505,0,0
2015-05-06,12:00:00,0.83505,0.83537,0.83421,0.83459,0,0
2015-05-06,13:00:00,0.83459,0.83494,0.83449,0.83472,0,0
2015-05-06,14:00:00,0.83475,0.83513,0.83434,0.83447,0,0
2015-05-06,15:00:00,0.83441,0.83659,0.83433,0.83631,0,0
2015-05-06,16:00:00,0.83634,0.83791,0.83544,0.83764,0,0
2015-05-06,17:00:00,0.83758,0.83877,0.83725,0.83771,0,0
2015-05-06,18:00:00,0.83767,0.83782,0.83672,0.83732,0,0
2015-05-06,19:00:00,0.83731,0.83742,0.83582,0.83606,0,0
2015-05-06,20:00:00,0.83611,0.83753,0.83596,0.83751,0,0
2015-05-06,21:00:00,0.8375,0.83854,0.83741,0.83804,0,0
2015-05-06,22:00:00,0.83808,0.83825,0.83702,0.83709,0,0
2015-05-06,23:00:00,0.83709,0.83746,0.83684,0.83707,0,0
2015-05-06,23:59:00,0.83709,0.83739,0.83688,0.83713,0,0
2015-05-07,01:00:00,0.83714,0.83732,0.83674,0.83728,0,0
2015-05-07,02:00:00,0.8373,0.83791,0.83725,0.8375,0,0
2015-05-07,03:00:00,0.83753,0.83801,0.83695,0.83752,0,0
2015-05-07,04:00:00,0.83751,0.8376,0.83646,0.83646,0,0
2015-05-07,05:00:00,0.83639,0.83674,0.83611,0.8362,0,0
2015-05-07,06:00:00,0.83621,0.83722,0.83621,0.83698,0,0
2015-05-07,07:00:00,0.83696,0.83726,0.8367,0.83705,0,0
2015-05-07,08:00:00,0.8371,0.83725,0.83642,0.83701,0,0
2015-05-07,09:00:00,0.83701,0.83737,0.83658,0.83686,0,0
2015-05-07,10:00:00,0.83683,0.83798,0.83676,0.83746,0,0
2015-05-07,11:00:00,0.83757,0.83848,0.83723,0.83805,0,0
2015-05-07,12:00:00,0.83798,0.83925,0.83746,0.83893,0,0
2015-05-07,13:00:00,0.83885,0.83987,0.83864,0.83968,0,0
2015-05-07,14:00:00,0.83969,0.83992,0.83857,0.83876,0,0
2015-05-07,15:00:00,0.83879,0.83947,0.83763,0.83796,0,0
2015-05-07,16:00:00,0.83799,0.83865,0.83756,0.838,0,0
2015-05-07,17:00:00,0.83801,0.83828,0.83685,0.83686,0,0
2015-05-07,18:00:00,0.83681,0.8369,0.835,0.83509,0,0
2015-05-07,19:00:00,0.83514,0.83539,0.83463,0.83471,0,0
2015-05-07,20:00:00,0.83471,0.83496,0.83443,0.83463,0,0
2015-05-07,21:00:00,0.83459,0.83501,0.83429,0.83491,0,0
2015-05-07,22:00:00,0.83491,0.83503,0.83461,0.83491,0,0
2015-05-07,23:00:00,0.83491,0.83519,0.83477,0.83517,0,0
2015-05-07,23:59:00,0.83516,0.83606,0.8351,0.83539,0,0
2015-05-08,01:00:00,0.83539,0.83539,0.83488,0.83528,0,0
2015-05-08,02:00:00,0.83528,0.83548,0.8349,0.83535,0,0
2015-05-08,03:00:00,0.83532,0.83532,0.83422,0.83449,0,0
2015-05-08,04:00:00,0.83455,0.8347,0.83363,0.83383,0,0
2015-05-08,05:00:00,0.83384,0.83437,0.83351,0.83372,0,0
2015-05-08,06:00:00,0.83372,0.83408,0.8336,0.8339,0,0
2015-05-08,07:00:00,0.83391,0.83454,0.83376,0.83422,0,0
2015-05-08,08:00:00,0.83421,0.83442,0.8336,0.8336,0,0
2015-05-08,09:00:00,0.83358,0.83384,0.83328,0.8336,0,0
2015-05-08,10:00:00,0.83362,0.8337,0.83297,0.83331,0,0
2015-05-08,11:00:00,0.8333,0.83342,0.83271,0.83281,0,0
2015-05-08,12:00:00,0.83281,0.83353,0.8328,0.83327,0,0
2015-05-08,13:00:00,0.83331,0.83362,0.83267,0.83289,0,0
2015-05-08,14:00:00,0.83283,0.83292,0.83206,0.83209,0,0
2015-05-08,15:00:00,0.83211,0.83605,0.83174,0.83515,0,0
2015-05-08,16:00:00,0.83507,0.83616,0.83436,0.83491,0,0
2015-05-08,17:00:00,0.83486,0.83532,0.83404,0.83495,0,0
2015-05-08,18:00:00,0.83491,0.83505,0.83432,0.83476,0,0
2015-05-08,19:00:00,0.83476,0.83544,0.83476,0.83525,0,0
2015-05-08,20:00:00,0.83525,0.83567,0.83517,0.83538,0,0
2015-05-08,21:00:00,0.83537,0.83538,0.83449,0.8347,0,0
2015-05-08,22:00:00,0.8347,0.83559,0.8347,0.8353,0,0
2015-05-08,23:00:00,0.83526,0.83526,0.83526,0.83526,0,0
2015-05-11,01:00:00,0.83503,0.83503,0.83455,0.83457,0,0
2015-05-11,02:00:00,0.83456,0.83477,0.8343,0.8347,0,0
2015-05-11,03:00:00,0.83469,0.83528,0.83461,0.83504,0,0
2015-05-11,04:00:00,0.83507,0.83513,0.8343,0.83446,0,0
2015-05-11,05:00:00,0.83451,0.83469,0.83409,0.83425,0,0
2015-05-11,06:00:00,0.83426,0.83444,0.83376,0.83437,0,0
2015-05-11,07:00:00,0.83435,0.83442,0.83405,0.83406,0,0
2015-05-11,08:00:00,0.83407,0.83418,0.83357,0.83368,0,0
2015-05-11,09:00:00,0.83367,0.83421,0.83355,0.83407,0,0
2015-05-11,10:00:00,0.83403,0.83407,0.8334,0.83349,0,0
2015-05-11,11:00:00,0.83345,0.83399,0.83309,0.8338,0,0
2015-05-11,12:00:00,0.83379,0.83407,0.83369,0.83379,0,0
2015-05-11,13:00:00,0.83383,0.83438,0.83379,0.83422,0,0
2015-05-11,14:00:00,0.83421,0.83428,0.83378,0.83388,0,0
2015-05-11,15:00:00,0.83388,0.83409,0.83344,0.83396,0,0
2015-05-11,16:00:00,0.83397,0.83458,0.83384,0.834,0,0
2015-05-11,17:00:00,0.83404,0.83438,0.83366,0.83378,0,0
2015-05-11,18:00:00,0.83378,0.83392,0.83272,0.83292,0,0
2015-05-11,19:00:00,0.83292,0.83297,0.83245,0.83293,0,0
2015-05-11,20:00:00,0.83293,0.83332,0.83275,0.83308,0,0
2015-05-11,21:00:00,0.8331,0.83324,0.83247,0.83272,0,0
2015-05-11,22:00:00,0.83273,0.83285,0.83226,0.83254,0,0
2015-05-11,23:00:00,0.83255,0.83283,0.83233,0.83279,0,0
2015-05-11,23:59:00,0.83276,0.83276,0.83243,0.83247,0,0
2015-05-12,01:00:00,0.83247,0.83256,0.83232,0.83238,0,0
2015-05-12,02:00:00,0.83233,0.83256,0.83216,0.83247,0,0
2015-05-12,03:00:00,0.83247,0.83283,0.83232,0.83247,0,0
2015-05-12,04:00:00,0.83247,0.83289,0.83209,0.8322,0,0
2015-05-12,05:00:00,0.83213,0.83229,0.83195,0.83218,0,0
2015-05-12,06:00:00,0.83218,0.8323,0.83198,0.83206,0,0
2015-05-12,07:00:00,0.83207,0.83227,0.83197,0.83199,0,0
2015-05-12,08:00:00,0.83201,0.83218,0.83141,0.83189,0,0
2015-05-12,09:00:00,0.83193,0.83288,0.83168,0.83275,0,0
2015-05-12,10:00:00,0.83267,0.83382,0.83254,0.83314,0,0
2015-05-12,11:00:00,0.83313,0.8333,0.83254,0.83306,0,0
2015-05-12,12:00:00,0.8331,0.83373,0.83301,0.83366,0,0
2015-05-12,13:00:00,0.83367,0.83433,0.8334,0.83369,0,0
2015-05-12,14:00:00,0.83368,0.83387,0.83311,0.83344,0,0
2015-05-12,15:00:00,0.83344,0.83355,0.83229,0.83248,0,0
2015-05-12,16:00:00,0.8325,0.83347,0.83225,0.83316,0,0
2015-05-12,17:00:00,0.83308,0.83415,0.83297,0.83414,0,0
2015-05-12,18:00:00,0.8341,0.83479,0.83377,0.83464,0,0
2015-05-12,19:00:00,0.83464,0.83473,0.83436,0.83458,0,0
2015-05-12,20:00:00,0.83458,0.83475,0.83367,0.83367,0,0
2015-05-12,21:00:00,0.83368,0.83422,0.83331,0.83422,0,0
2015-05-12,22:00:00,0.8342,0.83471,0.8342,0.83449,0,0
2015-05-12,23:00:00,0.83428,0.83449,0.83379,0.83427,0,0
2015-05-12,23:59:00,0.83424,0.83484,0.83324,0.83445,0,0
2015-05-13,01:00:00,0.83433,0.83437,0.83407,0.83418,0,0
2015-05-13,02:00:00,0.83418,0.83448,0.83406,0.83437,0,0
2015-05-13,03:00:00,0.83431,0.8353,0.83415,0.83483,0,0
2015-05-13,04:00:00,0.83485,0.83492,0.83415,0.83469,0,0
2015-05-13,05:00:00,0.83462,0.83496,0.83448,0.83468,0,0
2015-05-13,06:00:00,0.83467,0.83478,0.83363,0.83386,0,0
2015-05-13,07:00:00,0.83386,0.83442,0.83351,0.83422,0,0
2015-05-13,08:00:00,0.83422,0.83444,0.83376,0.83387,0,0
2015-05-13,09:00:00,0.83392,0.83454,0.83386,0.83447,0,0
2015-05-13,10:00:00,0.83448,0.83474,0.83425,0.83454,0,0
2015-05-13,11:00:00,0.83454,0.83516,0.8344,0.83474,0,0
2015-05-13,12:00:00,0.83474,0.83495,0.8346,0.83484,0,0
2015-05-13,13:00:00,0.83484,0.83497,0.83462,0.83495,0,0
2015-05-13,14:00:00,0.83498,0.83542,0.83489,0.83522,0,0
2015-05-13,15:00:00,0.8352,0.83857,0.83513,0.83782,0,0
2015-05-13,16:00:00,0.8378,0.83867,0.8378,0.83858,0,0
2015-05-13,17:00:00,0.83857,0.83966,0.8383,0.83966,0,0
2015-05-13,18:00:00,0.83964,0.84007,0.83931,0.83967,0,0
2015-05-13,19:00:00,0.83967,0.83979,0.83916,0.83979,0,0
2015-05-13,20:00:00,0.83975,0.84002,0.8393,0.83947,0,0
2015-05-13,21:00:00,0.83945,0.83976,0.83939,0.83966,0,0
2015-05-13,22:00:00,0.83967,0.83967,0.83925,0.83931,0,0
2015-05-13,23:00:00,0.8393,0.83933,0.83896,0.83926,0,0
2015-05-13,23:59:00,0.83926,0.83954,0.83899,0.83907,0,0
2015-05-14,01:00:00,0.8391,0.83953,0.83907,0.83943,0,0
2015-05-14,02:00:00,0.83944,0.83953,0.83859,0.839,0,0
2015-05-14,03:00:00,0.83897,0.83928,0.83794,0.8384,0,0
2015-05-14,04:00:00,0.8384,0.83923,0.83839,0.83881,0,0
2015-05-14,05:00:00,0.83885,0.83912,0.83862,0.83881,0,0
2015-05-14,06:00:00,0.83882,0.83941,0.83862,0.83933,0,0
2015-05-14,07:00:00,0.83931,0.83963,0.83903,0.83909,0,0
2015-05-14,08:00:00,0.83908,0.83953,0.83882,0.83953,0,0
2015-05-14,09:00:00,0.83951,0.84093,0.83943,0.84055,0,0
2015-05-14,10:00:00,0.84053,0.84111,0.83879,0.83914,0,0
2015-05-14,11:00:00,0.83913,0.83919,0.83848,0.83891,0,0
2015-05-14,12:00:00,0.83892,0.83914,0.83828,0.83879,0,0
2015-05-14,13:00:00,0.83879,0.83902,0.83848,0.83883,0,0
2015-05-14,14:00:00,0.8388,0.83893,0.83844,0.83879,0,0
2015-05-14,15:00:00,0.83874,0.83999,0.83868,0.83972,0,0
2015-05-14,16:00:00,0.83964,0.84071,0.83962,0.84048,0,0
2015-05-14,17:00:00,0.84044,0.84052,0.83874,0.83878,0,0
2015-05-14,18:00:00,0.83874,0.83894,0.83796,0.83893,0,0
2015-05-14,19:00:00,0.83891,0.83957,0.8388,0.83944,0,0
2015-05-14,20:00:00,0.83944,0.83964,0.83874,0.8391,0,0
2015-05-14,21:00:00,0.83905,0.8392,0.83853,0.83879,0,0
2015-05-14,22:00:00,0.83877,0.83921,0.83874,0.83914,0,0
2015-05-14,23:00:00,0.83918,0.83922,0.8388,0.83907,0,0
2015-05-14,23:59:00,0.83906,0.83923,0.83878,0.839,0,0
2015-05-15,01:00:00,0.83898,0.83922,0.83882,0.83894,0,0
2015-05-15,02:00:00,0.83894,0.8391,0.8386,0.83883,0,0
2015-05-15,03:00:00,0.83879,0.83908,0.83776,0.83789,0,0
2015-05-15,04:00:00,0.83789,0.83789,0.83686,0.83732,0,0
2015-05-15,05:00:00,0.83732,0.8377,0.83726,0.83761,0,0
2015-05-15,06:00:00,0.83761,0.83814,0.83754,0.83782,0,0
2015-05-15,07:00:00,0.83783,0.83803,0.83757,0.83765,0,0
2015-05-15,08:00:00,0.83765,0.83772,0.83658,0.83685,0,0
2015-05-15,09:00:00,0.83691,0.8375,0.83624,0.83749,0,0
2015-05-15,10:00:00,0.83748,0.83754,0.83651,0.83711,0,0
2015-05-15,11:00:00,0.83711,0.83715,0.83637,0.83672,0,0
2015-05-15,12:00:00,0.8367,0.83674,0.83532,0.83567,0,0
2015-05-15,13:00:00,0.83568,0.83568,0.83388,0.8345,0,0
2015-05-15,14:00:00,0.83446,0.83454,0.83391,0.83404,0,0
2015-05-15,15:00:00,0.83397,0.83529,0.83383,0.83436,0,0
2015-05-15,16:00:00,0.83438,0.83603,0.83418,0.8359,0,0
2015-05-15,17:00:00,0.83622,0.83899,0.83622,0.8382,0,0
2015-05-15,18:00:00,0.83824,0.83834,0.83753,0.8378,0,0
2015-05-15,19:00:00,0.83779,0.83789,0.83718,0.83751,0,0
2015-05-15,20:00:00,0.83751,0.83831,0.83744,0.83794,0,0
2015-05-15,21:00:00,0.83794,0.83852,0.83779,0.83845,0,0
2015-05-15,22:00:00,0.83845,0.83845,0.83778,0.838,0,0
2015-05-15,23:00:00,0.838,0.83803,0.83799,0.83801,0,0
2015-05-18,01:00:00,0.83758,0.83769,0.8373,0.83739,0,0
2015-05-18,02:00:00,0.8374,0.83798,0.83739,0.83785,0,0
2015-05-18,03:00:00,0.83784,0.83791,0.83553,0.83586,0,0
2015-05-18,04:00:00,0.83585,0.83607,0.83504,0.83526,0,0
2015-05-18,05:00:00,0.83529,0.836,0.83514,0.83589,0,0
2015-05-18,06:00:00,0.83585,0.83594,0.83561,0.83586,0,0
2015-05-18,07:00:00,0.83586,0.83617,0.83582,0.8359,0,0
2015-05-18,08:00:00,0.8359,0.83596,0.835,0.83556,0,0
2015-05-18,09:00:00,0.83557,0.83625,0.83535,0.83602,0,0
2015-05-18,10:00:00,0.83596,0.83657,0.83496,0.835,0,0
2015-05-18,11:00:00,0.83509,0.83595,0.83503,0.83558,0,0
2015-05-18,12:00:00,0.83558,0.83576,0.83523,0.83557,0,0
2015-05-18,13:00:00,0.83558,0.83591,0.83542,0.83558,0,0
2015-05-18,14:00:00,0.83558,0.83581,0.83535,0.83551,0,0
2015-05-18,15:00:00,0.83551,0.83558,0.83505,0.83536,0,0
2015-05-18,16:00:00,0.83532,0.83553,0.83405,0.83458,0,0
2015-05-18,17:00:00,0.83458,0.83509,0.83435,0.83445,0,0
2015-05-18,18:00:00,0.83443,0.83463,0.83413,0.83458,0,0
2015-05-18,19:00:00,0.83459,0.83463,0.83412,0.83428,0,0
2015-05-18,20:00:00,0.83428,0.8343,0.8334,0.83349,0,0
2015-05-18,21:00:00,0.8335,0.83369,0.83327,0.83335,0,0
2015-05-18,22:00:00,0.8333,0.83366,0.83308,0.83337,0,0
2015-05-18,23:00:00,0.83338,0.83358,0.83322,0.83346,0,0
2015-05-18,23:59:00,0.83344,0.8335,0.83322,0.8334,0,0
2015-05-19,01:00:00,0.8334,0.83356,0.83324,0.83336,0,0
2015-05-19,02:00:00,0.83337,0.83408,0.83335,0.83393,0,0
2015-05-19,03:00:00,0.83391,0.83412,0.83359,0.83405,0,0
2015-05-19,04:00:00,0.83405,0.83432,0.83347,0.83358,0,0
2015-05-19,05:00:00,0.83358,0.83364,0.83307,0.83346,0,0
2015-05-19,06:00:00,0.83346,0.83377,0.83343,0.83371,0,0
2015-05-19,07:00:00,0.83374,0.83376,0.83358,0.83368,0,0
2015-05-19,08:00:00,0.83367,0.83394,0.83334,0.83381,0,0
2015-05-19,09:00:00,0.83383,0.83383,0.83335,0.83366,0,0
2015-05-19,10:00:00,0.83367,0.83449,0.83294,0.83355,0,0
2015-05-19,11:00:00,0.83346,0.83367,0.83292,0.83326,0,0
2015-05-19,12:00:00,0.83322,0.83341,0.83272,0.83279,0,0
2015-05-19,13:00:00,0.8328,0.83301,0.83256,0.83292,0,0
2015-05-19,14:00:00,0.83292,0.83305,0.8323,0.83241,0,0
2015-05-19,15:00:00,0.83247,0.83247,0.83016,0.83025,0,0
2015-05-19,16:00:00,0.83023,0.8307,0.83016,0.83031,0,0
2015-05-19,17:00:00,0.8303,0.83069,0.82846,0.82864,0,0
2015-05-19,18:00:00,0.82864,0.82943,0.82834,0.82932,0,0
2015-05-19,19:00:00,0.82932,0.82977,0.829,0.8292,0,0
2015-05-19,20:00:00,0.82921,0.82922,0.82844,0.82856,0,0
2015-05-19,21:00:00,0.82856,0.82864,0.82833,0.82836,0,0
2015-05-19,22:00:00,0.82836,0.82847,0.82824,0.82825,0,0
2015-05-19,23:00:00,0.82827,0.82874,0.82827,0.82855,0,0
2015-05-19,23:59:00,0.82853,0.82899,0.82831,0.82892,0,0
2015-05-20,01:00:00,0.82885,0.82891,0.82847,0.82862,0,0
2015-05-20,02:00:00,0.82862,0.82924,0.82859,0.82885,0,0
2015-05-20,03:00:00,0.82885,0.82885,0.82694,0.8273,0,0
2015-05-20,04:00:00,0.8273,0.82766,0.82661,0.82742,0,0
2015-05-20,05:00:00,0.82738,0.82786,0.82721,0.82721,0,0
2015-05-20,06:00:00,0.82718,0.82755,0.82701,0.82738,0,0
2015-05-20,07:00:00,0.82736,0.82746,0.82654,0.82665,0,0
2015-05-20,08:00:00,0.82665,0.82726,0.82632,0.82649,0,0
2015-05-20,09:00:00,0.82647,0.82725,0.82576,0.82649,0,0
2015-05-20,10:00:00,0.82652,0.82703,0.82605,0.82665,0,0
2015-05-20,11:00:00,0.82665,0.8274,0.82656,0.82709,0,0
2015-05-20,12:00:00,0.82713,0.82731,0.82679,0.82717,0,0
2015-05-20,13:00:00,0.82716,0.82744,0.82645,0.82645,0,0
2015-05-20,14:00:00,0.82643,0.82718,0.82637,0.82711,0,0
2015-05-20,15:00:00,0.82714,0.82824,0.82704,0.82762,0,0
2015-05-20,16:00:00,0.8276,0.82768,0.82606,0.82639,0,0
2015-05-20,17:00:00,0.82637,0.82647,0.82502,0.82512,0,0
2015-05-20,18:00:00,0.82512,0.82525,0.82381,0.8245,0,0
2015-05-20,19:00:00,0.82451,0.82506,0.8244,0.82482,0,0
2015-05-20,20:00:00,0.82482,0.82541,0.82413,0.82478,0,0
2015-05-20,21:00:00,0.82481,0.82702,0.82319,0.82532,0,0
2015-05-20,22:00:00,0.82531,0.82628,0.82463,0.82492,0,0
2015-05-20,23:00:00,0.82491,0.82502,0.82393,0.82407,0,0
2015-05-20,23:59:00,0.82413,0.82455,0.82386,0.82447,0,0
2015-05-21,01:00:00,0.82447,0.82492,0.82433,0.8249,0,0
2015-05-21,02:00:00,0.82489,0.82503,0.82455,0.82499,0,0
2015-05-21,03:00:00,0.825,0.82612,0.82494,0.82592,0,0
2015-05-21,04:00:00,0.82593,0.82597,0.82501,0.82501,0,0
2015-05-21,05:00:00,0.82503,0.82596,0.82503,0.82555,0,0
2015-05-21,06:00:00,0.82553,0.82553,0.82506,0.82521,0,0
2015-05-21,07:00:00,0.82521,0.82626,0.82516,0.82613,0,0
2015-05-21,08:00:00,0.82615,0.82634,0.82583,0.82612,0,0
2015-05-21,09:00:00,0.82612,0.82613,0.82534,0.826,0,0
2015-05-21,10:00:00,0.826,0.82682,0.82568,0.82638,0,0
2015-05-21,11:00:00,0.82638,0.82747,0.82632,0.82738,0,0
2015-05-21,12:00:00,0.82738,0.82738,0.82632,0.82633,0,0
2015-05-21,13:00:00,0.82632,0.82669,0.82564,0.82654,0,0
2015-05-21,14:00:00,0.82651,0.82654,0.82567,0.82579,0,0
2015-05-21,15:00:00,0.82577,0.82626,0.82475,0.82487,0,0
2015-05-21,16:00:00,0.82484,0.82595,0.82475,0.82564,0,0
2015-05-21,17:00:00,0.82565,0.82649,0.82467,0.82535,0,0
2015-05-21,18:00:00,0.82535,0.82641,0.82531,0.82597,0,0
2015-05-21,19:00:00,0.82596,0.82622,0.8259,0.82602,0,0
2015-05-21,20:00:00,0.82602,0.82665,0.82592,0.82596,0,0
2015-05-21,21:00:00,0.82596,0.82682,0.8258,0.82673,0,0
2015-05-21,22:00:00,0.82673,0.82682,0.82636,0.82647,0,0
2015-05-21,23:00:00,0.82652,0.82654,0.82585,0.82628,0,0
2015-05-21,23:59:00,0.82624,0.82642,0.82583,0.82593,0,0
2015-05-22,01:00:00,0.82593,0.82614,0.82585,0.82604,0,0
2015-05-22,02:00:00,0.82602,0.82634,0.826,0.82611,0,0
2015-05-22,03:00:00,0.82606,0.82684,0.8258,0.82663,0,0
2015-05-22,04:00:00,0.82666,0.82733,0.8266,0.82706,0,0
2015-05-22,05:00:00,0.82705,0.82787,0.82661,0.82773,0,0
2015-05-22,06:00:00,0.82773,0.82805,0.82731,0.82777,0,0
2015-05-22,07:00:00,0.82778,0.8284,0.82759,0.82765,0,0
2015-05-22,08:00:00,0.82765,0.82818,0.82764,0.82777,0,0
2015-05-22,09:00:00,0.82762,0.82864,0.82761,0.82834,0,0
2015-05-22,10:00:00,0.8284,0.8289,0.82799,0.82821,0,0
2015-05-22,11:00:00,0.82823,0.82832,0.82744,0.82793,0,0
2015-05-22,12:00:00,0.82792,0.82821,0.8275,0.82817,0,0
2015-05-22,13:00:00,0.82813,0.82818,0.82726,0.82732,0,0
2015-05-22,14:00:00,0.82731,0.82731,0.82621,0.82691,0,0
2015-05-22,15:00:00,0.82691,0.82746,0.8228,0.82315,0,0
2015-05-22,16:00:00,0.82316,0.82366,0.82262,0.82334,0,0
2015-05-22,17:00:00,0.82345,0.82418,0.82311,0.82355,0,0
2015-05-22,18:00:00,0.82349,0.82393,0.82308,0.82334,0,0
2015-05-22,19:00:00,0.82333,0.82363,0.82305,0.82305,0,0
2015-05-22,20:00:00,0.82293,0.82351,0.82256,0.82281,0,0
2015-05-22,21:00:00,0.82281,0.82292,0.82256,0.82282,0,0
2015-05-22,22:00:00,0.82282,0.82292,0.82264,0.82275,0,0
2015-05-22,23:00:00,0.82276,0.82276,0.82266,0.82267,0,0
2015-05-25,01:00:00,0.82258,0.823,0.82237,0.82296,0,0
2015-05-25,02:00:00,0.82296,0.82296,0.8225,0.82261,0,0
2015-05-25,03:00:00,0.82261,0.82265,0.82117,0.82172,0,0
2015-05-25,04:00:00,0.82172,0.82194,0.82144,0.82158,0,0
2015-05-25,05:00:00,0.82157,0.82201,0.82156,0.82199,0,0
2015-05-25,06:00:00,0.82194,0.82214,0.82176,0.82202,0,0
2015-05-25,07:00:00,0.82204,0.82211,0.82156,0.82193,0,0
2015-05-25,08:00:00,0.82194,0.82257,0.82175,0.82223,0,0
2015-05-25,09:00:00,0.82217,0.82288,0.82212,0.82245,0,0
2015-05-25,10:00:00,0.82248,0.8225,0.82203,0.82213,0,0
2015-05-25,11:00:00,0.82213,0.82241,0.82188,0.82225,0,0
2015-05-25,12:00:00,0.82224,0.82284,0.8222,0.82282,0,0
2015-05-25,13:00:00,0.82282,0.8234,0.82269,0.82318,0,0
2015-05-25,14:00:00,0.82314,0.82324,0.82267,0.82279,0,0
2015-05-25,15:00:00,0.82279,0.82336,0.82275,0.82322,0,0
2015-05-25,16:00:00,0.82321,0.82336,0.8228,0.82303,0,0
2015-05-25,17:00:00,0.82303,0.82326,0.82286,0.82321,0,0
2015-05-25,18:00:00,0.82321,0.82331,0.82299,0.82302,0,0
2015-05-25,19:00:00,0.82305,0.82314,0.82298,0.82304,0,0
2015-05-25,20:00:00,0.82305,0.82317,0.82284,0.82305,0,0
2015-05-25,21:00:00,0.82307,0.82316,0.82294,0.82296,0,0
2015-05-25,22:00:00,0.82296,0.82298,0.82287,0.82291,0,0
2015-05-25,23:00:00,0.8229,0.8229,0.82256,0.82263,0,0
2015-05-25,23:59:00,0.82263,0.8229,0.82257,0.82272,0,0
2015-05-26,01:00:00,0.82272,0.8228,0.82233,0.82261,0,0
2015-05-26,02:00:00,0.82252,0.82275,0.822,0.822,0,0
2015-05-26,03:00:00,0.822,0.82201,0.82134,0.8216,0,0
2015-05-26,04:00:00,0.8216,0.82181,0.82109,0.82124,0,0
2015-05-26,05:00:00,0.82128,0.82165,0.82122,0.82138,0,0
2015-05-26,06:00:00,0.82138,0.82138,0.821,0.82119,0,0
2015-05-26,07:00:00,0.82119,0.82142,0.82065,0.82065,0,0
2015-05-26,08:00:00,0.82065,0.82077,0.8204,0.82043,0,0
2015-05-26,09:00:00,0.82042,0.82043,0.81516,0.81586,0,0
2015-05-26,10:00:00,0.81591,0.81661,0.81467,0.81621,0,0
2015-05-26,11:00:00,0.81615,0.81635,0.81427,0.81444,0,0
2015-05-26,12:00:00,0.81443,0.81565,0.81383,0.81549,0,0
2015-05-26,13:00:00,0.81551,0.81582,0.81502,0.81557,0,0
2015-05-26,14:00:00,0.81553,0.8164,0.81543,0.81593,0,0
2015-05-26,15:00:00,0.81595,0.816,0.81149,0.81171,0,0
2015-05-26,16:00:00,0.81163,0.81284,0.81108,0.81214,0,0
2015-05-26,17:00:00,0.81206,0.81279,0.81091,0.81266,0,0
2015-05-26,18:00:00,0.81261,0.81374,0.81235,0.8125,0,0
2015-05-26,19:00:00,0.8125,0.81374,0.81237,0.81358,0,0
2015-05-26,20:00:00,0.81356,0.81405,0.81311,0.81325,0,0
2015-05-26,21:00:00,0.81327,0.81337,0.81251,0.8127,0,0
2015-05-26,22:00:00,0.81261,0.81298,0.8124,0.81242,0,0
2015-05-26,23:00:00,0.81241,0.81243,0.81209,0.81231,0,0
2015-05-26,23:59:00,0.81224,0.81275,0.81212,0.81266,0,0
2015-05-27,01:00:00,0.81264,0.81285,0.81239,0.81284,0,0
2015-05-27,02:00:00,0.81285,0.81346,0.81274,0.81305,0,0
2015-05-27,03:00:00,0.81305,0.81327,0.81239,0.81283,0,0
2015-05-27,04:00:00,0.81284,0.81284,0.81099,0.81184,0,0
2015-05-27,05:00:00,0.81182,0.81292,0.81164,0.8127,0,0
2015-05-27,06:00:00,0.81261,0.81284,0.81235,0.81255,0,0
2015-05-27,07:00:00,0.81253,0.8126,0.81195,0.81239,0,0
2015-05-27,08:00:00,0.81235,0.81444,0.81224,0.81363,0,0
2015-05-27,09:00:00,0.81364,0.81377,0.81279,0.81333,0,0
2015-05-27,10:00:00,0.81324,0.81341,0.8122,0.8131,0,0
2015-05-27,11:00:00,0.81311,0.81333,0.81251,0.81269,0,0
2015-05-27,12:00:00,0.81263,0.81277,0.81018,0.8103,0,0
2015-05-27,13:00:00,0.81025,0.81035,0.80849,0.80914,0,0
2015-05-27,14:00:00,0.80917,0.80961,0.80805,0.80833,0,0
2015-05-27,15:00:00,0.80833,0.80898,0.80791,0.80811,0,0
2015-05-27,16:00:00,0.80811,0.81006,0.80794,0.80873,0,0
2015-05-27,17:00:00,0.80874,0.8098,0.80743,0.80804,0,0
2015-05-27,18:00:00,0.80804,0.80851,0.80728,0.80788,0,0
2015-05-27,19:00:00,0.80797,0.80798,0.80723,0.80723,0,0
2015-05-27,20:00:00,0.80727,0.80787,0.80598,0.80766,0,0
2015-05-27,21:00:00,0.80766,0.80768,0.80702,0.80727,0,0
2015-05-27,22:00:00,0.80728,0.80822,0.80719,0.80806,0,0
2015-05-27,23:00:00,0.80798,0.8089,0.80771,0.80858,0,0
2015-05-27,23:59:00,0.80864,0.8088,0.80817,0.80834,0,0
2015-05-28,01:00:00,0.8083,0.80848,0.80812,0.80821,0,0
2015-05-28,02:00:00,0.80821,0.80832,0.8079,0.80817,0,0
2015-05-28,03:00:00,0.80821,0.80889,0.80793,0.80852,0,0
2015-05-28,04:00:00,0.80851,0.80974,0.80805,0.80808,0,0
2015-05-28,05:00:00,0.80796,0.80852,0.8049,0.80548,0,0
2015-05-28,06:00:00,0.80549,0.80624,0.80452,0.80568,0,0
2015-05-28,07:00:00,0.80568,0.80727,0.80497,0.80683,0,0
2015-05-28,08:00:00,0.80682,0.80877,0.80647,0.80775,0,0
2015-05-28,09:00:00,0.80781,0.80911,0.80676,0.80845,0,0
2015-05-28,10:00:00,0.80854,0.80888,0.80781,0.80877,0,0
2015-05-28,11:00:00,0.80879,0.8089,0.80648,0.80724,0,0
2015-05-28,12:00:00,0.80724,0.80734,0.80519,0.80563,0,0
2015-05-28,13:00:00,0.80562,0.80642,0.80541,0.80602,0,0
2015-05-28,14:00:00,0.80597,0.80617,0.80392,0.80469,0,0
2015-05-28,15:00:00,0.80462,0.80593,0.80433,0.80556,0,0
2015-05-28,16:00:00,0.80554,0.80554,0.80363,0.80427,0,0
2015-05-28,17:00:00,0.8043,0.80601,0.8035,0.80498,0,0
2015-05-28,18:00:00,0.80491,0.8053,0.80441,0.80519,0,0
2015-05-28,19:00:00,0.80517,0.80795,0.80477,0.80754,0,0
2015-05-28,20:00:00,0.80753,0.80888,0.80749,0.80818,0,0
2015-05-28,21:00:00,0.80818,0.80819,0.80649,0.80714,0,0
2015-05-28,22:00:00,0.80723,0.80726,0.8058,0.80633,0,0
2015-05-28,23:00:00,0.80632,0.80692,0.80614,0.80672,0,0
2015-05-28,23:59:00,0.80676,0.80742,0.80652,0.80684,0,0
2015-05-29,01:00:00,0.80678,0.80816,0.80672,0.80786,0,0
2015-05-29,02:00:00,0.80787,0.80839,0.8073,0.80767,0,0
2015-05-29,03:00:00,0.80767,0.80845,0.80728,0.80788,0,0
2015-05-29,04:00:00,0.80787,0.80879,0.80753,0.80856,0,0
2015-05-29,05:00:00,0.80855,0.80901,0.80808,0.80832,0,0
2015-05-29,06:00:00,0.8083,0.80884,0.80788,0.80821,0,0
2015-05-29,07:00:00,0.80821,0.80861,0.80789,0.808,0,0
2015-05-29,08:00:00,0.80799,0.80811,0.8071,0.80722,0,0
2015-05-29,09:00:00,0.80727,0.80761,0.80648,0.80676,0,0
2015-05-29,10:00:00,0.80676,0.80828,0.80635,0.80801,0,0
2015-05-29,11:00:00,0.80808,0.80861,0.80746,0.80757,0,0
2015-05-29,12:00:00,0.80755,0.80842,0.80725,0.80817,0,0
2015-05-29,13:00:00,0.80815,0.80857,0.80728,0.80731,0,0
2015-05-29,14:00:00,0.80732,0.80772,0.80688,0.80738,0,0
2015-05-29,15:00:00,0.80734,0.80759,0.80583,0.8062,0,0
2015-05-29,16:00:00,0.80622,0.80777,0.80548,0.80768,0,0
2015-05-29,17:00:00,0.80755,0.80825,0.80574,0.80611,0,0
2015-05-29,18:00:00,0.80604,0.8066,0.80525,0.80656,0,0
2015-05-29,19:00:00,0.80654,0.8066,0.8055,0.80572,0,0
2015-05-29,20:00:00,0.80572,0.80641,0.8057,0.80621,0,0
2015-05-29,21:00:00,0.80619,0.80678,0.80613,0.80618,0,0
2015-05-29,22:00:00,0.8061,0.80619,0.80551,0.80571,0,0
2015-05-29,23:00:00,0.80569,0.80578,0.80569,0.80571,0,0
2015-06-01,01:00:00,0.80537,0.80563,0.80506,0.8053,0,0
2015-06-01,02:00:00,0.80528,0.80557,0.80479,0.80487,0,0
2015-06-01,03:00:00,0.8048,0.80539,0.80423,0.80498,0,0
2015-06-01,04:00:00,0.80498,0.80546,0.80452,0.80539,0,0
2015-06-01,05:00:00,0.80522,0.80578,0.8052,0.8055,0,0
2015-06-01,06:00:00,0.8055,0.80585,0.80539,0.80573,0,0
2015-06-01,07:00:00,0.80573,0.80684,0.8057,0.80618,0,0
2015-06-01,08:00:00,0.80618,0.80627,0.80512,0.80512,0,0
2015-06-01,09:00:00,0.80515,0.806,0.80491,0.806,0,0
2015-06-01,10:00:00,0.806,0.80642,0.80497,0.80537,0,0
2015-06-01,11:00:00,0.80537,0.80654,0.80533,0.80601,0,0
2015-06-01,12:00:00,0.80583,0.80637,0.80567,0.80618,0,0
2015-06-01,13:00:00,0.80619,0.80633,0.80565,0.80606,0,0
2015-06-01,14:00:00,0.80609,0.80618,0.8054,0.80571,0,0
2015-06-01,15:00:00,0.80573,0.80724,0.80562,0.8066,0,0
2015-06-01,16:00:00,0.80668,0.80709,0.80599,0.80641,0,0
2015-06-01,17:00:00,0.80639,0.80639,0.80301,0.80301,0,0
2015-06-01,18:00:00,0.80306,0.80334,0.80207,0.80222,0,0
2015-06-01,19:00:00,0.80221,0.80228,0.80053,0.80079,0,0
2015-06-01,20:00:00,0.80081,0.80158,0.8007,0.8008,0,0
2015-06-01,21:00:00,0.80079,0.80136,0.80059,0.80104,0,0
2015-06-01,22:00:00,0.80103,0.80138,0.80092,0.80117,0,0
2015-06-01,23:00:00,0.80111,0.80141,0.80108,0.80138,0,0
2015-06-01,23:59:00,0.80147,0.80158,0.80117,0.80145,0,0
2015-06-02,01:00:00,0.80149,0.80155,0.80113,0.80121,0,0
2015-06-02,02:00:00,0.80118,0.80124,0.80053,0.80088,0,0
2015-06-02,03:00:00,0.80085,0.80144,0.80079,0.80117,0,0
2015-06-02,04:00:00,0.80117,0.80137,0.80085,0.80093,0,0
2015-06-02,05:00:00,0.80092,0.80184,0.7997,0.80136,0,0
2015-06-02,06:00:00,0.80137,0.80246,0.80117,0.80165,0,0
2015-06-02,07:00:00,0.80167,0.80261,0.80138,0.80228,0,0
2015-06-02,08:00:00,0.80236,0.80299,0.80191,0.80233,0,0
2015-06-02,09:00:00,0.80234,0.80325,0.80195,0.80297,0,0
2015-06-02,10:00:00,0.80293,0.80365,0.80246,0.80252,0,0
2015-06-02,11:00:00,0.80239,0.80334,0.80239,0.80316,0,0
2015-06-02,12:00:00,0.8031,0.80319,0.80148,0.80201,0,0
2015-06-02,13:00:00,0.80203,0.80213,0.80109,0.80142,0,0
2015-06-02,14:00:00,0.80137,0.80199,0.80119,0.80196,0,0
2015-06-02,15:00:00,0.80196,0.80322,0.80142,0.80192,0,0
2015-06-02,16:00:00,0.80192,0.80635,0.80192,0.80557,0,0
2015-06-02,17:00:00,0.80556,0.80799,0.80518,0.80572,0,0
2015-06-02,18:00:00,0.80575,0.80608,0.80478,0.80518,0,0
2015-06-02,19:00:00,0.80519,0.80677,0.80513,0.80631,0,0
2015-06-02,20:00:00,0.80631,0.80719,0.80624,0.80703,0,0
2015-06-02,21:00:00,0.80704,0.80723,0.80595,0.80598,0,0
2015-06-02,22:00:00,0.80603,0.80622,0.80553,0.80576,0,0
2015-06-02,23:00:00,0.80576,0.806,0.80535,0.80568,0,0
2015-06-02,23:59:00,0.80571,0.80612,0.80557,0.80585,0,0
2015-06-03,01:00:00,0.80589,0.80608,0.80551,0.80607,0,0
2015-06-03,02:00:00,0.80596,0.80658,0.80596,0.80609,0,0
2015-06-03,03:00:00,0.80608,0.80614,0.8049,0.80541,0,0
2015-06-03,04:00:00,0.80541,0.80729,0.80541,0.80723,0,0
2015-06-03,05:00:00,0.80721,0.80736,0.80652,0.80661,0,0
2015-06-03,06:00:00,0.80661,0.80674,0.80591,0.80628,0,0
2015-06-03,07:00:00,0.8063,0.80736,0.80628,0.80693,0,0
2015-06-03,08:00:00,0.80685,0.80773,0.8068,0.80736,0,0
2015-06-03,09:00:00,0.80738,0.80757,0.80653,0.80677,0,0
2015-06-03,10:00:00,0.80669,0.80669,0.80517,0.80539,0,0
2015-06-03,11:00:00,0.80541,0.80578,0.80421,0.80438,0,0
2015-06-03,12:00:00,0.80432,0.80444,0.80384,0.80397,0,0
2015-06-03,13:00:00,0.80393,0.80401,0.80324,0.80349,0,0
2015-06-03,14:00:00,0.8035,0.80417,0.80341,0.80365,0,0
2015-06-03,15:00:00,0.80365,0.80407,0.80203,0.80246,0,0
2015-06-03,16:00:00,0.80246,0.8048,0.8024,0.80443,0,0
2015-06-03,17:00:00,0.80442,0.8064,0.80442,0.8056,0,0
2015-06-03,18:00:00,0.80562,0.80601,0.80478,0.80601,0,0
2015-06-03,19:00:00,0.806,0.80603,0.80399,0.80399,0,0
2015-06-03,20:00:00,0.80399,0.80437,0.80368,0.80383,0,0
2015-06-03,21:00:00,0.80384,0.80427,0.80372,0.8042,0,0
2015-06-03,22:00:00,0.80424,0.80495,0.80407,0.8048,0,0
2015-06-03,23:00:00,0.80494,0.80528,0.80471,0.80498,0,0
2015-06-03,23:59:00,0.80483,0.80498,0.80456,0.80465,0,0
2015-06-04,01:00:00,0.80465,0.805,0.80425,0.80451,0,0
2015-06-04,02:00:00,0.8045,0.80452,0.80403,0.80447,0,0
2015-06-04,03:00:00,0.80445,0.80452,0.8038,0.80421,0,0
2015-06-04,04:00:00,0.80421,0.80445,0.80276,0.80292,0,0
2015-06-04,05:00:00,0.80288,0.80358,0.80284,0.80319,0,0
2015-06-04,06:00:00,0.80318,0.80363,0.80294,0.80361,0,0
2015-06-04,07:00:00,0.8036,0.8036,0.80311,0.80326,0,0
2015-06-04,08:00:00,0.80323,0.80471,0.80322,0.80441,0,0
2015-06-04,09:00:00,0.80445,0.80654,0.80383,0.80482,0,0
2015-06-04,10:00:00,0.80482,0.80504,0.80394,0.80457,0,0
2015-06-04,11:00:00,0.80459,0.80783,0.80459,0.80608,0,0
2015-06-04,12:00:00,0.80612,0.80675,0.80589,0.80631,0,0
2015-06-04,13:00:00,0.80624,0.80632,0.80548,0.80602,0,0
2015-06-04,14:00:00,0.80601,0.80652,0.80549,0.80626,0,0
2015-06-04,15:00:00,0.8062,0.8062,0.8043,0.80433,0,0
2015-06-04,16:00:00,0.80432,0.80458,0.80315,0.80404,0,0
2015-06-04,17:00:00,0.80396,0.8042,0.80312,0.80325,0,0
2015-06-04,18:00:00,0.80326,0.80343,0.80206,0.8027,0,0
2015-06-04,19:00:00,0.80272,0.80331,0.80259,0.80305,0,0
2015-06-04,20:00:00,0.80306,0.80413,0.80294,0.80413,0,0
2015-06-04,21:00:00,0.80414,0.80495,0.80392,0.80403,0,0
2015-06-04,22:00:00,0.80404,0.80467,0.80387,0.80419,0,0
2015-06-04,23:00:00,0.80401,0.8043,0.8039,0.80408,0,0
2015-06-04,23:59:00,0.80407,0.80422,0.80342,0.80348,0,0
2015-06-05,01:00:00,0.80347,0.80383,0.80341,0.80349,0,0
2015-06-05,02:00:00,0.80349,0.80398,0.80349,0.80394,0,0
2015-06-05,03:00:00,0.80389,0.8041,0.80277,0.80334,0,0
2015-06-05,04:00:00,0.80334,0.80352,0.80302,0.80333,0,0
2015-06-05,05:00:00,0.8033,0.80379,0.80324,0.80374,0,0
2015-06-05,06:00:00,0.80374,0.80379,0.80332,0.80336,0,0
2015-06-05,07:00:00,0.80336,0.80375,0.80334,0.80368,0,0
2015-06-05,08:00:00,0.80363,0.80379,0.80335,0.80336,0,0
2015-06-05,09:00:00,0.80329,0.80346,0.80298,0.80332,0,0
2015-06-05,10:00:00,0.80331,0.80331,0.8015,0.80185,0,0
2015-06-05,11:00:00,0.80189,0.80205,0.80126,0.80162,0,0
2015-06-05,12:00:00,0.80156,0.80176,0.80129,0.80134,0,0
2015-06-05,13:00:00,0.80134,0.80163,0.80103,0.80116,0,0
2015-06-05,14:00:00,0.8012,0.80225,0.80109,0.80163,0,0
2015-06-05,15:00:00,0.80164,0.80169,0.79539,0.79587,0,0
2015-06-05,16:00:00,0.79592,0.7964,0.79463,0.79565,0,0
2015-06-05,17:00:00,0.79556,0.79758,0.79545,0.79589,0,0
2015-06-05,18:00:00,0.79586,0.79679,0.7956,0.79622,0,0
2015-06-05,19:00:00,0.79622,0.7968,0.7962,0.79671,0,0
2015-06-05,20:00:00,0.79669,0.79705,0.79603,0.79619,0,0
2015-06-05,21:00:00,0.79619,0.79657,0.79593,0.79614,0,0
2015-06-05,22:00:00,0.79615,0.79625,0.79585,0.79587,0,0
2015-06-05,23:00:00,0.79592,0.79592,0.79587,0.79588,0,0
2015-06-08,01:00:00,0.79632,0.79647,0.79566,0.79586,0,0
2015-06-08,02:00:00,0.79579,0.79611,0.79575,0.79602,0,0
2015-06-08,03:00:00,0.79601,0.79705,0.79596,0.79625,0,0
2015-06-08,04:00:00,0.79625,0.7979,0.79625,0.79765,0,0
2015-06-08,05:00:00,0.79761,0.7981,0.79717,0.79724,0,0
2015-06-08,06:00:00,0.79711,0.79749,0.79707,0.79723,0,0
2015-06-08,07:00:00,0.79716,0.79723,0.79686,0.797,0,0
2015-06-08,08:00:00,0.79698,0.79717,0.79658,0.79696,0,0
2015-06-08,09:00:00,0.79693,0.79995,0.79621,0.79888,0,0
2015-06-08,10:00:00,0.79889,0.79994,0.79828,0.79861,0,0
2015-06-08,11:00:00,0.79859,0.7986,0.79662,0.79761,0,0
2015-06-08,12:00:00,0.79761,0.79848,0.79756,0.7983,0,0
2015-06-08,13:00:00,0.79829,0.79838,0.79779,0.79793,0,0
2015-06-08,14:00:00,0.79791,0.79841,0.79783,0.79814,0,0
2015-06-08,15:00:00,0.79814,0.79929,0.79806,0.79924,0,0
2015-06-08,16:00:00,0.79923,0.79995,0.79884,0.79926,0,0
2015-06-08,17:00:00,0.7993,0.79946,0.79779,0.79783,0,0
2015-06-08,18:00:00,0.79782,0.8002,0.79761,0.79943,0,0
2015-06-08,19:00:00,0.79943,0.79976,0.79909,0.7996,0,0
2015-06-08,20:00:00,0.7996,0.80189,0.79949,0.80155,0,0
2015-06-08,21:00:00,0.80161,0.8033,0.80142,0.80246,0,0
2015-06-08,22:00:00,0.80252,0.80441,0.80242,0.8038,0,0
2015-06-08,23:00:00,0.80377,0.80414,0.80308,0.80329,0,0
2015-06-08,23:59:00,0.80329,0.80331,0.80236,0.80258,0,0
2015-06-09,01:00:00,0.80275,0.80288,0.80245,0.80245,0,0
2015-06-09,02:00:00,0.80245,0.80276,0.80223,0.80268,0,0
2015-06-09,03:00:00,0.80268,0.80271,0.80168,0.80251,0,0
2015-06-09,04:00:00,0.80248,0.80386,0.80245,0.80343,0,0
2015-06-09,05:00:00,0.803,0.80375,0.80299,0.80339,0,0
2015-06-09,06:00:00,0.80338,0.80381,0.80299,0.803,0,0
2015-06-09,07:00:00,0.80285,0.80304,0.80272,0.80279,0,0
2015-06-09,08:00:00,0.80278,0.8048,0.80278,0.80455,0,0
2015-06-09,09:00:00,0.8046,0.80537,0.80363,0.80367,0,0
2015-06-09,10:00:00,0.8037,0.80383,0.80242,0.80298,0,0
2015-06-09,11:00:00,0.80295,0.80462,0.80253,0.8046,0,0
2015-06-09,12:00:00,0.80463,0.806,0.80463,0.80563,0,0
2015-06-09,13:00:00,0.80565,0.80704,0.8056,0.80602,0,0
2015-06-09,14:00:00,0.80604,0.80736,0.80552,0.80566,0,0
2015-06-09,15:00:00,0.80569,0.80633,0.80423,0.80454,0,0
2015-06-09,16:00:00,0.80452,0.806,0.80423,0.80432,0,0
2015-06-09,17:00:00,0.80442,0.80533,0.80373,0.80405,0,0
2015-06-09,18:00:00,0.80404,0.80543,0.80361,0.80533,0,0
2015-06-09,19:00:00,0.80532,0.8056,0.80441,0.80454,0,0
2015-06-09,20:00:00,0.80455,0.80477,0.80368,0.80381,0,0
2015-06-09,21:00:00,0.8038,0.80423,0.80367,0.80408,0,0
2015-06-09,22:00:00,0.80412,0.80437,0.80401,0.80414,0,0
2015-06-09,23:00:00,0.80415,0.80451,0.80405,0.80416,0,0
2015-06-09,23:59:00,0.80423,0.80459,0.80409,0.80426,0,0
2015-06-10,01:00:00,0.80426,0.80434,0.80371,0.80371,0,0
2015-06-10,02:00:00,0.8037,0.80427,0.8037,0.80415,0,0
2015-06-10,03:00:00,0.80415,0.80483,0.80334,0.80375,0,0
2015-06-10,04:00:00,0.80381,0.80423,0.80363,0.8039,0,0
2015-06-10,05:00:00,0.8039,0.80412,0.80298,0.80325,0,0
2015-06-10,06:00:00,0.80325,0.80325,0.80243,0.80287,0,0
2015-06-10,07:00:00,0.80287,0.81445,0.80266,0.81312,0,0
2015-06-10,08:00:00,0.81299,0.8163,0.812,0.8148,0,0
2015-06-10,09:00:00,0.81456,0.81539,0.81253,0.81292,0,0
2015-06-10,10:00:00,0.81294,0.81659,0.81221,0.815,0,0
2015-06-10,11:00:00,0.81493,0.81553,0.81319,0.81527,0,0
2015-06-10,12:00:00,0.81532,0.81532,0.81388,0.81443,0,0
2015-06-10,13:00:00,0.81445,0.81499,0.8108,0.81174,0,0
2015-06-10,14:00:00,0.81181,0.81352,0.81132,0.81329,0,0
2015-06-10,15:00:00,0.81332,0.81537,0.813,0.81492,0,0
2015-06-10,16:00:00,0.81494,0.81533,0.81344,0.81522,0,0
2015-06-10,17:00:00,0.81522,0.81602,0.81405,0.81528,0,0
2015-06-10,18:00:00,0.81544,0.81569,0.81423,0.8148,0,0
2015-06-10,19:00:00,0.81487,0.81488,0.81391,0.81456,0,0
2015-06-10,20:00:00,0.81452,0.81562,0.81452,0.81524,0,0
2015-06-10,21:00:00,0.81522,0.81577,0.81491,0.81509,0,0
2015-06-10,22:00:00,0.81508,0.81549,0.81449,0.81543,0,0
2015-06-10,23:00:00,0.81553,0.81559,0.81488,0.81506,0,0
2015-06-10,23:59:00,0.81512,0.81541,0.81446,0.8146,0,0
2015-06-11,01:00:00,0.8146,0.81484,0.81431,0.81444,0,0
2015-06-11,02:00:00,0.81443,0.81445,0.81358,0.81382,0,0
2015-06-11,03:00:00,0.8138,0.8138,0.81257,0.81276,0,0
2015-06-11,04:00:00,0.81282,0.81385,0.81194,0.81205,0,0
2015-06-11,05:00:00,0.81204,0.81329,0.81175,0.81253,0,0
2015-06-11,06:00:00,0.81263,0.81303,0.81214,0.81236,0,0
2015-06-11,07:00:00,0.81235,0.81332,0.81137,0.81159,0,0
2015-06-11,08:00:00,0.81154,0.81202,0.81111,0.81175,0,0
2015-06-11,09:00:00,0.81177,0.81204,0.81077,0.81151,0,0
2015-06-11,10:00:00,0.81151,0.81166,0.80923,0.80949,0,0
2015-06-11,11:00:00,0.80948,0.81026,0.8087,0.80924,0,0
2015-06-11,12:00:00,0.80923,0.80923,0.80771,0.8089,0,0
2015-06-11,13:00:00,0.80887,0.80924,0.80847,0.80877,0,0
2015-06-11,14:00:00,0.80876,0.80911,0.808,0.80812,0,0
2015-06-11,15:00:00,0.80809,0.8112,0.80568,0.80986,0,0
2015-06-11,16:00:00,0.80972,0.80985,0.8082,0.80853,0,0
2015-06-11,17:00:00,0.80853,0.80955,0.80835,0.80861,0,0
2015-06-11,18:00:00,0.80858,0.80923,0.80853,0.80886,0,0
2015-06-11,19:00:00,0.80885,0.80925,0.80864,0.80881,0,0
2015-06-11,20:00:00,0.8088,0.80942,0.80862,0.809,0,0
2015-06-11,21:00:00,0.80902,0.81035,0.80901,0.81034,0,0
2015-06-11,22:00:00,0.8103,0.81054,0.80991,0.81033,0,0
2015-06-11,23:00:00,0.81034,0.81081,0.80991,0.81025,0,0
2015-06-11,23:59:00,0.81024,0.81024,0.80952,0.80972,0,0
2015-06-12,01:00:00,0.80973,0.81012,0.80921,0.80942,0,0
2015-06-12,02:00:00,0.80942,0.80978,0.80881,0.80917,0,0
2015-06-12,03:00:00,0.80908,0.81004,0.80892,0.81,0,0
2015-06-12,04:00:00,0.80993,0.81016,0.80942,0.80959,0,0
2015-06-12,05:00:00,0.80944,0.81015,0.80944,0.80989,0,0
2015-06-12,06:00:00,0.80988,0.81016,0.80967,0.80972,0,0
2015-06-12,07:00:00,0.8097,0.81075,0.80962,0.81004,0,0
2015-06-12,08:00:00,0.81006,0.81037,0.80972,0.8101,0,0
2015-06-12,09:00:00,0.81014,0.81022,0.80924,0.80937,0,0
2015-06-12,10:00:00,0.80938,0.80956,0.80828,0.80832,0,0
2015-06-12,11:00:00,0.80825,0.8087,0.80766,0.80816,0,0
2015-06-12,12:00:00,0.80816,0.80871,0.80776,0.80837,0,0
2015-06-12,13:00:00,0.80839,0.80872,0.80778,0.80786,0,0
2015-06-12,14:00:00,0.80786,0.80921,0.80784,0.8091,0,0
2015-06-12,15:00:00,0.8091,0.80926,0.80817,0.80837,0,0
2015-06-12,16:00:00,0.80835,0.80984,0.80798,0.80964,0,0
2015-06-12,17:00:00,0.80966,0.81145,0.80894,0.81121,0,0
2015-06-12,18:00:00,0.81116,0.81206,0.81066,0.81141,0,0
2015-06-12,19:00:00,0.81141,0.81148,0.81045,0.81062,0,0
2015-06-12,20:00:00,0.81061,0.81073,0.81022,0.81035,0,0
2015-06-12,21:00:00,0.81027,0.8106,0.80954,0.81012,0,0
2015-06-12,22:00:00,0.81012,0.8105,0.80995,0.81043,0,0
2015-06-12,23:00:00,0.8104,0.8104,0.81027,0.81036,0,0
2015-06-15,01:00:00,0.81148,0.81153,0.81066,0.81106,0,0
2015-06-15,02:00:00,0.81107,0.81114,0.81076,0.81109,0,0
2015-06-15,03:00:00,0.81105,0.81105,0.80973,0.80987,0,0
2015-06-15,04:00:00,0.80989,0.81008,0.80934,0.80985,0,0
2015-06-15,05:00:00,0.8098,0.8101,0.8097,0.80977,0,0
2015-06-15,06:00:00,0.80976,0.81035,0.80967,0.81013,0,0
2015-06-15,07:00:00,0.81012,0.81048,0.80981,0.81002,0,0
2015-06-15,08:00:00,0.80995,0.81001,0.80936,0.80964,0,0
2015-06-15,09:00:00,0.80963,0.81077,0.80951,0.81017,0,0
2015-06-15,10:00:00,0.81012,0.8105,0.80891,0.80956,0,0
2015-06-15,11:00:00,0.80956,0.80997,0.80924,0.80962,0,0
2015-06-15,12:00:00,0.80959,0.80988,0.80919,0.8094,0,0
2015-06-15,13:00:00,0.80939,0.80939,0.8087,0.80902,0,0
2015-06-15,14:00:00,0.80904,0.80957,0.80866,0.80953,0,0
2015-06-15,15:00:00,0.80952,0.81083,0.80942,0.81035,0,0
2015-06-15,16:00:00,0.81035,0.81102,0.8097,0.8107,0,0
2015-06-15,17:00:00,0.81067,0.81079,0.80976,0.80987,0,0
2015-06-15,18:00:00,0.8098,0.81048,0.80947,0.81046,0,0
2015-06-15,19:00:00,0.81045,0.81046,0.80954,0.81011,0,0
2015-06-15,20:00:00,0.81009,0.81018,0.8095,0.80993,0,0
2015-06-15,21:00:00,0.80986,0.81055,0.80982,0.81031,0,0
2015-06-15,22:00:00,0.81046,0.81073,0.81041,0.81044,0,0
2015-06-15,23:00:00,0.81045,0.81054,0.81028,0.81028,0,0
2015-06-15,23:59:00,0.81025,0.81038,0.8097,0.81031,0,0
2015-06-16,01:00:00,0.81034,0.81037,0.81014,0.81023,0,0
2015-06-16,02:00:00,0.81025,0.81039,0.81013,0.81022,0,0
2015-06-16,03:00:00,0.81021,0.81029,0.80978,0.81023,0,0
2015-06-16,04:00:00,0.81022,0.81094,0.80782,0.80942,0,0
2015-06-16,05:00:00,0.80941,0.8096,0.80876,0.80954,0,0
2015-06-16,06:00:00,0.80952,0.80964,0.80909,0.80939,0,0
2015-06-16,07:00:00,0.80942,0.80954,0.80911,0.80924,0,0
2015-06-16,08:00:00,0.80924,0.80941,0.80886,0.80917,0,0
2015-06-16,09:00:00,0.80918,0.80936,0.80878,0.80901,0,0
2015-06-16,10:00:00,0.80899,0.81035,0.80891,0.80976,0,0
2015-06-16,11:00:00,0.8098,0.80992,0.80915,0.80915,0,0
2015-06-16,12:00:00,0.80917,0.80962,0.80915,0.80941,0,0
2015-06-16,13:00:00,0.80944,0.8098,0.80934,0.8095,0,0
2015-06-16,14:00:00,0.8095,0.80995,0.80935,0.80988,0,0
2015-06-16,15:00:00,0.80985,0.81079,0.80979,0.81028,0,0
2015-06-16,16:00:00,0.81029,0.8105,0.80995,0.81049,0,0
2015-06-16,17:00:00,0.81058,0.81103,0.81014,0.81016,0,0
2015-06-16,18:00:00,0.81018,0.81045,0.80987,0.81041,0,0
2015-06-16,19:00:00,0.8104,0.81062,0.81028,0.81035,0,0
2015-06-16,20:00:00,0.81037,0.8106,0.81031,0.81039,0,0
2015-06-16,21:00:00,0.81046,0.81077,0.8103,0.81054,0,0
2015-06-16,22:00:00,0.8106,0.81064,0.81039,0.81048,0,0
2015-06-16,23:00:00,0.81046,0.8107,0.81035,0.81065,0,0
2015-06-16,23:59:00,0.81066,0.81067,0.81033,0.81051,0,0
2015-06-17,01:00:00,0.8105,0.81056,0.8103,0.81046,0,0
2015-06-17,02:00:00,0.81047,0.81054,0.80999,0.80999,0,0
2015-06-17,03:00:00,0.81,0.81027,0.80995,0.81019,0,0
2015-06-17,04:00:00,0.8102,0.81058,0.81014,0.81055,0,0
2015-06-17,05:00:00,0.81054,0.81062,0.81002,0.8101,0,0
2015-06-17,06:00:00,0.8101,0.81026,0.80987,0.81009,0,0
2015-06-17,07:00:00,0.81008,0.8102,0.80987,0.8099,0,0
2015-06-17,08:00:00,0.80987,0.80988,0.80913,0.80941,0,0
2015-06-17,09:00:00,0.80941,0.80957,0.80901,0.80937,0,0
2015-06-17,10:00:00,0.80938,0.8097,0.80834,0.8087,0,0
2015-06-17,11:00:00,0.80869,0.80885,0.80732,0.80742,0,0
2015-06-17,12:00:00,0.80735,0.80771,0.80683,0.80693,0,0
2015-06-17,13:00:00,0.80699,0.80713,0.80659,0.80701,0,0
2015-06-17,14:00:00,0.807,0.80747,0.80672,0.80737,0,0
2015-06-17,15:00:00,0.80734,0.80734,0.80617,0.80661,0,0
2015-06-17,16:00:00,0.8066,0.80663,0.80603,0.80609,0,0
2015-06-17,17:00:00,0.80606,0.80609,0.80449,0.80497,0,0
2015-06-17,18:00:00,0.80489,0.8054,0.80463,0.80482,0,0
2015-06-17,19:00:00,0.80482,0.8054,0.80462,0.80501,0,0
2015-06-17,20:00:00,0.80502,0.80543,0.80455,0.80483,0,0
2015-06-17,21:00:00,0.80467,0.81092,0.80357,0.81048,0,0
2015-06-17,22:00:00,0.81051,0.8116,0.81011,0.8104,0,0
2015-06-17,23:00:00,0.81036,0.81037,0.80987,0.81018,0,0
2015-06-17,23:59:00,0.81018,0.81053,0.80995,0.81021,0,0
2015-06-18,01:00:00,0.81021,0.81023,0.80949,0.80983,0,0
2015-06-18,02:00:00,0.80981,0.80997,0.80904,0.80923,0,0
2015-06-18,03:00:00,0.80922,0.8106,0.80921,0.81029,0,0
2015-06-18,04:00:00,0.81029,0.8118,0.81022,0.81138,0,0
2015-06-18,05:00:00,0.81134,0.81253,0.81098,0.81253,0,0
2015-06-18,06:00:00,0.8125,0.81257,0.81186,0.81202,0,0
2015-06-18,07:00:00,0.81204,0.81277,0.81202,0.81229,0,0
2015-06-18,08:00:00,0.81235,0.8139,0.81229,0.81311,0,0
2015-06-18,09:00:00,0.81314,0.81352,0.81243,0.81244,0,0
2015-06-18,10:00:00,0.8125,0.81438,0.8123,0.81401,0,0
2015-06-18,11:00:00,0.81393,0.81524,0.81389,0.81429,0,0
2015-06-18,12:00:00,0.8143,0.81594,0.81421,0.81589,0,0
2015-06-18,13:00:00,0.81591,0.81599,0.81482,0.8151,0,0
2015-06-18,14:00:00,0.81498,0.81589,0.81492,0.81515,0,0
2015-06-18,15:00:00,0.81516,0.81642,0.8145,0.81498,0,0
2015-06-18,16:00:00,0.81498,0.81528,0.81449,0.81482,0,0
2015-06-18,17:00:00,0.8147,0.8147,0.8124,0.81313,0,0
2015-06-18,18:00:00,0.81312,0.81428,0.81305,0.81368,0,0
2015-06-18,19:00:00,0.81387,0.81387,0.81198,0.81282,0,0
2015-06-18,20:00:00,0.81282,0.81323,0.81246,0.81275,0,0
2015-06-18,21:00:00,0.81276,0.81333,0.81276,0.81286,0,0
2015-06-18,22:00:00,0.8128,0.81407,0.81266,0.81368,0,0
2015-06-18,23:00:00,0.8136,0.8138,0.81328,0.81328,0,0
2015-06-18,23:59:00,0.81319,0.81345,0.81315,0.81335,0,0
2015-06-19,01:00:00,0.81334,0.8137,0.81323,0.81344,0,0
2015-06-19,02:00:00,0.81342,0.81349,0.81258,0.81299,0,0
2015-06-19,03:00:00,0.81298,0.81386,0.81245,0.81382,0,0
2015-06-19,04:00:00,0.81376,0.81411,0.8131,0.81332,0,0
2015-06-19,05:00:00,0.81331,0.81361,0.81313,0.81338,0,0
2015-06-19,06:00:00,0.81339,0.81386,0.81272,0.81303,0,0
2015-06-19,07:00:00,0.81305,0.81309,0.81237,0.81265,0,0
2015-06-19,08:00:00,0.81265,0.81271,0.81158,0.81204,0,0
2015-06-19,09:00:00,0.8121,0.81255,0.81174,0.81231,0,0
2015-06-19,10:00:00,0.8123,0.81342,0.81202,0.81227,0,0
2015-06-19,11:00:00,0.81221,0.81288,0.81181,0.81288,0,0
2015-06-19,12:00:00,0.81299,0.81318,0.81199,0.81256,0,0
2015-06-19,13:00:00,0.81256,0.81257,0.81197,0.81205,0,0
2015-06-19,14:00:00,0.81206,0.81246,0.81185,0.812,0,0
2015-06-19,15:00:00,0.812,0.81306,0.81168,0.8129,0,0
2015-06-19,16:00:00,0.81289,0.81591,0.81278,0.81528,0,0
2015-06-19,17:00:00,0.81522,0.81575,0.81456,0.81462,0,0
2015-06-19,18:00:00,0.81464,0.8151,0.81436,0.8149,0,0
2015-06-19,19:00:00,0.81493,0.81554,0.81474,0.81548,0,0
2015-06-19,20:00:00,0.81545,0.81569,0.81512,0.81549,0,0
2015-06-19,21:00:00,0.81554,0.81585,0.81516,0.81518,0,0
2015-06-19,22:00:00,0.81518,0.81559,0.81474,0.81474,0,0
2015-06-19,23:00:00,0.81471,0.8149,0.81464,0.8149,0,0
2015-06-22,01:00:00,0.81346,0.81464,0.81346,0.81445,0,0
2015-06-22,02:00:00,0.81435,0.81506,0.81432,0.81449,0,0
2015-06-22,03:00:00,0.81448,0.81528,0.8142,0.81502,0,0
2015-06-22,04:00:00,0.81506,0.81591,0.81478,0.81478,0,0
2015-06-22,05:00:00,0.81478,0.81506,0.81441,0.81441,0,0
2015-06-22,06:00:00,0.81435,0.81498,0.81424,0.81496,0,0
2015-06-22,07:00:00,0.81494,0.8151,0.81447,0.81471,0,0
2015-06-22,08:00:00,0.81474,0.81527,0.81466,0.8151,0,0
2015-06-22,09:00:00,0.81514,0.81516,0.81369,0.81421,0,0
2015-06-22,10:00:00,0.81417,0.81417,0.81214,0.81218,0,0
2015-06-22,11:00:00,0.81218,0.81288,0.81204,0.81288,0,0
2015-06-22,12:00:00,0.81286,0.81307,0.812,0.81214,0,0
2015-06-22,13:00:00,0.81213,0.81231,0.81073,0.81152,0,0
2015-06-22,14:00:00,0.81152,0.8118,0.81064,0.81093,0,0
2015-06-22,15:00:00,0.81098,0.81289,0.81097,0.81261,0,0
2015-06-22,16:00:00,0.81258,0.81284,0.81164,0.81231,0,0
2015-06-22,17:00:00,0.81226,0.81226,0.81107,0.81164,0,0
2015-06-22,18:00:00,0.81163,0.81164,0.81083,0.81117,0,0
2015-06-22,19:00:00,0.81117,0.81117,0.8104,0.81095,0,0
2015-06-22,20:00:00,0.81098,0.81106,0.81044,0.81046,0,0
2015-06-22,21:00:00,0.81046,0.81058,0.81023,0.81045,0,0
2015-06-22,22:00:00,0.81046,0.81073,0.81028,0.81059,0,0
2015-06-22,23:00:00,0.81062,0.81081,0.81045,0.81066,0,0
2015-06-22,23:59:00,0.81058,0.8107,0.81042,0.81063,0,0
2015-06-23,01:00:00,0.81063,0.81071,0.81046,0.81051,0,0
2015-06-23,02:00:00,0.8105,0.81064,0.81026,0.81031,0,0
2015-06-23,03:00:00,0.81023,0.81054,0.81006,0.81006,0,0
2015-06-23,04:00:00,0.81003,0.81006,0.80887,0.8089,0,0
2015-06-23,05:00:00,0.80888,0.80923,0.80812,0.80824,0,0
2015-06-23,06:00:00,0.80824,0.80898,0.80818,0.80837,0,0
2015-06-23,07:00:00,0.80836,0.80854,0.80785,0.80807,0,0
2015-06-23,08:00:00,0.80807,0.80899,0.808,0.80899,0,0
2015-06-23,09:00:00,0.80902,0.80903,0.80804,0.80881,0,0
2015-06-23,10:00:00,0.80883,0.80935,0.80839,0.80839,0,0
2015-06-23,11:00:00,0.80847,0.80904,0.80804,0.8087,0,0
2015-06-23,12:00:00,0.8087,0.80934,0.80864,0.80901,0,0
2015-06-23,13:00:00,0.80901,0.80901,0.8084,0.80846,0,0
2015-06-23,14:00:00,0.80846,0.80866,0.80745,0.8076,0,0
2015-06-23,15:00:00,0.8076,0.80829,0.80562,0.80588,0,0
2015-06-23,16:00:00,0.80588,0.80647,0.80526,0.80613,0,0
2015-06-23,17:00:00,0.80603,0.80777,0.80545,0.80721,0,0
2015-06-23,18:00:00,0.80719,0.80878,0.80691,0.80832,0,0
2015-06-23,19:00:00,0.80833,0.80844,0.80715,0.80736,0,0
2015-06-23,20:00:00,0.8074,0.80796,0.80721,0.8073,0,0
2015-06-23,21:00:00,0.80729,0.80737,0.80654,0.80686,0,0
2015-06-23,22:00:00,0.8068,0.80708,0.80641,0.80706,0,0
2015-06-23,23:00:00,0.807,0.80725,0.80681,0.80682,0,0
2015-06-23,23:59:00,0.80684,0.80699,0.80677,0.80697,0,0
2015-06-24,01:00:00,0.80697,0.80706,0.80684,0.80699,0,0
2015-06-24,02:00:00,0.80699,0.80748,0.80693,0.80731,0,0
2015-06-24,03:00:00,0.80725,0.80802,0.80703,0.80714,0,0
2015-06-24,04:00:00,0.80712,0.80747,0.80681,0.80731,0,0
2015-06-24,05:00:00,0.80721,0.8077,0.80705,0.80719,0,0
2015-06-24,06:00:00,0.80725,0.80742,0.80686,0.80699,0,0
2015-06-24,07:00:00,0.80699,0.80713,0.80587,0.8061,0,0
2015-06-24,08:00:00,0.8061,0.80678,0.80581,0.80626,0,0
2015-06-24,09:00:00,0.80637,0.80748,0.80637,0.80701,0,0
2015-06-24,10:00:00,0.807,0.80714,0.80603,0.80684,0,0
2015-06-24,11:00:00,0.80685,0.80789,0.80665,0.80727,0,0
2015-06-24,12:00:00,0.80728,0.80828,0.80672,0.80815,0,0
2015-06-24,13:00:00,0.80824,0.80824,0.80655,0.80689,0,0
2015-06-24,14:00:00,0.80698,0.80751,0.80664,0.80708,0,0
2015-06-24,15:00:00,0.8071,0.80758,0.8064,0.8064,0,0
2015-06-24,16:00:00,0.80641,0.80642,0.80535,0.80573,0,0
2015-06-24,17:00:00,0.80571,0.80599,0.80401,0.80414,0,0
2015-06-24,18:00:00,0.80418,0.80491,0.80415,0.80486,0,0
2015-06-24,19:00:00,0.80487,0.80643,0.80487,0.80626,0,0
2015-06-24,20:00:00,0.80622,0.808,0.80622,0.80765,0,0
2015-06-24,21:00:00,0.80766,0.80775,0.80735,0.80758,0,0
2015-06-24,22:00:00,0.80761,0.80761,0.80725,0.80734,0,0
2015-06-24,23:00:00,0.80734,0.80745,0.80712,0.80742,0,0
2015-06-24,23:59:00,0.80738,0.80744,0.80702,0.80707,0,0
2015-06-25,01:00:00,0.80707,0.80738,0.80684,0.80731,0,0
2015-06-25,02:00:00,0.80732,0.80753,0.80716,0.80738,0,0
2015-06-25,03:00:00,0.80734,0.80751,0.80703,0.80732,0,0
2015-06-25,04:00:00,0.80731,0.80745,0.80676,0.80712,0,0
2015-06-25,05:00:00,0.80712,0.80825,0.80706,0.80825,0,0
2015-06-25,06:00:00,0.80827,0.80909,0.8081,0.80884,0,0
2015-06-25,07:00:00,0.80886,0.80931,0.80872,0.80886,0,0
2015-06-25,08:00:00,0.80885,0.80921,0.80849,0.80886,0,0
2015-06-25,09:00:00,0.80891,0.80931,0.80776,0.80805,0,0
2015-06-25,10:00:00,0.80805,0.80842,0.80783,0.808,0,0
2015-06-25,11:00:00,0.80799,0.80836,0.8078,0.80834,0,0
2015-06-25,12:00:00,0.80833,0.81086,0.80829,0.81015,0,0
2015-06-25,13:00:00,0.81002,0.81037,0.80818,0.80863,0,0
2015-06-25,14:00:00,0.80867,0.80937,0.80829,0.80929,0,0
2015-06-25,15:00:00,0.80928,0.80932,0.80801,0.80901,0,0
2015-06-25,16:00:00,0.80901,0.81009,0.80857,0.80881,0,0
2015-06-25,17:00:00,0.80874,0.80963,0.8084,0.8084,0,0
2015-06-25,18:00:00,0.80842,0.80916,0.80829,0.8088,0,0
2015-06-25,19:00:00,0.80882,0.80925,0.80874,0.80911,0,0
2015-06-25,20:00:00,0.80912,0.80973,0.80891,0.80914,0,0
2015-06-25,21:00:00,0.80915,0.80961,0.80896,0.80899,0,0
2015-06-25,22:00:00,0.80905,0.8092,0.80886,0.80899,0,0
2015-06-25,23:00:00,0.80901,0.80901,0.80879,0.80887,0,0
2015-06-25,23:59:00,0.80894,0.80895,0.80865,0.8087,0,0
2015-06-26,01:00:00,0.8087,0.80923,0.80867,0.80921,0,0
2015-06-26,02:00:00,0.8092,0.8094,0.80904,0.80909,0,0
2015-06-26,03:00:00,0.80909,0.80975,0.80903,0.80943,0,0
2015-06-26,04:00:00,0.80942,0.81041,0.80916,0.81029,0,0
2015-06-26,05:00:00,0.81029,0.81151,0.80998,0.81121,0,0
2015-06-26,06:00:00,0.8112,0.81125,0.81052,0.81059,0,0
2015-06-26,07:00:00,0.81053,0.8106,0.81015,0.81041,0,0
2015-06-26,08:00:00,0.81042,0.81103,0.8104,0.81054,0,0
2015-06-26,09:00:00,0.81056,0.81062,0.80989,0.81014,0,0
2015-06-26,10:00:00,0.81014,0.81075,0.81001,0.81056,0,0
2015-06-26,11:00:00,0.81058,0.81075,0.81027,0.81033,0,0
2015-06-26,12:00:00,0.81033,0.81058,0.80985,0.80995,0,0
2015-06-26,13:00:00,0.80995,0.81062,0.80977,0.81027,0,0
2015-06-26,14:00:00,0.81029,0.81059,0.80894,0.80897,0,0
2015-06-26,15:00:00,0.80894,0.80894,0.80763,0.80772,0,0
2015-06-26,16:00:00,0.80772,0.80804,0.80688,0.8072,0,0
2015-06-26,17:00:00,0.80719,0.80782,0.80678,0.80685,0,0
2015-06-26,18:00:00,0.80681,0.8071,0.80652,0.80695,0,0
2015-06-26,19:00:00,0.80694,0.80745,0.80659,0.80745,0,0
2015-06-26,20:00:00,0.8074,0.80763,0.80699,0.80734,0,0
2015-06-26,21:00:00,0.80732,0.80781,0.8071,0.80742,0,0
2015-06-26,22:00:00,0.80742,0.80804,0.80721,0.80776,0,0
2015-06-26,23:00:00,0.80777,0.80779,0.80777,0.80779,0,0
2015-06-29,01:00:00,0.81486,0.81897,0.81472,0.81589,0,0
2015-06-29,02:00:00,0.81587,0.81645,0.81515,0.81569,0,0
2015-06-29,03:00:00,0.81567,0.81665,0.81231,0.81329,0,0
2015-06-29,04:00:00,0.8133,0.81378,0.81173,0.81189,0,0
2015-06-29,05:00:00,0.81176,0.8124,0.81176,0.8122,0,0
2015-06-29,06:00:00,0.81221,0.81399,0.8122,0.81374,0,0
2015-06-29,07:00:00,0.81374,0.81592,0.81345,0.81538,0,0
2015-06-29,08:00:00,0.81543,0.81748,0.81517,0.81678,0,0
2015-06-29,09:00:00,0.81677,0.81729,0.81349,0.81386,0,0
2015-06-29,10:00:00,0.81397,0.81435,0.81329,0.81352,0,0
2015-06-29,11:00:00,0.81352,0.8146,0.81251,0.81325,0,0
2015-06-29,12:00:00,0.81325,0.81421,0.8131,0.81345,0,0
2015-06-29,13:00:00,0.81348,0.81425,0.81344,0.81405,0,0
2015-06-29,14:00:00,0.814,0.81423,0.81302,0.81334,0,0
2015-06-29,15:00:00,0.81341,0.81467,0.8134,0.81417,0,0
2015-06-29,16:00:00,0.81419,0.81445,0.81341,0.81356,0,0
2015-06-29,17:00:00,0.8135,0.81541,0.81335,0.81529,0,0
2015-06-29,18:00:00,0.81529,0.81662,0.81508,0.81625,0,0
2015-06-29,19:00:00,0.81622,0.81685,0.81601,0.81654,0,0
2015-06-29,20:00:00,0.81657,0.81696,0.81569,0.81665,0,0
2015-06-29,21:00:00,0.81662,0.81681,0.81609,0.81679,0,0
2015-06-29,22:00:00,0.81673,0.81673,0.81569,0.8163,0,0
2015-06-29,23:00:00,0.81644,0.81644,0.81591,0.81604,0,0
2015-06-29,23:59:00,0.81606,0.81626,0.81583,0.81591,0,0
2015-06-30,01:00:00,0.81601,0.81607,0.8158,0.81597,0,0
2015-06-30,02:00:00,0.81597,0.81605,0.81512,0.8152,0,0
2015-06-30,03:00:00,0.8152,0.81689,0.81483,0.81666,0,0
2015-06-30,04:00:00,0.8167,0.81684,0.816,0.81652,0,0
2015-06-30,05:00:00,0.81642,0.81834,0.81642,0.81825,0,0
2015-06-30,06:00:00,0.81823,0.81823,0.81667,0.81688,0,0
2015-06-30,07:00:00,0.81754,0.81774,0.81688,0.81774,0,0
2015-06-30,08:00:00,0.81782,0.81803,0.81722,0.81762,0,0
2015-06-30,09:00:00,0.81765,0.81765,0.81654,0.81711,0,0
2015-06-30,10:00:00,0.81705,0.81928,0.81671,0.81803,0,0
2015-06-30,11:00:00,0.81804,0.82003,0.81763,0.81941,0,0
2015-06-30,12:00:00,0.81942,0.81947,0.81653,0.81696,0,0
2015-06-30,13:00:00,0.81696,0.81753,0.81572,0.81691,0,0
2015-06-30,14:00:00,0.8169,0.81721,0.8161,0.81626,0,0
2015-06-30,15:00:00,0.81625,0.81736,0.81557,0.81697,0,0
2015-06-30,16:00:00,0.817,0.81817,0.8163,0.81774,0,0
2015-06-30,17:00:00,0.81763,0.81906,0.81709,0.81723,0,0
2015-06-30,18:00:00,0.81723,0.8191,0.81655,0.81891,0,0
2015-06-30,19:00:00,0.81891,0.8198,0.81827,0.81889,0,0
2015-06-30,20:00:00,0.8189,0.819,0.81722,0.81756,0,0
2015-06-30,21:00:00,0.81756,0.81822,0.81698,0.81751,0,0
2015-06-30,22:00:00,0.81751,0.81772,0.81673,0.817,0,0
2015-06-30,23:00:00,0.81704,0.81741,0.81632,0.81636,0,0
2015-06-30,23:59:00,0.81635,0.81709,0.81602,0.81697,0,0
2015-07-01,01:00:00,0.81701,0.81717,0.81679,0.81683,0,0
2015-07-01,02:00:00,0.81683,0.81725,0.8167,0.81696,0,0
2015-07-01,03:00:00,0.81685,0.817,0.81565,0.8161,0,0
2015-07-01,04:00:00,0.81611,0.81649,0.81565,0.81613,0,0
2015-07-01,05:00:00,0.81613,0.81669,0.81606,0.81662,0,0
2015-07-01,06:00:00,0.81659,0.81666,0.81623,0.81633,0,0
2015-07-01,07:00:00,0.81634,0.81644,0.81591,0.81633,0,0
2015-07-01,08:00:00,0.81633,0.81633,0.81518,0.81522,0,0
2015-07-01,09:00:00,0.81522,0.81543,0.81448,0.81523,0,0
2015-07-01,10:00:00,0.81524,0.81567,0.81494,0.81551,0,0
2015-07-01,11:00:00,0.81553,0.81593,0.81423,0.81426,0,0
2015-07-01,12:00:00,0.81419,0.81427,0.8129,0.81407,0,0
2015-07-01,13:00:00,0.81407,0.81407,0.81329,0.81354,0,0
2015-07-01,14:00:00,0.81349,0.8138,0.81308,0.8134,0,0
2015-07-01,15:00:00,0.81338,0.81338,0.81204,0.81297,0,0
2015-07-01,16:00:00,0.81292,0.81294,0.81198,0.81205,0,0
2015-07-01,17:00:00,0.81202,0.81366,0.81145,0.8134,0,0
2015-07-01,18:00:00,0.8134,0.81366,0.81259,0.81283,0,0
2015-07-01,19:00:00,0.81284,0.81285,0.81235,0.81275,0,0
2015-07-01,20:00:00,0.81278,0.81279,0.81183,0.81208,0,0
2015-07-01,21:00:00,0.812,0.81237,0.81173,0.81186,0,0
2015-07-01,22:00:00,0.81183,0.81213,0.81177,0.81201,0,0
2015-07-01,23:00:00,0.81203,0.81221,0.81185,0.81185,0,0
2015-07-01,23:59:00,0.81184,0.81202,0.81181,0.81182,0,0
2015-07-02,01:00:00,0.81182,0.81191,0.81137,0.81147,0,0
2015-07-02,02:00:00,0.81147,0.8116,0.81081,0.81083,0,0
2015-07-02,03:00:00,0.81083,0.81102,0.8102,0.81057,0,0
2015-07-02,04:00:00,0.81058,0.81063,0.80995,0.81001,0,0
2015-07-02,05:00:00,0.80997,0.81077,0.80995,0.81066,0,0
2015-07-02,06:00:00,0.81065,0.81103,0.81046,0.81091,0,0
2015-07-02,07:00:00,0.81091,0.81102,0.81051,0.81067,0,0
2015-07-02,08:00:00,0.8107,0.8108,0.81021,0.8105,0,0
2015-07-02,09:00:00,0.81053,0.81068,0.81006,0.81031,0,0
2015-07-02,10:00:00,0.81032,0.81048,0.80925,0.80977,0,0
2015-07-02,11:00:00,0.80977,0.80985,0.80908,0.80949,0,0
2015-07-02,12:00:00,0.80962,0.81025,0.80951,0.81008,0,0
2015-07-02,13:00:00,0.81008,0.81017,0.80952,0.80983,0,0
2015-07-02,14:00:00,0.80985,0.80985,0.80947,0.80947,0,0
2015-07-02,15:00:00,0.80949,0.81313,0.80822,0.81229,0,0
2015-07-02,16:00:00,0.81229,0.81308,0.812,0.81247,0,0
2015-07-02,17:00:00,0.81252,0.81329,0.81214,0.81254,0,0
2015-07-02,18:00:00,0.81255,0.81277,0.81206,0.81206,0,0
2015-07-02,19:00:00,0.81207,0.81229,0.81183,0.81212,0,0
2015-07-02,20:00:00,0.81213,0.81234,0.81197,0.81234,0,0
2015-07-02,21:00:00,0.8125,0.81275,0.81227,0.81249,0,0
2015-07-02,22:00:00,0.81249,0.81274,0.81218,0.81269,0,0
2015-07-02,23:00:00,0.81271,0.81278,0.81245,0.81257,0,0
2015-07-02,23:59:00,0.81257,0.81267,0.81241,0.81259,0,0
2015-07-03,01:00:00,0.81257,0.8127,0.81243,0.81261,0,0
2015-07-03,02:00:00,0.81262,0.81272,0.81237,0.81261,0,0
2015-07-03,03:00:00,0.8126,0.81424,0.81239,0.81319,0,0
2015-07-03,04:00:00,0.81319,0.81358,0.81282,0.81319,0,0
2015-07-03,05:00:00,0.81321,0.81343,0.81248,0.81248,0,0
2015-07-03,06:00:00,0.81248,0.81275,0.81209,0.81271,0,0
2015-07-03,07:00:00,0.81271,0.81282,0.81218,0.81228,0,0
2015-07-03,08:00:00,0.81242,0.81254,0.81182,0.81238,0,0
2015-07-03,09:00:00,0.81236,0.81263,0.81182,0.81243,0,0
2015-07-03,10:00:00,0.81243,0.81282,0.81197,0.81202,0,0
2015-07-03,11:00:00,0.812,0.8129,0.812,0.81266,0,0
2015-07-03,12:00:00,0.81273,0.81372,0.81265,0.81344,0,0
2015-07-03,13:00:00,0.81345,0.81372,0.81304,0.81313,0,0
2015-07-03,14:00:00,0.81315,0.81362,0.81298,0.81358,0,0
2015-07-03,15:00:00,0.81358,0.81453,0.81352,0.81443,0,0
2015-07-03,16:00:00,0.81442,0.81563,0.81376,0.81538,0,0
2015-07-03,17:00:00,0.81538,0.81564,0.81458,0.81496,0,0
2015-07-03,18:00:00,0.81498,0.81543,0.81472,0.81524,0,0
2015-07-03,19:00:00,0.81514,0.8152,0.81411,0.81425,0,0
2015-07-03,20:00:00,0.81425,0.81484,0.81415,0.81454,0,0
2015-07-03,21:00:00,0.81455,0.81458,0.81388,0.81403,0,0
2015-07-03,22:00:00,0.81407,0.81522,0.81407,0.81476,0,0
2015-07-03,23:00:00,0.81476,0.81476,0.81454,0.81456,0,0
2015-07-06,01:00:00,0.81967,0.82042,0.81669,0.81716,0,0
2015-07-06,02:00:00,0.81716,0.81808,0.81682,0.81685,0,0
2015-07-06,03:00:00,0.81685,0.81697,0.81569,0.81637,0,0
2015-07-06,04:00:00,0.81636,0.81648,0.81494,0.81514,0,0
2015-07-06,05:00:00,0.81503,0.81604,0.81503,0.81595,0,0
2015-07-06,06:00:00,0.81586,0.81654,0.81561,0.81637,0,0
2015-07-06,07:00:00,0.81634,0.81778,0.81629,0.81744,0,0
2015-07-06,08:00:00,0.81745,0.81839,0.81643,0.81676,0,0
2015-07-06,09:00:00,0.81678,0.81685,0.81527,0.8154,0,0
2015-07-06,10:00:00,0.81537,0.81635,0.81502,0.81537,0,0
2015-07-06,11:00:00,0.8154,0.81636,0.81537,0.81583,0,0
2015-07-06,12:00:00,0.81583,0.81587,0.81503,0.81518,0,0
2015-07-06,13:00:00,0.81518,0.81529,0.81429,0.81453,0,0
2015-07-06,14:00:00,0.81448,0.81468,0.81348,0.81468,0,0
2015-07-06,15:00:00,0.81466,0.81545,0.81452,0.8153,0,0
2015-07-06,16:00:00,0.8153,0.81597,0.81502,0.8153,0,0
2015-07-06,17:00:00,0.81533,0.81542,0.81366,0.81527,0,0
2015-07-06,18:00:00,0.81533,0.81617,0.81506,0.81608,0,0
2015-07-06,19:00:00,0.81608,0.81631,0.81576,0.81603,0,0
2015-07-06,20:00:00,0.81619,0.81691,0.81615,0.81675,0,0
2015-07-06,21:00:00,0.81674,0.81748,0.81664,0.81677,0,0
2015-07-06,22:00:00,0.81673,0.81676,0.81617,0.81628,0,0
2015-07-06,23:00:00,0.8163,0.81637,0.81579,0.81585,0,0
2015-07-06,23:59:00,0.81586,0.816,0.81575,0.81586,0,0
2015-07-07,01:00:00,0.81587,0.81605,0.81541,0.81566,0,0
2015-07-07,02:00:00,0.81565,0.81582,0.8152,0.8152,0,0
2015-07-07,03:00:00,0.8152,0.81525,0.8143,0.81432,0,0
2015-07-07,04:00:00,0.81433,0.8151,0.81433,0.81496,0,0
2015-07-07,05:00:00,0.81495,0.81541,0.81484,0.81506,0,0
2015-07-07,06:00:00,0.81507,0.8154,0.815,0.81524,0,0
2015-07-07,07:00:00,0.81523,0.81581,0.81518,0.81522,0,0
2015-07-07,08:00:00,0.81522,0.81569,0.81483,0.81547,0,0
2015-07-07,09:00:00,0.81544,0.81544,0.8145,0.81486,0,0
2015-07-07,10:00:00,0.81481,0.81527,0.81447,0.81479,0,0
2015-07-07,11:00:00,0.81482,0.81557,0.81385,0.81527,0,0
2015-07-07,12:00:00,0.81528,0.81634,0.81514,0.81594,0,0
2015-07-07,13:00:00,0.81597,0.81641,0.81544,0.81627,0,0
2015-07-07,14:00:00,0.81621,0.81745,0.81619,0.81683,0,0
2015-07-07,15:00:00,0.81681,0.81706,0.81581,0.81649,0,0
2015-07-07,16:00:00,0.81645,0.81729,0.8161,0.81711,0,0
2015-07-07,17:00:00,0.81703,0.81901,0.81693,0.8182,0,0
2015-07-07,18:00:00,0.81826,0.81941,0.81825,0.81857,0,0
2015-07-07,19:00:00,0.81857,0.81958,0.81774,0.81788,0,0
2015-07-07,20:00:00,0.81781,0.8182,0.81667,0.81698,0,0
2015-07-07,21:00:00,0.81698,0.81765,0.81667,0.81675,0,0
2015-07-07,22:00:00,0.81672,0.81679,0.81555,0.81571,0,0
2015-07-07,23:00:00,0.81561,0.81623,0.81537,0.81609,0,0
2015-07-07,23:59:00,0.81607,0.81688,0.81585,0.81653,0,0
2015-07-08,01:00:00,0.81657,0.81662,0.81627,0.81645,0,0
2015-07-08,02:00:00,0.81635,0.81664,0.81594,0.81607,0,0
2015-07-08,03:00:00,0.81609,0.81767,0.81595,0.81745,0,0
2015-07-08,04:00:00,0.81741,0.81973,0.81741,0.81836,0,0
2015-07-08,05:00:00,0.81842,0.81903,0.818,0.81823,0,0
2015-07-08,06:00:00,0.81824,0.81983,0.81824,0.81924,0,0
2015-07-08,07:00:00,0.81926,0.82032,0.81851,0.82004,0,0
2015-07-08,08:00:00,0.81993,0.82006,0.81917,0.8197,0,0
2015-07-08,09:00:00,0.81977,0.82159,0.81977,0.82148,0,0
2015-07-08,10:00:00,0.82146,0.82366,0.8213,0.822,0,0
2015-07-08,11:00:00,0.82192,0.82286,0.82103,0.82213,0,0
2015-07-08,12:00:00,0.82216,0.82303,0.82194,0.82302,0,0
2015-07-08,13:00:00,0.82301,0.82427,0.82261,0.82282,0,0
2015-07-08,14:00:00,0.82273,0.8238,0.82175,0.82366,0,0
2015-07-08,15:00:00,0.82364,0.82408,0.82286,0.82353,0,0
2015-07-08,16:00:00,0.82357,0.82625,0.82356,0.82568,0,0
2015-07-08,17:00:00,0.82576,0.82641,0.8252,0.82609,0,0
2015-07-08,18:00:00,0.8261,0.82974,0.82596,0.82963,0,0
2015-07-08,19:00:00,0.82955,0.82988,0.82714,0.82814,0,0
2015-07-08,20:00:00,0.82815,0.8286,0.82734,0.82788,0,0
2015-07-08,21:00:00,0.82791,0.83014,0.82751,0.82908,0,0
2015-07-08,22:00:00,0.82904,0.83041,0.82825,0.82886,0,0
2015-07-08,23:00:00,0.82884,0.82897,0.8279,0.82847,0,0
2015-07-08,23:59:00,0.82842,0.82903,0.82827,0.82899,0,0
2015-07-09,01:00:00,0.8292,0.83009,0.8286,0.82868,0,0
2015-07-09,02:00:00,0.82867,0.82871,0.82721,0.82723,0,0
2015-07-09,03:00:00,0.82717,0.82928,0.82706,0.82842,0,0
2015-07-09,04:00:00,0.82845,0.82854,0.82662,0.8269,0,0
2015-07-09,05:00:00,0.82666,0.82675,0.82445,0.826,0,0
2015-07-09,06:00:00,0.82599,0.82599,0.8246,0.82517,0,0
2015-07-09,07:00:00,0.82518,0.8254,0.82401,0.82414,0,0
2015-07-09,08:00:00,0.8241,0.82415,0.82282,0.82305,0,0
2015-07-09,09:00:00,0.82305,0.82454,0.82296,0.8237,0,0
2015-07-09,10:00:00,0.82369,0.82457,0.82327,0.82436,0,0
2015-07-09,11:00:00,0.82436,0.82447,0.8233,0.8237,0,0
2015-07-09,12:00:00,0.82371,0.82458,0.82305,0.82352,0,0
2015-07-09,13:00:00,0.82351,0.82403,0.82328,0.8234,0,0
2015-07-09,14:00:00,0.8234,0.82343,0.82252,0.82307,0,0
2015-07-09,15:00:00,0.8231,0.82411,0.82282,0.82303,0,0
2015-07-09,16:00:00,0.82303,0.82503,0.8229,0.82482,0,0
2015-07-09,17:00:00,0.82482,0.82506,0.8235,0.82431,0,0
2015-07-09,18:00:00,0.82427,0.82499,0.82383,0.82494,0,0
2015-07-09,19:00:00,0.82489,0.82503,0.82405,0.82426,0,0
2015-07-09,20:00:00,0.82428,0.82483,0.82399,0.82399,0,0
2015-07-09,21:00:00,0.824,0.82468,0.82367,0.82425,0,0
2015-07-09,22:00:00,0.82421,0.82457,0.82397,0.82443,0,0
2015-07-09,23:00:00,0.82442,0.82506,0.8239,0.82414,0,0
2015-07-09,23:59:00,0.82415,0.8245,0.8229,0.8229,0,0
2015-07-10,01:00:00,0.82313,0.82313,0.82105,0.82108,0,0
2015-07-10,02:00:00,0.82108,0.82214,0.82103,0.82162,0,0
2015-07-10,03:00:00,0.82161,0.82297,0.82142,0.8216,0,0
2015-07-10,04:00:00,0.82162,0.82181,0.81999,0.82028,0,0
2015-07-10,05:00:00,0.8203,0.82065,0.81942,0.81951,0,0
2015-07-10,06:00:00,0.81955,0.8203,0.81952,0.82011,0,0
2015-07-10,07:00:00,0.82009,0.82139,0.82005,0.82118,0,0
2015-07-10,08:00:00,0.82117,0.82165,0.81969,0.82017,0,0
2015-07-10,09:00:00,0.82032,0.82041,0.81957,0.82034,0,0
2015-07-10,10:00:00,0.82027,0.82085,0.8181,0.81834,0,0
2015-07-10,11:00:00,0.81835,0.81895,0.81802,0.81875,0,0
2015-07-10,12:00:00,0.81878,0.81915,0.81712,0.81767,0,0
2015-07-10,13:00:00,0.81771,0.81776,0.81701,0.81734,0,0
2015-07-10,14:00:00,0.81735,0.81799,0.81671,0.8175,0,0
2015-07-10,15:00:00,0.81753,0.81787,0.81644,0.81664,0,0
2015-07-10,16:00:00,0.81664,0.81674,0.81508,0.81551,0,0
2015-07-10,17:00:00,0.81553,0.81602,0.81495,0.81515,0,0
2015-07-10,18:00:00,0.8152,0.81538,0.81456,0.81468,0,0
2015-07-10,19:00:00,0.81466,0.81508,0.81387,0.81407,0,0
2015-07-10,20:00:00,0.81409,0.81468,0.81381,0.81434,0,0
2015-07-10,21:00:00,0.81434,0.81434,0.81384,0.814,0,0
2015-07-10,22:00:00,0.81403,0.81441,0.81391,0.81415,0,0
2015-07-10,23:00:00,0.8141,0.81439,0.8141,0.81435,0,0
2015-07-13,01:00:00,0.81591,0.81655,0.81468,0.81641,0,0
2015-07-13,02:00:00,0.81641,0.81672,0.81573,0.81629,0,0
2015-07-13,03:00:00,0.8163,0.8166,0.81546,0.81629,0,0
2015-07-13,04:00:00,0.81629,0.81688,0.81577,0.81593,0,0
2015-07-13,05:00:00,0.81592,0.81649,0.81563,0.81565,0,0
2015-07-13,06:00:00,0.81552,0.81575,0.81499,0.81526,0,0
2015-07-13,07:00:00,0.81522,0.81629,0.81487,0.81573,0,0
2015-07-13,08:00:00,0.81565,0.81608,0.81527,0.81563,0,0
2015-07-13,09:00:00,0.81563,0.81597,0.81247,0.81288,0,0
2015-07-13,10:00:00,0.81295,0.81385,0.81075,0.81085,0,0
2015-07-13,11:00:00,0.81081,0.81086,0.80983,0.80995,0,0
2015-07-13,12:00:00,0.80995,0.81023,0.80976,0.81014,0,0
2015-07-13,13:00:00,0.81019,0.81107,0.81017,0.81043,0,0
2015-07-13,14:00:00,0.81051,0.81098,0.81029,0.81041,0,0
2015-07-13,15:00:00,0.81042,0.81092,0.81011,0.81023,0,0
2015-07-13,16:00:00,0.81025,0.81045,0.80973,0.8103,0,0
2015-07-13,17:00:00,0.81031,0.81049,0.80948,0.81,0,0
2015-07-13,18:00:00,0.81,0.81083,0.80987,0.81064,0,0
2015-07-13,19:00:00,0.81065,0.81085,0.81046,0.81054,0,0
2015-07-13,20:00:00,0.81055,0.81069,0.8102,0.81033,0,0
2015-07-13,21:00:00,0.81034,0.8104,0.80995,0.80995,0,0
2015-07-13,22:00:00,0.80993,0.81067,0.80993,0.81016,0,0
2015-07-13,23:00:00,0.81016,0.81037,0.80996,0.81013,0,0
2015-07-13,23:59:00,0.8102,0.81022,0.80991,0.80999,0,0
2015-07-14,01:00:00,0.81,0.81016,0.80921,0.80921,0,0
2015-07-14,02:00:00,0.80921,0.80956,0.80878,0.80898,0,0
2015-07-14,03:00:00,0.80898,0.80921,0.8082,0.8086,0,0
2015-07-14,04:00:00,0.80859,0.80981,0.80857,0.80964,0,0
2015-07-14,05:00:00,0.80964,0.81041,0.80939,0.80978,0,0
2015-07-14,06:00:00,0.8098,0.81012,0.80968,0.81005,0,0
2015-07-14,07:00:00,0.81005,0.8101,0.80949,0.80958,0,0
2015-07-14,08:00:00,0.80957,0.81167,0.80934,0.81119,0,0
2015-07-14,09:00:00,0.81119,0.8114,0.80995,0.81003,0,0
2015-07-14,10:00:00,0.81004,0.81046,0.80947,0.80999,0,0
2015-07-14,11:00:00,0.80999,0.81106,0.80998,0.81006,0,0
2015-07-14,12:00:00,0.81005,0.81054,0.80995,0.81027,0,0
2015-07-14,13:00:00,0.81027,0.81066,0.81011,0.81037,0,0
2015-07-14,14:00:00,0.81036,0.81083,0.81034,0.81075,0,0
2015-07-14,15:00:00,0.81078,0.81344,0.81069,0.81245,0,0
2015-07-14,16:00:00,0.81245,0.81259,0.81101,0.81103,0,0
2015-07-14,17:00:00,0.81098,0.81129,0.81017,0.81022,0,0
2015-07-14,18:00:00,0.81022,0.81066,0.81003,0.81041,0,0
2015-07-14,19:00:00,0.81041,0.8111,0.81035,0.81064,0,0
2015-07-14,20:00:00,0.81062,0.81132,0.81061,0.81094,0,0
2015-07-14,21:00:00,0.81092,0.811,0.81059,0.8107,0,0
2015-07-14,22:00:00,0.81071,0.81077,0.81046,0.81057,0,0
2015-07-14,23:00:00,0.81056,0.81066,0.81031,0.81045,0,0
2015-07-14,23:59:00,0.8104,0.81065,0.81029,0.81051,0,0
2015-07-15,01:00:00,0.81051,0.81077,0.81041,0.81075,0,0
2015-07-15,02:00:00,0.81074,0.81089,0.8106,0.81079,0,0
2015-07-15,03:00:00,0.81077,0.81126,0.81059,0.81083,0,0
2015-07-15,04:00:00,0.81085,0.81092,0.81018,0.81022,0,0
2015-07-15,05:00:00,0.81025,0.81027,0.80979,0.80996,0,0
2015-07-15,06:00:00,0.80996,0.81039,0.80984,0.8101,0,0
2015-07-15,07:00:00,0.81006,0.81047,0.80991,0.81023,0,0
2015-07-15,08:00:00,0.81024,0.81028,0.80991,0.81005,0,0
2015-07-15,09:00:00,0.81008,0.8102,0.80951,0.80979,0,0
2015-07-15,10:00:00,0.80979,0.80997,0.80931,0.80951,0,0
2015-07-15,11:00:00,0.80955,0.80966,0.80875,0.80922,0,0
2015-07-15,12:00:00,0.80921,0.80951,0.809,0.80913,0,0
2015-07-15,13:00:00,0.80915,0.80942,0.80905,0.80939,0,0
2015-07-15,14:00:00,0.80939,0.80967,0.80931,0.80955,0,0
2015-07-15,15:00:00,0.80956,0.81035,0.80758,0.80811,0,0
2015-07-15,16:00:00,0.80807,0.80807,0.80719,0.80728,0,0
2015-07-15,17:00:00,0.80727,0.80776,0.80664,0.80692,0,0
2015-07-15,18:00:00,0.80695,0.80745,0.80666,0.80718,0,0
2015-07-15,19:00:00,0.80718,0.80778,0.80691,0.80727,0,0
2015-07-15,20:00:00,0.80721,0.80787,0.80716,0.80786,0,0
2015-07-15,21:00:00,0.80785,0.80868,0.80773,0.80831,0,0
2015-07-15,22:00:00,0.80826,0.80853,0.80766,0.80785,0,0
2015-07-15,23:00:00,0.80785,0.80807,0.80766,0.80792,0,0
2015-07-15,23:59:00,0.80802,0.80819,0.80787,0.80795,0,0
2015-07-16,01:00:00,0.8079,0.80791,0.80669,0.80674,0,0
2015-07-16,02:00:00,0.80676,0.80735,0.80666,0.80699,0,0
2015-07-16,03:00:00,0.80695,0.80749,0.80689,0.80719,0,0
2015-07-16,04:00:00,0.80715,0.80768,0.80693,0.80723,0,0
2015-07-16,05:00:00,0.80719,0.8077,0.80714,0.80746,0,0
2015-07-16,06:00:00,0.80745,0.80813,0.80745,0.8077,0,0
2015-07-16,07:00:00,0.8077,0.80809,0.80752,0.80758,0,0
2015-07-16,08:00:00,0.80759,0.80767,0.80695,0.80715,0,0
2015-07-16,09:00:00,0.80714,0.80783,0.80714,0.80749,0,0
2015-07-16,10:00:00,0.80752,0.80768,0.80674,0.80682,0,0
2015-07-16,11:00:00,0.80682,0.80738,0.80669,0.80696,0,0
2015-07-16,12:00:00,0.80697,0.80719,0.80669,0.80672,0,0
2015-07-16,13:00:00,0.80671,0.80678,0.80604,0.80607,0,0
2015-07-16,14:00:00,0.80612,0.80658,0.80608,0.80618,0,0
2015-07-16,15:00:00,0.80616,0.80619,0.80528,0.80552,0,0
2015-07-16,16:00:00,0.80556,0.80659,0.80552,0.80645,0,0
2015-07-16,17:00:00,0.80684,0.80735,0.80583,0.80622,0,0
2015-07-16,18:00:00,0.80626,0.80627,0.80552,0.80615,0,0
2015-07-16,19:00:00,0.80617,0.80639,0.80586,0.80598,0,0
2015-07-16,20:00:00,0.80598,0.80638,0.80574,0.80597,0,0
2015-07-16,21:00:00,0.80597,0.80606,0.80546,0.80563,0,0
2015-07-16,22:00:00,0.80562,0.80593,0.80548,0.80572,0,0
2015-07-16,23:00:00,0.80575,0.80583,0.80549,0.8055,0,0
2015-07-16,23:59:00,0.80549,0.8057,0.80541,0.80556,0,0
2015-07-17,01:00:00,0.80555,0.80567,0.80543,0.80543,0,0
2015-07-17,02:00:00,0.80543,0.80554,0.80512,0.80533,0,0
2015-07-17,03:00:00,0.80534,0.80556,0.80495,0.80513,0,0
2015-07-17,04:00:00,0.80513,0.80559,0.80502,0.80554,0,0
2015-07-17,05:00:00,0.80554,0.80596,0.80545,0.80592,0,0
2015-07-17,06:00:00,0.8059,0.80613,0.80587,0.80593,0,0
2015-07-17,07:00:00,0.80593,0.80616,0.80588,0.80598,0,0
2015-07-17,08:00:00,0.80607,0.80647,0.80604,0.80618,0,0
2015-07-17,09:00:00,0.80611,0.80638,0.80591,0.80627,0,0
2015-07-17,10:00:00,0.80625,0.80698,0.80625,0.80643,0,0
2015-07-17,11:00:00,0.8064,0.80668,0.80598,0.80599,0,0
2015-07-17,12:00:00,0.80599,0.80609,0.80556,0.80602,0,0
2015-07-17,13:00:00,0.80598,0.80618,0.80563,0.80607,0,0
2015-07-17,14:00:00,0.80613,0.80643,0.80594,0.80634,0,0
2015-07-17,15:00:00,0.80634,0.80668,0.80539,0.80589,0,0
2015-07-17,16:00:00,0.80589,0.80637,0.80568,0.80611,0,0
2015-07-17,17:00:00,0.80607,0.80685,0.806,0.80668,0,0
2015-07-17,18:00:00,0.80669,0.80674,0.80633,0.80641,0,0
2015-07-17,19:00:00,0.80638,0.80647,0.80612,0.8062,0,0
2015-07-17,20:00:00,0.8062,0.80624,0.80594,0.80609,0,0
2015-07-17,21:00:00,0.80609,0.80615,0.80583,0.80584,0,0
2015-07-17,22:00:00,0.80584,0.8062,0.8058,0.80602,0,0
2015-07-17,23:00:00,0.80602,0.80602,0.80597,0.80598,0,0
2015-07-20,01:00:00,0.80551,0.80595,0.8055,0.80583,0,0
2015-07-20,02:00:00,0.80583,0.80583,0.80535,0.80551,0,0
2015-07-20,03:00:00,0.80552,0.80583,0.80545,0.80575,0,0
2015-07-20,04:00:00,0.80575,0.80576,0.80538,0.80543,0,0
2015-07-20,05:00:00,0.80539,0.80554,0.80521,0.80527,0,0
2015-07-20,06:00:00,0.80526,0.80539,0.80515,0.80526,0,0
2015-07-20,07:00:00,0.80519,0.80558,0.80512,0.80553,0,0
2015-07-20,08:00:00,0.80553,0.80553,0.80525,0.80543,0,0
2015-07-20,09:00:00,0.80539,0.8058,0.80539,0.80554,0,0
2015-07-20,10:00:00,0.8058,0.80593,0.80541,0.80548,0,0
2015-07-20,11:00:00,0.80515,0.80528,0.80451,0.80463,0,0
2015-07-20,12:00:00,0.8047,0.80483,0.80412,0.80463,0,0
2015-07-20,13:00:00,0.80476,0.80528,0.80463,0.80483,0,0
2015-07-20,14:00:00,0.80509,0.80522,0.80483,0.80496,0,0
2015-07-20,15:00:00,0.80489,0.80509,0.80431,0.80457,0,0
2015-07-20,16:00:00,0.80463,0.80463,0.80399,0.80412,0,0
2015-07-20,17:00:00,0.80418,0.80519,0.80412,0.80481,0,0
2015-07-20,18:00:00,0.80484,0.80495,0.80457,0.8049,0,0
2015-07-20,19:00:00,0.80488,0.80498,0.80461,0.80461,0,0
2015-07-20,20:00:00,0.80462,0.80484,0.80458,0.80465,0,0
2015-07-20,21:00:00,0.80465,0.80487,0.80458,0.80462,0,0
2015-07-20,22:00:00,0.8046,0.8046,0.80434,0.80455,0,0
2015-07-20,23:00:00,0.80456,0.80471,0.80431,0.80471,0,0
2015-07-20,23:59:00,0.80456,0.80496,0.80437,0.80442,0,0
