Date,Time,Open,High,Low,Close,Volume,OpenInt
2015-04-22,01:00:00,1.29614,1.29668,1.29527,1.29594,0,0
2015-04-22,02:00:00,1.29594,1.2969,1.29581,1.29658,0,0
2015-04-22,03:00:00,1.29658,1.29762,1.29587,1.29609,0,0
2015-04-22,04:00:00,1.29609,1.29675,1.28657,1.28853,0,0
2015-04-22,05:00:00,1.28843,1.28906,1.2869,1.28824,0,0
2015-04-22,06:00:00,1.28824,1.28972,1.2877,1.28881,0,0
2015-04-22,07:00:00,1.28891,1.28908,1.28627,1.28667,0,0
2015-04-22,08:00:00,1.28667,1.28755,1.28571,1.28743,0,0
2015-04-22,09:00:00,1.28748,1.28834,1.28465,1.28591,0,0
2015-04-22,10:00:00,1.28588,1.28609,1.28406,1.28523,0,0
2015-04-22,11:00:00,1.28523,1.2869,1.28149,1.28279,0,0
2015-04-22,12:00:00,1.28276,1.28292,1.28093,1.28162,0,0
2015-04-22,13:00:00,1.28162,1.28345,1.28107,1.28324,0,0
2015-04-22,14:00:00,1.28322,1.28579,1.28246,1.2854,0,0
2015-04-22,15:00:00,1.28543,1.28682,1.28312,1.28586,0,0
2015-04-22,16:00:00,1.28581,1.28881,1.28581,1.28684,0,0
2015-04-22,17:00:00,1.28692,1.29089,1.28687,1.28831,0,0
2015-04-22,18:00:00,1.28843,1.28974,1.28674,1.28698,0,0
2015-04-22,19:00:00,1.28698,1.28816,1.28662,1.28727,0,0
2015-04-22,20:00:00,1.28728,1.2873,1.28578,1.2868,0,0
2015-04-22,21:00:00,1.2868,1.2873,1.28614,1.28662,0,0
2015-04-22,22:00:00,1.2866,1.28844,1.28639,1.28795,0,0
2015-04-22,23:00:00,1.28793,1.29021,1.28793,1.28936,0,0
2015-04-22,23:59:00,1.28937,1.29116,1.28884,1.29056,0,0
2015-04-23,01:00:00,1.29057,1.29164,1.29046,1.29099,0,0
2015-04-23,02:00:00,1.29097,1.29106,1.28954,1.29087,0,0
2015-04-23,03:00:00,1.29104,1.29542,1.29054,1.29301,0,0
2015-04-23,04:00:00,1.29299,1.29532,1.29117,1.29336,0,0
2015-04-23,05:00:00,1.29333,1.29524,1.29162,1.29405,0,0
2015-04-23,06:00:00,1.29378,1.29415,1.29067,1.29086,0,0
2015-04-23,07:00:00,1.29067,1.29106,1.28873,1.28911,0,0
2015-04-23,08:00:00,1.28914,1.29097,1.28803,1.29086,0,0
2015-04-23,09:00:00,1.29082,1.29423,1.29031,1.29393,0,0
2015-04-23,10:00:00,1.29403,1.29485,1.29282,1.29316,0,0
2015-04-23,11:00:00,1.29314,1.29354,1.29137,1.29254,0,0
2015-04-23,12:00:00,1.29261,1.29514,1.29216,1.29468,0,0
2015-04-23,13:00:00,1.29468,1.29682,1.29343,1.29477,0,0
2015-04-23,14:00:00,1.29487,1.29586,1.29216,1.29336,0,0
2015-04-23,15:00:00,1.29324,1.29577,1.29286,1.29438,0,0
2015-04-23,16:00:00,1.29438,1.29495,1.29212,1.29227,0,0
2015-04-23,17:00:00,1.29234,1.29241,1.28634,1.28735,0,0
2015-04-23,18:00:00,1.28717,1.28776,1.28465,1.28505,0,0
2015-04-23,19:00:00,1.28502,1.28555,1.2838,1.28525,0,0
2015-04-23,20:00:00,1.2852,1.28545,1.28365,1.28484,0,0
2015-04-23,21:00:00,1.28487,1.28612,1.28462,1.28566,0,0
2015-04-23,22:00:00,1.28563,1.28614,1.28513,1.28526,0,0
2015-04-23,23:00:00,1.28531,1.28571,1.28396,1.28558,0,0
2015-04-23,23:59:00,1.28558,1.28584,1.28482,1.28525,0,0
2015-04-24,01:00:00,1.28525,1.28627,1.28505,1.28594,0,0
2015-04-24,02:00:00,1.28596,1.2868,1.28551,1.28607,0,0
2015-04-24,03:00:00,1.28609,1.28679,1.28259,1.28325,0,0
2015-04-24,04:00:00,1.28315,1.28616,1.28274,1.28616,0,0
2015-04-24,05:00:00,1.28621,1.28753,1.28561,1.28722,0,0
2015-04-24,06:00:00,1.28722,1.2879,1.28579,1.28649,0,0
2015-04-24,07:00:00,1.2865,1.287,1.28573,1.28589,0,0
2015-04-24,08:00:00,1.28601,1.28642,1.28512,1.28571,0,0
2015-04-24,09:00:00,1.28569,1.28682,1.27979,1.28052,0,0
2015-04-24,10:00:00,1.28049,1.28266,1.28005,1.2811,0,0
2015-04-24,11:00:00,1.28112,1.2847,1.2793,1.28376,0,0
2015-04-24,12:00:00,1.28378,1.28526,1.28378,1.28437,0,0
2015-04-24,13:00:00,1.28416,1.28639,1.28376,1.28541,0,0
2015-04-24,14:00:00,1.28536,1.28682,1.28332,1.28345,0,0
2015-04-24,15:00:00,1.28345,1.28355,1.2791,1.28143,0,0
2015-04-24,16:00:00,1.28143,1.28266,1.27895,1.28228,0,0
2015-04-24,17:00:00,1.28223,1.28309,1.27833,1.27849,0,0
2015-04-24,18:00:00,1.27845,1.27845,1.2754,1.27813,0,0
2015-04-24,19:00:00,1.27813,1.28,1.27704,1.27964,0,0
2015-04-24,20:00:00,1.27961,1.27985,1.27815,1.27853,0,0
2015-04-24,21:00:00,1.27854,1.27908,1.27745,1.27768,0,0
2015-04-24,22:00:00,1.2776,1.27933,1.27738,1.27784,0,0
2015-04-24,23:00:00,1.27784,1.27784,1.27745,1.27745,0,0
2015-04-27,01:00:00,1.27771,1.2789,1.27761,1.27796,0,0
2015-04-27,02:00:00,1.27796,1.27812,1.2761,1.27717,0,0
2015-04-27,03:00:00,1.27717,1.27817,1.27597,1.27779,0,0
2015-04-27,04:00:00,1.27796,1.27833,1.27657,1.27756,0,0
2015-04-27,05:00:00,1.27756,1.27809,1.27626,1.27789,0,0
2015-04-27,06:00:00,1.27794,1.28041,1.27794,1.27979,0,0
2015-04-27,07:00:00,1.27987,1.28015,1.27889,1.27925,0,0
2015-04-27,08:00:00,1.27923,1.27966,1.27663,1.2776,0,0
2015-04-27,09:00:00,1.2776,1.28261,1.27722,1.2822,0,0
2015-04-27,10:00:00,1.2822,1.28338,1.27845,1.27967,0,0
2015-04-27,11:00:00,1.27975,1.28172,1.27918,1.28008,0,0
2015-04-27,12:00:00,1.28007,1.28141,1.27805,1.27944,0,0
2015-04-27,13:00:00,1.27944,1.28061,1.27921,1.27926,0,0
2015-04-27,14:00:00,1.27916,1.28092,1.27907,1.27998,0,0
2015-04-27,15:00:00,1.28002,1.28138,1.27951,1.28007,0,0
2015-04-27,16:00:00,1.28007,1.28048,1.27747,1.27747,0,0
2015-04-27,17:00:00,1.27751,1.27751,1.2712,1.27163,0,0
2015-04-27,18:00:00,1.27175,1.27322,1.27071,1.2727,0,0
2015-04-27,19:00:00,1.27269,1.2727,1.27031,1.27262,0,0
2015-04-27,20:00:00,1.27251,1.27356,1.27116,1.27354,0,0
2015-04-27,21:00:00,1.2735,1.27436,1.27163,1.27354,0,0
2015-04-27,22:00:00,1.27332,1.27426,1.27254,1.27366,0,0
2015-04-27,23:00:00,1.27366,1.27415,1.27236,1.27236,0,0
2015-04-27,23:59:00,1.27249,1.27415,1.27249,1.27405,0,0
2015-04-28,01:00:00,1.274,1.27637,1.2717,1.27316,0,0
2015-04-28,02:00:00,1.27317,1.2733,1.27071,1.27136,0,0
2015-04-28,03:00:00,1.27131,1.27192,1.27081,1.27167,0,0
2015-04-28,04:00:00,1.27168,1.27236,1.27037,1.27084,0,0
2015-04-28,05:00:00,1.27094,1.2717,1.27047,1.27049,0,0
2015-04-28,06:00:00,1.2705,1.27188,1.26994,1.27168,0,0
2015-04-28,07:00:00,1.27162,1.27243,1.27044,1.271,0,0
2015-04-28,08:00:00,1.27099,1.27115,1.26876,1.26913,0,0
2015-04-28,09:00:00,1.2691,1.27013,1.26773,1.27,0,0
2015-04-28,10:00:00,1.27,1.27125,1.26711,1.26852,0,0
2015-04-28,11:00:00,1.26857,1.26947,1.26569,1.26606,0,0
2015-04-28,12:00:00,1.26611,1.26635,1.26269,1.26304,0,0
2015-04-28,13:00:00,1.26306,1.26411,1.25902,1.2591,0,0
2015-04-28,14:00:00,1.25907,1.26,1.25458,1.25778,0,0
2015-04-28,15:00:00,1.2578,1.25883,1.25631,1.25709,0,0
2015-04-28,16:00:00,1.2572,1.25753,1.25309,1.25415,0,0
2015-04-28,17:00:00,1.25415,1.25415,1.24883,1.24967,0,0
2015-04-28,18:00:00,1.24977,1.24991,1.24721,1.24761,0,0
2015-04-28,19:00:00,1.24765,1.2495,1.24758,1.2487,0,0
2015-04-28,20:00:00,1.24872,1.24917,1.24614,1.24685,0,0
2015-04-28,21:00:00,1.24685,1.2481,1.24667,1.24779,0,0
2015-04-28,22:00:00,1.24763,1.24869,1.24758,1.24775,0,0
2015-04-28,23:00:00,1.24772,1.24793,1.24569,1.2466,0,0
2015-04-28,23:59:00,1.24621,1.2473,1.24621,1.24643,0,0
2015-04-29,01:00:00,1.24643,1.24805,1.24595,1.24716,0,0
2015-04-29,02:00:00,1.24718,1.25091,1.24716,1.25053,0,0
2015-04-29,03:00:00,1.25053,1.25182,1.24758,1.24799,0,0
2015-04-29,04:00:00,1.24799,1.25131,1.24799,1.25097,0,0
2015-04-29,05:00:00,1.251,1.25271,1.25064,1.25225,0,0
2015-04-29,06:00:00,1.25227,1.25321,1.25081,1.25147,0,0
2015-04-29,07:00:00,1.25144,1.25261,1.25142,1.25214,0,0
2015-04-29,08:00:00,1.25205,1.25238,1.25036,1.25081,0,0
2015-04-29,09:00:00,1.25083,1.25169,1.24909,1.24945,0,0
2015-04-29,10:00:00,1.24948,1.25174,1.24948,1.25078,0,0
2015-04-29,11:00:00,1.25075,1.25208,1.25069,1.25191,0,0
2015-04-29,12:00:00,1.25196,1.25357,1.25111,1.25323,0,0
2015-04-29,13:00:00,1.25329,1.25362,1.25174,1.25243,0,0
2015-04-29,14:00:00,1.2524,1.25255,1.24988,1.25131,0,0
2015-04-29,15:00:00,1.25133,1.25153,1.24414,1.24847,0,0
2015-04-29,16:00:00,1.24805,1.24866,1.24227,1.24241,0,0
2015-04-29,17:00:00,1.24242,1.24293,1.23844,1.24106,0,0
2015-04-29,18:00:00,1.24106,1.2429,1.23907,1.24008,0,0
2015-04-29,19:00:00,1.24005,1.24136,1.23873,1.24126,0,0
2015-04-29,20:00:00,1.24122,1.24313,1.23963,1.2413,0,0
2015-04-29,21:00:00,1.24097,1.24877,1.24085,1.24462,0,0
2015-04-29,22:00:00,1.24425,1.24715,1.24425,1.24694,0,0
2015-04-29,23:00:00,1.24694,1.24881,1.24569,1.24881,0,0
2015-04-29,23:59:00,1.24886,1.25307,1.24817,1.25095,0,0
2015-04-30,01:00:00,1.25088,1.25095,1.24945,1.25041,0,0
2015-04-30,02:00:00,1.25044,1.25119,1.24992,1.25073,0,0
2015-04-30,03:00:00,1.25084,1.25095,1.24741,1.24755,0,0
2015-04-30,04:00:00,1.24755,1.25136,1.24651,1.25084,0,0
2015-04-30,05:00:00,1.25097,1.25246,1.24981,1.25038,0,0
2015-04-30,06:00:00,1.25033,1.25153,1.24998,1.25034,0,0
2015-04-30,07:00:00,1.25034,1.25261,1.24884,1.25058,0,0
2015-04-30,08:00:00,1.25058,1.25392,1.25042,1.25288,0,0
2015-04-30,09:00:00,1.25378,1.25606,1.25288,1.25453,0,0
2015-04-30,10:00:00,1.25463,1.26081,1.25367,1.25704,0,0
2015-04-30,11:00:00,1.25731,1.25957,1.25543,1.25932,0,0
2015-04-30,12:00:00,1.25945,1.26194,1.2593,1.26026,0,0
2015-04-30,13:00:00,1.26041,1.26517,1.25981,1.26298,0,0
2015-04-30,14:00:00,1.26312,1.26448,1.26228,1.26269,0,0
2015-04-30,15:00:00,1.26274,1.26714,1.26177,1.26557,0,0
2015-04-30,16:00:00,1.26569,1.27083,1.26533,1.26879,0,0
2015-04-30,17:00:00,1.26881,1.26995,1.26688,1.26799,0,0
2015-04-30,18:00:00,1.26797,1.27173,1.26712,1.27123,0,0
2015-04-30,19:00:00,1.27118,1.27136,1.26626,1.26645,0,0
2015-04-30,20:00:00,1.26627,1.26723,1.2656,1.26598,0,0
2015-04-30,21:00:00,1.26611,1.26627,1.26333,1.26336,0,0
2015-04-30,22:00:00,1.26322,1.26574,1.26267,1.26347,0,0
2015-04-30,23:00:00,1.26354,1.26517,1.26318,1.26499,0,0
2015-04-30,23:59:00,1.26497,1.26566,1.26285,1.26565,0,0
2015-05-01,01:00:00,1.26555,1.26667,1.26493,1.26602,0,0
2015-05-01,02:00:00,1.266,1.26621,1.26465,1.26621,0,0
2015-05-01,03:00:00,1.26624,1.2682,1.266,1.26757,0,0
2015-05-01,04:00:00,1.26707,1.2682,1.26589,1.26817,0,0
2015-05-01,05:00:00,1.26817,1.27002,1.2669,1.26727,0,0
2015-05-01,06:00:00,1.26727,1.26794,1.26642,1.26696,0,0
2015-05-01,07:00:00,1.26698,1.26812,1.26691,1.26757,0,0
2015-05-01,08:00:00,1.26757,1.2685,1.26529,1.26579,0,0
2015-05-01,09:00:00,1.26577,1.27,1.26504,1.26978,0,0
2015-05-01,10:00:00,1.26983,1.27165,1.26775,1.26804,0,0
2015-05-01,11:00:00,1.26801,1.26918,1.26646,1.2673,0,0
2015-05-01,12:00:00,1.26757,1.27007,1.26582,1.27007,0,0
2015-05-01,13:00:00,1.27005,1.27086,1.26756,1.26756,0,0
2015-05-01,14:00:00,1.26759,1.26981,1.26709,1.26976,0,0
2015-05-01,15:00:00,1.26973,1.27392,1.2687,1.27262,0,0
2015-05-01,16:00:00,1.27259,1.27312,1.27097,1.2716,0,0
2015-05-01,17:00:00,1.27175,1.27874,1.27008,1.27632,0,0
2015-05-01,18:00:00,1.27629,1.28061,1.27601,1.27989,0,0
2015-05-01,19:00:00,1.28,1.28143,1.27779,1.279,0,0
2015-05-01,20:00:00,1.279,1.2791,1.27632,1.27733,0,0
2015-05-01,21:00:00,1.2773,1.27867,1.27628,1.2783,0,0
2015-05-01,22:00:00,1.27799,1.27809,1.27522,1.2759,0,0
2015-05-01,23:00:00,1.2759,1.27598,1.27567,1.27577,0,0
2015-05-04,01:00:00,1.27649,1.27725,1.2747,1.27712,0,0
2015-05-04,02:00:00,1.27704,1.27768,1.27634,1.27765,0,0
2015-05-04,03:00:00,1.27755,1.28051,1.27755,1.28011,0,0
2015-05-04,04:00:00,1.28011,1.28154,1.2759,1.27908,0,0
2015-05-04,05:00:00,1.27908,1.28066,1.27725,1.27804,0,0
2015-05-04,06:00:00,1.27805,1.27843,1.27667,1.27668,0,0
2015-05-04,07:00:00,1.27668,1.27836,1.27641,1.2782,0,0
2015-05-04,08:00:00,1.2782,1.27856,1.27608,1.27642,0,0
2015-05-04,09:00:00,1.27639,1.27854,1.27489,1.27737,0,0
2015-05-04,10:00:00,1.27747,1.27916,1.27587,1.27807,0,0
2015-05-04,11:00:00,1.27836,1.27836,1.27569,1.27686,0,0
2015-05-04,12:00:00,1.27685,1.27789,1.27592,1.27693,0,0
2015-05-04,13:00:00,1.2768,1.27787,1.27619,1.27738,0,0
2015-05-04,14:00:00,1.27737,1.27827,1.2765,1.27691,0,0
2015-05-04,15:00:00,1.27693,1.27724,1.27479,1.2752,0,0
2015-05-04,16:00:00,1.27527,1.27703,1.27481,1.27588,0,0
2015-05-04,17:00:00,1.27585,1.2766,1.27359,1.27507,0,0
2015-05-04,18:00:00,1.27499,1.27621,1.27455,1.27585,0,0
2015-05-04,19:00:00,1.2758,1.27626,1.27397,1.27431,0,0
2015-05-04,20:00:00,1.27432,1.27481,1.27411,1.27445,0,0
2015-05-04,21:00:00,1.27445,1.27574,1.27429,1.2745,0,0
2015-05-04,22:00:00,1.27442,1.27514,1.27423,1.27453,0,0
2015-05-04,23:00:00,1.27453,1.2765,1.27453,1.2759,0,0
2015-05-04,23:59:00,1.27587,1.27636,1.27532,1.27619,0,0
2015-05-05,01:00:00,1.27626,1.27636,1.27522,1.27543,0,0
2015-05-05,02:00:00,1.27545,1.27582,1.27491,1.27569,0,0
2015-05-05,03:00:00,1.27574,1.27619,1.27445,1.27603,0,0
2015-05-05,04:00:00,1.27603,1.27703,1.27481,1.2753,0,0
2015-05-05,05:00:00,1.27527,1.27561,1.27364,1.274,0,0
2015-05-05,06:00:00,1.27402,1.27518,1.27269,1.27343,0,0
2015-05-05,07:00:00,1.27343,1.28273,1.26457,1.2656,0,0
2015-05-05,08:00:00,1.26597,1.26703,1.26291,1.26683,0,0
2015-05-05,09:00:00,1.26682,1.27207,1.26419,1.27084,0,0
2015-05-05,10:00:00,1.27099,1.27136,1.26793,1.27,0,0
2015-05-05,11:00:00,1.27,1.27107,1.26775,1.26991,0,0
2015-05-05,12:00:00,1.26989,1.27128,1.26896,1.26994,0,0
2015-05-05,13:00:00,1.26994,1.27168,1.26953,1.27057,0,0
2015-05-05,14:00:00,1.27057,1.27091,1.26776,1.26942,0,0
2015-05-05,15:00:00,1.26942,1.27073,1.26331,1.26445,0,0
2015-05-05,16:00:00,1.26465,1.26706,1.26373,1.26398,0,0
2015-05-05,17:00:00,1.26401,1.26725,1.25829,1.25956,0,0
2015-05-05,18:00:00,1.25951,1.26029,1.25774,1.25951,0,0
2015-05-05,19:00:00,1.25949,1.25953,1.25732,1.25827,0,0
2015-05-05,20:00:00,1.2584,1.2591,1.25693,1.25823,0,0
2015-05-05,21:00:00,1.25823,1.25922,1.25767,1.25913,0,0
2015-05-05,22:00:00,1.25897,1.25979,1.2588,1.25905,0,0
2015-05-05,23:00:00,1.25905,1.26053,1.25851,1.25913,0,0
2015-05-05,23:59:00,1.2591,1.25967,1.25849,1.25921,0,0
2015-05-06,01:00:00,1.25921,1.26229,1.25889,1.26092,0,0
2015-05-06,02:00:00,1.26091,1.26277,1.26018,1.26116,0,0
2015-05-06,03:00:00,1.26116,1.26116,1.25884,1.25987,0,0
2015-05-06,04:00:00,1.25987,1.26159,1.25732,1.25843,0,0
2015-05-06,05:00:00,1.25838,1.2591,1.25463,1.25541,0,0
2015-05-06,06:00:00,1.2553,1.25592,1.25406,1.25469,0,0
2015-05-06,07:00:00,1.25461,1.2566,1.25436,1.25485,0,0
2015-05-06,08:00:00,1.2548,1.25734,1.25459,1.25696,0,0
2015-05-06,09:00:00,1.25696,1.25728,1.25302,1.25382,0,0
2015-05-06,10:00:00,1.25379,1.25565,1.25207,1.25321,0,0
2015-05-06,11:00:00,1.25299,1.25493,1.2521,1.25326,0,0
2015-05-06,12:00:00,1.25329,1.25524,1.25243,1.25448,0,0
2015-05-06,13:00:00,1.2545,1.25469,1.25164,1.25182,0,0
2015-05-06,14:00:00,1.2518,1.25194,1.24972,1.2507,0,0
2015-05-06,15:00:00,1.2507,1.25088,1.24704,1.24824,0,0
2015-05-06,16:00:00,1.24814,1.24933,1.2464,1.24788,0,0
2015-05-06,17:00:00,1.24803,1.24803,1.24524,1.24738,0,0
2015-05-06,18:00:00,1.2473,1.24998,1.24682,1.24917,0,0
2015-05-06,19:00:00,1.24934,1.25434,1.24928,1.25428,0,0
2015-05-06,20:00:00,1.25415,1.25535,1.25291,1.25395,0,0
2015-05-06,21:00:00,1.25395,1.25576,1.2529,1.25541,0,0
2015-05-06,22:00:00,1.25537,1.25568,1.25386,1.25387,0,0
2015-05-06,23:00:00,1.25387,1.2557,1.25387,1.25502,0,0
2015-05-06,23:59:00,1.25489,1.25489,1.2534,1.25471,0,0
2015-05-07,01:00:00,1.25461,1.25502,1.254,1.25478,0,0
2015-05-07,02:00:00,1.25477,1.25737,1.25477,1.25726,0,0
2015-05-07,03:00:00,1.25728,1.25783,1.25573,1.25587,0,0
2015-05-07,04:00:00,1.25584,1.26151,1.25362,1.25535,0,0
2015-05-07,05:00:00,1.2554,1.25598,1.25111,1.2521,0,0
2015-05-07,06:00:00,1.25203,1.25285,1.24925,1.25271,0,0
2015-05-07,07:00:00,1.25271,1.25375,1.25178,1.25324,0,0
2015-05-07,08:00:00,1.25324,1.25392,1.25119,1.25258,0,0
2015-05-07,09:00:00,1.25261,1.25545,1.25152,1.25515,0,0
2015-05-07,10:00:00,1.25526,1.2588,1.25373,1.25707,0,0
2015-05-07,11:00:00,1.25709,1.26041,1.25709,1.25835,0,0
2015-05-07,12:00:00,1.25846,1.26,1.25687,1.2574,0,0
2015-05-07,13:00:00,1.25736,1.25941,1.25562,1.25623,0,0
2015-05-07,14:00:00,1.25623,1.25851,1.25563,1.25766,0,0
2015-05-07,15:00:00,1.25766,1.25918,1.2543,1.25671,0,0
2015-05-07,16:00:00,1.25658,1.26092,1.25546,1.26073,0,0
2015-05-07,17:00:00,1.26068,1.26376,1.26037,1.2635,0,0
2015-05-07,18:00:00,1.26333,1.26457,1.26261,1.26381,0,0
2015-05-07,19:00:00,1.26381,1.26489,1.26338,1.26488,0,0
2015-05-07,20:00:00,1.26491,1.26622,1.26483,1.2661,0,0
2015-05-07,21:00:00,1.2661,1.26733,1.26457,1.26536,0,0
2015-05-07,22:00:00,1.26537,1.26614,1.26501,1.26526,0,0
2015-05-07,23:00:00,1.26534,1.26547,1.26465,1.26465,0,0
2015-05-07,23:59:00,1.26477,1.26566,1.26264,1.26387,0,0
2015-05-08,01:00:00,1.26395,1.26512,1.26366,1.26464,0,0
2015-05-08,02:00:00,1.26465,1.26593,1.2636,1.26576,0,0
2015-05-08,03:00:00,1.26582,1.26765,1.26541,1.26632,0,0
2015-05-08,04:00:00,1.26637,1.27065,1.26142,1.26699,0,0
2015-05-08,05:00:00,1.26706,1.27157,1.26706,1.26813,0,0
2015-05-08,06:00:00,1.26813,1.26962,1.26809,1.26834,0,0
2015-05-08,07:00:00,1.26833,1.26929,1.26347,1.2639,0,0
2015-05-08,08:00:00,1.2639,1.26701,1.26307,1.26558,0,0
2015-05-08,09:00:00,1.26605,1.26678,1.26387,1.26409,0,0
2015-05-08,10:00:00,1.26413,1.26413,1.26153,1.26258,0,0
2015-05-08,11:00:00,1.26264,1.26518,1.26193,1.26417,0,0
2015-05-08,12:00:00,1.26419,1.26481,1.26199,1.26216,0,0
2015-05-08,13:00:00,1.26224,1.26409,1.26029,1.26374,0,0
2015-05-08,14:00:00,1.26389,1.26504,1.26328,1.26497,0,0
2015-05-08,15:00:00,1.26494,1.26953,1.25815,1.2593,0,0
2015-05-08,16:00:00,1.25962,1.26154,1.255,1.26053,0,0
2015-05-08,17:00:00,1.2607,1.2683,1.26067,1.2655,0,0
2015-05-08,18:00:00,1.2656,1.2656,1.26338,1.26387,0,0
2015-05-08,19:00:00,1.26381,1.26549,1.26181,1.2624,0,0
2015-05-08,20:00:00,1.2624,1.26279,1.26049,1.26157,0,0
2015-05-08,21:00:00,1.26156,1.26382,1.26156,1.26302,0,0
2015-05-08,22:00:00,1.26302,1.26302,1.2604,1.26108,0,0
2015-05-08,23:00:00,1.26113,1.26113,1.26113,1.26113,0,0
2015-05-11,01:00:00,1.26124,1.26318,1.26078,1.26223,0,0
2015-05-11,02:00:00,1.26223,1.26336,1.26127,1.26188,0,0
2015-05-11,03:00:00,1.26189,1.26365,1.26057,1.26365,0,0
2015-05-11,04:00:00,1.26349,1.26675,1.26346,1.26579,0,0
2015-05-11,05:00:00,1.26569,1.26709,1.26477,1.2667,0,0
2015-05-11,06:00:00,1.26669,1.26953,1.26669,1.2683,0,0
2015-05-11,07:00:00,1.26826,1.26868,1.26687,1.26715,0,0
2015-05-11,08:00:00,1.26715,1.26855,1.26659,1.26796,0,0
2015-05-11,09:00:00,1.26801,1.26842,1.26378,1.26381,0,0
2015-05-11,10:00:00,1.26393,1.26799,1.26393,1.26701,0,0
2015-05-11,11:00:00,1.26701,1.26783,1.26501,1.26537,0,0
2015-05-11,12:00:00,1.26547,1.26757,1.26517,1.26754,0,0
2015-05-11,13:00:00,1.26749,1.26768,1.26526,1.26593,0,0
2015-05-11,14:00:00,1.26605,1.26695,1.26477,1.26595,0,0
2015-05-11,15:00:00,1.26593,1.26707,1.26425,1.26464,0,0
2015-05-11,16:00:00,1.26461,1.26547,1.26333,1.26449,0,0
2015-05-11,17:00:00,1.26433,1.26581,1.2632,1.26344,0,0
2015-05-11,18:00:00,1.26338,1.2664,1.26224,1.26622,0,0
2015-05-11,19:00:00,1.26618,1.26739,1.26557,1.26576,0,0
2015-05-11,20:00:00,1.26576,1.26579,1.26304,1.2643,0,0
2015-05-11,21:00:00,1.26432,1.26529,1.26346,1.26529,0,0
2015-05-11,22:00:00,1.26528,1.26707,1.26499,1.2669,0,0
2015-05-11,23:00:00,1.26691,1.26741,1.26622,1.26736,0,0
2015-05-11,23:59:00,1.26733,1.26759,1.2664,1.2667,0,0
2015-05-12,01:00:00,1.26687,1.26796,1.26674,1.26796,0,0
2015-05-12,02:00:00,1.26794,1.26794,1.26547,1.26624,0,0
2015-05-12,03:00:00,1.26627,1.26797,1.26525,1.26728,0,0
2015-05-12,04:00:00,1.26727,1.26772,1.26421,1.26421,0,0
2015-05-12,05:00:00,1.26435,1.26481,1.26251,1.26365,0,0
2015-05-12,06:00:00,1.26365,1.26459,1.26312,1.26395,0,0
2015-05-12,07:00:00,1.26386,1.26386,1.26092,1.26162,0,0
2015-05-12,08:00:00,1.26156,1.26173,1.25946,1.26134,0,0
2015-05-12,09:00:00,1.26135,1.26213,1.25894,1.25979,0,0
2015-05-12,10:00:00,1.25994,1.261,1.25832,1.26016,0,0
2015-05-12,11:00:00,1.26016,1.26088,1.25683,1.25687,0,0
2015-05-12,12:00:00,1.25668,1.25774,1.25452,1.25452,0,0
2015-05-12,13:00:00,1.25455,1.25469,1.25155,1.25376,0,0
2015-05-12,14:00:00,1.25378,1.2542,1.25207,1.25263,0,0
2015-05-12,15:00:00,1.25255,1.25567,1.25106,1.25516,0,0
2015-05-12,16:00:00,1.25519,1.25775,1.25466,1.25546,0,0
2015-05-12,17:00:00,1.25563,1.25604,1.25326,1.25326,0,0
2015-05-12,18:00:00,1.25331,1.25408,1.25136,1.25177,0,0
2015-05-12,19:00:00,1.25175,1.25349,1.2516,1.2526,0,0
2015-05-12,20:00:00,1.25257,1.25349,1.25216,1.25241,0,0
2015-05-12,21:00:00,1.2524,1.25266,1.25005,1.25114,0,0
2015-05-12,22:00:00,1.25106,1.25218,1.25106,1.25124,0,0
2015-05-12,23:00:00,1.25236,1.25477,1.25124,1.2537,0,0
2015-05-12,23:59:00,1.25365,1.25728,1.25108,1.252,0,0
2015-05-13,01:00:00,1.25203,1.25343,1.252,1.2529,0,0
2015-05-13,02:00:00,1.25288,1.25345,1.25111,1.25169,0,0
2015-05-13,03:00:00,1.25161,1.25233,1.24852,1.25116,0,0
2015-05-13,04:00:00,1.25125,1.25316,1.25064,1.25218,0,0
2015-05-13,05:00:00,1.25244,1.25538,1.25103,1.25304,0,0
2015-05-13,06:00:00,1.25304,1.25409,1.2513,1.25354,0,0
2015-05-13,07:00:00,1.25354,1.25431,1.25229,1.25367,0,0
2015-05-13,08:00:00,1.25365,1.25549,1.2524,1.25505,0,0
2015-05-13,09:00:00,1.25507,1.25556,1.25291,1.25356,0,0
2015-05-13,10:00:00,1.25357,1.25434,1.25113,1.25119,0,0
2015-05-13,11:00:00,1.25113,1.25225,1.24835,1.2498,0,0
2015-05-13,12:00:00,1.2498,1.25116,1.24493,1.24665,0,0
2015-05-13,13:00:00,1.24665,1.24744,1.24387,1.24397,0,0
2015-05-13,14:00:00,1.24387,1.24397,1.2423,1.24271,0,0
2015-05-13,15:00:00,1.24276,1.24398,1.23509,1.23654,0,0
2015-05-13,16:00:00,1.23654,1.23709,1.23355,1.23437,0,0
2015-05-13,17:00:00,1.23435,1.23512,1.23189,1.23477,0,0
2015-05-13,18:00:00,1.23483,1.23539,1.23091,1.23204,0,0
2015-05-13,19:00:00,1.23204,1.23356,1.23168,1.23254,0,0
2015-05-13,20:00:00,1.23265,1.23367,1.23174,1.23362,0,0
2015-05-13,21:00:00,1.23364,1.23466,1.23294,1.23426,0,0
2015-05-13,22:00:00,1.23414,1.23471,1.23405,1.23405,0,0
2015-05-13,23:00:00,1.23403,1.23451,1.23213,1.23262,0,0
2015-05-13,23:59:00,1.23268,1.23432,1.23268,1.23388,0,0
2015-05-14,01:00:00,1.23399,1.23399,1.23091,1.2313,0,0
2015-05-14,02:00:00,1.23142,1.23311,1.23035,1.23288,0,0
2015-05-14,03:00:00,1.23294,1.23302,1.23021,1.23127,0,0
2015-05-14,04:00:00,1.23121,1.23121,1.22523,1.22689,0,0
2015-05-14,05:00:00,1.22648,1.23148,1.22648,1.23142,0,0
2015-05-14,06:00:00,1.23142,1.2315,1.23022,1.23088,0,0
2015-05-14,07:00:00,1.2308,1.23112,1.22861,1.23098,0,0
2015-05-14,08:00:00,1.23097,1.2315,1.22998,1.23081,0,0
2015-05-14,09:00:00,1.23091,1.23403,1.22889,1.23035,0,0
2015-05-14,10:00:00,1.23036,1.23939,1.229,1.23782,0,0
2015-05-14,11:00:00,1.23801,1.24022,1.23655,1.2383,0,0
2015-05-14,12:00:00,1.2383,1.23848,1.2346,1.23489,0,0
2015-05-14,13:00:00,1.23467,1.23695,1.23385,1.23496,0,0
2015-05-14,14:00:00,1.23507,1.23619,1.23402,1.23407,0,0
2015-05-14,15:00:00,1.23414,1.23605,1.23097,1.23174,0,0
2015-05-14,16:00:00,1.23195,1.23288,1.2292,1.22963,0,0
2015-05-14,17:00:00,1.22957,1.23756,1.22918,1.2371,0,0
2015-05-14,18:00:00,1.23721,1.23988,1.23661,1.23735,0,0
2015-05-14,19:00:00,1.23738,1.2379,1.23585,1.23588,0,0
2015-05-14,20:00:00,1.23588,1.23801,1.23588,1.23741,0,0
2015-05-14,21:00:00,1.23741,1.23989,1.2371,1.23908,0,0
2015-05-14,22:00:00,1.23919,1.23925,1.23716,1.23756,0,0
2015-05-14,23:00:00,1.23755,1.2381,1.237,1.23756,0,0
2015-05-14,23:59:00,1.23749,1.23796,1.23684,1.23775,0,0
2015-05-15,01:00:00,1.23775,1.23818,1.23695,1.23759,0,0
2015-05-15,02:00:00,1.23761,1.23795,1.23649,1.23706,0,0
2015-05-15,03:00:00,1.23709,1.24287,1.2362,1.24176,0,0
2015-05-15,04:00:00,1.24174,1.24282,1.23957,1.24037,0,0
2015-05-15,05:00:00,1.24036,1.24179,1.23977,1.24131,0,0
2015-05-15,06:00:00,1.24148,1.24148,1.23957,1.23963,0,0
2015-05-15,07:00:00,1.23965,1.2416,1.23963,1.24126,0,0
2015-05-15,08:00:00,1.24128,1.24406,1.24114,1.24395,0,0
2015-05-15,09:00:00,1.24386,1.24395,1.23994,1.2415,0,0
2015-05-15,10:00:00,1.24145,1.24536,1.2414,1.24378,0,0
2015-05-15,11:00:00,1.2438,1.24735,1.24352,1.24705,0,0
2015-05-15,12:00:00,1.24716,1.24779,1.24639,1.2471,0,0
2015-05-15,13:00:00,1.24724,1.24888,1.24684,1.2486,0,0
2015-05-15,14:00:00,1.2486,1.2493,1.24708,1.24925,0,0
2015-05-15,15:00:00,1.24927,1.25052,1.24797,1.24975,0,0
2015-05-15,16:00:00,1.24972,1.25019,1.24704,1.24842,0,0
2015-05-15,17:00:00,1.24842,1.24842,1.24157,1.24173,0,0
2015-05-15,18:00:00,1.24153,1.24321,1.24033,1.24179,0,0
2015-05-15,19:00:00,1.24179,1.2439,1.24157,1.24377,0,0
2015-05-15,20:00:00,1.2438,1.24429,1.24236,1.244,0,0
2015-05-15,21:00:00,1.24395,1.24437,1.24242,1.24267,0,0
2015-05-15,22:00:00,1.2427,1.24463,1.2427,1.24373,0,0
2015-05-15,23:00:00,1.24372,1.24377,1.24372,1.24373,0,0
2015-05-18,01:00:00,1.24372,1.24511,1.24367,1.24423,0,0
2015-05-18,02:00:00,1.24421,1.24552,1.24191,1.24322,0,0
2015-05-18,03:00:00,1.24322,1.24911,1.24307,1.24844,0,0
2015-05-18,04:00:00,1.24844,1.24919,1.24708,1.24881,0,0
2015-05-18,05:00:00,1.2488,1.24919,1.24629,1.24727,0,0
2015-05-18,06:00:00,1.24724,1.24774,1.24626,1.24715,0,0
2015-05-18,07:00:00,1.24715,1.24743,1.24631,1.24665,0,0
2015-05-18,08:00:00,1.24665,1.24863,1.24665,1.24744,0,0
2015-05-18,09:00:00,1.24757,1.24788,1.24547,1.24788,0,0
2015-05-18,10:00:00,1.24782,1.25106,1.24777,1.25073,0,0
2015-05-18,11:00:00,1.25066,1.25067,1.24736,1.24814,0,0
2015-05-18,12:00:00,1.24814,1.25008,1.24746,1.24911,0,0
2015-05-18,13:00:00,1.24913,1.25084,1.2483,1.24944,0,0
2015-05-18,14:00:00,1.24944,1.25005,1.24847,1.24922,0,0
2015-05-18,15:00:00,1.24922,1.25113,1.24895,1.25073,0,0
2015-05-18,16:00:00,1.25073,1.25282,1.24992,1.25191,0,0
2015-05-18,17:00:00,1.25194,1.25196,1.24869,1.24869,0,0
2015-05-18,18:00:00,1.2486,1.24981,1.24846,1.24981,0,0
2015-05-18,19:00:00,1.24994,1.2513,1.24984,1.25036,0,0
2015-05-18,20:00:00,1.25038,1.25301,1.24894,1.25224,0,0
2015-05-18,21:00:00,1.25222,1.25359,1.25203,1.25296,0,0
2015-05-18,22:00:00,1.25302,1.25321,1.25156,1.2523,0,0
2015-05-18,23:00:00,1.25241,1.25265,1.25142,1.25149,0,0
2015-05-18,23:59:00,1.25142,1.25222,1.25095,1.25114,0,0
2015-05-19,01:00:00,1.25113,1.25208,1.25072,1.2512,0,0
2015-05-19,02:00:00,1.2512,1.25136,1.25005,1.25099,0,0
2015-05-19,03:00:00,1.25097,1.25257,1.25077,1.25189,0,0
2015-05-19,04:00:00,1.2518,1.25669,1.25073,1.25535,0,0
2015-05-19,05:00:00,1.25541,1.25541,1.25192,1.25274,0,0
2015-05-19,06:00:00,1.25274,1.25282,1.24991,1.25052,0,0
2015-05-19,07:00:00,1.25058,1.25182,1.25027,1.25139,0,0
2015-05-19,08:00:00,1.25142,1.25153,1.24846,1.24994,0,0
2015-05-19,09:00:00,1.24983,1.25207,1.24978,1.25067,0,0
2015-05-19,10:00:00,1.25044,1.25518,1.25036,1.25367,0,0
2015-05-19,11:00:00,1.25386,1.25467,1.25224,1.25434,0,0
2015-05-19,12:00:00,1.25434,1.25573,1.25367,1.25428,0,0
2015-05-19,13:00:00,1.25423,1.25529,1.25395,1.25437,0,0
2015-05-19,14:00:00,1.25434,1.25516,1.25351,1.25392,0,0
2015-05-19,15:00:00,1.25367,1.26188,1.25365,1.26089,0,0
2015-05-19,16:00:00,1.26088,1.26129,1.25876,1.25932,0,0
2015-05-19,17:00:00,1.25938,1.26473,1.25937,1.26425,0,0
2015-05-19,18:00:00,1.26429,1.26473,1.26264,1.26301,0,0
2015-05-19,19:00:00,1.26304,1.2644,1.26248,1.26378,0,0
2015-05-19,20:00:00,1.26381,1.26429,1.26293,1.26334,0,0
2015-05-19,21:00:00,1.26347,1.26358,1.26269,1.26314,0,0
2015-05-19,22:00:00,1.26318,1.26443,1.26317,1.26342,0,0
2015-05-19,23:00:00,1.2635,1.26374,1.26306,1.2636,0,0
2015-05-19,23:59:00,1.2636,1.2636,1.26253,1.26263,0,0
2015-05-20,01:00:00,1.26266,1.26355,1.26264,1.26279,0,0
2015-05-20,02:00:00,1.2628,1.26355,1.26204,1.26221,0,0
2015-05-20,03:00:00,1.26221,1.26611,1.26221,1.26393,0,0
2015-05-20,04:00:00,1.26393,1.26475,1.26127,1.26197,0,0
2015-05-20,05:00:00,1.26199,1.26212,1.26027,1.26165,0,0
2015-05-20,06:00:00,1.26165,1.26243,1.26049,1.26202,0,0
2015-05-20,07:00:00,1.26202,1.26315,1.26099,1.2628,0,0
2015-05-20,08:00:00,1.26277,1.26405,1.26113,1.26392,0,0
2015-05-20,09:00:00,1.26393,1.26833,1.26285,1.26685,0,0
2015-05-20,10:00:00,1.26695,1.26775,1.26571,1.2673,0,0
2015-05-20,11:00:00,1.26727,1.2678,1.26521,1.26645,0,0
2015-05-20,12:00:00,1.26645,1.26764,1.26569,1.26616,0,0
2015-05-20,13:00:00,1.26618,1.26752,1.26531,1.26717,0,0
2015-05-20,14:00:00,1.26735,1.26765,1.26579,1.26592,0,0
2015-05-20,15:00:00,1.26589,1.26653,1.2639,1.26475,0,0
2015-05-20,16:00:00,1.26477,1.26863,1.26477,1.26834,0,0
2015-05-20,17:00:00,1.26839,1.27079,1.26807,1.26934,0,0
2015-05-20,18:00:00,1.26924,1.27071,1.26812,1.26937,0,0
2015-05-20,19:00:00,1.26957,1.2701,1.26813,1.26834,0,0
2015-05-20,20:00:00,1.26842,1.27012,1.2683,1.26934,0,0
2015-05-20,21:00:00,1.26934,1.27204,1.26344,1.26577,0,0
2015-05-20,22:00:00,1.26574,1.2686,1.26409,1.26813,0,0
2015-05-20,23:00:00,1.26817,1.26995,1.26793,1.26989,0,0
2015-05-20,23:59:00,1.26994,1.27078,1.26958,1.27007,0,0
2015-05-21,01:00:00,1.27007,1.27121,1.26966,1.26986,0,0
2015-05-21,02:00:00,1.26991,1.27054,1.26858,1.26939,0,0
2015-05-21,03:00:00,1.26939,1.26957,1.26695,1.26765,0,0
2015-05-21,04:00:00,1.2676,1.26942,1.26706,1.26924,0,0
2015-05-21,05:00:00,1.26921,1.26921,1.26489,1.2661,0,0
2015-05-21,06:00:00,1.2661,1.26744,1.26581,1.26709,0,0
2015-05-21,07:00:00,1.26709,1.26709,1.26438,1.26461,0,0
2015-05-21,08:00:00,1.26451,1.26553,1.26374,1.26507,0,0
2015-05-21,09:00:00,1.26517,1.26847,1.26517,1.26582,0,0
2015-05-21,10:00:00,1.26581,1.2673,1.26529,1.2669,0,0
2015-05-21,11:00:00,1.26691,1.26733,1.26411,1.26421,0,0
2015-05-21,12:00:00,1.26417,1.26765,1.26413,1.26743,0,0
2015-05-21,13:00:00,1.26754,1.26799,1.26656,1.2667,0,0
2015-05-21,14:00:00,1.26672,1.26876,1.26672,1.26825,0,0
2015-05-21,15:00:00,1.26823,1.27107,1.26723,1.27081,0,0
2015-05-21,16:00:00,1.27089,1.27118,1.2686,1.26991,0,0
2015-05-21,17:00:00,1.26986,1.27068,1.26762,1.26981,0,0
2015-05-21,18:00:00,1.26987,1.27033,1.26698,1.26791,0,0
2015-05-21,19:00:00,1.26791,1.2682,1.26706,1.26788,0,0
2015-05-21,20:00:00,1.26788,1.26815,1.26678,1.26805,0,0
2015-05-21,21:00:00,1.26807,1.26821,1.26653,1.26675,0,0
2015-05-21,22:00:00,1.26675,1.26789,1.26675,1.26731,0,0
2015-05-21,23:00:00,1.26731,1.26788,1.26651,1.26661,0,0
2015-05-21,23:59:00,1.26667,1.26735,1.26606,1.26677,0,0
2015-05-22,01:00:00,1.26677,1.26733,1.26642,1.26646,0,0
2015-05-22,02:00:00,1.26645,1.26675,1.26525,1.26626,0,0
2015-05-22,03:00:00,1.26614,1.26643,1.26425,1.26425,0,0
2015-05-22,04:00:00,1.26424,1.26467,1.26307,1.26405,0,0
2015-05-22,05:00:00,1.26405,1.26489,1.2629,1.26299,0,0
2015-05-22,06:00:00,1.2631,1.26427,1.26186,1.262,0,0
2015-05-22,07:00:00,1.262,1.26312,1.26138,1.26299,0,0
2015-05-22,08:00:00,1.26291,1.26306,1.26196,1.26266,0,0
2015-05-22,09:00:00,1.26266,1.26269,1.2608,1.26156,0,0
2015-05-22,10:00:00,1.26154,1.26582,1.26154,1.26489,0,0
2015-05-22,11:00:00,1.26489,1.26593,1.26472,1.26577,0,0
2015-05-22,12:00:00,1.26584,1.26703,1.2651,1.26602,0,0
2015-05-22,13:00:00,1.26616,1.2685,1.26568,1.26791,0,0
2015-05-22,14:00:00,1.26791,1.26904,1.26754,1.26788,0,0
2015-05-22,15:00:00,1.26788,1.27665,1.26743,1.2758,0,0
2015-05-22,16:00:00,1.27564,1.27905,1.27564,1.27753,0,0
2015-05-22,17:00:00,1.27753,1.27864,1.27626,1.27781,0,0
2015-05-22,18:00:00,1.27778,1.27871,1.27716,1.27761,0,0
2015-05-22,19:00:00,1.27761,1.27841,1.27616,1.27707,0,0
2015-05-22,20:00:00,1.27813,1.27982,1.27647,1.27941,0,0
2015-05-22,21:00:00,1.2793,1.28028,1.27889,1.27895,0,0
2015-05-22,22:00:00,1.27892,1.27975,1.27861,1.2792,0,0
2015-05-22,23:00:00,1.27933,1.27936,1.27908,1.27908,0,0
2015-05-25,01:00:00,1.28048,1.28069,1.27693,1.2781,0,0
2015-05-25,02:00:00,1.2781,1.28044,1.27781,1.28015,0,0
2015-05-25,03:00:00,1.28015,1.28143,1.27931,1.2808,0,0
2015-05-25,04:00:00,1.28064,1.2808,1.27915,1.27993,0,0
2015-05-25,05:00:00,1.27998,1.28,1.27748,1.27797,0,0
2015-05-25,06:00:00,1.27807,1.27856,1.27717,1.27802,0,0
2015-05-25,07:00:00,1.278,1.27843,1.27717,1.2775,0,0
2015-05-25,08:00:00,1.27738,1.27936,1.27738,1.27833,0,0
2015-05-25,09:00:00,1.27831,1.27887,1.2767,1.27688,0,0
2015-05-25,10:00:00,1.27688,1.27822,1.2767,1.27738,0,0
2015-05-25,11:00:00,1.27738,1.27856,1.27678,1.27737,0,0
2015-05-25,12:00:00,1.27733,1.27748,1.27637,1.27657,0,0
2015-05-25,13:00:00,1.27657,1.27706,1.27559,1.2759,0,0
2015-05-25,14:00:00,1.27603,1.27724,1.27561,1.27719,0,0
2015-05-25,15:00:00,1.27719,1.27756,1.27685,1.27719,0,0
2015-05-25,16:00:00,1.27719,1.27818,1.27634,1.27804,0,0
2015-05-25,17:00:00,1.27804,1.27823,1.27717,1.27725,0,0
2015-05-25,18:00:00,1.27727,1.27737,1.27636,1.27733,0,0
2015-05-25,19:00:00,1.27735,1.27805,1.27712,1.27745,0,0
2015-05-25,20:00:00,1.27753,1.27794,1.27711,1.27776,0,0
2015-05-25,21:00:00,1.27787,1.2781,1.2773,1.27786,0,0
2015-05-25,22:00:00,1.27786,1.27817,1.27773,1.27786,0,0
2015-05-25,23:00:00,1.27791,1.27835,1.27784,1.27804,0,0
2015-05-25,23:59:00,1.27833,1.27845,1.27753,1.27815,0,0
2015-05-26,01:00:00,1.2781,1.27823,1.27693,1.27745,0,0
2015-05-26,02:00:00,1.27745,1.27833,1.27686,1.27833,0,0
2015-05-26,03:00:00,1.2784,1.27997,1.27815,1.27908,0,0
2015-05-26,04:00:00,1.27895,1.27982,1.27813,1.2784,0,0
2015-05-26,05:00:00,1.27841,1.27872,1.27667,1.27693,0,0
2015-05-26,06:00:00,1.27693,1.27748,1.27615,1.27658,0,0
2015-05-26,07:00:00,1.27658,1.27704,1.27554,1.27696,0,0
2015-05-26,08:00:00,1.27696,1.27805,1.27668,1.27719,0,0
2015-05-26,09:00:00,1.2772,1.28299,1.27676,1.28259,0,0
2015-05-26,10:00:00,1.28253,1.28659,1.28177,1.28404,0,0
2015-05-26,11:00:00,1.28408,1.28639,1.28383,1.28472,0,0
2015-05-26,12:00:00,1.28484,1.2849,1.28112,1.28149,0,0
2015-05-26,13:00:00,1.28148,1.28284,1.2811,1.28169,0,0
2015-05-26,14:00:00,1.28176,1.28207,1.28085,1.28164,0,0
2015-05-26,15:00:00,1.28159,1.28959,1.28151,1.28916,0,0
2015-05-26,16:00:00,1.28939,1.29014,1.28776,1.29007,0,0
2015-05-26,17:00:00,1.29002,1.29261,1.29002,1.29152,0,0
2015-05-26,18:00:00,1.29152,1.29271,1.29077,1.29251,0,0
2015-05-26,19:00:00,1.29252,1.29286,1.29104,1.29136,0,0
2015-05-26,20:00:00,1.29137,1.29172,1.29047,1.29169,0,0
2015-05-26,21:00:00,1.29167,1.29358,1.29136,1.29358,0,0
2015-05-26,22:00:00,1.29378,1.29403,1.29222,1.29306,0,0
2015-05-26,23:00:00,1.29314,1.29378,1.29231,1.29284,0,0
2015-05-26,23:59:00,1.29271,1.29406,1.29221,1.29266,0,0
2015-05-27,01:00:00,1.29282,1.29286,1.29126,1.29159,0,0
2015-05-27,02:00:00,1.29161,1.29241,1.29086,1.29122,0,0
2015-05-27,03:00:00,1.29119,1.29241,1.29036,1.29096,0,0
2015-05-27,04:00:00,1.29111,1.2943,1.29107,1.29257,0,0
2015-05-27,05:00:00,1.29282,1.29282,1.28971,1.29112,0,0
2015-05-27,06:00:00,1.29111,1.29137,1.28971,1.29039,0,0
2015-05-27,07:00:00,1.29039,1.29131,1.28972,1.29037,0,0
2015-05-27,08:00:00,1.29052,1.29064,1.28808,1.28927,0,0
2015-05-27,09:00:00,1.28926,1.29027,1.28722,1.28785,0,0
2015-05-27,10:00:00,1.28795,1.29136,1.28795,1.29117,0,0
2015-05-27,11:00:00,1.29121,1.29314,1.29077,1.29124,0,0
2015-05-27,12:00:00,1.29124,1.29381,1.29074,1.29304,0,0
2015-05-27,13:00:00,1.29304,1.29618,1.29212,1.29596,0,0
2015-05-27,14:00:00,1.29584,1.29782,1.29492,1.29729,0,0
2015-05-27,15:00:00,1.29727,1.30002,1.29586,1.29944,0,0
2015-05-27,16:00:00,1.29936,1.3001,1.2949,1.29596,0,0
2015-05-27,17:00:00,1.29594,1.29692,1.29308,1.29614,0,0
2015-05-27,18:00:00,1.29608,1.29779,1.29542,1.29698,0,0
2015-05-27,19:00:00,1.29688,1.29814,1.2965,1.29707,0,0
2015-05-27,20:00:00,1.29705,1.29813,1.29509,1.29509,0,0
2015-05-27,21:00:00,1.2951,1.29604,1.29438,1.29545,0,0
2015-05-27,22:00:00,1.2955,1.29562,1.29359,1.29359,0,0
2015-05-27,23:00:00,1.29346,1.29574,1.29293,1.29366,0,0
2015-05-27,23:59:00,1.29363,1.29477,1.29299,1.29309,0,0
2015-05-28,01:00:00,1.29321,1.29448,1.29277,1.29326,0,0
2015-05-28,02:00:00,1.29329,1.29408,1.29274,1.29276,0,0
2015-05-28,03:00:00,1.29276,1.29371,1.29092,1.29121,0,0
2015-05-28,04:00:00,1.29109,1.30108,1.28859,1.2997,0,0
2015-05-28,05:00:00,1.2997,1.30346,1.29884,1.30176,0,0
2015-05-28,06:00:00,1.30174,1.30339,1.30046,1.3018,0,0
2015-05-28,07:00:00,1.30174,1.30322,1.30063,1.30064,0,0
2015-05-28,08:00:00,1.30064,1.30149,1.29655,1.29791,0,0
2015-05-28,09:00:00,1.29794,1.30085,1.2967,1.29933,0,0
2015-05-28,10:00:00,1.29931,1.30307,1.29929,1.3011,0,0
2015-05-28,11:00:00,1.30088,1.30465,1.30071,1.30269,0,0
2015-05-28,12:00:00,1.30273,1.30647,1.30273,1.3056,0,0
2015-05-28,13:00:00,1.3055,1.30692,1.30461,1.30652,0,0
2015-05-28,14:00:00,1.30654,1.30979,1.30608,1.30844,0,0
2015-05-28,15:00:00,1.30835,1.31115,1.30721,1.30905,0,0
2015-05-28,16:00:00,1.30912,1.31246,1.30806,1.31146,0,0
2015-05-28,17:00:00,1.31153,1.3127,1.30762,1.30888,0,0
2015-05-28,18:00:00,1.30902,1.31218,1.30835,1.31039,0,0
2015-05-28,19:00:00,1.31041,1.31184,1.30765,1.30818,0,0
2015-05-28,20:00:00,1.3082,1.30852,1.30668,1.30721,0,0
2015-05-28,21:00:00,1.30721,1.30873,1.30618,1.30652,0,0
2015-05-28,22:00:00,1.30657,1.3078,1.3061,1.3076,0,0
2015-05-28,23:00:00,1.30753,1.30772,1.30695,1.30726,0,0
2015-05-28,23:59:00,1.30736,1.30885,1.30613,1.3069,0,0
2015-05-29,01:00:00,1.3069,1.30743,1.30501,1.30586,0,0
2015-05-29,02:00:00,1.30586,1.30656,1.30524,1.30608,0,0
2015-05-29,03:00:00,1.30608,1.30712,1.30531,1.30712,0,0
2015-05-29,04:00:00,1.30676,1.30844,1.30429,1.30467,0,0
2015-05-29,05:00:00,1.30477,1.30567,1.30302,1.30531,0,0
2015-05-29,06:00:00,1.30531,1.30637,1.30484,1.30514,0,0
2015-05-29,07:00:00,1.30499,1.30531,1.30331,1.30451,0,0
2015-05-29,08:00:00,1.30453,1.30623,1.30444,1.30562,0,0
2015-05-29,09:00:00,1.30557,1.30676,1.3038,1.30666,0,0
2015-05-29,10:00:00,1.30675,1.30758,1.30495,1.30656,0,0
2015-05-29,11:00:00,1.30646,1.30777,1.3056,1.30671,0,0
2015-05-29,12:00:00,1.30676,1.30808,1.30468,1.30548,0,0
2015-05-29,13:00:00,1.30557,1.30777,1.30518,1.30777,0,0
2015-05-29,14:00:00,1.30777,1.30777,1.30589,1.30656,0,0
2015-05-29,15:00:00,1.30656,1.30952,1.30576,1.30952,0,0
2015-05-29,16:00:00,1.30911,1.31065,1.30588,1.30647,0,0
2015-05-29,17:00:00,1.30671,1.30828,1.30586,1.30593,0,0
2015-05-29,18:00:00,1.30598,1.30887,1.30516,1.30559,0,0
2015-05-29,19:00:00,1.30577,1.30685,1.30574,1.30656,0,0
2015-05-29,20:00:00,1.30657,1.30671,1.30494,1.30528,0,0
2015-05-29,21:00:00,1.30535,1.30673,1.30513,1.3062,0,0
2015-05-29,22:00:00,1.30622,1.30837,1.30577,1.30794,0,0
2015-05-29,23:00:00,1.30794,1.30801,1.30786,1.30798,0,0
2015-06-01,01:00:00,1.30792,1.30943,1.30782,1.309,0,0
2015-06-01,02:00:00,1.309,1.3094,1.30796,1.30859,0,0
2015-06-01,03:00:00,1.30864,1.30917,1.3071,1.30796,0,0
2015-06-01,04:00:00,1.30786,1.3106,1.30572,1.30686,0,0
2015-06-01,05:00:00,1.30705,1.30818,1.30526,1.30704,0,0
2015-06-01,06:00:00,1.30722,1.30808,1.30577,1.30755,0,0
2015-06-01,07:00:00,1.30755,1.3077,1.30489,1.30557,0,0
2015-06-01,08:00:00,1.30553,1.30774,1.30552,1.30716,0,0
2015-06-01,09:00:00,1.30727,1.30806,1.30404,1.30467,0,0
2015-06-01,10:00:00,1.3048,1.30755,1.30404,1.30698,0,0
2015-06-01,11:00:00,1.30702,1.30784,1.30557,1.30775,0,0
2015-06-01,12:00:00,1.30791,1.31039,1.30791,1.30938,0,0
2015-06-01,13:00:00,1.3094,1.31151,1.3094,1.31041,0,0
2015-06-01,14:00:00,1.31038,1.31055,1.30847,1.30947,0,0
2015-06-01,15:00:00,1.30952,1.31074,1.30709,1.30844,0,0
2015-06-01,16:00:00,1.30811,1.30866,1.30547,1.30698,0,0
2015-06-01,17:00:00,1.30688,1.31363,1.30688,1.31349,0,0
2015-06-01,18:00:00,1.31347,1.31537,1.31316,1.31392,0,0
2015-06-01,19:00:00,1.31392,1.31595,1.3138,1.31532,0,0
2015-06-01,20:00:00,1.31524,1.31579,1.31432,1.31553,0,0
2015-06-01,21:00:00,1.31551,1.31577,1.31415,1.31475,0,0
2015-06-01,22:00:00,1.31503,1.31529,1.31415,1.31527,0,0
2015-06-01,23:00:00,1.31525,1.31525,1.31396,1.3148,0,0
2015-06-01,23:59:00,1.31472,1.31517,1.31377,1.31384,0,0
2015-06-02,01:00:00,1.3143,1.31432,1.31356,1.31356,0,0
2015-06-02,02:00:00,1.31356,1.31439,1.31292,1.31337,0,0
2015-06-02,03:00:00,1.31328,1.31356,1.31065,1.31163,0,0
2015-06-02,04:00:00,1.31163,1.31206,1.30945,1.31074,0,0
2015-06-02,05:00:00,1.31074,1.31172,1.31,1.31082,0,0
2015-06-02,06:00:00,1.31082,1.31082,1.30936,1.30995,0,0
2015-06-02,07:00:00,1.30995,1.31122,1.30149,1.30288,0,0
2015-06-02,08:00:00,1.30288,1.30359,1.29993,1.301,0,0
2015-06-02,09:00:00,1.301,1.30235,1.2973,1.29857,0,0
2015-06-02,10:00:00,1.29862,1.30093,1.29764,1.30075,0,0
2015-06-02,11:00:00,1.30105,1.30195,1.29961,1.30103,0,0
2015-06-02,12:00:00,1.30103,1.30424,1.30053,1.30225,0,0
2015-06-02,13:00:00,1.30227,1.30381,1.30117,1.30161,0,0
2015-06-02,14:00:00,1.30166,1.30208,1.29833,1.29938,0,0
2015-06-02,15:00:00,1.29943,1.30258,1.29909,1.30107,0,0
2015-06-02,16:00:00,1.30124,1.30124,1.29077,1.29111,0,0
2015-06-02,17:00:00,1.29116,1.29116,1.28717,1.29086,0,0
2015-06-02,18:00:00,1.29096,1.29266,1.29052,1.29067,0,0
2015-06-02,19:00:00,1.29067,1.29081,1.2852,1.28563,0,0
2015-06-02,20:00:00,1.28574,1.28621,1.28368,1.28441,0,0
2015-06-02,21:00:00,1.28434,1.2866,1.28434,1.28488,0,0
2015-06-02,22:00:00,1.28442,1.287,1.28442,1.28672,0,0
2015-06-02,23:00:00,1.2868,1.28722,1.28596,1.28662,0,0
2015-06-02,23:59:00,1.28659,1.2868,1.28574,1.28665,0,0
2015-06-03,01:00:00,1.28667,1.2879,1.28634,1.28733,0,0
2015-06-03,02:00:00,1.28733,1.28864,1.28679,1.28863,0,0
2015-06-03,03:00:00,1.28863,1.28922,1.2877,1.28844,0,0
2015-06-03,04:00:00,1.28844,1.28858,1.27894,1.27916,0,0
2015-06-03,05:00:00,1.27918,1.28365,1.27918,1.28325,0,0
2015-06-03,06:00:00,1.28335,1.28482,1.28248,1.28276,0,0
2015-06-03,07:00:00,1.28327,1.28371,1.2822,1.28325,0,0
2015-06-03,08:00:00,1.28338,1.28352,1.2811,1.28195,0,0
2015-06-03,09:00:00,1.28172,1.28261,1.28,1.28149,0,0
2015-06-03,10:00:00,1.28156,1.28401,1.28156,1.28343,0,0
2015-06-03,11:00:00,1.28342,1.28662,1.28236,1.28641,0,0
2015-06-03,12:00:00,1.28622,1.28703,1.28525,1.28639,0,0
2015-06-03,13:00:00,1.28641,1.2877,1.28601,1.28766,0,0
2015-06-03,14:00:00,1.2877,1.2879,1.28634,1.28695,0,0
2015-06-03,15:00:00,1.28695,1.29001,1.28594,1.28859,0,0
2015-06-03,16:00:00,1.28866,1.28894,1.28271,1.28314,0,0
2015-06-03,17:00:00,1.28314,1.28314,1.27992,1.28136,0,0
2015-06-03,18:00:00,1.28136,1.28315,1.28102,1.28151,0,0
2015-06-03,19:00:00,1.28156,1.28525,1.28156,1.28477,0,0
2015-06-03,20:00:00,1.2846,1.2865,1.28442,1.28546,0,0
2015-06-03,21:00:00,1.28543,1.28727,1.28526,1.28687,0,0
2015-06-03,22:00:00,1.28672,1.28677,1.28429,1.28444,0,0
2015-06-03,23:00:00,1.28442,1.28493,1.2838,1.28427,0,0
2015-06-03,23:59:00,1.28434,1.28548,1.28426,1.28541,0,0
2015-06-04,01:00:00,1.2854,1.2873,1.28536,1.28645,0,0
2015-06-04,02:00:00,1.28641,1.28766,1.28616,1.28684,0,0
2015-06-04,03:00:00,1.28684,1.2878,1.28622,1.28667,0,0
2015-06-04,04:00:00,1.28667,1.29712,1.28538,1.2949,0,0
2015-06-04,05:00:00,1.29492,1.29569,1.29371,1.29426,0,0
2015-06-04,06:00:00,1.29426,1.29487,1.29291,1.29349,0,0
2015-06-04,07:00:00,1.29351,1.29462,1.29269,1.29373,0,0
2015-06-04,08:00:00,1.2939,1.29639,1.29318,1.29547,0,0
2015-06-04,09:00:00,1.29532,1.29601,1.29338,1.29542,0,0
2015-06-04,10:00:00,1.2955,1.2972,1.29472,1.29655,0,0
2015-06-04,11:00:00,1.29655,1.2966,1.28819,1.29042,0,0
2015-06-04,12:00:00,1.29029,1.29167,1.28997,1.29054,0,0
2015-06-04,13:00:00,1.29064,1.29202,1.28951,1.28972,0,0
2015-06-04,14:00:00,1.28972,1.29052,1.28838,1.29021,0,0
2015-06-04,15:00:00,1.29019,1.29497,1.29004,1.29488,0,0
2015-06-04,16:00:00,1.29483,1.30083,1.2947,1.29958,0,0
2015-06-04,17:00:00,1.29982,1.30376,1.29821,1.3028,0,0
2015-06-04,18:00:00,1.30271,1.30468,1.30247,1.30331,0,0
2015-06-04,19:00:00,1.30329,1.30383,1.29933,1.30127,0,0
2015-06-04,20:00:00,1.30127,1.30364,1.301,1.30173,0,0
2015-06-04,21:00:00,1.30159,1.3023,1.29988,1.30149,0,0
2015-06-04,22:00:00,1.30161,1.30198,1.30068,1.30188,0,0
2015-06-04,23:00:00,1.30161,1.30183,1.30059,1.30059,0,0
2015-06-04,23:59:00,1.30068,1.30288,1.30039,1.30263,0,0
2015-06-05,01:00:00,1.30258,1.30341,1.30198,1.30252,0,0
2015-06-05,02:00:00,1.30254,1.30261,1.30076,1.30093,0,0
2015-06-05,03:00:00,1.30093,1.30219,1.3001,1.30014,0,0
2015-06-05,04:00:00,1.30015,1.30115,1.29895,1.29934,0,0
2015-06-05,05:00:00,1.29929,1.29985,1.29875,1.29928,0,0
2015-06-05,06:00:00,1.29931,1.29985,1.29875,1.29882,0,0
2015-06-05,07:00:00,1.29882,1.29882,1.29757,1.2983,0,0
2015-06-05,08:00:00,1.29835,1.29921,1.29761,1.29897,0,0
2015-06-05,09:00:00,1.299,1.30027,1.29764,1.29919,0,0
2015-06-05,10:00:00,1.29916,1.30235,1.29916,1.301,0,0
2015-06-05,11:00:00,1.30098,1.30132,1.29914,1.2997,0,0
2015-06-05,12:00:00,1.29948,1.30015,1.29814,1.29933,0,0
2015-06-05,13:00:00,1.29929,1.29965,1.29794,1.29868,0,0
2015-06-05,14:00:00,1.29868,1.2989,1.29421,1.29584,0,0
2015-06-05,15:00:00,1.29584,1.3123,1.29488,1.31228,0,0
2015-06-05,16:00:00,1.31227,1.31584,1.31065,1.31378,0,0
2015-06-05,17:00:00,1.31411,1.31411,1.30541,1.3112,0,0
2015-06-05,18:00:00,1.3112,1.31258,1.30929,1.31206,0,0
2015-06-05,19:00:00,1.31209,1.31401,1.31134,1.31153,0,0
2015-06-05,20:00:00,1.31148,1.31227,1.31032,1.31227,0,0
2015-06-05,21:00:00,1.31225,1.31373,1.31156,1.31278,0,0
2015-06-05,22:00:00,1.31296,1.31335,1.3112,1.31139,0,0
2015-06-05,23:00:00,1.31172,1.31175,1.31172,1.31173,0,0
2015-06-08,01:00:00,1.31184,1.31239,1.31129,1.31175,0,0
2015-06-08,02:00:00,1.31177,1.31296,1.31158,1.31296,0,0
2015-06-08,03:00:00,1.31297,1.31415,1.31068,1.31415,0,0
2015-06-08,04:00:00,1.31413,1.31413,1.3107,1.3107,0,0
2015-06-08,05:00:00,1.31087,1.31347,1.30864,1.3129,0,0
2015-06-08,06:00:00,1.31306,1.31411,1.31246,1.31303,0,0
2015-06-08,07:00:00,1.31299,1.3147,1.31299,1.31399,0,0
2015-06-08,08:00:00,1.31399,1.31422,1.31179,1.31194,0,0
2015-06-08,09:00:00,1.31189,1.31511,1.30685,1.30986,0,0
2015-06-08,10:00:00,1.30976,1.30976,1.30707,1.30851,0,0
2015-06-08,11:00:00,1.30864,1.31266,1.30861,1.31002,0,0
2015-06-08,12:00:00,1.30988,1.31026,1.30741,1.30796,0,0
2015-06-08,13:00:00,1.30796,1.31041,1.30796,1.31003,0,0
2015-06-08,14:00:00,1.31008,1.31026,1.30786,1.30904,0,0
2015-06-08,15:00:00,1.30904,1.30967,1.30743,1.30822,0,0
2015-06-08,16:00:00,1.30823,1.30864,1.3057,1.3078,0,0
2015-06-08,17:00:00,1.3078,1.31041,1.30726,1.31039,0,0
2015-06-08,18:00:00,1.31034,1.31034,1.30569,1.30745,0,0
2015-06-08,19:00:00,1.30731,1.30847,1.30646,1.30731,0,0
2015-06-08,20:00:00,1.30729,1.30748,1.29965,1.30137,0,0
2015-06-08,21:00:00,1.30137,1.30171,1.2983,1.29929,0,0
2015-06-08,22:00:00,1.29928,1.29944,1.29703,1.29779,0,0
2015-06-08,23:00:00,1.29777,1.29858,1.2966,1.29836,0,0
2015-06-08,23:59:00,1.29816,1.29987,1.29813,1.29983,0,0
2015-06-09,01:00:00,1.29973,1.3013,1.29955,1.30125,0,0
2015-06-09,02:00:00,1.30139,1.30178,1.3,1.3008,0,0
2015-06-09,03:00:00,1.30075,1.30237,1.30059,1.30064,0,0
2015-06-09,04:00:00,1.3008,1.30081,1.29567,1.29786,0,0
2015-06-09,05:00:00,1.29975,1.3,1.29786,1.29814,0,0
2015-06-09,06:00:00,1.29814,1.30031,1.29742,1.29976,0,0
2015-06-09,07:00:00,1.30007,1.30144,1.29939,1.30041,0,0
2015-06-09,08:00:00,1.30042,1.301,1.29852,1.29976,0,0
2015-06-09,09:00:00,1.29978,1.30361,1.29966,1.3031,0,0
2015-06-09,10:00:00,1.30312,1.30765,1.30263,1.30605,0,0
2015-06-09,11:00:00,1.30606,1.30774,1.30395,1.30397,0,0
2015-06-09,12:00:00,1.30395,1.30473,1.30124,1.30371,0,0
2015-06-09,13:00:00,1.30373,1.30373,1.30042,1.30102,0,0
2015-06-09,14:00:00,1.30098,1.30141,1.29604,1.2986,0,0
2015-06-09,15:00:00,1.2985,1.30196,1.29764,1.30174,0,0
2015-06-09,16:00:00,1.30185,1.30185,1.29705,1.29993,0,0
2015-06-09,17:00:00,1.2999,1.30332,1.29857,1.30298,0,0
2015-06-09,18:00:00,1.30302,1.30407,1.30112,1.3012,0,0
2015-06-09,19:00:00,1.30129,1.30392,1.30115,1.30329,0,0
2015-06-09,20:00:00,1.30329,1.30356,1.30171,1.30274,0,0
2015-06-09,21:00:00,1.30291,1.30344,1.30146,1.30178,0,0
2015-06-09,22:00:00,1.30178,1.30244,1.3008,1.30134,0,0
2015-06-09,23:00:00,1.30137,1.30151,1.29961,1.30037,0,0
2015-06-09,23:59:00,1.30024,1.30093,1.29966,1.30054,0,0
2015-06-10,01:00:00,1.30054,1.30081,1.30014,1.30046,0,0
2015-06-10,02:00:00,1.30047,1.30098,1.29955,1.30097,0,0
2015-06-10,03:00:00,1.30095,1.30298,1.29811,1.30168,0,0
2015-06-10,04:00:00,1.30166,1.30269,1.30093,1.3022,0,0
2015-06-10,05:00:00,1.3022,1.30849,1.3011,1.30675,0,0
2015-06-10,06:00:00,1.30692,1.30957,1.30654,1.30654,0,0
2015-06-10,07:00:00,1.30654,1.30818,1.29867,1.29965,0,0
2015-06-10,08:00:00,1.29971,1.30098,1.29079,1.29287,0,0
2015-06-10,09:00:00,1.29316,1.29586,1.29251,1.29571,0,0
2015-06-10,10:00:00,1.29561,1.29663,1.28447,1.28599,0,0
2015-06-10,11:00:00,1.28606,1.28926,1.28472,1.28818,0,0
2015-06-10,12:00:00,1.28791,1.28912,1.28692,1.28906,0,0
2015-06-10,13:00:00,1.28904,1.29333,1.28594,1.29207,0,0
2015-06-10,14:00:00,1.29207,1.2939,1.29069,1.29106,0,0
2015-06-10,15:00:00,1.29109,1.29257,1.28971,1.29086,0,0
2015-06-10,16:00:00,1.29089,1.29109,1.28745,1.28806,0,0
2015-06-10,17:00:00,1.28813,1.29144,1.28703,1.28941,0,0
2015-06-10,18:00:00,1.28944,1.29159,1.28689,1.29071,0,0
2015-06-10,19:00:00,1.29059,1.29139,1.28898,1.28961,0,0
2015-06-10,20:00:00,1.28962,1.28994,1.28824,1.28863,0,0
2015-06-10,21:00:00,1.28859,1.28909,1.28735,1.28878,0,0
2015-06-10,22:00:00,1.28874,1.28937,1.28824,1.28858,0,0
2015-06-10,23:00:00,1.28848,1.28903,1.28778,1.28858,0,0
2015-06-10,23:59:00,1.28873,1.29825,1.28808,1.29182,0,0
2015-06-11,01:00:00,1.29182,1.29276,1.29091,1.29247,0,0
2015-06-11,02:00:00,1.29247,1.29401,1.29212,1.29395,0,0
2015-06-11,03:00:00,1.29395,1.29665,1.29395,1.29532,0,0
2015-06-11,04:00:00,1.29515,1.29609,1.2832,1.28788,0,0
2015-06-11,05:00:00,1.28811,1.28961,1.28662,1.28687,0,0
2015-06-11,06:00:00,1.28672,1.28868,1.28594,1.2876,0,0
2015-06-11,07:00:00,1.28755,1.28836,1.28616,1.2874,0,0
2015-06-11,08:00:00,1.28748,1.28981,1.28703,1.28883,0,0
2015-06-11,09:00:00,1.28873,1.29102,1.28751,1.28848,0,0
2015-06-11,10:00:00,1.28856,1.29239,1.28856,1.29141,0,0
2015-06-11,11:00:00,1.29141,1.29224,1.29056,1.29084,0,0
2015-06-11,12:00:00,1.29079,1.29525,1.29079,1.29308,0,0
2015-06-11,13:00:00,1.29309,1.29378,1.29207,1.29341,0,0
2015-06-11,14:00:00,1.29349,1.29566,1.29227,1.29545,0,0
2015-06-11,15:00:00,1.29537,1.2997,1.28954,1.29137,0,0
2015-06-11,16:00:00,1.29161,1.29611,1.29137,1.29472,0,0
2015-06-11,17:00:00,1.2947,1.29621,1.29261,1.29545,0,0
2015-06-11,18:00:00,1.2954,1.29562,1.29272,1.29443,0,0
2015-06-11,19:00:00,1.29441,1.2948,1.2939,1.2939,0,0
2015-06-11,20:00:00,1.29391,1.29423,1.29294,1.29329,0,0
2015-06-11,21:00:00,1.29328,1.29328,1.28966,1.29017,0,0
2015-06-11,22:00:00,1.29027,1.29027,1.28788,1.28796,0,0
2015-06-11,23:00:00,1.28801,1.28977,1.28725,1.28949,0,0
2015-06-11,23:59:00,1.28951,1.29044,1.28888,1.28956,0,0
2015-06-12,01:00:00,1.28967,1.29052,1.28961,1.29026,0,0
2015-06-12,02:00:00,1.29027,1.29097,1.28929,1.29096,0,0
2015-06-12,03:00:00,1.29079,1.29209,1.28976,1.28997,0,0
2015-06-12,04:00:00,1.28994,1.29136,1.28899,1.29029,0,0
2015-06-12,05:00:00,1.29032,1.29101,1.28974,1.29054,0,0
2015-06-12,06:00:00,1.29056,1.29096,1.28966,1.29091,0,0
2015-06-12,07:00:00,1.29091,1.29262,1.29056,1.29259,0,0
2015-06-12,08:00:00,1.29259,1.29423,1.29092,1.29236,0,0
2015-06-12,09:00:00,1.29217,1.29519,1.29184,1.29467,0,0
2015-06-12,10:00:00,1.29468,1.29675,1.29318,1.2967,0,0
2015-06-12,11:00:00,1.29688,1.30235,1.29656,1.30093,0,0
2015-06-12,12:00:00,1.30107,1.30212,1.29708,1.2973,0,0
2015-06-12,13:00:00,1.29732,1.29892,1.29545,1.29892,0,0
2015-06-12,14:00:00,1.29892,1.29992,1.29688,1.29715,0,0
2015-06-12,15:00:00,1.2972,1.2988,1.2953,1.2988,0,0
2015-06-12,16:00:00,1.29874,1.30042,1.29567,1.29623,0,0
2015-06-12,17:00:00,1.29624,1.29713,1.29071,1.29226,0,0
2015-06-12,18:00:00,1.29222,1.29291,1.28971,1.29192,0,0
2015-06-12,19:00:00,1.29184,1.29271,1.29031,1.29132,0,0
2015-06-12,20:00:00,1.29131,1.29206,1.29082,1.29136,0,0
2015-06-12,21:00:00,1.29147,1.29324,1.29051,1.29256,0,0
2015-06-12,22:00:00,1.29241,1.2945,1.29241,1.29308,0,0
2015-06-12,23:00:00,1.29309,1.29318,1.29304,1.29308,0,0
2015-06-15,01:00:00,1.29156,1.29369,1.29146,1.29346,0,0
2015-06-15,02:00:00,1.29346,1.2943,1.29287,1.29379,0,0
2015-06-15,03:00:00,1.29379,1.29656,1.29379,1.29597,0,0
2015-06-15,04:00:00,1.29614,1.29688,1.29497,1.2951,0,0
2015-06-15,05:00:00,1.29527,1.29618,1.29478,1.29582,0,0
2015-06-15,06:00:00,1.29597,1.29663,1.29507,1.29566,0,0
2015-06-15,07:00:00,1.29566,1.29687,1.29477,1.29665,0,0
2015-06-15,08:00:00,1.29676,1.29803,1.29594,1.29713,0,0
2015-06-15,09:00:00,1.29678,1.29705,1.29321,1.29413,0,0
2015-06-15,10:00:00,1.29431,1.29611,1.29326,1.29445,0,0
2015-06-15,11:00:00,1.29462,1.29597,1.2946,1.29592,0,0
2015-06-15,12:00:00,1.29594,1.29618,1.29411,1.29462,0,0
2015-06-15,13:00:00,1.29462,1.29579,1.29339,1.29339,0,0
2015-06-15,14:00:00,1.29343,1.29343,1.29144,1.29214,0,0
2015-06-15,15:00:00,1.29194,1.29219,1.2869,1.28793,0,0
2015-06-15,16:00:00,1.28793,1.28951,1.28591,1.28763,0,0
2015-06-15,17:00:00,1.2877,1.28776,1.28591,1.28742,0,0
2015-06-15,18:00:00,1.28756,1.28942,1.28708,1.28768,0,0
2015-06-15,19:00:00,1.28761,1.28893,1.28667,1.28698,0,0
2015-06-15,20:00:00,1.287,1.28972,1.28697,1.28873,0,0
2015-06-15,21:00:00,1.28874,1.28929,1.28692,1.28806,0,0
2015-06-15,22:00:00,1.28798,1.28813,1.28717,1.28813,0,0
2015-06-15,23:00:00,1.28798,1.28813,1.28742,1.2878,0,0
2015-06-15,23:59:00,1.28776,1.28881,1.28771,1.28843,0,0
2015-06-16,01:00:00,1.28853,1.28912,1.28795,1.28806,0,0
2015-06-16,02:00:00,1.28805,1.28937,1.28805,1.28909,0,0
2015-06-16,03:00:00,1.28908,1.29059,1.28868,1.28956,0,0
2015-06-16,04:00:00,1.28971,1.29139,1.28525,1.28768,0,0
2015-06-16,05:00:00,1.28747,1.28944,1.2874,1.28765,0,0
2015-06-16,06:00:00,1.28761,1.28906,1.28738,1.28848,0,0
2015-06-16,07:00:00,1.28836,1.28873,1.28728,1.28869,0,0
2015-06-16,08:00:00,1.28868,1.29019,1.28849,1.28996,0,0
2015-06-16,09:00:00,1.28999,1.29296,1.28956,1.29067,0,0
2015-06-16,10:00:00,1.29062,1.29286,1.29054,1.29271,0,0
2015-06-16,11:00:00,1.29237,1.29488,1.29194,1.29408,0,0
2015-06-16,12:00:00,1.29415,1.29436,1.29246,1.29304,0,0
2015-06-16,13:00:00,1.29323,1.29323,1.29126,1.29247,0,0
2015-06-16,14:00:00,1.29242,1.29269,1.29077,1.29141,0,0
2015-06-16,15:00:00,1.29144,1.29191,1.28982,1.29027,0,0
2015-06-16,16:00:00,1.29016,1.29072,1.28829,1.28836,0,0
2015-06-16,17:00:00,1.28823,1.28972,1.28702,1.28967,0,0
2015-06-16,18:00:00,1.28974,1.29059,1.28919,1.28997,0,0
2015-06-16,19:00:00,1.28991,1.29071,1.28954,1.29054,0,0
2015-06-16,20:00:00,1.29052,1.29206,1.29031,1.29189,0,0
2015-06-16,21:00:00,1.29174,1.29181,1.29056,1.29142,0,0
2015-06-16,22:00:00,1.29141,1.29162,1.29107,1.29154,0,0
2015-06-16,23:00:00,1.29147,1.29152,1.28971,1.29006,0,0
2015-06-16,23:59:00,1.29007,1.29061,1.28912,1.29031,0,0
2015-06-17,01:00:00,1.29034,1.29057,1.28911,1.28999,0,0
2015-06-17,02:00:00,1.29002,1.29126,1.28974,1.29119,0,0
2015-06-17,03:00:00,1.29116,1.29197,1.29076,1.29076,0,0
2015-06-17,04:00:00,1.29079,1.29378,1.29052,1.29306,0,0
2015-06-17,05:00:00,1.29308,1.29443,1.29254,1.29436,0,0
2015-06-17,06:00:00,1.29436,1.29609,1.29368,1.29369,0,0
2015-06-17,07:00:00,1.29373,1.2953,1.29373,1.29495,0,0
2015-06-17,08:00:00,1.29497,1.29559,1.2942,1.29522,0,0
2015-06-17,09:00:00,1.29524,1.29722,1.29393,1.29594,0,0
2015-06-17,10:00:00,1.29591,1.29946,1.29505,1.29779,0,0
2015-06-17,11:00:00,1.29789,1.30183,1.29776,1.30161,0,0
2015-06-17,12:00:00,1.30163,1.30183,1.30031,1.30073,0,0
2015-06-17,13:00:00,1.30054,1.30339,1.30031,1.30314,0,0
2015-06-17,14:00:00,1.30302,1.30354,1.3013,1.3023,0,0
2015-06-17,15:00:00,1.30203,1.30368,1.30132,1.30132,0,0
2015-06-17,16:00:00,1.3013,1.30212,1.29882,1.30097,0,0
2015-06-17,17:00:00,1.30097,1.30509,1.30095,1.30451,0,0
2015-06-17,18:00:00,1.30443,1.30535,1.30317,1.30436,0,0
2015-06-17,19:00:00,1.30433,1.30536,1.30366,1.30433,0,0
2015-06-17,20:00:00,1.30444,1.3049,1.30222,1.30324,0,0
2015-06-17,21:00:00,1.30358,1.30741,1.28997,1.29036,0,0
2015-06-17,22:00:00,1.29034,1.29284,1.28703,1.29129,0,0
2015-06-17,23:00:00,1.29127,1.29177,1.28994,1.29031,0,0
2015-06-17,23:59:00,1.29067,1.29096,1.28924,1.29011,0,0
2015-06-18,01:00:00,1.29011,1.2952,1.29004,1.29267,0,0
2015-06-18,02:00:00,1.29271,1.29555,1.29194,1.29509,0,0
2015-06-18,03:00:00,1.2951,1.29675,1.29266,1.29358,0,0
2015-06-18,04:00:00,1.29356,1.29472,1.29184,1.29323,0,0
2015-06-18,05:00:00,1.29324,1.29488,1.29234,1.29246,0,0
2015-06-18,06:00:00,1.29259,1.29519,1.29244,1.2949,0,0
2015-06-18,07:00:00,1.2949,1.29614,1.2947,1.29473,0,0
2015-06-18,08:00:00,1.2946,1.29547,1.29209,1.29321,0,0
2015-06-18,09:00:00,1.29319,1.29378,1.29037,1.29231,0,0
2015-06-18,10:00:00,1.29239,1.29262,1.28602,1.28694,0,0
2015-06-18,11:00:00,1.28713,1.28728,1.28294,1.28396,0,0
2015-06-18,12:00:00,1.28398,1.28502,1.27689,1.27693,0,0
2015-06-18,13:00:00,1.27678,1.27902,1.27658,1.27877,0,0
2015-06-18,14:00:00,1.27879,1.27887,1.27532,1.27637,0,0
2015-06-18,15:00:00,1.27637,1.27831,1.27408,1.27683,0,0
2015-06-18,16:00:00,1.27675,1.27707,1.27415,1.27475,0,0
2015-06-18,17:00:00,1.27486,1.27916,1.27475,1.27769,0,0
2015-06-18,18:00:00,1.27765,1.27792,1.27572,1.27733,0,0
2015-06-18,19:00:00,1.2772,1.28103,1.27719,1.28007,0,0
2015-06-18,20:00:00,1.28007,1.28207,1.27912,1.28146,0,0
2015-06-18,21:00:00,1.28143,1.28294,1.28092,1.28289,0,0
2015-06-18,22:00:00,1.28276,1.28309,1.2811,1.28195,0,0
2015-06-18,23:00:00,1.28203,1.28254,1.28131,1.28208,0,0
2015-06-18,23:59:00,1.28238,1.28263,1.28159,1.28189,0,0
2015-06-19,01:00:00,1.28189,1.28226,1.28095,1.2813,0,0
2015-06-19,02:00:00,1.2813,1.28411,1.2813,1.2837,0,0
2015-06-19,03:00:00,1.28358,1.2852,1.28148,1.28148,0,0
2015-06-19,04:00:00,1.28148,1.28389,1.28072,1.2833,0,0
2015-06-19,05:00:00,1.2833,1.28503,1.28314,1.28398,0,0
2015-06-19,06:00:00,1.28394,1.28548,1.28381,1.2852,0,0
2015-06-19,07:00:00,1.2852,1.28805,1.28513,1.28735,0,0
2015-06-19,08:00:00,1.28735,1.28911,1.28697,1.28776,0,0
2015-06-19,09:00:00,1.2878,1.28901,1.28717,1.28819,0,0
2015-06-19,10:00:00,1.28819,1.28964,1.28642,1.2881,0,0
2015-06-19,11:00:00,1.28816,1.28866,1.28677,1.28723,0,0
2015-06-19,12:00:00,1.28713,1.29086,1.28645,1.28944,0,0
2015-06-19,13:00:00,1.28944,1.29087,1.28861,1.28999,0,0
2015-06-19,14:00:00,1.29006,1.29046,1.28773,1.28934,0,0
2015-06-19,15:00:00,1.28941,1.29251,1.28941,1.29084,0,0
2015-06-19,16:00:00,1.29091,1.29151,1.28677,1.2881,0,0
2015-06-19,17:00:00,1.2881,1.28944,1.28773,1.28909,0,0
2015-06-19,18:00:00,1.28911,1.29112,1.28904,1.28916,0,0
2015-06-19,19:00:00,1.28912,1.28986,1.28848,1.28879,0,0
2015-06-19,20:00:00,1.28922,1.28922,1.28702,1.28748,0,0
2015-06-19,21:00:00,1.28748,1.28771,1.28677,1.2875,0,0
2015-06-19,22:00:00,1.28751,1.2877,1.2869,1.2869,0,0
2015-06-19,23:00:00,1.28692,1.28727,1.28692,1.28717,0,0
2015-06-22,01:00:00,1.28771,1.28843,1.28639,1.28723,0,0
2015-06-22,02:00:00,1.28723,1.28806,1.28624,1.28771,0,0
2015-06-22,03:00:00,1.28771,1.28788,1.28601,1.28654,0,0
2015-06-22,04:00:00,1.28655,1.28667,1.28393,1.28559,0,0
2015-06-22,05:00:00,1.28559,1.28617,1.28485,1.28616,0,0
2015-06-22,06:00:00,1.28617,1.28655,1.2849,1.28495,0,0
2015-06-22,07:00:00,1.28495,1.2854,1.28418,1.28513,0,0
2015-06-22,08:00:00,1.2851,1.28596,1.28287,1.28299,0,0
2015-06-22,09:00:00,1.28282,1.28424,1.28264,1.28373,0,0
2015-06-22,10:00:00,1.28378,1.2875,1.28317,1.2875,0,0
2015-06-22,11:00:00,1.2877,1.28795,1.28614,1.28616,0,0
2015-06-22,12:00:00,1.28614,1.28685,1.28543,1.28589,0,0
2015-06-22,13:00:00,1.28594,1.28967,1.28574,1.28884,0,0
2015-06-22,14:00:00,1.28889,1.28979,1.28798,1.28878,0,0
2015-06-22,15:00:00,1.28888,1.28912,1.28596,1.2865,0,0
2015-06-22,16:00:00,1.2865,1.28783,1.28518,1.28733,0,0
2015-06-22,17:00:00,1.28796,1.28982,1.28763,1.28893,0,0
2015-06-22,18:00:00,1.28896,1.29251,1.28894,1.29112,0,0
2015-06-22,19:00:00,1.29122,1.2948,1.29112,1.29329,0,0
2015-06-22,20:00:00,1.29329,1.29428,1.29291,1.29366,0,0
2015-06-22,21:00:00,1.29366,1.29452,1.29252,1.29428,0,0
2015-06-22,22:00:00,1.2943,1.2951,1.29348,1.2943,0,0
2015-06-22,23:00:00,1.29431,1.2945,1.29314,1.29395,0,0
2015-06-22,23:59:00,1.29398,1.29492,1.29321,1.29349,0,0
2015-06-23,01:00:00,1.29353,1.29453,1.29316,1.29453,0,0
2015-06-23,02:00:00,1.29446,1.29453,1.29346,1.29385,0,0
2015-06-23,03:00:00,1.29385,1.29421,1.29214,1.29356,0,0
2015-06-23,04:00:00,1.29371,1.29702,1.29281,1.2969,0,0
2015-06-23,05:00:00,1.29698,1.29951,1.29587,1.29899,0,0
2015-06-23,06:00:00,1.29911,1.29958,1.297,1.29868,0,0
2015-06-23,07:00:00,1.2988,1.29924,1.29799,1.29813,0,0
2015-06-23,08:00:00,1.29804,1.2984,1.29586,1.29586,0,0
2015-06-23,09:00:00,1.29584,1.29697,1.29142,1.29237,0,0
2015-06-23,10:00:00,1.29237,1.29525,1.29149,1.29502,0,0
2015-06-23,11:00:00,1.29488,1.29614,1.29313,1.29472,0,0
2015-06-23,12:00:00,1.29472,1.29555,1.29339,1.29472,0,0
2015-06-23,13:00:00,1.29472,1.2971,1.29455,1.29658,0,0
2015-06-23,14:00:00,1.29658,1.2975,1.29603,1.29724,0,0
2015-06-23,15:00:00,1.29737,1.30093,1.29477,1.29976,0,0
2015-06-23,16:00:00,1.29975,1.30203,1.29811,1.29835,0,0
2015-06-23,17:00:00,1.29838,1.29944,1.29338,1.29453,0,0
2015-06-23,18:00:00,1.29448,1.29463,1.29071,1.29224,0,0
2015-06-23,19:00:00,1.29224,1.29525,1.29222,1.2947,0,0
2015-06-23,20:00:00,1.2947,1.295,1.29304,1.2941,0,0
2015-06-23,21:00:00,1.29408,1.29509,1.29366,1.29366,0,0
2015-06-23,22:00:00,1.29374,1.2944,1.29287,1.29301,0,0
2015-06-23,23:00:00,1.29309,1.29324,1.29137,1.29264,0,0
2015-06-23,23:59:00,1.29262,1.29421,1.29236,1.29281,0,0
2015-06-24,01:00:00,1.29296,1.29308,1.29194,1.29242,0,0
2015-06-24,02:00:00,1.29242,1.29251,1.29142,1.29157,0,0
2015-06-24,03:00:00,1.29141,1.29141,1.28893,1.29086,0,0
2015-06-24,04:00:00,1.29097,1.29284,1.29011,1.29277,0,0
2015-06-24,05:00:00,1.29277,1.29334,1.29164,1.29264,0,0
2015-06-24,06:00:00,1.29264,1.29428,1.29171,1.29361,0,0
2015-06-24,07:00:00,1.29361,1.29655,1.29303,1.29611,0,0
2015-06-24,08:00:00,1.29614,1.29616,1.29344,1.29478,0,0
2015-06-24,09:00:00,1.29477,1.2955,1.29267,1.29356,0,0
2015-06-24,10:00:00,1.29359,1.29497,1.29109,1.29139,0,0
2015-06-24,11:00:00,1.29136,1.29214,1.28694,1.28957,0,0
2015-06-24,12:00:00,1.28961,1.29282,1.28916,1.29081,0,0
2015-06-24,13:00:00,1.29081,1.29249,1.29062,1.29192,0,0
2015-06-24,14:00:00,1.29176,1.29281,1.29067,1.29142,0,0
2015-06-24,15:00:00,1.29142,1.29443,1.29054,1.29416,0,0
2015-06-24,16:00:00,1.29415,1.29766,1.29379,1.29759,0,0
2015-06-24,17:00:00,1.29761,1.30091,1.29713,1.30069,0,0
2015-06-24,18:00:00,1.30066,1.30149,1.2989,1.30069,0,0
2015-06-24,19:00:00,1.30069,1.30103,1.29729,1.29791,0,0
2015-06-24,20:00:00,1.29791,1.29828,1.29597,1.29671,0,0
2015-06-24,21:00:00,1.29665,1.29796,1.29645,1.2971,0,0
2015-06-24,22:00:00,1.29698,1.29809,1.29648,1.29791,0,0
2015-06-24,23:00:00,1.29791,1.2984,1.29734,1.29801,0,0
2015-06-24,23:59:00,1.29801,1.2987,1.29759,1.29821,0,0
2015-06-25,01:00:00,1.29823,1.29926,1.29761,1.29806,0,0
2015-06-25,02:00:00,1.29806,1.29811,1.29707,1.29756,0,0
2015-06-25,03:00:00,1.29761,1.29767,1.2954,1.2955,0,0
2015-06-25,04:00:00,1.2955,1.29629,1.29358,1.29515,0,0
2015-06-25,05:00:00,1.29515,1.2954,1.29256,1.29308,0,0
2015-06-25,06:00:00,1.29287,1.29326,1.29061,1.29107,0,0
2015-06-25,07:00:00,1.29106,1.29291,1.29086,1.29151,0,0
2015-06-25,08:00:00,1.29151,1.29319,1.29119,1.29229,0,0
2015-06-25,09:00:00,1.29212,1.29462,1.29052,1.29344,0,0
2015-06-25,10:00:00,1.29346,1.29423,1.29257,1.29371,0,0
2015-06-25,11:00:00,1.29369,1.2947,1.29154,1.29316,0,0
2015-06-25,12:00:00,1.29318,1.29319,1.29094,1.29176,0,0
2015-06-25,13:00:00,1.29191,1.29314,1.29077,1.29239,0,0
2015-06-25,14:00:00,1.29227,1.29289,1.29139,1.29192,0,0
2015-06-25,15:00:00,1.29189,1.29406,1.29152,1.29244,0,0
2015-06-25,16:00:00,1.29244,1.29291,1.29177,1.29281,0,0
2015-06-25,17:00:00,1.29301,1.29301,1.29097,1.29202,0,0
2015-06-25,18:00:00,1.29189,1.29202,1.29004,1.29189,0,0
2015-06-25,19:00:00,1.29189,1.29221,1.29134,1.29136,0,0
2015-06-25,20:00:00,1.29136,1.29174,1.28992,1.29071,0,0
2015-06-25,21:00:00,1.29071,1.29187,1.29061,1.29166,0,0
2015-06-25,22:00:00,1.29151,1.29204,1.29139,1.29189,0,0
2015-06-25,23:00:00,1.29186,1.29246,1.29181,1.29222,0,0
2015-06-25,23:59:00,1.29216,1.29343,1.29182,1.29308,0,0
2015-06-26,01:00:00,1.29309,1.29309,1.29202,1.29242,0,0
2015-06-26,02:00:00,1.29241,1.29354,1.29199,1.29334,0,0
2015-06-26,03:00:00,1.29328,1.29455,1.29293,1.29421,0,0
2015-06-26,04:00:00,1.29411,1.29708,1.29411,1.29592,0,0
2015-06-26,05:00:00,1.29608,1.29626,1.29405,1.29492,0,0
2015-06-26,06:00:00,1.29488,1.29655,1.2939,1.29582,0,0
2015-06-26,07:00:00,1.29584,1.29631,1.29406,1.29532,0,0
2015-06-26,08:00:00,1.29542,1.29631,1.29505,1.29576,0,0
2015-06-26,09:00:00,1.29572,1.29885,1.29552,1.29848,0,0
2015-06-26,10:00:00,1.29847,1.29931,1.29645,1.29759,0,0
2015-06-26,11:00:00,1.29761,1.29838,1.29707,1.2975,0,0
2015-06-26,12:00:00,1.29749,1.30068,1.29744,1.30025,0,0
2015-06-26,13:00:00,1.30029,1.30124,1.29899,1.30031,0,0
2015-06-26,14:00:00,1.3002,1.30569,1.29948,1.30565,0,0
2015-06-26,15:00:00,1.30586,1.30791,1.30472,1.30791,0,0
2015-06-26,16:00:00,1.30789,1.31044,1.30659,1.30736,0,0
2015-06-26,17:00:00,1.30736,1.30887,1.30579,1.30851,0,0
2015-06-26,18:00:00,1.30876,1.3095,1.30719,1.30739,0,0
2015-06-26,19:00:00,1.30746,1.30832,1.30646,1.307,0,0
2015-06-26,20:00:00,1.30714,1.30822,1.30651,1.30712,0,0
2015-06-26,21:00:00,1.30714,1.30774,1.30622,1.30686,0,0
2015-06-26,22:00:00,1.30688,1.30721,1.30622,1.30622,0,0
2015-06-26,23:00:00,1.30613,1.30627,1.30611,1.30617,0,0
2015-06-29,01:00:00,1.31256,1.31789,1.3078,1.31278,0,0
2015-06-29,02:00:00,1.31228,1.31477,1.30969,1.31235,0,0
2015-06-29,03:00:00,1.31253,1.31347,1.30902,1.31032,0,0
2015-06-29,04:00:00,1.31032,1.31032,1.30794,1.30846,0,0
2015-06-29,05:00:00,1.30854,1.30893,1.29988,1.30565,0,0
2015-06-29,06:00:00,1.30562,1.30705,1.30434,1.3061,0,0
2015-06-29,07:00:00,1.30606,1.30716,1.30569,1.3071,0,0
2015-06-29,08:00:00,1.30709,1.31017,1.30671,1.30729,0,0
2015-06-29,09:00:00,1.30727,1.30943,1.30387,1.30581,0,0
2015-06-29,10:00:00,1.30548,1.3096,1.30547,1.3077,0,0
2015-06-29,11:00:00,1.30772,1.30965,1.30565,1.30577,0,0
2015-06-29,12:00:00,1.30577,1.30774,1.30477,1.30681,0,0
2015-06-29,13:00:00,1.30678,1.30697,1.30523,1.30528,0,0
2015-06-29,14:00:00,1.30533,1.30652,1.30424,1.30652,0,0
2015-06-29,15:00:00,1.30647,1.30647,1.30317,1.30427,0,0
2015-06-29,16:00:00,1.30422,1.30709,1.30392,1.30669,0,0
2015-06-29,17:00:00,1.30686,1.30844,1.30501,1.30698,0,0
2015-06-29,18:00:00,1.30707,1.30765,1.30234,1.30285,0,0
2015-06-29,19:00:00,1.30271,1.30341,1.30125,1.30129,0,0
2015-06-29,20:00:00,1.30112,1.30151,1.29665,1.2985,0,0
2015-06-29,21:00:00,1.29848,1.2997,1.2975,1.29777,0,0
2015-06-29,22:00:00,1.29794,1.30135,1.29794,1.30088,0,0
2015-06-29,23:00:00,1.30081,1.30224,1.3001,1.30224,0,0
2015-06-29,23:59:00,1.30224,1.30327,1.30159,1.30235,0,0
2015-06-30,01:00:00,1.30235,1.30358,1.30202,1.30332,0,0
2015-06-30,02:00:00,1.30331,1.30356,1.30183,1.30334,0,0
2015-06-30,03:00:00,1.30334,1.30475,1.30178,1.30342,0,0
2015-06-30,04:00:00,1.30339,1.30545,1.30188,1.30241,0,0
2015-06-30,05:00:00,1.30302,1.30516,1.30242,1.30356,0,0
2015-06-30,06:00:00,1.30354,1.3055,1.30283,1.30351,0,0
2015-06-30,07:00:00,1.30322,1.30465,1.30266,1.30283,0,0
2015-06-30,08:00:00,1.30286,1.30398,1.30168,1.30249,0,0
2015-06-30,09:00:00,1.30252,1.30363,1.29955,1.30346,0,0
2015-06-30,10:00:00,1.30344,1.30393,1.3002,1.30183,0,0
2015-06-30,11:00:00,1.30178,1.30373,1.30083,1.30207,0,0
2015-06-30,12:00:00,1.30207,1.30361,1.29971,1.30274,0,0
2015-06-30,13:00:00,1.30283,1.30446,1.30152,1.30242,0,0
2015-06-30,14:00:00,1.30241,1.30271,1.29971,1.30117,0,0
2015-06-30,15:00:00,1.30119,1.30186,1.29645,1.29732,0,0
2015-06-30,16:00:00,1.29725,1.29782,1.29463,1.29606,0,0
2015-06-30,17:00:00,1.29606,1.30135,1.29562,1.30135,0,0
2015-06-30,18:00:00,1.30135,1.3018,1.29818,1.29821,0,0
2015-06-30,19:00:00,1.29821,1.29887,1.29692,1.29725,0,0
2015-06-30,20:00:00,1.29725,1.2984,1.2967,1.29754,0,0
2015-06-30,21:00:00,1.29754,1.29789,1.29574,1.29603,0,0
2015-06-30,22:00:00,1.29603,1.29707,1.29594,1.29614,0,0
2015-06-30,23:00:00,1.29608,1.29793,1.29608,1.29749,0,0
2015-06-30,23:59:00,1.29752,1.29863,1.29752,1.29796,0,0
2015-07-01,01:00:00,1.29798,1.3,1.29727,1.29995,0,0
2015-07-01,02:00:00,1.29995,1.30027,1.2987,1.29978,0,0
2015-07-01,03:00:00,1.30005,1.30009,1.29624,1.29744,0,0
2015-07-01,04:00:00,1.29628,1.29919,1.29477,1.29596,0,0
2015-07-01,05:00:00,1.29596,1.29597,1.29234,1.29477,0,0
2015-07-01,06:00:00,1.29472,1.295,1.29289,1.29376,0,0
2015-07-01,07:00:00,1.29378,1.29643,1.29378,1.29581,0,0
2015-07-01,08:00:00,1.29581,1.29702,1.29529,1.29618,0,0
2015-07-01,09:00:00,1.29628,1.29826,1.29539,1.29579,0,0
2015-07-01,10:00:00,1.29591,1.29771,1.2954,1.29624,0,0
2015-07-01,11:00:00,1.29638,1.29852,1.29634,1.29653,0,0
2015-07-01,12:00:00,1.29656,1.29745,1.29509,1.29708,0,0
2015-07-01,13:00:00,1.29708,1.29961,1.29683,1.29816,0,0
2015-07-01,14:00:00,1.2982,1.30169,1.29776,1.30134,0,0
2015-07-01,15:00:00,1.30142,1.30448,1.30113,1.30259,0,0
2015-07-01,16:00:00,1.30264,1.30686,1.30258,1.30606,0,0
2015-07-01,17:00:00,1.30608,1.30688,1.30274,1.30455,0,0
2015-07-01,18:00:00,1.30455,1.30555,1.30291,1.30504,0,0
2015-07-01,19:00:00,1.30506,1.30576,1.3047,1.30538,0,0
2015-07-01,20:00:00,1.30523,1.30714,1.30523,1.30639,0,0
2015-07-01,21:00:00,1.30654,1.30905,1.30589,1.30811,0,0
2015-07-01,22:00:00,1.30839,1.30842,1.30681,1.30705,0,0
2015-07-01,23:00:00,1.30724,1.30806,1.30671,1.30804,0,0
2015-07-01,23:59:00,1.30813,1.30837,1.30675,1.30736,0,0
2015-07-02,01:00:00,1.30739,1.31,1.30727,1.30931,0,0
2015-07-02,02:00:00,1.30929,1.30993,1.30858,1.30926,0,0
2015-07-02,03:00:00,1.30933,1.30933,1.30698,1.30698,0,0
2015-07-02,04:00:00,1.30681,1.3107,1.30634,1.30899,0,0
2015-07-02,05:00:00,1.30911,1.31014,1.30801,1.30834,0,0
2015-07-02,06:00:00,1.30834,1.30835,1.30589,1.30649,0,0
2015-07-02,07:00:00,1.30642,1.30779,1.30627,1.30705,0,0
2015-07-02,08:00:00,1.30704,1.30839,1.30668,1.30733,0,0
2015-07-02,09:00:00,1.30724,1.31134,1.30697,1.30972,0,0
2015-07-02,10:00:00,1.30972,1.31372,1.30955,1.31321,0,0
2015-07-02,11:00:00,1.31325,1.31517,1.31297,1.31501,0,0
2015-07-02,12:00:00,1.31496,1.31593,1.31375,1.31415,0,0
2015-07-02,13:00:00,1.31413,1.31595,1.31401,1.31508,0,0
2015-07-02,14:00:00,1.31532,1.3173,1.31465,1.31712,0,0
2015-07-02,15:00:00,1.31709,1.31756,1.30851,1.31184,0,0
2015-07-02,16:00:00,1.31203,1.31342,1.31072,1.31289,0,0
2015-07-02,17:00:00,1.31289,1.31289,1.30947,1.31002,0,0
2015-07-02,18:00:00,1.31003,1.31149,1.30971,1.31082,0,0
2015-07-02,19:00:00,1.3108,1.31082,1.30974,1.30984,0,0
2015-07-02,20:00:00,1.30991,1.31168,1.30991,1.31141,0,0
2015-07-02,21:00:00,1.31117,1.31215,1.31099,1.31201,0,0
2015-07-02,22:00:00,1.31194,1.31218,1.30984,1.31027,0,0
2015-07-02,23:00:00,1.31039,1.31053,1.30941,1.31026,0,0
2015-07-02,23:59:00,1.31015,1.31058,1.30947,1.30996,0,0
2015-07-03,01:00:00,1.30986,1.31044,1.30893,1.30953,0,0
2015-07-03,02:00:00,1.30953,1.31015,1.30929,1.30948,0,0
2015-07-03,03:00:00,1.30948,1.31008,1.30739,1.3084,0,0
2015-07-03,04:00:00,1.30844,1.31688,1.3081,1.31638,0,0
2015-07-03,05:00:00,1.31634,1.3193,1.31598,1.31848,0,0
2015-07-03,06:00:00,1.31848,1.32125,1.31775,1.31846,0,0
2015-07-03,07:00:00,1.31848,1.31921,1.31641,1.31794,0,0
2015-07-03,08:00:00,1.31759,1.31905,1.31671,1.31801,0,0
2015-07-03,09:00:00,1.31813,1.31924,1.31761,1.3185,0,0
2015-07-03,10:00:00,1.31863,1.32382,1.31832,1.32305,0,0
2015-07-03,11:00:00,1.32314,1.32666,1.32233,1.32637,0,0
2015-07-03,12:00:00,1.32654,1.32827,1.32482,1.32654,0,0
2015-07-03,13:00:00,1.32654,1.33135,1.32654,1.32986,0,0
2015-07-03,14:00:00,1.32986,1.33003,1.32716,1.32901,0,0
2015-07-03,15:00:00,1.32903,1.32995,1.32804,1.32889,0,0
2015-07-03,16:00:00,1.32885,1.33163,1.32885,1.33081,0,0
2015-07-03,17:00:00,1.33074,1.33163,1.3298,1.33021,0,0
2015-07-03,18:00:00,1.33026,1.33143,1.32986,1.33071,0,0
2015-07-03,19:00:00,1.33069,1.3308,1.32991,1.33007,0,0
2015-07-03,20:00:00,1.33009,1.33097,1.32878,1.32913,0,0
2015-07-03,21:00:00,1.32913,1.32991,1.32846,1.32984,0,0
2015-07-03,22:00:00,1.32984,1.33062,1.32774,1.32834,0,0
2015-07-03,23:00:00,1.32834,1.32862,1.32825,1.32859,0,0
2015-07-06,01:00:00,1.33919,1.33984,1.33444,1.3352,0,0
2015-07-06,02:00:00,1.33515,1.33651,1.33129,1.33606,0,0
2015-07-06,03:00:00,1.33588,1.33588,1.33071,1.33127,0,0
2015-07-06,04:00:00,1.33129,1.33305,1.33011,1.33252,0,0
2015-07-06,05:00:00,1.33246,1.33602,1.33241,1.33387,0,0
2015-07-06,06:00:00,1.33387,1.33699,1.33367,1.3364,0,0
2015-07-06,07:00:00,1.33633,1.33897,1.33622,1.33711,0,0
2015-07-06,08:00:00,1.33711,1.33973,1.33335,1.33538,0,0
2015-07-06,09:00:00,1.33554,1.33556,1.33085,1.3315,0,0
2015-07-06,10:00:00,1.33145,1.33351,1.32975,1.33143,0,0
2015-07-06,11:00:00,1.33149,1.33333,1.33053,1.33317,0,0
2015-07-06,12:00:00,1.3331,1.33476,1.33115,1.33117,0,0
2015-07-06,13:00:00,1.33117,1.33617,1.33108,1.33518,0,0
2015-07-06,14:00:00,1.33529,1.3362,1.33421,1.33511,0,0
2015-07-06,15:00:00,1.33522,1.33522,1.33189,1.33243,0,0
2015-07-06,16:00:00,1.33243,1.33292,1.33046,1.33104,0,0
2015-07-06,17:00:00,1.33044,1.33241,1.32783,1.32797,0,0
2015-07-06,18:00:00,1.32813,1.33094,1.32813,1.32993,0,0
2015-07-06,19:00:00,1.32993,1.33094,1.32756,1.33044,0,0
2015-07-06,20:00:00,1.33028,1.33204,1.32947,1.332,0,0
2015-07-06,21:00:00,1.33202,1.33417,1.33159,1.33412,0,0
2015-07-06,22:00:00,1.33421,1.33481,1.33332,1.33362,0,0
2015-07-06,23:00:00,1.33372,1.33435,1.33324,1.33353,0,0
2015-07-06,23:59:00,1.33342,1.33417,1.33296,1.33355,0,0
2015-07-07,01:00:00,1.33355,1.33486,1.33308,1.33481,0,0
2015-07-07,02:00:00,1.33481,1.33781,1.33461,1.33777,0,0
2015-07-07,03:00:00,1.33779,1.33788,1.33531,1.33717,0,0
2015-07-07,04:00:00,1.33717,1.33799,1.33563,1.33604,0,0
2015-07-07,05:00:00,1.3364,1.33702,1.33549,1.33699,0,0
2015-07-07,06:00:00,1.33699,1.33905,1.3367,1.33854,0,0
2015-07-07,07:00:00,1.33853,1.3396,1.33508,1.33617,0,0
2015-07-07,08:00:00,1.3362,1.33633,1.33356,1.33481,0,0
2015-07-07,09:00:00,1.33481,1.33611,1.33417,1.33611,0,0
2015-07-07,10:00:00,1.33611,1.34501,1.33572,1.34423,0,0
2015-07-07,11:00:00,1.34428,1.34669,1.34327,1.34432,0,0
2015-07-07,12:00:00,1.34425,1.34546,1.34342,1.34378,0,0
2015-07-07,13:00:00,1.34369,1.34811,1.34336,1.34481,0,0
2015-07-07,14:00:00,1.34499,1.34689,1.34457,1.34687,0,0
2015-07-07,15:00:00,1.34684,1.34891,1.34561,1.34666,0,0
2015-07-07,16:00:00,1.34671,1.3504,1.34662,1.34984,0,0
2015-07-07,17:00:00,1.34947,1.35166,1.34669,1.34673,0,0
2015-07-07,18:00:00,1.34671,1.34785,1.34454,1.34479,0,0
2015-07-07,19:00:00,1.34494,1.34686,1.34414,1.34653,0,0
2015-07-07,20:00:00,1.34664,1.34691,1.34448,1.34521,0,0
2015-07-07,21:00:00,1.34521,1.34582,1.34407,1.34419,0,0
2015-07-07,22:00:00,1.34421,1.34421,1.33761,1.34189,0,0
2015-07-07,23:00:00,1.34208,1.34396,1.34149,1.34192,0,0
2015-07-07,23:59:00,1.34194,1.34374,1.34194,1.34326,0,0
2015-07-08,01:00:00,1.34326,1.34396,1.34228,1.34252,0,0
2015-07-08,02:00:00,1.34252,1.34293,1.34059,1.34144,0,0
2015-07-08,03:00:00,1.34142,1.34512,1.34118,1.34499,0,0
2015-07-08,04:00:00,1.34499,1.35265,1.34461,1.34833,0,0
2015-07-08,05:00:00,1.34853,1.34915,1.34568,1.34838,0,0
2015-07-08,06:00:00,1.34836,1.35068,1.34776,1.34898,0,0
2015-07-08,07:00:00,1.34898,1.35131,1.34696,1.34967,0,0
2015-07-08,08:00:00,1.34971,1.35013,1.34733,1.35013,0,0
2015-07-08,09:00:00,1.34998,1.35531,1.34949,1.35391,0,0
2015-07-08,10:00:00,1.35422,1.35641,1.35148,1.35252,0,0
2015-07-08,11:00:00,1.35267,1.35507,1.35035,1.35144,0,0
2015-07-08,12:00:00,1.35139,1.35146,1.34618,1.34785,0,0
2015-07-08,13:00:00,1.34785,1.34986,1.34686,1.3478,0,0
2015-07-08,14:00:00,1.3478,1.34798,1.34427,1.3464,0,0
2015-07-08,15:00:00,1.34655,1.35022,1.34651,1.34796,0,0
2015-07-08,16:00:00,1.34796,1.34873,1.3441,1.34671,0,0
2015-07-08,17:00:00,1.34671,1.34885,1.34374,1.34448,0,0
2015-07-08,18:00:00,1.3445,1.34553,1.34255,1.34326,0,0
2015-07-08,19:00:00,1.34342,1.34553,1.3423,1.34506,0,0
2015-07-08,20:00:00,1.34524,1.34638,1.34439,1.34541,0,0
2015-07-08,21:00:00,1.34537,1.34796,1.34345,1.3478,0,0
2015-07-08,22:00:00,1.34796,1.34796,1.34506,1.34702,0,0
2015-07-08,23:00:00,1.34687,1.34745,1.3459,1.34599,0,0
2015-07-08,23:59:00,1.34599,1.34706,1.34571,1.34647,0,0
2015-07-09,01:00:00,1.34635,1.34698,1.34539,1.34566,0,0
2015-07-09,02:00:00,1.34568,1.34834,1.34551,1.34755,0,0
2015-07-09,03:00:00,1.34749,1.35272,1.3474,1.35068,0,0
2015-07-09,04:00:00,1.35069,1.35071,1.34201,1.34416,0,0
2015-07-09,05:00:00,1.34436,1.34479,1.33786,1.34077,0,0
2015-07-09,06:00:00,1.34079,1.34138,1.33831,1.34036,0,0
2015-07-09,07:00:00,1.34036,1.34172,1.33881,1.33896,0,0
2015-07-09,08:00:00,1.33899,1.3391,1.33499,1.33631,0,0
2015-07-09,09:00:00,1.33626,1.3381,1.33485,1.33667,0,0
2015-07-09,10:00:00,1.33688,1.34113,1.33584,1.34059,0,0
2015-07-09,11:00:00,1.34075,1.34203,1.33878,1.34149,0,0
2015-07-09,12:00:00,1.34151,1.34642,1.34117,1.34562,0,0
2015-07-09,13:00:00,1.34562,1.34896,1.34559,1.34595,0,0
2015-07-09,14:00:00,1.34595,1.34617,1.34217,1.34217,0,0
2015-07-09,15:00:00,1.34199,1.3423,1.3391,1.34124,0,0
2015-07-09,16:00:00,1.34124,1.34315,1.34048,1.343,0,0
2015-07-09,17:00:00,1.34297,1.34706,1.34205,1.34629,0,0
2015-07-09,18:00:00,1.34642,1.34646,1.34331,1.34459,0,0
2015-07-09,19:00:00,1.3447,1.3451,1.34262,1.34421,0,0
2015-07-09,20:00:00,1.34425,1.3464,1.34327,1.34504,0,0
2015-07-09,21:00:00,1.34503,1.34561,1.34335,1.34353,0,0
2015-07-09,22:00:00,1.34354,1.34427,1.34226,1.34264,0,0
2015-07-09,23:00:00,1.34261,1.34327,1.33991,1.34275,0,0
2015-07-09,23:59:00,1.34273,1.34284,1.34115,1.34199,0,0
2015-07-10,01:00:00,1.3421,1.34277,1.33851,1.34108,0,0
2015-07-10,02:00:00,1.34108,1.34172,1.33996,1.34059,0,0
2015-07-10,03:00:00,1.34059,1.34108,1.33747,1.33831,0,0
2015-07-10,04:00:00,1.33831,1.33831,1.33542,1.33713,0,0
2015-07-10,05:00:00,1.33731,1.33785,1.3341,1.33559,0,0
2015-07-10,06:00:00,1.33561,1.33715,1.33513,1.33549,0,0
2015-07-10,07:00:00,1.33549,1.33674,1.33486,1.33674,0,0
2015-07-10,08:00:00,1.33674,1.33901,1.33527,1.33608,0,0
2015-07-10,09:00:00,1.33608,1.33883,1.33506,1.33851,0,0
2015-07-10,10:00:00,1.33853,1.34118,1.33837,1.34048,0,0
2015-07-10,11:00:00,1.34059,1.34284,1.34012,1.34187,0,0
2015-07-10,12:00:00,1.34216,1.34248,1.33702,1.3388,0,0
2015-07-10,13:00:00,1.33878,1.34011,1.33618,1.33701,0,0
2015-07-10,14:00:00,1.33704,1.33939,1.33394,1.33897,0,0
2015-07-10,15:00:00,1.33896,1.34052,1.33795,1.34032,0,0
2015-07-10,16:00:00,1.34032,1.3486,1.33941,1.34653,0,0
2015-07-10,17:00:00,1.3466,1.34791,1.34445,1.34762,0,0
2015-07-10,18:00:00,1.34764,1.34851,1.34642,1.34669,0,0
2015-07-10,19:00:00,1.34682,1.34905,1.34515,1.34793,0,0
2015-07-10,20:00:00,1.34789,1.34956,1.34775,1.34775,0,0
2015-07-10,21:00:00,1.34776,1.34814,1.34434,1.3447,0,0
2015-07-10,22:00:00,1.3447,1.34515,1.34268,1.3432,0,0
2015-07-10,23:00:00,1.3432,1.34356,1.34313,1.34354,0,0
2015-07-13,01:00:00,1.34618,1.34709,1.3445,1.34646,0,0
2015-07-13,02:00:00,1.34646,1.34765,1.34448,1.34765,0,0
2015-07-13,03:00:00,1.34765,1.34838,1.34544,1.34544,0,0
2015-07-13,04:00:00,1.34544,1.34729,1.3451,1.34678,0,0
2015-07-13,05:00:00,1.34709,1.34709,1.34326,1.34329,0,0
2015-07-13,06:00:00,1.34329,1.34488,1.33894,1.34436,0,0
2015-07-13,07:00:00,1.34441,1.34499,1.34311,1.34383,0,0
2015-07-13,08:00:00,1.3438,1.34398,1.34199,1.34271,0,0
2015-07-13,09:00:00,1.34259,1.3438,1.34027,1.34066,0,0
2015-07-13,10:00:00,1.34081,1.3484,1.33939,1.347,0,0
2015-07-13,11:00:00,1.34725,1.34925,1.34599,1.34707,0,0
2015-07-13,12:00:00,1.34706,1.3472,1.34421,1.34456,0,0
2015-07-13,13:00:00,1.34456,1.34678,1.34333,1.34602,0,0
2015-07-13,14:00:00,1.34586,1.34716,1.34492,1.34542,0,0
2015-07-13,15:00:00,1.34555,1.34876,1.34532,1.34825,0,0
2015-07-13,16:00:00,1.34825,1.35194,1.34825,1.34947,0,0
2015-07-13,17:00:00,1.34933,1.3541,1.34929,1.3541,0,0
2015-07-13,18:00:00,1.35399,1.35437,1.34998,1.35017,0,0
2015-07-13,19:00:00,1.35017,1.35068,1.34842,1.34891,0,0
2015-07-13,20:00:00,1.34871,1.35157,1.34871,1.3508,0,0
2015-07-13,21:00:00,1.35077,1.35102,1.34947,1.35037,0,0
2015-07-13,22:00:00,1.3502,1.35038,1.3484,1.34993,0,0
2015-07-13,23:00:00,1.34987,1.35048,1.34904,1.35029,0,0
2015-07-13,23:59:00,1.35006,1.35144,1.34916,1.35086,0,0
2015-07-14,01:00:00,1.35099,1.35183,1.35051,1.35172,0,0
2015-07-14,02:00:00,1.3517,1.35316,1.35095,1.35296,0,0
2015-07-14,03:00:00,1.35283,1.35356,1.35006,1.35009,0,0
2015-07-14,04:00:00,1.35035,1.3519,1.34608,1.34736,0,0
2015-07-14,05:00:00,1.34729,1.34742,1.34553,1.34642,0,0
2015-07-14,06:00:00,1.3464,1.34718,1.34568,1.34638,0,0
2015-07-14,07:00:00,1.34638,1.34731,1.34548,1.34718,0,0
2015-07-14,08:00:00,1.3472,1.34885,1.34588,1.34647,0,0
2015-07-14,09:00:00,1.34646,1.34784,1.34463,1.34635,0,0
2015-07-14,10:00:00,1.34631,1.34725,1.34553,1.34669,0,0
2015-07-14,11:00:00,1.34658,1.34847,1.34566,1.3478,0,0
2015-07-14,12:00:00,1.34775,1.34778,1.34403,1.34593,0,0
2015-07-14,13:00:00,1.34591,1.34651,1.34412,1.34546,0,0
2015-07-14,14:00:00,1.34548,1.34644,1.34485,1.34533,0,0
2015-07-14,15:00:00,1.34504,1.34517,1.33717,1.34111,0,0
2015-07-14,16:00:00,1.34118,1.34268,1.33971,1.34259,0,0
2015-07-14,17:00:00,1.34259,1.34387,1.34082,1.34264,0,0
2015-07-14,18:00:00,1.3427,1.34338,1.3418,1.34257,0,0
2015-07-14,19:00:00,1.3425,1.34261,1.34117,1.34192,0,0
2015-07-14,20:00:00,1.34174,1.34291,1.34104,1.34225,0,0
2015-07-14,21:00:00,1.34225,1.34317,1.34212,1.34259,0,0
2015-07-14,22:00:00,1.34244,1.34317,1.34228,1.34234,0,0
2015-07-14,23:00:00,1.34243,1.34266,1.34153,1.34194,0,0
2015-07-14,23:59:00,1.34192,1.3425,1.34129,1.34196,0,0
2015-07-15,01:00:00,1.34196,1.3425,1.34109,1.34201,0,0
2015-07-15,02:00:00,1.34198,1.34353,1.34194,1.34286,0,0
2015-07-15,03:00:00,1.34295,1.34461,1.34093,1.34286,0,0
2015-07-15,04:00:00,1.34286,1.34338,1.33804,1.34095,0,0
2015-07-15,05:00:00,1.34018,1.34018,1.33533,1.33876,0,0
2015-07-15,06:00:00,1.33874,1.33987,1.33804,1.33871,0,0
2015-07-15,07:00:00,1.33872,1.33978,1.33799,1.33869,0,0
2015-07-15,08:00:00,1.33869,1.34126,1.33826,1.33987,0,0
2015-07-15,09:00:00,1.33982,1.34081,1.33622,1.33822,0,0
2015-07-15,10:00:00,1.3382,1.34079,1.33781,1.34032,0,0
2015-07-15,11:00:00,1.34032,1.343,1.33937,1.3412,0,0
2015-07-15,12:00:00,1.3412,1.34194,1.33964,1.34138,0,0
2015-07-15,13:00:00,1.34138,1.34158,1.34011,1.3414,0,0
2015-07-15,14:00:00,1.34142,1.3416,1.34016,1.34052,0,0
2015-07-15,15:00:00,1.3405,1.34427,1.33761,1.34396,0,0
2015-07-15,16:00:00,1.344,1.348,1.344,1.34771,0,0
2015-07-15,17:00:00,1.34771,1.35289,1.34771,1.35121,0,0
2015-07-15,18:00:00,1.35106,1.35855,1.35044,1.35759,0,0
2015-07-15,19:00:00,1.35744,1.35973,1.35588,1.35715,0,0
2015-07-15,20:00:00,1.35739,1.35838,1.35623,1.35687,0,0
2015-07-15,21:00:00,1.35683,1.35689,1.35562,1.3567,0,0
2015-07-15,22:00:00,1.35687,1.35687,1.35489,1.35511,0,0
2015-07-15,23:00:00,1.35525,1.35613,1.35494,1.35525,0,0
2015-07-15,23:59:00,1.35518,1.35595,1.3547,1.35476,0,0
2015-07-16,01:00:00,1.35496,1.35682,1.35351,1.35465,0,0
2015-07-16,02:00:00,1.35461,1.35729,1.35325,1.35696,0,0
2015-07-16,03:00:00,1.35672,1.35787,1.35531,1.35717,0,0
2015-07-16,04:00:00,1.35715,1.35977,1.35606,1.35744,0,0
2015-07-16,05:00:00,1.35746,1.35864,1.35615,1.35615,0,0
2015-07-16,06:00:00,1.35615,1.35759,1.3554,1.35687,0,0
2015-07-16,07:00:00,1.35691,1.35947,1.3565,1.35864,0,0
2015-07-16,08:00:00,1.35864,1.36054,1.35823,1.35905,0,0
2015-07-16,09:00:00,1.35905,1.35912,1.35256,1.35474,0,0
2015-07-16,10:00:00,1.35474,1.35707,1.35391,1.35615,0,0
2015-07-16,11:00:00,1.3561,1.35624,1.35345,1.35364,0,0
2015-07-16,12:00:00,1.35377,1.35419,1.35086,1.35241,0,0
2015-07-16,13:00:00,1.35241,1.35373,1.35055,1.3519,0,0
2015-07-16,14:00:00,1.35184,1.35369,1.35024,1.35278,0,0
2015-07-16,15:00:00,1.35292,1.35474,1.35144,1.35206,0,0
2015-07-16,16:00:00,1.35203,1.35216,1.34646,1.34742,0,0
2015-07-16,17:00:00,1.34662,1.34878,1.34461,1.34731,0,0
2015-07-16,18:00:00,1.34727,1.34896,1.3453,1.34608,0,0
2015-07-16,19:00:00,1.34611,1.34836,1.34586,1.34824,0,0
2015-07-16,20:00:00,1.34816,1.35079,1.34709,1.35048,0,0
2015-07-16,21:00:00,1.35037,1.35077,1.34998,1.3506,0,0
2015-07-16,22:00:00,1.3506,1.35097,1.34966,1.35075,0,0
2015-07-16,23:00:00,1.35073,1.35113,1.35015,1.35048,0,0
2015-07-16,23:59:00,1.35051,1.35071,1.34947,1.35031,0,0
2015-07-17,01:00:00,1.35029,1.35038,1.34884,1.34922,0,0
2015-07-17,02:00:00,1.34922,1.35002,1.34869,1.34885,0,0
2015-07-17,03:00:00,1.34891,1.34996,1.34804,1.34942,0,0
2015-07-17,04:00:00,1.34945,1.34955,1.34831,1.34916,0,0
2015-07-17,05:00:00,1.34916,1.34925,1.34833,1.34878,0,0
2015-07-17,06:00:00,1.34878,1.34938,1.34798,1.34927,0,0
2015-07-17,07:00:00,1.3492,1.35042,1.34793,1.3482,0,0
2015-07-17,08:00:00,1.34818,1.35006,1.34798,1.34876,0,0
2015-07-17,09:00:00,1.34889,1.35126,1.34853,1.34978,0,0
2015-07-17,10:00:00,1.34986,1.35121,1.34973,1.35077,0,0
2015-07-17,11:00:00,1.35086,1.35217,1.34949,1.35217,0,0
2015-07-17,12:00:00,1.35217,1.35325,1.35164,1.35214,0,0
2015-07-17,13:00:00,1.35219,1.354,1.35144,1.35236,0,0
2015-07-17,14:00:00,1.35236,1.35245,1.35042,1.35073,0,0
2015-07-17,15:00:00,1.35069,1.35564,1.35044,1.35481,0,0
2015-07-17,16:00:00,1.35479,1.35636,1.35375,1.35636,0,0
2015-07-17,17:00:00,1.35621,1.35726,1.35426,1.3543,0,0
2015-07-17,18:00:00,1.35432,1.35694,1.35382,1.35687,0,0
2015-07-17,19:00:00,1.35687,1.35687,1.35487,1.355,0,0
2015-07-17,20:00:00,1.3547,1.35615,1.35448,1.3558,0,0
2015-07-17,21:00:00,1.3558,1.35612,1.35514,1.35538,0,0
2015-07-17,22:00:00,1.35542,1.35575,1.35461,1.35461,0,0
2015-07-17,23:00:00,1.35459,1.35468,1.35459,1.35468,0,0
2015-07-20,01:00:00,1.35606,1.35648,1.3552,1.35553,0,0
2015-07-20,02:00:00,1.35553,1.35759,1.35525,1.35724,0,0
2015-07-20,03:00:00,1.35722,1.35764,1.35608,1.35639,0,0
2015-07-20,04:00:00,1.35643,1.36043,1.35575,1.35992,0,0
2015-07-20,05:00:00,1.36003,1.36303,1.3579,1.36219,0,0
2015-07-20,06:00:00,1.36253,1.36452,1.36171,1.36268,0,0
2015-07-20,07:00:00,1.36275,1.36312,1.35866,1.35899,0,0
2015-07-20,08:00:00,1.35901,1.36045,1.35803,1.35812,0,0
2015-07-20,09:00:00,1.35823,1.35892,1.3527,1.3533,0,0
2015-07-20,10:00:00,1.3522,1.3542,1.352,1.3527,0,0
2015-07-20,11:00:00,1.353,1.3564,1.353,1.3554,0,0
2015-07-20,12:00:00,1.3554,1.3578,1.3548,1.3564,0,0
2015-07-20,13:00:00,1.3562,1.3566,1.3547,1.3559,0,0
2015-07-20,14:00:00,1.3556,1.3563,1.3548,1.3554,0,0
2015-07-20,15:00:00,1.3554,1.3559,1.3539,1.3551,0,0
2015-07-20,16:00:00,1.3554,1.3606,1.3548,1.3606,0,0
2015-07-20,17:00:00,1.3605,1.3613,1.35534,1.35597,0,0
2015-07-20,18:00:00,1.35601,1.35606,1.35307,1.35503,0,0
2015-07-20,19:00:00,1.35507,1.35573,1.35408,1.35555,0,0
2015-07-20,20:00:00,1.35556,1.35597,1.35501,1.35573,0,0
2015-07-20,21:00:00,1.35569,1.35608,1.35444,1.35608,0,0
2015-07-20,22:00:00,1.35608,1.35617,1.35527,1.35582,0,0
2015-07-20,23:00:00,1.35584,1.35704,1.35579,1.35652,0,0
2015-07-20,23:59:00,1.35652,1.35733,1.35608,1.35704,0,0
