Date,Time,Open,High,Low,Close,Volume,OpenInt
2015-04-22,01:00:00,1.22793,1.22794,1.22722,1.2273,0,0
2015-04-22,02:00:00,1.2273,1.22781,1.22681,1.22706,0,0
2015-04-22,03:00:00,1.22706,1.2287,1.22706,1.22822,0,0
2015-04-22,04:00:00,1.22821,1.22834,1.22682,1.22736,0,0
2015-04-22,05:00:00,1.22736,1.22774,1.22598,1.22675,0,0
2015-04-22,06:00:00,1.22674,1.22741,1.22653,1.22706,0,0
2015-04-22,07:00:00,1.22707,1.22716,1.22553,1.2256,0,0
2015-04-22,08:00:00,1.2256,1.22601,1.22513,1.22551,0,0
2015-04-22,09:00:00,1.22549,1.22672,1.2239,1.22498,0,0
2015-04-22,10:00:00,1.22497,1.22502,1.22285,1.22329,0,0
2015-04-22,11:00:00,1.22329,1.22459,1.22221,1.22302,0,0
2015-04-22,12:00:00,1.22302,1.22328,1.2213,1.22163,0,0
2015-04-22,13:00:00,1.22163,1.22395,1.22114,1.22362,0,0
2015-04-22,14:00:00,1.22374,1.22465,1.22288,1.22438,0,0
2015-04-22,15:00:00,1.22437,1.22567,1.22343,1.22436,0,0
2015-04-22,16:00:00,1.2243,1.22522,1.22288,1.22316,0,0
2015-04-22,17:00:00,1.22317,1.22612,1.2228,1.22512,0,0
2015-04-22,18:00:00,1.22526,1.22694,1.22367,1.22498,0,0
2015-04-22,19:00:00,1.22506,1.22605,1.22332,1.22348,0,0
2015-04-22,20:00:00,1.22348,1.22415,1.2233,1.22376,0,0
2015-04-22,21:00:00,1.22377,1.22418,1.22245,1.22337,0,0
2015-04-22,22:00:00,1.22334,1.22347,1.2226,1.22271,0,0
2015-04-22,23:00:00,1.22283,1.22432,1.22253,1.22381,0,0
2015-04-22,23:59:00,1.22364,1.22465,1.22357,1.22465,0,0
2015-04-23,01:00:00,1.22465,1.22473,1.22438,1.22455,0,0
2015-04-23,02:00:00,1.22455,1.22479,1.22396,1.22451,0,0
2015-04-23,03:00:00,1.2245,1.22645,1.22438,1.22626,0,0
2015-04-23,04:00:00,1.22626,1.22689,1.22549,1.22621,0,0
2015-04-23,05:00:00,1.22621,1.22685,1.22591,1.22633,0,0
2015-04-23,06:00:00,1.22632,1.22632,1.22451,1.22465,0,0
2015-04-23,07:00:00,1.22464,1.22526,1.22403,1.22438,0,0
2015-04-23,08:00:00,1.22441,1.22459,1.22347,1.22445,0,0
2015-04-23,09:00:00,1.22441,1.2266,1.22418,1.22646,0,0
2015-04-23,10:00:00,1.22648,1.22674,1.22425,1.22458,0,0
2015-04-23,11:00:00,1.22456,1.2253,1.22395,1.22465,0,0
2015-04-23,12:00:00,1.22469,1.22493,1.22336,1.22397,0,0
2015-04-23,13:00:00,1.22397,1.22544,1.22282,1.22393,0,0
2015-04-23,14:00:00,1.22393,1.22441,1.22159,1.22288,0,0
2015-04-23,15:00:00,1.22275,1.22493,1.22153,1.22305,0,0
2015-04-23,16:00:00,1.22303,1.22377,1.22126,1.22133,0,0
2015-04-23,17:00:00,1.22141,1.22141,1.21542,1.21611,0,0
2015-04-23,18:00:00,1.21591,1.21652,1.21345,1.21472,0,0
2015-04-23,19:00:00,1.21468,1.215,1.21238,1.21337,0,0
2015-04-23,20:00:00,1.21331,1.21474,1.21211,1.21411,0,0
2015-04-23,21:00:00,1.21408,1.21463,1.21351,1.21421,0,0
2015-04-23,22:00:00,1.21408,1.21528,1.21408,1.21465,0,0
2015-04-23,23:00:00,1.21465,1.21497,1.2138,1.21453,0,0
2015-04-23,23:59:00,1.21441,1.21506,1.21409,1.21503,0,0
2015-04-24,01:00:00,1.21509,1.21523,1.21415,1.21513,0,0
2015-04-24,02:00:00,1.21509,1.2153,1.21458,1.21475,0,0
2015-04-24,03:00:00,1.21487,1.21547,1.21367,1.21387,0,0
2015-04-24,04:00:00,1.21387,1.21516,1.21384,1.21503,0,0
2015-04-24,05:00:00,1.21503,1.21561,1.21442,1.21546,0,0
2015-04-24,06:00:00,1.21543,1.21574,1.21478,1.21503,0,0
2015-04-24,07:00:00,1.21499,1.21537,1.21458,1.21458,0,0
2015-04-24,08:00:00,1.21466,1.2155,1.21447,1.21487,0,0
2015-04-24,09:00:00,1.21476,1.21604,1.21282,1.21304,0,0
2015-04-24,10:00:00,1.21299,1.21383,1.21251,1.2133,0,0
2015-04-24,11:00:00,1.21338,1.21347,1.21123,1.21246,0,0
2015-04-24,12:00:00,1.21246,1.21383,1.21246,1.2134,0,0
2015-04-24,13:00:00,1.21338,1.21401,1.2125,1.21358,0,0
2015-04-24,14:00:00,1.21358,1.21387,1.21163,1.21164,0,0
2015-04-24,15:00:00,1.21163,1.2125,1.21032,1.21162,0,0
2015-04-24,16:00:00,1.21157,1.21652,1.21099,1.21627,0,0
2015-04-24,17:00:00,1.21618,1.21814,1.21488,1.21714,0,0
2015-04-24,18:00:00,1.21726,1.21734,1.21561,1.21675,0,0
2015-04-24,19:00:00,1.21685,1.218,1.21591,1.21787,0,0
2015-04-24,20:00:00,1.21767,1.21786,1.21675,1.21706,0,0
2015-04-24,21:00:00,1.21706,1.21709,1.21557,1.21697,0,0
2015-04-24,22:00:00,1.21692,1.21747,1.21664,1.21689,0,0
2015-04-24,23:00:00,1.21684,1.21685,1.21678,1.21682,0,0
2015-04-27,01:00:00,1.21848,1.21887,1.21814,1.21817,0,0
2015-04-27,02:00:00,1.21817,1.21817,1.21692,1.21723,0,0
2015-04-27,03:00:00,1.21723,1.21747,1.2154,1.2163,0,0
2015-04-27,04:00:00,1.2163,1.21666,1.21539,1.21546,0,0
2015-04-27,05:00:00,1.21546,1.21553,1.21503,1.21539,0,0
2015-04-27,06:00:00,1.21537,1.21675,1.21537,1.21655,0,0
2015-04-27,07:00:00,1.21652,1.21665,1.21603,1.21631,0,0
2015-04-27,08:00:00,1.2163,1.21638,1.21534,1.21575,0,0
2015-04-27,09:00:00,1.21576,1.21862,1.21528,1.21848,0,0
2015-04-27,10:00:00,1.21848,1.21862,1.21697,1.21834,0,0
2015-04-27,11:00:00,1.21834,1.21954,1.21685,1.2173,0,0
2015-04-27,12:00:00,1.2173,1.21774,1.21623,1.2165,0,0
2015-04-27,13:00:00,1.21651,1.21726,1.21534,1.2155,0,0
2015-04-27,14:00:00,1.21547,1.21661,1.21534,1.21548,0,0
2015-04-27,15:00:00,1.21547,1.2169,1.21494,1.21661,0,0
2015-04-27,16:00:00,1.21663,1.21665,1.21216,1.21216,0,0
2015-04-27,17:00:00,1.21226,1.21226,1.20814,1.20964,0,0
2015-04-27,18:00:00,1.20974,1.21128,1.20886,1.21058,0,0
2015-04-27,19:00:00,1.21067,1.21067,1.20843,1.21027,0,0
2015-04-27,20:00:00,1.21026,1.21116,1.20931,1.21115,0,0
2015-04-27,21:00:00,1.21114,1.21168,1.20821,1.20877,0,0
2015-04-27,22:00:00,1.20868,1.21006,1.20863,1.21006,0,0
2015-04-27,23:00:00,1.21005,1.21019,1.20852,1.20852,0,0
2015-04-27,23:59:00,1.20859,1.20936,1.20855,1.20905,0,0
2015-04-28,01:00:00,1.20906,1.20991,1.20863,1.20929,0,0
2015-04-28,02:00:00,1.20926,1.20967,1.20878,1.2094,0,0
2015-04-28,03:00:00,1.20944,1.20983,1.20933,1.20957,0,0
2015-04-28,04:00:00,1.20966,1.20987,1.20933,1.20983,0,0
2015-04-28,05:00:00,1.20983,1.21038,1.20936,1.20992,0,0
2015-04-28,06:00:00,1.20992,1.21048,1.2096,1.21039,0,0
2015-04-28,07:00:00,1.21039,1.21088,1.21015,1.21081,0,0
2015-04-28,08:00:00,1.21082,1.21096,1.20957,1.21007,0,0
2015-04-28,09:00:00,1.21007,1.21113,1.20902,1.21096,0,0
2015-04-28,10:00:00,1.21102,1.2117,1.20902,1.21082,0,0
2015-04-28,11:00:00,1.21081,1.21157,1.20954,1.20966,0,0
2015-04-28,12:00:00,1.2097,1.21009,1.20679,1.20702,0,0
2015-04-28,13:00:00,1.20712,1.20747,1.20581,1.20593,0,0
2015-04-28,14:00:00,1.20592,1.2069,1.20502,1.2059,0,0
2015-04-28,15:00:00,1.20588,1.20784,1.2056,1.20642,0,0
2015-04-28,16:00:00,1.20642,1.20988,1.20533,1.20696,0,0
2015-04-28,17:00:00,1.20696,1.20696,1.20267,1.2032,0,0
2015-04-28,18:00:00,1.20307,1.20404,1.20197,1.20208,0,0
2015-04-28,19:00:00,1.20208,1.20336,1.20153,1.20255,0,0
2015-04-28,20:00:00,1.20246,1.20329,1.20194,1.20306,0,0
2015-04-28,21:00:00,1.20304,1.20337,1.20221,1.20308,0,0
2015-04-28,22:00:00,1.203,1.2036,1.20194,1.20307,0,0
2015-04-28,23:00:00,1.20299,1.20381,1.20258,1.2033,0,0
2015-04-28,23:59:00,1.20324,1.20328,1.20224,1.20245,0,0
2015-04-29,01:00:00,1.20287,1.20374,1.20255,1.20312,0,0
2015-04-29,02:00:00,1.2031,1.20388,1.20288,1.20388,0,0
2015-04-29,03:00:00,1.20382,1.20451,1.20314,1.20351,0,0
2015-04-29,04:00:00,1.20351,1.20429,1.20351,1.20392,0,0
2015-04-29,05:00:00,1.20394,1.20445,1.20367,1.20421,0,0
2015-04-29,06:00:00,1.20421,1.20449,1.20342,1.20382,0,0
2015-04-29,07:00:00,1.20383,1.20426,1.20365,1.20384,0,0
2015-04-29,08:00:00,1.20382,1.20388,1.20278,1.20306,0,0
2015-04-29,09:00:00,1.20306,1.20341,1.20174,1.20191,0,0
2015-04-29,10:00:00,1.20191,1.20316,1.20136,1.20173,0,0
2015-04-29,11:00:00,1.20173,1.20357,1.2017,1.20217,0,0
2015-04-29,12:00:00,1.20221,1.20611,1.20221,1.20611,0,0
2015-04-29,13:00:00,1.20609,1.20735,1.20574,1.20604,0,0
2015-04-29,14:00:00,1.20601,1.20676,1.20513,1.20591,0,0
2015-04-29,15:00:00,1.20592,1.20615,1.19899,1.20222,0,0
2015-04-29,16:00:00,1.20188,1.20296,1.19644,1.19697,0,0
2015-04-29,17:00:00,1.19693,1.19773,1.19546,1.19645,0,0
2015-04-29,18:00:00,1.19642,1.19778,1.1956,1.19567,0,0
2015-04-29,19:00:00,1.19564,1.19759,1.19449,1.19754,0,0
2015-04-29,20:00:00,1.19737,1.20051,1.19666,1.20038,0,0
2015-04-29,21:00:00,1.20066,1.20369,1.19815,1.20146,0,0
2015-04-29,22:00:00,1.20125,1.20233,1.20068,1.20233,0,0
2015-04-29,23:00:00,1.20228,1.20228,1.20076,1.20185,0,0
2015-04-29,23:59:00,1.20205,1.20217,1.20038,1.20181,0,0
2015-04-30,01:00:00,1.20188,1.20188,1.20146,1.20167,0,0
2015-04-30,02:00:00,1.20153,1.20228,1.20146,1.20213,0,0
2015-04-30,03:00:00,1.20215,1.20215,1.2011,1.20145,0,0
2015-04-30,04:00:00,1.20144,1.20273,1.20102,1.20252,0,0
2015-04-30,05:00:00,1.20252,1.20371,1.20252,1.20289,0,0
2015-04-30,06:00:00,1.20297,1.20349,1.20272,1.20286,0,0
2015-04-30,07:00:00,1.20287,1.20323,1.20208,1.20263,0,0
2015-04-30,08:00:00,1.20263,1.20371,1.20239,1.20326,0,0
2015-04-30,09:00:00,1.20298,1.20381,1.20237,1.20328,0,0
2015-04-30,10:00:00,1.2033,1.20564,1.19975,1.20075,0,0
2015-04-30,11:00:00,1.20083,1.20343,1.19974,1.20266,0,0
2015-04-30,12:00:00,1.20253,1.20456,1.20239,1.20438,0,0
2015-04-30,13:00:00,1.2044,1.20524,1.20323,1.2041,0,0
2015-04-30,14:00:00,1.20411,1.20492,1.20307,1.20337,0,0
2015-04-30,15:00:00,1.20337,1.20468,1.20029,1.20392,0,0
2015-04-30,16:00:00,1.20397,1.20743,1.2037,1.20666,0,0
2015-04-30,17:00:00,1.20653,1.21134,1.20513,1.21123,0,0
2015-04-30,18:00:00,1.21126,1.21312,1.20978,1.21176,0,0
2015-04-30,19:00:00,1.21169,1.21214,1.20906,1.20913,0,0
2015-04-30,20:00:00,1.20913,1.21099,1.20879,1.2094,0,0
2015-04-30,21:00:00,1.20952,1.2097,1.20852,1.20882,0,0
2015-04-30,22:00:00,1.20891,1.21109,1.20598,1.20619,0,0
2015-04-30,23:00:00,1.20647,1.20755,1.20574,1.20755,0,0
2015-04-30,23:59:00,1.20768,1.20768,1.20641,1.20702,0,0
2015-05-01,01:00:00,1.20699,1.20801,1.20694,1.208,0,0
2015-05-01,02:00:00,1.208,1.20816,1.20723,1.2079,0,0
2015-05-01,03:00:00,1.2079,1.20933,1.20784,1.20875,0,0
2015-05-01,04:00:00,1.20875,1.2096,1.20837,1.20959,0,0
2015-05-01,05:00:00,1.20959,1.21018,1.20898,1.20916,0,0
2015-05-01,06:00:00,1.20916,1.20933,1.20898,1.20913,0,0
2015-05-01,07:00:00,1.20912,1.20933,1.20868,1.20871,0,0
2015-05-01,08:00:00,1.20872,1.20913,1.20852,1.20868,0,0
2015-05-01,09:00:00,1.20868,1.20905,1.20805,1.20834,0,0
2015-05-01,10:00:00,1.20834,1.21001,1.20795,1.20838,0,0
2015-05-01,11:00:00,1.20841,1.20987,1.20764,1.20956,0,0
2015-05-01,12:00:00,1.20954,1.21032,1.20789,1.2094,0,0
2015-05-01,13:00:00,1.2094,1.21074,1.20872,1.20972,0,0
2015-05-01,14:00:00,1.20974,1.21075,1.20916,1.21075,0,0
2015-05-01,15:00:00,1.21076,1.21482,1.21044,1.2128,0,0
2015-05-01,16:00:00,1.21277,1.21635,1.21133,1.21399,0,0
2015-05-01,17:00:00,1.21399,1.22045,1.21378,1.21631,0,0
2015-05-01,18:00:00,1.21625,1.21914,1.21566,1.21914,0,0
2015-05-01,19:00:00,1.2192,1.21963,1.21706,1.21806,0,0
2015-05-01,20:00:00,1.21808,1.21814,1.21583,1.21636,0,0
2015-05-01,21:00:00,1.21636,1.21759,1.2153,1.21709,0,0
2015-05-01,22:00:00,1.2171,1.21787,1.21549,1.21581,0,0
2015-05-01,23:00:00,1.21583,1.21614,1.21577,1.21595,0,0
2015-05-04,01:00:00,1.21631,1.2169,1.21556,1.21644,0,0
2015-05-04,02:00:00,1.21644,1.21688,1.21577,1.21634,0,0
2015-05-04,03:00:00,1.21634,1.21787,1.216,1.21711,0,0
2015-05-04,04:00:00,1.21711,1.21781,1.21672,1.2174,0,0
2015-05-04,05:00:00,1.2174,1.21806,1.21725,1.21756,0,0
2015-05-04,06:00:00,1.21756,1.21774,1.2171,1.21725,0,0
2015-05-04,07:00:00,1.21725,1.21757,1.21682,1.21699,0,0
2015-05-04,08:00:00,1.21699,1.21706,1.21596,1.21637,0,0
2015-05-04,09:00:00,1.21637,1.21669,1.21508,1.21666,0,0
2015-05-04,10:00:00,1.21665,1.21744,1.2153,1.21604,0,0
2015-05-04,11:00:00,1.21624,1.21624,1.21422,1.21442,0,0
2015-05-04,12:00:00,1.21442,1.21442,1.21235,1.2134,0,0
2015-05-04,13:00:00,1.21339,1.21406,1.21235,1.21245,0,0
2015-05-04,14:00:00,1.21243,1.21299,1.21092,1.21296,0,0
2015-05-04,15:00:00,1.21299,1.21345,1.20906,1.20925,0,0
2015-05-04,16:00:00,1.20926,1.21223,1.20918,1.21157,0,0
2015-05-04,17:00:00,1.21149,1.21259,1.20956,1.21153,0,0
2015-05-04,18:00:00,1.21147,1.21208,1.21051,1.21086,0,0
2015-05-04,19:00:00,1.21085,1.21148,1.21021,1.21108,0,0
2015-05-04,20:00:00,1.21107,1.21164,1.21078,1.2108,0,0
2015-05-04,21:00:00,1.2108,1.21164,1.20997,1.20998,0,0
2015-05-04,22:00:00,1.21001,1.21028,1.20906,1.20926,0,0
2015-05-04,23:00:00,1.20925,1.20971,1.20879,1.20954,0,0
2015-05-04,23:59:00,1.20943,1.20967,1.20895,1.20899,0,0
2015-05-05,01:00:00,1.20899,1.20971,1.20896,1.2094,0,0
2015-05-05,02:00:00,1.20943,1.2098,1.20911,1.20931,0,0
2015-05-05,03:00:00,1.20931,1.21067,1.20925,1.21054,0,0
2015-05-05,04:00:00,1.21053,1.21092,1.21026,1.21081,0,0
2015-05-05,05:00:00,1.21081,1.21135,1.21076,1.21123,0,0
2015-05-05,06:00:00,1.21123,1.2117,1.21099,1.21149,0,0
2015-05-05,07:00:00,1.21149,1.21215,1.21055,1.21163,0,0
2015-05-05,08:00:00,1.21163,1.21189,1.21074,1.2118,0,0
2015-05-05,09:00:00,1.21177,1.21317,1.21085,1.21258,0,0
2015-05-05,10:00:00,1.21264,1.2127,1.21122,1.2114,0,0
2015-05-05,11:00:00,1.21139,1.21242,1.21072,1.2115,0,0
2015-05-05,12:00:00,1.2115,1.21201,1.2093,1.2096,0,0
2015-05-05,13:00:00,1.20961,1.20974,1.20897,1.20947,0,0
2015-05-05,14:00:00,1.20947,1.21,1.20823,1.20875,0,0
2015-05-05,15:00:00,1.20877,1.21137,1.20477,1.20533,0,0
2015-05-05,16:00:00,1.20545,1.20639,1.20303,1.20371,0,0
2015-05-05,17:00:00,1.20362,1.20594,1.20025,1.20052,0,0
2015-05-05,18:00:00,1.20045,1.20455,1.20041,1.20394,0,0
2015-05-05,19:00:00,1.20392,1.20392,1.20275,1.20377,0,0
2015-05-05,20:00:00,1.20377,1.20567,1.20319,1.20492,0,0
2015-05-05,21:00:00,1.20492,1.20709,1.20478,1.20699,0,0
2015-05-05,22:00:00,1.20696,1.2077,1.20674,1.20702,0,0
2015-05-05,23:00:00,1.20724,1.20774,1.20662,1.20685,0,0
2015-05-05,23:59:00,1.20696,1.20726,1.20605,1.20703,0,0
2015-05-06,01:00:00,1.20703,1.20811,1.20672,1.20801,0,0
2015-05-06,02:00:00,1.20802,1.20838,1.2071,1.20756,0,0
2015-05-06,03:00:00,1.20757,1.20876,1.20714,1.20844,0,0
2015-05-06,04:00:00,1.20844,1.2087,1.20645,1.20649,0,0
2015-05-06,05:00:00,1.20646,1.20721,1.20432,1.20463,0,0
2015-05-06,06:00:00,1.20463,1.20509,1.20346,1.20348,0,0
2015-05-06,07:00:00,1.20347,1.20428,1.20308,1.20343,0,0
2015-05-06,08:00:00,1.20338,1.20438,1.20335,1.20435,0,0
2015-05-06,09:00:00,1.20435,1.20464,1.2031,1.2035,0,0
2015-05-06,10:00:00,1.20348,1.20525,1.20316,1.20353,0,0
2015-05-06,11:00:00,1.20337,1.20407,1.20267,1.20267,0,0
2015-05-06,12:00:00,1.20266,1.20368,1.20187,1.20364,0,0
2015-05-06,13:00:00,1.20364,1.20391,1.20199,1.20286,0,0
2015-05-06,14:00:00,1.20283,1.20343,1.20113,1.20201,0,0
2015-05-06,15:00:00,1.20204,1.20228,1.1986,1.2006,0,0
2015-05-06,16:00:00,1.20058,1.20164,1.19846,1.1991,0,0
2015-05-06,17:00:00,1.19947,1.19947,1.19425,1.19679,0,0
2015-05-06,18:00:00,1.19687,1.20084,1.19664,1.20077,0,0
2015-05-06,19:00:00,1.2008,1.20445,1.2008,1.2035,0,0
2015-05-06,20:00:00,1.20327,1.20456,1.20313,1.20408,0,0
2015-05-06,21:00:00,1.20409,1.20526,1.20288,1.20458,0,0
2015-05-06,22:00:00,1.20464,1.20476,1.20384,1.20405,0,0
2015-05-06,23:00:00,1.20411,1.20472,1.20326,1.20472,0,0
2015-05-06,23:59:00,1.20472,1.20472,1.20377,1.20435,0,0
2015-05-07,01:00:00,1.2043,1.20438,1.20367,1.20391,0,0
2015-05-07,02:00:00,1.2039,1.20422,1.20321,1.20422,0,0
2015-05-07,03:00:00,1.20422,1.20497,1.20377,1.20495,0,0
2015-05-07,04:00:00,1.20496,1.2056,1.20424,1.20526,0,0
2015-05-07,05:00:00,1.20533,1.20548,1.20449,1.20465,0,0
2015-05-07,06:00:00,1.20465,1.20465,1.20385,1.20437,0,0
2015-05-07,07:00:00,1.20435,1.20469,1.20401,1.2043,0,0
2015-05-07,08:00:00,1.20432,1.20457,1.20354,1.20438,0,0
2015-05-07,09:00:00,1.20438,1.20572,1.20391,1.20567,0,0
2015-05-07,10:00:00,1.20572,1.20701,1.20456,1.20659,0,0
2015-05-07,11:00:00,1.20662,1.20834,1.20652,1.2071,0,0
2015-05-07,12:00:00,1.20701,1.20858,1.20654,1.20655,0,0
2015-05-07,13:00:00,1.20655,1.20775,1.2054,1.20697,0,0
2015-05-07,14:00:00,1.207,1.2096,1.20627,1.20848,0,0
2015-05-07,15:00:00,1.20846,1.20913,1.20655,1.20785,0,0
2015-05-07,16:00:00,1.20773,1.21269,1.20704,1.21255,0,0
2015-05-07,17:00:00,1.21245,1.21574,1.21231,1.21506,0,0
2015-05-07,18:00:00,1.21505,1.21577,1.21368,1.21404,0,0
2015-05-07,19:00:00,1.21398,1.21533,1.21372,1.21515,0,0
2015-05-07,20:00:00,1.21516,1.21629,1.21447,1.2155,0,0
2015-05-07,21:00:00,1.2155,1.21615,1.21305,1.2136,0,0
2015-05-07,22:00:00,1.21363,1.21373,1.21184,1.21207,0,0
2015-05-07,23:00:00,1.21202,1.21344,1.21135,1.21306,0,0
2015-05-07,23:59:00,1.21333,1.21333,1.21001,1.21114,0,0
2015-05-08,01:00:00,1.21114,1.21135,1.21025,1.2109,0,0
2015-05-08,02:00:00,1.21089,1.21112,1.21002,1.21062,0,0
2015-05-08,03:00:00,1.21061,1.21109,1.21024,1.21073,0,0
2015-05-08,04:00:00,1.21072,1.21109,1.21026,1.21035,0,0
2015-05-08,05:00:00,1.21036,1.21116,1.20952,1.21059,0,0
2015-05-08,06:00:00,1.2106,1.21164,1.21053,1.21135,0,0
2015-05-08,07:00:00,1.21134,1.21181,1.20995,1.21054,0,0
2015-05-08,08:00:00,1.21054,1.21189,1.20987,1.2118,0,0
2015-05-08,09:00:00,1.21187,1.21211,1.21054,1.21055,0,0
2015-05-08,10:00:00,1.21072,1.2111,1.20972,1.21039,0,0
2015-05-08,11:00:00,1.21041,1.21082,1.20954,1.20954,0,0
2015-05-08,12:00:00,1.20953,1.21055,1.20884,1.20967,0,0
2015-05-08,13:00:00,1.20967,1.21079,1.20884,1.21069,0,0
2015-05-08,14:00:00,1.21069,1.21183,1.20956,1.21183,0,0
2015-05-08,15:00:00,1.21177,1.21434,1.20465,1.20884,0,0
2015-05-08,16:00:00,1.20899,1.21228,1.20676,1.21112,0,0
2015-05-08,17:00:00,1.21127,1.21455,1.21127,1.21333,0,0
2015-05-08,18:00:00,1.21347,1.2137,1.20818,1.2087,0,0
2015-05-08,19:00:00,1.2087,1.20946,1.20836,1.20944,0,0
2015-05-08,20:00:00,1.20946,1.20988,1.20647,1.20765,0,0
2015-05-08,21:00:00,1.20767,1.21014,1.20764,1.20951,0,0
2015-05-08,22:00:00,1.20905,1.20944,1.20856,1.20877,0,0
2015-05-08,23:00:00,1.20877,1.20877,1.20877,1.20877,0,0
2015-05-11,01:00:00,1.20878,1.2094,1.20852,1.20933,0,0
2015-05-11,02:00:00,1.20933,1.20952,1.20877,1.20904,0,0
2015-05-11,03:00:00,1.20904,1.20985,1.20816,1.20985,0,0
2015-05-11,04:00:00,1.20985,1.21069,1.20951,1.20991,0,0
2015-05-11,05:00:00,1.20991,1.21182,1.20974,1.2116,0,0
2015-05-11,06:00:00,1.2116,1.21307,1.21157,1.21261,0,0
2015-05-11,07:00:00,1.21261,1.21296,1.21236,1.21243,0,0
2015-05-11,08:00:00,1.21243,1.21334,1.212,1.21296,0,0
2015-05-11,09:00:00,1.21294,1.21335,1.21127,1.21136,0,0
2015-05-11,10:00:00,1.21142,1.21372,1.21123,1.21273,0,0
2015-05-11,11:00:00,1.21277,1.21375,1.21263,1.21339,0,0
2015-05-11,12:00:00,1.21343,1.21443,1.21311,1.21427,0,0
2015-05-11,13:00:00,1.21415,1.21428,1.21252,1.21268,0,0
2015-05-11,14:00:00,1.2127,1.21284,1.21106,1.21149,0,0
2015-05-11,15:00:00,1.21144,1.21187,1.20886,1.20977,0,0
2015-05-11,16:00:00,1.20978,1.21017,1.20723,1.20757,0,0
2015-05-11,17:00:00,1.2075,1.20851,1.20652,1.20851,0,0
2015-05-11,18:00:00,1.20872,1.21135,1.20733,1.21069,0,0
2015-05-11,19:00:00,1.21073,1.21114,1.20926,1.21035,0,0
2015-05-11,20:00:00,1.21039,1.21039,1.20869,1.20879,0,0
2015-05-11,21:00:00,1.20879,1.20987,1.20807,1.20954,0,0
2015-05-11,22:00:00,1.20954,1.21108,1.20937,1.21093,0,0
2015-05-11,23:00:00,1.21094,1.21096,1.20953,1.21005,0,0
2015-05-11,23:59:00,1.21035,1.21035,1.20947,1.20979,0,0
2015-05-12,01:00:00,1.20984,1.20992,1.20954,1.20992,0,0
2015-05-12,02:00:00,1.20991,1.21026,1.20953,1.20956,0,0
2015-05-12,03:00:00,1.20957,1.21073,1.20954,1.21048,0,0
2015-05-12,04:00:00,1.21047,1.21067,1.20987,1.20987,0,0
2015-05-12,05:00:00,1.20983,1.21001,1.2087,1.20909,0,0
2015-05-12,06:00:00,1.20909,1.20947,1.2088,1.20929,0,0
2015-05-12,07:00:00,1.20929,1.20945,1.20866,1.20893,0,0
2015-05-12,08:00:00,1.20893,1.20945,1.20821,1.20917,0,0
2015-05-12,09:00:00,1.20919,1.21028,1.20851,1.20882,0,0
2015-05-12,10:00:00,1.20886,1.20916,1.20715,1.20767,0,0
2015-05-12,11:00:00,1.20764,1.20843,1.2059,1.2059,0,0
2015-05-12,12:00:00,1.2059,1.20642,1.20472,1.20472,0,0
2015-05-12,13:00:00,1.20472,1.2049,1.2033,1.20364,0,0
2015-05-12,14:00:00,1.20375,1.20472,1.20252,1.20441,0,0
2015-05-12,15:00:00,1.20425,1.20513,1.20283,1.20289,0,0
2015-05-12,16:00:00,1.20304,1.20608,1.20265,1.2034,0,0
2015-05-12,17:00:00,1.20344,1.2035,1.19934,1.19934,0,0
2015-05-12,18:00:00,1.19964,1.20064,1.1984,1.19885,0,0
2015-05-12,19:00:00,1.19876,1.19971,1.19794,1.19798,0,0
2015-05-12,20:00:00,1.19795,1.20016,1.19788,1.19957,0,0
2015-05-12,21:00:00,1.19956,1.20059,1.19908,1.19956,0,0
2015-05-12,22:00:00,1.19956,1.20173,1.19956,1.20045,0,0
2015-05-12,23:00:00,1.20158,1.20232,1.20045,1.20186,0,0
2015-05-12,23:59:00,1.20187,1.2021,1.2003,1.2003,0,0
2015-05-13,01:00:00,1.2003,1.20093,1.20025,1.2008,0,0
2015-05-13,02:00:00,1.2008,1.20087,1.20029,1.20064,0,0
2015-05-13,03:00:00,1.20064,1.20114,1.19979,1.20071,0,0
2015-05-13,04:00:00,1.20071,1.20175,1.20028,1.20155,0,0
2015-05-13,05:00:00,1.20158,1.20207,1.20093,1.20153,0,0
2015-05-13,06:00:00,1.20153,1.20199,1.20078,1.20187,0,0
2015-05-13,07:00:00,1.20187,1.20214,1.20139,1.20205,0,0
2015-05-13,08:00:00,1.20201,1.20236,1.20171,1.20232,0,0
2015-05-13,09:00:00,1.20234,1.20286,1.20153,1.20161,0,0
2015-05-13,10:00:00,1.20161,1.20199,1.1999,1.19998,0,0
2015-05-13,11:00:00,1.19998,1.20044,1.19725,1.19835,0,0
2015-05-13,12:00:00,1.19835,1.19923,1.19671,1.19734,0,0
2015-05-13,13:00:00,1.19734,1.19859,1.1971,1.19793,0,0
2015-05-13,14:00:00,1.19784,1.19784,1.197,1.19757,0,0
2015-05-13,15:00:00,1.19759,1.19795,1.19293,1.19497,0,0
2015-05-13,16:00:00,1.19503,1.19811,1.19449,1.19577,0,0
2015-05-13,17:00:00,1.19584,1.19782,1.19344,1.19774,0,0
2015-05-13,18:00:00,1.1978,1.19802,1.19455,1.1951,0,0
2015-05-13,19:00:00,1.1951,1.19576,1.19367,1.1937,0,0
2015-05-13,20:00:00,1.1937,1.19533,1.19313,1.19485,0,0
2015-05-13,21:00:00,1.19485,1.19733,1.19449,1.19733,0,0
2015-05-13,22:00:00,1.1972,1.1976,1.19665,1.19665,0,0
2015-05-13,23:00:00,1.19666,1.19682,1.1958,1.19581,0,0
2015-05-13,23:59:00,1.19574,1.19622,1.19557,1.19591,0,0
2015-05-14,01:00:00,1.1959,1.19596,1.19516,1.19523,0,0
2015-05-14,02:00:00,1.19528,1.19601,1.19528,1.19567,0,0
2015-05-14,03:00:00,1.19569,1.19628,1.1953,1.19587,0,0
2015-05-14,04:00:00,1.19585,1.19585,1.19415,1.19439,0,0
2015-05-14,05:00:00,1.19415,1.19543,1.19381,1.1953,0,0
2015-05-14,06:00:00,1.19544,1.19546,1.19338,1.1936,0,0
2015-05-14,07:00:00,1.19358,1.19364,1.19264,1.19343,0,0
2015-05-14,08:00:00,1.19341,1.19388,1.19253,1.19256,0,0
2015-05-14,09:00:00,1.19268,1.19368,1.19201,1.1931,0,0
2015-05-14,10:00:00,1.1931,1.19605,1.19225,1.19551,0,0
2015-05-14,11:00:00,1.19553,1.19658,1.19472,1.19565,0,0
2015-05-14,12:00:00,1.19564,1.19574,1.19325,1.194,0,0
2015-05-14,13:00:00,1.19399,1.1953,1.19386,1.19467,0,0
2015-05-14,14:00:00,1.19476,1.19596,1.19458,1.19462,0,0
2015-05-14,15:00:00,1.19465,1.19704,1.19339,1.1934,0,0
2015-05-14,16:00:00,1.19357,1.19472,1.19257,1.19304,0,0
2015-05-14,17:00:00,1.19302,1.19733,1.19266,1.19625,0,0
2015-05-14,18:00:00,1.19638,1.20053,1.19537,1.19924,0,0
2015-05-14,19:00:00,1.19922,1.20029,1.19881,1.20011,0,0
2015-05-14,20:00:00,1.20011,1.20062,1.19896,1.19941,0,0
2015-05-14,21:00:00,1.19943,1.19956,1.19834,1.19954,0,0
2015-05-14,22:00:00,1.19955,1.20032,1.19862,1.19977,0,0
2015-05-14,23:00:00,1.1997,1.19987,1.19827,1.19835,0,0
2015-05-14,23:59:00,1.19825,1.19933,1.19812,1.19913,0,0
2015-05-15,01:00:00,1.19901,1.19923,1.19831,1.19832,0,0
2015-05-15,02:00:00,1.19833,1.19885,1.19819,1.19853,0,0
2015-05-15,03:00:00,1.19852,1.19964,1.19801,1.19903,0,0
2015-05-15,04:00:00,1.19923,1.19998,1.19889,1.19994,0,0
2015-05-15,05:00:00,1.19994,1.20056,1.19977,1.20009,0,0
2015-05-15,06:00:00,1.20008,1.20011,1.19916,1.19921,0,0
2015-05-15,07:00:00,1.19921,1.19949,1.19903,1.19949,0,0
2015-05-15,08:00:00,1.1995,1.2006,1.19933,1.20051,0,0
2015-05-15,09:00:00,1.20038,1.20062,1.19862,1.19875,0,0
2015-05-15,10:00:00,1.19866,1.19998,1.19866,1.19977,0,0
2015-05-15,11:00:00,1.1998,1.20167,1.1998,1.20109,0,0
2015-05-15,12:00:00,1.2012,1.20163,1.20089,1.20132,0,0
2015-05-15,13:00:00,1.20131,1.20269,1.2009,1.20267,0,0
2015-05-15,14:00:00,1.20268,1.20327,1.2016,1.20327,0,0
2015-05-15,15:00:00,1.20329,1.20544,1.20186,1.20459,0,0
2015-05-15,16:00:00,1.20441,1.20669,1.20341,1.20516,0,0
2015-05-15,17:00:00,1.20499,1.20499,1.1993,1.20097,0,0
2015-05-15,18:00:00,1.2007,1.20329,1.20004,1.20093,0,0
2015-05-15,19:00:00,1.20096,1.20292,1.20072,1.20292,0,0
2015-05-15,20:00:00,1.20299,1.20441,1.20227,1.20294,0,0
2015-05-15,21:00:00,1.20282,1.20384,1.20093,1.20098,0,0
2015-05-15,22:00:00,1.20096,1.20253,1.20086,1.20208,0,0
2015-05-15,23:00:00,1.20211,1.20228,1.20211,1.20226,0,0
2015-05-18,01:00:00,1.20175,1.20261,1.20174,1.20208,0,0
2015-05-18,02:00:00,1.20208,1.20231,1.20127,1.20152,0,0
2015-05-18,03:00:00,1.20152,1.20364,1.2015,1.20323,0,0
2015-05-18,04:00:00,1.20323,1.20469,1.20295,1.20465,0,0
2015-05-18,05:00:00,1.20468,1.20478,1.20392,1.20431,0,0
2015-05-18,06:00:00,1.20429,1.20432,1.20377,1.20395,0,0
2015-05-18,07:00:00,1.20395,1.20409,1.20303,1.20321,0,0
2015-05-18,08:00:00,1.20321,1.20357,1.20232,1.20232,0,0
2015-05-18,09:00:00,1.20235,1.20296,1.20192,1.20296,0,0
2015-05-18,10:00:00,1.20309,1.20483,1.20262,1.20459,0,0
2015-05-18,11:00:00,1.20464,1.20545,1.20395,1.20434,0,0
2015-05-18,12:00:00,1.20434,1.20506,1.2038,1.20437,0,0
2015-05-18,13:00:00,1.20468,1.2057,1.20409,1.20526,0,0
2015-05-18,14:00:00,1.20526,1.20612,1.20496,1.2055,0,0
2015-05-18,15:00:00,1.2055,1.20809,1.2052,1.20809,0,0
2015-05-18,16:00:00,1.20818,1.21326,1.20818,1.21258,0,0
2015-05-18,17:00:00,1.21253,1.21352,1.211,1.21306,0,0
2015-05-18,18:00:00,1.21292,1.21596,1.2128,1.21499,0,0
2015-05-18,19:00:00,1.215,1.21638,1.21411,1.21431,0,0
2015-05-18,20:00:00,1.21439,1.21564,1.21394,1.21505,0,0
2015-05-18,21:00:00,1.21505,1.21657,1.21489,1.21635,0,0
2015-05-18,22:00:00,1.21678,1.21713,1.21581,1.21643,0,0
2015-05-18,23:00:00,1.21645,1.2165,1.21595,1.21595,0,0
2015-05-18,23:59:00,1.21602,1.21648,1.2155,1.21563,0,0
2015-05-19,01:00:00,1.21562,1.21605,1.21519,1.2153,0,0
2015-05-19,02:00:00,1.2153,1.21543,1.21458,1.21461,0,0
2015-05-19,03:00:00,1.21461,1.21659,1.21461,1.21623,0,0
2015-05-19,04:00:00,1.21611,1.21713,1.21581,1.21672,0,0
2015-05-19,05:00:00,1.21683,1.21686,1.21435,1.21476,0,0
2015-05-19,06:00:00,1.21476,1.21505,1.21391,1.21392,0,0
2015-05-19,07:00:00,1.21367,1.21419,1.21311,1.2136,0,0
2015-05-19,08:00:00,1.2136,1.21391,1.21299,1.2133,0,0
2015-05-19,09:00:00,1.2133,1.21563,1.21329,1.21465,0,0
2015-05-19,10:00:00,1.21452,1.21822,1.21425,1.21713,0,0
2015-05-19,11:00:00,1.21712,1.21865,1.21617,1.21805,0,0
2015-05-19,12:00:00,1.21814,1.21983,1.2177,1.21829,0,0
2015-05-19,13:00:00,1.21828,1.21907,1.21722,1.21744,0,0
2015-05-19,14:00:00,1.21741,1.21792,1.21624,1.2174,0,0
2015-05-19,15:00:00,1.21729,1.22215,1.21711,1.22172,0,0
2015-05-19,16:00:00,1.22174,1.22418,1.22045,1.2233,0,0
2015-05-19,17:00:00,1.2235,1.22499,1.22332,1.22441,0,0
2015-05-19,18:00:00,1.22451,1.22472,1.22113,1.22126,0,0
2015-05-19,19:00:00,1.22133,1.22289,1.22052,1.22234,0,0
2015-05-19,20:00:00,1.2226,1.22387,1.22256,1.2228,0,0
2015-05-19,21:00:00,1.22282,1.22329,1.22174,1.22204,0,0
2015-05-19,22:00:00,1.22212,1.22339,1.22204,1.22322,0,0
2015-05-19,23:00:00,1.22324,1.22343,1.22241,1.22326,0,0
2015-05-19,23:59:00,1.22322,1.22322,1.22275,1.22293,0,0
2015-05-20,01:00:00,1.22293,1.22316,1.22269,1.22299,0,0
2015-05-20,02:00:00,1.223,1.22322,1.22272,1.22289,0,0
2015-05-20,03:00:00,1.22289,1.22462,1.22285,1.2237,0,0
2015-05-20,04:00:00,1.2237,1.22434,1.22248,1.22266,0,0
2015-05-20,05:00:00,1.22267,1.22268,1.2219,1.22238,0,0
2015-05-20,06:00:00,1.2224,1.22242,1.22167,1.22227,0,0
2015-05-20,07:00:00,1.22227,1.22283,1.22187,1.22282,0,0
2015-05-20,08:00:00,1.22285,1.22377,1.22218,1.22377,0,0
2015-05-20,09:00:00,1.22384,1.2256,1.2232,1.22397,0,0
2015-05-20,10:00:00,1.22397,1.22443,1.22301,1.2233,0,0
2015-05-20,11:00:00,1.2233,1.22356,1.22235,1.22272,0,0
2015-05-20,12:00:00,1.22265,1.22465,1.22265,1.2237,0,0
2015-05-20,13:00:00,1.22373,1.22419,1.22147,1.22348,0,0
2015-05-20,14:00:00,1.22349,1.22349,1.22095,1.22104,0,0
2015-05-20,15:00:00,1.22104,1.22225,1.21962,1.22035,0,0
2015-05-20,16:00:00,1.22038,1.22322,1.22004,1.223,0,0
2015-05-20,17:00:00,1.22297,1.22462,1.22227,1.22238,0,0
2015-05-20,18:00:00,1.22239,1.22287,1.22078,1.22089,0,0
2015-05-20,19:00:00,1.22113,1.22274,1.22038,1.22052,0,0
2015-05-20,20:00:00,1.22053,1.22156,1.21862,1.21909,0,0
2015-05-20,21:00:00,1.21909,1.22214,1.217,1.21909,0,0
2015-05-20,22:00:00,1.21899,1.22009,1.21794,1.21957,0,0
2015-05-20,23:00:00,1.21957,1.22099,1.21943,1.22085,0,0
2015-05-20,23:59:00,1.22072,1.22117,1.21963,1.22068,0,0
2015-05-21,01:00:00,1.22068,1.22097,1.22001,1.22025,0,0
2015-05-21,02:00:00,1.22025,1.22079,1.22017,1.22077,0,0
2015-05-21,03:00:00,1.22077,1.22077,1.21916,1.21951,0,0
2015-05-21,04:00:00,1.2195,1.22014,1.21934,1.22,0,0
2015-05-21,05:00:00,1.22,1.22,1.2186,1.21907,0,0
2015-05-21,06:00:00,1.21907,1.21967,1.21895,1.21948,0,0
2015-05-21,07:00:00,1.21949,1.2195,1.21867,1.2189,0,0
2015-05-21,08:00:00,1.21878,1.21937,1.21847,1.21922,0,0
2015-05-21,09:00:00,1.21923,1.2201,1.21849,1.21859,0,0
2015-05-21,10:00:00,1.21858,1.21953,1.21774,1.21895,0,0
2015-05-21,11:00:00,1.21895,1.21941,1.21716,1.21716,0,0
2015-05-21,12:00:00,1.21725,1.21954,1.21725,1.2195,0,0
2015-05-21,13:00:00,1.21955,1.22031,1.21893,1.21984,0,0
2015-05-21,14:00:00,1.21987,1.22201,1.21978,1.2216,0,0
2015-05-21,15:00:00,1.2216,1.22415,1.22103,1.22354,0,0
2015-05-21,16:00:00,1.22355,1.22422,1.22126,1.22369,0,0
2015-05-21,17:00:00,1.22367,1.22378,1.22126,1.22175,0,0
2015-05-21,18:00:00,1.2218,1.2218,1.21886,1.22027,0,0
2015-05-21,19:00:00,1.22025,1.22064,1.21946,1.21974,0,0
2015-05-21,20:00:00,1.21983,1.22076,1.21934,1.22065,0,0
2015-05-21,21:00:00,1.22065,1.22065,1.21977,1.22031,0,0
2015-05-21,22:00:00,1.22031,1.22137,1.22031,1.22083,0,0
2015-05-21,23:00:00,1.22084,1.2211,1.21984,1.21984,0,0
2015-05-21,23:59:00,1.21995,1.22041,1.2195,1.22011,0,0
2015-05-22,01:00:00,1.22011,1.22031,1.21961,1.22024,0,0
2015-05-22,02:00:00,1.22023,1.22023,1.21967,1.21987,0,0
2015-05-22,03:00:00,1.2199,1.22001,1.21927,1.21927,0,0
2015-05-22,04:00:00,1.21927,1.21943,1.21833,1.21853,0,0
2015-05-22,05:00:00,1.21853,1.21855,1.21794,1.21806,0,0
2015-05-22,06:00:00,1.21806,1.21855,1.21753,1.21761,0,0
2015-05-22,07:00:00,1.21764,1.21853,1.21733,1.21851,0,0
2015-05-22,08:00:00,1.21841,1.21886,1.21804,1.21835,0,0
2015-05-22,09:00:00,1.21835,1.21872,1.21746,1.21832,0,0
2015-05-22,10:00:00,1.21835,1.2193,1.21801,1.21897,0,0
2015-05-22,11:00:00,1.21897,1.22018,1.21882,1.22012,0,0
2015-05-22,12:00:00,1.22014,1.22061,1.21939,1.2194,0,0
2015-05-22,13:00:00,1.21939,1.22086,1.21923,1.22065,0,0
2015-05-22,14:00:00,1.22063,1.22173,1.21984,1.22005,0,0
2015-05-22,15:00:00,1.22008,1.22689,1.21953,1.22573,0,0
2015-05-22,16:00:00,1.22565,1.22937,1.22557,1.22707,0,0
2015-05-22,17:00:00,1.227,1.22892,1.227,1.22824,0,0
2015-05-22,18:00:00,1.22823,1.2289,1.22777,1.22882,0,0
2015-05-22,19:00:00,1.22885,1.23001,1.22865,1.22986,0,0
2015-05-22,20:00:00,1.23046,1.23223,1.22947,1.23093,0,0
2015-05-22,21:00:00,1.23052,1.23184,1.22995,1.2301,0,0
2015-05-22,22:00:00,1.23019,1.2306,1.2299,1.23021,0,0
2015-05-22,23:00:00,1.23006,1.23012,1.23006,1.23012,0,0
2015-05-25,01:00:00,1.23048,1.23055,1.22821,1.22872,0,0
2015-05-25,02:00:00,1.22866,1.22993,1.22849,1.2296,0,0
2015-05-25,03:00:00,1.2296,1.23055,1.2289,1.22994,0,0
2015-05-25,04:00:00,1.22994,1.23008,1.22899,1.2296,0,0
2015-05-25,05:00:00,1.2296,1.2298,1.22884,1.22892,0,0
2015-05-25,06:00:00,1.22902,1.22958,1.22886,1.22917,0,0
2015-05-25,07:00:00,1.22917,1.22946,1.22896,1.22899,0,0
2015-05-25,08:00:00,1.22899,1.22953,1.22872,1.22885,0,0
2015-05-25,09:00:00,1.22884,1.22912,1.22776,1.22777,0,0
2015-05-25,10:00:00,1.22776,1.2295,1.2277,1.22925,0,0
2015-05-25,11:00:00,1.22926,1.23082,1.22882,1.22947,0,0
2015-05-25,12:00:00,1.22947,1.22958,1.22832,1.22885,0,0
2015-05-25,13:00:00,1.22885,1.2289,1.22757,1.22838,0,0
2015-05-25,14:00:00,1.22841,1.2291,1.22836,1.22899,0,0
2015-05-25,15:00:00,1.22899,1.23025,1.22897,1.23001,0,0
2015-05-25,16:00:00,1.23001,1.23055,1.22888,1.23035,0,0
2015-05-25,17:00:00,1.23045,1.23161,1.23021,1.23072,0,0
2015-05-25,18:00:00,1.2308,1.23088,1.22918,1.23038,0,0
2015-05-25,19:00:00,1.23038,1.23184,1.23038,1.23123,0,0
2015-05-25,20:00:00,1.2312,1.23147,1.23095,1.23143,0,0
2015-05-25,21:00:00,1.23143,1.23146,1.2309,1.23117,0,0
2015-05-25,22:00:00,1.23119,1.2313,1.23071,1.23109,0,0
2015-05-25,23:00:00,1.23113,1.2316,1.23096,1.23136,0,0
2015-05-25,23:59:00,1.23135,1.23173,1.23096,1.2311,0,0
2015-05-26,01:00:00,1.2311,1.23136,1.2309,1.23096,0,0
2015-05-26,02:00:00,1.23099,1.23194,1.23086,1.23194,0,0
2015-05-26,03:00:00,1.23193,1.23256,1.23178,1.23223,0,0
2015-05-26,04:00:00,1.23222,1.23279,1.23217,1.23249,0,0
2015-05-26,05:00:00,1.23251,1.23265,1.23094,1.23135,0,0
2015-05-26,06:00:00,1.23135,1.23159,1.23074,1.23086,0,0
2015-05-26,07:00:00,1.23086,1.23132,1.23058,1.23109,0,0
2015-05-26,08:00:00,1.23109,1.23146,1.23059,1.23089,0,0
2015-05-26,09:00:00,1.23088,1.23426,1.23075,1.23404,0,0
2015-05-26,10:00:00,1.23404,1.23467,1.23327,1.234,0,0
2015-05-26,11:00:00,1.234,1.23669,1.23399,1.23584,0,0
2015-05-26,12:00:00,1.23587,1.23648,1.23496,1.23546,0,0
2015-05-26,13:00:00,1.23543,1.23738,1.23533,1.23696,0,0
2015-05-26,14:00:00,1.23692,1.237,1.23543,1.23652,0,0
2015-05-26,15:00:00,1.23651,1.24126,1.2363,1.24038,0,0
2015-05-26,16:00:00,1.24056,1.24258,1.23927,1.24233,0,0
2015-05-26,17:00:00,1.24246,1.24479,1.24169,1.24204,0,0
2015-05-26,18:00:00,1.24198,1.24303,1.24108,1.24295,0,0
2015-05-26,19:00:00,1.24296,1.24411,1.24187,1.24308,0,0
2015-05-26,20:00:00,1.24309,1.24323,1.24207,1.24247,0,0
2015-05-26,21:00:00,1.24253,1.24315,1.24172,1.24315,0,0
2015-05-26,22:00:00,1.24336,1.24356,1.24203,1.24264,0,0
2015-05-26,23:00:00,1.24266,1.24336,1.24261,1.24336,0,0
2015-05-26,23:59:00,1.24344,1.24404,1.24274,1.24325,0,0
2015-05-27,01:00:00,1.24323,1.24356,1.2422,1.24221,0,0
2015-05-27,02:00:00,1.24221,1.24302,1.24221,1.24248,0,0
2015-05-27,03:00:00,1.24237,1.24329,1.24228,1.24268,0,0
2015-05-27,04:00:00,1.2428,1.24409,1.2426,1.24343,0,0
2015-05-27,05:00:00,1.24346,1.24389,1.24279,1.24328,0,0
2015-05-27,06:00:00,1.24329,1.24346,1.24251,1.243,0,0
2015-05-27,07:00:00,1.243,1.24328,1.24234,1.24254,0,0
2015-05-27,08:00:00,1.24255,1.24282,1.24099,1.24143,0,0
2015-05-27,09:00:00,1.24143,1.24207,1.23955,1.23976,0,0
2015-05-27,10:00:00,1.23976,1.24177,1.23976,1.24158,0,0
2015-05-27,11:00:00,1.24158,1.24261,1.24119,1.24234,0,0
2015-05-27,12:00:00,1.24234,1.24469,1.24226,1.24455,0,0
2015-05-27,13:00:00,1.24455,1.24637,1.24415,1.24499,0,0
2015-05-27,14:00:00,1.24495,1.24668,1.24278,1.24635,0,0
2015-05-27,15:00:00,1.24634,1.24843,1.24495,1.24743,0,0
2015-05-27,16:00:00,1.24746,1.24794,1.2434,1.24356,0,0
2015-05-27,17:00:00,1.24404,1.24865,1.24266,1.24804,0,0
2015-05-27,18:00:00,1.24793,1.24912,1.24682,1.24849,0,0
2015-05-27,19:00:00,1.24842,1.24918,1.24775,1.24885,0,0
2015-05-27,20:00:00,1.24886,1.24924,1.24714,1.24756,0,0
2015-05-27,21:00:00,1.24756,1.24814,1.24685,1.24705,0,0
2015-05-27,22:00:00,1.24716,1.24734,1.2457,1.24591,0,0
2015-05-27,23:00:00,1.24591,1.24652,1.24517,1.24517,0,0
2015-05-27,23:59:00,1.24517,1.24587,1.24517,1.24544,0,0
2015-05-28,01:00:00,1.24566,1.24587,1.24526,1.2454,0,0
2015-05-28,02:00:00,1.24542,1.24567,1.24538,1.24565,0,0
2015-05-28,03:00:00,1.24567,1.24622,1.24492,1.24512,0,0
2015-05-28,04:00:00,1.24512,1.24594,1.24431,1.24482,0,0
2015-05-28,05:00:00,1.24481,1.2472,1.24462,1.24689,0,0
2015-05-28,06:00:00,1.24687,1.24735,1.24607,1.24717,0,0
2015-05-28,07:00:00,1.24717,1.24761,1.24655,1.24685,0,0
2015-05-28,08:00:00,1.24685,1.24686,1.24479,1.24512,0,0
2015-05-28,09:00:00,1.24512,1.24639,1.24386,1.24451,0,0
2015-05-28,10:00:00,1.24438,1.24635,1.24438,1.24499,0,0
2015-05-28,11:00:00,1.24499,1.24749,1.24492,1.24729,0,0
2015-05-28,12:00:00,1.24729,1.24924,1.24727,1.24858,0,0
2015-05-28,13:00:00,1.24865,1.24939,1.24831,1.24888,0,0
2015-05-28,14:00:00,1.24885,1.25017,1.24791,1.24827,0,0
2015-05-28,15:00:00,1.24811,1.25126,1.24634,1.24952,0,0
2015-05-28,16:00:00,1.24951,1.25335,1.24905,1.25295,0,0
2015-05-28,17:00:00,1.253,1.25377,1.24926,1.25041,0,0
2015-05-28,18:00:00,1.25026,1.25089,1.24736,1.2474,0,0
2015-05-28,19:00:00,1.24736,1.24855,1.24476,1.24621,0,0
2015-05-28,20:00:00,1.2462,1.2462,1.24283,1.24349,0,0
2015-05-28,21:00:00,1.24354,1.24468,1.24228,1.24251,0,0
2015-05-28,22:00:00,1.24253,1.2439,1.24226,1.24341,0,0
2015-05-28,23:00:00,1.24342,1.24377,1.24293,1.24346,0,0
2015-05-28,23:59:00,1.24356,1.24377,1.24238,1.24258,0,0
2015-05-29,01:00:00,1.24262,1.24341,1.24228,1.24244,0,0
2015-05-29,02:00:00,1.24244,1.24268,1.24204,1.24251,0,0
2015-05-29,03:00:00,1.24251,1.24282,1.24164,1.24241,0,0
2015-05-29,04:00:00,1.24227,1.24288,1.24166,1.24197,0,0
2015-05-29,05:00:00,1.24199,1.24254,1.2416,1.24231,0,0
2015-05-29,06:00:00,1.24232,1.24254,1.24164,1.24211,0,0
2015-05-29,07:00:00,1.24208,1.24212,1.24111,1.24177,0,0
2015-05-29,08:00:00,1.24179,1.24253,1.24165,1.24226,0,0
2015-05-29,09:00:00,1.24225,1.24444,1.24153,1.24444,0,0
2015-05-29,10:00:00,1.24444,1.24485,1.24347,1.24411,0,0
2015-05-29,11:00:00,1.24401,1.24518,1.2436,1.24444,0,0
2015-05-29,12:00:00,1.24439,1.24465,1.24262,1.24302,0,0
2015-05-29,13:00:00,1.24303,1.24431,1.24235,1.24431,0,0
2015-05-29,14:00:00,1.24429,1.24463,1.24256,1.24351,0,0
2015-05-29,15:00:00,1.2435,1.25186,1.24316,1.25129,0,0
2015-05-29,16:00:00,1.25107,1.25274,1.24728,1.248,0,0
2015-05-29,17:00:00,1.24811,1.25044,1.24743,1.24769,0,0
2015-05-29,18:00:00,1.24756,1.25037,1.24617,1.2463,0,0
2015-05-29,19:00:00,1.24637,1.24739,1.24605,1.24644,0,0
2015-05-29,20:00:00,1.24644,1.24708,1.24515,1.24529,0,0
2015-05-29,21:00:00,1.2453,1.24531,1.24296,1.24454,0,0
2015-05-29,22:00:00,1.24452,1.24505,1.24337,1.24344,0,0
2015-05-29,23:00:00,1.2437,1.244,1.24363,1.244,0,0
2015-06-01,01:00:00,1.24451,1.24603,1.24451,1.24581,0,0
2015-06-01,02:00:00,1.24583,1.24647,1.24553,1.2457,0,0
2015-06-01,03:00:00,1.24587,1.24707,1.24546,1.24647,0,0
2015-06-01,04:00:00,1.24658,1.24713,1.246,1.24628,0,0
2015-06-01,05:00:00,1.24644,1.24646,1.24567,1.24586,0,0
2015-06-01,06:00:00,1.24599,1.24645,1.24545,1.24583,0,0
2015-06-01,07:00:00,1.24585,1.24594,1.24485,1.24587,0,0
2015-06-01,08:00:00,1.24587,1.24647,1.24549,1.24598,0,0
2015-06-01,09:00:00,1.246,1.24667,1.24577,1.246,0,0
2015-06-01,10:00:00,1.24601,1.24837,1.24567,1.24814,0,0
2015-06-01,11:00:00,1.24824,1.24925,1.24752,1.24862,0,0
2015-06-01,12:00:00,1.24869,1.24937,1.24825,1.24847,0,0
2015-06-01,13:00:00,1.24851,1.24924,1.24829,1.24844,0,0
2015-06-01,14:00:00,1.24847,1.24899,1.24771,1.24793,0,0
2015-06-01,15:00:00,1.24808,1.25007,1.24787,1.24976,0,0
2015-06-01,16:00:00,1.24946,1.25021,1.24647,1.24803,0,0
2015-06-01,17:00:00,1.24817,1.25459,1.24817,1.25437,0,0
2015-06-01,18:00:00,1.25433,1.25631,1.25431,1.25482,0,0
2015-06-01,19:00:00,1.25482,1.256,1.25455,1.25515,0,0
2015-06-01,20:00:00,1.25506,1.25536,1.25373,1.25439,0,0
2015-06-01,21:00:00,1.25441,1.25476,1.25141,1.25251,0,0
2015-06-01,22:00:00,1.25265,1.25353,1.25221,1.25346,0,0
2015-06-01,23:00:00,1.25346,1.25349,1.25213,1.25217,0,0
2015-06-01,23:59:00,1.25224,1.25278,1.2519,1.25254,0,0
2015-06-02,01:00:00,1.25265,1.25291,1.25239,1.25256,0,0
2015-06-02,02:00:00,1.25257,1.25299,1.25218,1.25258,0,0
2015-06-02,03:00:00,1.25258,1.25308,1.25225,1.25271,0,0
2015-06-02,04:00:00,1.25271,1.25303,1.25236,1.2529,0,0
2015-06-02,05:00:00,1.2529,1.25353,1.25221,1.25241,0,0
2015-06-02,06:00:00,1.25242,1.25242,1.25163,1.25194,0,0
2015-06-02,07:00:00,1.25194,1.25277,1.25091,1.25116,0,0
2015-06-02,08:00:00,1.25114,1.25167,1.25025,1.25041,0,0
2015-06-02,09:00:00,1.2504,1.25169,1.24973,1.25028,0,0
2015-06-02,10:00:00,1.25028,1.25102,1.24912,1.25088,0,0
2015-06-02,11:00:00,1.25101,1.25121,1.24944,1.25121,0,0
2015-06-02,12:00:00,1.25123,1.25311,1.25014,1.25231,0,0
2015-06-02,13:00:00,1.25236,1.2531,1.25127,1.25231,0,0
2015-06-02,14:00:00,1.25231,1.25292,1.24964,1.2504,0,0
2015-06-02,15:00:00,1.25039,1.25102,1.24902,1.25027,0,0
2015-06-02,16:00:00,1.25028,1.25028,1.24344,1.24492,0,0
2015-06-02,17:00:00,1.24486,1.24584,1.24309,1.24424,0,0
2015-06-02,18:00:00,1.24428,1.24547,1.24229,1.24234,0,0
2015-06-02,19:00:00,1.24244,1.2426,1.23682,1.23862,0,0
2015-06-02,20:00:00,1.23856,1.23936,1.23767,1.23855,0,0
2015-06-02,21:00:00,1.23854,1.24085,1.23854,1.23998,0,0
2015-06-02,22:00:00,1.23967,1.24161,1.23967,1.24079,0,0
2015-06-02,23:00:00,1.24082,1.24104,1.24009,1.24014,0,0
2015-06-02,23:59:00,1.24018,1.24092,1.24001,1.24045,0,0
2015-06-03,01:00:00,1.24043,1.24147,1.24035,1.24105,0,0
2015-06-03,02:00:00,1.24105,1.24164,1.24077,1.24163,0,0
2015-06-03,03:00:00,1.24165,1.24201,1.24133,1.24166,0,0
2015-06-03,04:00:00,1.24167,1.24167,1.23858,1.23862,0,0
2015-06-03,05:00:00,1.23862,1.23983,1.23855,1.23966,0,0
2015-06-03,06:00:00,1.23966,1.24056,1.23936,1.23988,0,0
2015-06-03,07:00:00,1.23996,1.24001,1.23919,1.23995,0,0
2015-06-03,08:00:00,1.23997,1.24001,1.23855,1.23926,0,0
2015-06-03,09:00:00,1.23925,1.24036,1.23871,1.23942,0,0
2015-06-03,10:00:00,1.23945,1.24188,1.23945,1.24134,0,0
2015-06-03,11:00:00,1.24134,1.24396,1.24103,1.2435,0,0
2015-06-03,12:00:00,1.24349,1.24601,1.243,1.24583,0,0
2015-06-03,13:00:00,1.24581,1.24605,1.24415,1.24522,0,0
2015-06-03,14:00:00,1.24524,1.24539,1.243,1.2439,0,0
2015-06-03,15:00:00,1.2439,1.25094,1.24371,1.24976,0,0
2015-06-03,16:00:00,1.24974,1.25005,1.24516,1.24586,0,0
2015-06-03,17:00:00,1.24518,1.24518,1.24118,1.24465,0,0
2015-06-03,18:00:00,1.24472,1.24504,1.24285,1.24373,0,0
2015-06-03,19:00:00,1.24382,1.24635,1.24339,1.24527,0,0
2015-06-03,20:00:00,1.24525,1.24727,1.24511,1.24634,0,0
2015-06-03,21:00:00,1.24635,1.24662,1.24546,1.24573,0,0
2015-06-03,22:00:00,1.24588,1.24619,1.24492,1.24533,0,0
2015-06-03,23:00:00,1.24525,1.24559,1.24471,1.24517,0,0
2015-06-03,23:59:00,1.2451,1.2457,1.24475,1.24522,0,0
2015-06-04,01:00:00,1.24519,1.24594,1.24511,1.2456,0,0
2015-06-04,02:00:00,1.2456,1.24607,1.24543,1.24559,0,0
2015-06-04,03:00:00,1.2456,1.24601,1.24525,1.24543,0,0
2015-06-04,04:00:00,1.24543,1.2468,1.24482,1.24607,0,0
2015-06-04,05:00:00,1.2461,1.24622,1.2451,1.2453,0,0
2015-06-04,06:00:00,1.24544,1.24576,1.24496,1.24542,0,0
2015-06-04,07:00:00,1.24544,1.24607,1.24526,1.24587,0,0
2015-06-04,08:00:00,1.24587,1.24635,1.24511,1.2462,0,0
2015-06-04,09:00:00,1.24619,1.24727,1.2456,1.24713,0,0
2015-06-04,10:00:00,1.24716,1.24842,1.24694,1.24838,0,0
2015-06-04,11:00:00,1.24838,1.24906,1.24452,1.2456,0,0
2015-06-04,12:00:00,1.24564,1.24624,1.2437,1.24434,0,0
2015-06-04,13:00:00,1.24438,1.24549,1.24404,1.24424,0,0
2015-06-04,14:00:00,1.24424,1.24519,1.24369,1.24447,0,0
2015-06-04,15:00:00,1.24431,1.24734,1.24416,1.24651,0,0
2015-06-04,16:00:00,1.24649,1.25028,1.24641,1.24888,0,0
2015-06-04,17:00:00,1.24891,1.24994,1.24607,1.24634,0,0
2015-06-04,18:00:00,1.24645,1.24895,1.24645,1.24766,0,0
2015-06-04,19:00:00,1.24775,1.24841,1.24633,1.24773,0,0
2015-06-04,20:00:00,1.24743,1.25034,1.24706,1.24908,0,0
2015-06-04,21:00:00,1.24906,1.24963,1.24821,1.24963,0,0
2015-06-04,22:00:00,1.24963,1.25037,1.24883,1.25032,0,0
2015-06-04,23:00:00,1.25035,1.25041,1.2494,1.25014,0,0
2015-06-04,23:59:00,1.25018,1.25064,1.24983,1.25055,0,0
2015-06-05,01:00:00,1.25058,1.25073,1.25007,1.25061,0,0
2015-06-05,02:00:00,1.25065,1.25073,1.2495,1.24966,0,0
2015-06-05,03:00:00,1.24967,1.2503,1.24935,1.24969,0,0
2015-06-05,04:00:00,1.24969,1.25065,1.24937,1.24967,0,0
2015-06-05,05:00:00,1.24969,1.24992,1.24933,1.2497,0,0
2015-06-05,06:00:00,1.2497,1.24978,1.24933,1.24939,0,0
2015-06-05,07:00:00,1.2494,1.24946,1.24889,1.24899,0,0
2015-06-05,08:00:00,1.24899,1.24971,1.2489,1.24905,0,0
2015-06-05,09:00:00,1.24904,1.25051,1.24848,1.24972,0,0
2015-06-05,10:00:00,1.24972,1.25237,1.24958,1.25186,0,0
2015-06-05,11:00:00,1.2519,1.25298,1.2519,1.25236,0,0
2015-06-05,12:00:00,1.2525,1.25263,1.25156,1.25248,0,0
2015-06-05,13:00:00,1.25245,1.25262,1.2515,1.25256,0,0
2015-06-05,14:00:00,1.25248,1.25268,1.24951,1.24973,0,0
2015-06-05,15:00:00,1.24978,1.25454,1.24611,1.25136,0,0
2015-06-05,16:00:00,1.25143,1.25627,1.25136,1.25278,0,0
2015-06-05,17:00:00,1.25285,1.25285,1.24549,1.24729,0,0
2015-06-05,18:00:00,1.2472,1.24899,1.24552,1.24865,0,0
2015-06-05,19:00:00,1.24872,1.24977,1.24786,1.24818,0,0
2015-06-05,20:00:00,1.24816,1.24822,1.24552,1.24646,0,0
2015-06-05,21:00:00,1.24648,1.24688,1.24359,1.2443,0,0
2015-06-05,22:00:00,1.24431,1.24519,1.24383,1.24391,0,0
2015-06-05,23:00:00,1.24393,1.24394,1.24377,1.24381,0,0
2015-06-08,01:00:00,1.24404,1.24485,1.24404,1.24477,0,0
2015-06-08,02:00:00,1.24475,1.24624,1.24472,1.2461,0,0
2015-06-08,03:00:00,1.24621,1.24713,1.24524,1.24705,0,0
2015-06-08,04:00:00,1.24705,1.24705,1.24573,1.24637,0,0
2015-06-08,05:00:00,1.24635,1.24681,1.24576,1.24647,0,0
2015-06-08,06:00:00,1.24648,1.24668,1.24608,1.24628,0,0
2015-06-08,07:00:00,1.24628,1.24669,1.24594,1.24599,0,0
2015-06-08,08:00:00,1.246,1.24614,1.2454,1.24553,0,0
2015-06-08,09:00:00,1.24552,1.24728,1.24309,1.24397,0,0
2015-06-08,10:00:00,1.24386,1.24479,1.24289,1.24396,0,0
2015-06-08,11:00:00,1.24384,1.24549,1.24384,1.24472,0,0
2015-06-08,12:00:00,1.24471,1.24489,1.24314,1.24353,0,0
2015-06-08,13:00:00,1.24354,1.24456,1.24343,1.24451,0,0
2015-06-08,14:00:00,1.24451,1.24475,1.24347,1.24347,0,0
2015-06-08,15:00:00,1.24343,1.24376,1.2398,1.24085,0,0
2015-06-08,16:00:00,1.24085,1.24201,1.23977,1.24108,0,0
2015-06-08,17:00:00,1.24115,1.24519,1.24092,1.24508,0,0
2015-06-08,18:00:00,1.24492,1.24492,1.24194,1.24344,0,0
2015-06-08,19:00:00,1.24354,1.24506,1.24306,1.24368,0,0
2015-06-08,20:00:00,1.24366,1.24404,1.24142,1.24191,0,0
2015-06-08,21:00:00,1.24197,1.24201,1.24017,1.24075,0,0
2015-06-08,22:00:00,1.24077,1.24095,1.23936,1.23983,0,0
2015-06-08,23:00:00,1.23984,1.24106,1.23835,1.24105,0,0
2015-06-08,23:59:00,1.24102,1.24105,1.24018,1.2409,0,0
2015-06-09,01:00:00,1.24092,1.24185,1.24092,1.24169,0,0
2015-06-09,02:00:00,1.2417,1.2417,1.241,1.24123,0,0
2015-06-09,03:00:00,1.24123,1.24193,1.24123,1.24146,0,0
2015-06-09,04:00:00,1.24159,1.24173,1.23934,1.23983,0,0
2015-06-09,05:00:00,1.23983,1.24045,1.23963,1.23978,0,0
2015-06-09,06:00:00,1.23978,1.23979,1.23867,1.23923,0,0
2015-06-09,07:00:00,1.23936,1.23997,1.23921,1.2397,0,0
2015-06-09,08:00:00,1.2397,1.2397,1.23798,1.23821,0,0
2015-06-09,09:00:00,1.23815,1.24069,1.23815,1.24056,0,0
2015-06-09,10:00:00,1.24061,1.24414,1.24017,1.2435,0,0
2015-06-09,11:00:00,1.24349,1.2437,1.24037,1.24056,0,0
2015-06-09,12:00:00,1.24056,1.24062,1.239,1.23961,0,0
2015-06-09,13:00:00,1.2398,1.24065,1.2377,1.23815,0,0
2015-06-09,14:00:00,1.23817,1.23832,1.23317,1.23637,0,0
2015-06-09,15:00:00,1.23636,1.23636,1.23374,1.23523,0,0
2015-06-09,16:00:00,1.23536,1.23548,1.23175,1.23381,0,0
2015-06-09,17:00:00,1.23376,1.23584,1.23204,1.23297,0,0
2015-06-09,18:00:00,1.23298,1.23374,1.2308,1.23161,0,0
2015-06-09,19:00:00,1.2317,1.23319,1.23146,1.23316,0,0
2015-06-09,20:00:00,1.23298,1.23367,1.23224,1.23332,0,0
2015-06-09,21:00:00,1.23346,1.2342,1.23271,1.23372,0,0
2015-06-09,22:00:00,1.23376,1.23467,1.23376,1.23455,0,0
2015-06-09,23:00:00,1.23455,1.23455,1.23147,1.23361,0,0
2015-06-09,23:59:00,1.23378,1.23401,1.23279,1.23401,0,0
2015-06-10,01:00:00,1.23401,1.23435,1.23351,1.23407,0,0
2015-06-10,02:00:00,1.23412,1.23419,1.23364,1.23419,0,0
2015-06-10,03:00:00,1.23419,1.23455,1.23354,1.23447,0,0
2015-06-10,04:00:00,1.23446,1.23446,1.23385,1.23439,0,0
2015-06-10,05:00:00,1.23437,1.23514,1.23397,1.23486,0,0
2015-06-10,06:00:00,1.23485,1.23526,1.23438,1.23438,0,0
2015-06-10,07:00:00,1.23438,1.23493,1.23147,1.23149,0,0
2015-06-10,08:00:00,1.2316,1.23198,1.23055,1.23059,0,0
2015-06-10,09:00:00,1.23056,1.23101,1.23014,1.23082,0,0
2015-06-10,10:00:00,1.23075,1.23149,1.22438,1.22573,0,0
2015-06-10,11:00:00,1.22573,1.22695,1.22367,1.2241,0,0
2015-06-10,12:00:00,1.22397,1.22473,1.22289,1.22458,0,0
2015-06-10,13:00:00,1.22457,1.22574,1.22173,1.22512,0,0
2015-06-10,14:00:00,1.22513,1.22646,1.22408,1.2249,0,0
2015-06-10,15:00:00,1.22485,1.22547,1.2217,1.22275,0,0
2015-06-10,16:00:00,1.22275,1.22303,1.22025,1.22213,0,0
2015-06-10,17:00:00,1.22214,1.22727,1.22171,1.22606,0,0
2015-06-10,18:00:00,1.22614,1.22762,1.22499,1.22682,0,0
2015-06-10,19:00:00,1.22681,1.22807,1.22675,1.22796,0,0
2015-06-10,20:00:00,1.22804,1.2289,1.22777,1.22836,0,0
2015-06-10,21:00:00,1.22836,1.22845,1.22597,1.22625,0,0
2015-06-10,22:00:00,1.22625,1.22696,1.22593,1.22614,0,0
2015-06-10,23:00:00,1.22614,1.22695,1.22545,1.22545,0,0
2015-06-10,23:59:00,1.22544,1.22737,1.22543,1.22722,0,0
2015-06-11,01:00:00,1.22722,1.22722,1.22621,1.22694,0,0
2015-06-11,02:00:00,1.22695,1.2279,1.22682,1.22778,0,0
2015-06-11,03:00:00,1.22782,1.22809,1.22743,1.22762,0,0
2015-06-11,04:00:00,1.22761,1.22852,1.22659,1.22807,0,0
2015-06-11,05:00:00,1.22821,1.22851,1.22702,1.22713,0,0
2015-06-11,06:00:00,1.22706,1.22767,1.22687,1.22735,0,0
2015-06-11,07:00:00,1.22729,1.22791,1.22663,1.22758,0,0
2015-06-11,08:00:00,1.2276,1.22823,1.22739,1.2277,0,0
2015-06-11,09:00:00,1.2277,1.22866,1.2273,1.22821,0,0
2015-06-11,10:00:00,1.22827,1.23095,1.22827,1.22998,0,0
2015-06-11,11:00:00,1.23001,1.23126,1.22979,1.23059,0,0
2015-06-11,12:00:00,1.23052,1.23228,1.23045,1.23075,0,0
2015-06-11,13:00:00,1.23075,1.23075,1.22958,1.23046,0,0
2015-06-11,14:00:00,1.23047,1.23268,1.22965,1.23264,0,0
2015-06-11,15:00:00,1.23256,1.23526,1.22843,1.22957,0,0
2015-06-11,16:00:00,1.22983,1.23109,1.2294,1.23062,0,0
2015-06-11,17:00:00,1.23061,1.23196,1.22947,1.2304,0,0
2015-06-11,18:00:00,1.23033,1.23167,1.22972,1.23136,0,0
2015-06-11,19:00:00,1.23136,1.23258,1.23059,1.23217,0,0
2015-06-11,20:00:00,1.23215,1.23276,1.23089,1.23107,0,0
2015-06-11,21:00:00,1.23109,1.23109,1.22775,1.22809,0,0
2015-06-11,22:00:00,1.22809,1.22878,1.22708,1.2277,0,0
2015-06-11,23:00:00,1.22762,1.22971,1.22706,1.22932,0,0
2015-06-11,23:59:00,1.22919,1.22986,1.22906,1.22986,0,0
2015-06-12,01:00:00,1.2298,1.22983,1.22963,1.2298,0,0
2015-06-12,02:00:00,1.22974,1.22974,1.22913,1.2293,0,0
2015-06-12,03:00:00,1.2293,1.22966,1.22888,1.229,0,0
2015-06-12,04:00:00,1.22899,1.22931,1.22836,1.22871,0,0
2015-06-12,05:00:00,1.22872,1.22898,1.22823,1.22852,0,0
2015-06-12,06:00:00,1.22851,1.22856,1.22778,1.22843,0,0
2015-06-12,07:00:00,1.22843,1.22957,1.22797,1.22891,0,0
2015-06-12,08:00:00,1.2289,1.22933,1.22795,1.22856,0,0
2015-06-12,09:00:00,1.22845,1.22974,1.22827,1.22973,0,0
2015-06-12,10:00:00,1.22967,1.23086,1.22911,1.23071,0,0
2015-06-12,11:00:00,1.23075,1.23295,1.23069,1.23249,0,0
2015-06-12,12:00:00,1.2325,1.23333,1.23129,1.23157,0,0
2015-06-12,13:00:00,1.23157,1.23173,1.22929,1.22973,0,0
2015-06-12,14:00:00,1.22974,1.23116,1.22882,1.22944,0,0
2015-06-12,15:00:00,1.22944,1.23218,1.22944,1.23218,0,0
2015-06-12,16:00:00,1.23208,1.23473,1.23185,1.23279,0,0
2015-06-12,17:00:00,1.23299,1.23439,1.22987,1.23017,0,0
2015-06-12,18:00:00,1.23021,1.2317,1.22926,1.23062,0,0
2015-06-12,19:00:00,1.23062,1.23143,1.23011,1.23093,0,0
2015-06-12,20:00:00,1.23094,1.23229,1.2306,1.23062,0,0
2015-06-12,21:00:00,1.23069,1.23248,1.23065,1.23235,0,0
2015-06-12,22:00:00,1.23235,1.23283,1.23082,1.23112,0,0
2015-06-12,23:00:00,1.2311,1.2311,1.23082,1.23089,0,0
2015-06-15,01:00:00,1.23163,1.23222,1.23109,1.23117,0,0
2015-06-15,02:00:00,1.23117,1.23185,1.23096,1.23128,0,0
2015-06-15,03:00:00,1.23128,1.23231,1.23128,1.23207,0,0
2015-06-15,04:00:00,1.23205,1.2335,1.23201,1.23292,0,0
2015-06-15,05:00:00,1.23295,1.23345,1.23259,1.23312,0,0
2015-06-15,06:00:00,1.23312,1.2333,1.23268,1.2332,0,0
2015-06-15,07:00:00,1.2332,1.23373,1.23261,1.23326,0,0
2015-06-15,08:00:00,1.23332,1.23399,1.23306,1.23337,0,0
2015-06-15,09:00:00,1.23337,1.23344,1.2316,1.23183,0,0
2015-06-15,10:00:00,1.23184,1.23304,1.23128,1.23259,0,0
2015-06-15,11:00:00,1.23258,1.23404,1.23258,1.23404,0,0
2015-06-15,12:00:00,1.23404,1.23499,1.23357,1.23475,0,0
2015-06-15,13:00:00,1.23475,1.2358,1.23475,1.23539,0,0
2015-06-15,14:00:00,1.23539,1.23585,1.23467,1.23577,0,0
2015-06-15,15:00:00,1.23577,1.23603,1.23338,1.23474,0,0
2015-06-15,16:00:00,1.23475,1.23524,1.23277,1.23327,0,0
2015-06-15,17:00:00,1.23326,1.23421,1.23215,1.23337,0,0
2015-06-15,18:00:00,1.23349,1.23414,1.23214,1.23214,0,0
2015-06-15,19:00:00,1.23216,1.23231,1.23051,1.23082,0,0
2015-06-15,20:00:00,1.2308,1.23173,1.22974,1.2313,0,0
2015-06-15,21:00:00,1.23141,1.23215,1.23085,1.23215,0,0
2015-06-15,22:00:00,1.23204,1.23222,1.23109,1.23166,0,0
2015-06-15,23:00:00,1.23163,1.23238,1.23071,1.23234,0,0
2015-06-15,23:59:00,1.23252,1.23261,1.23184,1.23203,0,0
2015-06-16,01:00:00,1.23204,1.23262,1.2314,1.23141,0,0
2015-06-16,02:00:00,1.23141,1.23183,1.2314,1.23161,0,0
2015-06-16,03:00:00,1.2316,1.23259,1.2316,1.23224,0,0
2015-06-16,04:00:00,1.23223,1.23329,1.23166,1.23177,0,0
2015-06-16,05:00:00,1.23177,1.23223,1.23148,1.23162,0,0
2015-06-16,06:00:00,1.23161,1.23196,1.23155,1.23166,0,0
2015-06-16,07:00:00,1.23166,1.23177,1.23115,1.2313,0,0
2015-06-16,08:00:00,1.23129,1.23223,1.23129,1.23164,0,0
2015-06-16,09:00:00,1.23163,1.23303,1.23146,1.23163,0,0
2015-06-16,10:00:00,1.2316,1.2336,1.23148,1.2335,0,0
2015-06-16,11:00:00,1.23344,1.23459,1.23317,1.2336,0,0
2015-06-16,12:00:00,1.2336,1.23448,1.2331,1.23418,0,0
2015-06-16,13:00:00,1.23437,1.23438,1.23353,1.23415,0,0
2015-06-16,14:00:00,1.23408,1.23435,1.23311,1.23373,0,0
2015-06-16,15:00:00,1.23376,1.23448,1.23248,1.23345,0,0
2015-06-16,16:00:00,1.23337,1.23424,1.23085,1.23098,0,0
2015-06-16,17:00:00,1.23102,1.23353,1.23059,1.23333,0,0
2015-06-16,18:00:00,1.23344,1.23356,1.23241,1.23292,0,0
2015-06-16,19:00:00,1.2329,1.23458,1.2329,1.23376,0,0
2015-06-16,20:00:00,1.23378,1.23407,1.23175,1.23209,0,0
2015-06-16,21:00:00,1.23197,1.23255,1.23102,1.23164,0,0
2015-06-16,22:00:00,1.23166,1.232,1.23102,1.23134,0,0
2015-06-16,23:00:00,1.23136,1.23139,1.22845,1.22944,0,0
2015-06-16,23:59:00,1.22943,1.2295,1.22841,1.22933,0,0
2015-06-17,01:00:00,1.22934,1.2296,1.22877,1.22918,0,0
2015-06-17,02:00:00,1.22916,1.2296,1.22899,1.22951,0,0
2015-06-17,03:00:00,1.22952,1.22997,1.22934,1.22938,0,0
2015-06-17,04:00:00,1.22933,1.22959,1.22904,1.2291,0,0
2015-06-17,05:00:00,1.2291,1.22972,1.22895,1.22957,0,0
2015-06-17,06:00:00,1.22954,1.23005,1.22923,1.2294,0,0
2015-06-17,07:00:00,1.22941,1.2299,1.22931,1.2296,0,0
2015-06-17,08:00:00,1.2296,1.23006,1.22931,1.23001,0,0
2015-06-17,09:00:00,1.23001,1.23156,1.2294,1.23129,0,0
2015-06-17,10:00:00,1.23129,1.23313,1.23109,1.23264,0,0
2015-06-17,11:00:00,1.23265,1.23333,1.23235,1.2329,0,0
2015-06-17,12:00:00,1.23292,1.23292,1.23153,1.23157,0,0
2015-06-17,13:00:00,1.23157,1.23234,1.23062,1.23135,0,0
2015-06-17,14:00:00,1.23135,1.2317,1.23018,1.23048,0,0
2015-06-17,15:00:00,1.23048,1.23197,1.23048,1.2317,0,0
2015-06-17,16:00:00,1.23168,1.23188,1.23055,1.23079,0,0
2015-06-17,17:00:00,1.23089,1.2323,1.2306,1.23188,0,0
2015-06-17,18:00:00,1.23188,1.23196,1.23014,1.23069,0,0
2015-06-17,19:00:00,1.23071,1.23188,1.23071,1.23157,0,0
2015-06-17,20:00:00,1.23157,1.23236,1.231,1.23123,0,0
2015-06-17,21:00:00,1.23132,1.23476,1.22289,1.22289,0,0
2015-06-17,22:00:00,1.22287,1.22452,1.22211,1.22346,0,0
2015-06-17,23:00:00,1.22346,1.22402,1.22269,1.22273,0,0
2015-06-17,23:59:00,1.22268,1.22334,1.22268,1.22303,0,0
2015-06-18,01:00:00,1.22303,1.22377,1.22295,1.2234,0,0
2015-06-18,02:00:00,1.22339,1.22349,1.22281,1.22319,0,0
2015-06-18,03:00:00,1.22319,1.22344,1.22283,1.22333,0,0
2015-06-18,04:00:00,1.22333,1.22364,1.22286,1.22327,0,0
2015-06-18,05:00:00,1.22327,1.22356,1.22255,1.22258,0,0
2015-06-18,06:00:00,1.22258,1.22335,1.22255,1.22323,0,0
2015-06-18,07:00:00,1.22323,1.22328,1.22244,1.22281,0,0
2015-06-18,08:00:00,1.22269,1.22303,1.22204,1.22299,0,0
2015-06-18,09:00:00,1.22296,1.2233,1.22202,1.22217,0,0
2015-06-18,10:00:00,1.22217,1.22239,1.22002,1.22005,0,0
2015-06-18,11:00:00,1.22011,1.22031,1.21658,1.21765,0,0
2015-06-18,12:00:00,1.21765,1.21783,1.2153,1.21539,0,0
2015-06-18,13:00:00,1.21537,1.21677,1.2153,1.21652,0,0
2015-06-18,14:00:00,1.21656,1.21709,1.21539,1.21541,0,0
2015-06-18,15:00:00,1.21539,1.21621,1.21279,1.21445,0,0
2015-06-18,16:00:00,1.21446,1.21623,1.21361,1.21465,0,0
2015-06-18,17:00:00,1.21482,1.21983,1.21482,1.21975,0,0
2015-06-18,18:00:00,1.21975,1.22105,1.21814,1.22098,0,0
2015-06-18,19:00:00,1.22079,1.22357,1.22021,1.22276,0,0
2015-06-18,20:00:00,1.22276,1.22503,1.22231,1.22332,0,0
2015-06-18,21:00:00,1.22323,1.22354,1.22228,1.22335,0,0
2015-06-18,22:00:00,1.22334,1.2236,1.22258,1.22285,0,0
2015-06-18,23:00:00,1.22282,1.22316,1.22228,1.22228,0,0
2015-06-18,23:59:00,1.22225,1.22327,1.22225,1.22259,0,0
2015-06-19,01:00:00,1.2226,1.22266,1.22186,1.22197,0,0
2015-06-19,02:00:00,1.222,1.2232,1.22193,1.22265,0,0
2015-06-19,03:00:00,1.22265,1.22322,1.22168,1.22175,0,0
2015-06-19,04:00:00,1.22174,1.22281,1.22159,1.22245,0,0
2015-06-19,05:00:00,1.22249,1.22283,1.2222,1.22221,0,0
2015-06-19,06:00:00,1.22221,1.22287,1.22219,1.22271,0,0
2015-06-19,07:00:00,1.22271,1.22341,1.22261,1.22323,0,0
2015-06-19,08:00:00,1.22322,1.22343,1.22262,1.22269,0,0
2015-06-19,09:00:00,1.22272,1.22357,1.22244,1.22339,0,0
2015-06-19,10:00:00,1.22332,1.22416,1.22185,1.22263,0,0
2015-06-19,11:00:00,1.22262,1.22296,1.22153,1.22205,0,0
2015-06-19,12:00:00,1.22194,1.22388,1.22171,1.22281,0,0
2015-06-19,13:00:00,1.22281,1.22446,1.2228,1.22446,0,0
2015-06-19,14:00:00,1.22445,1.22601,1.22444,1.22587,0,0
2015-06-19,15:00:00,1.22584,1.22913,1.22427,1.22865,0,0
2015-06-19,16:00:00,1.22865,1.22956,1.22458,1.22608,0,0
2015-06-19,17:00:00,1.22608,1.22913,1.22608,1.22816,0,0
2015-06-19,18:00:00,1.22807,1.2292,1.22773,1.22787,0,0
2015-06-19,19:00:00,1.22778,1.22848,1.22732,1.22788,0,0
2015-06-19,20:00:00,1.22802,1.22808,1.22619,1.22655,0,0
2015-06-19,21:00:00,1.2266,1.2266,1.22515,1.22608,0,0
2015-06-19,22:00:00,1.22607,1.22733,1.22598,1.22663,0,0
2015-06-19,23:00:00,1.22668,1.22675,1.22655,1.2266,0,0
2015-06-22,01:00:00,1.22666,1.22753,1.22645,1.22689,0,0
2015-06-22,02:00:00,1.22688,1.22771,1.22647,1.22763,0,0
2015-06-22,03:00:00,1.22763,1.22775,1.22689,1.22716,0,0
2015-06-22,04:00:00,1.22715,1.22716,1.22572,1.22637,0,0
2015-06-22,05:00:00,1.22637,1.22689,1.22591,1.22601,0,0
2015-06-22,06:00:00,1.22601,1.22608,1.22536,1.22547,0,0
2015-06-22,07:00:00,1.22547,1.22558,1.22472,1.22551,0,0
2015-06-22,08:00:00,1.22551,1.22587,1.22428,1.22443,0,0
2015-06-22,09:00:00,1.22442,1.22522,1.22438,1.2249,0,0
2015-06-22,10:00:00,1.2249,1.22662,1.22471,1.22656,0,0
2015-06-22,11:00:00,1.22673,1.2273,1.22604,1.22606,0,0
2015-06-22,12:00:00,1.22606,1.22648,1.22504,1.22505,0,0
2015-06-22,13:00:00,1.22506,1.22564,1.22282,1.22388,0,0
2015-06-22,14:00:00,1.22393,1.22446,1.2228,1.22336,0,0
2015-06-22,15:00:00,1.22336,1.22477,1.22187,1.22425,0,0
2015-06-22,16:00:00,1.22425,1.22742,1.2235,1.22702,0,0
2015-06-22,17:00:00,1.22716,1.22865,1.22689,1.22776,0,0
2015-06-22,18:00:00,1.22777,1.23018,1.22777,1.22879,0,0
2015-06-22,19:00:00,1.22877,1.23289,1.22864,1.2314,0,0
2015-06-22,20:00:00,1.23123,1.23245,1.23065,1.23217,0,0
2015-06-22,21:00:00,1.23217,1.23227,1.23071,1.2318,0,0
2015-06-22,22:00:00,1.23183,1.23292,1.23166,1.23265,0,0
2015-06-22,23:00:00,1.23264,1.23264,1.23075,1.23095,0,0
2015-06-22,23:59:00,1.23087,1.23207,1.23081,1.23134,0,0
2015-06-23,01:00:00,1.2314,1.23161,1.23109,1.23155,0,0
2015-06-23,02:00:00,1.23154,1.23163,1.23119,1.23143,0,0
2015-06-23,03:00:00,1.23148,1.23236,1.23148,1.23231,0,0
2015-06-23,04:00:00,1.23231,1.23285,1.23197,1.23285,0,0
2015-06-23,05:00:00,1.23289,1.23444,1.23275,1.23431,0,0
2015-06-23,06:00:00,1.23439,1.23446,1.23393,1.23418,0,0
2015-06-23,07:00:00,1.23427,1.23441,1.23397,1.23401,0,0
2015-06-23,08:00:00,1.23403,1.23406,1.23291,1.23309,0,0
2015-06-23,09:00:00,1.23291,1.23428,1.23258,1.23296,0,0
2015-06-23,10:00:00,1.23296,1.23444,1.23235,1.23428,0,0
2015-06-23,11:00:00,1.23427,1.2348,1.23306,1.23353,0,0
2015-06-23,12:00:00,1.23353,1.23413,1.23273,1.23322,0,0
2015-06-23,13:00:00,1.23322,1.23468,1.23317,1.23432,0,0
2015-06-23,14:00:00,1.23432,1.23462,1.2334,1.23448,0,0
2015-06-23,15:00:00,1.23451,1.23485,1.23143,1.23458,0,0
2015-06-23,16:00:00,1.23461,1.23826,1.23387,1.23595,0,0
2015-06-23,17:00:00,1.23622,1.23706,1.23163,1.23351,0,0
2015-06-23,18:00:00,1.2335,1.23376,1.23153,1.23272,0,0
2015-06-23,19:00:00,1.23265,1.23367,1.23238,1.23338,0,0
2015-06-23,20:00:00,1.23338,1.23455,1.23317,1.23411,0,0
2015-06-23,21:00:00,1.23411,1.23461,1.23365,1.23371,0,0
2015-06-23,22:00:00,1.23374,1.23406,1.23304,1.23319,0,0
2015-06-23,23:00:00,1.2332,1.23343,1.23265,1.23272,0,0
2015-06-23,23:59:00,1.23265,1.23372,1.23257,1.23319,0,0
2015-06-24,01:00:00,1.23318,1.23319,1.23265,1.23271,0,0
2015-06-24,02:00:00,1.23271,1.23297,1.23232,1.23235,0,0
2015-06-24,03:00:00,1.23235,1.23272,1.23176,1.23262,0,0
2015-06-24,04:00:00,1.23264,1.23292,1.23212,1.23262,0,0
2015-06-24,05:00:00,1.23263,1.23278,1.23177,1.23201,0,0
2015-06-24,06:00:00,1.23201,1.23264,1.23185,1.23245,0,0
2015-06-24,07:00:00,1.23244,1.23412,1.23201,1.2338,0,0
2015-06-24,08:00:00,1.2338,1.23388,1.23235,1.23316,0,0
2015-06-24,09:00:00,1.23316,1.23357,1.23217,1.23285,0,0
2015-06-24,10:00:00,1.23288,1.23351,1.23115,1.23127,0,0
2015-06-24,11:00:00,1.23122,1.23187,1.22775,1.22885,0,0
2015-06-24,12:00:00,1.22886,1.23026,1.22865,1.22906,0,0
2015-06-24,13:00:00,1.22904,1.23068,1.22904,1.23033,0,0
2015-06-24,14:00:00,1.23024,1.23124,1.23019,1.23093,0,0
2015-06-24,15:00:00,1.23083,1.23372,1.23007,1.23353,0,0
2015-06-24,16:00:00,1.23353,1.23746,1.23353,1.23645,0,0
2015-06-24,17:00:00,1.23655,1.24104,1.23655,1.23967,0,0
2015-06-24,18:00:00,1.23967,1.24228,1.23919,1.24137,0,0
2015-06-24,19:00:00,1.24136,1.2417,1.23905,1.23908,0,0
2015-06-24,20:00:00,1.23907,1.23936,1.23807,1.23873,0,0
2015-06-24,21:00:00,1.23873,1.23997,1.23855,1.23923,0,0
2015-06-24,22:00:00,1.23936,1.23987,1.23875,1.23984,0,0
2015-06-24,23:00:00,1.23984,1.23997,1.23829,1.23829,0,0
2015-06-24,23:59:00,1.23833,1.23882,1.23821,1.23866,0,0
2015-06-25,01:00:00,1.23861,1.23919,1.23855,1.23878,0,0
2015-06-25,02:00:00,1.23876,1.23889,1.23842,1.23858,0,0
2015-06-25,03:00:00,1.23856,1.23896,1.23835,1.23875,0,0
2015-06-25,04:00:00,1.23873,1.23949,1.23835,1.23912,0,0
2015-06-25,05:00:00,1.2391,1.23913,1.2381,1.2381,0,0
2015-06-25,06:00:00,1.238,1.23834,1.23738,1.23739,0,0
2015-06-25,07:00:00,1.23739,1.23779,1.23706,1.23758,0,0
2015-06-25,08:00:00,1.23758,1.23902,1.23757,1.23881,0,0
2015-06-25,09:00:00,1.23875,1.23996,1.2381,1.23969,0,0
2015-06-25,10:00:00,1.23969,1.23986,1.23892,1.23939,0,0
2015-06-25,11:00:00,1.23936,1.23956,1.23766,1.23834,0,0
2015-06-25,12:00:00,1.23834,1.23858,1.23726,1.23814,0,0
2015-06-25,13:00:00,1.23814,1.23888,1.23757,1.23866,0,0
2015-06-25,14:00:00,1.23866,1.23883,1.23754,1.23777,0,0
2015-06-25,15:00:00,1.23777,1.23955,1.23725,1.23786,0,0
2015-06-25,16:00:00,1.23786,1.2379,1.23311,1.23387,0,0
2015-06-25,17:00:00,1.2339,1.23498,1.23316,1.23496,0,0
2015-06-25,18:00:00,1.235,1.23521,1.23418,1.23476,0,0
2015-06-25,19:00:00,1.23482,1.23589,1.23442,1.23466,0,0
2015-06-25,20:00:00,1.23467,1.23499,1.23356,1.2336,0,0
2015-06-25,21:00:00,1.23357,1.23373,1.23175,1.23185,0,0
2015-06-25,22:00:00,1.23187,1.23258,1.23148,1.23239,0,0
2015-06-25,23:00:00,1.23243,1.23283,1.23128,1.23283,0,0
2015-06-25,23:59:00,1.23265,1.2331,1.23241,1.23298,0,0
2015-06-26,01:00:00,1.23303,1.2334,1.23289,1.23317,0,0
2015-06-26,02:00:00,1.23317,1.2334,1.23289,1.2332,0,0
2015-06-26,03:00:00,1.2332,1.23403,1.23305,1.23384,0,0
2015-06-26,04:00:00,1.23384,1.23467,1.2338,1.23438,0,0
2015-06-26,05:00:00,1.23438,1.23471,1.23365,1.23379,0,0
2015-06-26,06:00:00,1.23378,1.23431,1.23346,1.2341,0,0
2015-06-26,07:00:00,1.2341,1.23428,1.23377,1.2341,0,0
2015-06-26,08:00:00,1.23411,1.23441,1.23393,1.23411,0,0
2015-06-26,09:00:00,1.23414,1.23573,1.23365,1.23549,0,0
2015-06-26,10:00:00,1.23546,1.23568,1.23435,1.23548,0,0
2015-06-26,11:00:00,1.23549,1.23625,1.23483,1.23521,0,0
2015-06-26,12:00:00,1.23502,1.23645,1.23496,1.23624,0,0
2015-06-26,13:00:00,1.23624,1.23624,1.23332,1.23441,0,0
2015-06-26,14:00:00,1.23425,1.23608,1.23397,1.23561,0,0
2015-06-26,15:00:00,1.23578,1.23704,1.23536,1.23672,0,0
2015-06-26,16:00:00,1.23685,1.2397,1.23563,1.23587,0,0
2015-06-26,17:00:00,1.23584,1.23841,1.23516,1.23831,0,0
2015-06-26,18:00:00,1.23841,1.2388,1.23547,1.23584,0,0
2015-06-26,19:00:00,1.23589,1.23604,1.23367,1.23397,0,0
2015-06-26,20:00:00,1.23398,1.23435,1.23258,1.23272,0,0
2015-06-26,21:00:00,1.23272,1.23297,1.23201,1.23224,0,0
2015-06-26,22:00:00,1.23215,1.23234,1.23147,1.23163,0,0
2015-06-26,23:00:00,1.23163,1.23167,1.23161,1.23166,0,0
2015-06-29,01:00:00,1.23471,1.23573,1.23374,1.23507,0,0
2015-06-29,02:00:00,1.23506,1.23532,1.23413,1.23532,0,0
2015-06-29,03:00:00,1.23535,1.23575,1.23285,1.23421,0,0
2015-06-29,04:00:00,1.23421,1.23485,1.23346,1.2346,0,0
2015-06-29,05:00:00,1.2346,1.23479,1.23366,1.23414,0,0
2015-06-29,06:00:00,1.23415,1.23442,1.23285,1.23309,0,0
2015-06-29,07:00:00,1.2331,1.23378,1.23299,1.23343,0,0
2015-06-29,08:00:00,1.23344,1.23398,1.23279,1.23279,0,0
2015-06-29,09:00:00,1.23281,1.23354,1.23102,1.23149,0,0
2015-06-29,10:00:00,1.23146,1.23275,1.23052,1.23255,0,0
2015-06-29,11:00:00,1.23255,1.23349,1.23181,1.23289,0,0
2015-06-29,12:00:00,1.23289,1.23602,1.23224,1.23588,0,0
2015-06-29,13:00:00,1.23588,1.23699,1.23528,1.23583,0,0
2015-06-29,14:00:00,1.23584,1.23805,1.23473,1.23562,0,0
2015-06-29,15:00:00,1.2355,1.23725,1.23405,1.23581,0,0
2015-06-29,16:00:00,1.23582,1.23933,1.23566,1.238,0,0
2015-06-29,17:00:00,1.23794,1.24126,1.23719,1.23812,0,0
2015-06-29,18:00:00,1.23812,1.23896,1.23722,1.23806,0,0
2015-06-29,19:00:00,1.23806,1.24004,1.23771,1.23942,0,0
2015-06-29,20:00:00,1.23909,1.23944,1.23749,1.23821,0,0
2015-06-29,21:00:00,1.23819,1.23845,1.23645,1.2369,0,0
2015-06-29,22:00:00,1.23697,1.23929,1.23693,1.23909,0,0
2015-06-29,23:00:00,1.23914,1.24043,1.23885,1.24043,0,0
2015-06-29,23:59:00,1.24034,1.24044,1.23961,1.24015,0,0
2015-06-30,01:00:00,1.24015,1.24056,1.23997,1.24041,0,0
2015-06-30,02:00:00,1.24051,1.24136,1.24022,1.24136,0,0
2015-06-30,03:00:00,1.24137,1.24197,1.2407,1.24177,0,0
2015-06-30,04:00:00,1.24176,1.24235,1.24116,1.2416,0,0
2015-06-30,05:00:00,1.24177,1.24226,1.24146,1.24191,0,0
2015-06-30,06:00:00,1.24192,1.24195,1.2406,1.24143,0,0
2015-06-30,07:00:00,1.24038,1.24143,1.23956,1.23969,0,0
2015-06-30,08:00:00,1.23969,1.24055,1.23921,1.23957,0,0
2015-06-30,09:00:00,1.23957,1.24017,1.23855,1.24009,0,0
2015-06-30,10:00:00,1.24009,1.24055,1.23954,1.23991,0,0
2015-06-30,11:00:00,1.23976,1.24134,1.2397,1.23986,0,0
2015-06-30,12:00:00,1.23986,1.24027,1.2388,1.23929,0,0
2015-06-30,13:00:00,1.23942,1.23944,1.2373,1.23808,0,0
2015-06-30,14:00:00,1.23811,1.23903,1.23737,1.23831,0,0
2015-06-30,15:00:00,1.23831,1.24295,1.23634,1.24221,0,0
2015-06-30,16:00:00,1.24221,1.24532,1.24153,1.2433,0,0
2015-06-30,17:00:00,1.24329,1.24852,1.24327,1.24823,0,0
2015-06-30,18:00:00,1.24824,1.24961,1.24696,1.24736,0,0
2015-06-30,19:00:00,1.24748,1.24995,1.2469,1.24828,0,0
2015-06-30,20:00:00,1.24837,1.24951,1.24827,1.24878,0,0
2015-06-30,21:00:00,1.24878,1.24965,1.24776,1.24899,0,0
2015-06-30,22:00:00,1.24903,1.24937,1.24818,1.24892,0,0
2015-06-30,23:00:00,1.24905,1.25001,1.24892,1.24941,0,0
2015-06-30,23:59:00,1.2494,1.2494,1.24843,1.24892,0,0
2015-07-01,01:00:00,1.24892,1.24903,1.24821,1.24838,0,0
2015-07-01,02:00:00,1.24838,1.24845,1.24762,1.24782,0,0
2015-07-01,03:00:00,1.24782,1.2491,1.24759,1.24905,0,0
2015-07-01,04:00:00,1.24893,1.24957,1.24855,1.24925,0,0
2015-07-01,05:00:00,1.24926,1.24953,1.24854,1.24897,0,0
2015-07-01,06:00:00,1.24893,1.24953,1.24885,1.24923,0,0
2015-07-01,07:00:00,1.24923,1.25035,1.24923,1.25006,0,0
2015-07-01,08:00:00,1.25006,1.25068,1.25004,1.25028,0,0
2015-07-01,09:00:00,1.25044,1.25112,1.25014,1.25014,0,0
2015-07-01,10:00:00,1.2502,1.25106,1.2497,1.24987,0,0
2015-07-01,11:00:00,1.24987,1.25066,1.24945,1.24986,0,0
2015-07-01,12:00:00,1.2498,1.25127,1.24881,1.25075,0,0
2015-07-01,13:00:00,1.2508,1.2525,1.25071,1.25188,0,0
2015-07-01,14:00:00,1.25188,1.25238,1.25126,1.25175,0,0
2015-07-01,15:00:00,1.25169,1.25455,1.25157,1.25394,0,0
2015-07-01,16:00:00,1.25407,1.25539,1.25373,1.25505,0,0
2015-07-01,17:00:00,1.25494,1.25699,1.25306,1.25424,0,0
2015-07-01,18:00:00,1.25421,1.25644,1.25393,1.25607,0,0
2015-07-01,19:00:00,1.25601,1.25705,1.25563,1.25674,0,0
2015-07-01,20:00:00,1.25634,1.25902,1.25634,1.25885,0,0
2015-07-01,21:00:00,1.25892,1.25979,1.25837,1.25908,0,0
2015-07-01,22:00:00,1.25908,1.25918,1.25833,1.25835,0,0
2015-07-01,23:00:00,1.25837,1.25918,1.25832,1.25895,0,0
2015-07-01,23:59:00,1.25902,1.25916,1.2578,1.25853,0,0
2015-07-02,01:00:00,1.25855,1.25927,1.25852,1.25907,0,0
2015-07-02,02:00:00,1.25903,1.25926,1.25869,1.259,0,0
2015-07-02,03:00:00,1.25907,1.25963,1.25885,1.25913,0,0
2015-07-02,04:00:00,1.25912,1.25934,1.25859,1.25885,0,0
2015-07-02,05:00:00,1.25885,1.25905,1.25807,1.25853,0,0
2015-07-02,06:00:00,1.25854,1.25871,1.25806,1.25824,0,0
2015-07-02,07:00:00,1.25824,1.25864,1.25817,1.25851,0,0
2015-07-02,08:00:00,1.25848,1.25905,1.2584,1.25895,0,0
2015-07-02,09:00:00,1.25893,1.25936,1.25845,1.25882,0,0
2015-07-02,10:00:00,1.25882,1.26083,1.25868,1.25987,0,0
2015-07-02,11:00:00,1.25994,1.26224,1.25988,1.26214,0,0
2015-07-02,12:00:00,1.26219,1.26334,1.26143,1.26153,0,0
2015-07-02,13:00:00,1.26157,1.26259,1.26027,1.26227,0,0
2015-07-02,14:00:00,1.26234,1.26239,1.25977,1.26223,0,0
2015-07-02,15:00:00,1.26223,1.26254,1.25597,1.25739,0,0
2015-07-02,16:00:00,1.25751,1.25896,1.25644,1.25793,0,0
2015-07-02,17:00:00,1.25801,1.25838,1.25622,1.25624,0,0
2015-07-02,18:00:00,1.25627,1.25715,1.2559,1.25668,0,0
2015-07-02,19:00:00,1.25668,1.25668,1.25457,1.25475,0,0
2015-07-02,20:00:00,1.25474,1.25617,1.25465,1.25583,0,0
2015-07-02,21:00:00,1.25576,1.25664,1.25519,1.25607,0,0
2015-07-02,22:00:00,1.25603,1.25644,1.25437,1.25452,0,0
2015-07-02,23:00:00,1.25452,1.25493,1.25387,1.25403,0,0
2015-07-02,23:59:00,1.25386,1.25451,1.25381,1.2542,0,0
2015-07-03,01:00:00,1.25427,1.25495,1.25414,1.25415,0,0
2015-07-03,02:00:00,1.25415,1.25471,1.25413,1.25461,0,0
2015-07-03,03:00:00,1.25464,1.25495,1.25413,1.25439,0,0
2015-07-03,04:00:00,1.25438,1.2563,1.2542,1.25608,0,0
2015-07-03,05:00:00,1.25609,1.25643,1.25542,1.25573,0,0
2015-07-03,06:00:00,1.25573,1.25629,1.25542,1.25577,0,0
2015-07-03,07:00:00,1.25577,1.25601,1.2553,1.25563,0,0
2015-07-03,08:00:00,1.2555,1.25584,1.25509,1.25515,0,0
2015-07-03,09:00:00,1.25515,1.25631,1.25513,1.25547,0,0
2015-07-03,10:00:00,1.25559,1.25634,1.25475,1.25577,0,0
2015-07-03,11:00:00,1.25583,1.25679,1.25536,1.25596,0,0
2015-07-03,12:00:00,1.25603,1.25611,1.25507,1.25529,0,0
2015-07-03,13:00:00,1.25529,1.25642,1.25502,1.2557,0,0
2015-07-03,14:00:00,1.25569,1.25712,1.25544,1.25702,0,0
2015-07-03,15:00:00,1.25702,1.26,1.25702,1.25841,0,0
2015-07-03,16:00:00,1.25842,1.26028,1.25842,1.25902,0,0
2015-07-03,17:00:00,1.25895,1.25954,1.25709,1.2571,0,0
2015-07-03,18:00:00,1.25712,1.25845,1.25676,1.25718,0,0
2015-07-03,19:00:00,1.25717,1.25846,1.25609,1.25786,0,0
2015-07-03,20:00:00,1.25794,1.25807,1.2556,1.25648,0,0
2015-07-03,21:00:00,1.25649,1.25656,1.25543,1.256,0,0
2015-07-03,22:00:00,1.25601,1.25615,1.25555,1.25601,0,0
2015-07-03,23:00:00,1.25601,1.25617,1.2559,1.25617,0,0
2015-07-06,01:00:00,1.26064,1.26101,1.25893,1.25973,0,0
2015-07-06,02:00:00,1.25975,1.26151,1.2586,1.26135,0,0
2015-07-06,03:00:00,1.26135,1.26135,1.25969,1.2602,0,0
2015-07-06,04:00:00,1.2602,1.26101,1.25961,1.26099,0,0
2015-07-06,05:00:00,1.26101,1.26145,1.26061,1.26111,0,0
2015-07-06,06:00:00,1.2611,1.26145,1.26101,1.26133,0,0
2015-07-06,07:00:00,1.26133,1.26142,1.2601,1.26115,0,0
2015-07-06,08:00:00,1.26115,1.26162,1.25895,1.26038,0,0
2015-07-06,09:00:00,1.26037,1.26065,1.2586,1.25895,0,0
2015-07-06,10:00:00,1.25899,1.25914,1.25701,1.25718,0,0
2015-07-06,11:00:00,1.25719,1.25952,1.25635,1.25922,0,0
2015-07-06,12:00:00,1.25922,1.26055,1.25919,1.26036,0,0
2015-07-06,13:00:00,1.26036,1.26315,1.26004,1.26295,0,0
2015-07-06,14:00:00,1.26298,1.26366,1.26226,1.26363,0,0
2015-07-06,15:00:00,1.26367,1.26456,1.26247,1.26397,0,0
2015-07-06,16:00:00,1.264,1.26593,1.264,1.26467,0,0
2015-07-06,17:00:00,1.26463,1.26607,1.2614,1.26215,0,0
2015-07-06,18:00:00,1.26221,1.26368,1.26173,1.26261,0,0
2015-07-06,19:00:00,1.26253,1.2637,1.26126,1.26293,0,0
2015-07-06,20:00:00,1.26253,1.26528,1.2624,1.26488,0,0
2015-07-06,21:00:00,1.26492,1.26639,1.26492,1.26546,0,0
2015-07-06,22:00:00,1.26546,1.26579,1.26486,1.26526,0,0
2015-07-06,23:00:00,1.26526,1.26558,1.26492,1.26512,0,0
2015-07-06,23:59:00,1.26515,1.26552,1.2645,1.26463,0,0
2015-07-07,01:00:00,1.26466,1.26512,1.26462,1.26482,0,0
2015-07-07,02:00:00,1.26482,1.26632,1.26468,1.26613,0,0
2015-07-07,03:00:00,1.26613,1.26646,1.2656,1.26607,0,0
2015-07-07,04:00:00,1.26607,1.26627,1.26524,1.26546,0,0
2015-07-07,05:00:00,1.26549,1.26625,1.2653,1.2661,0,0
2015-07-07,06:00:00,1.2661,1.26679,1.26594,1.26625,0,0
2015-07-07,07:00:00,1.26625,1.26627,1.26526,1.26564,0,0
2015-07-07,08:00:00,1.26566,1.26625,1.26538,1.26596,0,0
2015-07-07,09:00:00,1.26593,1.26734,1.26542,1.26682,0,0
2015-07-07,10:00:00,1.26682,1.2697,1.26654,1.26935,0,0
2015-07-07,11:00:00,1.26936,1.27067,1.26877,1.2695,0,0
2015-07-07,12:00:00,1.2694,1.27051,1.26871,1.26879,0,0
2015-07-07,13:00:00,1.26878,1.2731,1.26877,1.27088,0,0
2015-07-07,14:00:00,1.27082,1.27312,1.27072,1.27303,0,0
2015-07-07,15:00:00,1.27303,1.2758,1.27258,1.27295,0,0
2015-07-07,16:00:00,1.27305,1.27737,1.27305,1.27696,0,0
2015-07-07,17:00:00,1.27685,1.27798,1.27594,1.2767,0,0
2015-07-07,18:00:00,1.27663,1.27685,1.27296,1.27406,0,0
2015-07-07,19:00:00,1.27407,1.27595,1.27389,1.27521,0,0
2015-07-07,20:00:00,1.27525,1.27542,1.27359,1.27406,0,0
2015-07-07,21:00:00,1.27405,1.27493,1.27217,1.27244,0,0
2015-07-07,22:00:00,1.27258,1.27278,1.26759,1.27125,0,0
2015-07-07,23:00:00,1.27126,1.27229,1.27034,1.27034,0,0
2015-07-07,23:59:00,1.27054,1.27181,1.27051,1.27146,0,0
2015-07-08,01:00:00,1.27149,1.27242,1.27129,1.27169,0,0
2015-07-08,02:00:00,1.27168,1.27237,1.27123,1.27214,0,0
2015-07-08,03:00:00,1.27214,1.27267,1.27203,1.27262,0,0
2015-07-08,04:00:00,1.27262,1.27522,1.2723,1.27359,0,0
2015-07-08,05:00:00,1.2736,1.27376,1.27251,1.27332,0,0
2015-07-08,06:00:00,1.27331,1.2738,1.27276,1.2731,0,0
2015-07-08,07:00:00,1.2731,1.27311,1.27167,1.27237,0,0
2015-07-08,08:00:00,1.27237,1.27315,1.2718,1.27312,0,0
2015-07-08,09:00:00,1.27312,1.27561,1.27274,1.27541,0,0
2015-07-08,10:00:00,1.27542,1.27597,1.27339,1.27362,0,0
2015-07-08,11:00:00,1.27363,1.27515,1.27264,1.27274,0,0
2015-07-08,12:00:00,1.27267,1.27285,1.26885,1.26937,0,0
2015-07-08,13:00:00,1.26937,1.27271,1.26937,1.27242,0,0
2015-07-08,14:00:00,1.27244,1.27292,1.27034,1.27285,0,0
2015-07-08,15:00:00,1.27291,1.27675,1.27278,1.27569,0,0
2015-07-08,16:00:00,1.27576,1.276,1.27102,1.27332,0,0
2015-07-08,17:00:00,1.27342,1.27522,1.27177,1.27257,0,0
2015-07-08,18:00:00,1.27252,1.27364,1.27037,1.27248,0,0
2015-07-08,19:00:00,1.27251,1.27526,1.27183,1.27509,0,0
2015-07-08,20:00:00,1.27507,1.27583,1.27283,1.27479,0,0
2015-07-08,21:00:00,1.27486,1.27506,1.27326,1.27437,0,0
2015-07-08,22:00:00,1.27414,1.2743,1.27285,1.27403,0,0
2015-07-08,23:00:00,1.274,1.27481,1.2738,1.27473,0,0
2015-07-08,23:59:00,1.27467,1.27467,1.27377,1.2742,0,0
2015-07-09,01:00:00,1.27418,1.27448,1.27378,1.27392,0,0
2015-07-09,02:00:00,1.27396,1.27433,1.27303,1.2731,0,0
2015-07-09,03:00:00,1.27311,1.27418,1.27311,1.27352,0,0
2015-07-09,04:00:00,1.27353,1.27353,1.27216,1.27245,0,0
2015-07-09,05:00:00,1.27257,1.27275,1.27093,1.27222,0,0
2015-07-09,06:00:00,1.27222,1.27235,1.27148,1.2719,0,0
2015-07-09,07:00:00,1.2719,1.27221,1.2714,1.27143,0,0
2015-07-09,08:00:00,1.27143,1.27157,1.26935,1.26983,0,0
2015-07-09,09:00:00,1.26983,1.27143,1.2691,1.27093,0,0
2015-07-09,10:00:00,1.27107,1.27366,1.27075,1.27366,0,0
2015-07-09,11:00:00,1.27364,1.27432,1.27172,1.27249,0,0
2015-07-09,12:00:00,1.27249,1.27319,1.27168,1.27248,0,0
2015-07-09,13:00:00,1.27248,1.2729,1.27183,1.27223,0,0
2015-07-09,14:00:00,1.27224,1.27237,1.26844,1.26844,0,0
2015-07-09,15:00:00,1.26841,1.2696,1.26669,1.26867,0,0
2015-07-09,16:00:00,1.26867,1.27045,1.26858,1.27007,0,0
2015-07-09,17:00:00,1.27006,1.27434,1.26935,1.27373,0,0
2015-07-09,18:00:00,1.2738,1.27384,1.27198,1.27285,0,0
2015-07-09,19:00:00,1.27285,1.27305,1.27075,1.27206,0,0
2015-07-09,20:00:00,1.27213,1.2735,1.27142,1.27324,0,0
2015-07-09,21:00:00,1.27325,1.27354,1.27147,1.2719,0,0
2015-07-09,22:00:00,1.27198,1.27208,1.27058,1.27065,0,0
2015-07-09,23:00:00,1.27066,1.27086,1.26903,1.27081,0,0
2015-07-09,23:59:00,1.27054,1.2708,1.27014,1.27047,0,0
2015-07-10,01:00:00,1.27046,1.27115,1.27013,1.27068,0,0
2015-07-10,02:00:00,1.27068,1.27133,1.27058,1.27096,0,0
2015-07-10,03:00:00,1.27101,1.27135,1.27034,1.27084,0,0
2015-07-10,04:00:00,1.27084,1.27101,1.2698,1.27018,0,0
2015-07-10,05:00:00,1.27023,1.27044,1.26852,1.26917,0,0
2015-07-10,06:00:00,1.26917,1.26936,1.26837,1.26844,0,0
2015-07-10,07:00:00,1.26844,1.26882,1.26817,1.26836,0,0
2015-07-10,08:00:00,1.26836,1.26883,1.26748,1.26768,0,0
2015-07-10,09:00:00,1.26767,1.26974,1.26749,1.26966,0,0
2015-07-10,10:00:00,1.26964,1.27149,1.26888,1.27128,0,0
2015-07-10,11:00:00,1.27128,1.27247,1.27123,1.27162,0,0
2015-07-10,12:00:00,1.27173,1.27204,1.26919,1.27034,0,0
2015-07-10,13:00:00,1.27034,1.27148,1.26926,1.26965,0,0
2015-07-10,14:00:00,1.26951,1.27136,1.268,1.27059,0,0
2015-07-10,15:00:00,1.27059,1.2714,1.26633,1.26918,0,0
2015-07-10,16:00:00,1.26923,1.27536,1.2677,1.27332,0,0
2015-07-10,17:00:00,1.27332,1.27468,1.2719,1.27267,0,0
2015-07-10,18:00:00,1.27279,1.27419,1.27108,1.27129,0,0
2015-07-10,19:00:00,1.27141,1.27261,1.26984,1.27204,0,0
2015-07-10,20:00:00,1.27183,1.27305,1.2717,1.27201,0,0
2015-07-10,21:00:00,1.272,1.27229,1.26885,1.26932,0,0
2015-07-10,22:00:00,1.26939,1.26946,1.26797,1.26797,0,0
2015-07-10,23:00:00,1.26797,1.26797,1.26787,1.2679,0,0
2015-07-13,01:00:00,1.26959,1.26991,1.26939,1.26986,0,0
2015-07-13,02:00:00,1.26983,1.26987,1.26878,1.26979,0,0
2015-07-13,03:00:00,1.26979,1.27003,1.26926,1.26963,0,0
2015-07-13,04:00:00,1.26963,1.27152,1.26944,1.27119,0,0
2015-07-13,05:00:00,1.2712,1.27148,1.27007,1.27008,0,0
2015-07-13,06:00:00,1.27008,1.2701,1.26801,1.2698,0,0
2015-07-13,07:00:00,1.26981,1.27046,1.2696,1.27031,0,0
2015-07-13,08:00:00,1.27031,1.27051,1.26926,1.26957,0,0
2015-07-13,09:00:00,1.26958,1.27092,1.26849,1.26916,0,0
2015-07-13,10:00:00,1.26925,1.27448,1.26838,1.27339,0,0
2015-07-13,11:00:00,1.27339,1.27448,1.27268,1.27352,0,0
2015-07-13,12:00:00,1.27352,1.27352,1.27093,1.27105,0,0
2015-07-13,13:00:00,1.27105,1.27269,1.26965,1.27175,0,0
2015-07-13,14:00:00,1.2717,1.27193,1.27007,1.27156,0,0
2015-07-13,15:00:00,1.27161,1.27352,1.27122,1.27324,0,0
2015-07-13,16:00:00,1.27325,1.27737,1.27319,1.27697,0,0
2015-07-13,17:00:00,1.27689,1.27905,1.27624,1.27696,0,0
2015-07-13,18:00:00,1.27703,1.27763,1.27509,1.27629,0,0
2015-07-13,19:00:00,1.27631,1.27676,1.27411,1.27437,0,0
2015-07-13,20:00:00,1.27435,1.27574,1.27434,1.27528,0,0
2015-07-13,21:00:00,1.27527,1.27642,1.27475,1.27547,0,0
2015-07-13,22:00:00,1.27539,1.27542,1.27265,1.27414,0,0
2015-07-13,23:00:00,1.27404,1.27423,1.27312,1.27417,0,0
2015-07-13,23:59:00,1.27414,1.27427,1.27362,1.27385,0,0
2015-07-14,01:00:00,1.27385,1.27417,1.27371,1.27407,0,0
2015-07-14,02:00:00,1.27407,1.27555,1.27391,1.27528,0,0
2015-07-14,03:00:00,1.27532,1.27637,1.27485,1.27529,0,0
2015-07-14,04:00:00,1.27545,1.2759,1.2742,1.27501,0,0
2015-07-14,05:00:00,1.27501,1.27507,1.27338,1.27373,0,0
2015-07-14,06:00:00,1.27377,1.27424,1.27338,1.27387,0,0
2015-07-14,07:00:00,1.27387,1.27484,1.27387,1.27478,0,0
2015-07-14,08:00:00,1.27479,1.27579,1.27444,1.27455,0,0
2015-07-14,09:00:00,1.27457,1.27902,1.27444,1.27812,0,0
2015-07-14,10:00:00,1.27813,1.28037,1.27757,1.27986,0,0
2015-07-14,11:00:00,1.27983,1.27991,1.27772,1.27961,0,0
2015-07-14,12:00:00,1.27949,1.28022,1.27764,1.27861,0,0
2015-07-14,13:00:00,1.27865,1.28051,1.27793,1.27953,0,0
2015-07-14,14:00:00,1.27947,1.27947,1.27703,1.27756,0,0
2015-07-14,15:00:00,1.2775,1.27764,1.2717,1.27515,0,0
2015-07-14,16:00:00,1.27522,1.27631,1.27385,1.27485,0,0
2015-07-14,17:00:00,1.27471,1.27656,1.27255,1.27304,0,0
2015-07-14,18:00:00,1.27318,1.27566,1.27308,1.2748,0,0
2015-07-14,19:00:00,1.27464,1.27502,1.2735,1.27439,0,0
2015-07-14,20:00:00,1.27439,1.27493,1.27316,1.27461,0,0
2015-07-14,21:00:00,1.27462,1.27534,1.27433,1.27465,0,0
2015-07-14,22:00:00,1.27466,1.27488,1.27393,1.274,0,0
2015-07-14,23:00:00,1.27397,1.27415,1.27283,1.27283,0,0
2015-07-14,23:59:00,1.27277,1.27377,1.27265,1.27328,0,0
2015-07-15,01:00:00,1.27328,1.27372,1.27283,1.27305,0,0
2015-07-15,02:00:00,1.27308,1.27381,1.27281,1.27362,0,0
2015-07-15,03:00:00,1.27362,1.27481,1.27342,1.27383,0,0
2015-07-15,04:00:00,1.27383,1.27386,1.27256,1.27269,0,0
2015-07-15,05:00:00,1.27271,1.27379,1.27231,1.27345,0,0
2015-07-15,06:00:00,1.27346,1.274,1.27265,1.27282,0,0
2015-07-15,07:00:00,1.27282,1.27362,1.27282,1.27338,0,0
2015-07-15,08:00:00,1.27338,1.27475,1.27337,1.27405,0,0
2015-07-15,09:00:00,1.27401,1.2753,1.27312,1.27487,0,0
2015-07-15,10:00:00,1.27485,1.27597,1.27448,1.27552,0,0
2015-07-15,11:00:00,1.27552,1.27635,1.27481,1.27574,0,0
2015-07-15,12:00:00,1.27575,1.27628,1.27475,1.27627,0,0
2015-07-15,13:00:00,1.27628,1.27696,1.27547,1.2759,0,0
2015-07-15,14:00:00,1.27583,1.2761,1.27357,1.27403,0,0
2015-07-15,15:00:00,1.27403,1.27868,1.27358,1.27866,0,0
2015-07-15,16:00:00,1.27869,1.28096,1.27807,1.27925,0,0
2015-07-15,17:00:00,1.27949,1.29281,1.27949,1.28959,0,0
2015-07-15,18:00:00,1.28939,1.29409,1.28892,1.29373,0,0
2015-07-15,19:00:00,1.29366,1.29568,1.29242,1.29423,0,0
2015-07-15,20:00:00,1.29441,1.29556,1.29303,1.29391,0,0
2015-07-15,21:00:00,1.29386,1.29425,1.29271,1.29296,0,0
2015-07-15,22:00:00,1.29298,1.29413,1.29156,1.29194,0,0
2015-07-15,23:00:00,1.29217,1.29227,1.29078,1.29149,0,0
2015-07-15,23:59:00,1.29141,1.2921,1.29115,1.29167,0,0
2015-07-16,01:00:00,1.29168,1.29227,1.29107,1.29142,0,0
2015-07-16,02:00:00,1.29141,1.29312,1.29112,1.29294,0,0
2015-07-16,03:00:00,1.29294,1.29373,1.29262,1.29373,0,0
2015-07-16,04:00:00,1.29372,1.29413,1.29301,1.29366,0,0
2015-07-16,05:00:00,1.29369,1.29393,1.29312,1.29325,0,0
2015-07-16,06:00:00,1.29324,1.29346,1.29269,1.29318,0,0
2015-07-16,07:00:00,1.29321,1.29346,1.29274,1.29317,0,0
2015-07-16,08:00:00,1.29316,1.29399,1.29309,1.29313,0,0
2015-07-16,09:00:00,1.29313,1.29326,1.29127,1.29213,0,0
2015-07-16,10:00:00,1.29217,1.29447,1.29181,1.29417,0,0
2015-07-16,11:00:00,1.29413,1.29441,1.29242,1.29263,0,0
2015-07-16,12:00:00,1.29264,1.29352,1.29165,1.29345,0,0
2015-07-16,13:00:00,1.29344,1.29448,1.29343,1.29443,0,0
2015-07-16,14:00:00,1.29444,1.29474,1.29337,1.294,0,0
2015-07-16,15:00:00,1.29413,1.29501,1.29217,1.29325,0,0
2015-07-16,16:00:00,1.29317,1.29344,1.29086,1.29129,0,0
2015-07-16,17:00:00,1.29102,1.29343,1.29054,1.29294,0,0
2015-07-16,18:00:00,1.29282,1.29474,1.29264,1.29383,0,0
2015-07-16,19:00:00,1.29384,1.29588,1.29384,1.29505,0,0
2015-07-16,20:00:00,1.295,1.29622,1.29364,1.29547,0,0
2015-07-16,21:00:00,1.29554,1.29672,1.29491,1.29667,0,0
2015-07-16,22:00:00,1.29662,1.29697,1.29563,1.29684,0,0
2015-07-16,23:00:00,1.29687,1.29689,1.29583,1.29584,0,0
2015-07-16,23:59:00,1.29582,1.29635,1.29557,1.29586,0,0
2015-07-17,01:00:00,1.29586,1.29684,1.29586,1.29661,0,0
2015-07-17,02:00:00,1.29662,1.29694,1.29644,1.29684,0,0
2015-07-17,03:00:00,1.29685,1.29732,1.29671,1.29731,0,0
2015-07-17,04:00:00,1.29733,1.29736,1.29671,1.29675,0,0
2015-07-17,05:00:00,1.29675,1.29678,1.29581,1.29628,0,0
2015-07-17,06:00:00,1.29628,1.29629,1.29547,1.29563,0,0
2015-07-17,07:00:00,1.29563,1.29595,1.29552,1.29555,0,0
2015-07-17,08:00:00,1.29555,1.29637,1.29555,1.29601,0,0
2015-07-17,09:00:00,1.29604,1.29634,1.29498,1.29506,0,0
2015-07-17,10:00:00,1.29507,1.29627,1.29481,1.29624,0,0
2015-07-17,11:00:00,1.2963,1.2984,1.29617,1.29824,0,0
2015-07-17,12:00:00,1.29818,1.29818,1.29702,1.29708,0,0
2015-07-17,13:00:00,1.29709,1.29814,1.29677,1.29803,0,0
2015-07-17,14:00:00,1.29803,1.29823,1.29736,1.29772,0,0
2015-07-17,15:00:00,1.29772,1.30051,1.29583,1.29878,0,0
2015-07-17,16:00:00,1.29873,1.29908,1.29597,1.29907,0,0
2015-07-17,17:00:00,1.29899,1.30004,1.29732,1.29766,0,0
2015-07-17,18:00:00,1.29766,1.29994,1.29738,1.29976,0,0
2015-07-17,19:00:00,1.29975,1.30027,1.29891,1.29901,0,0
2015-07-17,20:00:00,1.29888,1.29974,1.29868,1.2994,0,0
2015-07-17,21:00:00,1.29939,1.2994,1.29827,1.29887,0,0
2015-07-17,22:00:00,1.29888,1.29907,1.29834,1.29867,0,0
2015-07-17,23:00:00,1.29868,1.29877,1.29868,1.29872,0,0
2015-07-20,01:00:00,1.2984,1.2984,1.29764,1.29806,0,0
2015-07-20,02:00:00,1.29806,1.29888,1.29774,1.2988,0,0
2015-07-20,03:00:00,1.29885,1.29915,1.29839,1.29844,0,0
2015-07-20,04:00:00,1.29841,1.29974,1.29821,1.29891,0,0
2015-07-20,05:00:00,1.29892,1.29976,1.29857,1.29952,0,0
2015-07-20,06:00:00,1.29953,1.29986,1.29929,1.29949,0,0
2015-07-20,07:00:00,1.29947,1.2996,1.2982,1.29837,0,0
2015-07-20,08:00:00,1.29847,1.29899,1.29784,1.29809,0,0
2015-07-20,09:00:00,1.2981,1.29845,1.2962,1.2966,0,0
2015-07-20,10:00:00,1.2966,1.2967,1.2953,1.2958,0,0
2015-07-20,11:00:00,1.2959,1.299,1.2959,1.2979,0,0
2015-07-20,12:00:00,1.2977,1.2997,1.2974,1.299,0,0
2015-07-20,13:00:00,1.2991,1.2999,1.2986,1.2988,0,0
2015-07-20,14:00:00,1.2987,1.2999,1.2984,1.2988,0,0
2015-07-20,15:00:00,1.2988,1.2994,1.2969,1.2991,0,0
2015-07-20,16:00:00,1.2991,1.3016,1.2984,1.3015,0,0
2015-07-20,17:00:00,1.3015,1.3024,1.29704,1.29704,0,0
2015-07-20,18:00:00,1.29708,1.29845,1.2964,1.29826,0,0
2015-07-20,19:00:00,1.29827,1.29908,1.29731,1.29902,0,0
2015-07-20,20:00:00,1.29906,1.29993,1.29892,1.29968,0,0
2015-07-20,21:00:00,1.29968,1.30037,1.29854,1.30021,0,0
2015-07-20,22:00:00,1.30027,1.30048,1.29945,1.29976,0,0
2015-07-20,23:00:00,1.29983,1.30044,1.29941,1.29945,0,0
2015-07-20,23:59:00,1.29941,1.30028,1.29919,1.29989,0,0
