Date,Time,Open,High,Low,Close,Volume,OpenInt
2015-04-22,01:00:00,0.95553,0.95579,0.95537,0.95544,0,0
2015-04-22,02:00:00,0.95543,0.95555,0.95476,0.95502,0,0
2015-04-22,03:00:00,0.955,0.95622,0.955,0.95595,0,0
2015-04-22,04:00:00,0.95594,0.95607,0.9548,0.95563,0,0
2015-04-22,05:00:00,0.95563,0.95589,0.95492,0.95551,0,0
2015-04-22,06:00:00,0.95551,0.95556,0.95501,0.95541,0,0
2015-04-22,07:00:00,0.95541,0.95542,0.95425,0.95433,0,0
2015-04-22,08:00:00,0.95432,0.95481,0.95363,0.95465,0,0
2015-04-22,09:00:00,0.95465,0.95564,0.95226,0.95276,0,0
2015-04-22,10:00:00,0.95274,0.95523,0.95215,0.95429,0,0
2015-04-22,11:00:00,0.95431,0.95512,0.95047,0.95189,0,0
2015-04-22,12:00:00,0.95198,0.95198,0.95053,0.95126,0,0
2015-04-22,13:00:00,0.95126,0.95478,0.95092,0.95438,0,0
2015-04-22,14:00:00,0.95459,0.95713,0.95427,0.957,0,0
2015-04-22,15:00:00,0.95701,0.96538,0.95688,0.96375,0,0
2015-04-22,16:00:00,0.96375,0.96494,0.96262,0.96264,0,0
2015-04-22,17:00:00,0.96239,0.96573,0.96239,0.96564,0,0
2015-04-22,18:00:00,0.96579,0.96895,0.96575,0.96646,0,0
2015-04-22,19:00:00,0.96646,0.96802,0.96614,0.9671,0,0
2015-04-22,20:00:00,0.96711,0.96867,0.96695,0.96867,0,0
2015-04-22,21:00:00,0.9687,0.96984,0.96767,0.96977,0,0
2015-04-22,22:00:00,0.96971,0.97064,0.96878,0.97003,0,0
2015-04-22,23:00:00,0.97009,0.97159,0.96998,0.97159,0,0
2015-04-22,23:59:00,0.97154,0.97165,0.9701,0.97088,0,0
2015-04-23,01:00:00,0.97087,0.97105,0.96934,0.97004,0,0
2015-04-23,02:00:00,0.96992,0.97004,0.96883,0.96974,0,0
2015-04-23,03:00:00,0.96972,0.9719,0.96919,0.97145,0,0
2015-04-23,04:00:00,0.97147,0.9719,0.97071,0.97114,0,0
2015-04-23,05:00:00,0.97111,0.97154,0.97046,0.9708,0,0
2015-04-23,06:00:00,0.9708,0.9711,0.96972,0.96972,0,0
2015-04-23,07:00:00,0.96971,0.97076,0.96966,0.97045,0,0
2015-04-23,08:00:00,0.97053,0.97053,0.96914,0.96964,0,0
2015-04-23,09:00:00,0.96965,0.97067,0.9685,0.96886,0,0
2015-04-23,10:00:00,0.96901,0.97056,0.96773,0.96992,0,0
2015-04-23,11:00:00,0.96995,0.97019,0.96603,0.96645,0,0
2015-04-23,12:00:00,0.96654,0.96681,0.96311,0.96317,0,0
2015-04-23,13:00:00,0.96321,0.96493,0.96291,0.96492,0,0
2015-04-23,14:00:00,0.96503,0.96694,0.96385,0.96433,0,0
2015-04-23,15:00:00,0.96432,0.96571,0.96361,0.96367,0,0
2015-04-23,16:00:00,0.96366,0.96548,0.96279,0.96366,0,0
2015-04-23,17:00:00,0.9637,0.96446,0.9548,0.95524,0,0
2015-04-23,18:00:00,0.95529,0.95646,0.95396,0.95527,0,0
2015-04-23,19:00:00,0.9552,0.95575,0.95379,0.95413,0,0
2015-04-23,20:00:00,0.95413,0.95457,0.95312,0.95416,0,0
2015-04-23,21:00:00,0.95418,0.95472,0.9531,0.95472,0,0
2015-04-23,22:00:00,0.95473,0.95509,0.95394,0.95409,0,0
2015-04-23,23:00:00,0.95402,0.95498,0.95384,0.95464,0,0
2015-04-23,23:59:00,0.95449,0.95465,0.95406,0.95442,0,0
2015-04-24,01:00:00,0.95432,0.95579,0.95424,0.9557,0,0
2015-04-24,02:00:00,0.95568,0.95586,0.95501,0.95575,0,0
2015-04-24,03:00:00,0.95591,0.95621,0.95426,0.95432,0,0
2015-04-24,04:00:00,0.95432,0.95581,0.9543,0.95581,0,0
2015-04-24,05:00:00,0.95592,0.95692,0.95566,0.95672,0,0
2015-04-24,06:00:00,0.95671,0.95737,0.95609,0.95675,0,0
2015-04-24,07:00:00,0.95678,0.95711,0.95624,0.95641,0,0
2015-04-24,08:00:00,0.95639,0.95677,0.95589,0.9565,0,0
2015-04-24,09:00:00,0.95644,0.95744,0.95251,0.95359,0,0
2015-04-24,10:00:00,0.95362,0.95424,0.95245,0.95318,0,0
2015-04-24,11:00:00,0.95311,0.95358,0.95109,0.95265,0,0
2015-04-24,12:00:00,0.95264,0.9542,0.95171,0.95405,0,0
2015-04-24,13:00:00,0.95412,0.95536,0.95314,0.95509,0,0
2015-04-24,14:00:00,0.95507,0.95547,0.95379,0.95432,0,0
2015-04-24,15:00:00,0.95429,0.95624,0.95216,0.95423,0,0
2015-04-24,16:00:00,0.95426,0.95514,0.95199,0.95498,0,0
2015-04-24,17:00:00,0.95494,0.95624,0.95249,0.95314,0,0
2015-04-24,18:00:00,0.95314,0.95445,0.95185,0.95324,0,0
2015-04-24,19:00:00,0.95325,0.9555,0.95323,0.9555,0,0
2015-04-24,20:00:00,0.9555,0.9555,0.95374,0.95375,0,0
2015-04-24,21:00:00,0.95378,0.9545,0.9534,0.95387,0,0
2015-04-24,22:00:00,0.95385,0.95404,0.95345,0.95367,0,0
2015-04-24,23:00:00,0.95369,0.95381,0.95365,0.95376,0,0
2015-04-27,01:00:00,0.95412,0.95451,0.9538,0.95404,0,0
2015-04-27,02:00:00,0.95404,0.9542,0.95306,0.95374,0,0
2015-04-27,03:00:00,0.95374,0.95438,0.95287,0.95387,0,0
2015-04-27,04:00:00,0.95386,0.95431,0.95319,0.95391,0,0
2015-04-27,05:00:00,0.95393,0.95422,0.95356,0.95405,0,0
2015-04-27,06:00:00,0.95403,0.95502,0.95401,0.95476,0,0
2015-04-27,07:00:00,0.95476,0.95526,0.95445,0.95499,0,0
2015-04-27,08:00:00,0.95499,0.95502,0.95285,0.95303,0,0
2015-04-27,09:00:00,0.95313,0.95727,0.95298,0.95694,0,0
2015-04-27,10:00:00,0.95694,0.95841,0.95409,0.95581,0,0
2015-04-27,11:00:00,0.95581,0.95743,0.95562,0.956,0,0
2015-04-27,12:00:00,0.956,0.95648,0.95509,0.95566,0,0
2015-04-27,13:00:00,0.95565,0.95725,0.95549,0.95549,0,0
2015-04-27,14:00:00,0.95546,0.95719,0.95545,0.95713,0,0
2015-04-27,15:00:00,0.95717,0.95807,0.9567,0.95709,0,0
2015-04-27,16:00:00,0.95707,0.9575,0.95543,0.95585,0,0
2015-04-27,17:00:00,0.95597,0.95597,0.95302,0.95302,0,0
2015-04-27,18:00:00,0.95304,0.95374,0.94935,0.95357,0,0
2015-04-27,19:00:00,0.95343,0.95376,0.95042,0.95179,0,0
2015-04-27,20:00:00,0.95179,0.95594,0.95132,0.95587,0,0
2015-04-27,21:00:00,0.9558,0.95656,0.95503,0.95587,0,0
2015-04-27,22:00:00,0.95585,0.95642,0.95543,0.95612,0,0
2015-04-27,23:00:00,0.95624,0.95684,0.95474,0.95491,0,0
2015-04-27,23:59:00,0.95489,0.95583,0.95475,0.95549,0,0
2015-04-28,01:00:00,0.95548,0.95659,0.95477,0.95548,0,0
2015-04-28,02:00:00,0.95547,0.95579,0.95507,0.95527,0,0
2015-04-28,03:00:00,0.95527,0.95602,0.95479,0.9551,0,0
2015-04-28,04:00:00,0.9551,0.95531,0.95435,0.95479,0,0
2015-04-28,05:00:00,0.9548,0.95526,0.95456,0.95512,0,0
2015-04-28,06:00:00,0.95513,0.95516,0.95421,0.95456,0,0
2015-04-28,07:00:00,0.95443,0.95512,0.9544,0.95511,0,0
2015-04-28,08:00:00,0.95511,0.95526,0.95381,0.95443,0,0
2015-04-28,09:00:00,0.95444,0.9562,0.95363,0.95599,0,0
2015-04-28,10:00:00,0.956,0.95661,0.95442,0.95565,0,0
2015-04-28,11:00:00,0.95568,0.95724,0.95514,0.9561,0,0
2015-04-28,12:00:00,0.95608,0.95809,0.95529,0.9576,0,0
2015-04-28,13:00:00,0.9576,0.95989,0.95523,0.9558,0,0
2015-04-28,14:00:00,0.95579,0.95747,0.95545,0.95652,0,0
2015-04-28,15:00:00,0.95657,0.95865,0.95612,0.95823,0,0
2015-04-28,16:00:00,0.95815,0.95979,0.95669,0.95671,0,0
2015-04-28,17:00:00,0.95634,0.95634,0.95072,0.95074,0,0
2015-04-28,18:00:00,0.95074,0.95478,0.95043,0.95391,0,0
2015-04-28,19:00:00,0.95396,0.95541,0.95391,0.95506,0,0
2015-04-28,20:00:00,0.95507,0.95543,0.9537,0.95399,0,0
2015-04-28,21:00:00,0.95399,0.95483,0.95338,0.95439,0,0
2015-04-28,22:00:00,0.95438,0.95676,0.95429,0.95616,0,0
2015-04-28,23:00:00,0.95607,0.95643,0.95555,0.95559,0,0
2015-04-28,23:59:00,0.95523,0.95616,0.95486,0.9553,0,0
2015-04-29,01:00:00,0.95531,0.95616,0.95523,0.95575,0,0
2015-04-29,02:00:00,0.9558,0.95641,0.95567,0.95618,0,0
2015-04-29,03:00:00,0.95618,0.95618,0.95507,0.95517,0,0
2015-04-29,04:00:00,0.9552,0.95609,0.95517,0.95574,0,0
2015-04-29,05:00:00,0.95574,0.95645,0.95555,0.95637,0,0
2015-04-29,06:00:00,0.95643,0.95658,0.95618,0.95633,0,0
2015-04-29,07:00:00,0.95635,0.95681,0.95631,0.95678,0,0
2015-04-29,08:00:00,0.95678,0.95711,0.95624,0.95638,0,0
2015-04-29,09:00:00,0.95638,0.95727,0.95578,0.95598,0,0
2015-04-29,10:00:00,0.95599,0.95689,0.95423,0.95444,0,0
2015-04-29,11:00:00,0.95444,0.95571,0.95362,0.95376,0,0
2015-04-29,12:00:00,0.95375,0.955,0.95348,0.95384,0,0
2015-04-29,13:00:00,0.95384,0.95569,0.95373,0.95496,0,0
2015-04-29,14:00:00,0.9549,0.95528,0.95241,0.95365,0,0
2015-04-29,15:00:00,0.95363,0.95488,0.94616,0.95248,0,0
2015-04-29,16:00:00,0.95187,0.95264,0.94403,0.94417,0,0
2015-04-29,17:00:00,0.94404,0.94514,0.93823,0.93823,0,0
2015-04-29,18:00:00,0.93806,0.93928,0.93476,0.93605,0,0
2015-04-29,19:00:00,0.93591,0.93821,0.93408,0.93821,0,0
2015-04-29,20:00:00,0.93813,0.93876,0.93646,0.93738,0,0
2015-04-29,21:00:00,0.93734,0.94175,0.93725,0.93963,0,0
2015-04-29,22:00:00,0.93936,0.941,0.93936,0.94029,0,0
2015-04-29,23:00:00,0.94025,0.94034,0.93928,0.93928,0,0
2015-04-29,23:59:00,0.93945,0.94061,0.93944,0.94061,0,0
2015-04-30,01:00:00,0.94056,0.94056,0.93989,0.93995,0,0
2015-04-30,02:00:00,0.93991,0.94042,0.93969,0.9404,0,0
2015-04-30,03:00:00,0.9404,0.94041,0.93918,0.93931,0,0
2015-04-30,04:00:00,0.93931,0.94008,0.93912,0.93987,0,0
2015-04-30,05:00:00,0.93988,0.94064,0.93978,0.94021,0,0
2015-04-30,06:00:00,0.94021,0.94064,0.93997,0.94026,0,0
2015-04-30,07:00:00,0.94026,0.94062,0.93954,0.93988,0,0
2015-04-30,08:00:00,0.93988,0.94125,0.93988,0.94094,0,0
2015-04-30,09:00:00,0.94131,0.94187,0.93999,0.9411,0,0
2015-04-30,10:00:00,0.94109,0.94156,0.9341,0.93447,0,0
2015-04-30,11:00:00,0.93447,0.93711,0.93276,0.93631,0,0
2015-04-30,12:00:00,0.93626,0.94073,0.93577,0.94056,0,0
2015-04-30,13:00:00,0.94056,0.94119,0.93532,0.93593,0,0
2015-04-30,14:00:00,0.93604,0.93718,0.93506,0.93576,0,0
2015-04-30,15:00:00,0.93576,0.94065,0.93442,0.93905,0,0
2015-04-30,16:00:00,0.9391,0.94465,0.93887,0.9417,0,0
2015-04-30,17:00:00,0.9417,0.9417,0.93668,0.93714,0,0
2015-04-30,18:00:00,0.93714,0.9414,0.93562,0.94116,0,0
2015-04-30,19:00:00,0.94112,0.9414,0.93812,0.93817,0,0
2015-04-30,20:00:00,0.93818,0.93945,0.93755,0.93885,0,0
2015-04-30,21:00:00,0.93885,0.93887,0.93108,0.93116,0,0
2015-04-30,22:00:00,0.93105,0.934,0.93087,0.93291,0,0
2015-04-30,23:00:00,0.93277,0.93356,0.93222,0.93234,0,0
2015-04-30,23:59:00,0.93251,0.93349,0.93219,0.93331,0,0
2015-05-01,01:00:00,0.9331,0.93359,0.93295,0.93341,0,0
2015-05-01,02:00:00,0.93351,0.93355,0.93279,0.93355,0,0
2015-05-01,03:00:00,0.9337,0.9343,0.93339,0.93379,0,0
2015-05-01,04:00:00,0.93379,0.93427,0.93339,0.9342,0,0
2015-05-01,05:00:00,0.93418,0.93448,0.93374,0.93422,0,0
2015-05-01,06:00:00,0.93422,0.93423,0.93387,0.93392,0,0
2015-05-01,07:00:00,0.93392,0.93395,0.93318,0.93325,0,0
2015-05-01,08:00:00,0.93325,0.93344,0.93284,0.93289,0,0
2015-05-01,09:00:00,0.93287,0.9342,0.93118,0.93183,0,0
2015-05-01,10:00:00,0.93191,0.93329,0.93129,0.93239,0,0
2015-05-01,11:00:00,0.93239,0.93271,0.93114,0.93143,0,0
2015-05-01,12:00:00,0.93164,0.93232,0.92925,0.93229,0,0
2015-05-01,13:00:00,0.93227,0.9327,0.92909,0.92943,0,0
2015-05-01,14:00:00,0.92946,0.92958,0.9278,0.92944,0,0
2015-05-01,15:00:00,0.92945,0.93165,0.9293,0.93041,0,0
2015-05-01,16:00:00,0.93038,0.93128,0.92885,0.92891,0,0
2015-05-01,17:00:00,0.9288,0.93369,0.92813,0.93173,0,0
2015-05-01,18:00:00,0.93173,0.9344,0.93143,0.93414,0,0
2015-05-01,19:00:00,0.93414,0.93522,0.93315,0.93512,0,0
2015-05-01,20:00:00,0.93512,0.93512,0.93369,0.93399,0,0
2015-05-01,21:00:00,0.93399,0.93462,0.93339,0.93424,0,0
2015-05-01,22:00:00,0.93422,0.93429,0.93254,0.93277,0,0
2015-05-01,23:00:00,0.93286,0.93305,0.93283,0.93283,0,0
2015-05-04,01:00:00,0.93372,0.93372,0.93273,0.93353,0,0
2015-05-04,02:00:00,0.93353,0.9336,0.93305,0.93342,0,0
2015-05-04,03:00:00,0.93343,0.93411,0.93291,0.93352,0,0
2015-05-04,04:00:00,0.93351,0.93375,0.93319,0.93325,0,0
2015-05-04,05:00:00,0.93325,0.93374,0.9332,0.93332,0,0
2015-05-04,06:00:00,0.93332,0.93364,0.93318,0.93363,0,0
2015-05-04,07:00:00,0.93362,0.93376,0.9335,0.93374,0,0
2015-05-04,08:00:00,0.93374,0.93381,0.93285,0.93317,0,0
2015-05-04,09:00:00,0.93333,0.93703,0.93243,0.93665,0,0
2015-05-04,10:00:00,0.93664,0.93843,0.9364,0.93772,0,0
2015-05-04,11:00:00,0.93771,0.93816,0.93619,0.93705,0,0
2015-05-04,12:00:00,0.93704,0.9374,0.9365,0.937,0,0
2015-05-04,13:00:00,0.93701,0.93745,0.93503,0.93545,0,0
2015-05-04,14:00:00,0.93544,0.93623,0.93461,0.93559,0,0
2015-05-04,15:00:00,0.93564,0.93603,0.93207,0.93219,0,0
2015-05-04,16:00:00,0.9322,0.93318,0.93135,0.93241,0,0
2015-05-04,17:00:00,0.93243,0.93547,0.93229,0.9341,0,0
2015-05-04,18:00:00,0.93403,0.9365,0.93394,0.93575,0,0
2015-05-04,19:00:00,0.93575,0.93616,0.93428,0.93535,0,0
2015-05-04,20:00:00,0.93524,0.93555,0.93367,0.93372,0,0
2015-05-04,21:00:00,0.93372,0.93516,0.9337,0.93442,0,0
2015-05-04,22:00:00,0.93448,0.9346,0.93357,0.93362,0,0
2015-05-04,23:00:00,0.93354,0.93447,0.93318,0.93367,0,0
2015-05-04,23:59:00,0.93374,0.93378,0.93351,0.93368,0,0
2015-05-05,01:00:00,0.93368,0.93447,0.9333,0.93437,0,0
2015-05-05,02:00:00,0.93437,0.9345,0.9337,0.93374,0,0
2015-05-05,03:00:00,0.93375,0.93434,0.93375,0.93404,0,0
2015-05-05,04:00:00,0.93404,0.93489,0.93372,0.93489,0,0
2015-05-05,05:00:00,0.93489,0.9353,0.93463,0.9351,0,0
2015-05-05,06:00:00,0.93509,0.93557,0.93499,0.93532,0,0
2015-05-05,07:00:00,0.93533,0.93624,0.93507,0.93558,0,0
2015-05-05,08:00:00,0.9356,0.93565,0.9347,0.93549,0,0
2015-05-05,09:00:00,0.93549,0.9375,0.9345,0.93668,0,0
2015-05-05,10:00:00,0.93681,0.93959,0.93575,0.93937,0,0
2015-05-05,11:00:00,0.93937,0.94133,0.93731,0.93743,0,0
2015-05-05,12:00:00,0.93745,0.93774,0.93464,0.93474,0,0
2015-05-05,13:00:00,0.93479,0.93599,0.93351,0.93361,0,0
2015-05-05,14:00:00,0.93362,0.93417,0.92989,0.9331,0,0
2015-05-05,15:00:00,0.9331,0.93434,0.92983,0.93081,0,0
2015-05-05,16:00:00,0.93102,0.93332,0.93014,0.93021,0,0
2015-05-05,17:00:00,0.93016,0.9333,0.9251,0.92548,0,0
2015-05-05,18:00:00,0.92542,0.9265,0.92446,0.92642,0,0
2015-05-05,19:00:00,0.92643,0.92643,0.92437,0.92483,0,0
2015-05-05,20:00:00,0.92483,0.92603,0.92392,0.92601,0,0
2015-05-05,21:00:00,0.92602,0.92673,0.92556,0.92624,0,0
2015-05-05,22:00:00,0.92627,0.92721,0.92598,0.92681,0,0
2015-05-05,23:00:00,0.92683,0.92734,0.92643,0.92643,0,0
2015-05-05,23:59:00,0.92648,0.92683,0.92623,0.92645,0,0
2015-05-06,01:00:00,0.92621,0.92754,0.92615,0.92735,0,0
2015-05-06,02:00:00,0.92736,0.92801,0.92705,0.9276,0,0
2015-05-06,03:00:00,0.9276,0.92778,0.92717,0.92742,0,0
2015-05-06,04:00:00,0.92747,0.92799,0.92667,0.9268,0,0
2015-05-06,05:00:00,0.92677,0.92718,0.92573,0.92592,0,0
2015-05-06,06:00:00,0.92592,0.92628,0.9241,0.92531,0,0
2015-05-06,07:00:00,0.92528,0.92596,0.92461,0.92498,0,0
2015-05-06,08:00:00,0.92496,0.92552,0.92481,0.92547,0,0
2015-05-06,09:00:00,0.92546,0.92595,0.92222,0.92257,0,0
2015-05-06,10:00:00,0.92269,0.92484,0.92138,0.92397,0,0
2015-05-06,11:00:00,0.92392,0.92503,0.92221,0.92462,0,0
2015-05-06,12:00:00,0.92463,0.92611,0.92401,0.92418,0,0
2015-05-06,13:00:00,0.92418,0.92445,0.92273,0.92399,0,0
2015-05-06,14:00:00,0.92402,0.92522,0.92299,0.92437,0,0
2015-05-06,15:00:00,0.92438,0.92438,0.9196,0.92011,0,0
2015-05-06,16:00:00,0.92008,0.92223,0.91327,0.91417,0,0
2015-05-06,17:00:00,0.91432,0.915,0.91152,0.91365,0,0
2015-05-06,18:00:00,0.91377,0.9162,0.91334,0.9151,0,0
2015-05-06,19:00:00,0.91516,0.91776,0.9146,0.91775,0,0
2015-05-06,20:00:00,0.91765,0.91771,0.91578,0.91616,0,0
2015-05-06,21:00:00,0.91622,0.91625,0.91362,0.91565,0,0
2015-05-06,22:00:00,0.9154,0.91629,0.91524,0.91593,0,0
2015-05-06,23:00:00,0.91593,0.91629,0.9156,0.91621,0,0
2015-05-06,23:59:00,0.91611,0.91648,0.91584,0.91619,0,0
2015-05-07,01:00:00,0.91588,0.91638,0.91588,0.91613,0,0
2015-05-07,02:00:00,0.91616,0.91667,0.91596,0.91662,0,0
2015-05-07,03:00:00,0.91664,0.91671,0.91607,0.91657,0,0
2015-05-07,04:00:00,0.91659,0.91696,0.91647,0.91691,0,0
2015-05-07,05:00:00,0.91699,0.91731,0.9164,0.91663,0,0
2015-05-07,06:00:00,0.91663,0.91674,0.91608,0.91658,0,0
2015-05-07,07:00:00,0.91658,0.91682,0.91642,0.91669,0,0
2015-05-07,08:00:00,0.9167,0.91695,0.91437,0.91493,0,0
2015-05-07,09:00:00,0.91497,0.91573,0.91436,0.91455,0,0
2015-05-07,10:00:00,0.91465,0.91486,0.91249,0.91256,0,0
2015-05-07,11:00:00,0.91257,0.91367,0.91157,0.91186,0,0
2015-05-07,12:00:00,0.912,0.91235,0.90725,0.90732,0,0
2015-05-07,13:00:00,0.90733,0.9103,0.9073,0.9087,0,0
2015-05-07,14:00:00,0.90866,0.91421,0.90861,0.91411,0,0
2015-05-07,15:00:00,0.9141,0.91711,0.91401,0.91553,0,0
2015-05-07,16:00:00,0.91532,0.91783,0.91491,0.91736,0,0
2015-05-07,17:00:00,0.91735,0.92013,0.91664,0.92002,0,0
2015-05-07,18:00:00,0.91987,0.92107,0.9193,0.91974,0,0
2015-05-07,19:00:00,0.91975,0.92197,0.91972,0.92195,0,0
2015-05-07,20:00:00,0.92198,0.92268,0.92102,0.922,0,0
2015-05-07,21:00:00,0.922,0.92259,0.92107,0.92153,0,0
2015-05-07,22:00:00,0.92161,0.92195,0.92095,0.92134,0,0
2015-05-07,23:00:00,0.92147,0.92185,0.921,0.9217,0,0
2015-05-07,23:59:00,0.92171,0.92284,0.92092,0.92221,0,0
2015-05-08,01:00:00,0.92228,0.92286,0.92164,0.92237,0,0
2015-05-08,02:00:00,0.92237,0.9226,0.92173,0.92179,0,0
2015-05-08,03:00:00,0.9218,0.92263,0.92158,0.92248,0,0
2015-05-08,04:00:00,0.92244,0.92271,0.9218,0.92257,0,0
2015-05-08,05:00:00,0.92249,0.92363,0.92205,0.92357,0,0
2015-05-08,06:00:00,0.92357,0.92451,0.92344,0.92408,0,0
2015-05-08,07:00:00,0.92405,0.92416,0.92255,0.92258,0,0
2015-05-08,08:00:00,0.92261,0.92305,0.92157,0.92291,0,0
2015-05-08,09:00:00,0.92293,0.92512,0.92281,0.92399,0,0
2015-05-08,10:00:00,0.92406,0.92507,0.92283,0.92316,0,0
2015-05-08,11:00:00,0.92315,0.92315,0.9209,0.92172,0,0
2015-05-08,12:00:00,0.92172,0.92278,0.92037,0.92087,0,0
2015-05-08,13:00:00,0.92091,0.92453,0.92065,0.92441,0,0
2015-05-08,14:00:00,0.92459,0.92528,0.92376,0.92526,0,0
2015-05-08,15:00:00,0.92527,0.92795,0.92036,0.92327,0,0
2015-05-08,16:00:00,0.92333,0.92587,0.92208,0.92474,0,0
2015-05-08,17:00:00,0.92474,0.92794,0.92471,0.92747,0,0
2015-05-08,18:00:00,0.92757,0.92935,0.92584,0.92754,0,0
2015-05-08,19:00:00,0.92754,0.93014,0.92722,0.92995,0,0
2015-05-08,20:00:00,0.92996,0.93049,0.92901,0.92983,0,0
2015-05-08,21:00:00,0.92975,0.93163,0.92975,0.93119,0,0
2015-05-08,22:00:00,0.93119,0.93165,0.93074,0.93099,0,0
2015-05-08,23:00:00,0.931,0.931,0.931,0.931,0,0
2015-05-11,01:00:00,0.93124,0.93189,0.93118,0.93178,0,0
2015-05-11,02:00:00,0.93178,0.932,0.93143,0.93161,0,0
2015-05-11,03:00:00,0.93163,0.9326,0.93059,0.93257,0,0
2015-05-11,04:00:00,0.93258,0.93416,0.93246,0.93322,0,0
2015-05-11,05:00:00,0.93318,0.93368,0.93254,0.93328,0,0
2015-05-11,06:00:00,0.93329,0.93499,0.93327,0.93432,0,0
2015-05-11,07:00:00,0.93433,0.93452,0.9336,0.93362,0,0
2015-05-11,08:00:00,0.93362,0.9346,0.93303,0.93401,0,0
2015-05-11,09:00:00,0.93401,0.93448,0.93038,0.9309,0,0
2015-05-11,10:00:00,0.93098,0.93318,0.93077,0.93165,0,0
2015-05-11,11:00:00,0.93163,0.93199,0.92977,0.93073,0,0
2015-05-11,12:00:00,0.93077,0.93227,0.93037,0.93187,0,0
2015-05-11,13:00:00,0.93191,0.93203,0.93076,0.93169,0,0
2015-05-11,14:00:00,0.9318,0.93411,0.93138,0.93395,0,0
2015-05-11,15:00:00,0.93391,0.93454,0.93189,0.93452,0,0
2015-05-11,16:00:00,0.93457,0.93484,0.93179,0.93387,0,0
2015-05-11,17:00:00,0.93381,0.93418,0.93189,0.93417,0,0
2015-05-11,18:00:00,0.93408,0.93519,0.93232,0.93444,0,0
2015-05-11,19:00:00,0.93445,0.93548,0.93408,0.9344,0,0
2015-05-11,20:00:00,0.93428,0.93522,0.93337,0.9342,0,0
2015-05-11,21:00:00,0.9342,0.93481,0.93339,0.93388,0,0
2015-05-11,22:00:00,0.93389,0.93451,0.93345,0.93425,0,0
2015-05-11,23:00:00,0.93424,0.93463,0.93395,0.93417,0,0
2015-05-11,23:59:00,0.9342,0.93453,0.9339,0.93422,0,0
2015-05-12,01:00:00,0.93419,0.93438,0.93395,0.93438,0,0
2015-05-12,02:00:00,0.93444,0.93506,0.93432,0.9346,0,0
2015-05-12,03:00:00,0.93462,0.93589,0.93422,0.93524,0,0
2015-05-12,04:00:00,0.93524,0.93528,0.9344,0.9344,0,0
2015-05-12,05:00:00,0.93443,0.93459,0.93313,0.93361,0,0
2015-05-12,06:00:00,0.93362,0.93425,0.93345,0.93419,0,0
2015-05-12,07:00:00,0.93414,0.93428,0.93299,0.93309,0,0
2015-05-12,08:00:00,0.93307,0.93365,0.93218,0.93326,0,0
2015-05-12,09:00:00,0.93328,0.93374,0.93064,0.93123,0,0
2015-05-12,10:00:00,0.93128,0.93207,0.92808,0.92838,0,0
2015-05-12,11:00:00,0.92838,0.92838,0.92395,0.92488,0,0
2015-05-12,12:00:00,0.92471,0.92483,0.92117,0.92238,0,0
2015-05-12,13:00:00,0.9224,0.9237,0.92157,0.92346,0,0
2015-05-12,14:00:00,0.92352,0.92493,0.92329,0.92472,0,0
2015-05-12,15:00:00,0.92474,0.92722,0.92467,0.92697,0,0
2015-05-12,16:00:00,0.927,0.92712,0.92309,0.92445,0,0
2015-05-12,17:00:00,0.92451,0.92706,0.92375,0.92555,0,0
2015-05-12,18:00:00,0.92547,0.92742,0.92546,0.92673,0,0
2015-05-12,19:00:00,0.92689,0.92777,0.92577,0.92749,0,0
2015-05-12,20:00:00,0.92747,0.92894,0.92736,0.92883,0,0
2015-05-12,21:00:00,0.92892,0.92922,0.92828,0.9285,0,0
2015-05-12,22:00:00,0.92852,0.92915,0.9284,0.92896,0,0
2015-05-12,23:00:00,0.92914,0.92988,0.92894,0.92942,0,0
2015-05-12,23:59:00,0.92941,0.92957,0.92832,0.92865,0,0
2015-05-13,01:00:00,0.92866,0.92926,0.92864,0.92908,0,0
2015-05-13,02:00:00,0.92908,0.92908,0.92843,0.9285,0,0
2015-05-13,03:00:00,0.9285,0.92905,0.92802,0.92825,0,0
2015-05-13,04:00:00,0.92829,0.92948,0.92802,0.92904,0,0
2015-05-13,05:00:00,0.92904,0.92912,0.92793,0.928,0,0
2015-05-13,06:00:00,0.928,0.92812,0.92721,0.92754,0,0
2015-05-13,07:00:00,0.92754,0.92777,0.92669,0.92694,0,0
2015-05-13,08:00:00,0.92694,0.92831,0.92679,0.92824,0,0
2015-05-13,09:00:00,0.92825,0.92886,0.92501,0.92528,0,0
2015-05-13,10:00:00,0.92528,0.92699,0.92498,0.92661,0,0
2015-05-13,11:00:00,0.92657,0.92805,0.92608,0.92797,0,0
2015-05-13,12:00:00,0.92794,0.92923,0.9261,0.92764,0,0
2015-05-13,13:00:00,0.92766,0.92921,0.92743,0.92809,0,0
2015-05-13,14:00:00,0.9281,0.92817,0.92684,0.92776,0,0
2015-05-13,15:00:00,0.92777,0.92863,0.92035,0.9219,0,0
2015-05-13,16:00:00,0.92199,0.92314,0.92002,0.92037,0,0
2015-05-13,17:00:00,0.9204,0.92066,0.91703,0.91725,0,0
2015-05-13,18:00:00,0.91731,0.91801,0.91544,0.91627,0,0
2015-05-13,19:00:00,0.91623,0.9177,0.91604,0.91674,0,0
2015-05-13,20:00:00,0.91677,0.91767,0.91588,0.9171,0,0
2015-05-13,21:00:00,0.9172,0.91745,0.91635,0.91654,0,0
2015-05-13,22:00:00,0.91648,0.91787,0.91648,0.91764,0,0
2015-05-13,23:00:00,0.91759,0.91785,0.91674,0.91677,0,0
2015-05-13,23:59:00,0.91677,0.91734,0.91663,0.91728,0,0
2015-05-14,01:00:00,0.917,0.9171,0.91647,0.91693,0,0
2015-05-14,02:00:00,0.91693,0.91752,0.91683,0.91717,0,0
2015-05-14,03:00:00,0.91717,0.91773,0.917,0.91727,0,0
2015-05-14,04:00:00,0.91727,0.91728,0.91617,0.91674,0,0
2015-05-14,05:00:00,0.91632,0.91703,0.91598,0.91698,0,0
2015-05-14,06:00:00,0.917,0.91701,0.91504,0.9153,0,0
2015-05-14,07:00:00,0.91529,0.91564,0.91507,0.91544,0,0
2015-05-14,08:00:00,0.91546,0.91592,0.91477,0.91478,0,0
2015-05-14,09:00:00,0.91484,0.91585,0.91279,0.91327,0,0
2015-05-14,10:00:00,0.91319,0.91534,0.91182,0.91477,0,0
2015-05-14,11:00:00,0.91475,0.91555,0.91324,0.91384,0,0
2015-05-14,12:00:00,0.91374,0.9142,0.91037,0.91042,0,0
2015-05-14,13:00:00,0.91042,0.91105,0.90791,0.90834,0,0
2015-05-14,14:00:00,0.90851,0.91104,0.90825,0.9088,0,0
2015-05-14,15:00:00,0.90903,0.91239,0.9087,0.911,0,0
2015-05-14,16:00:00,0.91131,0.91393,0.91077,0.91349,0,0
2015-05-14,17:00:00,0.9134,0.91535,0.91307,0.91513,0,0
2015-05-14,18:00:00,0.91508,0.91694,0.91431,0.9147,0,0
2015-05-14,19:00:00,0.9147,0.91509,0.91343,0.91375,0,0
2015-05-14,20:00:00,0.91375,0.91464,0.91301,0.91372,0,0
2015-05-14,21:00:00,0.91383,0.91417,0.91279,0.91314,0,0
2015-05-14,22:00:00,0.91314,0.91327,0.91238,0.91282,0,0
2015-05-14,23:00:00,0.91281,0.9132,0.91201,0.91218,0,0
2015-05-14,23:59:00,0.91221,0.91273,0.91202,0.91252,0,0
2015-05-15,01:00:00,0.9125,0.9127,0.91225,0.91263,0,0
2015-05-15,02:00:00,0.91264,0.913,0.91245,0.91265,0,0
2015-05-15,03:00:00,0.91264,0.9136,0.91262,0.91332,0,0
2015-05-15,04:00:00,0.91332,0.91393,0.9128,0.91314,0,0
2015-05-15,05:00:00,0.91315,0.91334,0.91227,0.91297,0,0
2015-05-15,06:00:00,0.91297,0.91315,0.91269,0.91284,0,0
2015-05-15,07:00:00,0.91285,0.913,0.91247,0.91279,0,0
2015-05-15,08:00:00,0.91279,0.91457,0.91267,0.9144,0,0
2015-05-15,09:00:00,0.91438,0.91481,0.91194,0.91194,0,0
2015-05-15,10:00:00,0.91185,0.91528,0.91155,0.91473,0,0
2015-05-15,11:00:00,0.91471,0.91754,0.91415,0.91717,0,0
2015-05-15,12:00:00,0.91741,0.91873,0.91717,0.91781,0,0
2015-05-15,13:00:00,0.91802,0.92092,0.91802,0.92024,0,0
2015-05-15,14:00:00,0.92026,0.92338,0.92013,0.92285,0,0
2015-05-15,15:00:00,0.92285,0.92478,0.92285,0.92464,0,0
2015-05-15,16:00:00,0.92463,0.9255,0.92359,0.92452,0,0
2015-05-15,17:00:00,0.92398,0.92398,0.91606,0.91616,0,0
2015-05-15,18:00:00,0.91607,0.91765,0.91536,0.91756,0,0
2015-05-15,19:00:00,0.91757,0.91851,0.91675,0.9179,0,0
2015-05-15,20:00:00,0.91791,0.91809,0.91585,0.91718,0,0
2015-05-15,21:00:00,0.91718,0.91738,0.91381,0.91402,0,0
2015-05-15,22:00:00,0.91403,0.91579,0.91403,0.91577,0,0
2015-05-15,23:00:00,0.91575,0.91575,0.91554,0.91558,0,0
2015-05-18,01:00:00,0.91569,0.91682,0.9155,0.91582,0,0
2015-05-18,02:00:00,0.91582,0.91582,0.9154,0.91544,0,0
2015-05-18,03:00:00,0.91545,0.91769,0.9154,0.91725,0,0
2015-05-18,04:00:00,0.91731,0.91896,0.91699,0.91894,0,0
2015-05-18,05:00:00,0.91891,0.91911,0.918,0.918,0,0
2015-05-18,06:00:00,0.918,0.91803,0.91753,0.91761,0,0
2015-05-18,07:00:00,0.9176,0.9179,0.91681,0.91704,0,0
2015-05-18,08:00:00,0.91704,0.91855,0.91704,0.91742,0,0
2015-05-18,09:00:00,0.91742,0.91836,0.91661,0.91836,0,0
2015-05-18,10:00:00,0.9184,0.92139,0.91767,0.91993,0,0
2015-05-18,11:00:00,0.91992,0.92186,0.91941,0.91981,0,0
2015-05-18,12:00:00,0.91981,0.92176,0.91844,0.91852,0,0
2015-05-18,13:00:00,0.91845,0.91869,0.91653,0.91736,0,0
2015-05-18,14:00:00,0.91733,0.91966,0.91725,0.91885,0,0
2015-05-18,15:00:00,0.91885,0.9207,0.91843,0.91919,0,0
2015-05-18,16:00:00,0.91915,0.92254,0.91836,0.92226,0,0
2015-05-18,17:00:00,0.92228,0.92296,0.92081,0.92194,0,0
2015-05-18,18:00:00,0.92193,0.9234,0.92165,0.92311,0,0
2015-05-18,19:00:00,0.9231,0.9249,0.92288,0.9235,0,0
2015-05-18,20:00:00,0.92351,0.92518,0.9232,0.92505,0,0
2015-05-18,21:00:00,0.92508,0.92618,0.92502,0.92581,0,0
2015-05-18,22:00:00,0.92583,0.92623,0.92528,0.9257,0,0
2015-05-18,23:00:00,0.92574,0.92644,0.92528,0.92633,0,0
2015-05-18,23:59:00,0.92632,0.92652,0.92591,0.9262,0,0
2015-05-19,01:00:00,0.92621,0.92636,0.92606,0.92619,0,0
2015-05-19,02:00:00,0.9262,0.92622,0.92586,0.92614,0,0
2015-05-19,03:00:00,0.92621,0.92652,0.92589,0.92638,0,0
2015-05-19,04:00:00,0.92639,0.92724,0.92612,0.92683,0,0
2015-05-19,05:00:00,0.92693,0.92705,0.92618,0.92634,0,0
2015-05-19,06:00:00,0.92634,0.92718,0.92595,0.92666,0,0
2015-05-19,07:00:00,0.92665,0.92683,0.92627,0.92676,0,0
2015-05-19,08:00:00,0.92676,0.92693,0.92594,0.92601,0,0
2015-05-19,09:00:00,0.92609,0.92753,0.92465,0.92533,0,0
2015-05-19,10:00:00,0.92532,0.93632,0.92525,0.93151,0,0
2015-05-19,11:00:00,0.9314,0.93301,0.93055,0.93183,0,0
2015-05-19,12:00:00,0.93209,0.93234,0.93032,0.93066,0,0
2015-05-19,13:00:00,0.93066,0.93145,0.93001,0.9303,0,0
2015-05-19,14:00:00,0.93028,0.93217,0.93005,0.93027,0,0
2015-05-19,15:00:00,0.93016,0.93792,0.93007,0.93747,0,0
2015-05-19,16:00:00,0.93748,0.93756,0.934,0.93494,0,0
2015-05-19,17:00:00,0.93505,0.93822,0.93474,0.93788,0,0
2015-05-19,18:00:00,0.93811,0.93842,0.9362,0.93685,0,0
2015-05-19,19:00:00,0.93687,0.93762,0.9362,0.93625,0,0
2015-05-19,20:00:00,0.93623,0.9384,0.93623,0.93758,0,0
2015-05-19,21:00:00,0.93755,0.93776,0.93678,0.93742,0,0
2015-05-19,22:00:00,0.93755,0.93768,0.93636,0.93768,0,0
2015-05-19,23:00:00,0.93776,0.93783,0.93677,0.93693,0,0
2015-05-19,23:59:00,0.93697,0.9373,0.93682,0.93704,0,0
2015-05-20,01:00:00,0.93703,0.93749,0.93695,0.93715,0,0
2015-05-20,02:00:00,0.93716,0.93744,0.93704,0.93723,0,0
2015-05-20,03:00:00,0.93724,0.93848,0.9371,0.93738,0,0
2015-05-20,04:00:00,0.93738,0.93793,0.93678,0.93717,0,0
2015-05-20,05:00:00,0.93716,0.93723,0.93601,0.93646,0,0
2015-05-20,06:00:00,0.93646,0.93681,0.93612,0.93654,0,0
2015-05-20,07:00:00,0.93654,0.93716,0.93618,0.93709,0,0
2015-05-20,08:00:00,0.93709,0.93772,0.93568,0.93772,0,0
2015-05-20,09:00:00,0.93806,0.93993,0.93738,0.93919,0,0
2015-05-20,10:00:00,0.93919,0.94057,0.93806,0.93901,0,0
2015-05-20,11:00:00,0.93901,0.93902,0.93602,0.93781,0,0
2015-05-20,12:00:00,0.93781,0.93861,0.9366,0.93776,0,0
2015-05-20,13:00:00,0.93776,0.94044,0.93724,0.94006,0,0
2015-05-20,14:00:00,0.94008,0.94014,0.93793,0.93831,0,0
2015-05-20,15:00:00,0.9383,0.93865,0.93526,0.9354,0,0
2015-05-20,16:00:00,0.93536,0.93857,0.93536,0.93773,0,0
2015-05-20,17:00:00,0.93748,0.93874,0.93681,0.93845,0,0
2015-05-20,18:00:00,0.93862,0.94044,0.93833,0.93955,0,0
2015-05-20,19:00:00,0.9396,0.93982,0.93713,0.93726,0,0
2015-05-20,20:00:00,0.93722,0.93758,0.93553,0.9361,0,0
2015-05-20,21:00:00,0.9361,0.93874,0.93385,0.93577,0,0
2015-05-20,22:00:00,0.93572,0.93706,0.93454,0.93617,0,0
2015-05-20,23:00:00,0.93614,0.93717,0.93579,0.93717,0,0
2015-05-20,23:59:00,0.93716,0.93736,0.93639,0.93698,0,0
2015-05-21,01:00:00,0.93698,0.93718,0.93655,0.93687,0,0
2015-05-21,02:00:00,0.93687,0.93702,0.93618,0.93621,0,0
2015-05-21,03:00:00,0.93621,0.93631,0.93463,0.93498,0,0
2015-05-21,04:00:00,0.93499,0.93567,0.93484,0.93538,0,0
2015-05-21,05:00:00,0.93539,0.93539,0.93388,0.93406,0,0
2015-05-21,06:00:00,0.93406,0.93484,0.93381,0.93417,0,0
2015-05-21,07:00:00,0.93417,0.93467,0.93348,0.93457,0,0
2015-05-21,08:00:00,0.93446,0.93584,0.93428,0.9348,0,0
2015-05-21,09:00:00,0.93484,0.93823,0.93484,0.93668,0,0
2015-05-21,10:00:00,0.93681,0.93681,0.93334,0.9348,0,0
2015-05-21,11:00:00,0.93492,0.93502,0.93164,0.93237,0,0
2015-05-21,12:00:00,0.93247,0.93358,0.93237,0.93287,0,0
2015-05-21,13:00:00,0.93307,0.93336,0.93061,0.93204,0,0
2015-05-21,14:00:00,0.93208,0.93403,0.93141,0.93392,0,0
2015-05-21,15:00:00,0.93385,0.93575,0.93315,0.93563,0,0
2015-05-21,16:00:00,0.93567,0.9365,0.93382,0.93537,0,0
2015-05-21,17:00:00,0.93552,0.93725,0.9334,0.93619,0,0
2015-05-21,18:00:00,0.93612,0.9362,0.93415,0.9348,0,0
2015-05-21,19:00:00,0.93476,0.93514,0.93387,0.93403,0,0
2015-05-21,20:00:00,0.93403,0.93536,0.93387,0.93533,0,0
2015-05-21,21:00:00,0.93532,0.93555,0.93458,0.93554,0,0
2015-05-21,22:00:00,0.93551,0.93665,0.9352,0.93654,0,0
2015-05-21,23:00:00,0.93653,0.93685,0.93636,0.93668,0,0
2015-05-21,23:59:00,0.93675,0.9373,0.93624,0.93707,0,0
2015-05-22,01:00:00,0.93711,0.93711,0.9366,0.93703,0,0
2015-05-22,02:00:00,0.93704,0.93774,0.93675,0.9377,0,0
2015-05-22,03:00:00,0.93784,0.93784,0.93667,0.93668,0,0
2015-05-22,04:00:00,0.9367,0.93679,0.93603,0.93655,0,0
2015-05-22,05:00:00,0.93655,0.9368,0.93555,0.93564,0,0
2015-05-22,06:00:00,0.93564,0.93619,0.93493,0.93496,0,0
2015-05-22,07:00:00,0.93496,0.93542,0.93455,0.93539,0,0
2015-05-22,08:00:00,0.93538,0.93578,0.93447,0.93482,0,0
2015-05-22,09:00:00,0.93486,0.93494,0.93303,0.93392,0,0
2015-05-22,10:00:00,0.93393,0.93485,0.93337,0.9336,0,0
2015-05-22,11:00:00,0.93363,0.93376,0.93214,0.93222,0,0
2015-05-22,12:00:00,0.93225,0.93266,0.92925,0.93029,0,0
2015-05-22,13:00:00,0.9303,0.93135,0.92884,0.9313,0,0
2015-05-22,14:00:00,0.93129,0.93382,0.93129,0.93341,0,0
2015-05-22,15:00:00,0.9334,0.9426,0.93224,0.94134,0,0
2015-05-22,16:00:00,0.94148,0.94563,0.94148,0.94343,0,0
2015-05-22,17:00:00,0.9435,0.94487,0.94151,0.94244,0,0
2015-05-22,18:00:00,0.9425,0.94345,0.94154,0.94294,0,0
2015-05-22,19:00:00,0.94297,0.94334,0.94207,0.9425,0,0
2015-05-22,20:00:00,0.94269,0.94442,0.94194,0.94422,0,0
2015-05-22,21:00:00,0.94421,0.94499,0.9432,0.94352,0,0
2015-05-22,22:00:00,0.94352,0.94454,0.9434,0.94419,0,0
2015-05-22,23:00:00,0.94414,0.94418,0.94409,0.94418,0,0
2015-05-25,01:00:00,0.94395,0.94487,0.94305,0.94309,0,0
2015-05-25,02:00:00,0.94303,0.94379,0.94268,0.94334,0,0
2015-05-25,03:00:00,0.94335,0.94514,0.94334,0.94416,0,0
2015-05-25,04:00:00,0.94409,0.94449,0.94355,0.94403,0,0
2015-05-25,05:00:00,0.94403,0.94412,0.94274,0.9429,0,0
2015-05-25,06:00:00,0.9429,0.94309,0.94246,0.94282,0,0
2015-05-25,07:00:00,0.94282,0.94298,0.94275,0.94275,0,0
2015-05-25,08:00:00,0.94275,0.94303,0.94173,0.94188,0,0
2015-05-25,09:00:00,0.9419,0.94199,0.94057,0.94107,0,0
2015-05-25,10:00:00,0.9409,0.94336,0.94061,0.94324,0,0
2015-05-25,11:00:00,0.94323,0.94405,0.94318,0.9432,0,0
2015-05-25,12:00:00,0.9432,0.94379,0.94186,0.94325,0,0
2015-05-25,13:00:00,0.94325,0.9437,0.94303,0.94311,0,0
2015-05-25,14:00:00,0.94319,0.94345,0.94257,0.94282,0,0
2015-05-25,15:00:00,0.94282,0.9429,0.94187,0.9426,0,0
2015-05-25,16:00:00,0.94263,0.94359,0.94203,0.94348,0,0
2015-05-25,17:00:00,0.94351,0.94464,0.94337,0.94426,0,0
2015-05-25,18:00:00,0.94426,0.9448,0.94375,0.9445,0,0
2015-05-25,19:00:00,0.94455,0.94571,0.9445,0.94558,0,0
2015-05-25,20:00:00,0.94519,0.94567,0.94519,0.94547,0,0
2015-05-25,21:00:00,0.94547,0.94549,0.94525,0.94538,0,0
2015-05-25,22:00:00,0.94533,0.9456,0.94489,0.94532,0,0
2015-05-25,23:00:00,0.94541,0.9457,0.9449,0.94506,0,0
2015-05-25,23:59:00,0.94506,0.94562,0.94499,0.94539,0,0
2015-05-26,01:00:00,0.94539,0.94576,0.94495,0.94515,0,0
2015-05-26,02:00:00,0.94514,0.9459,0.945,0.94582,0,0
2015-05-26,03:00:00,0.94582,0.94737,0.94582,0.94665,0,0
2015-05-26,04:00:00,0.94665,0.94744,0.9462,0.94722,0,0
2015-05-26,05:00:00,0.94722,0.94728,0.94565,0.94592,0,0
2015-05-26,06:00:00,0.94592,0.94705,0.94592,0.94678,0,0
2015-05-26,07:00:00,0.94679,0.94749,0.94655,0.94749,0,0
2015-05-26,08:00:00,0.94749,0.9478,0.94708,0.94761,0,0
2015-05-26,09:00:00,0.94769,0.95133,0.9472,0.95088,0,0
2015-05-26,10:00:00,0.95095,0.95149,0.94889,0.94946,0,0
2015-05-26,11:00:00,0.94954,0.95202,0.94901,0.95077,0,0
2015-05-26,12:00:00,0.95077,0.95088,0.94719,0.94734,0,0
2015-05-26,13:00:00,0.94729,0.94897,0.94611,0.94856,0,0
2015-05-26,14:00:00,0.94854,0.94857,0.94657,0.94684,0,0
2015-05-26,15:00:00,0.94676,0.95105,0.94651,0.94948,0,0
2015-05-26,16:00:00,0.94955,0.95011,0.9471,0.9488,0,0
2015-05-26,17:00:00,0.94879,0.95171,0.94861,0.94912,0,0
2015-05-26,18:00:00,0.94945,0.95049,0.94851,0.95044,0,0
2015-05-26,19:00:00,0.95052,0.95106,0.94953,0.94965,0,0
2015-05-26,20:00:00,0.94967,0.95095,0.9496,0.95095,0,0
2015-05-26,21:00:00,0.95094,0.95293,0.95026,0.95281,0,0
2015-05-26,22:00:00,0.95289,0.95327,0.95263,0.95316,0,0
2015-05-26,23:00:00,0.95317,0.95368,0.95263,0.9534,0,0
2015-05-26,23:59:00,0.95335,0.95391,0.95307,0.95339,0,0
2015-05-27,01:00:00,0.95344,0.95344,0.95258,0.95265,0,0
2015-05-27,02:00:00,0.95264,0.95285,0.95191,0.95191,0,0
2015-05-27,03:00:00,0.95191,0.95282,0.95191,0.95246,0,0
2015-05-27,04:00:00,0.95249,0.95362,0.9519,0.95315,0,0
2015-05-27,05:00:00,0.95319,0.95323,0.95171,0.95214,0,0
2015-05-27,06:00:00,0.95215,0.95223,0.9515,0.95175,0,0
2015-05-27,07:00:00,0.95175,0.95219,0.9509,0.95119,0,0
2015-05-27,08:00:00,0.95119,0.95134,0.94878,0.94983,0,0
2015-05-27,09:00:00,0.94985,0.95048,0.94709,0.94723,0,0
2015-05-27,10:00:00,0.94738,0.9494,0.94726,0.94768,0,0
2015-05-27,11:00:00,0.94768,0.94848,0.94724,0.94774,0,0
2015-05-27,12:00:00,0.94779,0.94903,0.94676,0.94871,0,0
2015-05-27,13:00:00,0.94877,0.95024,0.94821,0.94968,0,0
2015-05-27,14:00:00,0.94941,0.95192,0.94869,0.95141,0,0
2015-05-27,15:00:00,0.95145,0.95379,0.94964,0.95361,0,0
2015-05-27,16:00:00,0.95358,0.95431,0.95077,0.95237,0,0
2015-05-27,17:00:00,0.95239,0.95274,0.94845,0.95127,0,0
2015-05-27,18:00:00,0.9512,0.95195,0.9483,0.95093,0,0
2015-05-27,19:00:00,0.95091,0.95159,0.95043,0.95069,0,0
2015-05-27,20:00:00,0.95061,0.95097,0.94957,0.94994,0,0
2015-05-27,21:00:00,0.94993,0.95202,0.94993,0.95141,0,0
2015-05-27,22:00:00,0.95142,0.95169,0.95017,0.95049,0,0
2015-05-27,23:00:00,0.95048,0.95059,0.94938,0.94938,0,0
2015-05-27,23:59:00,0.94958,0.95037,0.94922,0.95023,0,0
2015-05-28,01:00:00,0.9503,0.95046,0.94946,0.94967,0,0
2015-05-28,02:00:00,0.94967,0.95005,0.94965,0.94991,0,0
2015-05-28,03:00:00,0.94991,0.95035,0.94864,0.94905,0,0
2015-05-28,04:00:00,0.94904,0.94957,0.94793,0.9489,0,0
2015-05-28,05:00:00,0.94891,0.94991,0.94797,0.94976,0,0
2015-05-28,06:00:00,0.94976,0.94977,0.94829,0.94907,0,0
2015-05-28,07:00:00,0.94907,0.9494,0.94774,0.94779,0,0
2015-05-28,08:00:00,0.9478,0.9485,0.94753,0.94787,0,0
2015-05-28,09:00:00,0.94787,0.94934,0.94548,0.9462,0,0
2015-05-28,10:00:00,0.94615,0.9481,0.9453,0.94544,0,0
2015-05-28,11:00:00,0.94537,0.94769,0.94511,0.94606,0,0
2015-05-28,12:00:00,0.94611,0.94731,0.94557,0.94656,0,0
2015-05-28,13:00:00,0.94657,0.94713,0.94562,0.94632,0,0
2015-05-28,14:00:00,0.94639,0.94995,0.94626,0.94974,0,0
2015-05-28,15:00:00,0.94992,0.95128,0.94814,0.94885,0,0
2015-05-28,16:00:00,0.94887,0.95051,0.94878,0.94958,0,0
2015-05-28,17:00:00,0.9496,0.95089,0.94555,0.94555,0,0
2015-05-28,18:00:00,0.94567,0.94712,0.94524,0.94587,0,0
2015-05-28,19:00:00,0.94584,0.94709,0.94362,0.9446,0,0
2015-05-28,20:00:00,0.94456,0.94456,0.94189,0.94347,0,0
2015-05-28,21:00:00,0.94349,0.94453,0.94247,0.94272,0,0
2015-05-28,22:00:00,0.94263,0.9444,0.9425,0.94415,0,0
2015-05-28,23:00:00,0.94425,0.9444,0.94317,0.94392,0,0
2015-05-28,23:59:00,0.94383,0.94511,0.94221,0.94341,0,0
2015-05-29,01:00:00,0.94334,0.94371,0.94226,0.94249,0,0
2015-05-29,02:00:00,0.94249,0.94323,0.94247,0.94301,0,0
2015-05-29,03:00:00,0.94301,0.9435,0.94266,0.943,0,0
2015-05-29,04:00:00,0.94298,0.94338,0.94248,0.94268,0,0
2015-05-29,05:00:00,0.94269,0.94321,0.94233,0.94286,0,0
2015-05-29,06:00:00,0.94289,0.94289,0.94182,0.94185,0,0
2015-05-29,07:00:00,0.94185,0.94214,0.9409,0.94177,0,0
2015-05-29,08:00:00,0.94185,0.94357,0.94177,0.94335,0,0
2015-05-29,09:00:00,0.94344,0.94753,0.94275,0.94753,0,0
2015-05-29,10:00:00,0.94757,0.94793,0.9439,0.94442,0,0
2015-05-29,11:00:00,0.94425,0.94442,0.94251,0.94426,0,0
2015-05-29,12:00:00,0.94449,0.94471,0.94064,0.94074,0,0
2015-05-29,13:00:00,0.94082,0.94218,0.94019,0.94175,0,0
2015-05-29,14:00:00,0.94164,0.94328,0.94119,0.94148,0,0
2015-05-29,15:00:00,0.94149,0.94309,0.93952,0.94106,0,0
2015-05-29,16:00:00,0.94099,0.94215,0.93489,0.93588,0,0
2015-05-29,17:00:00,0.93626,0.94392,0.93572,0.94347,0,0
2015-05-29,18:00:00,0.94378,0.94466,0.94061,0.94064,0,0
2015-05-29,19:00:00,0.94073,0.94212,0.93998,0.94211,0,0
2015-05-29,20:00:00,0.94211,0.94211,0.93914,0.93979,0,0
2015-05-29,21:00:00,0.93976,0.9402,0.93909,0.93991,0,0
2015-05-29,22:00:00,0.93987,0.94026,0.93941,0.93984,0,0
2015-05-29,23:00:00,0.93992,0.94019,0.9399,0.94018,0,0
2015-06-01,01:00:00,0.94001,0.9411,0.94001,0.94081,0,0
2015-06-01,02:00:00,0.94081,0.94162,0.94035,0.94148,0,0
2015-06-01,03:00:00,0.94149,0.94318,0.94148,0.94228,0,0
2015-06-01,04:00:00,0.94228,0.94321,0.94203,0.94261,0,0
2015-06-01,05:00:00,0.94266,0.94295,0.94222,0.94269,0,0
2015-06-01,06:00:00,0.9427,0.94301,0.942,0.94232,0,0
2015-06-01,07:00:00,0.94232,0.94273,0.94173,0.9424,0,0
2015-06-01,08:00:00,0.9424,0.94354,0.94222,0.94319,0,0
2015-06-01,09:00:00,0.94319,0.94553,0.9429,0.94509,0,0
2015-06-01,10:00:00,0.94502,0.94772,0.94436,0.94662,0,0
2015-06-01,11:00:00,0.94659,0.94711,0.94575,0.94677,0,0
2015-06-01,12:00:00,0.94694,0.94805,0.94569,0.94599,0,0
2015-06-01,13:00:00,0.94606,0.94724,0.94503,0.94533,0,0
2015-06-01,14:00:00,0.94531,0.94657,0.94439,0.94458,0,0
2015-06-01,15:00:00,0.94458,0.94504,0.94271,0.94396,0,0
2015-06-01,16:00:00,0.94377,0.94397,0.94055,0.94125,0,0
2015-06-01,17:00:00,0.94121,0.94647,0.94121,0.9464,0,0
2015-06-01,18:00:00,0.94624,0.94833,0.94608,0.94691,0,0
2015-06-01,19:00:00,0.94691,0.94822,0.94613,0.94678,0,0
2015-06-01,20:00:00,0.94668,0.94682,0.94472,0.946,0,0
2015-06-01,21:00:00,0.94596,0.94682,0.94543,0.94567,0,0
2015-06-01,22:00:00,0.94568,0.94649,0.94525,0.94636,0,0
2015-06-01,23:00:00,0.94636,0.94672,0.9453,0.94595,0,0
2015-06-01,23:59:00,0.94595,0.94733,0.94493,0.94593,0,0
2015-06-02,01:00:00,0.94594,0.94621,0.94565,0.94574,0,0
2015-06-02,02:00:00,0.94575,0.94635,0.94566,0.94612,0,0
2015-06-02,03:00:00,0.9461,0.94611,0.94496,0.94518,0,0
2015-06-02,04:00:00,0.94517,0.94548,0.94495,0.94526,0,0
2015-06-02,05:00:00,0.94514,0.94585,0.94492,0.94509,0,0
2015-06-02,06:00:00,0.94508,0.94529,0.94448,0.94464,0,0
2015-06-02,07:00:00,0.94464,0.94516,0.9442,0.94435,0,0
2015-06-02,08:00:00,0.94435,0.94514,0.94374,0.94499,0,0
2015-06-02,09:00:00,0.94499,0.94585,0.94152,0.94171,0,0
2015-06-02,10:00:00,0.94192,0.9439,0.94063,0.94385,0,0
2015-06-02,11:00:00,0.94423,0.94433,0.94131,0.94138,0,0
2015-06-02,12:00:00,0.9413,0.94218,0.94029,0.94107,0,0
2015-06-02,13:00:00,0.94104,0.94193,0.93924,0.94041,0,0
2015-06-02,14:00:00,0.94045,0.94172,0.93888,0.94132,0,0
2015-06-02,15:00:00,0.94129,0.94305,0.94017,0.9403,0,0
2015-06-02,16:00:00,0.94029,0.94029,0.93171,0.93352,0,0
2015-06-02,17:00:00,0.93352,0.93546,0.93132,0.93421,0,0
2015-06-02,18:00:00,0.93418,0.93474,0.93323,0.93449,0,0
2015-06-02,19:00:00,0.93451,0.93504,0.93206,0.93278,0,0
2015-06-02,20:00:00,0.93284,0.93308,0.93176,0.93177,0,0
2015-06-02,21:00:00,0.93175,0.93282,0.93108,0.93193,0,0
2015-06-02,22:00:00,0.93162,0.9339,0.93162,0.93324,0,0
2015-06-02,23:00:00,0.93323,0.93358,0.93287,0.9331,0,0
2015-06-02,23:59:00,0.93308,0.9334,0.93285,0.93323,0,0
2015-06-03,01:00:00,0.93322,0.93345,0.93299,0.93332,0,0
2015-06-03,02:00:00,0.93332,0.93352,0.933,0.93352,0,0
2015-06-03,03:00:00,0.93354,0.9345,0.93352,0.93393,0,0
2015-06-03,04:00:00,0.93395,0.93402,0.93235,0.93316,0,0
2015-06-03,05:00:00,0.93315,0.93335,0.93251,0.93274,0,0
2015-06-03,06:00:00,0.93274,0.93359,0.93262,0.93339,0,0
2015-06-03,07:00:00,0.93351,0.93351,0.93255,0.93298,0,0
2015-06-03,08:00:00,0.93298,0.93305,0.93137,0.93242,0,0
2015-06-03,09:00:00,0.93243,0.93336,0.93034,0.93252,0,0
2015-06-03,10:00:00,0.93267,0.93573,0.93263,0.9341,0,0
2015-06-03,11:00:00,0.9341,0.93559,0.93279,0.93544,0,0
2015-06-03,12:00:00,0.93537,0.93696,0.93438,0.93555,0,0
2015-06-03,13:00:00,0.93553,0.93705,0.93489,0.93631,0,0
2015-06-03,14:00:00,0.93639,0.93821,0.93501,0.93795,0,0
2015-06-03,15:00:00,0.93791,0.9423,0.93674,0.94008,0,0
2015-06-03,16:00:00,0.94008,0.94009,0.93291,0.93327,0,0
2015-06-03,17:00:00,0.93324,0.93549,0.93117,0.93508,0,0
2015-06-03,18:00:00,0.93503,0.93533,0.93318,0.9338,0,0
2015-06-03,19:00:00,0.93378,0.9349,0.93322,0.93454,0,0
2015-06-03,20:00:00,0.93454,0.93602,0.93411,0.9358,0,0
2015-06-03,21:00:00,0.93574,0.93602,0.93485,0.93564,0,0
2015-06-03,22:00:00,0.93569,0.93582,0.93434,0.93447,0,0
2015-06-03,23:00:00,0.93437,0.93461,0.93362,0.93385,0,0
2015-06-03,23:59:00,0.93392,0.93445,0.93389,0.93404,0,0
2015-06-04,01:00:00,0.93404,0.93458,0.93377,0.93377,0,0
2015-06-04,02:00:00,0.93381,0.93487,0.93381,0.93459,0,0
2015-06-04,03:00:00,0.93457,0.93481,0.93416,0.93434,0,0
2015-06-04,04:00:00,0.93434,0.93533,0.93379,0.9347,0,0
2015-06-04,05:00:00,0.93477,0.9348,0.93435,0.93447,0,0
2015-06-04,06:00:00,0.93449,0.93449,0.93393,0.9343,0,0
2015-06-04,07:00:00,0.93428,0.93453,0.93398,0.93442,0,0
2015-06-04,08:00:00,0.93442,0.93456,0.93353,0.93394,0,0
2015-06-04,09:00:00,0.93393,0.93609,0.93351,0.9358,0,0
2015-06-04,10:00:00,0.93579,0.93714,0.93525,0.93576,0,0
2015-06-04,11:00:00,0.93575,0.93595,0.92791,0.9301,0,0
2015-06-04,12:00:00,0.92995,0.93016,0.92839,0.92934,0,0
2015-06-04,13:00:00,0.92949,0.93107,0.92923,0.92963,0,0
2015-06-04,14:00:00,0.92964,0.93189,0.92875,0.93168,0,0
2015-06-04,15:00:00,0.93165,0.93377,0.93154,0.93271,0,0
2015-06-04,16:00:00,0.93271,0.93512,0.93262,0.93427,0,0
2015-06-04,17:00:00,0.93433,0.93478,0.93266,0.93413,0,0
2015-06-04,18:00:00,0.93415,0.93556,0.93386,0.93446,0,0
2015-06-04,19:00:00,0.93435,0.93471,0.93141,0.93291,0,0
2015-06-04,20:00:00,0.93295,0.93496,0.93211,0.93376,0,0
2015-06-04,21:00:00,0.93367,0.93384,0.93221,0.93289,0,0
2015-06-04,22:00:00,0.93281,0.93341,0.93222,0.93316,0,0
2015-06-04,23:00:00,0.93315,0.93365,0.93297,0.93365,0,0
2015-06-04,23:59:00,0.93374,0.93416,0.93341,0.93402,0,0
2015-06-05,01:00:00,0.93396,0.93519,0.9338,0.93502,0,0
2015-06-05,02:00:00,0.93504,0.93625,0.93441,0.93497,0,0
2015-06-05,03:00:00,0.93499,0.93577,0.93452,0.93518,0,0
2015-06-05,04:00:00,0.93519,0.9361,0.93494,0.93512,0,0
2015-06-05,05:00:00,0.93507,0.93516,0.93486,0.93492,0,0
2015-06-05,06:00:00,0.93493,0.93516,0.93471,0.93471,0,0
2015-06-05,07:00:00,0.93471,0.93482,0.93327,0.93377,0,0
2015-06-05,08:00:00,0.93377,0.93452,0.93358,0.93358,0,0
2015-06-05,09:00:00,0.93358,0.93423,0.93234,0.93245,0,0
2015-06-05,10:00:00,0.93242,0.93309,0.92991,0.93121,0,0
2015-06-05,11:00:00,0.93119,0.93279,0.93061,0.9325,0,0
2015-06-05,12:00:00,0.93255,0.93313,0.93148,0.93164,0,0
2015-06-05,13:00:00,0.93164,0.93484,0.93159,0.93441,0,0
2015-06-05,14:00:00,0.93441,0.93453,0.93215,0.93275,0,0
2015-06-05,15:00:00,0.9328,0.94574,0.9324,0.94574,0,0
2015-06-05,16:00:00,0.94562,0.95021,0.94495,0.9485,0,0
2015-06-05,17:00:00,0.94863,0.94863,0.94381,0.94703,0,0
2015-06-05,18:00:00,0.94703,0.94712,0.94314,0.9436,0,0
2015-06-05,19:00:00,0.94358,0.94379,0.94009,0.9401,0,0
2015-06-05,20:00:00,0.93996,0.94127,0.93849,0.94029,0,0
2015-06-05,21:00:00,0.94023,0.94062,0.93793,0.93948,0,0
2015-06-05,22:00:00,0.93948,0.94029,0.93928,0.93988,0,0
2015-06-05,23:00:00,0.94004,0.94008,0.94001,0.94001,0,0
2015-06-08,01:00:00,0.94093,0.94093,0.9401,0.94048,0,0
2015-06-08,02:00:00,0.94048,0.94074,0.94012,0.94074,0,0
2015-06-08,03:00:00,0.94076,0.94193,0.93972,0.94193,0,0
2015-06-08,04:00:00,0.94197,0.94197,0.94056,0.94121,0,0
2015-06-08,05:00:00,0.94123,0.94195,0.94109,0.94163,0,0
2015-06-08,06:00:00,0.94163,0.9418,0.94118,0.94124,0,0
2015-06-08,07:00:00,0.94124,0.94175,0.9411,0.94137,0,0
2015-06-08,08:00:00,0.94137,0.94161,0.94089,0.94103,0,0
2015-06-08,09:00:00,0.94091,0.94298,0.93786,0.93994,0,0
2015-06-08,10:00:00,0.93989,0.93989,0.93688,0.93756,0,0
2015-06-08,11:00:00,0.93752,0.94055,0.9375,0.94012,0,0
2015-06-08,12:00:00,0.94009,0.94038,0.93879,0.94026,0,0
2015-06-08,13:00:00,0.94036,0.94079,0.93978,0.9401,0,0
2015-06-08,14:00:00,0.94012,0.94012,0.93747,0.93784,0,0
2015-06-08,15:00:00,0.93786,0.93814,0.93542,0.9372,0,0
2015-06-08,16:00:00,0.93723,0.93808,0.93546,0.93691,0,0
2015-06-08,17:00:00,0.93684,0.93784,0.93516,0.93651,0,0
2015-06-08,18:00:00,0.9365,0.93714,0.93135,0.93336,0,0
2015-06-08,19:00:00,0.93335,0.93358,0.93193,0.93233,0,0
2015-06-08,20:00:00,0.93252,0.93275,0.92818,0.92886,0,0
2015-06-08,21:00:00,0.92887,0.92963,0.92748,0.9292,0,0
2015-06-08,22:00:00,0.92918,0.9295,0.92805,0.92861,0,0
2015-06-08,23:00:00,0.92868,0.92882,0.92576,0.92739,0,0
2015-06-08,23:59:00,0.92748,0.92797,0.92732,0.92773,0,0
2015-06-09,01:00:00,0.92766,0.92796,0.92718,0.9274,0,0
2015-06-09,02:00:00,0.9274,0.92781,0.92728,0.92748,0,0
2015-06-09,03:00:00,0.92748,0.92825,0.9274,0.92776,0,0
2015-06-09,04:00:00,0.9278,0.92785,0.92529,0.92656,0,0
2015-06-09,05:00:00,0.92656,0.92687,0.9262,0.92648,0,0
2015-06-09,06:00:00,0.92648,0.92673,0.92604,0.92637,0,0
2015-06-09,07:00:00,0.92653,0.9269,0.92633,0.9267,0,0
2015-06-09,08:00:00,0.9267,0.92673,0.92525,0.92547,0,0
2015-06-09,09:00:00,0.92545,0.92797,0.92544,0.92726,0,0
2015-06-09,10:00:00,0.92723,0.92967,0.92607,0.92657,0,0
2015-06-09,11:00:00,0.92671,0.92798,0.92467,0.92744,0,0
2015-06-09,12:00:00,0.92726,0.92915,0.9259,0.92863,0,0
2015-06-09,13:00:00,0.92867,0.92968,0.92753,0.92775,0,0
2015-06-09,14:00:00,0.92758,0.931,0.92712,0.9309,0,0
2015-06-09,15:00:00,0.93097,0.93323,0.92964,0.93219,0,0
2015-06-09,16:00:00,0.93219,0.93239,0.92887,0.9303,0,0
2015-06-09,17:00:00,0.92997,0.93231,0.92924,0.9313,0,0
2015-06-09,18:00:00,0.93128,0.9316,0.92871,0.9297,0,0
2015-06-09,19:00:00,0.9297,0.93165,0.92888,0.93107,0,0
2015-06-09,20:00:00,0.93107,0.93187,0.93023,0.93076,0,0
2015-06-09,21:00:00,0.93078,0.93146,0.93047,0.93127,0,0
2015-06-09,22:00:00,0.93125,0.93139,0.93067,0.93105,0,0
2015-06-09,23:00:00,0.93104,0.93119,0.93066,0.93084,0,0
2015-06-09,23:59:00,0.93073,0.93115,0.93066,0.93111,0,0
2015-06-10,01:00:00,0.93111,0.9314,0.93094,0.93133,0,0
2015-06-10,02:00:00,0.93133,0.93133,0.93006,0.93048,0,0
2015-06-10,03:00:00,0.93049,0.93062,0.92928,0.93008,0,0
2015-06-10,04:00:00,0.93008,0.93066,0.92965,0.93045,0,0
2015-06-10,05:00:00,0.93044,0.93188,0.9304,0.93166,0,0
2015-06-10,06:00:00,0.93167,0.93219,0.93127,0.93164,0,0
2015-06-10,07:00:00,0.93164,0.93193,0.92913,0.92953,0,0
2015-06-10,08:00:00,0.92954,0.93049,0.92845,0.92913,0,0
2015-06-10,09:00:00,0.92917,0.93049,0.92743,0.92809,0,0
2015-06-10,10:00:00,0.92775,0.92835,0.92342,0.92462,0,0
2015-06-10,11:00:00,0.92466,0.92733,0.92339,0.92692,0,0
2015-06-10,12:00:00,0.92687,0.92937,0.92651,0.9292,0,0
2015-06-10,13:00:00,0.92917,0.93016,0.92752,0.92882,0,0
2015-06-10,14:00:00,0.92873,0.93063,0.92793,0.92975,0,0
2015-06-10,15:00:00,0.92974,0.93035,0.92755,0.92829,0,0
2015-06-10,16:00:00,0.92835,0.92866,0.92609,0.92717,0,0
2015-06-10,17:00:00,0.92725,0.93034,0.92559,0.92864,0,0
2015-06-10,18:00:00,0.92869,0.92987,0.92662,0.92938,0,0
2015-06-10,19:00:00,0.92938,0.9324,0.9291,0.93125,0,0
2015-06-10,20:00:00,0.93126,0.93245,0.93035,0.93177,0,0
2015-06-10,21:00:00,0.93177,0.93199,0.93107,0.93177,0,0
2015-06-10,22:00:00,0.93172,0.93202,0.93101,0.93113,0,0
2015-06-10,23:00:00,0.93101,0.93174,0.93084,0.93151,0,0
2015-06-10,23:59:00,0.93134,0.93235,0.9308,0.93204,0,0
2015-06-11,01:00:00,0.93195,0.93233,0.9316,0.93204,0,0
2015-06-11,02:00:00,0.93204,0.93252,0.93203,0.93216,0,0
2015-06-11,03:00:00,0.93216,0.93242,0.93185,0.93231,0,0
2015-06-11,04:00:00,0.93223,0.93367,0.93176,0.93353,0,0
2015-06-11,05:00:00,0.93355,0.93365,0.93273,0.93276,0,0
2015-06-11,06:00:00,0.93276,0.93311,0.93228,0.93299,0,0
2015-06-11,07:00:00,0.93299,0.93305,0.93222,0.93286,0,0
2015-06-11,08:00:00,0.93286,0.93322,0.93151,0.93158,0,0
2015-06-11,09:00:00,0.9315,0.93275,0.93011,0.93162,0,0
2015-06-11,10:00:00,0.9317,0.93447,0.9317,0.93322,0,0
2015-06-11,11:00:00,0.93341,0.93756,0.93339,0.93568,0,0
2015-06-11,12:00:00,0.93566,0.93789,0.93566,0.93577,0,0
2015-06-11,13:00:00,0.93579,0.93595,0.93411,0.93415,0,0
2015-06-11,14:00:00,0.93414,0.93675,0.93403,0.93668,0,0
2015-06-11,15:00:00,0.93669,0.94073,0.93353,0.93476,0,0
2015-06-11,16:00:00,0.93494,0.93755,0.93461,0.93643,0,0
2015-06-11,17:00:00,0.93644,0.93819,0.93525,0.93618,0,0
2015-06-11,18:00:00,0.93619,0.93702,0.93475,0.93653,0,0
2015-06-11,19:00:00,0.93654,0.9376,0.93575,0.93633,0,0
2015-06-11,20:00:00,0.93633,0.9369,0.93609,0.93652,0,0
2015-06-11,21:00:00,0.93651,0.93651,0.93412,0.93414,0,0
2015-06-11,22:00:00,0.93417,0.93428,0.93266,0.93306,0,0
2015-06-11,23:00:00,0.93309,0.934,0.93243,0.93323,0,0
2015-06-11,23:59:00,0.93314,0.93401,0.93256,0.93394,0,0
2015-06-12,01:00:00,0.93398,0.93409,0.93359,0.93403,0,0
2015-06-12,02:00:00,0.93403,0.93416,0.93374,0.93392,0,0
2015-06-12,03:00:00,0.93393,0.9341,0.93328,0.93329,0,0
2015-06-12,04:00:00,0.93329,0.93381,0.93286,0.93287,0,0
2015-06-12,05:00:00,0.93287,0.9334,0.93265,0.93324,0,0
2015-06-12,06:00:00,0.93324,0.9334,0.93254,0.9333,0,0
2015-06-12,07:00:00,0.9333,0.93448,0.93262,0.93433,0,0
2015-06-12,08:00:00,0.93433,0.93444,0.93332,0.93375,0,0
2015-06-12,09:00:00,0.93373,0.9345,0.93334,0.93415,0,0
2015-06-12,10:00:00,0.93415,0.93458,0.93245,0.93446,0,0
2015-06-12,11:00:00,0.93448,0.93905,0.93348,0.93722,0,0
2015-06-12,12:00:00,0.93718,0.93792,0.93441,0.93526,0,0
2015-06-12,13:00:00,0.93526,0.93576,0.93394,0.93485,0,0
2015-06-12,14:00:00,0.93485,0.93581,0.93323,0.93353,0,0
2015-06-12,15:00:00,0.93354,0.93405,0.93017,0.9307,0,0
2015-06-12,16:00:00,0.93067,0.931,0.92876,0.92994,0,0
2015-06-12,17:00:00,0.9298,0.93045,0.92584,0.9265,0,0
2015-06-12,18:00:00,0.92663,0.92762,0.92431,0.92621,0,0
2015-06-12,19:00:00,0.92622,0.92694,0.92556,0.92643,0,0
2015-06-12,20:00:00,0.92645,0.9276,0.92606,0.92706,0,0
2015-06-12,21:00:00,0.92713,0.9284,0.92686,0.92823,0,0
2015-06-12,22:00:00,0.92819,0.92991,0.92819,0.92941,0,0
2015-06-12,23:00:00,0.92933,0.92933,0.92923,0.92925,0,0
2015-06-15,01:00:00,0.92963,0.92991,0.92899,0.92932,0,0
2015-06-15,02:00:00,0.92924,0.9301,0.92904,0.92959,0,0
2015-06-15,03:00:00,0.92959,0.93284,0.92959,0.93141,0,0
2015-06-15,04:00:00,0.93138,0.93393,0.9313,0.93351,0,0
2015-06-15,05:00:00,0.93354,0.93375,0.93231,0.9325,0,0
2015-06-15,06:00:00,0.93251,0.93266,0.9317,0.93189,0,0
2015-06-15,07:00:00,0.9319,0.93244,0.93146,0.93173,0,0
2015-06-15,08:00:00,0.93174,0.9332,0.93172,0.9332,0,0
2015-06-15,09:00:00,0.93317,0.93346,0.93031,0.93054,0,0
2015-06-15,10:00:00,0.93062,0.93225,0.93001,0.93115,0,0
2015-06-15,11:00:00,0.93123,0.93185,0.92903,0.93064,0,0
2015-06-15,12:00:00,0.9307,0.9323,0.92976,0.93192,0,0
2015-06-15,13:00:00,0.9319,0.93386,0.93102,0.93333,0,0
2015-06-15,14:00:00,0.93326,0.93651,0.93315,0.93642,0,0
2015-06-15,15:00:00,0.93639,0.93761,0.9351,0.93638,0,0
2015-06-15,16:00:00,0.93638,0.93843,0.9357,0.93573,0,0
2015-06-15,17:00:00,0.93576,0.93639,0.93502,0.93508,0,0
2015-06-15,18:00:00,0.93523,0.93662,0.93497,0.93521,0,0
2015-06-15,19:00:00,0.93507,0.9361,0.93343,0.93365,0,0
2015-06-15,20:00:00,0.93372,0.9355,0.93305,0.9334,0,0
2015-06-15,21:00:00,0.93361,0.93362,0.93107,0.93131,0,0
2015-06-15,22:00:00,0.93115,0.93115,0.92752,0.92879,0,0
2015-06-15,23:00:00,0.92887,0.92971,0.92862,0.92944,0,0
2015-06-15,23:59:00,0.92958,0.93023,0.92924,0.93001,0,0
2015-06-16,01:00:00,0.93,0.93008,0.92961,0.92995,0,0
2015-06-16,02:00:00,0.92995,0.93002,0.92974,0.92997,0,0
2015-06-16,03:00:00,0.92997,0.93136,0.92996,0.93068,0,0
2015-06-16,04:00:00,0.93068,0.93164,0.93026,0.93093,0,0
2015-06-16,05:00:00,0.93093,0.93095,0.93022,0.9303,0,0
2015-06-16,06:00:00,0.9303,0.93032,0.92962,0.92968,0,0
2015-06-16,07:00:00,0.92968,0.92985,0.92955,0.92979,0,0
2015-06-16,08:00:00,0.9298,0.93062,0.92936,0.92969,0,0
2015-06-16,09:00:00,0.92967,0.93098,0.92764,0.92782,0,0
2015-06-16,10:00:00,0.92773,0.9303,0.92723,0.93008,0,0
2015-06-16,11:00:00,0.93008,0.93142,0.92849,0.93142,0,0
2015-06-16,12:00:00,0.93145,0.93267,0.9309,0.93186,0,0
2015-06-16,13:00:00,0.93181,0.93227,0.93029,0.93176,0,0
2015-06-16,14:00:00,0.93162,0.93249,0.93056,0.93231,0,0
2015-06-16,15:00:00,0.93234,0.93351,0.93154,0.93216,0,0
2015-06-16,16:00:00,0.9322,0.93309,0.93075,0.93112,0,0
2015-06-16,17:00:00,0.93106,0.93277,0.93065,0.93113,0,0
2015-06-16,18:00:00,0.9311,0.9334,0.9311,0.93273,0,0
2015-06-16,19:00:00,0.93268,0.93333,0.93226,0.93299,0,0
2015-06-16,20:00:00,0.93292,0.93325,0.93244,0.93264,0,0
2015-06-16,21:00:00,0.93259,0.93259,0.93198,0.93237,0,0
2015-06-16,22:00:00,0.93238,0.93267,0.932,0.93267,0,0
2015-06-16,23:00:00,0.93269,0.93269,0.93167,0.93226,0,0
2015-06-16,23:59:00,0.93224,0.93245,0.93209,0.93235,0,0
2015-06-17,01:00:00,0.93236,0.9326,0.93191,0.93192,0,0
2015-06-17,02:00:00,0.93193,0.93204,0.93165,0.93185,0,0
2015-06-17,03:00:00,0.93185,0.93227,0.93175,0.93178,0,0
2015-06-17,04:00:00,0.93178,0.93178,0.9307,0.9307,0,0
2015-06-17,05:00:00,0.93071,0.9312,0.93069,0.93101,0,0
2015-06-17,06:00:00,0.93101,0.93118,0.93043,0.93087,0,0
2015-06-17,07:00:00,0.93088,0.93109,0.93077,0.93108,0,0
2015-06-17,08:00:00,0.93106,0.93138,0.93058,0.93138,0,0
2015-06-17,09:00:00,0.93132,0.93162,0.92924,0.9299,0,0
2015-06-17,10:00:00,0.92991,0.93006,0.92355,0.92557,0,0
2015-06-17,11:00:00,0.92579,0.92634,0.92429,0.92627,0,0
2015-06-17,12:00:00,0.92624,0.92802,0.92595,0.92799,0,0
2015-06-17,13:00:00,0.92795,0.92909,0.92753,0.92894,0,0
2015-06-17,14:00:00,0.92895,0.92896,0.92742,0.9275,0,0
2015-06-17,15:00:00,0.92744,0.92793,0.92595,0.92715,0,0
2015-06-17,16:00:00,0.92712,0.92712,0.92607,0.92678,0,0
2015-06-17,17:00:00,0.92675,0.93096,0.92666,0.92987,0,0
2015-06-17,18:00:00,0.92974,0.93001,0.9265,0.9276,0,0
2015-06-17,19:00:00,0.92738,0.92777,0.92555,0.92636,0,0
2015-06-17,20:00:00,0.92636,0.92701,0.92558,0.92558,0,0
2015-06-17,21:00:00,0.9251,0.92918,0.92094,0.9221,0,0
2015-06-17,22:00:00,0.92217,0.92217,0.91974,0.92177,0,0
2015-06-17,23:00:00,0.92194,0.92245,0.92162,0.92198,0,0
2015-06-17,23:59:00,0.92175,0.92236,0.9215,0.92221,0,0
2015-06-18,01:00:00,0.92219,0.92251,0.92203,0.92208,0,0
2015-06-18,02:00:00,0.92208,0.92254,0.92076,0.92118,0,0
2015-06-18,03:00:00,0.92115,0.92117,0.91977,0.92029,0,0
2015-06-18,04:00:00,0.92029,0.9211,0.92013,0.92088,0,0
2015-06-18,05:00:00,0.92091,0.92092,0.92043,0.92047,0,0
2015-06-18,06:00:00,0.92047,0.92055,0.92025,0.92033,0,0
2015-06-18,07:00:00,0.92035,0.92077,0.91976,0.92026,0,0
2015-06-18,08:00:00,0.92019,0.92072,0.9195,0.92061,0,0
2015-06-18,09:00:00,0.92059,0.92211,0.92018,0.92142,0,0
2015-06-18,10:00:00,0.92141,0.92228,0.91882,0.91919,0,0
2015-06-18,11:00:00,0.91922,0.91959,0.91556,0.91778,0,0
2015-06-18,12:00:00,0.91796,0.91836,0.91566,0.91566,0,0
2015-06-18,13:00:00,0.91569,0.9181,0.91563,0.91672,0,0
2015-06-18,14:00:00,0.91668,0.91798,0.91525,0.91714,0,0
2015-06-18,15:00:00,0.91708,0.91861,0.91576,0.91689,0,0
2015-06-18,16:00:00,0.91679,0.91711,0.91517,0.91681,0,0
2015-06-18,17:00:00,0.91684,0.91884,0.9165,0.91857,0,0
2015-06-18,18:00:00,0.91856,0.92017,0.91703,0.91984,0,0
2015-06-18,19:00:00,0.91978,0.92446,0.91974,0.92318,0,0
2015-06-18,20:00:00,0.92326,0.92418,0.9222,0.92268,0,0
2015-06-18,21:00:00,0.92271,0.92302,0.92126,0.92193,0,0
2015-06-18,22:00:00,0.92192,0.9222,0.92092,0.92108,0,0
2015-06-18,23:00:00,0.92106,0.92174,0.92106,0.92174,0,0
2015-06-18,23:59:00,0.92128,0.92164,0.92092,0.92158,0,0
2015-06-19,01:00:00,0.92153,0.92164,0.9205,0.92082,0,0
2015-06-19,02:00:00,0.92082,0.92167,0.92082,0.92144,0,0
2015-06-19,03:00:00,0.92144,0.92183,0.9203,0.92054,0,0
2015-06-19,04:00:00,0.9206,0.92144,0.92031,0.92131,0,0
2015-06-19,05:00:00,0.9213,0.92156,0.9211,0.92125,0,0
2015-06-19,06:00:00,0.92121,0.92142,0.92099,0.92109,0,0
2015-06-19,07:00:00,0.92109,0.92207,0.92106,0.92173,0,0
2015-06-19,08:00:00,0.92177,0.92277,0.92158,0.92198,0,0
2015-06-19,09:00:00,0.92195,0.9234,0.92168,0.92275,0,0
2015-06-19,10:00:00,0.92271,0.92439,0.92242,0.92364,0,0
2015-06-19,11:00:00,0.92352,0.92408,0.9224,0.92284,0,0
2015-06-19,12:00:00,0.92285,0.92341,0.92179,0.92335,0,0
2015-06-19,13:00:00,0.92328,0.92493,0.92238,0.92297,0,0
2015-06-19,14:00:00,0.92314,0.92476,0.92289,0.92451,0,0
2015-06-19,15:00:00,0.9245,0.92494,0.92302,0.92341,0,0
2015-06-19,16:00:00,0.92347,0.92427,0.92155,0.92279,0,0
2015-06-19,17:00:00,0.92274,0.92343,0.92158,0.92227,0,0
2015-06-19,18:00:00,0.9223,0.92254,0.9206,0.92086,0,0
2015-06-19,19:00:00,0.92076,0.92121,0.91917,0.92053,0,0
2015-06-19,20:00:00,0.92057,0.92081,0.918,0.91806,0,0
2015-06-19,21:00:00,0.91806,0.91806,0.91633,0.91728,0,0
2015-06-19,22:00:00,0.91728,0.9176,0.91655,0.91724,0,0
2015-06-19,23:00:00,0.91723,0.91731,0.91723,0.91728,0,0
2015-06-22,01:00:00,0.91747,0.91804,0.91713,0.91794,0,0
2015-06-22,02:00:00,0.91793,0.91856,0.91734,0.91855,0,0
2015-06-22,03:00:00,0.91855,0.91862,0.91751,0.91767,0,0
2015-06-22,04:00:00,0.91763,0.91769,0.91628,0.91727,0,0
2015-06-22,05:00:00,0.91727,0.9177,0.91693,0.91748,0,0
2015-06-22,06:00:00,0.91749,0.91776,0.917,0.91746,0,0
2015-06-22,07:00:00,0.91746,0.91756,0.91659,0.91695,0,0
2015-06-22,08:00:00,0.9169,0.91809,0.91663,0.9175,0,0
2015-06-22,09:00:00,0.91748,0.91845,0.91642,0.9175,0,0
2015-06-22,10:00:00,0.91751,0.92122,0.91663,0.92059,0,0
2015-06-22,11:00:00,0.92027,0.92212,0.91998,0.91998,0,0
2015-06-22,12:00:00,0.92002,0.92111,0.91954,0.92019,0,0
2015-06-22,13:00:00,0.92014,0.92122,0.91996,0.92051,0,0
2015-06-22,14:00:00,0.92063,0.92243,0.91993,0.92213,0,0
2015-06-22,15:00:00,0.92213,0.92257,0.91687,0.91874,0,0
2015-06-22,16:00:00,0.91873,0.92189,0.91713,0.92047,0,0
2015-06-22,17:00:00,0.92047,0.92197,0.91579,0.91721,0,0
2015-06-22,18:00:00,0.91727,0.91916,0.91712,0.9189,0,0
2015-06-22,19:00:00,0.91887,0.92206,0.91887,0.92044,0,0
2015-06-22,20:00:00,0.92044,0.92181,0.9201,0.92166,0,0
2015-06-22,21:00:00,0.92166,0.92172,0.92037,0.92161,0,0
2015-06-22,22:00:00,0.92166,0.92257,0.92106,0.92185,0,0
2015-06-22,23:00:00,0.92187,0.92222,0.92123,0.9213,0,0
2015-06-22,23:59:00,0.9216,0.92223,0.92106,0.92152,0,0
2015-06-23,01:00:00,0.92152,0.92163,0.92145,0.92146,0,0
2015-06-23,02:00:00,0.92146,0.9218,0.92104,0.9218,0,0
2015-06-23,03:00:00,0.92183,0.92219,0.92142,0.92217,0,0
2015-06-23,04:00:00,0.92218,0.92299,0.92206,0.92292,0,0
2015-06-23,05:00:00,0.92292,0.92807,0.92284,0.92779,0,0
2015-06-23,06:00:00,0.92779,0.92865,0.92669,0.92809,0,0
2015-06-23,07:00:00,0.92811,0.92811,0.92697,0.92753,0,0
2015-06-23,08:00:00,0.92753,0.92789,0.92633,0.92661,0,0
2015-06-23,09:00:00,0.92649,0.929,0.92649,0.92682,0,0
2015-06-23,10:00:00,0.92681,0.92798,0.92559,0.92741,0,0
2015-06-23,11:00:00,0.92744,0.92974,0.92721,0.92872,0,0
2015-06-23,12:00:00,0.92889,0.93176,0.92821,0.93025,0,0
2015-06-23,13:00:00,0.93026,0.93273,0.93026,0.93272,0,0
2015-06-23,14:00:00,0.93262,0.93346,0.9319,0.93341,0,0
2015-06-23,15:00:00,0.9335,0.93788,0.9323,0.93754,0,0
2015-06-23,16:00:00,0.93761,0.93878,0.93626,0.93668,0,0
2015-06-23,17:00:00,0.93663,0.93766,0.93288,0.934,0,0
2015-06-23,18:00:00,0.93408,0.93533,0.93282,0.93382,0,0
2015-06-23,19:00:00,0.93382,0.93535,0.93379,0.93483,0,0
2015-06-23,20:00:00,0.93481,0.93512,0.93366,0.93427,0,0
2015-06-23,21:00:00,0.93427,0.93564,0.93369,0.93539,0,0
2015-06-23,22:00:00,0.93534,0.93534,0.93429,0.93429,0,0
2015-06-23,23:00:00,0.93432,0.93453,0.93368,0.93397,0,0
2015-06-23,23:59:00,0.93404,0.93455,0.93404,0.93436,0,0
2015-06-24,01:00:00,0.93435,0.93438,0.93398,0.93399,0,0
2015-06-24,02:00:00,0.934,0.9341,0.93357,0.93358,0,0
2015-06-24,03:00:00,0.93358,0.9342,0.9331,0.93413,0,0
2015-06-24,04:00:00,0.93414,0.93431,0.93328,0.93373,0,0
2015-06-24,05:00:00,0.93383,0.93383,0.93308,0.93314,0,0
2015-06-24,06:00:00,0.93314,0.93341,0.93303,0.93309,0,0
2015-06-24,07:00:00,0.93309,0.93422,0.93272,0.93411,0,0
2015-06-24,08:00:00,0.93411,0.93429,0.93254,0.93277,0,0
2015-06-24,09:00:00,0.93282,0.93321,0.93097,0.93153,0,0
2015-06-24,10:00:00,0.93147,0.93288,0.92918,0.92918,0,0
2015-06-24,11:00:00,0.9292,0.93125,0.92835,0.93055,0,0
2015-06-24,12:00:00,0.93059,0.93294,0.93033,0.93135,0,0
2015-06-24,13:00:00,0.93136,0.93329,0.9312,0.93202,0,0
2015-06-24,14:00:00,0.93195,0.93265,0.93131,0.93169,0,0
2015-06-24,15:00:00,0.93147,0.93398,0.93122,0.9338,0,0
2015-06-24,16:00:00,0.93379,0.93555,0.93354,0.93385,0,0
2015-06-24,17:00:00,0.93378,0.93571,0.93359,0.9351,0,0
2015-06-24,18:00:00,0.93514,0.93678,0.93456,0.9363,0,0
2015-06-24,19:00:00,0.93618,0.93694,0.93543,0.93548,0,0
2015-06-24,20:00:00,0.9355,0.93613,0.93293,0.93377,0,0
2015-06-24,21:00:00,0.93377,0.93474,0.93344,0.93397,0,0
2015-06-24,22:00:00,0.93393,0.93437,0.93311,0.93407,0,0
2015-06-24,23:00:00,0.93411,0.93429,0.93332,0.93371,0,0
2015-06-24,23:59:00,0.93372,0.9342,0.93355,0.93363,0,0
2015-06-25,01:00:00,0.93364,0.93431,0.93334,0.93341,0,0
2015-06-25,02:00:00,0.93341,0.93403,0.93316,0.93368,0,0
2015-06-25,03:00:00,0.93368,0.93405,0.93338,0.93377,0,0
2015-06-25,04:00:00,0.93377,0.93479,0.93361,0.93433,0,0
2015-06-25,05:00:00,0.93433,0.93457,0.93359,0.93365,0,0
2015-06-25,06:00:00,0.93365,0.93373,0.93338,0.93347,0,0
2015-06-25,07:00:00,0.93347,0.93413,0.93316,0.93349,0,0
2015-06-25,08:00:00,0.93349,0.93421,0.93335,0.93343,0,0
2015-06-25,09:00:00,0.9336,0.93587,0.93257,0.93528,0,0
2015-06-25,10:00:00,0.93523,0.93575,0.93272,0.93488,0,0
2015-06-25,11:00:00,0.93491,0.93696,0.93418,0.93684,0,0
2015-06-25,12:00:00,0.93685,0.93937,0.93682,0.93875,0,0
2015-06-25,13:00:00,0.93877,0.94007,0.93808,0.9396,0,0
2015-06-25,14:00:00,0.93979,0.94157,0.93903,0.93933,0,0
2015-06-25,15:00:00,0.93933,0.93989,0.93723,0.93838,0,0
2015-06-25,16:00:00,0.93839,0.93926,0.93443,0.93721,0,0
2015-06-25,17:00:00,0.93715,0.9384,0.93595,0.93831,0,0
2015-06-25,18:00:00,0.9383,0.93928,0.93707,0.93768,0,0
2015-06-25,19:00:00,0.93764,0.93766,0.93608,0.93622,0,0
2015-06-25,20:00:00,0.93615,0.937,0.93556,0.93693,0,0
2015-06-25,21:00:00,0.93693,0.93728,0.93576,0.93637,0,0
2015-06-25,22:00:00,0.93631,0.93734,0.93613,0.93698,0,0
2015-06-25,23:00:00,0.93698,0.93727,0.93589,0.93675,0,0
2015-06-25,23:59:00,0.93683,0.93701,0.9357,0.93633,0,0
2015-06-26,01:00:00,0.93633,0.93673,0.93626,0.93646,0,0
2015-06-26,02:00:00,0.93646,0.93681,0.93625,0.93661,0,0
2015-06-26,03:00:00,0.9366,0.93661,0.93591,0.93629,0,0
2015-06-26,04:00:00,0.9363,0.93641,0.93567,0.93626,0,0
2015-06-26,05:00:00,0.93626,0.93636,0.93601,0.93631,0,0
2015-06-26,06:00:00,0.93631,0.93632,0.93579,0.93587,0,0
2015-06-26,07:00:00,0.93587,0.93635,0.93587,0.93621,0,0
2015-06-26,08:00:00,0.93621,0.93728,0.93605,0.93714,0,0
2015-06-26,09:00:00,0.93714,0.9374,0.93547,0.93622,0,0
2015-06-26,10:00:00,0.93622,0.93679,0.93362,0.93362,0,0
2015-06-26,11:00:00,0.93362,0.93365,0.93194,0.93283,0,0
2015-06-26,12:00:00,0.93283,0.93343,0.93269,0.93317,0,0
2015-06-26,13:00:00,0.93316,0.93345,0.93003,0.93134,0,0
2015-06-26,14:00:00,0.93122,0.93321,0.93115,0.9326,0,0
2015-06-26,15:00:00,0.93264,0.93461,0.93196,0.93461,0,0
2015-06-26,16:00:00,0.93477,0.93635,0.93274,0.93285,0,0
2015-06-26,17:00:00,0.93303,0.93516,0.93151,0.93489,0,0
2015-06-26,18:00:00,0.9349,0.93581,0.93419,0.93518,0,0
2015-06-26,19:00:00,0.93518,0.93692,0.93479,0.93523,0,0
2015-06-26,20:00:00,0.93504,0.93536,0.93395,0.93481,0,0
2015-06-26,21:00:00,0.93481,0.93663,0.93451,0.93663,0,0
2015-06-26,22:00:00,0.9365,0.93654,0.93396,0.93403,0,0
2015-06-26,23:00:00,0.93397,0.93397,0.93377,0.93382,0,0
2015-06-29,01:00:00,0.94067,0.94169,0.93694,0.93905,0,0
2015-06-29,02:00:00,0.93905,0.94075,0.93806,0.94052,0,0
2015-06-29,03:00:00,0.94051,0.94051,0.93639,0.93769,0,0
2015-06-29,04:00:00,0.93769,0.93934,0.93736,0.93919,0,0
2015-06-29,05:00:00,0.93918,0.93922,0.93839,0.93906,0,0
2015-06-29,06:00:00,0.93903,0.93911,0.93785,0.93841,0,0
2015-06-29,07:00:00,0.9384,0.93924,0.93806,0.93884,0,0
2015-06-29,08:00:00,0.93878,0.93969,0.93756,0.93756,0,0
2015-06-29,09:00:00,0.93756,0.93938,0.93393,0.93554,0,0
2015-06-29,10:00:00,0.93534,0.94256,0.93479,0.93873,0,0
2015-06-29,11:00:00,0.93874,0.93924,0.93656,0.93703,0,0
2015-06-29,12:00:00,0.93702,0.93746,0.9356,0.93643,0,0
2015-06-29,13:00:00,0.93642,0.93689,0.93333,0.93374,0,0
2015-06-29,14:00:00,0.93384,0.93467,0.93262,0.93376,0,0
2015-06-29,15:00:00,0.93374,0.9339,0.93099,0.93254,0,0
2015-06-29,16:00:00,0.93246,0.93331,0.93101,0.93166,0,0
2015-06-29,17:00:00,0.93145,0.93145,0.92687,0.92915,0,0
2015-06-29,18:00:00,0.9291,0.92961,0.92687,0.92799,0,0
2015-06-29,19:00:00,0.92799,0.92852,0.92584,0.92636,0,0
2015-06-29,20:00:00,0.92628,0.92726,0.92471,0.92539,0,0
2015-06-29,21:00:00,0.92536,0.92714,0.92483,0.92562,0,0
2015-06-29,22:00:00,0.92576,0.92724,0.92549,0.92554,0,0
2015-06-29,23:00:00,0.9254,0.92606,0.92488,0.92495,0,0
2015-06-29,23:59:00,0.9251,0.92512,0.92477,0.92496,0,0
2015-06-30,01:00:00,0.92493,0.92588,0.92481,0.92561,0,0
2015-06-30,02:00:00,0.92565,0.92613,0.9254,0.92599,0,0
2015-06-30,03:00:00,0.92599,0.92677,0.92574,0.92636,0,0
2015-06-30,04:00:00,0.92635,0.9273,0.92632,0.92728,0,0
2015-06-30,05:00:00,0.92729,0.92779,0.92656,0.92742,0,0
2015-06-30,06:00:00,0.92743,0.92944,0.92743,0.92856,0,0
2015-06-30,07:00:00,0.93033,0.93092,0.92856,0.93057,0,0
2015-06-30,08:00:00,0.93052,0.93091,0.92999,0.93044,0,0
2015-06-30,09:00:00,0.93045,0.933,0.92904,0.93211,0,0
2015-06-30,10:00:00,0.93214,0.93301,0.92943,0.93155,0,0
2015-06-30,11:00:00,0.93143,0.9323,0.9305,0.93155,0,0
2015-06-30,12:00:00,0.93161,0.93189,0.92883,0.92955,0,0
2015-06-30,13:00:00,0.92955,0.93084,0.92872,0.92951,0,0
2015-06-30,14:00:00,0.92946,0.93121,0.92928,0.93113,0,0
2015-06-30,15:00:00,0.9313,0.93164,0.92955,0.9303,0,0
2015-06-30,16:00:00,0.93023,0.93184,0.92893,0.92986,0,0
2015-06-30,17:00:00,0.92994,0.9356,0.92918,0.9356,0,0
2015-06-30,18:00:00,0.93519,0.93815,0.93487,0.93487,0,0
2015-06-30,19:00:00,0.93487,0.93801,0.93391,0.93521,0,0
2015-06-30,20:00:00,0.93525,0.93637,0.93425,0.93438,0,0
2015-06-30,21:00:00,0.93446,0.93588,0.93389,0.93523,0,0
2015-06-30,22:00:00,0.93534,0.93557,0.93486,0.9349,0,0
2015-06-30,23:00:00,0.93489,0.93559,0.93477,0.93545,0,0
2015-06-30,23:59:00,0.93545,0.93674,0.93487,0.93487,0,0
2015-07-01,01:00:00,0.93503,0.93639,0.93503,0.93613,0,0
2015-07-01,02:00:00,0.93613,0.93613,0.93491,0.93534,0,0
2015-07-01,03:00:00,0.93534,0.93608,0.93429,0.93462,0,0
2015-07-01,04:00:00,0.93462,0.93538,0.93425,0.93503,0,0
2015-07-01,05:00:00,0.93503,0.93578,0.93482,0.93543,0,0
2015-07-01,06:00:00,0.93541,0.93549,0.93507,0.93539,0,0
2015-07-01,07:00:00,0.93539,0.93619,0.93539,0.93593,0,0
2015-07-01,08:00:00,0.93593,0.93612,0.93555,0.93597,0,0
2015-07-01,09:00:00,0.93593,0.93728,0.93581,0.93687,0,0
2015-07-01,10:00:00,0.93709,0.94037,0.93694,0.93944,0,0
2015-07-01,11:00:00,0.93952,0.94185,0.93721,0.93809,0,0
2015-07-01,12:00:00,0.93793,0.93999,0.93616,0.93892,0,0
2015-07-01,13:00:00,0.93898,0.9425,0.93883,0.94191,0,0
2015-07-01,14:00:00,0.94189,0.94228,0.94132,0.94145,0,0
2015-07-01,15:00:00,0.94145,0.94401,0.94024,0.94166,0,0
2015-07-01,16:00:00,0.94171,0.94469,0.94147,0.94354,0,0
2015-07-01,17:00:00,0.94355,0.9446,0.94171,0.9446,0,0
2015-07-01,18:00:00,0.9446,0.94614,0.94389,0.9458,0,0
2015-07-01,19:00:00,0.9458,0.94691,0.94529,0.94622,0,0
2015-07-01,20:00:00,0.94615,0.94838,0.94603,0.94803,0,0
2015-07-01,21:00:00,0.94814,0.94897,0.94735,0.94894,0,0
2015-07-01,22:00:00,0.94897,0.94897,0.94774,0.94784,0,0
2015-07-01,23:00:00,0.94791,0.94856,0.94767,0.94847,0,0
2015-07-01,23:59:00,0.9482,0.94855,0.94717,0.94807,0,0
2015-07-02,01:00:00,0.94806,0.94871,0.94795,0.94822,0,0
2015-07-02,02:00:00,0.9482,0.94887,0.94819,0.94874,0,0
2015-07-02,03:00:00,0.94878,0.94895,0.9481,0.94827,0,0
2015-07-02,04:00:00,0.94825,0.94835,0.94739,0.94807,0,0
2015-07-02,05:00:00,0.94808,0.94823,0.94621,0.94668,0,0
2015-07-02,06:00:00,0.9467,0.94672,0.94615,0.94644,0,0
2015-07-02,07:00:00,0.94644,0.94676,0.9459,0.9459,0,0
2015-07-02,08:00:00,0.94591,0.94648,0.9451,0.94525,0,0
2015-07-02,09:00:00,0.94528,0.94674,0.94497,0.94558,0,0
2015-07-02,10:00:00,0.94534,0.94886,0.9451,0.94844,0,0
2015-07-02,11:00:00,0.94855,0.94928,0.94644,0.94708,0,0
2015-07-02,12:00:00,0.94708,0.94974,0.94706,0.94974,0,0
2015-07-02,13:00:00,0.94978,0.94991,0.9484,0.94916,0,0
2015-07-02,14:00:00,0.9492,0.94986,0.94875,0.94978,0,0
2015-07-02,15:00:00,0.94974,0.95036,0.94299,0.94345,0,0
2015-07-02,16:00:00,0.94364,0.94439,0.94221,0.94279,0,0
2015-07-02,17:00:00,0.94276,0.94431,0.94197,0.94356,0,0
2015-07-02,18:00:00,0.94361,0.94483,0.94301,0.94379,0,0
2015-07-02,19:00:00,0.94378,0.94488,0.94327,0.94474,0,0
2015-07-02,20:00:00,0.94475,0.94553,0.94397,0.94423,0,0
2015-07-02,21:00:00,0.94413,0.94482,0.94357,0.94358,0,0
2015-07-02,22:00:00,0.94358,0.94421,0.94299,0.94345,0,0
2015-07-02,23:00:00,0.94371,0.94405,0.94351,0.94352,0,0
2015-07-02,23:59:00,0.94352,0.9437,0.94337,0.94357,0,0
2015-07-03,01:00:00,0.94354,0.94385,0.94274,0.94298,0,0
2015-07-03,02:00:00,0.94295,0.94375,0.94295,0.9437,0,0
2015-07-03,03:00:00,0.9437,0.94395,0.94284,0.9432,0,0
2015-07-03,04:00:00,0.9432,0.94338,0.94307,0.94322,0,0
2015-07-03,05:00:00,0.94324,0.94334,0.94284,0.94312,0,0
2015-07-03,06:00:00,0.94313,0.94331,0.94308,0.94321,0,0
2015-07-03,07:00:00,0.94319,0.94329,0.94241,0.9427,0,0
2015-07-03,08:00:00,0.94263,0.9427,0.94211,0.94216,0,0
2015-07-03,09:00:00,0.94219,0.94291,0.94146,0.94219,0,0
2015-07-03,10:00:00,0.94221,0.94275,0.94153,0.94226,0,0
2015-07-03,11:00:00,0.94235,0.94235,0.94081,0.94224,0,0
2015-07-03,12:00:00,0.94176,0.94221,0.94097,0.94128,0,0
2015-07-03,13:00:00,0.94119,0.94223,0.94104,0.94185,0,0
2015-07-03,14:00:00,0.94182,0.94313,0.94172,0.9424,0,0
2015-07-03,15:00:00,0.94241,0.94418,0.94239,0.94244,0,0
2015-07-03,16:00:00,0.94243,0.94275,0.94058,0.941,0,0
2015-07-03,17:00:00,0.94092,0.94186,0.93999,0.94175,0,0
2015-07-03,18:00:00,0.94168,0.94212,0.94064,0.9414,0,0
2015-07-03,19:00:00,0.9414,0.94323,0.9401,0.94298,0,0
2015-07-03,20:00:00,0.94297,0.94297,0.94178,0.94221,0,0
2015-07-03,21:00:00,0.94221,0.94221,0.94078,0.9414,0,0
2015-07-03,22:00:00,0.94139,0.9414,0.94028,0.94029,0,0
2015-07-03,23:00:00,0.94029,0.94038,0.94029,0.94037,0,0
2015-07-06,01:00:00,0.94345,0.94496,0.94212,0.94285,0,0
2015-07-06,02:00:00,0.94284,0.94438,0.942,0.94438,0,0
2015-07-06,03:00:00,0.94437,0.94458,0.94284,0.94317,0,0
2015-07-06,04:00:00,0.94317,0.94357,0.94182,0.94348,0,0
2015-07-06,05:00:00,0.94345,0.94404,0.94303,0.94395,0,0
2015-07-06,06:00:00,0.94396,0.94464,0.94372,0.94444,0,0
2015-07-06,07:00:00,0.94444,0.94461,0.94397,0.94414,0,0
2015-07-06,08:00:00,0.94413,0.94462,0.94079,0.94158,0,0
2015-07-06,09:00:00,0.94162,0.94492,0.9416,0.94341,0,0
2015-07-06,10:00:00,0.94341,0.94388,0.94223,0.94258,0,0
2015-07-06,11:00:00,0.94259,0.94443,0.94179,0.94437,0,0
2015-07-06,12:00:00,0.94435,0.94519,0.94381,0.94494,0,0
2015-07-06,13:00:00,0.94497,0.94625,0.94491,0.94558,0,0
2015-07-06,14:00:00,0.94558,0.9466,0.94399,0.94599,0,0
2015-07-06,15:00:00,0.94601,0.94681,0.94581,0.94629,0,0
2015-07-06,16:00:00,0.94628,0.9472,0.94554,0.94566,0,0
2015-07-06,17:00:00,0.94552,0.94599,0.94277,0.94364,0,0
2015-07-06,18:00:00,0.94359,0.94516,0.94168,0.9434,0,0
2015-07-06,19:00:00,0.94337,0.94374,0.94124,0.9421,0,0
2015-07-06,20:00:00,0.94208,0.94354,0.94144,0.94244,0,0
2015-07-06,21:00:00,0.94247,0.94296,0.94173,0.94285,0,0
2015-07-06,22:00:00,0.9428,0.9431,0.94246,0.94255,0,0
2015-07-06,23:00:00,0.9425,0.9428,0.94241,0.94258,0,0
2015-07-06,23:59:00,0.9426,0.94281,0.9424,0.94256,0,0
2015-07-07,01:00:00,0.94262,0.94285,0.9422,0.94254,0,0
2015-07-07,02:00:00,0.94254,0.94313,0.9425,0.94312,0,0
2015-07-07,03:00:00,0.94309,0.94377,0.94302,0.94328,0,0
2015-07-07,04:00:00,0.94328,0.94414,0.94276,0.94359,0,0
2015-07-07,05:00:00,0.94359,0.94392,0.94329,0.94331,0,0
2015-07-07,06:00:00,0.94331,0.94415,0.94322,0.94396,0,0
2015-07-07,07:00:00,0.94396,0.94404,0.94351,0.94379,0,0
2015-07-07,08:00:00,0.9438,0.94427,0.9435,0.9435,0,0
2015-07-07,09:00:00,0.94347,0.94579,0.94339,0.94541,0,0
2015-07-07,10:00:00,0.94527,0.94595,0.94345,0.94553,0,0
2015-07-07,11:00:00,0.94553,0.94799,0.94497,0.94746,0,0
2015-07-07,12:00:00,0.94742,0.94804,0.94633,0.94686,0,0
2015-07-07,13:00:00,0.94686,0.94921,0.94611,0.94781,0,0
2015-07-07,14:00:00,0.94815,0.94982,0.94782,0.9494,0,0
2015-07-07,15:00:00,0.9494,0.95161,0.9491,0.95039,0,0
2015-07-07,16:00:00,0.9504,0.95136,0.9474,0.94836,0,0
2015-07-07,17:00:00,0.94842,0.9509,0.94803,0.95057,0,0
2015-07-07,18:00:00,0.95037,0.95043,0.94772,0.9482,0,0
2015-07-07,19:00:00,0.94814,0.9497,0.94733,0.94956,0,0
2015-07-07,20:00:00,0.94951,0.94962,0.94817,0.94819,0,0
2015-07-07,21:00:00,0.94809,0.94813,0.94624,0.94649,0,0
2015-07-07,22:00:00,0.94652,0.94703,0.94328,0.94561,0,0
2015-07-07,23:00:00,0.94585,0.94713,0.94548,0.9467,0,0
2015-07-07,23:59:00,0.94673,0.9476,0.94592,0.94679,0,0
2015-07-08,01:00:00,0.9468,0.94752,0.94672,0.94672,0,0
2015-07-08,02:00:00,0.94673,0.94686,0.94605,0.94673,0,0
2015-07-08,03:00:00,0.94673,0.94715,0.94632,0.94667,0,0
2015-07-08,04:00:00,0.94673,0.94764,0.94639,0.94679,0,0
2015-07-08,05:00:00,0.9468,0.94706,0.94587,0.9469,0,0
2015-07-08,06:00:00,0.9469,0.94727,0.94602,0.94618,0,0
2015-07-08,07:00:00,0.94617,0.94618,0.94534,0.94557,0,0
2015-07-08,08:00:00,0.94556,0.94579,0.94509,0.94564,0,0
2015-07-08,09:00:00,0.9455,0.9462,0.9434,0.94474,0,0
2015-07-08,10:00:00,0.94486,0.94564,0.94228,0.94239,0,0
2015-07-08,11:00:00,0.9424,0.9439,0.94239,0.94252,0,0
2015-07-08,12:00:00,0.9426,0.94303,0.94096,0.9424,0,0
2015-07-08,13:00:00,0.94236,0.9475,0.94132,0.9475,0,0
2015-07-08,14:00:00,0.94744,0.95067,0.94735,0.9496,0,0
2015-07-08,15:00:00,0.94971,0.9507,0.94806,0.94955,0,0
2015-07-08,16:00:00,0.94955,0.95009,0.94749,0.94866,0,0
2015-07-08,17:00:00,0.94863,0.95098,0.94835,0.9499,0,0
2015-07-08,18:00:00,0.94994,0.9504,0.94565,0.94577,0,0
2015-07-08,19:00:00,0.94582,0.94795,0.94529,0.94771,0,0
2015-07-08,20:00:00,0.94768,0.94869,0.9467,0.94787,0,0
2015-07-08,21:00:00,0.94785,0.94805,0.94565,0.94576,0,0
2015-07-08,22:00:00,0.94576,0.94612,0.94487,0.94568,0,0
2015-07-08,23:00:00,0.94558,0.94581,0.94514,0.94531,0,0
2015-07-08,23:59:00,0.94531,0.94612,0.94517,0.94564,0,0
2015-07-09,01:00:00,0.94561,0.94595,0.94524,0.94539,0,0
2015-07-09,02:00:00,0.9454,0.94592,0.9454,0.94575,0,0
2015-07-09,03:00:00,0.94575,0.94594,0.94524,0.94555,0,0
2015-07-09,04:00:00,0.94559,0.94582,0.94503,0.94571,0,0
2015-07-09,05:00:00,0.94574,0.94601,0.94499,0.94521,0,0
2015-07-09,06:00:00,0.94521,0.94542,0.94483,0.94524,0,0
2015-07-09,07:00:00,0.94524,0.94555,0.94471,0.94471,0,0
2015-07-09,08:00:00,0.94486,0.94498,0.94316,0.94416,0,0
2015-07-09,09:00:00,0.94414,0.94463,0.9426,0.94369,0,0
2015-07-09,10:00:00,0.94386,0.9484,0.94383,0.9484,0,0
2015-07-09,11:00:00,0.94842,0.94998,0.94767,0.94982,0,0
2015-07-09,12:00:00,0.94981,0.95151,0.94873,0.95129,0,0
2015-07-09,13:00:00,0.95114,0.95133,0.94941,0.94972,0,0
2015-07-09,14:00:00,0.94966,0.95045,0.94899,0.94992,0,0
2015-07-09,15:00:00,0.94987,0.95113,0.94909,0.95096,0,0
2015-07-09,16:00:00,0.95094,0.95119,0.94612,0.94753,0,0
2015-07-09,17:00:00,0.94752,0.95009,0.94686,0.94749,0,0
2015-07-09,18:00:00,0.94745,0.95004,0.9472,0.94971,0,0
2015-07-09,19:00:00,0.94964,0.94993,0.94798,0.94804,0,0
2015-07-09,20:00:00,0.94818,0.94946,0.94728,0.94881,0,0
2015-07-09,21:00:00,0.94883,0.94898,0.94779,0.9486,0,0
2015-07-09,22:00:00,0.9486,0.94879,0.94741,0.94833,0,0
2015-07-09,23:00:00,0.94833,0.94841,0.94734,0.94785,0,0
2015-07-09,23:59:00,0.94774,0.94917,0.94765,0.94792,0,0
2015-07-10,01:00:00,0.94786,0.94863,0.94724,0.94794,0,0
2015-07-10,02:00:00,0.94794,0.94849,0.94761,0.94782,0,0
2015-07-10,03:00:00,0.94778,0.94797,0.9471,0.94715,0,0
2015-07-10,04:00:00,0.94715,0.94717,0.94604,0.94655,0,0
2015-07-10,05:00:00,0.94655,0.94721,0.94614,0.94619,0,0
2015-07-10,06:00:00,0.94619,0.94689,0.94606,0.94632,0,0
2015-07-10,07:00:00,0.94633,0.94663,0.94589,0.94635,0,0
2015-07-10,08:00:00,0.94635,0.94675,0.94543,0.9463,0,0
2015-07-10,09:00:00,0.94635,0.94677,0.94508,0.94636,0,0
2015-07-10,10:00:00,0.94635,0.94753,0.93952,0.94139,0,0
2015-07-10,11:00:00,0.94138,0.94156,0.93811,0.9408,0,0
2015-07-10,12:00:00,0.9408,0.94113,0.93628,0.93767,0,0
2015-07-10,13:00:00,0.93769,0.93775,0.93592,0.93622,0,0
2015-07-10,14:00:00,0.93622,0.93649,0.93314,0.93571,0,0
2015-07-10,15:00:00,0.93571,0.93719,0.93475,0.93647,0,0
2015-07-10,16:00:00,0.93646,0.93831,0.93477,0.93773,0,0
2015-07-10,17:00:00,0.93749,0.93956,0.93688,0.93902,0,0
2015-07-10,18:00:00,0.93902,0.94199,0.93881,0.94107,0,0
2015-07-10,19:00:00,0.94125,0.94204,0.93942,0.9417,0,0
2015-07-10,20:00:00,0.94167,0.94215,0.94074,0.94077,0,0
2015-07-10,21:00:00,0.9408,0.94203,0.9408,0.94141,0,0
2015-07-10,22:00:00,0.94142,0.94149,0.93999,0.94003,0,0
2015-07-10,23:00:00,0.93998,0.94005,0.9399,0.9399,0,0
2015-07-13,01:00:00,0.93867,0.94144,0.93867,0.94085,0,0
2015-07-13,02:00:00,0.94085,0.94096,0.93998,0.94016,0,0
2015-07-13,03:00:00,0.94016,0.94059,0.93938,0.9394,0,0
2015-07-13,04:00:00,0.9394,0.94077,0.93934,0.9401,0,0
2015-07-13,05:00:00,0.94012,0.94044,0.93964,0.94003,0,0
2015-07-13,06:00:00,0.94003,0.94138,0.93941,0.94048,0,0
2015-07-13,07:00:00,0.94048,0.94072,0.9403,0.9407,0,0
2015-07-13,08:00:00,0.94069,0.94097,0.94033,0.94035,0,0
2015-07-13,09:00:00,0.94034,0.94104,0.93679,0.93769,0,0
2015-07-13,10:00:00,0.93768,0.94701,0.93768,0.94526,0,0
2015-07-13,11:00:00,0.94533,0.94941,0.94521,0.94758,0,0
2015-07-13,12:00:00,0.94771,0.94785,0.94605,0.9465,0,0
2015-07-13,13:00:00,0.94654,0.94753,0.94588,0.94737,0,0
2015-07-13,14:00:00,0.94725,0.94788,0.94606,0.94779,0,0
2015-07-13,15:00:00,0.94784,0.94878,0.94735,0.94782,0,0
2015-07-13,16:00:00,0.94784,0.94905,0.94784,0.94866,0,0
2015-07-13,17:00:00,0.94845,0.94993,0.94826,0.94992,0,0
2015-07-13,18:00:00,0.94977,0.94985,0.94819,0.94929,0,0
2015-07-13,19:00:00,0.94924,0.94943,0.94811,0.94882,0,0
2015-07-13,20:00:00,0.94852,0.94935,0.94827,0.94906,0,0
2015-07-13,21:00:00,0.94907,0.95014,0.94886,0.95014,0,0
2015-07-13,22:00:00,0.95026,0.95026,0.94926,0.95005,0,0
2015-07-13,23:00:00,0.95005,0.95055,0.94948,0.95024,0,0
2015-07-13,23:59:00,0.95018,0.95049,0.94982,0.94984,0,0
2015-07-14,01:00:00,0.94983,0.95045,0.9496,0.94996,0,0
2015-07-14,02:00:00,0.94995,0.95093,0.94983,0.95078,0,0
2015-07-14,03:00:00,0.95077,0.95324,0.95035,0.952,0,0
2015-07-14,04:00:00,0.95203,0.95217,0.95095,0.95117,0,0
2015-07-14,05:00:00,0.95123,0.95123,0.95003,0.95041,0,0
2015-07-14,06:00:00,0.95041,0.95086,0.94986,0.94991,0,0
2015-07-14,07:00:00,0.94991,0.95063,0.9499,0.95063,0,0
2015-07-14,08:00:00,0.95063,0.95111,0.95018,0.95107,0,0
2015-07-14,09:00:00,0.95107,0.95267,0.95075,0.95186,0,0
2015-07-14,10:00:00,0.95184,0.95265,0.9469,0.94803,0,0
2015-07-14,11:00:00,0.94805,0.94805,0.94305,0.94441,0,0
2015-07-14,12:00:00,0.94388,0.94588,0.94337,0.94409,0,0
2015-07-14,13:00:00,0.94413,0.94646,0.94337,0.9461,0,0
2015-07-14,14:00:00,0.94601,0.94645,0.94497,0.94533,0,0
2015-07-14,15:00:00,0.94525,0.94528,0.94035,0.94236,0,0
2015-07-14,16:00:00,0.9426,0.94507,0.9419,0.94499,0,0
2015-07-14,17:00:00,0.94511,0.94748,0.94483,0.94639,0,0
2015-07-14,18:00:00,0.94644,0.94644,0.94488,0.94602,0,0
2015-07-14,19:00:00,0.94602,0.94652,0.94559,0.94559,0,0
2015-07-14,20:00:00,0.94559,0.94599,0.9446,0.94527,0,0
2015-07-14,21:00:00,0.94537,0.94557,0.94472,0.94506,0,0
2015-07-14,22:00:00,0.94505,0.94575,0.94489,0.94527,0,0
2015-07-14,23:00:00,0.94532,0.9458,0.94477,0.94479,0,0
2015-07-14,23:59:00,0.94486,0.94546,0.94386,0.94533,0,0
2015-07-15,01:00:00,0.94532,0.9456,0.94458,0.94484,0,0
2015-07-15,02:00:00,0.94484,0.9458,0.94475,0.94503,0,0
2015-07-15,03:00:00,0.94503,0.94626,0.94499,0.94585,0,0
2015-07-15,04:00:00,0.9461,0.9461,0.94524,0.94545,0,0
2015-07-15,05:00:00,0.9455,0.94596,0.9452,0.94581,0,0
2015-07-15,06:00:00,0.94581,0.946,0.945,0.94501,0,0
2015-07-15,07:00:00,0.94504,0.94561,0.94495,0.94534,0,0
2015-07-15,08:00:00,0.94534,0.94645,0.94522,0.94589,0,0
2015-07-15,09:00:00,0.94582,0.94674,0.94489,0.94629,0,0
2015-07-15,10:00:00,0.94633,0.94738,0.94542,0.94586,0,0
2015-07-15,11:00:00,0.94585,0.94678,0.9449,0.94641,0,0
2015-07-15,12:00:00,0.94626,0.94741,0.94603,0.94741,0,0
2015-07-15,13:00:00,0.9474,0.94755,0.94676,0.94751,0,0
2015-07-15,14:00:00,0.94747,0.94904,0.94747,0.9489,0,0
2015-07-15,15:00:00,0.94889,0.95054,0.947,0.95026,0,0
2015-07-15,16:00:00,0.95026,0.95229,0.95025,0.9516,0,0
2015-07-15,17:00:00,0.95165,0.95475,0.95035,0.95273,0,0
2015-07-15,18:00:00,0.95262,0.95358,0.95123,0.95227,0,0
2015-07-15,19:00:00,0.95232,0.95309,0.95135,0.95237,0,0
2015-07-15,20:00:00,0.95243,0.95362,0.9518,0.9518,0,0
2015-07-15,21:00:00,0.9518,0.95251,0.95131,0.95248,0,0
2015-07-15,22:00:00,0.95236,0.95271,0.95151,0.95155,0,0
2015-07-15,23:00:00,0.95162,0.95265,0.95151,0.95198,0,0
2015-07-15,23:59:00,0.95204,0.95209,0.95183,0.95199,0,0
2015-07-16,01:00:00,0.95205,0.95235,0.95169,0.95203,0,0
2015-07-16,02:00:00,0.95203,0.95287,0.95154,0.95286,0,0
2015-07-16,03:00:00,0.95286,0.95295,0.9523,0.95288,0,0
2015-07-16,04:00:00,0.95288,0.95393,0.95243,0.95333,0,0
2015-07-16,05:00:00,0.95333,0.9537,0.95265,0.95322,0,0
2015-07-16,06:00:00,0.95322,0.9539,0.95293,0.95338,0,0
2015-07-16,07:00:00,0.95339,0.95385,0.95318,0.95373,0,0
2015-07-16,08:00:00,0.95367,0.95553,0.95355,0.95525,0,0
2015-07-16,09:00:00,0.955,0.95534,0.95341,0.95392,0,0
2015-07-16,10:00:00,0.9541,0.95717,0.95339,0.95688,0,0
2015-07-16,11:00:00,0.9569,0.95696,0.95461,0.95488,0,0
2015-07-16,12:00:00,0.95496,0.95586,0.95459,0.95498,0,0
2015-07-16,13:00:00,0.95509,0.95714,0.95496,0.95687,0,0
2015-07-16,14:00:00,0.95683,0.95756,0.95609,0.95673,0,0
2015-07-16,15:00:00,0.95676,0.95837,0.95507,0.95837,0,0
2015-07-16,16:00:00,0.95836,0.95837,0.95458,0.95495,0,0
2015-07-16,17:00:00,0.95423,0.95643,0.95391,0.9547,0,0
2015-07-16,18:00:00,0.9547,0.95642,0.9547,0.95634,0,0
2015-07-16,19:00:00,0.95634,0.95823,0.95623,0.95813,0,0
2015-07-16,20:00:00,0.95813,0.95813,0.95678,0.9573,0,0
2015-07-16,21:00:00,0.95727,0.95793,0.95687,0.95768,0,0
2015-07-16,22:00:00,0.95768,0.95795,0.9573,0.95753,0,0
2015-07-16,23:00:00,0.95746,0.9583,0.95726,0.95788,0,0
2015-07-16,23:59:00,0.95785,0.95785,0.95731,0.9576,0,0
2015-07-17,01:00:00,0.9576,0.9584,0.95732,0.95747,0,0
2015-07-17,02:00:00,0.95747,0.9581,0.9573,0.95734,0,0
2015-07-17,03:00:00,0.95739,0.95805,0.95703,0.95747,0,0
2015-07-17,04:00:00,0.95747,0.95795,0.95666,0.95673,0,0
2015-07-17,05:00:00,0.95673,0.9573,0.95629,0.95638,0,0
2015-07-17,06:00:00,0.95638,0.95725,0.95611,0.95655,0,0
2015-07-17,07:00:00,0.95654,0.9573,0.95651,0.95665,0,0
2015-07-17,08:00:00,0.95665,0.95745,0.95619,0.95711,0,0
2015-07-17,09:00:00,0.95711,0.95766,0.95623,0.95661,0,0
2015-07-17,10:00:00,0.95675,0.95754,0.95575,0.95655,0,0
2015-07-17,11:00:00,0.95662,0.95781,0.95607,0.95781,0,0
2015-07-17,12:00:00,0.95776,0.95814,0.95686,0.95707,0,0
2015-07-17,13:00:00,0.95709,0.95895,0.95695,0.9587,0,0
2015-07-17,14:00:00,0.95873,0.95947,0.95775,0.95775,0,0
2015-07-17,15:00:00,0.95778,0.96021,0.95769,0.95993,0,0
2015-07-17,16:00:00,0.95991,0.96073,0.95912,0.95997,0,0
2015-07-17,17:00:00,0.96002,0.96168,0.9595,0.95994,0,0
2015-07-17,18:00:00,0.95988,0.96115,0.95935,0.96099,0,0
2015-07-17,19:00:00,0.96104,0.96106,0.96011,0.96012,0,0
2015-07-17,20:00:00,0.96014,0.96095,0.96014,0.96085,0,0
2015-07-17,21:00:00,0.96085,0.96115,0.96035,0.96076,0,0
2015-07-17,22:00:00,0.9607,0.9611,0.96035,0.96054,0,0
2015-07-17,23:00:00,0.96057,0.96067,0.96056,0.96067,0,0
2015-07-20,01:00:00,0.96148,0.9624,0.96077,0.96085,0,0
2015-07-20,02:00:00,0.961,0.96273,0.9607,0.96248,0,0
2015-07-20,03:00:00,0.96252,0.96265,0.96139,0.96154,0,0
2015-07-20,04:00:00,0.96157,0.96262,0.96145,0.96226,0,0
2015-07-20,05:00:00,0.96228,0.96297,0.96227,0.96281,0,0
2015-07-20,06:00:00,0.96283,0.96318,0.96266,0.9631,0,0
2015-07-20,07:00:00,0.9631,0.96324,0.96268,0.96292,0,0
2015-07-20,08:00:00,0.96292,0.96334,0.96275,0.96331,0,0
2015-07-20,09:00:00,0.9633,0.9635,0.9624,0.9625,0,0
2015-07-20,10:00:00,0.9625,0.9627,0.96,0.9607,0,0
2015-07-20,11:00:00,0.9607,0.9631,0.9606,0.9622,0,0
2015-07-20,12:00:00,0.9622,0.9639,0.9617,0.9632,0,0
2015-07-20,13:00:00,0.9632,0.9639,0.9622,0.9624,0,0
2015-07-20,14:00:00,0.9623,0.9635,0.9614,0.962,0,0
2015-07-20,15:00:00,0.962,0.9636,0.9617,0.9631,0,0
2015-07-20,16:00:00,0.9632,0.9646,0.9628,0.9645,0,0
2015-07-20,17:00:00,0.9643,0.9644,0.96187,0.96245,0,0
2015-07-20,18:00:00,0.9624,0.96335,0.96144,0.96318,0,0
2015-07-20,19:00:00,0.96318,0.96359,0.96255,0.96341,0,0
2015-07-20,20:00:00,0.96343,0.96412,0.96322,0.96382,0,0
2015-07-20,21:00:00,0.96381,0.96475,0.96362,0.96426,0,0
2015-07-20,22:00:00,0.96434,0.96443,0.96367,0.96373,0,0
2015-07-20,23:00:00,0.96371,0.96484,0.96371,0.96458,0,0
2015-07-20,23:59:00,0.96458,0.96483,0.96433,0.96433,0,0
