Date,Time,Open,High,Low,Close,Volume,OpenInt
2015-04-22,01:00:00,0.93128,0.93165,0.93125,0.93127,0,0
2015-04-22,02:00:00,0.93126,0.93158,0.93095,0.93125,0,0
2015-04-22,03:00:00,0.93122,0.93311,0.93122,0.93289,0,0
2015-04-22,04:00:00,0.93291,0.93304,0.93217,0.93269,0,0
2015-04-22,05:00:00,0.93267,0.93301,0.9317,0.93214,0,0
2015-04-22,06:00:00,0.93215,0.93277,0.93213,0.93237,0,0
2015-04-22,07:00:00,0.93237,0.93246,0.93125,0.93137,0,0
2015-04-22,08:00:00,0.93138,0.93177,0.93038,0.93113,0,0
2015-04-22,09:00:00,0.93116,0.93218,0.92812,0.92868,0,0
2015-04-22,10:00:00,0.92867,0.93022,0.92824,0.93005,0,0
2015-04-22,11:00:00,0.93008,0.93067,0.92635,0.92795,0,0
2015-04-22,12:00:00,0.92799,0.92799,0.9259,0.92671,0,0
2015-04-22,13:00:00,0.92672,0.92891,0.92601,0.92838,0,0
2015-04-22,14:00:00,0.92868,0.93015,0.92794,0.92999,0,0
2015-04-22,15:00:00,0.93001,0.93333,0.92943,0.93229,0,0
2015-04-22,16:00:00,0.93221,0.93384,0.93037,0.93073,0,0
2015-04-22,17:00:00,0.93058,0.93284,0.93057,0.93247,0,0
2015-04-22,18:00:00,0.93261,0.93344,0.93175,0.93219,0,0
2015-04-22,19:00:00,0.93218,0.9331,0.93174,0.93217,0,0
2015-04-22,20:00:00,0.93219,0.9324,0.93109,0.93189,0,0
2015-04-22,21:00:00,0.9319,0.9319,0.93097,0.93114,0,0
2015-04-22,22:00:00,0.93123,0.93257,0.93083,0.9322,0,0
2015-04-22,23:00:00,0.93219,0.9326,0.9321,0.93237,0,0
2015-04-22,23:59:00,0.93237,0.93284,0.93216,0.93266,0,0
2015-04-23,01:00:00,0.93266,0.933,0.9324,0.93286,0,0
2015-04-23,02:00:00,0.93286,0.93289,0.93216,0.93244,0,0
2015-04-23,03:00:00,0.93243,0.93447,0.93231,0.93403,0,0
2015-04-23,04:00:00,0.93403,0.93521,0.93347,0.93469,0,0
2015-04-23,05:00:00,0.93468,0.93532,0.93429,0.93472,0,0
2015-04-23,06:00:00,0.93473,0.93503,0.93368,0.93386,0,0
2015-04-23,07:00:00,0.93384,0.93445,0.93301,0.93427,0,0
2015-04-23,08:00:00,0.93433,0.93433,0.93302,0.93392,0,0
2015-04-23,09:00:00,0.93393,0.9363,0.93352,0.93536,0,0
2015-04-23,10:00:00,0.93551,0.93744,0.93548,0.93568,0,0
2015-04-23,11:00:00,0.93564,0.9359,0.93142,0.93212,0,0
2015-04-23,12:00:00,0.93207,0.93293,0.92973,0.92996,0,0
2015-04-23,13:00:00,0.93002,0.93138,0.92959,0.93082,0,0
2015-04-23,14:00:00,0.93096,0.93168,0.9282,0.92869,0,0
2015-04-23,15:00:00,0.92844,0.93049,0.92745,0.92901,0,0
2015-04-23,16:00:00,0.92902,0.93153,0.92771,0.92986,0,0
2015-04-23,17:00:00,0.92992,0.93006,0.92457,0.92579,0,0
2015-04-23,18:00:00,0.92569,0.92682,0.92409,0.92573,0,0
2015-04-23,19:00:00,0.92569,0.92569,0.9233,0.92382,0,0
2015-04-23,20:00:00,0.92385,0.92385,0.92205,0.92338,0,0
2015-04-23,21:00:00,0.92333,0.92382,0.92204,0.92382,0,0
2015-04-23,22:00:00,0.92366,0.92397,0.92334,0.92375,0,0
2015-04-23,23:00:00,0.92367,0.92398,0.92314,0.92386,0,0
2015-04-23,23:59:00,0.92382,0.92419,0.92369,0.92407,0,0
2015-04-24,01:00:00,0.92407,0.9246,0.92372,0.92448,0,0
2015-04-24,02:00:00,0.92453,0.925,0.92392,0.92462,0,0
2015-04-24,03:00:00,0.92468,0.92533,0.92337,0.92347,0,0
2015-04-24,04:00:00,0.92349,0.92484,0.92349,0.92477,0,0
2015-04-24,05:00:00,0.92482,0.92642,0.92458,0.92623,0,0
2015-04-24,06:00:00,0.92617,0.92718,0.92599,0.9265,0,0
2015-04-24,07:00:00,0.92655,0.92674,0.92552,0.92552,0,0
2015-04-24,08:00:00,0.92552,0.92575,0.92468,0.92477,0,0
2015-04-24,09:00:00,0.92471,0.92611,0.91912,0.91965,0,0
2015-04-24,10:00:00,0.91964,0.92058,0.91768,0.91922,0,0
2015-04-24,11:00:00,0.91922,0.91975,0.91748,0.91873,0,0
2015-04-24,12:00:00,0.91871,0.92147,0.91871,0.92147,0,0
2015-04-24,13:00:00,0.92151,0.92505,0.92116,0.92456,0,0
2015-04-24,14:00:00,0.92459,0.9248,0.92259,0.92314,0,0
2015-04-24,15:00:00,0.92311,0.92436,0.91978,0.92233,0,0
2015-04-24,16:00:00,0.9224,0.9249,0.92027,0.9248,0,0
2015-04-24,17:00:00,0.9247,0.9255,0.92012,0.92053,0,0
2015-04-24,18:00:00,0.92051,0.92097,0.9193,0.91947,0,0
2015-04-24,19:00:00,0.91957,0.92146,0.9192,0.92146,0,0
2015-04-24,20:00:00,0.92141,0.92161,0.92068,0.92081,0,0
2015-04-24,21:00:00,0.92081,0.92095,0.9199,0.92017,0,0
2015-04-24,22:00:00,0.92012,0.92068,0.91982,0.92016,0,0
2015-04-24,23:00:00,0.92015,0.92033,0.9201,0.92033,0,0
2015-04-27,01:00:00,0.92021,0.92082,0.92,0.92034,0,0
2015-04-27,02:00:00,0.92034,0.92061,0.91957,0.92033,0,0
2015-04-27,03:00:00,0.92028,0.92063,0.91929,0.92026,0,0
2015-04-27,04:00:00,0.9203,0.9207,0.91987,0.92062,0,0
2015-04-27,05:00:00,0.92067,0.92076,0.92016,0.92046,0,0
2015-04-27,06:00:00,0.92045,0.92186,0.92045,0.92136,0,0
2015-04-27,07:00:00,0.92135,0.92151,0.92084,0.92118,0,0
2015-04-27,08:00:00,0.92117,0.92136,0.91927,0.91964,0,0
2015-04-27,09:00:00,0.91964,0.92174,0.91854,0.92168,0,0
2015-04-27,10:00:00,0.92159,0.92252,0.91921,0.92115,0,0
2015-04-27,11:00:00,0.92117,0.92374,0.9209,0.92293,0,0
2015-04-27,12:00:00,0.92293,0.92356,0.92166,0.92268,0,0
2015-04-27,13:00:00,0.92266,0.92413,0.92211,0.92213,0,0
2015-04-27,14:00:00,0.92204,0.92349,0.92177,0.92265,0,0
2015-04-27,15:00:00,0.92273,0.92425,0.92218,0.92231,0,0
2015-04-27,16:00:00,0.92223,0.92278,0.92048,0.92131,0,0
2015-04-27,17:00:00,0.92141,0.92151,0.91883,0.91883,0,0
2015-04-27,18:00:00,0.91889,0.91889,0.91683,0.9182,0,0
2015-04-27,19:00:00,0.91821,0.91832,0.91524,0.91695,0,0
2015-04-27,20:00:00,0.91688,0.91932,0.91659,0.91912,0,0
2015-04-27,21:00:00,0.91904,0.9193,0.918,0.91898,0,0
2015-04-27,22:00:00,0.91895,0.91931,0.9182,0.91828,0,0
2015-04-27,23:00:00,0.91832,0.91896,0.91811,0.91811,0,0
2015-04-27,23:59:00,0.91815,0.91885,0.91809,0.91877,0,0
2015-04-28,01:00:00,0.91878,0.92024,0.91859,0.91946,0,0
2015-04-28,02:00:00,0.91944,0.91974,0.91912,0.9194,0,0
2015-04-28,03:00:00,0.9194,0.91995,0.91921,0.91929,0,0
2015-04-28,04:00:00,0.91929,0.91974,0.91877,0.91927,0,0
2015-04-28,05:00:00,0.91927,0.91966,0.91887,0.9194,0,0
2015-04-28,06:00:00,0.9194,0.91959,0.91875,0.91927,0,0
2015-04-28,07:00:00,0.91919,0.91977,0.91916,0.91974,0,0
2015-04-28,08:00:00,0.91974,0.91998,0.91846,0.91892,0,0
2015-04-28,09:00:00,0.91892,0.91993,0.91783,0.9196,0,0
2015-04-28,10:00:00,0.9196,0.92073,0.91746,0.91899,0,0
2015-04-28,11:00:00,0.91908,0.9205,0.91701,0.91708,0,0
2015-04-28,12:00:00,0.91709,0.91745,0.91556,0.9162,0,0
2015-04-28,13:00:00,0.9162,0.91669,0.91384,0.91394,0,0
2015-04-28,14:00:00,0.91396,0.91452,0.91328,0.91379,0,0
2015-04-28,15:00:00,0.91383,0.91589,0.91352,0.91518,0,0
2015-04-28,16:00:00,0.91521,0.91581,0.91305,0.91351,0,0
2015-04-28,17:00:00,0.91318,0.91339,0.91056,0.91056,0,0
2015-04-28,18:00:00,0.91057,0.91187,0.90994,0.91087,0,0
2015-04-28,19:00:00,0.91089,0.91237,0.91083,0.91168,0,0
2015-04-28,20:00:00,0.91168,0.91178,0.91011,0.91033,0,0
2015-04-28,21:00:00,0.91033,0.91138,0.90988,0.91095,0,0
2015-04-28,22:00:00,0.91087,0.91201,0.9108,0.9113,0,0
2015-04-28,23:00:00,0.91124,0.91163,0.91051,0.91063,0,0
2015-04-28,23:59:00,0.91063,0.91145,0.91063,0.91106,0,0
2015-04-29,01:00:00,0.91107,0.91146,0.91069,0.91115,0,0
2015-04-29,02:00:00,0.91115,0.9118,0.9111,0.91175,0,0
2015-04-29,03:00:00,0.91173,0.91173,0.91063,0.91073,0,0
2015-04-29,04:00:00,0.91072,0.91173,0.91072,0.9115,0,0
2015-04-29,05:00:00,0.91149,0.91176,0.91129,0.91168,0,0
2015-04-29,06:00:00,0.91173,0.91189,0.91132,0.91173,0,0
2015-04-29,07:00:00,0.91172,0.91243,0.91171,0.91217,0,0
2015-04-29,08:00:00,0.91214,0.9123,0.91146,0.91171,0,0
2015-04-29,09:00:00,0.91172,0.91204,0.91009,0.91055,0,0
2015-04-29,10:00:00,0.91066,0.91188,0.90926,0.90928,0,0
2015-04-29,11:00:00,0.90928,0.91037,0.90828,0.90844,0,0
2015-04-29,12:00:00,0.90848,0.90985,0.90792,0.9086,0,0
2015-04-29,13:00:00,0.90861,0.90957,0.90841,0.90955,0,0
2015-04-29,14:00:00,0.9095,0.91019,0.9084,0.90945,0,0
2015-04-29,15:00:00,0.90952,0.90971,0.90326,0.90705,0,0
2015-04-29,16:00:00,0.90669,0.90776,0.90269,0.90273,0,0
2015-04-29,17:00:00,0.90275,0.90353,0.89606,0.89708,0,0
2015-04-29,18:00:00,0.89695,0.8983,0.89477,0.89522,0,0
2015-04-29,19:00:00,0.89511,0.89733,0.89385,0.89733,0,0
2015-04-29,20:00:00,0.89732,0.898,0.89497,0.89664,0,0
2015-04-29,21:00:00,0.89668,0.9028,0.89668,0.89996,0,0
2015-04-29,22:00:00,0.89978,0.9012,0.89932,0.89999,0,0
2015-04-29,23:00:00,0.89996,0.90017,0.89859,0.8986,0,0
2015-04-29,23:59:00,0.89858,0.89973,0.89853,0.89973,0,0
2015-04-30,01:00:00,0.89972,0.89981,0.89911,0.89949,0,0
2015-04-30,02:00:00,0.89941,0.90005,0.89935,0.89991,0,0
2015-04-30,03:00:00,0.89991,0.89995,0.89902,0.89973,0,0
2015-04-30,04:00:00,0.89973,0.89976,0.89883,0.89885,0,0
2015-04-30,05:00:00,0.89887,0.89993,0.89887,0.89969,0,0
2015-04-30,06:00:00,0.89967,0.90071,0.89967,0.90031,0,0
2015-04-30,07:00:00,0.90031,0.90071,0.89964,0.90029,0,0
2015-04-30,08:00:00,0.90029,0.90211,0.90029,0.90189,0,0
2015-04-30,09:00:00,0.90249,0.90282,0.89915,0.89966,0,0
2015-04-30,10:00:00,0.89965,0.90044,0.89042,0.89115,0,0
2015-04-30,11:00:00,0.89121,0.89316,0.88896,0.89221,0,0
2015-04-30,12:00:00,0.89216,0.89545,0.89123,0.89526,0,0
2015-04-30,13:00:00,0.89528,0.8966,0.8933,0.89334,0,0
2015-04-30,14:00:00,0.89351,0.89443,0.89181,0.89338,0,0
2015-04-30,15:00:00,0.89337,0.89761,0.89129,0.89569,0,0
2015-04-30,16:00:00,0.89574,0.89951,0.89545,0.89762,0,0
2015-04-30,17:00:00,0.89756,0.8977,0.89224,0.89281,0,0
2015-04-30,18:00:00,0.89278,0.89595,0.89106,0.89589,0,0
2015-04-30,19:00:00,0.89587,0.89628,0.89168,0.89171,0,0
2015-04-30,20:00:00,0.89173,0.89394,0.89167,0.89366,0,0
2015-04-30,21:00:00,0.89369,0.89369,0.88785,0.8883,0,0
2015-04-30,22:00:00,0.88815,0.89132,0.88761,0.89058,0,0
2015-04-30,23:00:00,0.89055,0.89151,0.89054,0.89097,0,0
2015-04-30,23:59:00,0.89096,0.89189,0.89077,0.89173,0,0
2015-05-01,01:00:00,0.89169,0.89206,0.89132,0.89195,0,0
2015-05-01,02:00:00,0.89197,0.89199,0.89152,0.8919,0,0
2015-05-01,03:00:00,0.89193,0.89232,0.89139,0.8922,0,0
2015-05-01,04:00:00,0.8922,0.89226,0.89158,0.89218,0,0
2015-05-01,05:00:00,0.89218,0.89259,0.89181,0.89228,0,0
2015-05-01,06:00:00,0.89223,0.89236,0.89194,0.89217,0,0
2015-05-01,07:00:00,0.89217,0.89245,0.89194,0.8922,0,0
2015-05-01,08:00:00,0.89226,0.89238,0.89132,0.89141,0,0
2015-05-01,09:00:00,0.89138,0.89278,0.88884,0.88888,0,0
2015-05-01,10:00:00,0.8889,0.89025,0.88755,0.88832,0,0
2015-05-01,11:00:00,0.88834,0.88981,0.8875,0.88814,0,0
2015-05-01,12:00:00,0.88842,0.89015,0.88614,0.89007,0,0
2015-05-01,13:00:00,0.89006,0.89037,0.88719,0.8873,0,0
2015-05-01,14:00:00,0.88737,0.888,0.88671,0.888,0,0
2015-05-01,15:00:00,0.888,0.88941,0.88708,0.88837,0,0
2015-05-01,16:00:00,0.88834,0.88927,0.88681,0.88708,0,0
2015-05-01,17:00:00,0.88703,0.89212,0.88575,0.89131,0,0
2015-05-01,18:00:00,0.89124,0.89411,0.89087,0.89327,0,0
2015-05-01,19:00:00,0.8933,0.89479,0.89232,0.89474,0,0
2015-05-01,20:00:00,0.89473,0.89473,0.89302,0.89303,0,0
2015-05-01,21:00:00,0.89303,0.89411,0.89265,0.89351,0,0
2015-05-01,22:00:00,0.89343,0.8935,0.89144,0.89214,0,0
2015-05-01,23:00:00,0.89219,0.89224,0.89178,0.89194,0,0
2015-05-04,01:00:00,0.89329,0.89401,0.89314,0.89398,0,0
2015-05-04,02:00:00,0.89397,0.89425,0.89343,0.89377,0,0
2015-05-04,03:00:00,0.89377,0.89473,0.89327,0.89387,0,0
2015-05-04,04:00:00,0.89385,0.89385,0.89313,0.8932,0,0
2015-05-04,05:00:00,0.89321,0.8941,0.89304,0.8936,0,0
2015-05-04,06:00:00,0.8936,0.89401,0.89344,0.89369,0,0
2015-05-04,07:00:00,0.89369,0.89395,0.89322,0.89346,0,0
2015-05-04,08:00:00,0.89346,0.89348,0.89219,0.89259,0,0
2015-05-04,09:00:00,0.89259,0.89434,0.89096,0.89409,0,0
2015-05-04,10:00:00,0.89408,0.89648,0.89382,0.89638,0,0
2015-05-04,11:00:00,0.89678,0.89798,0.89626,0.89753,0,0
2015-05-04,12:00:00,0.89751,0.89866,0.89685,0.89866,0,0
2015-05-04,13:00:00,0.8986,0.89904,0.89768,0.89812,0,0
2015-05-04,14:00:00,0.89813,0.89859,0.89713,0.89806,0,0
2015-05-04,15:00:00,0.89814,0.89826,0.89385,0.89424,0,0
2015-05-04,16:00:00,0.89425,0.89619,0.89364,0.89577,0,0
2015-05-04,17:00:00,0.89592,0.89787,0.89544,0.89587,0,0
2015-05-04,18:00:00,0.89579,0.89749,0.89569,0.89732,0,0
2015-05-04,19:00:00,0.8973,0.89763,0.89566,0.89618,0,0
2015-05-04,20:00:00,0.89616,0.89693,0.89599,0.89634,0,0
2015-05-04,21:00:00,0.89634,0.89831,0.89623,0.89766,0,0
2015-05-04,22:00:00,0.89765,0.89792,0.89655,0.89658,0,0
2015-05-04,23:00:00,0.89661,0.89761,0.89661,0.89705,0,0
2015-05-04,23:59:00,0.89713,0.89732,0.89682,0.89692,0,0
2015-05-05,01:00:00,0.89692,0.89745,0.89674,0.89721,0,0
2015-05-05,02:00:00,0.89719,0.89722,0.89677,0.89694,0,0
2015-05-05,03:00:00,0.89696,0.89743,0.89694,0.89722,0,0
2015-05-05,04:00:00,0.89722,0.89762,0.89687,0.89761,0,0
2015-05-05,05:00:00,0.8976,0.89786,0.89735,0.8977,0,0
2015-05-05,06:00:00,0.8977,0.89828,0.89761,0.89806,0,0
2015-05-05,07:00:00,0.89808,0.89892,0.89802,0.89871,0,0
2015-05-05,08:00:00,0.89871,0.8988,0.89774,0.89839,0,0
2015-05-05,09:00:00,0.89839,0.90182,0.89715,0.90158,0,0
2015-05-05,10:00:00,0.90173,0.90229,0.90017,0.9021,0,0
2015-05-05,11:00:00,0.90214,0.90355,0.90083,0.90105,0,0
2015-05-05,12:00:00,0.90102,0.90232,0.89923,0.89947,0,0
2015-05-05,13:00:00,0.89956,0.90084,0.89828,0.89874,0,0
2015-05-05,14:00:00,0.89874,0.89934,0.89719,0.89925,0,0
2015-05-05,15:00:00,0.89926,0.90013,0.89504,0.89618,0,0
2015-05-05,16:00:00,0.89629,0.89876,0.89551,0.89551,0,0
2015-05-05,17:00:00,0.89539,0.89939,0.89265,0.89389,0,0
2015-05-05,18:00:00,0.89385,0.89511,0.89211,0.89495,0,0
2015-05-05,19:00:00,0.89497,0.89497,0.89228,0.89279,0,0
2015-05-05,20:00:00,0.89281,0.89368,0.8911,0.89336,0,0
2015-05-05,21:00:00,0.89336,0.89353,0.89255,0.89331,0,0
2015-05-05,22:00:00,0.89332,0.89384,0.89275,0.8935,0,0
2015-05-05,23:00:00,0.89356,0.89425,0.89348,0.89401,0,0
2015-05-05,23:59:00,0.89405,0.89413,0.89376,0.89409,0,0
2015-05-06,01:00:00,0.89401,0.89461,0.89383,0.89448,0,0
2015-05-06,02:00:00,0.89448,0.89461,0.89394,0.89449,0,0
2015-05-06,03:00:00,0.89449,0.89465,0.89389,0.8944,0,0
2015-05-06,04:00:00,0.8944,0.89481,0.89322,0.89328,0,0
2015-05-06,05:00:00,0.89328,0.89375,0.89159,0.89162,0,0
2015-05-06,06:00:00,0.89162,0.89195,0.88975,0.89054,0,0
2015-05-06,07:00:00,0.8905,0.89113,0.88998,0.89014,0,0
2015-05-06,08:00:00,0.89007,0.8906,0.88965,0.89043,0,0
2015-05-06,09:00:00,0.89045,0.89116,0.88779,0.88841,0,0
2015-05-06,10:00:00,0.88834,0.89098,0.88726,0.88938,0,0
2015-05-06,11:00:00,0.88919,0.8908,0.88849,0.8906,0,0
2015-05-06,12:00:00,0.89059,0.89259,0.89025,0.89162,0,0
2015-05-06,13:00:00,0.89162,0.89183,0.88972,0.89041,0,0
2015-05-06,14:00:00,0.89045,0.89162,0.88977,0.89107,0,0
2015-05-06,15:00:00,0.89107,0.89115,0.88595,0.88639,0,0
2015-05-06,16:00:00,0.88627,0.88734,0.88162,0.88218,0,0
2015-05-06,17:00:00,0.88225,0.88265,0.87972,0.8808,0,0
2015-05-06,18:00:00,0.88078,0.88272,0.88047,0.88131,0,0
2015-05-06,19:00:00,0.88141,0.88349,0.88091,0.88324,0,0
2015-05-06,20:00:00,0.88313,0.88313,0.88162,0.88197,0,0
2015-05-06,21:00:00,0.88202,0.88211,0.8795,0.88089,0,0
2015-05-06,22:00:00,0.88074,0.88145,0.88063,0.88117,0,0
2015-05-06,23:00:00,0.88116,0.88155,0.88112,0.88131,0,0
2015-05-06,23:59:00,0.88132,0.88166,0.8811,0.88161,0,0
2015-05-07,01:00:00,0.88162,0.88187,0.88137,0.88156,0,0
2015-05-07,02:00:00,0.88157,0.88187,0.88118,0.88187,0,0
2015-05-07,03:00:00,0.88189,0.88282,0.88156,0.88257,0,0
2015-05-07,04:00:00,0.88257,0.88298,0.88183,0.88268,0,0
2015-05-07,05:00:00,0.88278,0.88281,0.88177,0.8821,0,0
2015-05-07,06:00:00,0.8821,0.8821,0.88124,0.88155,0,0
2015-05-07,07:00:00,0.88155,0.88183,0.88127,0.88147,0,0
2015-05-07,08:00:00,0.88147,0.88183,0.87982,0.88038,0,0
2015-05-07,09:00:00,0.88042,0.88217,0.87944,0.88173,0,0
2015-05-07,10:00:00,0.88182,0.88204,0.87857,0.87962,0,0
2015-05-07,11:00:00,0.87979,0.88189,0.87965,0.88047,0,0
2015-05-07,12:00:00,0.88059,0.88104,0.87783,0.87887,0,0
2015-05-07,13:00:00,0.87885,0.88252,0.8788,0.88148,0,0
2015-05-07,14:00:00,0.88149,0.88528,0.88145,0.88518,0,0
2015-05-07,15:00:00,0.88516,0.88785,0.88388,0.88555,0,0
2015-05-07,16:00:00,0.88531,0.88751,0.88435,0.8874,0,0
2015-05-07,17:00:00,0.88737,0.88986,0.88689,0.88812,0,0
2015-05-07,18:00:00,0.88796,0.88838,0.88576,0.8863,0,0
2015-05-07,19:00:00,0.88634,0.88752,0.88596,0.88749,0,0
2015-05-07,20:00:00,0.88752,0.88853,0.88725,0.88777,0,0
2015-05-07,21:00:00,0.88777,0.88823,0.88645,0.88747,0,0
2015-05-07,22:00:00,0.88752,0.88789,0.88712,0.88737,0,0
2015-05-07,23:00:00,0.88734,0.88778,0.88708,0.88756,0,0
2015-05-07,23:59:00,0.88756,0.88945,0.88675,0.88866,0,0
2015-05-08,01:00:00,0.88872,0.8906,0.88853,0.88955,0,0
2015-05-08,02:00:00,0.88955,0.8899,0.8889,0.88928,0,0
2015-05-08,03:00:00,0.88929,0.88932,0.88831,0.88917,0,0
2015-05-08,04:00:00,0.88917,0.89001,0.88857,0.88959,0,0
2015-05-08,05:00:00,0.88949,0.89202,0.88948,0.89193,0,0
2015-05-08,06:00:00,0.89192,0.893,0.89173,0.89251,0,0
2015-05-08,07:00:00,0.8925,0.89259,0.89104,0.8915,0,0
2015-05-08,08:00:00,0.8915,0.89277,0.89059,0.89243,0,0
2015-05-08,09:00:00,0.89243,0.8943,0.89228,0.89326,0,0
2015-05-08,10:00:00,0.89333,0.89384,0.89104,0.89149,0,0
2015-05-08,11:00:00,0.89162,0.89162,0.88939,0.89015,0,0
2015-05-08,12:00:00,0.89016,0.891,0.88929,0.88974,0,0
2015-05-08,13:00:00,0.88981,0.89181,0.88932,0.89166,0,0
2015-05-08,14:00:00,0.89173,0.892,0.89065,0.89196,0,0
2015-05-08,15:00:00,0.89201,0.89445,0.88601,0.88778,0,0
2015-05-08,16:00:00,0.88791,0.89115,0.88704,0.89073,0,0
2015-05-08,17:00:00,0.89068,0.89395,0.89065,0.891,0,0
2015-05-08,18:00:00,0.89107,0.89179,0.88838,0.88963,0,0
2015-05-08,19:00:00,0.88963,0.89193,0.88922,0.89115,0,0
2015-05-08,20:00:00,0.89115,0.89158,0.88995,0.89058,0,0
2015-05-08,21:00:00,0.89067,0.89304,0.89058,0.89246,0,0
2015-05-08,22:00:00,0.89237,0.89255,0.89149,0.89224,0,0
2015-05-08,23:00:00,0.89222,0.89222,0.89222,0.89222,0,0
2015-05-11,01:00:00,0.89271,0.89338,0.89252,0.89306,0,0
2015-05-11,02:00:00,0.89299,0.89347,0.89299,0.89318,0,0
2015-05-11,03:00:00,0.89318,0.89554,0.89271,0.89554,0,0
2015-05-11,04:00:00,0.89553,0.89668,0.89525,0.89611,0,0
2015-05-11,05:00:00,0.89612,0.89669,0.89545,0.89627,0,0
2015-05-11,06:00:00,0.89626,0.89817,0.89623,0.89737,0,0
2015-05-11,07:00:00,0.89738,0.89759,0.89688,0.89689,0,0
2015-05-11,08:00:00,0.89689,0.89805,0.89655,0.8972,0,0
2015-05-11,09:00:00,0.89723,0.89759,0.89334,0.89358,0,0
2015-05-11,10:00:00,0.89364,0.89667,0.8935,0.89617,0,0
2015-05-11,11:00:00,0.89621,0.89644,0.89471,0.89531,0,0
2015-05-11,12:00:00,0.89541,0.89709,0.89485,0.89605,0,0
2015-05-11,13:00:00,0.89594,0.89683,0.89517,0.89642,0,0
2015-05-11,14:00:00,0.89652,0.8978,0.89593,0.89757,0,0
2015-05-11,15:00:00,0.89752,0.89806,0.89643,0.89754,0,0
2015-05-11,16:00:00,0.89746,0.8978,0.89499,0.89674,0,0
2015-05-11,17:00:00,0.89656,0.89717,0.89523,0.89709,0,0
2015-05-11,18:00:00,0.89698,0.89837,0.89587,0.89759,0,0
2015-05-11,19:00:00,0.89752,0.8982,0.89635,0.89644,0,0
2015-05-11,20:00:00,0.89619,0.89716,0.8953,0.89598,0,0
2015-05-11,21:00:00,0.89595,0.89698,0.89546,0.8964,0,0
2015-05-11,22:00:00,0.89641,0.89677,0.89611,0.89677,0,0
2015-05-11,23:00:00,0.89674,0.89683,0.89634,0.89645,0,0
2015-05-11,23:59:00,0.89643,0.8967,0.89617,0.89669,0,0
2015-05-12,01:00:00,0.89668,0.89697,0.89622,0.89697,0,0
2015-05-12,02:00:00,0.89697,0.89769,0.89689,0.89721,0,0
2015-05-12,03:00:00,0.89721,0.8981,0.89672,0.89765,0,0
2015-05-12,04:00:00,0.89765,0.89794,0.89705,0.89705,0,0
2015-05-12,05:00:00,0.89716,0.89721,0.89555,0.8959,0,0
2015-05-12,06:00:00,0.8959,0.89658,0.89552,0.89643,0,0
2015-05-12,07:00:00,0.89641,0.89643,0.89502,0.89519,0,0
2015-05-12,08:00:00,0.89513,0.89514,0.8937,0.89476,0,0
2015-05-12,09:00:00,0.89479,0.89547,0.89273,0.8941,0,0
2015-05-12,10:00:00,0.89416,0.89471,0.89001,0.89077,0,0
2015-05-12,11:00:00,0.89079,0.89079,0.88759,0.88829,0,0
2015-05-12,12:00:00,0.88821,0.88886,0.8867,0.88758,0,0
2015-05-12,13:00:00,0.88758,0.88878,0.88703,0.88854,0,0
2015-05-12,14:00:00,0.88862,0.89016,0.88834,0.89001,0,0
2015-05-12,15:00:00,0.88997,0.89071,0.88921,0.89056,0,0
2015-05-12,16:00:00,0.89056,0.89105,0.88803,0.88868,0,0
2015-05-12,17:00:00,0.88891,0.88991,0.88763,0.88909,0,0
2015-05-12,18:00:00,0.88909,0.89066,0.88902,0.88965,0,0
2015-05-12,19:00:00,0.8898,0.89012,0.8883,0.88993,0,0
2015-05-12,20:00:00,0.88993,0.89145,0.88972,0.89107,0,0
2015-05-12,21:00:00,0.89101,0.89178,0.89079,0.89127,0,0
2015-05-12,22:00:00,0.89127,0.89185,0.89111,0.8915,0,0
2015-05-12,23:00:00,0.89158,0.89238,0.8915,0.89184,0,0
2015-05-12,23:59:00,0.89179,0.89224,0.89111,0.89111,0,0
2015-05-13,01:00:00,0.89114,0.89168,0.89114,0.89162,0,0
2015-05-13,02:00:00,0.89162,0.89164,0.89122,0.89136,0,0
2015-05-13,03:00:00,0.89138,0.89173,0.89024,0.89065,0,0
2015-05-13,04:00:00,0.89058,0.89183,0.89053,0.89115,0,0
2015-05-13,05:00:00,0.89128,0.89132,0.88986,0.89001,0,0
2015-05-13,06:00:00,0.89001,0.8901,0.88928,0.88971,0,0
2015-05-13,07:00:00,0.88972,0.88987,0.88852,0.889,0,0
2015-05-13,08:00:00,0.889,0.88987,0.88861,0.88987,0,0
2015-05-13,09:00:00,0.89008,0.89085,0.8877,0.88877,0,0
2015-05-13,10:00:00,0.88884,0.88986,0.88799,0.88881,0,0
2015-05-13,11:00:00,0.8888,0.89128,0.88834,0.89069,0,0
2015-05-13,12:00:00,0.89071,0.89263,0.88929,0.89059,0,0
2015-05-13,13:00:00,0.89061,0.8919,0.89027,0.89094,0,0
2015-05-13,14:00:00,0.89087,0.89131,0.88938,0.89031,0,0
2015-05-13,15:00:00,0.89034,0.8913,0.88312,0.88427,0,0
2015-05-13,16:00:00,0.88441,0.88463,0.8823,0.88258,0,0
2015-05-13,17:00:00,0.88253,0.88259,0.88084,0.88097,0,0
2015-05-13,18:00:00,0.881,0.88142,0.87853,0.87937,0,0
2015-05-13,19:00:00,0.87936,0.88044,0.87913,0.87937,0,0
2015-05-13,20:00:00,0.87945,0.88046,0.87882,0.88045,0,0
2015-05-13,21:00:00,0.88053,0.88098,0.88,0.88027,0,0
2015-05-13,22:00:00,0.88024,0.88185,0.88024,0.88162,0,0
2015-05-13,23:00:00,0.88162,0.88176,0.88068,0.88068,0,0
2015-05-13,23:59:00,0.88072,0.88124,0.88057,0.88108,0,0
2015-05-14,01:00:00,0.88108,0.88113,0.88025,0.88079,0,0
2015-05-14,02:00:00,0.88079,0.88147,0.88062,0.88129,0,0
2015-05-14,03:00:00,0.88129,0.88176,0.88087,0.88118,0,0
2015-05-14,04:00:00,0.88118,0.8812,0.88017,0.88063,0,0
2015-05-14,05:00:00,0.88008,0.88134,0.87975,0.8813,0,0
2015-05-14,06:00:00,0.88134,0.88134,0.87918,0.87948,0,0
2015-05-14,07:00:00,0.87943,0.87993,0.87919,0.87979,0,0
2015-05-14,08:00:00,0.87979,0.88027,0.87877,0.87877,0,0
2015-05-14,09:00:00,0.8789,0.87998,0.8756,0.8764,0,0
2015-05-14,10:00:00,0.87631,0.87887,0.87484,0.87793,0,0
2015-05-14,11:00:00,0.87799,0.87877,0.87587,0.87685,0,0
2015-05-14,12:00:00,0.87692,0.87726,0.87452,0.87571,0,0
2015-05-14,13:00:00,0.87564,0.87635,0.87383,0.8744,0,0
2015-05-14,14:00:00,0.87457,0.87673,0.87426,0.87512,0,0
2015-05-14,15:00:00,0.87528,0.87739,0.87471,0.87596,0,0
2015-05-14,16:00:00,0.87619,0.87796,0.87586,0.87707,0,0
2015-05-14,17:00:00,0.87701,0.87977,0.87657,0.87868,0,0
2015-05-14,18:00:00,0.87871,0.8815,0.87837,0.87961,0,0
2015-05-14,19:00:00,0.87968,0.88005,0.87862,0.87886,0,0
2015-05-14,20:00:00,0.87884,0.87973,0.87802,0.87858,0,0
2015-05-14,21:00:00,0.87875,0.87894,0.87738,0.87747,0,0
2015-05-14,22:00:00,0.87746,0.87751,0.87639,0.87653,0,0
2015-05-14,23:00:00,0.87655,0.87681,0.87606,0.87644,0,0
2015-05-14,23:59:00,0.87645,0.87677,0.87614,0.87665,0,0
2015-05-15,01:00:00,0.87659,0.87701,0.87639,0.87685,0,0
2015-05-15,02:00:00,0.87685,0.87732,0.87684,0.87702,0,0
2015-05-15,03:00:00,0.87702,0.87749,0.87645,0.87695,0,0
2015-05-15,04:00:00,0.87695,0.87772,0.87638,0.87671,0,0
2015-05-15,05:00:00,0.87673,0.87694,0.87584,0.87679,0,0
2015-05-15,06:00:00,0.87679,0.87695,0.8764,0.87663,0,0
2015-05-15,07:00:00,0.87663,0.87674,0.87608,0.87633,0,0
2015-05-15,08:00:00,0.87632,0.87868,0.87616,0.87855,0,0
2015-05-15,09:00:00,0.8785,0.87938,0.87602,0.87617,0,0
2015-05-15,10:00:00,0.87611,0.87903,0.87563,0.8783,0,0
2015-05-15,11:00:00,0.87833,0.88088,0.8772,0.8801,0,0
2015-05-15,12:00:00,0.8803,0.88137,0.87969,0.88051,0,0
2015-05-15,13:00:00,0.88072,0.88103,0.8796,0.88032,0,0
2015-05-15,14:00:00,0.8804,0.88264,0.87965,0.88232,0,0
2015-05-15,15:00:00,0.88231,0.88304,0.88169,0.88222,0,0
2015-05-15,16:00:00,0.8822,0.88265,0.88046,0.88074,0,0
2015-05-15,17:00:00,0.8804,0.8804,0.87374,0.87433,0,0
2015-05-15,18:00:00,0.87428,0.8756,0.87331,0.87504,0,0
2015-05-15,19:00:00,0.87504,0.87625,0.87421,0.87463,0,0
2015-05-15,20:00:00,0.87465,0.87523,0.8729,0.87435,0,0
2015-05-15,21:00:00,0.87436,0.87436,0.87211,0.87223,0,0
2015-05-15,22:00:00,0.87224,0.87368,0.87224,0.87352,0,0
2015-05-15,23:00:00,0.8735,0.87352,0.87344,0.87352,0,0
2015-05-18,01:00:00,0.87384,0.8743,0.87357,0.8741,0,0
2015-05-18,02:00:00,0.87408,0.87423,0.87372,0.8738,0,0
2015-05-18,03:00:00,0.8738,0.87552,0.8738,0.87465,0,0
2015-05-18,04:00:00,0.87465,0.87571,0.87439,0.87551,0,0
2015-05-18,05:00:00,0.87546,0.8755,0.87455,0.87461,0,0
2015-05-18,06:00:00,0.87463,0.87511,0.87441,0.87481,0,0
2015-05-18,07:00:00,0.87481,0.8751,0.8742,0.87458,0,0
2015-05-18,08:00:00,0.87458,0.87585,0.87424,0.87424,0,0
2015-05-18,09:00:00,0.87429,0.87577,0.87362,0.87577,0,0
2015-05-18,10:00:00,0.8759,0.87872,0.87526,0.87792,0,0
2015-05-18,11:00:00,0.87789,0.8797,0.87778,0.87819,0,0
2015-05-18,12:00:00,0.87819,0.87933,0.87675,0.87692,0,0
2015-05-18,13:00:00,0.87686,0.87772,0.8754,0.87585,0,0
2015-05-18,14:00:00,0.87583,0.87766,0.87574,0.87681,0,0
2015-05-18,15:00:00,0.87679,0.87869,0.87665,0.8779,0,0
2015-05-18,16:00:00,0.87799,0.88202,0.87729,0.88189,0,0
2015-05-18,17:00:00,0.88192,0.88195,0.87996,0.87996,0,0
2015-05-18,18:00:00,0.87994,0.88116,0.87954,0.88072,0,0
2015-05-18,19:00:00,0.88073,0.8825,0.88037,0.88096,0,0
2015-05-18,20:00:00,0.88099,0.88398,0.88071,0.88357,0,0
2015-05-18,21:00:00,0.88364,0.88499,0.88352,0.88459,0,0
2015-05-18,22:00:00,0.88467,0.88505,0.88364,0.88427,0,0
2015-05-18,23:00:00,0.88427,0.88432,0.88362,0.88382,0,0
2015-05-18,23:59:00,0.88379,0.88412,0.88371,0.88383,0,0
2015-05-19,01:00:00,0.88382,0.88395,0.88363,0.88376,0,0
2015-05-19,02:00:00,0.88377,0.88377,0.8829,0.88306,0,0
2015-05-19,03:00:00,0.88307,0.88406,0.88292,0.8839,0,0
2015-05-19,04:00:00,0.88391,0.88594,0.88383,0.88537,0,0
2015-05-19,05:00:00,0.88547,0.88609,0.88508,0.88523,0,0
2015-05-19,06:00:00,0.88523,0.88542,0.88443,0.88449,0,0
2015-05-19,07:00:00,0.88446,0.88502,0.88443,0.88465,0,0
2015-05-19,08:00:00,0.88467,0.88483,0.88331,0.88367,0,0
2015-05-19,09:00:00,0.88369,0.88654,0.88367,0.88467,0,0
2015-05-19,10:00:00,0.88463,0.89602,0.88462,0.89422,0,0
2015-05-19,11:00:00,0.89433,0.89546,0.8932,0.89325,0,0
2015-05-19,12:00:00,0.89385,0.89429,0.89209,0.89254,0,0
2015-05-19,13:00:00,0.89256,0.89352,0.89153,0.89196,0,0
2015-05-19,14:00:00,0.8917,0.89454,0.89163,0.89373,0,0
2015-05-19,15:00:00,0.89359,0.89903,0.89348,0.89831,0,0
2015-05-19,16:00:00,0.89825,0.89833,0.89551,0.89642,0,0
2015-05-19,17:00:00,0.89656,0.89884,0.8959,0.89839,0,0
2015-05-19,18:00:00,0.89858,0.8993,0.89643,0.89685,0,0
2015-05-19,19:00:00,0.89683,0.89834,0.89615,0.8971,0,0
2015-05-19,20:00:00,0.89712,0.89821,0.89712,0.89732,0,0
2015-05-19,21:00:00,0.89742,0.89742,0.89623,0.89647,0,0
2015-05-19,22:00:00,0.89656,0.89709,0.89609,0.897,0,0
2015-05-19,23:00:00,0.89705,0.89718,0.8968,0.89691,0,0
2015-05-19,23:59:00,0.89689,0.89726,0.89665,0.89719,0,0
2015-05-20,01:00:00,0.8972,0.89754,0.89679,0.89709,0,0
2015-05-20,02:00:00,0.89709,0.89745,0.89686,0.89745,0,0
2015-05-20,03:00:00,0.89745,0.89911,0.8971,0.89821,0,0
2015-05-20,04:00:00,0.89821,0.89882,0.89728,0.89765,0,0
2015-05-20,05:00:00,0.89766,0.89766,0.89672,0.89734,0,0
2015-05-20,06:00:00,0.89734,0.89784,0.89719,0.89767,0,0
2015-05-20,07:00:00,0.89767,0.89857,0.89726,0.89833,0,0
2015-05-20,08:00:00,0.89834,0.90071,0.89717,0.90071,0,0
2015-05-20,09:00:00,0.90096,0.90387,0.89963,0.90228,0,0
2015-05-20,10:00:00,0.90225,0.90353,0.90045,0.90083,0,0
2015-05-20,11:00:00,0.90088,0.90088,0.89875,0.9002,0,0
2015-05-20,12:00:00,0.90019,0.90052,0.89876,0.89964,0,0
2015-05-20,13:00:00,0.89968,0.90168,0.8989,0.90155,0,0
2015-05-20,14:00:00,0.9015,0.90176,0.89994,0.9,0,0
2015-05-20,15:00:00,0.9,0.9,0.89728,0.89759,0,0
2015-05-20,16:00:00,0.89762,0.90102,0.89755,0.90067,0,0
2015-05-20,17:00:00,0.9007,0.90143,0.89929,0.90051,0,0
2015-05-20,18:00:00,0.9005,0.90282,0.90028,0.90245,0,0
2015-05-20,19:00:00,0.90248,0.90278,0.90091,0.90098,0,0
2015-05-20,20:00:00,0.9011,0.90182,0.90028,0.90082,0,0
2015-05-20,21:00:00,0.90078,0.90323,0.89756,0.89969,0,0
2015-05-20,22:00:00,0.89967,0.9014,0.89815,0.90029,0,0
2015-05-20,23:00:00,0.90033,0.90158,0.90012,0.90142,0,0
2015-05-20,23:59:00,0.90146,0.90188,0.90106,0.90155,0,0
2015-05-21,01:00:00,0.90155,0.90187,0.90114,0.90127,0,0
2015-05-21,02:00:00,0.90123,0.90153,0.9008,0.9008,0,0
2015-05-21,03:00:00,0.90079,0.90079,0.89907,0.89951,0,0
2015-05-21,04:00:00,0.8995,0.90012,0.89919,0.89973,0,0
2015-05-21,05:00:00,0.89975,0.89977,0.89863,0.89901,0,0
2015-05-21,06:00:00,0.89901,0.89978,0.89875,0.89918,0,0
2015-05-21,07:00:00,0.89919,0.8996,0.89851,0.89913,0,0
2015-05-21,08:00:00,0.89892,0.89958,0.89862,0.89947,0,0
2015-05-21,09:00:00,0.89952,0.90251,0.89952,0.90062,0,0
2015-05-21,10:00:00,0.9008,0.9008,0.89622,0.89789,0,0
2015-05-21,11:00:00,0.89803,0.89813,0.89506,0.89644,0,0
2015-05-21,12:00:00,0.89651,0.8975,0.89594,0.89749,0,0
2015-05-21,13:00:00,0.89768,0.89771,0.89435,0.89571,0,0
2015-05-21,14:00:00,0.89567,0.89804,0.8956,0.89789,0,0
2015-05-21,15:00:00,0.89789,0.90015,0.89709,0.89964,0,0
2015-05-21,16:00:00,0.89981,0.90037,0.89825,0.89954,0,0
2015-05-21,17:00:00,0.89984,0.90046,0.89755,0.89935,0,0
2015-05-21,18:00:00,0.89926,0.89972,0.89833,0.89887,0,0
2015-05-21,19:00:00,0.8988,0.89926,0.898,0.89825,0,0
2015-05-21,20:00:00,0.89823,0.89926,0.89786,0.89923,0,0
2015-05-21,21:00:00,0.89926,0.89947,0.89777,0.89836,0,0
2015-05-21,22:00:00,0.89827,0.89978,0.89821,0.89969,0,0
2015-05-21,23:00:00,0.89969,0.90013,0.89963,0.89986,0,0
2015-05-21,23:59:00,0.89994,0.90079,0.89939,0.90024,0,0
2015-05-22,01:00:00,0.90024,0.90054,0.90003,0.90024,0,0
2015-05-22,02:00:00,0.90013,0.90032,0.89992,0.90013,0,0
2015-05-22,03:00:00,0.90011,0.90023,0.89926,0.89942,0,0
2015-05-22,04:00:00,0.89942,0.8995,0.89852,0.89884,0,0
2015-05-22,05:00:00,0.89885,0.89891,0.89796,0.89813,0,0
2015-05-22,06:00:00,0.89813,0.89854,0.89705,0.89713,0,0
2015-05-22,07:00:00,0.89714,0.89781,0.89668,0.89767,0,0
2015-05-22,08:00:00,0.89764,0.89815,0.89668,0.89707,0,0
2015-05-22,09:00:00,0.89713,0.89717,0.89526,0.89648,0,0
2015-05-22,10:00:00,0.8965,0.89716,0.89535,0.89618,0,0
2015-05-22,11:00:00,0.89618,0.89674,0.89476,0.89524,0,0
2015-05-22,12:00:00,0.89531,0.89594,0.89326,0.8934,0,0
2015-05-22,13:00:00,0.89349,0.89418,0.89232,0.894,0,0
2015-05-22,14:00:00,0.894,0.89654,0.89395,0.89579,0,0
2015-05-22,15:00:00,0.89579,0.90322,0.89481,0.90258,0,0
2015-05-22,16:00:00,0.90255,0.90889,0.90255,0.90659,0,0
2015-05-22,17:00:00,0.90664,0.90812,0.90609,0.90682,0,0
2015-05-22,18:00:00,0.90685,0.90767,0.90597,0.90636,0,0
2015-05-22,19:00:00,0.90637,0.90661,0.90556,0.90581,0,0
2015-05-22,20:00:00,0.90608,0.90829,0.90576,0.90799,0,0
2015-05-22,21:00:00,0.90798,0.90883,0.90772,0.90814,0,0
2015-05-22,22:00:00,0.90813,0.90878,0.90789,0.90845,0,0
2015-05-22,23:00:00,0.90837,0.90837,0.90815,0.90823,0,0
2015-05-25,01:00:00,0.91092,0.91092,0.90871,0.90901,0,0
2015-05-25,02:00:00,0.90891,0.91019,0.90831,0.9098,0,0
2015-05-25,03:00:00,0.90982,0.91146,0.90897,0.91095,0,0
2015-05-25,04:00:00,0.91087,0.91129,0.9102,0.91076,0,0
2015-05-25,05:00:00,0.91076,0.91081,0.90993,0.91013,0,0
2015-05-25,06:00:00,0.91014,0.91041,0.90954,0.91013,0,0
2015-05-25,07:00:00,0.91012,0.91065,0.91004,0.91036,0,0
2015-05-25,08:00:00,0.91035,0.91089,0.90985,0.91022,0,0
2015-05-25,09:00:00,0.91022,0.91028,0.90864,0.90883,0,0
2015-05-25,10:00:00,0.90874,0.91179,0.90843,0.91128,0,0
2015-05-25,11:00:00,0.91128,0.91243,0.911,0.91129,0,0
2015-05-25,12:00:00,0.9113,0.9117,0.91027,0.91103,0,0
2015-05-25,13:00:00,0.91105,0.91144,0.91045,0.91105,0,0
2015-05-25,14:00:00,0.91112,0.91139,0.91073,0.911,0,0
2015-05-25,15:00:00,0.911,0.91112,0.90979,0.91028,0,0
2015-05-25,16:00:00,0.91027,0.91148,0.91013,0.91146,0,0
2015-05-25,17:00:00,0.91146,0.91173,0.91095,0.9114,0,0
2015-05-25,18:00:00,0.9114,0.91171,0.91088,0.91146,0,0
2015-05-25,19:00:00,0.91151,0.91166,0.91063,0.91067,0,0
2015-05-25,20:00:00,0.91046,0.91116,0.91046,0.91116,0,0
2015-05-25,21:00:00,0.91115,0.91115,0.91054,0.91081,0,0
2015-05-25,22:00:00,0.91084,0.91116,0.9107,0.91076,0,0
2015-05-25,23:00:00,0.91077,0.91123,0.91065,0.91095,0,0
2015-05-25,23:59:00,0.91095,0.91112,0.91065,0.91077,0,0
2015-05-26,01:00:00,0.91077,0.91104,0.91033,0.91085,0,0
2015-05-26,02:00:00,0.91083,0.91181,0.91075,0.91171,0,0
2015-05-26,03:00:00,0.9117,0.91448,0.91153,0.91377,0,0
2015-05-26,04:00:00,0.91377,0.9148,0.91326,0.91422,0,0
2015-05-26,05:00:00,0.91421,0.91444,0.91279,0.91323,0,0
2015-05-26,06:00:00,0.91323,0.91427,0.91318,0.91384,0,0
2015-05-26,07:00:00,0.91384,0.9144,0.91338,0.91439,0,0
2015-05-26,08:00:00,0.91439,0.91507,0.91407,0.91461,0,0
2015-05-26,09:00:00,0.91468,0.91857,0.91415,0.91821,0,0
2015-05-26,10:00:00,0.91827,0.91867,0.91619,0.91738,0,0
2015-05-26,11:00:00,0.91746,0.91855,0.91695,0.9182,0,0
2015-05-26,12:00:00,0.91817,0.9182,0.91636,0.91651,0,0
2015-05-26,13:00:00,0.91646,0.91792,0.91628,0.91697,0,0
2015-05-26,14:00:00,0.91687,0.91695,0.91468,0.91473,0,0
2015-05-26,15:00:00,0.91462,0.91848,0.91413,0.91687,0,0
2015-05-26,16:00:00,0.91707,0.91756,0.91511,0.91626,0,0
2015-05-26,17:00:00,0.91633,0.91968,0.91633,0.91752,0,0
2015-05-26,18:00:00,0.91769,0.91945,0.91724,0.91945,0,0
2015-05-26,19:00:00,0.91947,0.92004,0.91804,0.91813,0,0
2015-05-26,20:00:00,0.91819,0.91995,0.91773,0.91975,0,0
2015-05-26,21:00:00,0.91967,0.91989,0.91908,0.91982,0,0
2015-05-26,22:00:00,0.91986,0.92051,0.91932,0.91955,0,0
2015-05-26,23:00:00,0.91962,0.91998,0.91915,0.91983,0,0
2015-05-26,23:59:00,0.91975,0.91976,0.91921,0.91972,0,0
2015-05-27,01:00:00,0.91966,0.91973,0.91838,0.91859,0,0
2015-05-27,02:00:00,0.91851,0.91915,0.91833,0.91855,0,0
2015-05-27,03:00:00,0.91855,0.91938,0.91834,0.91913,0,0
2015-05-27,04:00:00,0.91919,0.92037,0.9187,0.92011,0,0
2015-05-27,05:00:00,0.92012,0.92016,0.91897,0.91944,0,0
2015-05-27,06:00:00,0.91944,0.91954,0.91845,0.91902,0,0
2015-05-27,07:00:00,0.91901,0.91944,0.91813,0.91833,0,0
2015-05-27,08:00:00,0.91836,0.91844,0.9161,0.9167,0,0
2015-05-27,09:00:00,0.91681,0.91743,0.915,0.91576,0,0
2015-05-27,10:00:00,0.91584,0.91732,0.91535,0.91582,0,0
2015-05-27,11:00:00,0.91582,0.91662,0.91553,0.91568,0,0
2015-05-27,12:00:00,0.91575,0.91797,0.91535,0.9172,0,0
2015-05-27,13:00:00,0.91733,0.91979,0.91703,0.91921,0,0
2015-05-27,14:00:00,0.91888,0.9209,0.91821,0.92065,0,0
2015-05-27,15:00:00,0.9207,0.92358,0.91917,0.92322,0,0
2015-05-27,16:00:00,0.92322,0.92425,0.91949,0.92125,0,0
2015-05-27,17:00:00,0.92129,0.92155,0.91659,0.91923,0,0
2015-05-27,18:00:00,0.91916,0.92054,0.91683,0.91863,0,0
2015-05-27,19:00:00,0.91856,0.91924,0.91847,0.91907,0,0
2015-05-27,20:00:00,0.91897,0.91941,0.91737,0.91737,0,0
2015-05-27,21:00:00,0.91737,0.91881,0.91737,0.91827,0,0
2015-05-27,22:00:00,0.91832,0.91871,0.91684,0.91731,0,0
2015-05-27,23:00:00,0.91736,0.91738,0.91679,0.91708,0,0
2015-05-27,23:59:00,0.91707,0.91747,0.91699,0.9174,0,0
2015-05-28,01:00:00,0.91738,0.91783,0.91683,0.91708,0,0
2015-05-28,02:00:00,0.91709,0.91767,0.91709,0.91761,0,0
2015-05-28,03:00:00,0.91761,0.91828,0.91578,0.91656,0,0
2015-05-28,04:00:00,0.91654,0.91709,0.91574,0.91643,0,0
2015-05-28,05:00:00,0.91642,0.91808,0.91574,0.91808,0,0
2015-05-28,06:00:00,0.91801,0.91807,0.9165,0.91683,0,0
2015-05-28,07:00:00,0.91683,0.9172,0.91567,0.91589,0,0
2015-05-28,08:00:00,0.91592,0.91656,0.9152,0.91582,0,0
2015-05-28,09:00:00,0.91583,0.91724,0.91346,0.91462,0,0
2015-05-28,10:00:00,0.91456,0.91652,0.91368,0.91404,0,0
2015-05-28,11:00:00,0.91394,0.9157,0.91326,0.91396,0,0
2015-05-28,12:00:00,0.914,0.91516,0.91387,0.91462,0,0
2015-05-28,13:00:00,0.91462,0.9151,0.91352,0.9149,0,0
2015-05-28,14:00:00,0.91505,0.91904,0.91487,0.91864,0,0
2015-05-28,15:00:00,0.9187,0.91937,0.91552,0.91744,0,0
2015-05-28,16:00:00,0.91748,0.91968,0.91736,0.91843,0,0
2015-05-28,17:00:00,0.91865,0.92012,0.91576,0.91576,0,0
2015-05-28,18:00:00,0.91598,0.91707,0.91536,0.9163,0,0
2015-05-28,19:00:00,0.91631,0.91848,0.9141,0.91489,0,0
2015-05-28,20:00:00,0.91487,0.91487,0.91313,0.91439,0,0
2015-05-28,21:00:00,0.91439,0.9154,0.91258,0.91288,0,0
2015-05-28,22:00:00,0.91288,0.91471,0.91262,0.91383,0,0
2015-05-28,23:00:00,0.9139,0.91394,0.91314,0.91339,0,0
2015-05-28,23:59:00,0.91342,0.91342,0.9114,0.91244,0,0
2015-05-29,01:00:00,0.91258,0.91298,0.91123,0.91164,0,0
2015-05-29,02:00:00,0.91164,0.91253,0.91163,0.91218,0,0
2015-05-29,03:00:00,0.91218,0.91295,0.91202,0.91288,0,0
2015-05-29,04:00:00,0.91286,0.91307,0.91203,0.91236,0,0
2015-05-29,05:00:00,0.91238,0.91313,0.91203,0.91295,0,0
2015-05-29,06:00:00,0.913,0.91304,0.91233,0.91264,0,0
2015-05-29,07:00:00,0.91264,0.91288,0.91188,0.91283,0,0
2015-05-29,08:00:00,0.91288,0.91383,0.91282,0.91314,0,0
2015-05-29,09:00:00,0.91317,0.91514,0.91186,0.91514,0,0
2015-05-29,10:00:00,0.91497,0.91523,0.91222,0.91241,0,0
2015-05-29,11:00:00,0.91233,0.91292,0.91132,0.91256,0,0
2015-05-29,12:00:00,0.91256,0.91298,0.90991,0.91015,0,0
2015-05-29,13:00:00,0.91016,0.91288,0.91001,0.91263,0,0
2015-05-29,14:00:00,0.91245,0.91273,0.91022,0.91065,0,0
2015-05-29,15:00:00,0.91071,0.91268,0.90932,0.91187,0,0
2015-05-29,16:00:00,0.91179,0.91248,0.90905,0.90934,0,0
2015-05-29,17:00:00,0.90954,0.91289,0.90868,0.91207,0,0
2015-05-29,18:00:00,0.91221,0.91269,0.90952,0.90952,0,0
2015-05-29,19:00:00,0.90966,0.91131,0.9093,0.91131,0,0
2015-05-29,20:00:00,0.91131,0.91131,0.90955,0.91017,0,0
2015-05-29,21:00:00,0.9102,0.91078,0.90979,0.9106,0,0
2015-05-29,22:00:00,0.91052,0.91081,0.91008,0.91051,0,0
2015-05-29,23:00:00,0.91051,0.91075,0.91051,0.91075,0,0
2015-06-01,01:00:00,0.91068,0.91202,0.91057,0.91168,0,0
2015-06-01,02:00:00,0.91169,0.91305,0.91166,0.91263,0,0
2015-06-01,03:00:00,0.91263,0.91447,0.91219,0.91385,0,0
2015-06-01,04:00:00,0.91386,0.91487,0.91349,0.91384,0,0
2015-06-01,05:00:00,0.91393,0.91407,0.91292,0.91315,0,0
2015-06-01,06:00:00,0.91318,0.91341,0.91276,0.91323,0,0
2015-06-01,07:00:00,0.91323,0.91332,0.91201,0.91243,0,0
2015-06-01,08:00:00,0.91244,0.91303,0.91183,0.91293,0,0
2015-06-01,09:00:00,0.91288,0.91451,0.91236,0.91418,0,0
2015-06-01,10:00:00,0.91428,0.91704,0.91293,0.91679,0,0
2015-06-01,11:00:00,0.91686,0.91781,0.91514,0.91753,0,0
2015-06-01,12:00:00,0.91762,0.91811,0.91543,0.91567,0,0
2015-06-01,13:00:00,0.9157,0.91711,0.91519,0.91552,0,0
2015-06-01,14:00:00,0.91552,0.91662,0.91366,0.91469,0,0
2015-06-01,15:00:00,0.91476,0.91525,0.91245,0.91385,0,0
2015-06-01,16:00:00,0.9136,0.91368,0.91084,0.91149,0,0
2015-06-01,17:00:00,0.91159,0.9178,0.91159,0.91768,0,0
2015-06-01,18:00:00,0.91772,0.91845,0.9161,0.91636,0,0
2015-06-01,19:00:00,0.91638,0.91707,0.91533,0.91594,0,0
2015-06-01,20:00:00,0.91586,0.91602,0.91432,0.91553,0,0
2015-06-01,21:00:00,0.91552,0.91627,0.9145,0.91458,0,0
2015-06-01,22:00:00,0.91458,0.91566,0.91386,0.91566,0,0
2015-06-01,23:00:00,0.91567,0.91571,0.91469,0.91514,0,0
2015-06-01,23:59:00,0.91514,0.91578,0.91435,0.91562,0,0
2015-06-02,01:00:00,0.91552,0.91557,0.91488,0.91505,0,0
2015-06-02,02:00:00,0.91506,0.91607,0.91504,0.91561,0,0
2015-06-02,03:00:00,0.9156,0.91564,0.91451,0.91487,0,0
2015-06-02,04:00:00,0.91487,0.91563,0.91487,0.91519,0,0
2015-06-02,05:00:00,0.91518,0.91604,0.9151,0.91519,0,0
2015-06-02,06:00:00,0.91519,0.91528,0.91465,0.9151,0,0
2015-06-02,07:00:00,0.91511,0.91553,0.91423,0.91439,0,0
2015-06-02,08:00:00,0.91443,0.91495,0.91373,0.91471,0,0
2015-06-02,09:00:00,0.91468,0.91589,0.91218,0.91273,0,0
2015-06-02,10:00:00,0.91278,0.91333,0.90969,0.91319,0,0
2015-06-02,11:00:00,0.91333,0.91357,0.91043,0.9106,0,0
2015-06-02,12:00:00,0.91055,0.91236,0.90958,0.91059,0,0
2015-06-02,13:00:00,0.91062,0.91068,0.90606,0.90747,0,0
2015-06-02,14:00:00,0.90756,0.90756,0.90453,0.90662,0,0
2015-06-02,15:00:00,0.90658,0.90706,0.90359,0.90377,0,0
2015-06-02,16:00:00,0.90377,0.90377,0.89362,0.89879,0,0
2015-06-02,17:00:00,0.89876,0.89957,0.89648,0.89864,0,0
2015-06-02,18:00:00,0.89858,0.89981,0.89812,0.8986,0,0
2015-06-02,19:00:00,0.89862,0.89879,0.89477,0.89489,0,0
2015-06-02,20:00:00,0.89482,0.89558,0.89379,0.89457,0,0
2015-06-02,21:00:00,0.89449,0.89598,0.89414,0.89538,0,0
2015-06-02,22:00:00,0.89503,0.89749,0.89503,0.89723,0,0
2015-06-02,23:00:00,0.89724,0.89747,0.89658,0.8968,0,0
2015-06-02,23:59:00,0.89679,0.89689,0.89637,0.89676,0,0
2015-06-03,01:00:00,0.89673,0.89707,0.89663,0.89674,0,0
2015-06-03,02:00:00,0.89674,0.89705,0.89621,0.89698,0,0
2015-06-03,03:00:00,0.89705,0.89809,0.89687,0.89737,0,0
2015-06-03,04:00:00,0.89744,0.8975,0.89485,0.89493,0,0
2015-06-03,05:00:00,0.89493,0.89648,0.89491,0.89608,0,0
2015-06-03,06:00:00,0.89608,0.89672,0.89594,0.89635,0,0
2015-06-03,07:00:00,0.8963,0.89635,0.89497,0.89576,0,0
2015-06-03,08:00:00,0.89585,0.89594,0.89385,0.89486,0,0
2015-06-03,09:00:00,0.89481,0.89648,0.89368,0.89526,0,0
2015-06-03,10:00:00,0.89541,0.89903,0.89541,0.89764,0,0
2015-06-03,11:00:00,0.89762,0.89902,0.89578,0.89834,0,0
2015-06-03,12:00:00,0.89837,0.90055,0.89759,0.89914,0,0
2015-06-03,13:00:00,0.89922,0.89981,0.89836,0.89909,0,0
2015-06-03,14:00:00,0.89916,0.8998,0.89864,0.89951,0,0
2015-06-03,15:00:00,0.89953,0.90253,0.89755,0.89918,0,0
2015-06-03,16:00:00,0.89922,0.89922,0.89,0.89168,0,0
2015-06-03,17:00:00,0.89169,0.89169,0.88707,0.88767,0,0
2015-06-03,18:00:00,0.88767,0.88797,0.88627,0.88627,0,0
2015-06-03,19:00:00,0.88628,0.88897,0.88616,0.88852,0,0
2015-06-03,20:00:00,0.88852,0.88937,0.88748,0.88892,0,0
2015-06-03,21:00:00,0.88892,0.88943,0.88836,0.88885,0,0
2015-06-03,22:00:00,0.88875,0.88894,0.88686,0.88702,0,0
2015-06-03,23:00:00,0.88696,0.88733,0.88683,0.88689,0,0
2015-06-03,23:59:00,0.88702,0.88765,0.88702,0.8875,0,0
2015-06-04,01:00:00,0.8875,0.88836,0.88718,0.88755,0,0
2015-06-04,02:00:00,0.88763,0.88858,0.88732,0.88801,0,0
2015-06-04,03:00:00,0.88804,0.88826,0.88771,0.88803,0,0
2015-06-04,04:00:00,0.88803,0.88864,0.8876,0.88812,0,0
2015-06-04,05:00:00,0.88817,0.88824,0.88737,0.88763,0,0
2015-06-04,06:00:00,0.88762,0.88763,0.88693,0.88734,0,0
2015-06-04,07:00:00,0.88734,0.88786,0.8871,0.88756,0,0
2015-06-04,08:00:00,0.88756,0.88788,0.88697,0.88752,0,0
2015-06-04,09:00:00,0.88754,0.89013,0.88702,0.88974,0,0
2015-06-04,10:00:00,0.88974,0.89037,0.88757,0.88819,0,0
2015-06-04,11:00:00,0.88814,0.88849,0.87886,0.88208,0,0
2015-06-04,12:00:00,0.88208,0.88235,0.88024,0.88051,0,0
2015-06-04,13:00:00,0.88065,0.88138,0.87965,0.88043,0,0
2015-06-04,14:00:00,0.88041,0.88304,0.87987,0.88277,0,0
2015-06-04,15:00:00,0.88271,0.88597,0.88255,0.88547,0,0
2015-06-04,16:00:00,0.88543,0.88969,0.88536,0.88712,0,0
2015-06-04,17:00:00,0.88712,0.88802,0.8852,0.88635,0,0
2015-06-04,18:00:00,0.88634,0.88851,0.88591,0.88739,0,0
2015-06-04,19:00:00,0.88731,0.88801,0.88352,0.88581,0,0
2015-06-04,20:00:00,0.88591,0.89079,0.88542,0.88966,0,0
2015-06-04,21:00:00,0.88958,0.89004,0.88841,0.88941,0,0
2015-06-04,22:00:00,0.8893,0.88996,0.88887,0.88977,0,0
2015-06-04,23:00:00,0.8898,0.88986,0.8891,0.88981,0,0
2015-06-04,23:59:00,0.88983,0.89113,0.88916,0.89094,0,0
2015-06-05,01:00:00,0.89095,0.89271,0.89061,0.89261,0,0
2015-06-05,02:00:00,0.89263,0.89441,0.89216,0.89228,0,0
2015-06-05,03:00:00,0.89228,0.89271,0.89108,0.89207,0,0
2015-06-05,04:00:00,0.89206,0.89335,0.89184,0.89211,0,0
2015-06-05,05:00:00,0.89204,0.8922,0.89166,0.89187,0,0
2015-06-05,06:00:00,0.89187,0.89233,0.8917,0.892,0,0
2015-06-05,07:00:00,0.892,0.89202,0.89091,0.89141,0,0
2015-06-05,08:00:00,0.89142,0.89196,0.89092,0.89121,0,0
2015-06-05,09:00:00,0.89111,0.89136,0.889,0.88907,0,0
2015-06-05,10:00:00,0.88909,0.88974,0.88654,0.88694,0,0
2015-06-05,11:00:00,0.88692,0.88853,0.88667,0.88808,0,0
2015-06-05,12:00:00,0.88815,0.88905,0.8875,0.88787,0,0
2015-06-05,13:00:00,0.88786,0.89144,0.88768,0.89115,0,0
2015-06-05,14:00:00,0.89115,0.89126,0.88995,0.89056,0,0
2015-06-05,15:00:00,0.89056,0.90289,0.89019,0.9011,0,0
2015-06-05,16:00:00,0.9011,0.90493,0.90003,0.90329,0,0
2015-06-05,17:00:00,0.90342,0.90342,0.8985,0.90023,0,0
2015-06-05,18:00:00,0.90022,0.90046,0.89824,0.90027,0,0
2015-06-05,19:00:00,0.90021,0.90132,0.89891,0.89898,0,0
2015-06-05,20:00:00,0.89888,0.89956,0.89809,0.89951,0,0
2015-06-05,21:00:00,0.89957,0.89995,0.89796,0.89933,0,0
2015-06-05,22:00:00,0.89935,0.9,0.89935,0.9,0,0
2015-06-05,23:00:00,0.89999,0.89999,0.89986,0.89986,0,0
2015-06-08,01:00:00,0.90096,0.90096,0.90007,0.90021,0,0
2015-06-08,02:00:00,0.90022,0.90079,0.9,0.90075,0,0
2015-06-08,03:00:00,0.90069,0.90213,0.8999,0.90213,0,0
2015-06-08,04:00:00,0.90214,0.90214,0.90051,0.90108,0,0
2015-06-08,05:00:00,0.90112,0.9017,0.90075,0.90084,0,0
2015-06-08,06:00:00,0.90084,0.90111,0.90037,0.90055,0,0
2015-06-08,07:00:00,0.90054,0.9012,0.90023,0.90046,0,0
2015-06-08,08:00:00,0.90045,0.90053,0.89942,0.89952,0,0
2015-06-08,09:00:00,0.8992,0.90187,0.89595,0.89844,0,0
2015-06-08,10:00:00,0.89835,0.89835,0.8946,0.89546,0,0
2015-06-08,11:00:00,0.89553,0.89956,0.89552,0.89931,0,0
2015-06-08,12:00:00,0.89922,0.89956,0.89745,0.89855,0,0
2015-06-08,13:00:00,0.89861,0.8997,0.89787,0.89837,0,0
2015-06-08,14:00:00,0.89835,0.89863,0.89514,0.89631,0,0
2015-06-08,15:00:00,0.89627,0.89644,0.89261,0.89433,0,0
2015-06-08,16:00:00,0.89427,0.89441,0.89103,0.89243,0,0
2015-06-08,17:00:00,0.89257,0.89408,0.89113,0.8923,0,0
2015-06-08,18:00:00,0.89232,0.89294,0.88937,0.89046,0,0
2015-06-08,19:00:00,0.89041,0.89062,0.8898,0.89028,0,0
2015-06-08,20:00:00,0.89023,0.89044,0.88696,0.88767,0,0
2015-06-08,21:00:00,0.88774,0.88777,0.8855,0.88688,0,0
2015-06-08,22:00:00,0.88682,0.88701,0.88544,0.88597,0,0
2015-06-08,23:00:00,0.88601,0.88623,0.88442,0.88557,0,0
2015-06-08,23:59:00,0.88566,0.88657,0.88549,0.88656,0,0
2015-06-09,01:00:00,0.88654,0.88658,0.88595,0.88647,0,0
2015-06-09,02:00:00,0.88647,0.88667,0.88624,0.88649,0,0
2015-06-09,03:00:00,0.88649,0.88706,0.88625,0.88641,0,0
2015-06-09,04:00:00,0.88649,0.88652,0.88261,0.8832,0,0
2015-06-09,05:00:00,0.88375,0.88375,0.88274,0.88325,0,0
2015-06-09,06:00:00,0.88327,0.88373,0.88294,0.88352,0,0
2015-06-09,07:00:00,0.88367,0.88424,0.88345,0.88412,0,0
2015-06-09,08:00:00,0.88412,0.88413,0.8814,0.88194,0,0
2015-06-09,09:00:00,0.88191,0.88562,0.88191,0.88528,0,0
2015-06-09,10:00:00,0.88514,0.88835,0.88435,0.88557,0,0
2015-06-09,11:00:00,0.88562,0.88698,0.88411,0.88649,0,0
2015-06-09,12:00:00,0.88634,0.88766,0.88514,0.88727,0,0
2015-06-09,13:00:00,0.88734,0.88879,0.88696,0.88787,0,0
2015-06-09,14:00:00,0.88763,0.89,0.88625,0.88965,0,0
2015-06-09,15:00:00,0.88959,0.89169,0.88862,0.89081,0,0
2015-06-09,16:00:00,0.89076,0.891,0.88769,0.88896,0,0
2015-06-09,17:00:00,0.88855,0.89114,0.88767,0.88941,0,0
2015-06-09,18:00:00,0.88939,0.88948,0.88584,0.88638,0,0
2015-06-09,19:00:00,0.8864,0.88804,0.88576,0.8873,0,0
2015-06-09,20:00:00,0.88731,0.88777,0.88608,0.88609,0,0
2015-06-09,21:00:00,0.88618,0.8865,0.88568,0.88645,0,0
2015-06-09,22:00:00,0.88645,0.88724,0.88637,0.88694,0,0
2015-06-09,23:00:00,0.88689,0.88693,0.88619,0.88633,0,0
2015-06-09,23:59:00,0.88629,0.88692,0.88629,0.88683,0,0
2015-06-10,01:00:00,0.88683,0.88717,0.88665,0.88703,0,0
2015-06-10,02:00:00,0.88686,0.88693,0.88507,0.88552,0,0
2015-06-10,03:00:00,0.88553,0.88595,0.88435,0.88513,0,0
2015-06-10,04:00:00,0.88513,0.8859,0.88481,0.88576,0,0
2015-06-10,05:00:00,0.88576,0.88638,0.88547,0.88615,0,0
2015-06-10,06:00:00,0.88615,0.88682,0.88582,0.88639,0,0
2015-06-10,07:00:00,0.88639,0.8868,0.88496,0.88529,0,0
2015-06-10,08:00:00,0.88531,0.88615,0.8833,0.88427,0,0
2015-06-10,09:00:00,0.88428,0.88677,0.88374,0.88513,0,0
2015-06-10,10:00:00,0.88474,0.88483,0.87924,0.88015,0,0
2015-06-10,11:00:00,0.88024,0.88415,0.87836,0.88358,0,0
2015-06-10,12:00:00,0.88351,0.8858,0.88228,0.88494,0,0
2015-06-10,13:00:00,0.88493,0.88648,0.88343,0.88545,0,0
2015-06-10,14:00:00,0.88537,0.88782,0.88463,0.88608,0,0
2015-06-10,15:00:00,0.88608,0.88685,0.88365,0.88442,0,0
2015-06-10,16:00:00,0.88442,0.88456,0.88131,0.88335,0,0
2015-06-10,17:00:00,0.88345,0.88704,0.8826,0.88475,0,0
2015-06-10,18:00:00,0.88476,0.88543,0.8813,0.88446,0,0
2015-06-10,19:00:00,0.88444,0.88601,0.88412,0.8846,0,0
2015-06-10,20:00:00,0.88467,0.88482,0.88358,0.88383,0,0
2015-06-10,21:00:00,0.88383,0.88403,0.88317,0.88368,0,0
2015-06-10,22:00:00,0.88363,0.88392,0.88264,0.88273,0,0
2015-06-10,23:00:00,0.88267,0.8832,0.88246,0.88306,0,0
2015-06-10,23:59:00,0.88306,0.88375,0.88277,0.88346,0,0
2015-06-11,01:00:00,0.88314,0.88385,0.88296,0.88309,0,0
2015-06-11,02:00:00,0.88309,0.88442,0.88308,0.88416,0,0
2015-06-11,03:00:00,0.88416,0.88492,0.884,0.88487,0,0
2015-06-11,04:00:00,0.88483,0.88623,0.88455,0.88599,0,0
2015-06-11,05:00:00,0.88605,0.88615,0.88485,0.88485,0,0
2015-06-11,06:00:00,0.88478,0.88509,0.88456,0.88486,0,0
2015-06-11,07:00:00,0.88486,0.88489,0.88388,0.88478,0,0
2015-06-11,08:00:00,0.88478,0.88536,0.88415,0.88478,0,0
2015-06-11,09:00:00,0.88469,0.88551,0.88298,0.88495,0,0
2015-06-11,10:00:00,0.88503,0.88873,0.88503,0.88779,0,0
2015-06-11,11:00:00,0.88789,0.88959,0.88745,0.88764,0,0
2015-06-11,12:00:00,0.88762,0.8892,0.88737,0.88767,0,0
2015-06-11,13:00:00,0.88768,0.88781,0.88619,0.88754,0,0
2015-06-11,14:00:00,0.88756,0.89022,0.88741,0.89022,0,0
2015-06-11,15:00:00,0.89016,0.89416,0.88737,0.88849,0,0
2015-06-11,16:00:00,0.88862,0.89241,0.88841,0.8906,0,0
2015-06-11,17:00:00,0.89064,0.89182,0.8896,0.89023,0,0
2015-06-11,18:00:00,0.8902,0.89044,0.88862,0.88989,0,0
2015-06-11,19:00:00,0.88995,0.89084,0.88959,0.88962,0,0
2015-06-11,20:00:00,0.88966,0.89027,0.8892,0.89011,0,0
2015-06-11,21:00:00,0.88999,0.88999,0.88772,0.88781,0,0
2015-06-11,22:00:00,0.8878,0.88837,0.88699,0.88726,0,0
2015-06-11,23:00:00,0.88728,0.8884,0.88673,0.8883,0,0
2015-06-11,23:59:00,0.88827,0.89,0.88818,0.88981,0,0
2015-06-12,01:00:00,0.88966,0.88974,0.8893,0.88974,0,0
2015-06-12,02:00:00,0.88974,0.88974,0.88907,0.8892,0,0
2015-06-12,03:00:00,0.88921,0.88943,0.88845,0.88863,0,0
2015-06-12,04:00:00,0.88866,0.88912,0.88815,0.88863,0,0
2015-06-12,05:00:00,0.88862,0.88895,0.8883,0.88849,0,0
2015-06-12,06:00:00,0.88849,0.88853,0.88755,0.8883,0,0
2015-06-12,07:00:00,0.88831,0.89091,0.88782,0.89031,0,0
2015-06-12,08:00:00,0.89031,0.8911,0.88902,0.88974,0,0
2015-06-12,09:00:00,0.88963,0.89159,0.88942,0.89132,0,0
2015-06-12,10:00:00,0.89132,0.89133,0.8891,0.89118,0,0
2015-06-12,11:00:00,0.89125,0.89674,0.89054,0.8955,0,0
2015-06-12,12:00:00,0.89548,0.89651,0.89403,0.89453,0,0
2015-06-12,13:00:00,0.89458,0.89466,0.89259,0.89412,0,0
2015-06-12,14:00:00,0.89406,0.89484,0.89218,0.89245,0,0
2015-06-12,15:00:00,0.89246,0.89294,0.88958,0.89094,0,0
2015-06-12,16:00:00,0.89093,0.89188,0.88997,0.89043,0,0
2015-06-12,17:00:00,0.89029,0.89142,0.88704,0.8873,0,0
2015-06-12,18:00:00,0.88737,0.88797,0.88531,0.88669,0,0
2015-06-12,19:00:00,0.88674,0.88745,0.88619,0.88698,0,0
2015-06-12,20:00:00,0.88701,0.8876,0.88656,0.88666,0,0
2015-06-12,21:00:00,0.88671,0.88826,0.8858,0.88812,0,0
2015-06-12,22:00:00,0.88809,0.88902,0.88806,0.88857,0,0
2015-06-12,23:00:00,0.88856,0.88857,0.88856,0.88857,0,0
2015-06-15,01:00:00,0.8916,0.89167,0.89063,0.89077,0,0
2015-06-15,02:00:00,0.89069,0.89163,0.89062,0.89091,0,0
2015-06-15,03:00:00,0.89091,0.89158,0.89059,0.89103,0,0
2015-06-15,04:00:00,0.891,0.89324,0.89091,0.8924,0,0
2015-06-15,05:00:00,0.8925,0.89259,0.89201,0.8922,0,0
2015-06-15,06:00:00,0.8922,0.89257,0.89138,0.89147,0,0
2015-06-15,07:00:00,0.89147,0.89226,0.89111,0.89162,0,0
2015-06-15,08:00:00,0.89168,0.89368,0.89163,0.89345,0,0
2015-06-15,09:00:00,0.89342,0.89356,0.8901,0.89054,0,0
2015-06-15,10:00:00,0.89063,0.89088,0.88902,0.89004,0,0
2015-06-15,11:00:00,0.89013,0.8906,0.88816,0.88978,0,0
2015-06-15,12:00:00,0.88984,0.89187,0.88954,0.89155,0,0
2015-06-15,13:00:00,0.89154,0.89221,0.89047,0.8915,0,0
2015-06-15,14:00:00,0.89147,0.89251,0.89079,0.89189,0,0
2015-06-15,15:00:00,0.89195,0.89247,0.88928,0.89091,0,0
2015-06-15,16:00:00,0.8909,0.89201,0.88934,0.89021,0,0
2015-06-15,17:00:00,0.8903,0.8903,0.88853,0.88867,0,0
2015-06-15,18:00:00,0.88867,0.88966,0.88754,0.88778,0,0
2015-06-15,19:00:00,0.88754,0.88854,0.88595,0.88625,0,0
2015-06-15,20:00:00,0.88637,0.8889,0.88618,0.88823,0,0
2015-06-15,21:00:00,0.88837,0.88837,0.8859,0.88633,0,0
2015-06-15,22:00:00,0.88623,0.88635,0.88538,0.88629,0,0
2015-06-15,23:00:00,0.88623,0.88656,0.88601,0.88621,0,0
2015-06-15,23:59:00,0.88627,0.8868,0.88623,0.88639,0,0
2015-06-16,01:00:00,0.88639,0.88687,0.88639,0.88678,0,0
2015-06-16,02:00:00,0.88678,0.88696,0.88658,0.88689,0,0
2015-06-16,03:00:00,0.88689,0.88752,0.88678,0.88696,0,0
2015-06-16,04:00:00,0.88697,0.88789,0.88656,0.88707,0,0
2015-06-16,05:00:00,0.88703,0.88744,0.88678,0.8871,0,0
2015-06-16,06:00:00,0.88711,0.88737,0.88653,0.8866,0,0
2015-06-16,07:00:00,0.88658,0.88671,0.88631,0.88641,0,0
2015-06-16,08:00:00,0.88637,0.88744,0.88637,0.88656,0,0
2015-06-16,09:00:00,0.88655,0.88815,0.88353,0.88374,0,0
2015-06-16,10:00:00,0.88369,0.8864,0.88262,0.88569,0,0
2015-06-16,11:00:00,0.88569,0.88856,0.88453,0.88813,0,0
2015-06-16,12:00:00,0.88825,0.88973,0.88729,0.88883,0,0
2015-06-16,13:00:00,0.88875,0.88962,0.88734,0.88891,0,0
2015-06-16,14:00:00,0.88885,0.8903,0.88775,0.8902,0,0
2015-06-16,15:00:00,0.89025,0.89245,0.89009,0.89025,0,0
2015-06-16,16:00:00,0.8903,0.89061,0.88896,0.8893,0,0
2015-06-16,17:00:00,0.88927,0.8917,0.8885,0.88996,0,0
2015-06-16,18:00:00,0.89001,0.89081,0.88961,0.89,0,0
2015-06-16,19:00:00,0.88993,0.89069,0.88958,0.88964,0,0
2015-06-16,20:00:00,0.88956,0.89012,0.88936,0.89007,0,0
2015-06-16,21:00:00,0.89007,0.89008,0.88941,0.8897,0,0
2015-06-16,22:00:00,0.8897,0.88977,0.88899,0.88969,0,0
2015-06-16,23:00:00,0.88968,0.88968,0.8887,0.88904,0,0
2015-06-16,23:59:00,0.88906,0.88938,0.88877,0.88928,0,0
2015-06-17,01:00:00,0.88926,0.88955,0.88895,0.88914,0,0
2015-06-17,02:00:00,0.88905,0.88971,0.88905,0.88954,0,0
2015-06-17,03:00:00,0.88956,0.88977,0.88929,0.88932,0,0
2015-06-17,04:00:00,0.88932,0.88932,0.88825,0.88833,0,0
2015-06-17,05:00:00,0.88833,0.88877,0.88827,0.8886,0,0
2015-06-17,06:00:00,0.8886,0.88872,0.88756,0.88794,0,0
2015-06-17,07:00:00,0.88795,0.88835,0.88795,0.88826,0,0
2015-06-17,08:00:00,0.88818,0.88922,0.88808,0.8891,0,0
2015-06-17,09:00:00,0.88902,0.88955,0.88772,0.88819,0,0
2015-06-17,10:00:00,0.88813,0.88835,0.88676,0.88724,0,0
2015-06-17,11:00:00,0.8873,0.88818,0.88561,0.88791,0,0
2015-06-17,12:00:00,0.88794,0.88808,0.88671,0.8877,0,0
2015-06-17,13:00:00,0.88765,0.88886,0.88673,0.88871,0,0
2015-06-17,14:00:00,0.88867,0.8891,0.88733,0.88748,0,0
2015-06-17,15:00:00,0.88726,0.88795,0.88623,0.8876,0,0
2015-06-17,16:00:00,0.88754,0.88781,0.88669,0.88752,0,0
2015-06-17,17:00:00,0.8875,0.89088,0.88728,0.89017,0,0
2015-06-17,18:00:00,0.89023,0.89038,0.88861,0.88951,0,0
2015-06-17,19:00:00,0.88938,0.88974,0.88739,0.88777,0,0
2015-06-17,20:00:00,0.88778,0.88871,0.8875,0.88767,0,0
2015-06-17,21:00:00,0.8876,0.8916,0.88187,0.8824,0,0
2015-06-17,22:00:00,0.88237,0.88264,0.88044,0.88166,0,0
2015-06-17,23:00:00,0.88166,0.88258,0.88166,0.88205,0,0
2015-06-17,23:59:00,0.88208,0.88229,0.88172,0.8818,0,0
2015-06-18,01:00:00,0.88177,0.88257,0.88166,0.88172,0,0
2015-06-18,02:00:00,0.88171,0.88187,0.87948,0.88003,0,0
2015-06-18,03:00:00,0.88003,0.8806,0.87944,0.88017,0,0
2015-06-18,04:00:00,0.8801,0.88071,0.87998,0.88069,0,0
2015-06-18,05:00:00,0.88072,0.88103,0.88023,0.88023,0,0
2015-06-18,06:00:00,0.88022,0.88041,0.87977,0.88016,0,0
2015-06-18,07:00:00,0.88015,0.88017,0.87907,0.88,0,0
2015-06-18,08:00:00,0.87983,0.88087,0.87916,0.88079,0,0
2015-06-18,09:00:00,0.88072,0.88189,0.88007,0.88132,0,0
2015-06-18,10:00:00,0.88132,0.88134,0.87873,0.87877,0,0
2015-06-18,11:00:00,0.87877,0.87954,0.87569,0.8784,0,0
2015-06-18,12:00:00,0.8784,0.87861,0.87565,0.87579,0,0
2015-06-18,13:00:00,0.8758,0.87825,0.87565,0.87739,0,0
2015-06-18,14:00:00,0.87744,0.87774,0.87622,0.87694,0,0
2015-06-18,15:00:00,0.87685,0.87793,0.87514,0.87778,0,0
2015-06-18,16:00:00,0.8777,0.87823,0.87616,0.87668,0,0
2015-06-18,17:00:00,0.87669,0.87796,0.87627,0.87699,0,0
2015-06-18,18:00:00,0.87702,0.87734,0.87579,0.87706,0,0
2015-06-18,19:00:00,0.87693,0.88162,0.87442,0.87917,0,0
2015-06-18,20:00:00,0.87924,0.88064,0.87823,0.87987,0,0
2015-06-18,21:00:00,0.87986,0.87989,0.87846,0.87946,0,0
2015-06-18,22:00:00,0.87951,0.88013,0.87869,0.879,0,0
2015-06-18,23:00:00,0.87904,0.8803,0.87904,0.8803,0,0
2015-06-18,23:59:00,0.88041,0.88041,0.87941,0.87962,0,0
2015-06-19,01:00:00,0.87962,0.87985,0.87749,0.87931,0,0
2015-06-19,02:00:00,0.87931,0.87971,0.87917,0.87939,0,0
2015-06-19,03:00:00,0.87939,0.87977,0.87839,0.8784,0,0
2015-06-19,04:00:00,0.87847,0.87924,0.87816,0.87916,0,0
2015-06-19,05:00:00,0.8792,0.87946,0.879,0.87915,0,0
2015-06-19,06:00:00,0.87915,0.87948,0.87899,0.87932,0,0
2015-06-19,07:00:00,0.87932,0.88078,0.87928,0.88078,0,0
2015-06-19,08:00:00,0.88079,0.88181,0.8806,0.88126,0,0
2015-06-19,09:00:00,0.88124,0.88229,0.8807,0.88154,0,0
2015-06-19,10:00:00,0.88148,0.88446,0.88148,0.88363,0,0
2015-06-19,11:00:00,0.88358,0.88494,0.88287,0.88397,0,0
2015-06-19,12:00:00,0.88392,0.88438,0.8832,0.88381,0,0
2015-06-19,13:00:00,0.88382,0.88554,0.88373,0.88494,0,0
2015-06-19,14:00:00,0.88498,0.88516,0.88349,0.88443,0,0
2015-06-19,15:00:00,0.88448,0.88521,0.88311,0.88374,0,0
2015-06-19,16:00:00,0.88375,0.88423,0.88123,0.88181,0,0
2015-06-19,17:00:00,0.88179,0.88297,0.88093,0.8826,0,0
2015-06-19,18:00:00,0.88264,0.88296,0.88187,0.88229,0,0
2015-06-19,19:00:00,0.88225,0.88244,0.88148,0.88168,0,0
2015-06-19,20:00:00,0.88164,0.88177,0.88003,0.88053,0,0
2015-06-19,21:00:00,0.88053,0.88089,0.87982,0.88082,0,0
2015-06-19,22:00:00,0.88082,0.88159,0.88046,0.8814,0,0
2015-06-19,23:00:00,0.8814,0.8816,0.8814,0.88148,0,0
2015-06-22,01:00:00,0.87963,0.88044,0.87962,0.88017,0,0
2015-06-22,02:00:00,0.88021,0.88027,0.87924,0.88016,0,0
2015-06-22,03:00:00,0.88015,0.88037,0.87929,0.87952,0,0
2015-06-22,04:00:00,0.87947,0.8796,0.87837,0.87917,0,0
2015-06-22,05:00:00,0.87915,0.87948,0.87862,0.87903,0,0
2015-06-22,06:00:00,0.87904,0.87904,0.8784,0.87851,0,0
2015-06-22,07:00:00,0.87852,0.8786,0.87722,0.87746,0,0
2015-06-22,08:00:00,0.87741,0.87786,0.87692,0.87705,0,0
2015-06-22,09:00:00,0.87699,0.87872,0.87692,0.8776,0,0
2015-06-22,10:00:00,0.8776,0.88324,0.8776,0.88306,0,0
2015-06-22,11:00:00,0.88313,0.88401,0.88169,0.88171,0,0
2015-06-22,12:00:00,0.88168,0.88207,0.88013,0.88024,0,0
2015-06-22,13:00:00,0.88022,0.88197,0.87996,0.88162,0,0
2015-06-22,14:00:00,0.88162,0.88222,0.88051,0.88166,0,0
2015-06-22,15:00:00,0.88166,0.88189,0.87981,0.88021,0,0
2015-06-22,16:00:00,0.88027,0.88113,0.87868,0.87953,0,0
2015-06-22,17:00:00,0.87953,0.88097,0.8768,0.87733,0,0
2015-06-22,18:00:00,0.87736,0.8788,0.87642,0.87873,0,0
2015-06-22,19:00:00,0.87867,0.8815,0.87867,0.8801,0,0
2015-06-22,20:00:00,0.88003,0.88183,0.87982,0.88164,0,0
2015-06-22,21:00:00,0.88164,0.88211,0.88072,0.88211,0,0
2015-06-22,22:00:00,0.88214,0.88331,0.88162,0.88218,0,0
2015-06-22,23:00:00,0.88214,0.88239,0.88144,0.88178,0,0
2015-06-22,23:59:00,0.88178,0.88246,0.88168,0.88185,0,0
2015-06-23,01:00:00,0.8818,0.88197,0.88151,0.88169,0,0
2015-06-23,02:00:00,0.88166,0.88166,0.88126,0.88136,0,0
2015-06-23,03:00:00,0.88142,0.88208,0.88135,0.88206,0,0
2015-06-23,04:00:00,0.88207,0.88334,0.88204,0.88326,0,0
2015-06-23,05:00:00,0.8833,0.88835,0.8831,0.88803,0,0
2015-06-23,06:00:00,0.88813,0.88822,0.88672,0.88774,0,0
2015-06-23,07:00:00,0.88782,0.88802,0.88709,0.88712,0,0
2015-06-23,08:00:00,0.88712,0.88771,0.88634,0.88641,0,0
2015-06-23,09:00:00,0.88629,0.88953,0.88629,0.88776,0,0
2015-06-23,10:00:00,0.88777,0.88814,0.88653,0.88808,0,0
2015-06-23,11:00:00,0.88813,0.89035,0.88752,0.8897,0,0
2015-06-23,12:00:00,0.88978,0.89087,0.88892,0.89003,0,0
2015-06-23,13:00:00,0.89012,0.8913,0.88988,0.8913,0,0
2015-06-23,14:00:00,0.89123,0.89287,0.89089,0.89264,0,0
2015-06-23,15:00:00,0.8927,0.89604,0.89224,0.89534,0,0
2015-06-23,16:00:00,0.89537,0.89803,0.89487,0.89596,0,0
2015-06-23,17:00:00,0.89601,0.89737,0.89318,0.894,0,0
2015-06-23,18:00:00,0.89407,0.89528,0.89302,0.89373,0,0
2015-06-23,19:00:00,0.89375,0.8957,0.89374,0.89505,0,0
2015-06-23,20:00:00,0.89504,0.89627,0.89445,0.89582,0,0
2015-06-23,21:00:00,0.89582,0.89617,0.89526,0.89546,0,0
2015-06-23,22:00:00,0.89547,0.89657,0.89471,0.89571,0,0
2015-06-23,23:00:00,0.89567,0.89567,0.89449,0.89546,0,0
2015-06-23,23:59:00,0.89545,0.89639,0.89533,0.89553,0,0
2015-06-24,01:00:00,0.89548,0.89591,0.89508,0.89512,0,0
2015-06-24,02:00:00,0.89512,0.89554,0.89489,0.89489,0,0
2015-06-24,03:00:00,0.8949,0.89576,0.89449,0.89574,0,0
2015-06-24,04:00:00,0.89577,0.89606,0.89488,0.89545,0,0
2015-06-24,05:00:00,0.8955,0.89552,0.89396,0.89397,0,0
2015-06-24,06:00:00,0.89397,0.89433,0.89382,0.89398,0,0
2015-06-24,07:00:00,0.89397,0.8953,0.89374,0.89494,0,0
2015-06-24,08:00:00,0.89494,0.89518,0.89213,0.89311,0,0
2015-06-24,09:00:00,0.89314,0.89402,0.89191,0.89304,0,0
2015-06-24,10:00:00,0.89301,0.89391,0.89094,0.89107,0,0
2015-06-24,11:00:00,0.89111,0.89226,0.89013,0.89126,0,0
2015-06-24,12:00:00,0.89135,0.89405,0.89068,0.89207,0,0
2015-06-24,13:00:00,0.89216,0.89438,0.89173,0.89282,0,0
2015-06-24,14:00:00,0.89272,0.89349,0.89143,0.89167,0,0
2015-06-24,15:00:00,0.89162,0.89433,0.89129,0.89337,0,0
2015-06-24,16:00:00,0.89337,0.89521,0.89314,0.89393,0,0
2015-06-24,17:00:00,0.89398,0.89532,0.89318,0.89402,0,0
2015-06-24,18:00:00,0.89403,0.89499,0.8932,0.89471,0,0
2015-06-24,19:00:00,0.89462,0.89525,0.89379,0.89395,0,0
2015-06-24,20:00:00,0.89401,0.89428,0.8914,0.89211,0,0
2015-06-24,21:00:00,0.89211,0.89331,0.89176,0.89239,0,0
2015-06-24,22:00:00,0.89228,0.89317,0.8918,0.89314,0,0
2015-06-24,23:00:00,0.89318,0.8933,0.892,0.89242,0,0
2015-06-24,23:59:00,0.89243,0.89287,0.89228,0.89255,0,0
2015-06-25,01:00:00,0.89256,0.89303,0.89228,0.8924,0,0
2015-06-25,02:00:00,0.89232,0.89289,0.89222,0.89238,0,0
2015-06-25,03:00:00,0.8924,0.89287,0.89206,0.89261,0,0
2015-06-25,04:00:00,0.89259,0.8931,0.89225,0.89271,0,0
2015-06-25,05:00:00,0.89272,0.8929,0.89164,0.89164,0,0
2015-06-25,06:00:00,0.89162,0.89202,0.89129,0.89169,0,0
2015-06-25,07:00:00,0.89169,0.8924,0.8913,0.89223,0,0
2015-06-25,08:00:00,0.89224,0.89323,0.89219,0.89277,0,0
2015-06-25,09:00:00,0.8927,0.89422,0.89148,0.89342,0,0
2015-06-25,10:00:00,0.89344,0.89363,0.89093,0.89251,0,0
2015-06-25,11:00:00,0.89251,0.89399,0.89146,0.89385,0,0
2015-06-25,12:00:00,0.89385,0.89652,0.8931,0.89531,0,0
2015-06-25,13:00:00,0.89531,0.89566,0.89115,0.89302,0,0
2015-06-25,14:00:00,0.89303,0.89334,0.89169,0.89249,0,0
2015-06-25,15:00:00,0.8925,0.89363,0.89178,0.89248,0,0
2015-06-25,16:00:00,0.89253,0.89355,0.89152,0.89312,0,0
2015-06-25,17:00:00,0.89324,0.89443,0.89237,0.89358,0,0
2015-06-25,18:00:00,0.89354,0.89385,0.89273,0.89335,0,0
2015-06-25,19:00:00,0.89333,0.89341,0.89227,0.8924,0,0
2015-06-25,20:00:00,0.89239,0.89287,0.89177,0.89259,0,0
2015-06-25,21:00:00,0.8926,0.89321,0.89247,0.89272,0,0
2015-06-25,22:00:00,0.89267,0.89292,0.89224,0.89251,0,0
2015-06-25,23:00:00,0.89243,0.89287,0.89232,0.89254,0,0
2015-06-25,23:59:00,0.89247,0.8929,0.89219,0.8928,0,0
2015-06-26,01:00:00,0.89279,0.89283,0.89259,0.89275,0,0
2015-06-26,02:00:00,0.89274,0.89275,0.8923,0.89263,0,0
2015-06-26,03:00:00,0.8926,0.89428,0.89254,0.89397,0,0
2015-06-26,04:00:00,0.89397,0.89447,0.89358,0.89403,0,0
2015-06-26,05:00:00,0.89403,0.89448,0.89383,0.89383,0,0
2015-06-26,06:00:00,0.8938,0.89416,0.89363,0.89389,0,0
2015-06-26,07:00:00,0.89384,0.89401,0.89334,0.89381,0,0
2015-06-26,08:00:00,0.89381,0.89424,0.89367,0.89371,0,0
2015-06-26,09:00:00,0.8937,0.894,0.89239,0.89304,0,0
2015-06-26,10:00:00,0.89294,0.89375,0.89206,0.8925,0,0
2015-06-26,11:00:00,0.8925,0.89262,0.89127,0.89251,0,0
2015-06-26,12:00:00,0.89251,0.89336,0.892,0.89336,0,0
2015-06-26,13:00:00,0.8933,0.89354,0.89193,0.89275,0,0
2015-06-26,14:00:00,0.89263,0.89327,0.89216,0.89293,0,0
2015-06-26,15:00:00,0.89297,0.8947,0.89229,0.89443,0,0
2015-06-26,16:00:00,0.89461,0.89646,0.89424,0.89449,0,0
2015-06-26,17:00:00,0.89452,0.89796,0.8931,0.89775,0,0
2015-06-26,18:00:00,0.89782,0.89844,0.89629,0.89642,0,0
2015-06-26,19:00:00,0.89643,0.89809,0.89621,0.8963,0,0
2015-06-26,20:00:00,0.89644,0.89714,0.89598,0.89647,0,0
2015-06-26,21:00:00,0.89647,0.8968,0.89554,0.89623,0,0
2015-06-26,22:00:00,0.89614,0.89614,0.89521,0.89528,0,0
2015-06-26,23:00:00,0.8953,0.8953,0.8952,0.8952,0,0
2015-06-29,01:00:00,0.90999,0.91286,0.90773,0.90988,0,0
2015-06-29,02:00:00,0.90986,0.9116,0.90882,0.91119,0,0
2015-06-29,03:00:00,0.91117,0.91117,0.90641,0.90765,0,0
2015-06-29,04:00:00,0.90765,0.90915,0.90697,0.90857,0,0
2015-06-29,05:00:00,0.90864,0.90871,0.90771,0.90812,0,0
2015-06-29,06:00:00,0.90812,0.90839,0.90729,0.90786,0,0
2015-06-29,07:00:00,0.90786,0.90898,0.90772,0.90827,0,0
2015-06-29,08:00:00,0.90819,0.9103,0.90684,0.90756,0,0
2015-06-29,09:00:00,0.90762,0.90818,0.90041,0.9014,0,0
2015-06-29,10:00:00,0.90134,0.90428,0.90117,0.90325,0,0
2015-06-29,11:00:00,0.90334,0.90404,0.89888,0.89942,0,0
2015-06-29,12:00:00,0.8994,0.90221,0.89939,0.90134,0,0
2015-06-29,13:00:00,0.90127,0.90195,0.89777,0.89907,0,0
2015-06-29,14:00:00,0.89901,0.90042,0.89881,0.9002,0,0
2015-06-29,15:00:00,0.90022,0.90066,0.89779,0.89886,0,0
2015-06-29,16:00:00,0.89879,0.90023,0.89814,0.89969,0,0
2015-06-29,17:00:00,0.89952,0.89963,0.89534,0.897,0,0
2015-06-29,18:00:00,0.89681,0.89724,0.8928,0.89442,0,0
2015-06-29,19:00:00,0.89442,0.89487,0.89135,0.89186,0,0
2015-06-29,20:00:00,0.89179,0.89261,0.88691,0.88951,0,0
2015-06-29,21:00:00,0.88943,0.89021,0.88776,0.88861,0,0
2015-06-29,22:00:00,0.88881,0.89054,0.88872,0.88949,0,0
2015-06-29,23:00:00,0.88936,0.89002,0.88863,0.89002,0,0
2015-06-29,23:59:00,0.89002,0.89041,0.88955,0.89038,0,0
2015-06-30,01:00:00,0.89043,0.89193,0.89013,0.89163,0,0
2015-06-30,02:00:00,0.89159,0.89189,0.89088,0.89133,0,0
2015-06-30,03:00:00,0.89133,0.89307,0.89133,0.89287,0,0
2015-06-30,04:00:00,0.89287,0.8938,0.89259,0.89331,0,0
2015-06-30,05:00:00,0.89337,0.89427,0.89267,0.89401,0,0
2015-06-30,06:00:00,0.89401,0.89411,0.89326,0.89335,0,0
2015-06-30,07:00:00,0.89378,0.89401,0.89318,0.8933,0,0
2015-06-30,08:00:00,0.89322,0.89436,0.89271,0.89425,0,0
2015-06-30,09:00:00,0.8941,0.8961,0.89295,0.89576,0,0
2015-06-30,10:00:00,0.89578,0.89639,0.89287,0.89544,0,0
2015-06-30,11:00:00,0.89544,0.89797,0.89479,0.8975,0,0
2015-06-30,12:00:00,0.89742,0.898,0.89337,0.89401,0,0
2015-06-30,13:00:00,0.89398,0.89518,0.89241,0.89414,0,0
2015-06-30,14:00:00,0.89405,0.89566,0.89345,0.89561,0,0
2015-06-30,15:00:00,0.89564,0.89579,0.89138,0.89177,0,0
2015-06-30,16:00:00,0.89176,0.89357,0.88947,0.89282,0,0
2015-06-30,17:00:00,0.89295,0.89767,0.89231,0.89767,0,0
2015-06-30,18:00:00,0.89767,0.89958,0.89646,0.89672,0,0
2015-06-30,19:00:00,0.89674,0.89777,0.89587,0.89666,0,0
2015-06-30,20:00:00,0.89666,0.89778,0.89666,0.8968,0,0
2015-06-30,21:00:00,0.89694,0.89783,0.89663,0.89725,0,0
2015-06-30,22:00:00,0.89725,0.89743,0.89677,0.89685,0,0
2015-06-30,23:00:00,0.89692,0.8983,0.89692,0.89774,0,0
2015-06-30,23:59:00,0.89702,0.89821,0.89688,0.89738,0,0
2015-07-01,01:00:00,0.89737,0.89855,0.89722,0.8985,0,0
2015-07-01,02:00:00,0.8985,0.89876,0.89809,0.89819,0,0
2015-07-01,03:00:00,0.89819,0.8985,0.89784,0.8981,0,0
2015-07-01,04:00:00,0.89799,0.89826,0.89744,0.8976,0,0
2015-07-01,05:00:00,0.89762,0.89836,0.89743,0.8981,0,0
2015-07-01,06:00:00,0.89804,0.89809,0.89749,0.89765,0,0
2015-07-01,07:00:00,0.89765,0.8983,0.89765,0.89774,0,0
2015-07-01,08:00:00,0.89773,0.89851,0.89748,0.89851,0,0
2015-07-01,09:00:00,0.89852,0.89966,0.89809,0.89873,0,0
2015-07-01,10:00:00,0.89888,0.90084,0.89813,0.89981,0,0
2015-07-01,11:00:00,0.89986,0.90112,0.89682,0.89709,0,0
2015-07-01,12:00:00,0.89702,0.8993,0.89518,0.89885,0,0
2015-07-01,13:00:00,0.89892,0.9008,0.89848,0.90013,0,0
2015-07-01,14:00:00,0.90015,0.90092,0.89951,0.90061,0,0
2015-07-01,15:00:00,0.90061,0.90278,0.90031,0.9012,0,0
2015-07-01,16:00:00,0.90121,0.90371,0.90069,0.90347,0,0
2015-07-01,17:00:00,0.90343,0.90419,0.9002,0.9002,0,0
2015-07-01,18:00:00,0.90015,0.90232,0.90015,0.90226,0,0
2015-07-01,19:00:00,0.90226,0.903,0.90224,0.90292,0,0
2015-07-01,20:00:00,0.90289,0.90449,0.90283,0.90424,0,0
2015-07-01,21:00:00,0.90431,0.90547,0.90395,0.90516,0,0
2015-07-01,22:00:00,0.90518,0.90553,0.90441,0.9047,0,0
2015-07-01,23:00:00,0.90467,0.90511,0.90412,0.90476,0,0
2015-07-01,23:59:00,0.90474,0.90489,0.90436,0.90469,0,0
2015-07-02,01:00:00,0.90469,0.9056,0.90451,0.90541,0,0
2015-07-02,02:00:00,0.90543,0.90641,0.90531,0.90597,0,0
2015-07-02,03:00:00,0.90604,0.90608,0.90516,0.90535,0,0
2015-07-02,04:00:00,0.90533,0.9055,0.90442,0.905,0,0
2015-07-02,05:00:00,0.905,0.90517,0.90288,0.90324,0,0
2015-07-02,06:00:00,0.90324,0.90356,0.90275,0.90327,0,0
2015-07-02,07:00:00,0.90329,0.9036,0.90293,0.9032,0,0
2015-07-02,08:00:00,0.90304,0.90382,0.90302,0.90315,0,0
2015-07-02,09:00:00,0.90311,0.90437,0.90203,0.90301,0,0
2015-07-02,10:00:00,0.90288,0.90508,0.90258,0.90413,0,0
2015-07-02,11:00:00,0.90419,0.90512,0.90241,0.90287,0,0
2015-07-02,12:00:00,0.90287,0.90336,0.90214,0.90245,0,0
2015-07-02,13:00:00,0.90251,0.90328,0.9022,0.9032,0,0
2015-07-02,14:00:00,0.90325,0.90337,0.90222,0.90299,0,0
2015-07-02,15:00:00,0.90295,0.90487,0.89926,0.90126,0,0
2015-07-02,16:00:00,0.90133,0.90261,0.90083,0.90223,0,0
2015-07-02,17:00:00,0.90223,0.90223,0.9002,0.90045,0,0
2015-07-02,18:00:00,0.90043,0.90175,0.89994,0.90174,0,0
2015-07-02,19:00:00,0.90171,0.90192,0.90117,0.90127,0,0
2015-07-02,20:00:00,0.90127,0.9026,0.90102,0.90214,0,0
2015-07-02,21:00:00,0.90205,0.90284,0.90182,0.90213,0,0
2015-07-02,22:00:00,0.90213,0.9027,0.90157,0.90194,0,0
2015-07-02,23:00:00,0.90217,0.90257,0.90197,0.90211,0,0
2015-07-02,23:59:00,0.90214,0.90236,0.90199,0.902,0,0
2015-07-03,01:00:00,0.902,0.90227,0.90149,0.90173,0,0
2015-07-03,02:00:00,0.90172,0.90223,0.90172,0.90205,0,0
2015-07-03,03:00:00,0.90207,0.90237,0.90106,0.90196,0,0
2015-07-03,04:00:00,0.90196,0.90214,0.90155,0.9018,0,0
2015-07-03,05:00:00,0.9018,0.90209,0.90126,0.90151,0,0
2015-07-03,06:00:00,0.90151,0.90179,0.90107,0.90141,0,0
2015-07-03,07:00:00,0.90141,0.90167,0.90116,0.90141,0,0
2015-07-03,08:00:00,0.9012,0.90163,0.90094,0.90146,0,0
2015-07-03,09:00:00,0.90141,0.90175,0.90053,0.90127,0,0
2015-07-03,10:00:00,0.90133,0.90149,0.89979,0.90069,0,0
2015-07-03,11:00:00,0.90079,0.90079,0.89952,0.90048,0,0
2015-07-03,12:00:00,0.90028,0.90062,0.89946,0.89978,0,0
2015-07-03,13:00:00,0.89967,0.90054,0.89955,0.90033,0,0
2015-07-03,14:00:00,0.90029,0.90134,0.90027,0.90111,0,0
2015-07-03,15:00:00,0.90112,0.90258,0.90086,0.90158,0,0
2015-07-03,16:00:00,0.90155,0.90187,0.90049,0.90102,0,0
2015-07-03,17:00:00,0.90095,0.90132,0.90058,0.90093,0,0
2015-07-03,18:00:00,0.90081,0.90128,0.90025,0.90121,0,0
2015-07-03,19:00:00,0.90121,0.90362,0.90024,0.90326,0,0
2015-07-03,20:00:00,0.90323,0.90323,0.9008,0.90111,0,0
2015-07-03,21:00:00,0.90115,0.90151,0.9008,0.9013,0,0
2015-07-03,22:00:00,0.90124,0.90131,0.90011,0.90033,0,0
2015-07-03,23:00:00,0.90033,0.90037,0.90031,0.90035,0,0
2015-07-06,01:00:00,0.90915,0.9106,0.90622,0.90724,0,0
2015-07-06,02:00:00,0.90726,0.90974,0.90588,0.90952,0,0
2015-07-06,03:00:00,0.90952,0.90959,0.90677,0.90739,0,0
2015-07-06,04:00:00,0.90743,0.90743,0.90449,0.90563,0,0
2015-07-06,05:00:00,0.90564,0.906,0.90498,0.90555,0,0
2015-07-06,06:00:00,0.90559,0.9065,0.90558,0.90608,0,0
2015-07-06,07:00:00,0.90605,0.90704,0.90553,0.90664,0,0
2015-07-06,08:00:00,0.90664,0.90812,0.9019,0.90355,0,0
2015-07-06,09:00:00,0.90343,0.90556,0.90302,0.9045,0,0
2015-07-06,10:00:00,0.90453,0.90536,0.90228,0.90228,0,0
2015-07-06,11:00:00,0.90238,0.90422,0.90126,0.904,0,0
2015-07-06,12:00:00,0.90397,0.90544,0.90371,0.9051,0,0
2015-07-06,13:00:00,0.9051,0.90722,0.90486,0.90647,0,0
2015-07-06,14:00:00,0.90647,0.90829,0.90599,0.90812,0,0
2015-07-06,15:00:00,0.90806,0.90889,0.90618,0.90637,0,0
2015-07-06,16:00:00,0.9064,0.90722,0.90565,0.90572,0,0
2015-07-06,17:00:00,0.90562,0.90628,0.9028,0.9029,0,0
2015-07-06,18:00:00,0.90289,0.90424,0.90223,0.90293,0,0
2015-07-06,19:00:00,0.90294,0.90333,0.9016,0.90303,0,0
2015-07-06,20:00:00,0.90296,0.90418,0.902,0.90362,0,0
2015-07-06,21:00:00,0.90371,0.90575,0.90371,0.90526,0,0
2015-07-06,22:00:00,0.90526,0.90531,0.90452,0.90476,0,0
2015-07-06,23:00:00,0.90463,0.90475,0.9041,0.90447,0,0
2015-07-06,23:59:00,0.90448,0.90462,0.90426,0.90449,0,0
2015-07-07,01:00:00,0.9045,0.90474,0.90432,0.90458,0,0
2015-07-07,02:00:00,0.90458,0.90524,0.90446,0.90517,0,0
2015-07-07,03:00:00,0.90519,0.90597,0.90484,0.90517,0,0
2015-07-07,04:00:00,0.90516,0.90631,0.90499,0.9059,0,0
2015-07-07,05:00:00,0.90591,0.90637,0.90565,0.90637,0,0
2015-07-07,06:00:00,0.90636,0.90696,0.90622,0.9064,0,0
2015-07-07,07:00:00,0.90639,0.90682,0.90613,0.90641,0,0
2015-07-07,08:00:00,0.90641,0.90665,0.90572,0.90572,0,0
2015-07-07,09:00:00,0.90574,0.9076,0.90541,0.90681,0,0
2015-07-07,10:00:00,0.90686,0.90917,0.90637,0.9086,0,0
2015-07-07,11:00:00,0.90856,0.91225,0.90844,0.91193,0,0
2015-07-07,12:00:00,0.91189,0.91244,0.9095,0.90994,0,0
2015-07-07,13:00:00,0.90993,0.9133,0.9094,0.91016,0,0
2015-07-07,14:00:00,0.91039,0.9132,0.91018,0.91285,0,0
2015-07-07,15:00:00,0.91288,0.91604,0.91258,0.91501,0,0
2015-07-07,16:00:00,0.91502,0.91569,0.91283,0.91314,0,0
2015-07-07,17:00:00,0.91327,0.91518,0.91292,0.91461,0,0
2015-07-07,18:00:00,0.91441,0.91465,0.91242,0.91315,0,0
2015-07-07,19:00:00,0.91309,0.91424,0.91117,0.91398,0,0
2015-07-07,20:00:00,0.91407,0.91407,0.9119,0.91203,0,0
2015-07-07,21:00:00,0.91191,0.91223,0.91076,0.91107,0,0
2015-07-07,22:00:00,0.9111,0.9111,0.90492,0.90753,0,0
2015-07-07,23:00:00,0.90759,0.90944,0.90718,0.90816,0,0
2015-07-07,23:59:00,0.90814,0.91002,0.90814,0.90931,0,0
2015-07-08,01:00:00,0.90931,0.90985,0.90869,0.90869,0,0
2015-07-08,02:00:00,0.90869,0.90902,0.90793,0.90846,0,0
2015-07-08,03:00:00,0.90846,0.90961,0.90846,0.90957,0,0
2015-07-08,04:00:00,0.9096,0.91119,0.90928,0.9098,0,0
2015-07-08,05:00:00,0.90989,0.91048,0.90907,0.91035,0,0
2015-07-08,06:00:00,0.91036,0.91068,0.90927,0.90983,0,0
2015-07-08,07:00:00,0.90983,0.90984,0.90768,0.90835,0,0
2015-07-08,08:00:00,0.90835,0.90875,0.90769,0.90868,0,0
2015-07-08,09:00:00,0.90849,0.90912,0.90656,0.90775,0,0
2015-07-08,10:00:00,0.90787,0.90862,0.90442,0.90525,0,0
2015-07-08,11:00:00,0.90519,0.90725,0.90499,0.90552,0,0
2015-07-08,12:00:00,0.90553,0.9063,0.90417,0.90553,0,0
2015-07-08,13:00:00,0.90555,0.9082,0.9049,0.90818,0,0
2015-07-08,14:00:00,0.90814,0.90859,0.90654,0.90682,0,0
2015-07-08,15:00:00,0.90693,0.9073,0.90588,0.90613,0,0
2015-07-08,16:00:00,0.90613,0.90657,0.90321,0.90581,0,0
2015-07-08,17:00:00,0.90577,0.90694,0.90359,0.90365,0,0
2015-07-08,18:00:00,0.90385,0.90441,0.90152,0.90318,0,0
2015-07-08,19:00:00,0.90326,0.90526,0.90209,0.90512,0,0
2015-07-08,20:00:00,0.90503,0.90574,0.90441,0.905,0,0
2015-07-08,21:00:00,0.90499,0.90544,0.90277,0.90409,0,0
2015-07-08,22:00:00,0.90409,0.90426,0.9029,0.90342,0,0
2015-07-08,23:00:00,0.90331,0.90352,0.90256,0.90276,0,0
2015-07-08,23:59:00,0.9028,0.9032,0.90272,0.90303,0,0
2015-07-09,01:00:00,0.90302,0.90335,0.90289,0.90289,0,0
2015-07-09,02:00:00,0.90289,0.90356,0.90272,0.90325,0,0
2015-07-09,03:00:00,0.90325,0.9039,0.90267,0.90376,0,0
2015-07-09,04:00:00,0.90373,0.90389,0.90267,0.90324,0,0
2015-07-09,05:00:00,0.90337,0.90356,0.9025,0.90309,0,0
2015-07-09,06:00:00,0.90308,0.90331,0.90257,0.90276,0,0
2015-07-09,07:00:00,0.90277,0.90311,0.90243,0.90284,0,0
2015-07-09,08:00:00,0.90284,0.9031,0.89975,0.90095,0,0
2015-07-09,09:00:00,0.901,0.90177,0.89888,0.9009,0,0
2015-07-09,10:00:00,0.90105,0.90608,0.90105,0.90599,0,0
2015-07-09,11:00:00,0.90613,0.90653,0.90518,0.90543,0,0
2015-07-09,12:00:00,0.90544,0.90713,0.90534,0.90631,0,0
2015-07-09,13:00:00,0.90637,0.9069,0.90538,0.90579,0,0
2015-07-09,14:00:00,0.90566,0.90625,0.90418,0.90428,0,0
2015-07-09,15:00:00,0.9042,0.90714,0.9036,0.90611,0,0
2015-07-09,16:00:00,0.90612,0.90655,0.90354,0.90438,0,0
2015-07-09,17:00:00,0.9043,0.90681,0.90371,0.90527,0,0
2015-07-09,18:00:00,0.90539,0.90754,0.90508,0.90706,0,0
2015-07-09,19:00:00,0.9071,0.90883,0.90682,0.90883,0,0
2015-07-09,20:00:00,0.9088,0.90978,0.90754,0.90904,0,0
2015-07-09,21:00:00,0.90912,0.90926,0.90748,0.90798,0,0
2015-07-09,22:00:00,0.90798,0.90808,0.9065,0.90692,0,0
2015-07-09,23:00:00,0.90703,0.90722,0.90549,0.90617,0,0
2015-07-09,23:59:00,0.90605,0.90653,0.90528,0.90528,0,0
2015-07-10,01:00:00,0.90526,0.90537,0.90232,0.90329,0,0
2015-07-10,02:00:00,0.90328,0.90454,0.90298,0.90409,0,0
2015-07-10,03:00:00,0.90409,0.90456,0.90303,0.90307,0,0
2015-07-10,04:00:00,0.9031,0.90321,0.90175,0.90223,0,0
2015-07-10,05:00:00,0.90225,0.90257,0.90113,0.90123,0,0
2015-07-10,06:00:00,0.90122,0.90189,0.90095,0.90105,0,0
2015-07-10,07:00:00,0.90106,0.90144,0.90061,0.90114,0,0
2015-07-10,08:00:00,0.90115,0.9013,0.89815,0.89962,0,0
2015-07-10,09:00:00,0.89956,0.90165,0.89854,0.90138,0,0
2015-07-10,10:00:00,0.90128,0.90255,0.89865,0.89975,0,0
2015-07-10,11:00:00,0.89977,0.90098,0.89864,0.89979,0,0
2015-07-10,12:00:00,0.89979,0.90015,0.89446,0.89597,0,0
2015-07-10,13:00:00,0.8959,0.89629,0.89298,0.89343,0,0
2015-07-10,14:00:00,0.89344,0.89455,0.89173,0.89409,0,0
2015-07-10,15:00:00,0.89407,0.89445,0.89271,0.89315,0,0
2015-07-10,16:00:00,0.89307,0.8959,0.89228,0.89441,0,0
2015-07-10,17:00:00,0.8943,0.89576,0.89341,0.895,0,0
2015-07-10,18:00:00,0.895,0.89795,0.89477,0.89678,0,0
2015-07-10,19:00:00,0.89693,0.8988,0.89534,0.89862,0,0
2015-07-10,20:00:00,0.89859,0.89925,0.89766,0.89779,0,0
2015-07-10,21:00:00,0.89779,0.89873,0.89779,0.8986,0,0
2015-07-10,22:00:00,0.89863,0.89871,0.8972,0.8972,0,0
2015-07-10,23:00:00,0.89726,0.8973,0.89713,0.89721,0,0
2015-07-13,01:00:00,0.89767,0.89923,0.89743,0.89923,0,0
2015-07-13,02:00:00,0.89927,0.89942,0.89733,0.89849,0,0
2015-07-13,03:00:00,0.8985,0.89855,0.89765,0.8981,0,0
2015-07-13,04:00:00,0.8981,0.90006,0.89801,0.89901,0,0
2015-07-13,05:00:00,0.89909,0.89919,0.89804,0.89853,0,0
2015-07-13,06:00:00,0.89853,0.89968,0.89668,0.89817,0,0
2015-07-13,07:00:00,0.89817,0.89837,0.89763,0.89821,0,0
2015-07-13,08:00:00,0.89821,0.89829,0.89693,0.8975,0,0
2015-07-13,09:00:00,0.89746,0.89914,0.89313,0.89393,0,0
2015-07-13,10:00:00,0.89393,0.90195,0.89393,0.90093,0,0
2015-07-13,11:00:00,0.90105,0.90454,0.90105,0.9038,0,0
2015-07-13,12:00:00,0.90404,0.9042,0.9024,0.90256,0,0
2015-07-13,13:00:00,0.90248,0.9038,0.90215,0.90354,0,0
2015-07-13,14:00:00,0.9036,0.90433,0.90248,0.90376,0,0
2015-07-13,15:00:00,0.90369,0.90569,0.90337,0.90415,0,0
2015-07-13,16:00:00,0.90416,0.9061,0.90416,0.90511,0,0
2015-07-13,17:00:00,0.90478,0.90854,0.90453,0.90839,0,0
2015-07-13,18:00:00,0.90826,0.90855,0.90645,0.90747,0,0
2015-07-13,19:00:00,0.90747,0.90788,0.90645,0.90749,0,0
2015-07-13,20:00:00,0.90746,0.9088,0.90718,0.90862,0,0
2015-07-13,21:00:00,0.90861,0.90935,0.90814,0.90935,0,0
2015-07-13,22:00:00,0.90941,0.90941,0.90808,0.90928,0,0
2015-07-13,23:00:00,0.90928,0.90928,0.90822,0.90898,0,0
2015-07-13,23:59:00,0.90893,0.90926,0.90851,0.90866,0,0
2015-07-14,01:00:00,0.9086,0.90889,0.90835,0.90849,0,0
2015-07-14,02:00:00,0.90849,0.91065,0.90834,0.91051,0,0
2015-07-14,03:00:00,0.91042,0.91119,0.90985,0.91017,0,0
2015-07-14,04:00:00,0.91019,0.91029,0.90898,0.90902,0,0
2015-07-14,05:00:00,0.90903,0.90917,0.90814,0.90864,0,0
2015-07-14,06:00:00,0.90864,0.90922,0.90805,0.90822,0,0
2015-07-14,07:00:00,0.90822,0.90905,0.90822,0.90885,0,0
2015-07-14,08:00:00,0.90886,0.90963,0.908,0.90936,0,0
2015-07-14,09:00:00,0.90937,0.91188,0.90887,0.91082,0,0
2015-07-14,10:00:00,0.91081,0.9115,0.90863,0.90974,0,0
2015-07-14,11:00:00,0.90971,0.90971,0.90598,0.90681,0,0
2015-07-14,12:00:00,0.90675,0.90789,0.90557,0.90622,0,0
2015-07-14,13:00:00,0.90622,0.90756,0.90557,0.90738,0,0
2015-07-14,14:00:00,0.9073,0.90749,0.90652,0.90691,0,0
2015-07-14,15:00:00,0.90687,0.90687,0.90231,0.90458,0,0
2015-07-14,16:00:00,0.90458,0.90636,0.90376,0.90606,0,0
2015-07-14,17:00:00,0.90603,0.90961,0.9059,0.9091,0,0
2015-07-14,18:00:00,0.90919,0.90919,0.90755,0.9078,0,0
2015-07-14,19:00:00,0.90782,0.90876,0.9078,0.90824,0,0
2015-07-14,20:00:00,0.90824,0.90862,0.90778,0.90854,0,0
2015-07-14,21:00:00,0.90862,0.90876,0.90818,0.90828,0,0
2015-07-14,22:00:00,0.90828,0.90894,0.90828,0.90867,0,0
2015-07-14,23:00:00,0.90869,0.90888,0.90826,0.90842,0,0
2015-07-14,23:59:00,0.90836,0.90862,0.90818,0.90843,0,0
2015-07-15,01:00:00,0.90842,0.90861,0.90771,0.90801,0,0
2015-07-15,02:00:00,0.90801,0.90865,0.90798,0.90855,0,0
2015-07-15,03:00:00,0.90855,0.90979,0.90851,0.90938,0,0
2015-07-15,04:00:00,0.9094,0.9095,0.90864,0.9089,0,0
2015-07-15,05:00:00,0.90891,0.90949,0.90862,0.90934,0,0
2015-07-15,06:00:00,0.90934,0.9095,0.90853,0.9086,0,0
2015-07-15,07:00:00,0.9086,0.90927,0.90859,0.90898,0,0
2015-07-15,08:00:00,0.90898,0.9101,0.9089,0.90931,0,0
2015-07-15,09:00:00,0.90929,0.90983,0.90717,0.9089,0,0
2015-07-15,10:00:00,0.90893,0.90966,0.90734,0.90787,0,0
2015-07-15,11:00:00,0.90783,0.90783,0.90616,0.90687,0,0
2015-07-15,12:00:00,0.90681,0.90752,0.90644,0.90742,0,0
2015-07-15,13:00:00,0.90742,0.90769,0.90672,0.90743,0,0
2015-07-15,14:00:00,0.90745,0.90924,0.90731,0.90867,0,0
2015-07-15,15:00:00,0.90867,0.91145,0.90776,0.91133,0,0
2015-07-15,16:00:00,0.9113,0.91321,0.91124,0.91258,0,0
2015-07-15,17:00:00,0.91258,0.91447,0.91129,0.91258,0,0
2015-07-15,18:00:00,0.91248,0.91308,0.91181,0.91213,0,0
2015-07-15,19:00:00,0.9121,0.9141,0.91142,0.91335,0,0
2015-07-15,20:00:00,0.91339,0.91491,0.91325,0.91337,0,0
2015-07-15,21:00:00,0.91338,0.9138,0.91284,0.91346,0,0
2015-07-15,22:00:00,0.91348,0.91396,0.91293,0.91296,0,0
2015-07-15,23:00:00,0.91305,0.91368,0.91287,0.91322,0,0
2015-07-15,23:59:00,0.91325,0.91357,0.9131,0.91354,0,0
2015-07-16,01:00:00,0.91354,0.91389,0.91242,0.91252,0,0
2015-07-16,02:00:00,0.91248,0.9145,0.91218,0.91433,0,0
2015-07-16,03:00:00,0.91426,0.91483,0.91384,0.91449,0,0
2015-07-16,04:00:00,0.9145,0.91636,0.91431,0.91547,0,0
2015-07-16,05:00:00,0.91548,0.91563,0.91464,0.91473,0,0
2015-07-16,06:00:00,0.91471,0.91481,0.91425,0.91457,0,0
2015-07-16,07:00:00,0.91457,0.91498,0.91426,0.91495,0,0
2015-07-16,08:00:00,0.9149,0.91647,0.91454,0.91545,0,0
2015-07-16,09:00:00,0.91538,0.91588,0.91353,0.91459,0,0
2015-07-16,10:00:00,0.91474,0.91773,0.91422,0.91748,0,0
2015-07-16,11:00:00,0.91751,0.91751,0.91593,0.91693,0,0
2015-07-16,12:00:00,0.91707,0.91767,0.91618,0.91707,0,0
2015-07-16,13:00:00,0.91709,0.91908,0.91702,0.91856,0,0
2015-07-16,14:00:00,0.91853,0.91936,0.91773,0.91929,0,0
2015-07-16,15:00:00,0.91935,0.92115,0.91776,0.92115,0,0
2015-07-16,16:00:00,0.92107,0.92114,0.91647,0.91672,0,0
2015-07-16,17:00:00,0.91641,0.91801,0.91526,0.9168,0,0
2015-07-16,18:00:00,0.9167,0.9184,0.9167,0.91763,0,0
2015-07-16,19:00:00,0.91769,0.91965,0.91759,0.91944,0,0
2015-07-16,20:00:00,0.91946,0.91955,0.91802,0.91888,0,0
2015-07-16,21:00:00,0.91886,0.91963,0.91859,0.91963,0,0
2015-07-16,22:00:00,0.91967,0.91967,0.91926,0.9193,0,0
2015-07-16,23:00:00,0.91935,0.91965,0.91912,0.91956,0,0
2015-07-16,23:59:00,0.91957,0.91957,0.91909,0.91946,0,0
2015-07-17,01:00:00,0.91946,0.9197,0.91892,0.91913,0,0
2015-07-17,02:00:00,0.9192,0.9194,0.91871,0.91883,0,0
2015-07-17,03:00:00,0.91891,0.91947,0.91847,0.91919,0,0
2015-07-17,04:00:00,0.9192,0.91936,0.91794,0.91816,0,0
2015-07-17,05:00:00,0.91816,0.91852,0.9177,0.91787,0,0
2015-07-17,06:00:00,0.91789,0.91789,0.91712,0.91742,0,0
2015-07-17,07:00:00,0.91742,0.91815,0.91735,0.91784,0,0
2015-07-17,08:00:00,0.91784,0.91912,0.91766,0.91875,0,0
2015-07-17,09:00:00,0.91873,0.91911,0.91773,0.91864,0,0
2015-07-17,10:00:00,0.91869,0.9192,0.91685,0.91845,0,0
2015-07-17,11:00:00,0.91848,0.91892,0.91746,0.91832,0,0
2015-07-17,12:00:00,0.91826,0.91866,0.9177,0.91854,0,0
2015-07-17,13:00:00,0.9186,0.91987,0.91808,0.91897,0,0
2015-07-17,14:00:00,0.91896,0.91943,0.91792,0.91792,0,0
2015-07-17,15:00:00,0.91792,0.92071,0.91784,0.92036,0,0
2015-07-17,16:00:00,0.92038,0.92174,0.91984,0.92103,0,0
2015-07-17,17:00:00,0.9211,0.92221,0.92056,0.92122,0,0
2015-07-17,18:00:00,0.92123,0.92196,0.92102,0.92178,0,0
2015-07-17,19:00:00,0.92181,0.92241,0.92108,0.92108,0,0
2015-07-17,20:00:00,0.92112,0.92213,0.92104,0.92189,0,0
2015-07-17,21:00:00,0.9219,0.92198,0.92123,0.92185,0,0
2015-07-17,22:00:00,0.92184,0.92216,0.92153,0.9221,0,0
2015-07-17,23:00:00,0.92213,0.92213,0.92211,0.92212,0,0
2015-07-20,01:00:00,0.92305,0.92322,0.92222,0.92259,0,0
2015-07-20,02:00:00,0.92257,0.9235,0.92257,0.92335,0,0
2015-07-20,03:00:00,0.92339,0.92353,0.92299,0.92309,0,0
2015-07-20,04:00:00,0.9231,0.924,0.92288,0.92398,0,0
2015-07-20,05:00:00,0.92404,0.92413,0.92335,0.92384,0,0
2015-07-20,06:00:00,0.92386,0.92416,0.92374,0.92409,0,0
2015-07-20,07:00:00,0.92408,0.92409,0.92336,0.9234,0,0
2015-07-20,08:00:00,0.9234,0.92384,0.92337,0.92342,0,0
2015-07-20,09:00:00,0.9234,0.9238,0.92183,0.92242,0,0
2015-07-20,10:00:00,0.92242,0.92242,0.92047,0.92064,0,0
2015-07-20,11:00:00,0.92064,0.92208,0.92056,0.92174,0,0
2015-07-20,12:00:00,0.92157,0.9237,0.92106,0.92268,0,0
2015-07-20,13:00:00,0.92268,0.92345,0.92242,0.92259,0,0
2015-07-20,14:00:00,0.92251,0.92302,0.92191,0.92191,0,0
2015-07-20,15:00:00,0.92191,0.92234,0.9209,0.92191,0,0
2015-07-20,16:00:00,0.922,0.92328,0.92174,0.92302,0,0
2015-07-20,17:00:00,0.92276,0.92285,0.92033,0.92051,0,0
2015-07-20,18:00:00,0.92046,0.92187,0.91995,0.92168,0,0
2015-07-20,19:00:00,0.92171,0.92248,0.92104,0.92233,0,0
2015-07-20,20:00:00,0.9224,0.92298,0.922,0.92291,0,0
2015-07-20,21:00:00,0.92288,0.9235,0.92259,0.9235,0,0
2015-07-20,22:00:00,0.9235,0.9237,0.92284,0.92294,0,0
2015-07-20,23:00:00,0.92294,0.92518,0.92294,0.92379,0,0
2015-07-20,23:59:00,0.92378,0.92417,0.92355,0.92407,0,0
