Date,Time,Open,High,Low,Close,Volume,OpenInt
2015-04-22,01:00:00,0.66994,0.67014,0.66973,0.66994,0,0
2015-04-22,02:00:00,0.66994,0.67,0.66959,0.66979,0,0
2015-04-22,03:00:00,0.66979,0.67052,0.66979,0.67029,0,0
2015-04-22,04:00:00,0.6703,0.67038,0.66982,0.67007,0,0
2015-04-22,05:00:00,0.67007,0.67023,0.66946,0.66972,0,0
2015-04-22,06:00:00,0.6697,0.67003,0.6696,0.66976,0,0
2015-04-22,07:00:00,0.66976,0.66978,0.66911,0.66921,0,0
2015-04-22,08:00:00,0.66921,0.66942,0.66881,0.66936,0,0
2015-04-22,09:00:00,0.66932,0.66989,0.66875,0.66911,0,0
2015-04-22,10:00:00,0.66915,0.66917,0.66803,0.66854,0,0
2015-04-22,11:00:00,0.66855,0.66966,0.66604,0.66704,0,0
2015-04-22,12:00:00,0.66701,0.66703,0.66457,0.66501,0,0
2015-04-22,13:00:00,0.66501,0.66564,0.6647,0.66499,0,0
2015-04-22,14:00:00,0.66504,0.66506,0.66338,0.66396,0,0
2015-04-22,15:00:00,0.66395,0.66507,0.66315,0.66454,0,0
2015-04-22,16:00:00,0.66453,0.66534,0.66436,0.66495,0,0
2015-04-22,17:00:00,0.665,0.66615,0.66471,0.66505,0,0
2015-04-22,18:00:00,0.66508,0.66585,0.66467,0.66561,0,0
2015-04-22,19:00:00,0.66561,0.66601,0.66504,0.66545,0,0
2015-04-22,20:00:00,0.6655,0.6656,0.66462,0.66513,0,0
2015-04-22,21:00:00,0.66511,0.66511,0.66449,0.66464,0,0
2015-04-22,22:00:00,0.66465,0.66505,0.66462,0.6649,0,0
2015-04-22,23:00:00,0.66488,0.66527,0.6647,0.66503,0,0
2015-04-22,23:59:00,0.66504,0.66528,0.66489,0.66515,0,0
2015-04-23,01:00:00,0.66513,0.66531,0.6649,0.66505,0,0
2015-04-23,02:00:00,0.66504,0.6651,0.66491,0.66503,0,0
2015-04-23,03:00:00,0.66508,0.66585,0.66492,0.66542,0,0
2015-04-23,04:00:00,0.66542,0.66598,0.66523,0.66576,0,0
2015-04-23,05:00:00,0.66576,0.6661,0.66549,0.66588,0,0
2015-04-23,06:00:00,0.66587,0.66593,0.66525,0.66544,0,0
2015-04-23,07:00:00,0.66544,0.66561,0.66504,0.66545,0,0
2015-04-23,08:00:00,0.6655,0.6655,0.665,0.6654,0,0
2015-04-23,09:00:00,0.66535,0.66706,0.66534,0.6668,0,0
2015-04-23,10:00:00,0.66684,0.66809,0.66653,0.66726,0,0
2015-04-23,11:00:00,0.66726,0.66842,0.66602,0.66662,0,0
2015-04-23,12:00:00,0.66663,0.66728,0.66604,0.66628,0,0
2015-04-23,13:00:00,0.66628,0.66682,0.66579,0.66631,0,0
2015-04-23,14:00:00,0.66636,0.66692,0.66515,0.66546,0,0
2015-04-23,15:00:00,0.66539,0.66667,0.66519,0.66659,0,0
2015-04-23,16:00:00,0.66656,0.66753,0.66636,0.66699,0,0
2015-04-23,17:00:00,0.66699,0.66699,0.66417,0.66432,0,0
2015-04-23,18:00:00,0.66424,0.66484,0.66407,0.66462,0,0
2015-04-23,19:00:00,0.66462,0.66474,0.6639,0.6643,0,0
2015-04-23,20:00:00,0.66429,0.66432,0.66373,0.66422,0,0
2015-04-23,21:00:00,0.66415,0.66428,0.66357,0.66424,0,0
2015-04-23,22:00:00,0.66419,0.66442,0.66401,0.66404,0,0
2015-04-23,23:00:00,0.66401,0.66418,0.66383,0.66415,0,0
2015-04-23,23:59:00,0.66413,0.66421,0.66384,0.66411,0,0
2015-04-24,01:00:00,0.66411,0.66437,0.66404,0.66434,0,0
2015-04-24,02:00:00,0.66433,0.66467,0.66424,0.66439,0,0
2015-04-24,03:00:00,0.66439,0.66477,0.6639,0.66402,0,0
2015-04-24,04:00:00,0.66401,0.66506,0.66397,0.66503,0,0
2015-04-24,05:00:00,0.66504,0.66527,0.66472,0.66519,0,0
2015-04-24,06:00:00,0.66518,0.66544,0.66499,0.66511,0,0
2015-04-24,07:00:00,0.66508,0.66509,0.66452,0.66455,0,0
2015-04-24,08:00:00,0.66456,0.66465,0.66424,0.66429,0,0
2015-04-24,09:00:00,0.66425,0.66444,0.66142,0.66163,0,0
2015-04-24,10:00:00,0.66158,0.66194,0.66062,0.66066,0,0
2015-04-24,11:00:00,0.66065,0.66127,0.66025,0.66031,0,0
2015-04-24,12:00:00,0.66031,0.6613,0.66031,0.66128,0,0
2015-04-24,13:00:00,0.66131,0.66199,0.66077,0.66152,0,0
2015-04-24,14:00:00,0.66158,0.66188,0.66082,0.66136,0,0
2015-04-24,15:00:00,0.66136,0.66156,0.65909,0.6599,0,0
2015-04-24,16:00:00,0.6599,0.66138,0.65911,0.66123,0,0
2015-04-24,17:00:00,0.66117,0.66171,0.65941,0.65946,0,0
2015-04-24,18:00:00,0.65945,0.65954,0.65854,0.65895,0,0
2015-04-24,19:00:00,0.659,0.65949,0.65868,0.65941,0,0
2015-04-24,20:00:00,0.6594,0.65943,0.65874,0.65904,0,0
2015-04-24,21:00:00,0.65904,0.65925,0.65886,0.65892,0,0
2015-04-24,22:00:00,0.65888,0.6592,0.65876,0.65876,0,0
2015-04-24,23:00:00,0.65876,0.65886,0.65876,0.65886,0,0
2015-04-27,01:00:00,0.65877,0.65918,0.6587,0.65901,0,0
2015-04-27,02:00:00,0.65901,0.65906,0.65868,0.65904,0,0
2015-04-27,03:00:00,0.65903,0.65908,0.65851,0.65887,0,0
2015-04-27,04:00:00,0.65889,0.65912,0.65862,0.65901,0,0
2015-04-27,05:00:00,0.65902,0.65904,0.65844,0.6586,0,0
2015-04-27,06:00:00,0.6586,0.65937,0.65859,0.6591,0,0
2015-04-27,07:00:00,0.6591,0.65912,0.65856,0.6588,0,0
2015-04-27,08:00:00,0.6588,0.65892,0.65832,0.65864,0,0
2015-04-27,09:00:00,0.65864,0.66039,0.65846,0.66038,0,0
2015-04-27,10:00:00,0.66036,0.66039,0.65886,0.65997,0,0
2015-04-27,11:00:00,0.65995,0.66089,0.65977,0.66025,0,0
2015-04-27,12:00:00,0.66024,0.66096,0.66005,0.66069,0,0
2015-04-27,13:00:00,0.66076,0.66136,0.66056,0.66079,0,0
2015-04-27,14:00:00,0.6608,0.66175,0.66064,0.66134,0,0
2015-04-27,15:00:00,0.66139,0.66192,0.66068,0.66079,0,0
2015-04-27,16:00:00,0.66079,0.66109,0.65952,0.65967,0,0
2015-04-27,17:00:00,0.65974,0.65974,0.65748,0.65748,0,0
2015-04-27,18:00:00,0.65748,0.65748,0.65601,0.65643,0,0
2015-04-27,19:00:00,0.65644,0.65645,0.65524,0.65595,0,0
2015-04-27,20:00:00,0.65594,0.65669,0.65549,0.6566,0,0
2015-04-27,21:00:00,0.65662,0.65695,0.65626,0.65684,0,0
2015-04-27,22:00:00,0.6568,0.65694,0.65649,0.65663,0,0
2015-04-27,23:00:00,0.65672,0.65701,0.65623,0.65625,0,0
2015-04-27,23:59:00,0.65624,0.65678,0.65624,0.65665,0,0
2015-04-28,01:00:00,0.65668,0.6571,0.65648,0.65676,0,0
2015-04-28,02:00:00,0.65673,0.65704,0.65667,0.65689,0,0
2015-04-28,03:00:00,0.6569,0.65703,0.65654,0.65658,0,0
2015-04-28,04:00:00,0.65659,0.65691,0.65636,0.65662,0,0
2015-04-28,05:00:00,0.6566,0.65683,0.65627,0.65672,0,0
2015-04-28,06:00:00,0.65673,0.65679,0.65644,0.65661,0,0
2015-04-28,07:00:00,0.65657,0.65678,0.65629,0.65644,0,0
2015-04-28,08:00:00,0.65644,0.65654,0.65597,0.65623,0,0
2015-04-28,09:00:00,0.65625,0.6565,0.65558,0.65642,0,0
2015-04-28,10:00:00,0.65642,0.65699,0.65524,0.65567,0,0
2015-04-28,11:00:00,0.65572,0.65891,0.6557,0.65734,0,0
2015-04-28,12:00:00,0.65735,0.65763,0.65512,0.65559,0,0
2015-04-28,13:00:00,0.65554,0.65558,0.65408,0.65408,0,0
2015-04-28,14:00:00,0.65409,0.65466,0.65343,0.65408,0,0
2015-04-28,15:00:00,0.65409,0.65478,0.65344,0.65443,0,0
2015-04-28,16:00:00,0.65442,0.6547,0.65307,0.65339,0,0
2015-04-28,17:00:00,0.65331,0.65331,0.652,0.65254,0,0
2015-04-28,18:00:00,0.65259,0.65318,0.65217,0.6525,0,0
2015-04-28,19:00:00,0.65248,0.6532,0.65226,0.65292,0,0
2015-04-28,20:00:00,0.65292,0.65316,0.65226,0.65248,0,0
2015-04-28,21:00:00,0.65248,0.6528,0.65203,0.65208,0,0
2015-04-28,22:00:00,0.65204,0.65275,0.652,0.65251,0,0
2015-04-28,23:00:00,0.65249,0.65261,0.65178,0.65193,0,0
2015-04-28,23:59:00,0.65191,0.65216,0.65187,0.65195,0,0
2015-04-29,01:00:00,0.65195,0.65214,0.65184,0.65197,0,0
2015-04-29,02:00:00,0.65197,0.65227,0.65187,0.65227,0,0
2015-04-29,03:00:00,0.65225,0.6524,0.65166,0.65175,0,0
2015-04-29,04:00:00,0.65174,0.65217,0.65169,0.65194,0,0
2015-04-29,05:00:00,0.65193,0.65207,0.65181,0.65195,0,0
2015-04-29,06:00:00,0.65195,0.65209,0.65179,0.652,0,0
2015-04-29,07:00:00,0.652,0.65226,0.65183,0.65204,0,0
2015-04-29,08:00:00,0.65201,0.65211,0.65156,0.65179,0,0
2015-04-29,09:00:00,0.6518,0.65192,0.65021,0.65051,0,0
2015-04-29,10:00:00,0.65054,0.65094,0.64967,0.64983,0,0
2015-04-29,11:00:00,0.64983,0.65052,0.6491,0.64971,0,0
2015-04-29,12:00:00,0.64968,0.65123,0.64943,0.65066,0,0
2015-04-29,13:00:00,0.65061,0.65149,0.6505,0.65072,0,0
2015-04-29,14:00:00,0.65064,0.65144,0.65059,0.65135,0,0
2015-04-29,15:00:00,0.65132,0.65136,0.64886,0.65025,0,0
2015-04-29,16:00:00,0.65012,0.65093,0.64855,0.64859,0,0
2015-04-29,17:00:00,0.6486,0.64884,0.64647,0.64725,0,0
2015-04-29,18:00:00,0.64713,0.64763,0.64567,0.64596,0,0
2015-04-29,19:00:00,0.64592,0.64696,0.64523,0.64695,0,0
2015-04-29,20:00:00,0.64694,0.64743,0.64642,0.64718,0,0
2015-04-29,21:00:00,0.64723,0.64954,0.64716,0.64813,0,0
2015-04-29,22:00:00,0.64796,0.64855,0.64787,0.64815,0,0
2015-04-29,23:00:00,0.64814,0.64817,0.64768,0.64775,0,0
2015-04-29,23:59:00,0.64781,0.64813,0.64769,0.64811,0,0
2015-04-30,01:00:00,0.64812,0.64826,0.64787,0.64815,0,0
2015-04-30,02:00:00,0.64814,0.64839,0.64804,0.64826,0,0
2015-04-30,03:00:00,0.64826,0.64828,0.64756,0.64783,0,0
2015-04-30,04:00:00,0.64783,0.64794,0.64749,0.64779,0,0
2015-04-30,05:00:00,0.6478,0.64835,0.6478,0.64821,0,0
2015-04-30,06:00:00,0.64824,0.64852,0.64817,0.64836,0,0
2015-04-30,07:00:00,0.64836,0.6486,0.64806,0.64839,0,0
2015-04-30,08:00:00,0.64841,0.64911,0.64837,0.64877,0,0
2015-04-30,09:00:00,0.64895,0.64909,0.64795,0.64805,0,0
2015-04-30,10:00:00,0.64808,0.64884,0.64649,0.64676,0,0
2015-04-30,11:00:00,0.64678,0.64718,0.64549,0.64704,0,0
2015-04-30,12:00:00,0.64704,0.6486,0.64676,0.64849,0,0
2015-04-30,13:00:00,0.64851,0.6491,0.64807,0.64824,0,0
2015-04-30,14:00:00,0.64829,0.64903,0.64782,0.64858,0,0
2015-04-30,15:00:00,0.6487,0.65115,0.64776,0.65033,0,0
2015-04-30,16:00:00,0.6504,0.65217,0.65031,0.65112,0,0
2015-04-30,17:00:00,0.65116,0.65243,0.65026,0.65073,0,0
2015-04-30,18:00:00,0.65073,0.65254,0.64995,0.65247,0,0
2015-04-30,19:00:00,0.65245,0.65342,0.65153,0.65215,0,0
2015-04-30,20:00:00,0.65213,0.65303,0.65202,0.65288,0,0
2015-04-30,21:00:00,0.65288,0.65303,0.65105,0.65108,0,0
2015-04-30,22:00:00,0.65106,0.65189,0.65101,0.65132,0,0
2015-04-30,23:00:00,0.65127,0.6517,0.65096,0.6514,0,0
2015-04-30,23:59:00,0.65142,0.65179,0.65114,0.65164,0,0
2015-05-01,01:00:00,0.65157,0.65158,0.65119,0.6515,0,0
2015-05-01,02:00:00,0.65151,0.65153,0.65118,0.65127,0,0
2015-05-01,03:00:00,0.6513,0.65159,0.65106,0.65144,0,0
2015-05-01,04:00:00,0.65144,0.652,0.65132,0.65191,0,0
2015-05-01,05:00:00,0.6519,0.65199,0.65169,0.65178,0,0
2015-05-01,06:00:00,0.65179,0.65182,0.65164,0.65173,0,0
2015-05-01,07:00:00,0.65173,0.65182,0.65149,0.6515,0,0
2015-05-01,08:00:00,0.6515,0.65164,0.65126,0.65133,0,0
2015-05-01,09:00:00,0.6513,0.65246,0.65109,0.65131,0,0
2015-05-01,10:00:00,0.65134,0.6519,0.64949,0.64963,0,0
2015-05-01,11:00:00,0.64977,0.65393,0.64951,0.65387,0,0
2015-05-01,12:00:00,0.65397,0.65426,0.65255,0.65415,0,0
2015-05-01,13:00:00,0.6542,0.65493,0.65387,0.65457,0,0
2015-05-01,14:00:00,0.65457,0.65484,0.65365,0.65484,0,0
2015-05-01,15:00:00,0.65481,0.65708,0.65476,0.65632,0,0
2015-05-01,16:00:00,0.65631,0.65802,0.65579,0.6579,0,0
2015-05-01,17:00:00,0.65785,0.65959,0.65715,0.65895,0,0
2015-05-01,18:00:00,0.65893,0.661,0.65879,0.66065,0,0
2015-05-01,19:00:00,0.66067,0.66161,0.66033,0.66158,0,0
2015-05-01,20:00:00,0.66155,0.66155,0.66003,0.66005,0,0
2015-05-01,21:00:00,0.66003,0.66141,0.65981,0.66084,0,0
2015-05-01,22:00:00,0.66082,0.66111,0.65987,0.66022,0,0
2015-05-01,23:00:00,0.66021,0.66023,0.66011,0.66012,0,0
2015-05-04,01:00:00,0.66045,0.66047,0.65942,0.65989,0,0
2015-05-04,02:00:00,0.65989,0.66036,0.65954,0.65993,0,0
2015-05-04,03:00:00,0.65993,0.66048,0.6597,0.66018,0,0
2015-05-04,04:00:00,0.66019,0.66025,0.65957,0.65987,0,0
2015-05-04,05:00:00,0.65986,0.66012,0.65972,0.65975,0,0
2015-05-04,06:00:00,0.65975,0.65976,0.6595,0.65963,0,0
2015-05-04,07:00:00,0.65963,0.65999,0.65962,0.65994,0,0
2015-05-04,08:00:00,0.65994,0.66009,0.65963,0.65986,0,0
2015-05-04,09:00:00,0.65986,0.66095,0.65897,0.66066,0,0
2015-05-04,10:00:00,0.66063,0.66114,0.65996,0.66038,0,0
2015-05-04,11:00:00,0.66059,0.66067,0.6599,0.66003,0,0
2015-05-04,12:00:00,0.66002,0.66152,0.65982,0.66144,0,0
2015-05-04,13:00:00,0.66144,0.66214,0.66121,0.66203,0,0
2015-05-04,14:00:00,0.66201,0.66243,0.66131,0.66242,0,0
2015-05-04,15:00:00,0.66244,0.66267,0.6601,0.66024,0,0
2015-05-04,16:00:00,0.66031,0.6616,0.66012,0.66135,0,0
2015-05-04,17:00:00,0.66144,0.66227,0.66074,0.6615,0,0
2015-05-04,18:00:00,0.66148,0.66198,0.66101,0.66157,0,0
2015-05-04,19:00:00,0.66154,0.66184,0.66093,0.66126,0,0
2015-05-04,20:00:00,0.66124,0.66157,0.66117,0.66129,0,0
2015-05-04,21:00:00,0.66129,0.662,0.66124,0.66131,0,0
2015-05-04,22:00:00,0.66132,0.66161,0.66109,0.66109,0,0
2015-05-04,23:00:00,0.66108,0.6616,0.66108,0.66137,0,0
2015-05-04,23:59:00,0.66135,0.66148,0.66118,0.66121,0,0
2015-05-05,01:00:00,0.66121,0.66155,0.66121,0.66149,0,0
2015-05-05,02:00:00,0.66149,0.66152,0.66125,0.66133,0,0
2015-05-05,03:00:00,0.66133,0.66145,0.66117,0.6613,0,0
2015-05-05,04:00:00,0.6613,0.66136,0.6611,0.66131,0,0
2015-05-05,05:00:00,0.66131,0.66151,0.66112,0.66147,0,0
2015-05-05,06:00:00,0.66147,0.66162,0.66135,0.66156,0,0
2015-05-05,07:00:00,0.66157,0.6617,0.66131,0.66146,0,0
2015-05-05,08:00:00,0.66146,0.66165,0.66095,0.66114,0,0
2015-05-05,09:00:00,0.66112,0.66216,0.66054,0.66183,0,0
2015-05-05,10:00:00,0.66188,0.66196,0.66071,0.66075,0,0
2015-05-05,11:00:00,0.66077,0.66267,0.65998,0.66116,0,0
2015-05-05,12:00:00,0.66114,0.66179,0.66056,0.66147,0,0
2015-05-05,13:00:00,0.66146,0.66172,0.66075,0.66084,0,0
2015-05-05,14:00:00,0.66084,0.66159,0.66057,0.66145,0,0
2015-05-05,15:00:00,0.66148,0.66165,0.65916,0.65964,0,0
2015-05-05,16:00:00,0.65974,0.66076,0.65835,0.65835,0,0
2015-05-05,17:00:00,0.65834,0.65977,0.65753,0.65815,0,0
2015-05-05,18:00:00,0.65816,0.65917,0.65777,0.65899,0,0
2015-05-05,19:00:00,0.65896,0.65909,0.65749,0.65778,0,0
2015-05-05,20:00:00,0.6578,0.65844,0.65713,0.65827,0,0
2015-05-05,21:00:00,0.65827,0.65907,0.65827,0.65902,0,0
2015-05-05,22:00:00,0.65903,0.65938,0.65885,0.65916,0,0
2015-05-05,23:00:00,0.65915,0.65923,0.65863,0.65868,0,0
2015-05-05,23:59:00,0.65866,0.65903,0.65864,0.65879,0,0
2015-05-06,01:00:00,0.65878,0.65926,0.65864,0.65919,0,0
2015-05-06,02:00:00,0.65919,0.65935,0.659,0.65923,0,0
2015-05-06,03:00:00,0.65926,0.65935,0.659,0.6592,0,0
2015-05-06,04:00:00,0.6592,0.65935,0.65866,0.65869,0,0
2015-05-06,05:00:00,0.65869,0.65891,0.65801,0.65808,0,0
2015-05-06,06:00:00,0.65809,0.65822,0.65749,0.65771,0,0
2015-05-06,07:00:00,0.65767,0.65783,0.65717,0.65732,0,0
2015-05-06,08:00:00,0.65729,0.65767,0.65718,0.65767,0,0
2015-05-06,09:00:00,0.65765,0.65788,0.65612,0.65612,0,0
2015-05-06,10:00:00,0.65616,0.65897,0.65616,0.65858,0,0
2015-05-06,11:00:00,0.65857,0.66001,0.65783,0.65896,0,0
2015-05-06,12:00:00,0.65896,0.65926,0.65825,0.65871,0,0
2015-05-06,13:00:00,0.65869,0.6588,0.65671,0.65687,0,0
2015-05-06,14:00:00,0.65687,0.65784,0.65629,0.65725,0,0
2015-05-06,15:00:00,0.65725,0.65737,0.65521,0.65672,0,0
2015-05-06,16:00:00,0.65667,0.65782,0.65513,0.65533,0,0
2015-05-06,17:00:00,0.65534,0.65581,0.65399,0.6558,0,0
2015-05-06,18:00:00,0.65583,0.6563,0.65556,0.6559,0,0
2015-05-06,19:00:00,0.65598,0.65697,0.65598,0.65661,0,0
2015-05-06,20:00:00,0.65648,0.65668,0.65565,0.65596,0,0
2015-05-06,21:00:00,0.65595,0.65606,0.65505,0.65605,0,0
2015-05-06,22:00:00,0.65602,0.65606,0.65558,0.65563,0,0
2015-05-06,23:00:00,0.65562,0.65602,0.65551,0.65596,0,0
2015-05-06,23:59:00,0.65592,0.65603,0.65582,0.65597,0,0
2015-05-07,01:00:00,0.65597,0.65615,0.65584,0.65612,0,0
2015-05-07,02:00:00,0.65612,0.65618,0.65592,0.65617,0,0
2015-05-07,03:00:00,0.65616,0.65643,0.65597,0.65631,0,0
2015-05-07,04:00:00,0.65631,0.65665,0.65598,0.65654,0,0
2015-05-07,05:00:00,0.65656,0.65656,0.65608,0.65616,0,0
2015-05-07,06:00:00,0.65617,0.65622,0.65582,0.65612,0,0
2015-05-07,07:00:00,0.65612,0.65632,0.65592,0.65612,0,0
2015-05-07,08:00:00,0.65612,0.6563,0.65562,0.65568,0,0
2015-05-07,09:00:00,0.65564,0.65788,0.65564,0.65788,0,0
2015-05-07,10:00:00,0.65792,0.65796,0.6563,0.65713,0,0
2015-05-07,11:00:00,0.65723,0.65944,0.6572,0.65825,0,0
2015-05-07,12:00:00,0.6582,0.65842,0.65587,0.65628,0,0
2015-05-07,13:00:00,0.65624,0.65743,0.65618,0.65709,0,0
2015-05-07,14:00:00,0.65709,0.6577,0.65634,0.65764,0,0
2015-05-07,15:00:00,0.65764,0.65767,0.65636,0.65686,0,0
2015-05-07,16:00:00,0.65679,0.6589,0.65645,0.65875,0,0
2015-05-07,17:00:00,0.6587,0.65926,0.65699,0.65789,0,0
2015-05-07,18:00:00,0.65786,0.65802,0.65634,0.65683,0,0
2015-05-07,19:00:00,0.65692,0.65728,0.65659,0.65728,0,0
2015-05-07,20:00:00,0.65738,0.65744,0.65642,0.65681,0,0
2015-05-07,21:00:00,0.6568,0.65685,0.65465,0.65536,0,0
2015-05-07,22:00:00,0.65537,0.65552,0.6549,0.65518,0,0
2015-05-07,23:00:00,0.65519,0.65589,0.65505,0.65589,0,0
2015-05-07,23:59:00,0.65603,0.65605,0.64737,0.64865,0,0
2015-05-08,01:00:00,0.64863,0.65027,0.64822,0.64972,0,0
2015-05-08,02:00:00,0.64995,0.65047,0.64868,0.6495,0,0
2015-05-08,03:00:00,0.64951,0.65003,0.64899,0.64934,0,0
2015-05-08,04:00:00,0.64934,0.64944,0.64765,0.64773,0,0
2015-05-08,05:00:00,0.64769,0.6481,0.64529,0.64542,0,0
2015-05-08,06:00:00,0.64538,0.6471,0.64524,0.64665,0,0
2015-05-08,07:00:00,0.64665,0.64688,0.64425,0.64456,0,0
2015-05-08,08:00:00,0.64462,0.64663,0.64432,0.64658,0,0
2015-05-08,09:00:00,0.64655,0.64862,0.64654,0.64701,0,0
2015-05-08,10:00:00,0.64703,0.64742,0.64535,0.64622,0,0
2015-05-08,11:00:00,0.64629,0.6475,0.64575,0.64607,0,0
2015-05-08,12:00:00,0.646,0.64793,0.646,0.64775,0,0
2015-05-08,13:00:00,0.64779,0.64882,0.64756,0.64835,0,0
2015-05-08,14:00:00,0.64836,0.64902,0.64764,0.64902,0,0
2015-05-08,15:00:00,0.64895,0.6512,0.64685,0.64803,0,0
2015-05-08,16:00:00,0.64807,0.64911,0.64785,0.64875,0,0
2015-05-08,17:00:00,0.6487,0.651,0.64841,0.64844,0,0
2015-05-08,18:00:00,0.64843,0.64843,0.64665,0.64713,0,0
2015-05-08,19:00:00,0.64713,0.64789,0.6468,0.64717,0,0
2015-05-08,20:00:00,0.64732,0.64732,0.64617,0.64655,0,0
2015-05-08,21:00:00,0.6466,0.64757,0.6466,0.64712,0,0
2015-05-08,22:00:00,0.64696,0.64722,0.64689,0.64694,0,0
2015-05-08,23:00:00,0.64697,0.64697,0.64697,0.64697,0,0
2015-05-11,01:00:00,0.64712,0.64773,0.64706,0.6477,0,0
2015-05-11,02:00:00,0.64766,0.64807,0.64765,0.64776,0,0
2015-05-11,03:00:00,0.64776,0.64837,0.64731,0.64837,0,0
2015-05-11,04:00:00,0.64835,0.64869,0.64797,0.64825,0,0
2015-05-11,05:00:00,0.64826,0.64858,0.64807,0.64838,0,0
2015-05-11,06:00:00,0.64837,0.64912,0.64835,0.6487,0,0
2015-05-11,07:00:00,0.64871,0.64882,0.64855,0.64865,0,0
2015-05-11,08:00:00,0.64865,0.64908,0.64835,0.64882,0,0
2015-05-11,09:00:00,0.64882,0.64907,0.64792,0.64798,0,0
2015-05-11,10:00:00,0.64804,0.64961,0.64789,0.64824,0,0
2015-05-11,11:00:00,0.64827,0.64903,0.64805,0.649,0,0
2015-05-11,12:00:00,0.64901,0.64961,0.64717,0.64743,0,0
2015-05-11,13:00:00,0.6474,0.64748,0.64519,0.64578,0,0
2015-05-11,14:00:00,0.64582,0.64669,0.64541,0.64599,0,0
2015-05-11,15:00:00,0.64594,0.64595,0.64455,0.6446,0,0
2015-05-11,16:00:00,0.64455,0.645,0.64264,0.64304,0,0
2015-05-11,17:00:00,0.64286,0.64314,0.64194,0.64262,0,0
2015-05-11,18:00:00,0.64263,0.64271,0.64125,0.64133,0,0
2015-05-11,19:00:00,0.64132,0.64191,0.6408,0.64174,0,0
2015-05-11,20:00:00,0.6417,0.6417,0.64052,0.64116,0,0
2015-05-11,21:00:00,0.64115,0.64198,0.64104,0.64144,0,0
2015-05-11,22:00:00,0.64145,0.64158,0.64116,0.64142,0,0
2015-05-11,23:00:00,0.64142,0.64175,0.64142,0.6416,0,0
2015-05-11,23:59:00,0.64161,0.64175,0.64144,0.64163,0,0
2015-05-12,01:00:00,0.64163,0.6421,0.64148,0.64205,0,0
2015-05-12,02:00:00,0.64205,0.64224,0.64179,0.64194,0,0
2015-05-12,03:00:00,0.64194,0.6425,0.64176,0.64236,0,0
2015-05-12,04:00:00,0.64236,0.64245,0.6421,0.64211,0,0
2015-05-12,05:00:00,0.64216,0.64228,0.64178,0.64207,0,0
2015-05-12,06:00:00,0.64207,0.64241,0.64197,0.64223,0,0
2015-05-12,07:00:00,0.64223,0.64228,0.64185,0.642,0,0
2015-05-12,08:00:00,0.64198,0.64223,0.6417,0.64211,0,0
2015-05-12,09:00:00,0.64212,0.64224,0.6416,0.64178,0,0
2015-05-12,10:00:00,0.6419,0.64274,0.64119,0.64273,0,0
2015-05-12,11:00:00,0.64275,0.64277,0.63907,0.63962,0,0
2015-05-12,12:00:00,0.6396,0.63965,0.63723,0.63758,0,0
2015-05-12,13:00:00,0.63758,0.63805,0.6365,0.63804,0,0
2015-05-12,14:00:00,0.63808,0.63831,0.63729,0.63753,0,0
2015-05-12,15:00:00,0.63758,0.63898,0.63713,0.63892,0,0
2015-05-12,16:00:00,0.63893,0.6393,0.638,0.63866,0,0
2015-05-12,17:00:00,0.63892,0.63912,0.63788,0.63843,0,0
2015-05-12,18:00:00,0.63843,0.6389,0.63749,0.63759,0,0
2015-05-12,19:00:00,0.63763,0.63775,0.63663,0.63679,0,0
2015-05-12,20:00:00,0.6368,0.63791,0.63676,0.63787,0,0
2015-05-12,21:00:00,0.63784,0.63802,0.63741,0.63778,0,0
2015-05-12,22:00:00,0.63774,0.63808,0.63774,0.63777,0,0
2015-05-12,23:00:00,0.63811,0.63835,0.63777,0.63811,0,0
2015-05-12,23:59:00,0.63811,0.63841,0.63782,0.63817,0,0
2015-05-13,01:00:00,0.63804,0.63842,0.63776,0.63825,0,0
2015-05-13,02:00:00,0.63825,0.63833,0.63806,0.63819,0,0
2015-05-13,03:00:00,0.63819,0.63831,0.63763,0.638,0,0
2015-05-13,04:00:00,0.63801,0.63859,0.63782,0.63841,0,0
2015-05-13,05:00:00,0.63848,0.63851,0.63791,0.63797,0,0
2015-05-13,06:00:00,0.63797,0.63802,0.63761,0.63792,0,0
2015-05-13,07:00:00,0.63792,0.63795,0.63737,0.63749,0,0
2015-05-13,08:00:00,0.63748,0.63794,0.63737,0.63783,0,0
2015-05-13,09:00:00,0.63782,0.63847,0.63749,0.63836,0,0
2015-05-13,10:00:00,0.63841,0.63846,0.63661,0.63689,0,0
2015-05-13,11:00:00,0.6369,0.6379,0.63517,0.636,0,0
2015-05-13,12:00:00,0.63596,0.63897,0.63532,0.6386,0,0
2015-05-13,13:00:00,0.63865,0.63956,0.63765,0.63765,0,0
2015-05-13,14:00:00,0.63762,0.63949,0.63756,0.63885,0,0
2015-05-13,15:00:00,0.63886,0.63964,0.6364,0.63697,0,0
2015-05-13,16:00:00,0.63702,0.63786,0.63661,0.63699,0,0
2015-05-13,17:00:00,0.63706,0.63734,0.63565,0.63568,0,0
2015-05-13,18:00:00,0.63573,0.63649,0.63417,0.63505,0,0
2015-05-13,19:00:00,0.63505,0.63547,0.63486,0.63514,0,0
2015-05-13,20:00:00,0.63517,0.63542,0.63477,0.63531,0,0
2015-05-13,21:00:00,0.6353,0.63536,0.63497,0.63499,0,0
2015-05-13,22:00:00,0.63497,0.63578,0.63496,0.63534,0,0
2015-05-13,23:00:00,0.63534,0.63567,0.63511,0.63515,0,0
2015-05-13,23:59:00,0.63513,0.63543,0.63489,0.63536,0,0
2015-05-14,01:00:00,0.63536,0.63541,0.63511,0.63524,0,0
2015-05-14,02:00:00,0.63527,0.63557,0.63513,0.63547,0,0
2015-05-14,03:00:00,0.63547,0.63576,0.63525,0.63555,0,0
2015-05-14,04:00:00,0.63555,0.63555,0.63483,0.63514,0,0
2015-05-14,05:00:00,0.63498,0.63546,0.63496,0.63544,0,0
2015-05-14,06:00:00,0.63546,0.6355,0.63463,0.63477,0,0
2015-05-14,07:00:00,0.63476,0.63489,0.63448,0.63485,0,0
2015-05-14,08:00:00,0.63485,0.63514,0.63461,0.63461,0,0
2015-05-14,09:00:00,0.63465,0.63518,0.6342,0.63445,0,0
2015-05-14,10:00:00,0.63443,0.63499,0.63337,0.63453,0,0
2015-05-14,11:00:00,0.6346,0.63483,0.63397,0.63432,0,0
2015-05-14,12:00:00,0.63436,0.6345,0.63251,0.63325,0,0
2015-05-14,13:00:00,0.63323,0.63374,0.63284,0.63296,0,0
2015-05-14,14:00:00,0.63304,0.63348,0.63232,0.63247,0,0
2015-05-14,15:00:00,0.63256,0.63369,0.63245,0.63296,0,0
2015-05-14,16:00:00,0.63312,0.63379,0.63277,0.63322,0,0
2015-05-14,17:00:00,0.63318,0.63484,0.63312,0.63459,0,0
2015-05-14,18:00:00,0.6346,0.63521,0.6342,0.63421,0,0
2015-05-14,19:00:00,0.63425,0.63496,0.63425,0.6346,0,0
2015-05-14,20:00:00,0.63458,0.63499,0.6342,0.63455,0,0
2015-05-14,21:00:00,0.6346,0.63473,0.63422,0.63423,0,0
2015-05-14,22:00:00,0.63424,0.63424,0.63375,0.63403,0,0
2015-05-14,23:00:00,0.634,0.63417,0.63373,0.63388,0,0
2015-05-14,23:59:00,0.63387,0.63394,0.63374,0.63389,0,0
2015-05-15,01:00:00,0.63388,0.63395,0.63378,0.63391,0,0
2015-05-15,02:00:00,0.63391,0.63406,0.63385,0.63406,0,0
2015-05-15,03:00:00,0.63405,0.63451,0.63387,0.63426,0,0
2015-05-15,04:00:00,0.63426,0.63462,0.63399,0.63421,0,0
2015-05-15,05:00:00,0.63421,0.63425,0.63375,0.63406,0,0
2015-05-15,06:00:00,0.63407,0.6341,0.63385,0.63404,0,0
2015-05-15,07:00:00,0.63405,0.63412,0.6339,0.63404,0,0
2015-05-15,08:00:00,0.63403,0.63443,0.63394,0.63428,0,0
2015-05-15,09:00:00,0.63428,0.63447,0.63357,0.63381,0,0
2015-05-15,10:00:00,0.6338,0.63493,0.63357,0.63456,0,0
2015-05-15,11:00:00,0.63457,0.63547,0.63416,0.63498,0,0
2015-05-15,12:00:00,0.635,0.63578,0.63493,0.63542,0,0
2015-05-15,13:00:00,0.63546,0.63619,0.63526,0.63601,0,0
2015-05-15,14:00:00,0.63601,0.6368,0.63572,0.63671,0,0
2015-05-15,15:00:00,0.63668,0.63685,0.63595,0.63599,0,0
2015-05-15,16:00:00,0.63599,0.63632,0.63491,0.63513,0,0
2015-05-15,17:00:00,0.63498,0.63498,0.63259,0.63341,0,0
2015-05-15,18:00:00,0.6333,0.63404,0.63305,0.63403,0,0
2015-05-15,19:00:00,0.63403,0.63483,0.63402,0.63445,0,0
2015-05-15,20:00:00,0.63444,0.63512,0.63443,0.63503,0,0
2015-05-15,21:00:00,0.63503,0.63547,0.63482,0.63482,0,0
2015-05-15,22:00:00,0.63482,0.63577,0.63478,0.63549,0,0
2015-05-15,23:00:00,0.63549,0.63558,0.63549,0.63556,0,0
2015-05-18,01:00:00,0.63574,0.63596,0.63534,0.63547,0,0
2015-05-18,02:00:00,0.63548,0.63548,0.63509,0.63538,0,0
2015-05-18,03:00:00,0.63538,0.63626,0.63538,0.63603,0,0
2015-05-18,04:00:00,0.63603,0.6366,0.63591,0.63657,0,0
2015-05-18,05:00:00,0.63667,0.63668,0.63614,0.63628,0,0
2015-05-18,06:00:00,0.63628,0.63639,0.63612,0.6362,0,0
2015-05-18,07:00:00,0.6362,0.63625,0.63579,0.63586,0,0
2015-05-18,08:00:00,0.63586,0.63619,0.63584,0.63594,0,0
2015-05-18,09:00:00,0.63594,0.63672,0.6357,0.6366,0,0
2015-05-18,10:00:00,0.63663,0.63835,0.63635,0.63765,0,0
2015-05-18,11:00:00,0.63761,0.63866,0.63753,0.63833,0,0
2015-05-18,12:00:00,0.63833,0.63888,0.63716,0.63747,0,0
2015-05-18,13:00:00,0.63748,0.63804,0.6371,0.63756,0,0
2015-05-18,14:00:00,0.63759,0.63802,0.63728,0.63796,0,0
2015-05-18,15:00:00,0.63796,0.6387,0.63757,0.63802,0,0
2015-05-18,16:00:00,0.63802,0.63847,0.63664,0.63839,0,0
2015-05-18,17:00:00,0.63836,0.63888,0.63764,0.63764,0,0
2015-05-18,18:00:00,0.63768,0.63824,0.63731,0.63778,0,0
2015-05-18,19:00:00,0.63778,0.63837,0.63768,0.63802,0,0
2015-05-18,20:00:00,0.63804,0.63919,0.63785,0.63888,0,0
2015-05-18,21:00:00,0.63887,0.63929,0.63863,0.63863,0,0
2015-05-18,22:00:00,0.63863,0.63945,0.63859,0.63888,0,0
2015-05-18,23:00:00,0.63888,0.63901,0.63877,0.63888,0,0
2015-05-18,23:59:00,0.63889,0.63892,0.63874,0.63882,0,0
2015-05-19,01:00:00,0.63881,0.63881,0.63863,0.63868,0,0
2015-05-19,02:00:00,0.63868,0.63868,0.63842,0.63847,0,0
2015-05-19,03:00:00,0.63847,0.63884,0.63846,0.6388,0,0
2015-05-19,04:00:00,0.63875,0.63972,0.63875,0.63964,0,0
2015-05-19,05:00:00,0.63965,0.63965,0.63907,0.63911,0,0
2015-05-19,06:00:00,0.63912,0.63926,0.6387,0.63872,0,0
2015-05-19,07:00:00,0.63872,0.63892,0.63872,0.63883,0,0
2015-05-19,08:00:00,0.63884,0.63896,0.63832,0.63842,0,0
2015-05-19,09:00:00,0.63843,0.63935,0.63818,0.63832,0,0
2015-05-19,10:00:00,0.6383,0.64137,0.63822,0.64116,0,0
2015-05-19,11:00:00,0.64123,0.64394,0.64105,0.64305,0,0
2015-05-19,12:00:00,0.64316,0.64427,0.64295,0.64342,0,0
2015-05-19,13:00:00,0.64345,0.6447,0.64345,0.64435,0,0
2015-05-19,14:00:00,0.64436,0.64581,0.64436,0.64537,0,0
2015-05-19,15:00:00,0.64529,0.64735,0.64445,0.6466,0,0
2015-05-19,16:00:00,0.6466,0.64668,0.64384,0.64443,0,0
2015-05-19,17:00:00,0.64448,0.64533,0.64388,0.64482,0,0
2015-05-19,18:00:00,0.64488,0.64537,0.64404,0.64418,0,0
2015-05-19,19:00:00,0.64427,0.64532,0.64403,0.64497,0,0
2015-05-19,20:00:00,0.64499,0.64548,0.64492,0.64497,0,0
2015-05-19,21:00:00,0.64497,0.64538,0.64475,0.64526,0,0
2015-05-19,22:00:00,0.64526,0.64534,0.64478,0.64497,0,0
2015-05-19,23:00:00,0.64498,0.64512,0.64463,0.6447,0,0
2015-05-19,23:59:00,0.64464,0.64505,0.6445,0.64463,0,0
2015-05-20,01:00:00,0.64465,0.64474,0.64443,0.64466,0,0
2015-05-20,02:00:00,0.64465,0.64469,0.64443,0.64466,0,0
2015-05-20,03:00:00,0.64465,0.64539,0.64452,0.64489,0,0
2015-05-20,04:00:00,0.6449,0.6451,0.64438,0.64463,0,0
2015-05-20,05:00:00,0.64463,0.64463,0.64416,0.64438,0,0
2015-05-20,06:00:00,0.64437,0.64473,0.64422,0.6446,0,0
2015-05-20,07:00:00,0.64461,0.64519,0.6443,0.64499,0,0
2015-05-20,08:00:00,0.64499,0.64537,0.64459,0.64529,0,0
2015-05-20,09:00:00,0.64536,0.64628,0.64509,0.64568,0,0
2015-05-20,10:00:00,0.64568,0.64609,0.64519,0.64549,0,0
2015-05-20,11:00:00,0.64551,0.6458,0.6437,0.64484,0,0
2015-05-20,12:00:00,0.64484,0.64502,0.64397,0.64408,0,0
2015-05-20,13:00:00,0.6441,0.64446,0.6428,0.64435,0,0
2015-05-20,14:00:00,0.64432,0.64469,0.64399,0.64411,0,0
2015-05-20,15:00:00,0.64411,0.64417,0.64236,0.64236,0,0
2015-05-20,16:00:00,0.64244,0.64345,0.64153,0.64247,0,0
2015-05-20,17:00:00,0.64249,0.64384,0.64232,0.64283,0,0
2015-05-20,18:00:00,0.64284,0.64386,0.64278,0.64335,0,0
2015-05-20,19:00:00,0.64338,0.64357,0.64302,0.64316,0,0
2015-05-20,20:00:00,0.64311,0.64433,0.64303,0.64383,0,0
2015-05-20,21:00:00,0.64383,0.64545,0.64238,0.64326,0,0
2015-05-20,22:00:00,0.64322,0.64382,0.64261,0.64351,0,0
2015-05-20,23:00:00,0.64356,0.64386,0.64333,0.64363,0,0
2015-05-20,23:59:00,0.64364,0.64397,0.64359,0.64393,0,0
2015-05-21,01:00:00,0.64392,0.64392,0.64346,0.64353,0,0
2015-05-21,02:00:00,0.64351,0.64376,0.64336,0.64343,0,0
2015-05-21,03:00:00,0.64343,0.64343,0.6427,0.64303,0,0
2015-05-21,04:00:00,0.64302,0.64336,0.64293,0.64331,0,0
2015-05-21,05:00:00,0.64331,0.64331,0.64265,0.64283,0,0
2015-05-21,06:00:00,0.64283,0.64312,0.64281,0.64293,0,0
2015-05-21,07:00:00,0.64294,0.64314,0.64283,0.64294,0,0
2015-05-21,08:00:00,0.64291,0.64354,0.64275,0.64345,0,0
2015-05-21,09:00:00,0.64349,0.64411,0.64344,0.64408,0,0
2015-05-21,10:00:00,0.64406,0.64406,0.64195,0.64254,0,0
2015-05-21,11:00:00,0.64258,0.64258,0.63828,0.63843,0,0
2015-05-21,12:00:00,0.63848,0.63913,0.63825,0.63839,0,0
2015-05-21,13:00:00,0.63848,0.63848,0.63734,0.63749,0,0
2015-05-21,14:00:00,0.63745,0.63813,0.63695,0.63766,0,0
2015-05-21,15:00:00,0.63767,0.63878,0.63722,0.63863,0,0
2015-05-21,16:00:00,0.63866,0.63911,0.63788,0.63835,0,0
2015-05-21,17:00:00,0.63849,0.63918,0.63763,0.63835,0,0
2015-05-21,18:00:00,0.63836,0.6385,0.63729,0.63809,0,0
2015-05-21,19:00:00,0.63814,0.6383,0.63783,0.63799,0,0
2015-05-21,20:00:00,0.638,0.63818,0.63753,0.63797,0,0
2015-05-21,21:00:00,0.63797,0.63835,0.63785,0.6381,0,0
2015-05-21,22:00:00,0.63808,0.63845,0.63808,0.63843,0,0
2015-05-21,23:00:00,0.63841,0.63866,0.63837,0.63848,0,0
2015-05-21,23:59:00,0.63847,0.63861,0.63837,0.63852,0,0
2015-05-22,01:00:00,0.63852,0.63864,0.63845,0.63857,0,0
2015-05-22,02:00:00,0.63858,0.63868,0.63835,0.63868,0,0
2015-05-22,03:00:00,0.63865,0.63866,0.63819,0.63822,0,0
2015-05-22,04:00:00,0.63822,0.63831,0.63774,0.63797,0,0
2015-05-22,05:00:00,0.63798,0.63839,0.63786,0.63824,0,0
2015-05-22,06:00:00,0.63824,0.63846,0.6378,0.63786,0,0
2015-05-22,07:00:00,0.63786,0.63823,0.63772,0.63819,0,0
2015-05-22,08:00:00,0.63816,0.63838,0.63778,0.63793,0,0
2015-05-22,09:00:00,0.63798,0.63815,0.63734,0.63777,0,0
2015-05-22,10:00:00,0.63782,0.6388,0.6378,0.6381,0,0
2015-05-22,11:00:00,0.63815,0.6395,0.63781,0.63857,0,0
2015-05-22,12:00:00,0.63861,0.63903,0.63789,0.63859,0,0
2015-05-22,13:00:00,0.63862,0.63953,0.63857,0.63924,0,0
2015-05-22,14:00:00,0.63925,0.6403,0.63923,0.63964,0,0
2015-05-22,15:00:00,0.63963,0.64392,0.63914,0.64368,0,0
2015-05-22,16:00:00,0.64357,0.64529,0.64357,0.6447,0,0
2015-05-22,17:00:00,0.6447,0.64512,0.64437,0.64512,0,0
2015-05-22,18:00:00,0.64514,0.64591,0.6449,0.64586,0,0
2015-05-22,19:00:00,0.64587,0.64613,0.64562,0.64569,0,0
2015-05-22,20:00:00,0.64582,0.64648,0.64553,0.64621,0,0
2015-05-22,21:00:00,0.64621,0.6468,0.64588,0.64592,0,0
2015-05-22,22:00:00,0.64592,0.64624,0.64578,0.64617,0,0
2015-05-22,23:00:00,0.64617,0.64617,0.64613,0.64617,0,0
2015-05-25,01:00:00,0.64676,0.64676,0.64579,0.64581,0,0
2015-05-25,02:00:00,0.64582,0.64634,0.6457,0.6463,0,0
2015-05-25,03:00:00,0.6463,0.64663,0.64585,0.64643,0,0
2015-05-25,04:00:00,0.64642,0.64651,0.64604,0.64621,0,0
2015-05-25,05:00:00,0.64621,0.64634,0.64603,0.64604,0,0
2015-05-25,06:00:00,0.64607,0.64628,0.64589,0.64622,0,0
2015-05-25,07:00:00,0.64621,0.6463,0.6461,0.64625,0,0
2015-05-25,08:00:00,0.64625,0.64632,0.64597,0.64604,0,0
2015-05-25,09:00:00,0.64604,0.64618,0.64511,0.64529,0,0
2015-05-25,10:00:00,0.64524,0.64618,0.64484,0.645,0,0
2015-05-25,11:00:00,0.645,0.64591,0.64499,0.64584,0,0
2015-05-25,12:00:00,0.64584,0.64592,0.6452,0.64551,0,0
2015-05-25,13:00:00,0.6455,0.64562,0.64524,0.64554,0,0
2015-05-25,14:00:00,0.64558,0.64632,0.64549,0.64615,0,0
2015-05-25,15:00:00,0.64614,0.64692,0.64605,0.64656,0,0
2015-05-25,16:00:00,0.64656,0.64694,0.64643,0.6468,0,0
2015-05-25,17:00:00,0.64681,0.64684,0.64659,0.64663,0,0
2015-05-25,18:00:00,0.64664,0.64671,0.64636,0.64668,0,0
2015-05-25,19:00:00,0.64667,0.64667,0.64646,0.64655,0,0
2015-05-25,20:00:00,0.64652,0.64671,0.64631,0.64635,0,0
2015-05-25,21:00:00,0.64635,0.64642,0.64629,0.64635,0,0
2015-05-25,22:00:00,0.64634,0.64646,0.64632,0.64639,0,0
2015-05-25,23:00:00,0.6464,0.64649,0.64628,0.6464,0,0
2015-05-25,23:59:00,0.6464,0.64647,0.64632,0.64637,0,0
2015-05-26,01:00:00,0.64637,0.64649,0.64619,0.64624,0,0
2015-05-26,02:00:00,0.64623,0.64641,0.64618,0.6464,0,0
2015-05-26,03:00:00,0.64641,0.6473,0.64639,0.64704,0,0
2015-05-26,04:00:00,0.64704,0.64799,0.64685,0.64777,0,0
2015-05-26,05:00:00,0.64776,0.64781,0.64711,0.64722,0,0
2015-05-26,06:00:00,0.64721,0.64747,0.64708,0.64725,0,0
2015-05-26,07:00:00,0.64724,0.64726,0.64694,0.64722,0,0
2015-05-26,08:00:00,0.64722,0.64763,0.64704,0.64717,0,0
2015-05-26,09:00:00,0.64718,0.64907,0.64717,0.64887,0,0
2015-05-26,10:00:00,0.64891,0.64949,0.6484,0.64874,0,0
2015-05-26,11:00:00,0.64881,0.65,0.64863,0.64915,0,0
2015-05-26,12:00:00,0.64913,0.65001,0.6485,0.64939,0,0
2015-05-26,13:00:00,0.64926,0.64957,0.64862,0.64882,0,0
2015-05-26,14:00:00,0.64881,0.64915,0.64852,0.64881,0,0
2015-05-26,15:00:00,0.64879,0.65099,0.64866,0.6501,0,0
2015-05-26,16:00:00,0.65019,0.65053,0.6493,0.65036,0,0
2015-05-26,17:00:00,0.65049,0.65128,0.64992,0.65,0,0
2015-05-26,18:00:00,0.65009,0.65034,0.64876,0.64952,0,0
2015-05-26,19:00:00,0.64951,0.64996,0.64899,0.6495,0,0
2015-05-26,20:00:00,0.64955,0.64968,0.64909,0.64954,0,0
2015-05-26,21:00:00,0.64948,0.65008,0.64919,0.65,0,0
2015-05-26,22:00:00,0.65003,0.65021,0.64978,0.65011,0,0
2015-05-26,23:00:00,0.65011,0.65025,0.64988,0.65001,0,0
2015-05-26,23:59:00,0.65001,0.6502,0.64982,0.65014,0,0
2015-05-27,01:00:00,0.65009,0.65012,0.64962,0.64965,0,0
2015-05-27,02:00:00,0.64968,0.64982,0.64948,0.6496,0,0
2015-05-27,03:00:00,0.6496,0.65009,0.64955,0.64977,0,0
2015-05-27,04:00:00,0.64978,0.65028,0.64938,0.65025,0,0
2015-05-27,05:00:00,0.65025,0.65028,0.64972,0.6499,0,0
2015-05-27,06:00:00,0.6499,0.64996,0.64945,0.64972,0,0
2015-05-27,07:00:00,0.64972,0.64986,0.64909,0.64912,0,0
2015-05-27,08:00:00,0.6492,0.64925,0.64819,0.64822,0,0
2015-05-27,09:00:00,0.64817,0.64884,0.64779,0.6488,0,0
2015-05-27,10:00:00,0.64885,0.64955,0.64819,0.64837,0,0
2015-05-27,11:00:00,0.64837,0.64935,0.64819,0.64918,0,0
2015-05-27,12:00:00,0.64919,0.65008,0.64853,0.64978,0,0
2015-05-27,13:00:00,0.64979,0.65017,0.64899,0.65008,0,0
2015-05-27,14:00:00,0.65,0.65071,0.64974,0.65067,0,0
2015-05-27,15:00:00,0.65067,0.65196,0.65029,0.65191,0,0
2015-05-27,16:00:00,0.65192,0.65266,0.65151,0.65232,0,0
2015-05-27,17:00:00,0.65229,0.65278,0.65073,0.65236,0,0
2015-05-27,18:00:00,0.65225,0.65351,0.65206,0.65268,0,0
2015-05-27,19:00:00,0.65268,0.65276,0.65219,0.6526,0,0
2015-05-27,20:00:00,0.65255,0.65311,0.6519,0.65192,0,0
2015-05-27,21:00:00,0.65191,0.65233,0.65174,0.65199,0,0
2015-05-27,22:00:00,0.65204,0.65226,0.65148,0.65157,0,0
2015-05-27,23:00:00,0.6516,0.65172,0.65116,0.65127,0,0
2015-05-27,23:59:00,0.65127,0.65148,0.65109,0.65133,0,0
2015-05-28,01:00:00,0.6513,0.6516,0.6513,0.65138,0,0
2015-05-28,02:00:00,0.65138,0.65155,0.65137,0.65153,0,0
2015-05-28,03:00:00,0.65153,0.65189,0.65123,0.65142,0,0
2015-05-28,04:00:00,0.65144,0.65145,0.65081,0.65099,0,0
2015-05-28,05:00:00,0.65098,0.6517,0.65075,0.65167,0,0
2015-05-28,06:00:00,0.65172,0.65182,0.65127,0.65159,0,0
2015-05-28,07:00:00,0.65159,0.65176,0.65097,0.65108,0,0
2015-05-28,08:00:00,0.65108,0.65116,0.65062,0.65079,0,0
2015-05-28,09:00:00,0.65079,0.65131,0.65011,0.65061,0,0
2015-05-28,10:00:00,0.65056,0.6518,0.65055,0.6507,0,0
2015-05-28,11:00:00,0.65066,0.65242,0.64996,0.65214,0,0
2015-05-28,12:00:00,0.65212,0.65342,0.65202,0.65315,0,0
2015-05-28,13:00:00,0.65315,0.65421,0.65267,0.65391,0,0
2015-05-28,14:00:00,0.65391,0.65505,0.65379,0.65458,0,0
2015-05-28,15:00:00,0.6546,0.65491,0.65285,0.65418,0,0
2015-05-28,16:00:00,0.65418,0.65472,0.65392,0.65442,0,0
2015-05-28,17:00:00,0.65442,0.65528,0.65348,0.65391,0,0
2015-05-28,18:00:00,0.65397,0.6549,0.65367,0.65398,0,0
2015-05-28,19:00:00,0.65403,0.65448,0.65306,0.65351,0,0
2015-05-28,20:00:00,0.65351,0.65354,0.65248,0.65312,0,0
2015-05-28,21:00:00,0.65316,0.6538,0.65255,0.65265,0,0
2015-05-28,22:00:00,0.65264,0.65356,0.65262,0.6533,0,0
2015-05-28,23:00:00,0.65331,0.65334,0.65294,0.65301,0,0
2015-05-28,23:59:00,0.65291,0.65311,0.65266,0.65286,0,0
2015-05-29,01:00:00,0.65289,0.65302,0.65261,0.65269,0,0
2015-05-29,02:00:00,0.6527,0.65284,0.65233,0.65272,0,0
2015-05-29,03:00:00,0.65272,0.653,0.65262,0.65295,0,0
2015-05-29,04:00:00,0.65295,0.65318,0.65212,0.6522,0,0
2015-05-29,05:00:00,0.6522,0.65235,0.6518,0.65227,0,0
2015-05-29,06:00:00,0.65229,0.65238,0.65205,0.65219,0,0
2015-05-29,07:00:00,0.65216,0.65229,0.65184,0.65226,0,0
2015-05-29,08:00:00,0.65229,0.65257,0.65224,0.65224,0,0
2015-05-29,09:00:00,0.65224,0.65386,0.65192,0.65386,0,0
2015-05-29,10:00:00,0.65386,0.65427,0.653,0.65362,0,0
2015-05-29,11:00:00,0.65352,0.65446,0.65287,0.65446,0,0
2015-05-29,12:00:00,0.65442,0.65472,0.65358,0.65395,0,0
2015-05-29,13:00:00,0.65398,0.65593,0.65385,0.6558,0,0
2015-05-29,14:00:00,0.65586,0.65631,0.6553,0.65536,0,0
2015-05-29,15:00:00,0.65538,0.65624,0.65379,0.65502,0,0
2015-05-29,16:00:00,0.65497,0.65544,0.65366,0.65385,0,0
2015-05-29,17:00:00,0.65382,0.65591,0.65372,0.6553,0,0
2015-05-29,18:00:00,0.6553,0.65583,0.65417,0.65434,0,0
2015-05-29,19:00:00,0.65436,0.6553,0.65423,0.65486,0,0
2015-05-29,20:00:00,0.65486,0.65486,0.65357,0.65371,0,0
2015-05-29,21:00:00,0.65371,0.65405,0.65355,0.65396,0,0
2015-05-29,22:00:00,0.6539,0.65426,0.6538,0.6542,0,0
2015-05-29,23:00:00,0.6542,0.6542,0.65415,0.65418,0,0
2015-06-01,01:00:00,0.65413,0.6544,0.65409,0.65409,0,0
2015-06-01,02:00:00,0.6541,0.65454,0.65409,0.65421,0,0
2015-06-01,03:00:00,0.65418,0.65534,0.65398,0.65474,0,0
2015-06-01,04:00:00,0.65474,0.65501,0.65427,0.65427,0,0
2015-06-01,05:00:00,0.65433,0.65454,0.65385,0.65389,0,0
2015-06-01,06:00:00,0.65392,0.6541,0.65384,0.65406,0,0
2015-06-01,07:00:00,0.65405,0.65414,0.65348,0.65384,0,0
2015-06-01,08:00:00,0.65384,0.65384,0.65339,0.65379,0,0
2015-06-01,09:00:00,0.6538,0.65513,0.65364,0.65474,0,0
2015-06-01,10:00:00,0.65472,0.65559,0.65422,0.65547,0,0
2015-06-01,11:00:00,0.65548,0.65679,0.65472,0.65656,0,0
2015-06-01,12:00:00,0.65667,0.65774,0.65667,0.65689,0,0
2015-06-01,13:00:00,0.65685,0.658,0.65685,0.65767,0,0
2015-06-01,14:00:00,0.6576,0.65797,0.65651,0.65711,0,0
2015-06-01,15:00:00,0.65708,0.65784,0.65571,0.6563,0,0
2015-06-01,16:00:00,0.65626,0.65632,0.6548,0.65504,0,0
2015-06-01,17:00:00,0.65497,0.6578,0.65497,0.65757,0,0
2015-06-01,18:00:00,0.6576,0.65917,0.65747,0.65848,0,0
2015-06-01,19:00:00,0.65849,0.659,0.65823,0.65849,0,0
2015-06-01,20:00:00,0.65848,0.65852,0.65753,0.65797,0,0
2015-06-01,21:00:00,0.65797,0.65815,0.65749,0.6577,0,0
2015-06-01,22:00:00,0.65779,0.65823,0.65757,0.65814,0,0
2015-06-01,23:00:00,0.65815,0.6582,0.65764,0.65786,0,0
2015-06-01,23:59:00,0.65786,0.65805,0.65769,0.65793,0,0
2015-06-02,01:00:00,0.65795,0.65803,0.65776,0.6578,0,0
2015-06-02,02:00:00,0.6578,0.65809,0.6578,0.65803,0,0
2015-06-02,03:00:00,0.65804,0.65807,0.65758,0.65773,0,0
2015-06-02,04:00:00,0.65774,0.658,0.6577,0.65782,0,0
2015-06-02,05:00:00,0.65782,0.65819,0.65759,0.65764,0,0
2015-06-02,06:00:00,0.65764,0.65776,0.65736,0.65768,0,0
2015-06-02,07:00:00,0.65768,0.65812,0.65745,0.65755,0,0
2015-06-02,08:00:00,0.65755,0.65773,0.65708,0.65741,0,0
2015-06-02,09:00:00,0.6574,0.65781,0.65667,0.65703,0,0
2015-06-02,10:00:00,0.65714,0.65876,0.65684,0.65855,0,0
2015-06-02,11:00:00,0.65867,0.65868,0.65589,0.65611,0,0
2015-06-02,12:00:00,0.65608,0.65664,0.65509,0.65518,0,0
2015-06-02,13:00:00,0.65507,0.65626,0.65493,0.65623,0,0
2015-06-02,14:00:00,0.65626,0.65681,0.65556,0.65664,0,0
2015-06-02,15:00:00,0.65663,0.65709,0.65627,0.65636,0,0
2015-06-02,16:00:00,0.65635,0.65635,0.65251,0.65285,0,0
2015-06-02,17:00:00,0.65284,0.65305,0.65172,0.65241,0,0
2015-06-02,18:00:00,0.65241,0.65308,0.65209,0.65231,0,0
2015-06-02,19:00:00,0.65231,0.65247,0.65092,0.65147,0,0
2015-06-02,20:00:00,0.65114,0.65152,0.65073,0.6509,0,0
2015-06-02,21:00:00,0.65088,0.6517,0.65083,0.65143,0,0
2015-06-02,22:00:00,0.65128,0.65223,0.6512,0.65192,0,0
2015-06-02,23:00:00,0.65192,0.65204,0.6517,0.65173,0,0
2015-06-02,23:59:00,0.65173,0.65184,0.65164,0.65181,0,0
2015-06-03,01:00:00,0.65176,0.65206,0.65174,0.65179,0,0
2015-06-03,02:00:00,0.65178,0.65206,0.65164,0.65206,0,0
2015-06-03,03:00:00,0.65206,0.65233,0.65195,0.65213,0,0
2015-06-03,04:00:00,0.65215,0.65216,0.65105,0.65106,0,0
2015-06-03,05:00:00,0.65109,0.65172,0.65104,0.65165,0,0
2015-06-03,06:00:00,0.65163,0.65173,0.65141,0.65155,0,0
2015-06-03,07:00:00,0.65154,0.65158,0.6512,0.65142,0,0
2015-06-03,08:00:00,0.65145,0.65148,0.65046,0.65048,0,0
2015-06-03,09:00:00,0.65039,0.65134,0.65039,0.65126,0,0
2015-06-03,10:00:00,0.6513,0.65219,0.65114,0.65117,0,0
2015-06-03,11:00:00,0.65112,0.65498,0.65075,0.65482,0,0
2015-06-03,12:00:00,0.65481,0.65557,0.65427,0.65478,0,0
2015-06-03,13:00:00,0.65475,0.65492,0.65419,0.65426,0,0
2015-06-03,14:00:00,0.65425,0.6544,0.65368,0.65419,0,0
2015-06-03,15:00:00,0.6542,0.65568,0.6535,0.6549,0,0
2015-06-03,16:00:00,0.65493,0.65498,0.65269,0.65339,0,0
2015-06-03,17:00:00,0.65343,0.65343,0.65195,0.65228,0,0
2015-06-03,18:00:00,0.65225,0.65268,0.65112,0.65147,0,0
2015-06-03,19:00:00,0.65157,0.65245,0.65141,0.65235,0,0
2015-06-03,20:00:00,0.65236,0.65295,0.65206,0.65282,0,0
2015-06-03,21:00:00,0.65283,0.65313,0.65256,0.65295,0,0
2015-06-03,22:00:00,0.65295,0.65295,0.65222,0.65225,0,0
2015-06-03,23:00:00,0.65223,0.65225,0.65181,0.65188,0,0
2015-06-03,23:59:00,0.65185,0.65255,0.65181,0.6522,0,0
2015-06-04,01:00:00,0.65221,0.65251,0.65212,0.65238,0,0
2015-06-04,02:00:00,0.65238,0.65259,0.65238,0.65246,0,0
2015-06-04,03:00:00,0.65246,0.65262,0.65218,0.65241,0,0
2015-06-04,04:00:00,0.65241,0.65289,0.65233,0.65255,0,0
2015-06-04,05:00:00,0.65262,0.65264,0.65221,0.65237,0,0
2015-06-04,06:00:00,0.65241,0.65241,0.6521,0.65231,0,0
2015-06-04,07:00:00,0.6523,0.65269,0.65223,0.65256,0,0
2015-06-04,08:00:00,0.65257,0.65264,0.65212,0.65227,0,0
2015-06-04,09:00:00,0.65227,0.65339,0.65204,0.65295,0,0
2015-06-04,10:00:00,0.65299,0.65301,0.65206,0.65222,0,0
2015-06-04,11:00:00,0.65221,0.65243,0.64879,0.64945,0,0
2015-06-04,12:00:00,0.6495,0.64952,0.64761,0.6478,0,0
2015-06-04,13:00:00,0.6478,0.64888,0.64774,0.64805,0,0
2015-06-04,14:00:00,0.64805,0.64995,0.64778,0.6498,0,0
2015-06-04,15:00:00,0.6498,0.65035,0.64919,0.64971,0,0
2015-06-04,16:00:00,0.64968,0.65177,0.64951,0.65072,0,0
2015-06-04,17:00:00,0.65076,0.65139,0.64984,0.65088,0,0
2015-06-04,18:00:00,0.65086,0.6518,0.65072,0.65084,0,0
2015-06-04,19:00:00,0.65081,0.65143,0.64954,0.65009,0,0
2015-06-04,20:00:00,0.65011,0.6509,0.64979,0.65068,0,0
2015-06-04,21:00:00,0.65064,0.65079,0.65008,0.65073,0,0
2015-06-04,22:00:00,0.65054,0.65094,0.65039,0.65091,0,0
2015-06-04,23:00:00,0.65091,0.65102,0.65065,0.65078,0,0
2015-06-04,23:59:00,0.65082,0.65139,0.65076,0.65111,0,0
2015-06-05,01:00:00,0.65112,0.65134,0.65101,0.65128,0,0
2015-06-05,02:00:00,0.65128,0.65131,0.65086,0.65108,0,0
2015-06-05,03:00:00,0.65108,0.65119,0.65072,0.65098,0,0
2015-06-05,04:00:00,0.65098,0.65144,0.65093,0.65119,0,0
2015-06-05,05:00:00,0.65114,0.65126,0.65099,0.65114,0,0
2015-06-05,06:00:00,0.65114,0.65116,0.65088,0.65101,0,0
2015-06-05,07:00:00,0.65101,0.65102,0.65063,0.65086,0,0
2015-06-05,08:00:00,0.65086,0.65133,0.65086,0.6512,0,0
2015-06-05,09:00:00,0.65121,0.65248,0.65098,0.65207,0,0
2015-06-05,10:00:00,0.65206,0.65302,0.65188,0.65269,0,0
2015-06-05,11:00:00,0.65268,0.65353,0.65223,0.65336,0,0
2015-06-05,12:00:00,0.65339,0.65348,0.6525,0.65264,0,0
2015-06-05,13:00:00,0.65268,0.65374,0.65253,0.65361,0,0
2015-06-05,14:00:00,0.6536,0.6536,0.65213,0.65213,0,0
2015-06-05,15:00:00,0.65212,0.65678,0.65201,0.6563,0,0
2015-06-05,16:00:00,0.65624,0.65826,0.65616,0.65731,0,0
2015-06-05,17:00:00,0.65729,0.65735,0.6551,0.65611,0,0
2015-06-05,18:00:00,0.6561,0.6561,0.65506,0.65508,0,0
2015-06-05,19:00:00,0.655,0.65558,0.65466,0.65469,0,0
2015-06-05,20:00:00,0.6547,0.65482,0.65443,0.6548,0,0
2015-06-05,21:00:00,0.65481,0.65493,0.65429,0.65466,0,0
2015-06-05,22:00:00,0.65471,0.65503,0.65471,0.65489,0,0
2015-06-05,23:00:00,0.6549,0.6549,0.65466,0.65466,0,0
2015-06-08,01:00:00,0.6551,0.65519,0.65493,0.65499,0,0
2015-06-08,02:00:00,0.65497,0.6552,0.65493,0.65519,0,0
2015-06-08,03:00:00,0.6552,0.65558,0.65472,0.65558,0,0
2015-06-08,04:00:00,0.65558,0.65558,0.65472,0.65512,0,0
2015-06-08,05:00:00,0.65513,0.6553,0.65493,0.65515,0,0
2015-06-08,06:00:00,0.65515,0.65524,0.65501,0.65507,0,0
2015-06-08,07:00:00,0.65508,0.65529,0.65499,0.65507,0,0
2015-06-08,08:00:00,0.65508,0.65509,0.65476,0.65484,0,0
2015-06-08,09:00:00,0.65483,0.65558,0.6534,0.65403,0,0
2015-06-08,10:00:00,0.65398,0.65478,0.65346,0.65464,0,0
2015-06-08,11:00:00,0.65463,0.65684,0.65461,0.65657,0,0
2015-06-08,12:00:00,0.65657,0.65669,0.65597,0.65653,0,0
2015-06-08,13:00:00,0.65658,0.65696,0.65623,0.65631,0,0
2015-06-08,14:00:00,0.65631,0.65645,0.65515,0.6555,0,0
2015-06-08,15:00:00,0.65551,0.65585,0.65427,0.65473,0,0
2015-06-08,16:00:00,0.65473,0.65473,0.65354,0.65413,0,0
2015-06-08,17:00:00,0.65417,0.65508,0.65398,0.65465,0,0
2015-06-08,18:00:00,0.65466,0.65514,0.65391,0.65451,0,0
2015-06-08,19:00:00,0.65448,0.65452,0.65328,0.65344,0,0
2015-06-08,20:00:00,0.65329,0.65348,0.65181,0.65222,0,0
2015-06-08,21:00:00,0.65223,0.65226,0.65135,0.65215,0,0
2015-06-08,22:00:00,0.65214,0.65215,0.65153,0.65172,0,0
2015-06-08,23:00:00,0.65174,0.6518,0.65086,0.6515,0,0
2015-06-08,23:59:00,0.65148,0.65184,0.65141,0.65178,0,0
2015-06-09,01:00:00,0.65175,0.65188,0.65168,0.6518,0,0
2015-06-09,02:00:00,0.6518,0.6519,0.65163,0.6518,0,0
2015-06-09,03:00:00,0.65177,0.65221,0.65175,0.65192,0,0
2015-06-09,04:00:00,0.65195,0.65199,0.651,0.65119,0,0
2015-06-09,05:00:00,0.65147,0.65147,0.6511,0.6512,0,0
2015-06-09,06:00:00,0.65121,0.65137,0.65102,0.65126,0,0
2015-06-09,07:00:00,0.65135,0.65164,0.65122,0.65156,0,0
2015-06-09,08:00:00,0.65157,0.65157,0.65047,0.65056,0,0
2015-06-09,09:00:00,0.65056,0.65172,0.65041,0.65172,0,0
2015-06-09,10:00:00,0.65168,0.65475,0.65159,0.65421,0,0
2015-06-09,11:00:00,0.65421,0.65464,0.6531,0.65408,0,0
2015-06-09,12:00:00,0.65395,0.65449,0.65318,0.65404,0,0
2015-06-09,13:00:00,0.65407,0.65458,0.65316,0.65403,0,0
2015-06-09,14:00:00,0.65399,0.65424,0.65225,0.65349,0,0
2015-06-09,15:00:00,0.65349,0.65419,0.65313,0.6538,0,0
2015-06-09,16:00:00,0.6538,0.65398,0.65235,0.65313,0,0
2015-06-09,17:00:00,0.65304,0.65539,0.65234,0.65292,0,0
2015-06-09,18:00:00,0.65292,0.65313,0.64979,0.6501,0,0
2015-06-09,19:00:00,0.6501,0.65101,0.6499,0.65062,0,0
2015-06-09,20:00:00,0.65062,0.65075,0.65002,0.65016,0,0
2015-06-09,21:00:00,0.65017,0.65046,0.64985,0.65046,0,0
2015-06-09,22:00:00,0.65044,0.65047,0.65004,0.65007,0,0
2015-06-09,23:00:00,0.65008,0.65019,0.6499,0.65003,0,0
2015-06-09,23:59:00,0.64996,0.65014,0.6499,0.65014,0,0
2015-06-10,01:00:00,0.65014,0.65026,0.65,0.65025,0,0
2015-06-10,02:00:00,0.65022,0.65023,0.64957,0.64988,0,0
2015-06-10,03:00:00,0.64991,0.65011,0.64941,0.64983,0,0
2015-06-10,04:00:00,0.64982,0.6499,0.64968,0.64984,0,0
2015-06-10,05:00:00,0.64983,0.65028,0.64978,0.6501,0,0
2015-06-10,06:00:00,0.6501,0.65064,0.6501,0.6503,0,0
2015-06-10,07:00:00,0.65033,0.65065,0.64852,0.64857,0,0
2015-06-10,08:00:00,0.64858,0.64911,0.64797,0.64797,0,0
2015-06-10,09:00:00,0.64798,0.649,0.64797,0.64876,0,0
2015-06-10,10:00:00,0.64864,0.64932,0.64637,0.64714,0,0
2015-06-10,11:00:00,0.64717,0.6484,0.64678,0.6478,0,0
2015-06-10,12:00:00,0.64776,0.64782,0.64667,0.64672,0,0
2015-06-10,13:00:00,0.6467,0.64733,0.64563,0.64672,0,0
2015-06-10,14:00:00,0.6467,0.64729,0.64537,0.64576,0,0
2015-06-10,15:00:00,0.64574,0.64601,0.64444,0.64503,0,0
2015-06-10,16:00:00,0.64507,0.64531,0.64377,0.64383,0,0
2015-06-10,17:00:00,0.6438,0.64498,0.64347,0.64348,0,0
2015-06-10,18:00:00,0.6435,0.64443,0.64295,0.64396,0,0
2015-06-10,19:00:00,0.64396,0.64593,0.64393,0.64487,0,0
2015-06-10,20:00:00,0.64488,0.64488,0.64412,0.64453,0,0
2015-06-10,21:00:00,0.64452,0.64476,0.64357,0.64401,0,0
2015-06-10,22:00:00,0.64396,0.6442,0.64353,0.64357,0,0
2015-06-10,23:00:00,0.64363,0.64404,0.64362,0.64391,0,0
2015-06-10,23:59:00,0.64391,0.64486,0.64389,0.64477,0,0
2015-06-11,01:00:00,0.6446,0.6449,0.64432,0.64482,0,0
2015-06-11,02:00:00,0.64482,0.64535,0.6448,0.64514,0,0
2015-06-11,03:00:00,0.64509,0.64535,0.64502,0.64522,0,0
2015-06-11,04:00:00,0.64518,0.64558,0.64484,0.64545,0,0
2015-06-11,05:00:00,0.6455,0.64558,0.64512,0.64523,0,0
2015-06-11,06:00:00,0.64522,0.64531,0.64501,0.64529,0,0
2015-06-11,07:00:00,0.6453,0.64542,0.64479,0.64539,0,0
2015-06-11,08:00:00,0.64539,0.6458,0.64523,0.64557,0,0
2015-06-11,09:00:00,0.64556,0.64685,0.64535,0.6466,0,0
2015-06-11,10:00:00,0.64667,0.64807,0.64667,0.64728,0,0
2015-06-11,11:00:00,0.64732,0.64755,0.64655,0.64666,0,0
2015-06-11,12:00:00,0.64673,0.64782,0.64644,0.64673,0,0
2015-06-11,13:00:00,0.64671,0.64681,0.64602,0.64648,0,0
2015-06-11,14:00:00,0.64653,0.64737,0.64592,0.6473,0,0
2015-06-11,15:00:00,0.6473,0.6484,0.64466,0.6453,0,0
2015-06-11,16:00:00,0.64536,0.64665,0.64527,0.64586,0,0
2015-06-11,17:00:00,0.64583,0.64618,0.64492,0.6455,0,0
2015-06-11,18:00:00,0.64545,0.64584,0.64423,0.64542,0,0
2015-06-11,19:00:00,0.64543,0.6458,0.64514,0.6454,0,0
2015-06-11,20:00:00,0.6454,0.64549,0.64502,0.64522,0,0
2015-06-11,21:00:00,0.64517,0.64522,0.64421,0.64438,0,0
2015-06-11,22:00:00,0.64442,0.64456,0.64392,0.64394,0,0
2015-06-11,23:00:00,0.64393,0.64447,0.64375,0.64445,0,0
2015-06-11,23:59:00,0.64444,0.6447,0.64429,0.6447,0,0
2015-06-12,01:00:00,0.64465,0.64481,0.64442,0.64479,0,0
2015-06-12,02:00:00,0.64482,0.64491,0.64448,0.6445,0,0
2015-06-12,03:00:00,0.64451,0.64479,0.64429,0.6443,0,0
2015-06-12,04:00:00,0.64431,0.64443,0.64404,0.64417,0,0
2015-06-12,05:00:00,0.64418,0.64443,0.64411,0.64438,0,0
2015-06-12,06:00:00,0.64438,0.64448,0.64406,0.64442,0,0
2015-06-12,07:00:00,0.64443,0.64514,0.64423,0.64482,0,0
2015-06-12,08:00:00,0.64482,0.64509,0.64452,0.64476,0,0
2015-06-12,09:00:00,0.64477,0.64545,0.64448,0.64474,0,0
2015-06-12,10:00:00,0.64474,0.64507,0.64414,0.64504,0,0
2015-06-12,11:00:00,0.64505,0.64649,0.64453,0.64591,0,0
2015-06-12,12:00:00,0.64591,0.64622,0.64458,0.64567,0,0
2015-06-12,13:00:00,0.64569,0.6459,0.64472,0.645,0,0
2015-06-12,14:00:00,0.64501,0.6459,0.6449,0.64571,0,0
2015-06-12,15:00:00,0.64569,0.64598,0.6446,0.64549,0,0
2015-06-12,16:00:00,0.64548,0.64589,0.64489,0.64515,0,0
2015-06-12,17:00:00,0.64504,0.64545,0.64177,0.64221,0,0
2015-06-12,18:00:00,0.64232,0.64249,0.64112,0.64159,0,0
2015-06-12,19:00:00,0.64159,0.64348,0.6414,0.64285,0,0
2015-06-12,20:00:00,0.6429,0.64311,0.64248,0.64254,0,0
2015-06-12,21:00:00,0.64257,0.64298,0.64222,0.64295,0,0
2015-06-12,22:00:00,0.64294,0.64336,0.64257,0.64266,0,0
2015-06-12,23:00:00,0.64265,0.64265,0.64262,0.64265,0,0
2015-06-15,01:00:00,0.6427,0.64273,0.64231,0.64249,0,0
2015-06-15,02:00:00,0.64245,0.64281,0.64239,0.64244,0,0
2015-06-15,03:00:00,0.64243,0.64323,0.64243,0.64302,0,0
2015-06-15,04:00:00,0.64302,0.64394,0.64297,0.64323,0,0
2015-06-15,05:00:00,0.64335,0.64364,0.64324,0.64355,0,0
2015-06-15,06:00:00,0.64355,0.64373,0.6433,0.64337,0,0
2015-06-15,07:00:00,0.64337,0.64382,0.64322,0.64352,0,0
2015-06-15,08:00:00,0.64358,0.64404,0.64336,0.64393,0,0
2015-06-15,09:00:00,0.64389,0.64416,0.643,0.64346,0,0
2015-06-15,10:00:00,0.64346,0.64418,0.64317,0.64385,0,0
2015-06-15,11:00:00,0.64387,0.64428,0.64355,0.64426,0,0
2015-06-15,12:00:00,0.64417,0.64513,0.64409,0.64489,0,0
2015-06-15,13:00:00,0.64489,0.64567,0.64484,0.64526,0,0
2015-06-15,14:00:00,0.64525,0.64554,0.64493,0.64513,0,0
2015-06-15,15:00:00,0.64513,0.64522,0.64382,0.64394,0,0
2015-06-15,16:00:00,0.64394,0.64457,0.64352,0.64409,0,0
2015-06-15,17:00:00,0.64412,0.6443,0.64328,0.64338,0,0
2015-06-15,18:00:00,0.64341,0.64341,0.64214,0.64215,0,0
2015-06-15,19:00:00,0.64218,0.64263,0.64159,0.64173,0,0
2015-06-15,20:00:00,0.64175,0.64202,0.64119,0.64202,0,0
2015-06-15,21:00:00,0.64204,0.64208,0.64068,0.64081,0,0
2015-06-15,22:00:00,0.64074,0.6409,0.64046,0.64088,0,0
2015-06-15,23:00:00,0.64089,0.64102,0.64068,0.64099,0,0
2015-06-15,23:59:00,0.64098,0.64118,0.64098,0.64116,0,0
2015-06-16,01:00:00,0.64116,0.64116,0.641,0.64105,0,0
2015-06-16,02:00:00,0.64103,0.64127,0.64101,0.64109,0,0
2015-06-16,03:00:00,0.6411,0.64153,0.6411,0.64126,0,0
2015-06-16,04:00:00,0.64127,0.64128,0.64076,0.64079,0,0
2015-06-16,05:00:00,0.64077,0.64085,0.6405,0.64065,0,0
2015-06-16,06:00:00,0.64064,0.64071,0.64045,0.64052,0,0
2015-06-16,07:00:00,0.64053,0.64063,0.64043,0.64055,0,0
2015-06-16,08:00:00,0.64055,0.64088,0.64054,0.64068,0,0
2015-06-16,09:00:00,0.64068,0.64148,0.64008,0.64008,0,0
2015-06-16,10:00:00,0.64005,0.64161,0.6397,0.64133,0,0
2015-06-16,11:00:00,0.64126,0.64326,0.64035,0.64324,0,0
2015-06-16,12:00:00,0.64328,0.6434,0.64193,0.64227,0,0
2015-06-16,13:00:00,0.64224,0.64224,0.64116,0.6417,0,0
2015-06-16,14:00:00,0.64169,0.64169,0.63936,0.63998,0,0
2015-06-16,15:00:00,0.63999,0.64062,0.63946,0.64031,0,0
2015-06-16,16:00:00,0.6403,0.64036,0.63944,0.63956,0,0
2015-06-16,17:00:00,0.63954,0.64016,0.63908,0.63986,0,0
2015-06-16,18:00:00,0.63994,0.64065,0.63957,0.63957,0,0
2015-06-16,19:00:00,0.63955,0.63982,0.63932,0.63957,0,0
2015-06-16,20:00:00,0.63957,0.63962,0.63912,0.63954,0,0
2015-06-16,21:00:00,0.6395,0.63953,0.63881,0.63904,0,0
2015-06-16,22:00:00,0.63903,0.63935,0.63895,0.63935,0,0
2015-06-16,23:00:00,0.63935,0.63935,0.63888,0.63901,0,0
2015-06-16,23:59:00,0.63906,0.63912,0.6389,0.63903,0,0
2015-06-17,01:00:00,0.63904,0.63916,0.63898,0.63915,0,0
2015-06-17,02:00:00,0.63914,0.63954,0.63908,0.63941,0,0
2015-06-17,03:00:00,0.63942,0.6395,0.6393,0.6394,0,0
2015-06-17,04:00:00,0.6394,0.63946,0.63923,0.63926,0,0
2015-06-17,05:00:00,0.63925,0.63937,0.63906,0.63934,0,0
2015-06-17,06:00:00,0.63934,0.63969,0.63908,0.63929,0,0
2015-06-17,07:00:00,0.6393,0.63945,0.63919,0.63937,0,0
2015-06-17,08:00:00,0.63938,0.63967,0.63915,0.63953,0,0
2015-06-17,09:00:00,0.6395,0.63996,0.639,0.63917,0,0
2015-06-17,10:00:00,0.63916,0.63987,0.63896,0.63959,0,0
2015-06-17,11:00:00,0.63961,0.63961,0.63555,0.63601,0,0
2015-06-17,12:00:00,0.63599,0.63606,0.63499,0.63532,0,0
2015-06-17,13:00:00,0.6353,0.63553,0.63493,0.63518,0,0
2015-06-17,14:00:00,0.63523,0.63594,0.63469,0.63574,0,0
2015-06-17,15:00:00,0.63567,0.63601,0.63511,0.63519,0,0
2015-06-17,16:00:00,0.63518,0.63582,0.63507,0.63558,0,0
2015-06-17,17:00:00,0.63554,0.63722,0.63547,0.63653,0,0
2015-06-17,18:00:00,0.63653,0.63702,0.63605,0.6368,0,0
2015-06-17,19:00:00,0.63674,0.63687,0.63578,0.63613,0,0
2015-06-17,20:00:00,0.63614,0.63644,0.63532,0.63533,0,0
2015-06-17,21:00:00,0.63528,0.63763,0.63175,0.63178,0,0
2015-06-17,22:00:00,0.63176,0.63217,0.63105,0.6315,0,0
2015-06-17,23:00:00,0.63146,0.63213,0.63138,0.63158,0,0
2015-06-17,23:59:00,0.6316,0.63171,0.6314,0.63165,0,0
2015-06-18,01:00:00,0.63165,0.63196,0.63148,0.63174,0,0
2015-06-18,02:00:00,0.63169,0.6317,0.63098,0.631,0,0
2015-06-18,03:00:00,0.631,0.63142,0.63092,0.63142,0,0
2015-06-18,04:00:00,0.6314,0.63155,0.63112,0.63134,0,0
2015-06-18,05:00:00,0.63136,0.63138,0.63104,0.63106,0,0
2015-06-18,06:00:00,0.63109,0.63137,0.63103,0.63133,0,0
2015-06-18,07:00:00,0.63133,0.6318,0.63118,0.63171,0,0
2015-06-18,08:00:00,0.63162,0.63226,0.63125,0.6322,0,0
2015-06-18,09:00:00,0.63219,0.63262,0.63188,0.6322,0,0
2015-06-18,10:00:00,0.63222,0.63222,0.62923,0.6293,0,0
2015-06-18,11:00:00,0.62947,0.62963,0.62779,0.62928,0,0
2015-06-18,12:00:00,0.62926,0.6294,0.62785,0.6282,0,0
2015-06-18,13:00:00,0.6282,0.62882,0.62782,0.62876,0,0
2015-06-18,14:00:00,0.62884,0.62887,0.62785,0.62837,0,0
2015-06-18,15:00:00,0.62837,0.62893,0.62775,0.62875,0,0
2015-06-18,16:00:00,0.62876,0.6292,0.62847,0.62884,0,0
2015-06-18,17:00:00,0.62886,0.62999,0.62882,0.62973,0,0
2015-06-18,18:00:00,0.62967,0.62988,0.62898,0.62978,0,0
2015-06-18,19:00:00,0.6297,0.63093,0.62957,0.63018,0,0
2015-06-18,20:00:00,0.63018,0.6308,0.62993,0.63046,0,0
2015-06-18,21:00:00,0.63046,0.63046,0.62976,0.63002,0,0
2015-06-18,22:00:00,0.62998,0.63003,0.62917,0.62943,0,0
2015-06-18,23:00:00,0.62944,0.62975,0.62938,0.62973,0,0
2015-06-18,23:59:00,0.62968,0.6298,0.62963,0.62975,0,0
2015-06-19,01:00:00,0.62975,0.62985,0.62954,0.62975,0,0
2015-06-19,02:00:00,0.62977,0.6299,0.62971,0.62977,0,0
2015-06-19,03:00:00,0.62977,0.62995,0.62913,0.62913,0,0
2015-06-19,04:00:00,0.62916,0.62962,0.62905,0.62962,0,0
2015-06-19,05:00:00,0.62961,0.6297,0.62934,0.62935,0,0
2015-06-19,06:00:00,0.62936,0.62958,0.62931,0.62944,0,0
2015-06-19,07:00:00,0.62944,0.62987,0.62941,0.62983,0,0
2015-06-19,08:00:00,0.62983,0.63048,0.62979,0.63018,0,0
2015-06-19,09:00:00,0.63013,0.63052,0.62993,0.63031,0,0
2015-06-19,10:00:00,0.6303,0.63088,0.63004,0.63072,0,0
2015-06-19,11:00:00,0.63072,0.63105,0.6302,0.63081,0,0
2015-06-19,12:00:00,0.6308,0.63106,0.63043,0.63077,0,0
2015-06-19,13:00:00,0.63075,0.63119,0.63044,0.63113,0,0
2015-06-19,14:00:00,0.63118,0.63148,0.63076,0.63112,0,0
2015-06-19,15:00:00,0.63115,0.63143,0.62987,0.63019,0,0
2015-06-19,16:00:00,0.6302,0.63027,0.6291,0.62962,0,0
2015-06-19,17:00:00,0.62957,0.62981,0.62922,0.62959,0,0
2015-06-19,18:00:00,0.62958,0.63002,0.62932,0.62983,0,0
2015-06-19,19:00:00,0.62979,0.63037,0.62975,0.62988,0,0
2015-06-19,20:00:00,0.63004,0.63006,0.62948,0.62981,0,0
2015-06-19,21:00:00,0.62981,0.62985,0.62921,0.62968,0,0
2015-06-19,22:00:00,0.62969,0.63013,0.6296,0.63006,0,0
2015-06-19,23:00:00,0.63006,0.63007,0.62997,0.62997,0,0
2015-06-22,01:00:00,0.63003,0.63015,0.62981,0.62995,0,0
2015-06-22,02:00:00,0.62996,0.63005,0.62959,0.63002,0,0
2015-06-22,03:00:00,0.63001,0.63012,0.62972,0.62976,0,0
2015-06-22,04:00:00,0.62976,0.62977,0.62921,0.6296,0,0
2015-06-22,05:00:00,0.62961,0.62967,0.62929,0.62935,0,0
2015-06-22,06:00:00,0.62935,0.62937,0.62918,0.62925,0,0
2015-06-22,07:00:00,0.62924,0.62927,0.62871,0.62888,0,0
2015-06-22,08:00:00,0.62885,0.629,0.62862,0.62878,0,0
2015-06-22,09:00:00,0.62875,0.62931,0.62853,0.62865,0,0
2015-06-22,10:00:00,0.62865,0.63074,0.6286,0.63068,0,0
2015-06-22,11:00:00,0.63071,0.631,0.63001,0.63001,0,0
2015-06-22,12:00:00,0.63006,0.63095,0.62973,0.63067,0,0
2015-06-22,13:00:00,0.63066,0.63226,0.63062,0.63217,0,0
2015-06-22,14:00:00,0.63216,0.63268,0.6318,0.63213,0,0
2015-06-22,15:00:00,0.63207,0.63242,0.6317,0.63177,0,0
2015-06-22,16:00:00,0.6318,0.63211,0.63115,0.63156,0,0
2015-06-22,17:00:00,0.63158,0.63225,0.63114,0.63214,0,0
2015-06-22,18:00:00,0.63217,0.63249,0.63175,0.63201,0,0
2015-06-22,19:00:00,0.63198,0.63269,0.63165,0.63165,0,0
2015-06-22,20:00:00,0.63171,0.63241,0.63141,0.63211,0,0
2015-06-22,21:00:00,0.63212,0.63212,0.63159,0.63179,0,0
2015-06-22,22:00:00,0.63179,0.63228,0.63168,0.63222,0,0
2015-06-22,23:00:00,0.63218,0.63231,0.63176,0.63191,0,0
2015-06-22,23:59:00,0.63194,0.63226,0.63181,0.63195,0,0
2015-06-23,01:00:00,0.63193,0.63207,0.63183,0.63193,0,0
2015-06-23,02:00:00,0.63194,0.63194,0.63165,0.63184,0,0
2015-06-23,03:00:00,0.63184,0.63215,0.63183,0.63213,0,0
2015-06-23,04:00:00,0.63214,0.63411,0.63206,0.63336,0,0
2015-06-23,05:00:00,0.63339,0.6343,0.63325,0.63414,0,0
2015-06-23,06:00:00,0.63418,0.63424,0.63361,0.63414,0,0
2015-06-23,07:00:00,0.63415,0.63428,0.63397,0.63399,0,0
2015-06-23,08:00:00,0.63399,0.63405,0.63348,0.63355,0,0
2015-06-23,09:00:00,0.63348,0.63408,0.63266,0.63272,0,0
2015-06-23,10:00:00,0.63274,0.63386,0.63239,0.63368,0,0
2015-06-23,11:00:00,0.63372,0.63436,0.6331,0.63331,0,0
2015-06-23,12:00:00,0.63326,0.63336,0.63252,0.63291,0,0
2015-06-23,13:00:00,0.63293,0.63387,0.63293,0.63378,0,0
2015-06-23,14:00:00,0.63379,0.63397,0.63325,0.63397,0,0
2015-06-23,15:00:00,0.63398,0.63551,0.63338,0.63509,0,0
2015-06-23,16:00:00,0.63512,0.63606,0.63488,0.63499,0,0
2015-06-23,17:00:00,0.63499,0.63597,0.63496,0.63573,0,0
2015-06-23,18:00:00,0.63578,0.63601,0.63454,0.63496,0,0
2015-06-23,19:00:00,0.63496,0.6365,0.63496,0.63614,0,0
2015-06-23,20:00:00,0.63612,0.63653,0.63566,0.63641,0,0
2015-06-23,21:00:00,0.63641,0.63656,0.6362,0.63633,0,0
2015-06-23,22:00:00,0.63634,0.63644,0.63569,0.63569,0,0
2015-06-23,23:00:00,0.63577,0.63594,0.63562,0.6358,0,0
2015-06-23,23:59:00,0.63574,0.63594,0.63566,0.63588,0,0
2015-06-24,01:00:00,0.63581,0.63592,0.63567,0.63573,0,0
2015-06-24,02:00:00,0.63572,0.63573,0.63538,0.6354,0,0
2015-06-24,03:00:00,0.63542,0.63548,0.63513,0.63548,0,0
2015-06-24,04:00:00,0.63548,0.6357,0.63511,0.63558,0,0
2015-06-24,05:00:00,0.63564,0.63566,0.63514,0.63521,0,0
2015-06-24,06:00:00,0.63521,0.63533,0.63512,0.63521,0,0
2015-06-24,07:00:00,0.63521,0.63553,0.63517,0.63537,0,0
2015-06-24,08:00:00,0.63537,0.63542,0.63443,0.6349,0,0
2015-06-24,09:00:00,0.6349,0.63506,0.63281,0.63288,0,0
2015-06-24,10:00:00,0.63288,0.6337,0.63281,0.63356,0,0
2015-06-24,11:00:00,0.63361,0.63385,0.6328,0.63325,0,0
2015-06-24,12:00:00,0.6332,0.63426,0.63311,0.63403,0,0
2015-06-24,13:00:00,0.63404,0.6349,0.63388,0.63472,0,0
2015-06-24,14:00:00,0.6347,0.63482,0.63414,0.63461,0,0
2015-06-24,15:00:00,0.63455,0.63561,0.63444,0.63488,0,0
2015-06-24,16:00:00,0.63489,0.63557,0.63476,0.63512,0,0
2015-06-24,17:00:00,0.63519,0.63649,0.63507,0.63625,0,0
2015-06-24,18:00:00,0.63614,0.6382,0.6358,0.63776,0,0
2015-06-24,19:00:00,0.63775,0.63822,0.63749,0.63753,0,0
2015-06-24,20:00:00,0.63757,0.63784,0.63659,0.63692,0,0
2015-06-24,21:00:00,0.63691,0.63745,0.63671,0.63689,0,0
2015-06-24,22:00:00,0.63688,0.63722,0.63668,0.63708,0,0
2015-06-24,23:00:00,0.63708,0.63721,0.63659,0.63672,0,0
2015-06-24,23:59:00,0.6367,0.63692,0.63666,0.63672,0,0
2015-06-25,01:00:00,0.63673,0.63687,0.63663,0.63663,0,0
2015-06-25,02:00:00,0.63663,0.63688,0.63643,0.63675,0,0
2015-06-25,03:00:00,0.63675,0.63726,0.63669,0.6371,0,0
2015-06-25,04:00:00,0.63709,0.63745,0.63692,0.63726,0,0
2015-06-25,05:00:00,0.63728,0.63735,0.63695,0.63698,0,0
2015-06-25,06:00:00,0.63697,0.63725,0.63678,0.63699,0,0
2015-06-25,07:00:00,0.637,0.63728,0.6369,0.63714,0,0
2015-06-25,08:00:00,0.63714,0.63789,0.63712,0.63762,0,0
2015-06-25,09:00:00,0.63747,0.63769,0.63693,0.63704,0,0
2015-06-25,10:00:00,0.63705,0.6372,0.63593,0.63663,0,0
2015-06-25,11:00:00,0.63666,0.63722,0.63618,0.63717,0,0
2015-06-25,12:00:00,0.63718,0.6377,0.63683,0.63739,0,0
2015-06-25,13:00:00,0.63736,0.63764,0.63608,0.63646,0,0
2015-06-25,14:00:00,0.6365,0.63683,0.63568,0.63568,0,0
2015-06-25,15:00:00,0.63564,0.6363,0.63492,0.63507,0,0
2015-06-25,16:00:00,0.63507,0.63552,0.63412,0.63501,0,0
2015-06-25,17:00:00,0.63503,0.63607,0.63478,0.63604,0,0
2015-06-25,18:00:00,0.63597,0.63618,0.63536,0.63592,0,0
2015-06-25,19:00:00,0.6359,0.63591,0.63538,0.63545,0,0
2015-06-25,20:00:00,0.63545,0.63559,0.63471,0.63523,0,0
2015-06-25,21:00:00,0.63523,0.63567,0.63515,0.63558,0,0
2015-06-25,22:00:00,0.63557,0.63573,0.63529,0.63545,0,0
2015-06-25,23:00:00,0.63543,0.63561,0.63501,0.63509,0,0
2015-06-25,23:59:00,0.63496,0.63528,0.63478,0.63525,0,0
2015-06-26,01:00:00,0.63528,0.63531,0.63492,0.63497,0,0
2015-06-26,02:00:00,0.63498,0.63515,0.63494,0.63511,0,0
2015-06-26,03:00:00,0.63509,0.63559,0.63509,0.6355,0,0
2015-06-26,04:00:00,0.63549,0.63557,0.63531,0.63553,0,0
2015-06-26,05:00:00,0.63554,0.63554,0.63506,0.6351,0,0
2015-06-26,06:00:00,0.6351,0.6351,0.63482,0.63498,0,0
2015-06-26,07:00:00,0.63498,0.63542,0.63498,0.63538,0,0
2015-06-26,08:00:00,0.63538,0.63555,0.63522,0.63534,0,0
2015-06-26,09:00:00,0.63532,0.63559,0.63507,0.63535,0,0
2015-06-26,10:00:00,0.63534,0.63614,0.63475,0.63487,0,0
2015-06-26,11:00:00,0.63482,0.63516,0.63423,0.63486,0,0
2015-06-26,12:00:00,0.63488,0.63544,0.63467,0.63523,0,0
2015-06-26,13:00:00,0.63519,0.63601,0.63506,0.63534,0,0
2015-06-26,14:00:00,0.63528,0.63602,0.63524,0.6358,0,0
2015-06-26,15:00:00,0.63588,0.63617,0.63546,0.636,0,0
2015-06-26,16:00:00,0.63613,0.63659,0.63499,0.63517,0,0
2015-06-26,17:00:00,0.63519,0.63593,0.63447,0.63572,0,0
2015-06-26,18:00:00,0.63575,0.63591,0.63511,0.6354,0,0
2015-06-26,19:00:00,0.6354,0.63599,0.63535,0.63546,0,0
2015-06-26,20:00:00,0.63551,0.63617,0.63515,0.63566,0,0
2015-06-26,21:00:00,0.63566,0.63612,0.63547,0.63569,0,0
2015-06-26,22:00:00,0.63566,0.63568,0.63517,0.63517,0,0
2015-06-26,23:00:00,0.63519,0.63527,0.63519,0.63523,0,0
2015-06-29,01:00:00,0.63716,0.63835,0.63574,0.63656,0,0
2015-06-29,02:00:00,0.63655,0.63736,0.63619,0.63736,0,0
2015-06-29,03:00:00,0.63737,0.63737,0.63627,0.63675,0,0
2015-06-29,04:00:00,0.63675,0.63685,0.63617,0.63669,0,0
2015-06-29,05:00:00,0.6367,0.63689,0.6362,0.6364,0,0
2015-06-29,06:00:00,0.63639,0.63653,0.63603,0.63624,0,0
2015-06-29,07:00:00,0.63624,0.63689,0.63612,0.63668,0,0
2015-06-29,08:00:00,0.63669,0.63681,0.63605,0.63607,0,0
2015-06-29,09:00:00,0.6361,0.63713,0.6354,0.63689,0,0
2015-06-29,10:00:00,0.6368,0.63712,0.63558,0.63699,0,0
2015-06-29,11:00:00,0.63702,0.63754,0.63655,0.63683,0,0
2015-06-29,12:00:00,0.63682,0.63719,0.63624,0.6371,0,0
2015-06-29,13:00:00,0.63706,0.63741,0.6366,0.63723,0,0
2015-06-29,14:00:00,0.63721,0.6376,0.63618,0.63697,0,0
2015-06-29,15:00:00,0.63696,0.63723,0.63514,0.63551,0,0
2015-06-29,16:00:00,0.6355,0.6363,0.6349,0.63628,0,0
2015-06-29,17:00:00,0.63628,0.63686,0.63485,0.63519,0,0
2015-06-29,18:00:00,0.63518,0.6354,0.63344,0.6344,0,0
2015-06-29,19:00:00,0.63438,0.63612,0.63361,0.63534,0,0
2015-06-29,20:00:00,0.63532,0.63603,0.63447,0.63492,0,0
2015-06-29,21:00:00,0.63489,0.63575,0.63474,0.63542,0,0
2015-06-29,22:00:00,0.63546,0.63603,0.63539,0.63567,0,0
2015-06-29,23:00:00,0.63566,0.63574,0.63533,0.6354,0,0
2015-06-29,23:59:00,0.63542,0.63562,0.63535,0.63561,0,0
2015-06-30,01:00:00,0.6356,0.63589,0.63557,0.63576,0,0
2015-06-30,02:00:00,0.63576,0.63585,0.6356,0.63582,0,0
2015-06-30,03:00:00,0.63582,0.63593,0.63545,0.63569,0,0
2015-06-30,04:00:00,0.6357,0.63616,0.6356,0.63569,0,0
2015-06-30,05:00:00,0.63575,0.63603,0.6356,0.63582,0,0
2015-06-30,06:00:00,0.63584,0.63603,0.63579,0.63589,0,0
2015-06-30,07:00:00,0.63594,0.63605,0.63566,0.6357,0,0
2015-06-30,08:00:00,0.63571,0.63611,0.63568,0.63607,0,0
2015-06-30,09:00:00,0.63605,0.63708,0.63565,0.63694,0,0
2015-06-30,10:00:00,0.63695,0.63722,0.6358,0.6367,0,0
2015-06-30,11:00:00,0.6367,0.6367,0.63521,0.6361,0,0
2015-06-30,12:00:00,0.63609,0.63658,0.63541,0.6358,0,0
2015-06-30,13:00:00,0.63581,0.63668,0.63566,0.63618,0,0
2015-06-30,14:00:00,0.63621,0.63693,0.63593,0.63669,0,0
2015-06-30,15:00:00,0.63669,0.63684,0.63459,0.6346,0,0
2015-06-30,16:00:00,0.63459,0.63489,0.63391,0.6348,0,0
2015-06-30,17:00:00,0.6348,0.63596,0.63405,0.63587,0,0
2015-06-30,18:00:00,0.63587,0.63684,0.63566,0.63597,0,0
2015-06-30,19:00:00,0.63595,0.63651,0.63545,0.63595,0,0
2015-06-30,20:00:00,0.63595,0.6362,0.6353,0.63545,0,0
2015-06-30,21:00:00,0.63545,0.63586,0.63513,0.63559,0,0
2015-06-30,22:00:00,0.63564,0.63649,0.63564,0.63639,0,0
2015-06-30,23:00:00,0.63638,0.63687,0.63627,0.63663,0,0
2015-06-30,23:59:00,0.63665,0.63685,0.63634,0.63641,0,0
2015-07-01,01:00:00,0.6364,0.63765,0.63631,0.63765,0,0
2015-07-01,02:00:00,0.63765,0.63791,0.63728,0.63753,0,0
2015-07-01,03:00:00,0.63753,0.63784,0.63694,0.637,0,0
2015-07-01,04:00:00,0.63699,0.63728,0.63676,0.63712,0,0
2015-07-01,05:00:00,0.63712,0.63722,0.63694,0.63719,0,0
2015-07-01,06:00:00,0.6372,0.63721,0.63689,0.63701,0,0
2015-07-01,07:00:00,0.63701,0.63715,0.63683,0.63687,0,0
2015-07-01,08:00:00,0.63682,0.63706,0.63679,0.63705,0,0
2015-07-01,09:00:00,0.63708,0.63734,0.63656,0.63686,0,0
2015-07-01,10:00:00,0.63689,0.63713,0.63624,0.63648,0,0
2015-07-01,11:00:00,0.6364,0.63902,0.63585,0.63842,0,0
2015-07-01,12:00:00,0.63839,0.63895,0.63806,0.63851,0,0
2015-07-01,13:00:00,0.63854,0.63935,0.63852,0.63863,0,0
2015-07-01,14:00:00,0.63863,0.63896,0.63826,0.63874,0,0
2015-07-01,15:00:00,0.63876,0.63958,0.63852,0.63905,0,0
2015-07-01,16:00:00,0.63904,0.6399,0.63893,0.63989,0,0
2015-07-01,17:00:00,0.63989,0.6402,0.63919,0.63968,0,0
2015-07-01,18:00:00,0.63969,0.64062,0.63934,0.64036,0,0
2015-07-01,19:00:00,0.64036,0.64077,0.64019,0.64028,0,0
2015-07-01,20:00:00,0.64032,0.64114,0.64026,0.64114,0,0
2015-07-01,21:00:00,0.64128,0.6413,0.64076,0.64098,0,0
2015-07-01,22:00:00,0.64098,0.641,0.6402,0.6402,0,0
2015-07-01,23:00:00,0.64021,0.64058,0.64015,0.6403,0,0
2015-07-01,23:59:00,0.6403,0.64043,0.64026,0.64037,0,0
2015-07-02,01:00:00,0.64037,0.6407,0.64032,0.64067,0,0
2015-07-02,02:00:00,0.64064,0.64092,0.64052,0.64084,0,0
2015-07-02,03:00:00,0.64087,0.64101,0.64057,0.64075,0,0
2015-07-02,04:00:00,0.64069,0.64102,0.64067,0.64101,0,0
2015-07-02,05:00:00,0.64101,0.64108,0.64034,0.64055,0,0
2015-07-02,06:00:00,0.64055,0.64063,0.64034,0.64052,0,0
2015-07-02,07:00:00,0.64052,0.64067,0.64032,0.64042,0,0
2015-07-02,08:00:00,0.64038,0.64068,0.64038,0.6404,0,0
2015-07-02,09:00:00,0.64043,0.64103,0.64043,0.64096,0,0
2015-07-02,10:00:00,0.64095,0.64177,0.64077,0.64138,0,0
2015-07-02,11:00:00,0.64146,0.64154,0.64027,0.64091,0,0
2015-07-02,12:00:00,0.64092,0.64102,0.64032,0.64035,0,0
2015-07-02,13:00:00,0.64037,0.64127,0.64005,0.64121,0,0
2015-07-02,14:00:00,0.64124,0.64187,0.6408,0.64173,0,0
2015-07-02,15:00:00,0.64171,0.64248,0.63946,0.64041,0,0
2015-07-02,16:00:00,0.64047,0.64113,0.6402,0.64058,0,0
2015-07-02,17:00:00,0.6406,0.64112,0.6401,0.64068,0,0
2015-07-02,18:00:00,0.6408,0.64092,0.64014,0.64048,0,0
2015-07-02,19:00:00,0.64048,0.6408,0.64027,0.64063,0,0
2015-07-02,20:00:00,0.64064,0.64101,0.64052,0.64087,0,0
2015-07-02,21:00:00,0.64083,0.6412,0.64061,0.64104,0,0
2015-07-02,22:00:00,0.64104,0.64135,0.64067,0.64082,0,0
2015-07-02,23:00:00,0.64086,0.64094,0.64056,0.64062,0,0
2015-07-02,23:59:00,0.64068,0.64086,0.64058,0.64076,0,0
2015-07-03,01:00:00,0.64077,0.64081,0.64054,0.64066,0,0
2015-07-03,02:00:00,0.64065,0.64075,0.64061,0.64064,0,0
2015-07-03,03:00:00,0.64068,0.64073,0.64021,0.6405,0,0
2015-07-03,04:00:00,0.64052,0.64071,0.64039,0.64063,0,0
2015-07-03,05:00:00,0.64062,0.64082,0.64051,0.64054,0,0
2015-07-03,06:00:00,0.64054,0.64072,0.64046,0.6405,0,0
2015-07-03,07:00:00,0.64051,0.6409,0.64045,0.64061,0,0
2015-07-03,08:00:00,0.64054,0.64066,0.64043,0.64043,0,0
2015-07-03,09:00:00,0.64041,0.64068,0.64023,0.64055,0,0
2015-07-03,10:00:00,0.64064,0.64076,0.64005,0.64068,0,0
2015-07-03,11:00:00,0.64069,0.64069,0.63944,0.63993,0,0
2015-07-03,12:00:00,0.6399,0.64016,0.63949,0.63961,0,0
2015-07-03,13:00:00,0.63959,0.63984,0.63923,0.63965,0,0
2015-07-03,14:00:00,0.63965,0.64015,0.63962,0.63985,0,0
2015-07-03,15:00:00,0.63987,0.64062,0.63982,0.64022,0,0
2015-07-03,16:00:00,0.64022,0.64091,0.64022,0.64064,0,0
2015-07-03,17:00:00,0.64064,0.64106,0.64021,0.64093,0,0
2015-07-03,18:00:00,0.64086,0.64243,0.64065,0.64214,0,0
2015-07-03,19:00:00,0.64215,0.64255,0.64166,0.64191,0,0
2015-07-03,20:00:00,0.64179,0.64245,0.64141,0.64186,0,0
2015-07-03,21:00:00,0.64186,0.64212,0.64144,0.64158,0,0
2015-07-03,22:00:00,0.64159,0.6418,0.64145,0.64161,0,0
2015-07-03,23:00:00,0.64161,0.64161,0.64158,0.64158,0,0
2015-07-06,01:00:00,0.64319,0.64338,0.64225,0.64255,0,0
2015-07-06,02:00:00,0.64256,0.64309,0.64217,0.64307,0,0
2015-07-06,03:00:00,0.64307,0.64311,0.64261,0.64299,0,0
2015-07-06,04:00:00,0.643,0.64307,0.64232,0.6427,0,0
2015-07-06,05:00:00,0.64269,0.64294,0.64236,0.64282,0,0
2015-07-06,06:00:00,0.64282,0.64291,0.64257,0.64279,0,0
2015-07-06,07:00:00,0.64282,0.64295,0.64256,0.64279,0,0
2015-07-06,08:00:00,0.64282,0.64303,0.6412,0.64153,0,0
2015-07-06,09:00:00,0.64152,0.64295,0.64111,0.64295,0,0
2015-07-06,10:00:00,0.64294,0.64381,0.6419,0.64221,0,0
2015-07-06,11:00:00,0.64219,0.64304,0.64164,0.64262,0,0
2015-07-06,12:00:00,0.64264,0.64335,0.64244,0.64249,0,0
2015-07-06,13:00:00,0.64249,0.64328,0.64249,0.64272,0,0
2015-07-06,14:00:00,0.64276,0.64318,0.64235,0.64295,0,0
2015-07-06,15:00:00,0.64295,0.64335,0.64262,0.64301,0,0
2015-07-06,16:00:00,0.64302,0.64329,0.64255,0.64255,0,0
2015-07-06,17:00:00,0.6427,0.64304,0.64056,0.64089,0,0
2015-07-06,18:00:00,0.64094,0.64148,0.63995,0.64025,0,0
2015-07-06,19:00:00,0.64025,0.64048,0.63988,0.64021,0,0
2015-07-06,20:00:00,0.64018,0.64066,0.63991,0.64063,0,0
2015-07-06,21:00:00,0.64065,0.64094,0.64048,0.64087,0,0
2015-07-06,22:00:00,0.64088,0.64095,0.64078,0.64089,0,0
2015-07-06,23:00:00,0.64089,0.64092,0.64069,0.64081,0,0
2015-07-06,23:59:00,0.64081,0.64091,0.64072,0.64087,0,0
2015-07-07,01:00:00,0.64083,0.64097,0.64078,0.64087,0,0
2015-07-07,02:00:00,0.64086,0.64109,0.64081,0.64108,0,0
2015-07-07,03:00:00,0.64108,0.64142,0.6406,0.64119,0,0
2015-07-07,04:00:00,0.64119,0.6414,0.6411,0.64133,0,0
2015-07-07,05:00:00,0.64132,0.64149,0.6413,0.64143,0,0
2015-07-07,06:00:00,0.64142,0.64168,0.64139,0.64145,0,0
2015-07-07,07:00:00,0.64146,0.64161,0.6412,0.64139,0,0
2015-07-07,08:00:00,0.6414,0.64156,0.64082,0.64085,0,0
2015-07-07,09:00:00,0.64086,0.6426,0.64084,0.64234,0,0
2015-07-07,10:00:00,0.64233,0.64356,0.64211,0.64335,0,0
2015-07-07,11:00:00,0.64328,0.64497,0.64309,0.64481,0,0
2015-07-07,12:00:00,0.64486,0.64573,0.64468,0.6451,0,0
2015-07-07,13:00:00,0.64509,0.64757,0.64506,0.64679,0,0
2015-07-07,14:00:00,0.64688,0.64766,0.64673,0.64756,0,0
2015-07-07,15:00:00,0.64756,0.6484,0.64703,0.64799,0,0
2015-07-07,16:00:00,0.64799,0.64828,0.64756,0.64769,0,0
2015-07-07,17:00:00,0.64768,0.64874,0.64727,0.64855,0,0
2015-07-07,18:00:00,0.64857,0.64868,0.64741,0.64741,0,0
2015-07-07,19:00:00,0.64736,0.64848,0.64728,0.64813,0,0
2015-07-07,20:00:00,0.64825,0.64835,0.64737,0.64747,0,0
2015-07-07,21:00:00,0.64745,0.64754,0.64708,0.64752,0,0
2015-07-07,22:00:00,0.64758,0.64758,0.64571,0.64652,0,0
2015-07-07,23:00:00,0.6466,0.6469,0.64645,0.64673,0,0
2015-07-07,23:59:00,0.64677,0.6472,0.64674,0.64694,0,0
2015-07-08,01:00:00,0.64699,0.64716,0.64678,0.64683,0,0
2015-07-08,02:00:00,0.64684,0.64692,0.64659,0.64678,0,0
2015-07-08,03:00:00,0.64677,0.64731,0.64677,0.64731,0,0
2015-07-08,04:00:00,0.64731,0.64815,0.64709,0.64767,0,0
2015-07-08,05:00:00,0.64769,0.64802,0.64737,0.64789,0,0
2015-07-08,06:00:00,0.64789,0.64818,0.64783,0.64789,0,0
2015-07-08,07:00:00,0.64789,0.64796,0.64738,0.64772,0,0
2015-07-08,08:00:00,0.64772,0.64794,0.64688,0.64697,0,0
2015-07-08,09:00:00,0.64698,0.64818,0.64655,0.64805,0,0
2015-07-08,10:00:00,0.64813,0.64924,0.648,0.64807,0,0
2015-07-08,11:00:00,0.64814,0.64931,0.64802,0.64901,0,0
2015-07-08,12:00:00,0.64905,0.64978,0.64873,0.64901,0,0
2015-07-08,13:00:00,0.64901,0.6512,0.64885,0.65092,0,0
2015-07-08,14:00:00,0.65095,0.65135,0.65005,0.65019,0,0
2015-07-08,15:00:00,0.6502,0.65105,0.65017,0.65073,0,0
2015-07-08,16:00:00,0.65076,0.6511,0.6503,0.65084,0,0
2015-07-08,17:00:00,0.65079,0.65203,0.6507,0.65136,0,0
2015-07-08,18:00:00,0.65138,0.65186,0.65116,0.65135,0,0
2015-07-08,19:00:00,0.65138,0.65228,0.65088,0.65211,0,0
2015-07-08,20:00:00,0.6521,0.65226,0.65174,0.65188,0,0
2015-07-08,21:00:00,0.6519,0.65196,0.65066,0.65127,0,0
2015-07-08,22:00:00,0.65125,0.65138,0.65044,0.65104,0,0
2015-07-08,23:00:00,0.65102,0.65114,0.65066,0.65097,0,0
2015-07-08,23:59:00,0.65092,0.65106,0.6508,0.65083,0,0
2015-07-09,01:00:00,0.6508,0.65095,0.65046,0.65059,0,0
2015-07-09,02:00:00,0.6506,0.6508,0.65055,0.65076,0,0
2015-07-09,03:00:00,0.65077,0.65118,0.65071,0.6509,0,0
2015-07-09,04:00:00,0.65087,0.65113,0.65066,0.65096,0,0
2015-07-09,05:00:00,0.651,0.65112,0.65025,0.65028,0,0
2015-07-09,06:00:00,0.65028,0.65047,0.65008,0.65043,0,0
2015-07-09,07:00:00,0.65043,0.65043,0.65003,0.65011,0,0
2015-07-09,08:00:00,0.65011,0.65015,0.64877,0.64927,0,0
2015-07-09,09:00:00,0.64929,0.6496,0.64848,0.64931,0,0
2015-07-09,10:00:00,0.64933,0.65017,0.64933,0.64995,0,0
2015-07-09,11:00:00,0.65,0.65035,0.64935,0.64991,0,0
2015-07-09,12:00:00,0.6499,0.65023,0.64959,0.64965,0,0
2015-07-09,13:00:00,0.64965,0.65076,0.64939,0.64992,0,0
2015-07-09,14:00:00,0.65006,0.6506,0.64933,0.64939,0,0
2015-07-09,15:00:00,0.64933,0.65046,0.64891,0.64994,0,0
2015-07-09,16:00:00,0.64993,0.64999,0.64914,0.64943,0,0
2015-07-09,17:00:00,0.64942,0.64995,0.64894,0.64988,0,0
2015-07-09,18:00:00,0.64992,0.65044,0.64972,0.65043,0,0
2015-07-09,19:00:00,0.65041,0.65142,0.65041,0.65136,0,0
2015-07-09,20:00:00,0.65126,0.6517,0.651,0.65153,0,0
2015-07-09,21:00:00,0.65153,0.65153,0.6508,0.65092,0,0
2015-07-09,22:00:00,0.6509,0.65102,0.64987,0.65022,0,0
2015-07-09,23:00:00,0.65025,0.65039,0.64989,0.6502,0,0
2015-07-09,23:59:00,0.65015,0.65026,0.65013,0.65022,0,0
2015-07-10,01:00:00,0.65027,0.65066,0.65,0.65043,0,0
2015-07-10,02:00:00,0.65042,0.65062,0.65026,0.65059,0,0
2015-07-10,03:00:00,0.65059,0.65084,0.65032,0.65055,0,0
2015-07-10,04:00:00,0.65055,0.6506,0.64984,0.65002,0,0
2015-07-10,05:00:00,0.65005,0.65034,0.64949,0.64969,0,0
2015-07-10,06:00:00,0.6497,0.64981,0.64939,0.64943,0,0
2015-07-10,07:00:00,0.64942,0.64971,0.64903,0.64934,0,0
2015-07-10,08:00:00,0.64933,0.64965,0.64875,0.64893,0,0
2015-07-10,09:00:00,0.64894,0.64937,0.64877,0.64919,0,0
2015-07-10,10:00:00,0.64925,0.64941,0.64727,0.64739,0,0
2015-07-10,11:00:00,0.64737,0.64775,0.64683,0.64698,0,0
2015-07-10,12:00:00,0.64701,0.6471,0.6452,0.6457,0,0
2015-07-10,13:00:00,0.64575,0.64603,0.64418,0.64421,0,0
2015-07-10,14:00:00,0.64422,0.64445,0.64306,0.64445,0,0
2015-07-10,15:00:00,0.64445,0.64504,0.64367,0.64422,0,0
2015-07-10,16:00:00,0.64418,0.64525,0.64404,0.64448,0,0
2015-07-10,17:00:00,0.64444,0.64517,0.64396,0.64475,0,0
2015-07-10,18:00:00,0.64479,0.64621,0.64443,0.64509,0,0
2015-07-10,19:00:00,0.6451,0.64603,0.64487,0.64596,0,0
2015-07-10,20:00:00,0.64591,0.64655,0.64519,0.64519,0,0
2015-07-10,21:00:00,0.64527,0.64562,0.64485,0.64501,0,0
2015-07-10,22:00:00,0.64502,0.64507,0.64454,0.64459,0,0
2015-07-10,23:00:00,0.64457,0.64467,0.64457,0.64462,0,0
2015-07-13,01:00:00,0.64414,0.64519,0.64407,0.64508,0,0
2015-07-13,02:00:00,0.64511,0.64522,0.64445,0.64457,0,0
2015-07-13,03:00:00,0.6446,0.64517,0.6446,0.64487,0,0
2015-07-13,04:00:00,0.64487,0.64542,0.64484,0.6453,0,0
2015-07-13,05:00:00,0.64535,0.64537,0.64478,0.64478,0,0
2015-07-13,06:00:00,0.64478,0.64517,0.64424,0.64513,0,0
2015-07-13,07:00:00,0.64513,0.64537,0.64498,0.64529,0,0
2015-07-13,08:00:00,0.64524,0.6453,0.64448,0.64452,0,0
2015-07-13,09:00:00,0.64452,0.64512,0.64307,0.64322,0,0
2015-07-13,10:00:00,0.64322,0.6449,0.64298,0.64453,0,0
2015-07-13,11:00:00,0.64452,0.64482,0.64367,0.64412,0,0
2015-07-13,12:00:00,0.64409,0.64429,0.64189,0.64212,0,0
2015-07-13,13:00:00,0.64211,0.64273,0.64148,0.6427,0,0
2015-07-13,14:00:00,0.6427,0.64375,0.64258,0.64372,0,0
2015-07-13,15:00:00,0.64368,0.64427,0.64334,0.64389,0,0
2015-07-13,16:00:00,0.64388,0.64424,0.64329,0.64355,0,0
2015-07-13,17:00:00,0.64349,0.64411,0.64315,0.64402,0,0
2015-07-13,18:00:00,0.64406,0.64465,0.64345,0.64446,0,0
2015-07-13,19:00:00,0.64447,0.64518,0.64408,0.6448,0,0
2015-07-13,20:00:00,0.64475,0.64594,0.64474,0.64568,0,0
2015-07-13,21:00:00,0.64562,0.64587,0.64532,0.64587,0,0
2015-07-13,22:00:00,0.64592,0.64592,0.64544,0.64563,0,0
2015-07-13,23:00:00,0.64564,0.64582,0.64544,0.64572,0,0
2015-07-13,23:59:00,0.64572,0.64585,0.64559,0.64564,0,0
2015-07-14,01:00:00,0.64564,0.64578,0.64557,0.64563,0,0
2015-07-14,02:00:00,0.64563,0.6461,0.64552,0.64605,0,0
2015-07-14,03:00:00,0.64604,0.64628,0.64584,0.64611,0,0
2015-07-14,04:00:00,0.64612,0.64613,0.64566,0.64577,0,0
2015-07-14,05:00:00,0.64577,0.64584,0.64554,0.64572,0,0
2015-07-14,06:00:00,0.64571,0.64599,0.64557,0.64563,0,0
2015-07-14,07:00:00,0.64566,0.64595,0.64566,0.64592,0,0
2015-07-14,08:00:00,0.6459,0.64624,0.6459,0.64602,0,0
2015-07-14,09:00:00,0.64602,0.64716,0.64594,0.64669,0,0
2015-07-14,10:00:00,0.64668,0.64714,0.64632,0.64676,0,0
2015-07-14,11:00:00,0.64675,0.64717,0.64592,0.64664,0,0
2015-07-14,12:00:00,0.64653,0.64654,0.64092,0.64169,0,0
2015-07-14,13:00:00,0.64175,0.64222,0.64115,0.64205,0,0
2015-07-14,14:00:00,0.64215,0.64222,0.64158,0.64208,0,0
2015-07-14,15:00:00,0.64204,0.64239,0.63968,0.64079,0,0
2015-07-14,16:00:00,0.64081,0.64179,0.64058,0.64179,0,0
2015-07-14,17:00:00,0.64179,0.64277,0.64179,0.64226,0,0
2015-07-14,18:00:00,0.64227,0.64228,0.64128,0.6417,0,0
2015-07-14,19:00:00,0.6417,0.64182,0.64141,0.64166,0,0
2015-07-14,20:00:00,0.64166,0.6417,0.63971,0.63971,0,0
2015-07-14,21:00:00,0.63967,0.64014,0.63943,0.63969,0,0
2015-07-14,22:00:00,0.63965,0.64003,0.63953,0.63955,0,0
2015-07-14,23:00:00,0.63956,0.63983,0.63954,0.63954,0,0
2015-07-14,23:59:00,0.63955,0.63971,0.63951,0.63969,0,0
2015-07-15,01:00:00,0.63969,0.63974,0.63943,0.6396,0,0
2015-07-15,02:00:00,0.6396,0.63975,0.63955,0.6396,0,0
2015-07-15,03:00:00,0.6396,0.63982,0.63909,0.63918,0,0
2015-07-15,04:00:00,0.63918,0.63938,0.63886,0.63911,0,0
2015-07-15,05:00:00,0.6392,0.63929,0.63888,0.63924,0,0
2015-07-15,06:00:00,0.63925,0.63946,0.63913,0.63915,0,0
2015-07-15,07:00:00,0.63915,0.63941,0.63906,0.63922,0,0
2015-07-15,08:00:00,0.63921,0.63943,0.63903,0.63906,0,0
2015-07-15,09:00:00,0.63908,0.63935,0.63823,0.6384,0,0
2015-07-15,10:00:00,0.63834,0.63894,0.63801,0.63878,0,0
2015-07-15,11:00:00,0.63878,0.64089,0.63859,0.63936,0,0
2015-07-15,12:00:00,0.63934,0.64066,0.6391,0.64035,0,0
2015-07-15,13:00:00,0.64035,0.64042,0.63937,0.63966,0,0
2015-07-15,14:00:00,0.63967,0.64041,0.63951,0.64008,0,0
2015-07-15,15:00:00,0.64007,0.64091,0.63963,0.64078,0,0
2015-07-15,16:00:00,0.64078,0.64165,0.64078,0.64158,0,0
2015-07-15,17:00:00,0.64156,0.64195,0.64016,0.64044,0,0
2015-07-15,18:00:00,0.64037,0.64066,0.63982,0.6402,0,0
2015-07-15,19:00:00,0.64022,0.6405,0.63918,0.63982,0,0
2015-07-15,20:00:00,0.63989,0.64012,0.63911,0.63915,0,0
2015-07-15,21:00:00,0.63915,0.63986,0.63903,0.63982,0,0
2015-07-15,22:00:00,0.63985,0.63993,0.6393,0.63935,0,0
2015-07-15,23:00:00,0.63939,0.63962,0.6393,0.6394,0,0
2015-07-15,23:59:00,0.63938,0.6397,0.63927,0.63961,0,0
2015-07-16,01:00:00,0.63959,0.63972,0.63936,0.6395,0,0
2015-07-16,02:00:00,0.63951,0.64005,0.63937,0.63995,0,0
2015-07-16,03:00:00,0.63993,0.63993,0.63948,0.63981,0,0
2015-07-16,04:00:00,0.63982,0.64059,0.63973,0.64002,0,0
2015-07-16,05:00:00,0.64002,0.64023,0.6397,0.63987,0,0
2015-07-16,06:00:00,0.63986,0.64007,0.63974,0.63995,0,0
2015-07-16,07:00:00,0.63994,0.64019,0.63982,0.64011,0,0
2015-07-16,08:00:00,0.6401,0.6407,0.64004,0.64033,0,0
2015-07-16,09:00:00,0.64031,0.64046,0.63955,0.63979,0,0
2015-07-16,10:00:00,0.63982,0.64027,0.63896,0.64026,0,0
2015-07-16,11:00:00,0.64026,0.64061,0.63986,0.64032,0,0
2015-07-16,12:00:00,0.64032,0.64062,0.63978,0.64038,0,0
2015-07-16,13:00:00,0.6404,0.64059,0.63997,0.6405,0,0
2015-07-16,14:00:00,0.64048,0.64252,0.64018,0.64213,0,0
2015-07-16,15:00:00,0.64214,0.64265,0.64113,0.64159,0,0
2015-07-16,16:00:00,0.64153,0.64153,0.64046,0.64093,0,0
2015-07-16,17:00:00,0.64058,0.64197,0.64023,0.64134,0,0
2015-07-16,18:00:00,0.64134,0.64163,0.64073,0.64106,0,0
2015-07-16,19:00:00,0.64105,0.64105,0.64039,0.64068,0,0
2015-07-16,20:00:00,0.64069,0.64073,0.64026,0.6405,0,0
2015-07-16,21:00:00,0.64047,0.64082,0.63981,0.64075,0,0
2015-07-16,22:00:00,0.64072,0.64078,0.64055,0.6406,0,0
2015-07-16,23:00:00,0.64062,0.64081,0.64049,0.64061,0,0
2015-07-16,23:59:00,0.64062,0.64082,0.6405,0.64081,0,0
2015-07-17,01:00:00,0.64081,0.64081,0.6406,0.64068,0,0
2015-07-17,02:00:00,0.64071,0.64085,0.64052,0.64056,0,0
2015-07-17,03:00:00,0.64058,0.64084,0.64043,0.64084,0,0
2015-07-17,04:00:00,0.64085,0.64089,0.6402,0.64027,0,0
2015-07-17,05:00:00,0.64026,0.64031,0.63944,0.63973,0,0
2015-07-17,06:00:00,0.63974,0.63983,0.63957,0.63981,0,0
2015-07-17,07:00:00,0.63982,0.63999,0.63961,0.63966,0,0
2015-07-17,08:00:00,0.63966,0.64004,0.6395,0.63964,0,0
2015-07-17,09:00:00,0.63966,0.6397,0.63817,0.63839,0,0
2015-07-17,10:00:00,0.6384,0.63874,0.63811,0.63839,0,0
2015-07-17,11:00:00,0.63848,0.63939,0.6383,0.63915,0,0
2015-07-17,12:00:00,0.63914,0.6402,0.63884,0.63971,0,0
2015-07-17,13:00:00,0.6397,0.64091,0.6397,0.64083,0,0
2015-07-17,14:00:00,0.64093,0.64102,0.64001,0.64064,0,0
2015-07-17,15:00:00,0.64064,0.64225,0.64063,0.64177,0,0
2015-07-17,16:00:00,0.64174,0.6428,0.64138,0.642,0,0
2015-07-17,17:00:00,0.64212,0.64262,0.63932,0.63965,0,0
2015-07-17,18:00:00,0.63969,0.6403,0.63928,0.64007,0,0
2015-07-17,19:00:00,0.64006,0.64006,0.63957,0.63989,0,0
2015-07-17,20:00:00,0.63993,0.64102,0.63973,0.6408,0,0
2015-07-17,21:00:00,0.6408,0.6408,0.64028,0.64049,0,0
2015-07-17,22:00:00,0.6405,0.64079,0.64045,0.64077,0,0
2015-07-17,23:00:00,0.64078,0.64078,0.64076,0.64078,0,0
2015-07-20,01:00:00,0.64085,0.64102,0.64054,0.64077,0,0
2015-07-20,02:00:00,0.64077,0.64107,0.64064,0.64087,0,0
2015-07-20,03:00:00,0.64091,0.64097,0.64057,0.64071,0,0
2015-07-20,04:00:00,0.64073,0.6415,0.64071,0.64145,0,0
2015-07-20,05:00:00,0.64145,0.64169,0.64122,0.64163,0,0
2015-07-20,06:00:00,0.64163,0.64172,0.64127,0.64141,0,0
2015-07-20,07:00:00,0.64141,0.64149,0.64118,0.6412,0,0
2015-07-20,08:00:00,0.64126,0.64139,0.64105,0.64122,0,0
2015-07-20,09:00:00,0.64125,0.6413,0.6401,0.6403,0,0
2015-07-20,10:00:00,0.6403,0.6409,0.6399,0.6409,0,0
2015-07-20,11:00:00,0.6409,0.6423,0.6408,0.6421,0,0
2015-07-20,12:00:00,0.6422,0.6436,0.6418,0.6428,0,0
2015-07-20,13:00:00,0.6428,0.6431,0.642,0.6426,0,0
2015-07-20,14:00:00,0.6426,0.6433,0.642,0.6429,0,0
2015-07-20,15:00:00,0.6429,0.643,0.642,0.6424,0,0
2015-07-20,16:00:00,0.6427,0.6431,0.642,0.643,0,0
2015-07-20,17:00:00,0.6428,0.6428,0.64145,0.64145,0,0
2015-07-20,18:00:00,0.64138,0.64177,0.64073,0.64156,0,0
2015-07-20,19:00:00,0.64161,0.64191,0.64112,0.64177,0,0
2015-07-20,20:00:00,0.64182,0.64224,0.64165,0.64215,0,0
2015-07-20,21:00:00,0.64215,0.64238,0.64185,0.64233,0,0
2015-07-20,22:00:00,0.6423,0.64279,0.6423,0.64232,0,0
2015-07-20,23:00:00,0.64233,0.64298,0.64231,0.64252,0,0
2015-07-20,23:59:00,0.64256,0.6428,0.64215,0.64269,0,0
