Date,Time,Open,High,Low,Close,Volume,OpenInt
2015-04-22,01:00:00,3.7133,3.71505,3.71285,3.71285,0,0
2015-04-22,02:00:00,3.71285,3.71539,3.71197,3.71539,0,0
2015-04-22,03:00:00,3.71536,3.72277,3.71536,3.7217,0,0
2015-04-22,04:00:00,3.72184,3.7226,3.71909,3.72107,0,0
2015-04-22,05:00:00,3.72107,3.72236,3.71702,3.71893,0,0
2015-04-22,06:00:00,3.71886,3.72093,3.71862,3.71937,0,0
2015-04-22,07:00:00,3.71937,3.71961,3.71326,3.71538,0,0
2015-04-22,08:00:00,3.71538,3.71791,3.71247,3.71503,0,0
2015-04-22,09:00:00,3.71503,3.71843,3.70068,3.70578,0,0
2015-04-22,10:00:00,3.70574,3.71638,3.70244,3.71553,0,0
2015-04-22,11:00:00,3.71551,3.72376,3.70561,3.71356,0,0
2015-04-22,12:00:00,3.71384,3.71744,3.70644,3.70926,0,0
2015-04-22,13:00:00,3.70922,3.71528,3.7077,3.71239,0,0
2015-04-22,14:00:00,3.71354,3.72422,3.7118,3.72364,0,0
2015-04-22,15:00:00,3.72347,3.73242,3.7195,3.72755,0,0
2015-04-22,16:00:00,3.72722,3.73556,3.72208,3.72302,0,0
2015-04-22,17:00:00,3.72274,3.73119,3.72001,3.72408,0,0
2015-04-22,18:00:00,3.72436,3.72694,3.71674,3.7211,0,0
2015-04-22,19:00:00,3.721,3.72476,3.71734,3.71738,0,0
2015-04-22,20:00:00,3.71748,3.71905,3.71446,3.718,0,0
2015-04-22,21:00:00,3.71801,3.71801,3.7133,3.71405,0,0
2015-04-22,22:00:00,3.71445,3.7191,3.71237,3.71765,0,0
2015-04-22,23:00:00,3.71765,3.71965,3.7167,3.7184,0,0
2015-04-22,23:59:00,3.71855,3.72042,3.71765,3.71969,0,0
2015-04-23,01:00:00,3.71969,3.72172,3.71942,3.72131,0,0
2015-04-23,02:00:00,3.72174,3.72244,3.71989,3.72171,0,0
2015-04-23,03:00:00,3.72169,3.72969,3.72091,3.72829,0,0
2015-04-23,04:00:00,3.72829,3.73308,3.72586,3.73075,0,0
2015-04-23,05:00:00,3.73075,3.73249,3.729,3.729,0,0
2015-04-23,06:00:00,3.729,3.73108,3.72554,3.72722,0,0
2015-04-23,07:00:00,3.7271,3.72785,3.72243,3.72785,0,0
2015-04-23,08:00:00,3.72697,3.72785,3.72141,3.72518,0,0
2015-04-23,09:00:00,3.72467,3.73971,3.72372,3.73758,0,0
2015-04-23,10:00:00,3.73827,3.74977,3.73516,3.74499,0,0
2015-04-23,11:00:00,3.74479,3.74941,3.73252,3.73551,0,0
2015-04-23,12:00:00,3.73527,3.73892,3.72995,3.73097,0,0
2015-04-23,13:00:00,3.73142,3.73935,3.72964,3.73488,0,0
2015-04-23,14:00:00,3.73548,3.74004,3.72549,3.72837,0,0
2015-04-23,15:00:00,3.72734,3.73878,3.72637,3.73013,0,0
2015-04-23,16:00:00,3.73018,3.73696,3.72319,3.72555,0,0
2015-04-23,17:00:00,3.72653,3.72795,3.7024,3.70638,0,0
2015-04-23,18:00:00,3.70603,3.71175,3.70113,3.70733,0,0
2015-04-23,19:00:00,3.70732,3.70732,3.6939,3.6996,0,0
2015-04-23,20:00:00,3.6996,3.70049,3.6905,3.69379,0,0
2015-04-23,21:00:00,3.69365,3.69494,3.68993,3.69436,0,0
2015-04-23,22:00:00,3.69378,3.69702,3.69276,3.69512,0,0
2015-04-23,23:00:00,3.69485,3.69735,3.6927,3.69535,0,0
2015-04-23,23:59:00,3.69445,3.69679,3.69445,3.69631,0,0
2015-04-24,01:00:00,3.69631,3.69828,3.6948,3.69788,0,0
2015-04-24,02:00:00,3.69821,3.70044,3.69592,3.69874,0,0
2015-04-24,03:00:00,3.69874,3.70161,3.69378,3.69421,0,0
2015-04-24,04:00:00,3.69421,3.69922,3.69356,3.69889,0,0
2015-04-24,05:00:00,3.69926,3.70524,3.69839,3.70426,0,0
2015-04-24,06:00:00,3.70435,3.70808,3.7036,3.7057,0,0
2015-04-24,07:00:00,3.70556,3.70607,3.70044,3.70071,0,0
2015-04-24,08:00:00,3.70071,3.70265,3.69784,3.6995,0,0
2015-04-24,09:00:00,3.69915,3.70464,3.68342,3.68637,0,0
2015-04-24,10:00:00,3.68634,3.69117,3.6815,3.68464,0,0
2015-04-24,11:00:00,3.68488,3.69246,3.67843,3.68982,0,0
2015-04-24,12:00:00,3.68957,3.69475,3.68431,3.69472,0,0
2015-04-24,13:00:00,3.69506,3.7086,3.69354,3.70649,0,0
2015-04-24,14:00:00,3.70653,3.71172,3.70125,3.70591,0,0
2015-04-24,15:00:00,3.70585,3.70771,3.69048,3.70009,0,0
2015-04-24,16:00:00,3.7001,3.71636,3.69014,3.71575,0,0
2015-04-24,17:00:00,3.7154,3.7239,3.70315,3.70592,0,0
2015-04-24,18:00:00,3.70559,3.71546,3.69919,3.70797,0,0
2015-04-24,19:00:00,3.70837,3.7221,3.70647,3.7221,0,0
2015-04-24,20:00:00,3.72244,3.72523,3.71898,3.72033,0,0
2015-04-24,21:00:00,3.72183,3.72529,3.71758,3.72096,0,0
2015-04-24,22:00:00,3.72096,3.72114,3.71522,3.71554,0,0
2015-04-24,23:00:00,3.7152,3.71602,3.7152,3.71602,0,0
2015-04-27,01:00:00,3.71279,3.7135,3.71084,3.71196,0,0
2015-04-27,02:00:00,3.71194,3.7142,3.70991,3.71227,0,0
2015-04-27,03:00:00,3.71252,3.71436,3.70942,3.71159,0,0
2015-04-27,04:00:00,3.71146,3.71324,3.7107,3.7121,0,0
2015-04-27,05:00:00,3.7121,3.71413,3.71157,3.71277,0,0
2015-04-27,06:00:00,3.71272,3.72326,3.71221,3.72115,0,0
2015-04-27,07:00:00,3.72115,3.7221,3.71591,3.71664,0,0
2015-04-27,08:00:00,3.71664,3.71754,3.7101,3.71383,0,0
2015-04-27,09:00:00,3.71383,3.72164,3.70838,3.72097,0,0
2015-04-27,10:00:00,3.7208,3.72706,3.70864,3.71695,0,0
2015-04-27,11:00:00,3.71673,3.72126,3.70982,3.71048,0,0
2015-04-27,12:00:00,3.71047,3.71214,3.70135,3.7098,0,0
2015-04-27,13:00:00,3.70972,3.71096,3.69914,3.69914,0,0
2015-04-27,14:00:00,3.69939,3.707,3.69748,3.70266,0,0
2015-04-27,15:00:00,3.70285,3.70378,3.68823,3.68862,0,0
2015-04-27,16:00:00,3.68829,3.69361,3.68166,3.68204,0,0
2015-04-27,17:00:00,3.6823,3.68282,3.66239,3.66239,0,0
2015-04-27,18:00:00,3.66276,3.66418,3.65515,3.66197,0,0
2015-04-27,19:00:00,3.66192,3.66264,3.64954,3.65828,0,0
2015-04-27,20:00:00,3.65793,3.66791,3.65698,3.66755,0,0
2015-04-27,21:00:00,3.6674,3.6679,3.66245,3.66677,0,0
2015-04-27,22:00:00,3.6665,3.66793,3.66299,3.66345,0,0
2015-04-27,23:00:00,3.66347,3.66576,3.66209,3.66245,0,0
2015-04-27,23:59:00,3.66095,3.66505,3.66095,3.66431,0,0
2015-04-28,01:00:00,3.66436,3.66995,3.66262,3.66687,0,0
2015-04-28,02:00:00,3.66682,3.66798,3.6653,3.66702,0,0
2015-04-28,03:00:00,3.66702,3.66885,3.66603,3.66708,0,0
2015-04-28,04:00:00,3.66708,3.66851,3.66453,3.66628,0,0
2015-04-28,05:00:00,3.66628,3.66783,3.66461,3.66668,0,0
2015-04-28,06:00:00,3.6666,3.66775,3.6641,3.66653,0,0
2015-04-28,07:00:00,3.66576,3.66808,3.66572,3.66798,0,0
2015-04-28,08:00:00,3.66798,3.66886,3.66119,3.66397,0,0
2015-04-28,09:00:00,3.66397,3.67279,3.65957,3.67214,0,0
2015-04-28,10:00:00,3.67213,3.67926,3.66171,3.67866,0,0
2015-04-28,11:00:00,3.67933,3.68916,3.67328,3.67449,0,0
2015-04-28,12:00:00,3.67453,3.67662,3.66261,3.66731,0,0
2015-04-28,13:00:00,3.66745,3.66977,3.66061,3.66094,0,0
2015-04-28,14:00:00,3.66132,3.6648,3.65633,3.65897,0,0
2015-04-28,15:00:00,3.65907,3.66532,3.65389,3.6619,0,0
2015-04-28,16:00:00,3.66202,3.66466,3.65146,3.6538,0,0
2015-04-28,17:00:00,3.65249,3.65659,3.64339,3.64536,0,0
2015-04-28,18:00:00,3.64539,3.64788,3.64201,3.64289,0,0
2015-04-28,19:00:00,3.64288,3.64499,3.63798,3.64189,0,0
2015-04-28,20:00:00,3.64165,3.64412,3.63722,3.63797,0,0
2015-04-28,21:00:00,3.63833,3.64345,3.6351,3.64267,0,0
2015-04-28,22:00:00,3.64214,3.64681,3.64068,3.64074,0,0
2015-04-28,23:00:00,3.64067,3.64174,3.63746,3.6391,0,0
2015-04-28,23:59:00,3.63815,3.64115,3.63706,3.63946,0,0
2015-04-29,01:00:00,3.63955,3.64332,3.63807,3.64173,0,0
2015-04-29,02:00:00,3.6417,3.64489,3.6417,3.64464,0,0
2015-04-29,03:00:00,3.64462,3.64462,3.64002,3.64063,0,0
2015-04-29,04:00:00,3.64063,3.64473,3.64039,3.64394,0,0
2015-04-29,05:00:00,3.64394,3.64493,3.64313,3.64467,0,0
2015-04-29,06:00:00,3.64471,3.6456,3.64341,3.64501,0,0
2015-04-29,07:00:00,3.64502,3.64625,3.64395,3.64529,0,0
2015-04-29,08:00:00,3.64496,3.64666,3.643,3.64436,0,0
2015-04-29,09:00:00,3.64436,3.64687,3.64072,3.64345,0,0
2015-04-29,10:00:00,3.64385,3.64873,3.63838,3.6392,0,0
2015-04-29,11:00:00,3.63903,3.64438,3.63636,3.63932,0,0
2015-04-29,12:00:00,3.63939,3.64951,3.63699,3.64546,0,0
2015-04-29,13:00:00,3.6456,3.65016,3.64373,3.64959,0,0
2015-04-29,14:00:00,3.6492,3.65167,3.64464,3.64822,0,0
2015-04-29,15:00:00,3.64853,3.65088,3.63023,3.64372,0,0
2015-04-29,16:00:00,3.64271,3.64635,3.62029,3.62029,0,0
2015-04-29,17:00:00,3.62052,3.62273,3.60031,3.60254,0,0
2015-04-29,18:00:00,3.60203,3.60921,3.58911,3.59447,0,0
2015-04-29,19:00:00,3.59311,3.6076,3.5862,3.60753,0,0
2015-04-29,20:00:00,3.60693,3.60737,3.58766,3.59505,0,0
2015-04-29,21:00:00,3.59518,3.6178,3.59518,3.61005,0,0
2015-04-29,22:00:00,3.60933,3.61513,3.60595,3.60751,0,0
2015-04-29,23:00:00,3.6072,3.60966,3.603,3.6042,0,0
2015-04-29,23:59:00,3.60515,3.60975,3.60379,3.60936,0,0
2015-04-30,01:00:00,3.60856,3.61036,3.60685,3.60788,0,0
2015-04-30,02:00:00,3.60778,3.61045,3.60727,3.60971,0,0
2015-04-30,03:00:00,3.60971,3.60971,3.60578,3.60868,0,0
2015-04-30,04:00:00,3.60868,3.60896,3.60509,3.60553,0,0
2015-04-30,05:00:00,3.60536,3.60977,3.60487,3.60651,0,0
2015-04-30,06:00:00,3.60888,3.61305,3.60641,3.61,0,0
2015-04-30,07:00:00,3.61,3.61315,3.60612,3.60727,0,0
2015-04-30,08:00:00,3.60727,3.62102,3.60727,3.62088,0,0
2015-04-30,09:00:00,3.62355,3.6247,3.61435,3.61687,0,0
2015-04-30,10:00:00,3.61687,3.6276,3.59436,3.59786,0,0
2015-04-30,11:00:00,3.59801,3.5999,3.589,3.59867,0,0
2015-04-30,12:00:00,3.59823,3.6065,3.5948,3.60228,0,0
2015-04-30,13:00:00,3.60228,3.60732,3.59752,3.59778,0,0
2015-04-30,14:00:00,3.59853,3.60241,3.58707,3.59174,0,0
2015-04-30,15:00:00,3.59155,3.61121,3.58629,3.60423,0,0
2015-04-30,16:00:00,3.60463,3.62408,3.60314,3.61753,0,0
2015-04-30,17:00:00,3.6172,3.62307,3.6054,3.60984,0,0
2015-04-30,18:00:00,3.60966,3.62551,3.60324,3.62518,0,0
2015-04-30,19:00:00,3.6252,3.62681,3.60048,3.60232,0,0
2015-04-30,20:00:00,3.60264,3.61405,3.60199,3.61236,0,0
2015-04-30,21:00:00,3.61236,3.61413,3.58959,3.59439,0,0
2015-04-30,22:00:00,3.59397,3.60586,3.59235,3.59925,0,0
2015-04-30,23:00:00,3.59925,3.60485,3.59925,3.60145,0,0
2015-04-30,23:59:00,3.60195,3.6053,3.59915,3.60394,0,0
2015-05-01,01:00:00,3.60422,3.60425,3.59908,3.6034,0,0
2015-05-01,02:00:00,3.6036,3.6042,3.5994,3.60285,0,0
2015-05-01,03:00:00,3.60308,3.60469,3.59852,3.60164,0,0
2015-05-01,04:00:00,3.60164,3.6049,3.59828,3.60155,0,0
2015-05-01,05:00:00,3.60054,3.60475,3.598,3.59982,0,0
2015-05-01,06:00:00,3.59928,3.6071,3.5968,3.59913,0,0
2015-05-01,07:00:00,3.59913,3.60294,3.59539,3.5986,0,0
2015-05-01,08:00:00,3.5985,3.59911,3.59624,3.59676,0,0
2015-05-01,09:00:00,3.59638,3.60285,3.59036,3.5914,0,0
2015-05-01,10:00:00,3.59108,3.59897,3.58568,3.58972,0,0
2015-05-01,11:00:00,3.58928,3.5987,3.58614,3.58968,0,0
2015-05-01,12:00:00,3.5908,3.60203,3.58201,3.60203,0,0
2015-05-01,13:00:00,3.60197,3.6035,3.59074,3.59223,0,0
2015-05-01,14:00:00,3.59246,3.59521,3.58958,3.59517,0,0
2015-05-01,15:00:00,3.59524,3.6079,3.59246,3.60503,0,0
2015-05-01,16:00:00,3.605,3.62214,3.60385,3.60998,0,0
2015-05-01,17:00:00,3.61012,3.63544,3.60518,3.6308,0,0
2015-05-01,18:00:00,3.63069,3.64329,3.62884,3.64021,0,0
2015-05-01,19:00:00,3.64021,3.64563,3.63606,3.64553,0,0
2015-05-01,20:00:00,3.64544,3.64544,3.63217,3.63401,0,0
2015-05-01,21:00:00,3.63401,3.64138,3.63166,3.63913,0,0
2015-05-01,22:00:00,3.63913,3.63913,3.6306,3.63374,0,0
2015-05-01,23:00:00,3.63375,3.63416,3.63237,3.63296,0,0
2015-05-04,01:00:00,3.6345,3.6375,3.63025,3.6352,0,0
2015-05-04,02:00:00,3.63519,3.63721,3.63327,3.63533,0,0
2015-05-04,03:00:00,3.63533,3.63869,3.63296,3.63548,0,0
2015-05-04,04:00:00,3.63545,3.63545,3.63226,3.63273,0,0
2015-05-04,05:00:00,3.63273,3.63646,3.63223,3.63467,0,0
2015-05-04,06:00:00,3.63467,3.6365,3.6337,3.63481,0,0
2015-05-04,07:00:00,3.63436,3.63573,3.63269,3.63351,0,0
2015-05-04,08:00:00,3.63351,3.63501,3.62645,3.6272,0,0
2015-05-04,09:00:00,3.62769,3.62878,3.61463,3.62742,0,0
2015-05-04,10:00:00,3.62742,3.63606,3.62236,3.62529,0,0
2015-05-04,11:00:00,3.62687,3.634,3.6253,3.63216,0,0
2015-05-04,12:00:00,3.63213,3.63536,3.62591,3.63536,0,0
2015-05-04,13:00:00,3.63512,3.63535,3.62774,3.62947,0,0
2015-05-04,14:00:00,3.62964,3.63154,3.62569,3.63017,0,0
2015-05-04,15:00:00,3.63046,3.63245,3.61372,3.61516,0,0
2015-05-04,16:00:00,3.61521,3.61623,3.60302,3.60765,0,0
2015-05-04,17:00:00,3.60802,3.61616,3.60633,3.60676,0,0
2015-05-04,18:00:00,3.60673,3.62124,3.60613,3.62014,0,0
2015-05-04,19:00:00,3.62009,3.62021,3.60738,3.61065,0,0
2015-05-04,20:00:00,3.61065,3.61777,3.61027,3.61581,0,0
2015-05-04,21:00:00,3.61592,3.62234,3.61521,3.61955,0,0
2015-05-04,22:00:00,3.61955,3.61955,3.61364,3.61364,0,0
2015-05-04,23:00:00,3.61378,3.61778,3.61378,3.61531,0,0
2015-05-04,23:59:00,3.61475,3.61625,3.61188,3.6135,0,0
2015-05-05,01:00:00,3.6135,3.61539,3.6122,3.61435,0,0
2015-05-05,02:00:00,3.61429,3.61464,3.61286,3.61362,0,0
2015-05-05,03:00:00,3.61365,3.61562,3.6136,3.61468,0,0
2015-05-05,04:00:00,3.61468,3.61636,3.61305,3.61636,0,0
2015-05-05,05:00:00,3.61636,3.61939,3.61545,3.61849,0,0
2015-05-05,06:00:00,3.61849,3.62109,3.61828,3.62045,0,0
2015-05-05,07:00:00,3.62045,3.62326,3.62001,3.62263,0,0
2015-05-05,08:00:00,3.62261,3.62289,3.61713,3.61999,0,0
2015-05-05,09:00:00,3.61967,3.63541,3.61596,3.63409,0,0
2015-05-05,10:00:00,3.63475,3.6353,3.62589,3.63266,0,0
2015-05-05,11:00:00,3.63277,3.63697,3.61777,3.62072,0,0
2015-05-05,12:00:00,3.62079,3.62466,3.6092,3.61223,0,0
2015-05-05,13:00:00,3.61249,3.61798,3.60824,3.61149,0,0
2015-05-05,14:00:00,3.61158,3.6141,3.606,3.61176,0,0
2015-05-05,15:00:00,3.61179,3.6167,3.59789,3.60409,0,0
2015-05-05,16:00:00,3.60459,3.61727,3.60178,3.60625,0,0
2015-05-05,17:00:00,3.60665,3.62613,3.6018,3.60646,0,0
2015-05-05,18:00:00,3.60651,3.60947,3.60042,3.60814,0,0
2015-05-05,19:00:00,3.60834,3.60834,3.59718,3.5998,0,0
2015-05-05,20:00:00,3.5998,3.60257,3.59382,3.60167,0,0
2015-05-05,21:00:00,3.60167,3.60251,3.59849,3.60142,0,0
2015-05-05,22:00:00,3.60142,3.60286,3.59833,3.60069,0,0
2015-05-05,23:00:00,3.60071,3.6036,3.60059,3.60248,0,0
2015-05-05,23:59:00,3.6027,3.60304,3.6009,3.6023,0,0
2015-05-06,01:00:00,3.60194,3.60444,3.60086,3.60393,0,0
2015-05-06,02:00:00,3.60393,3.60731,3.60366,3.60731,0,0
2015-05-06,03:00:00,3.60731,3.6078,3.60478,3.60644,0,0
2015-05-06,04:00:00,3.60644,3.60796,3.60123,3.60188,0,0
2015-05-06,05:00:00,3.60182,3.60273,3.59285,3.59288,0,0
2015-05-06,06:00:00,3.59289,3.59446,3.58597,3.58933,0,0
2015-05-06,07:00:00,3.58905,3.59168,3.58712,3.58759,0,0
2015-05-06,08:00:00,3.58745,3.59166,3.58588,3.59087,0,0
2015-05-06,09:00:00,3.5904,3.59473,3.58762,3.59247,0,0
2015-05-06,10:00:00,3.59249,3.61266,3.59249,3.61169,0,0
2015-05-06,11:00:00,3.61109,3.61587,3.60322,3.61126,0,0
2015-05-06,12:00:00,3.61088,3.6192,3.60753,3.61505,0,0
2015-05-06,13:00:00,3.61505,3.61568,3.60645,3.60685,0,0
2015-05-06,14:00:00,3.60722,3.60808,3.60278,3.60577,0,0
2015-05-06,15:00:00,3.60571,3.60676,3.58836,3.59296,0,0
2015-05-06,16:00:00,3.59283,3.59771,3.57699,3.57973,0,0
2015-05-06,17:00:00,3.57981,3.58196,3.55622,3.56026,0,0
2015-05-06,18:00:00,3.56117,3.57168,3.55792,3.5601,0,0
2015-05-06,19:00:00,3.56038,3.57083,3.55853,3.57072,0,0
2015-05-06,20:00:00,3.5703,3.5703,3.56288,3.56449,0,0
2015-05-06,21:00:00,3.56479,3.56508,3.55561,3.56443,0,0
2015-05-06,22:00:00,3.56387,3.56729,3.56304,3.5653,0,0
2015-05-06,23:00:00,3.56513,3.5681,3.56427,3.56535,0,0
2015-05-06,23:59:00,3.56565,3.56696,3.56475,3.56665,0,0
2015-05-07,01:00:00,3.56685,3.56773,3.56563,3.56631,0,0
2015-05-07,02:00:00,3.56634,3.56741,3.56472,3.56732,0,0
2015-05-07,03:00:00,3.56732,3.57081,3.56505,3.5699,0,0
2015-05-07,04:00:00,3.5699,3.57157,3.56746,3.57116,0,0
2015-05-07,05:00:00,3.57159,3.57159,3.56722,3.56842,0,0
2015-05-07,06:00:00,3.56842,3.56842,3.56551,3.56676,0,0
2015-05-07,07:00:00,3.56671,3.56787,3.56511,3.566,0,0
2015-05-07,08:00:00,3.566,3.57171,3.56459,3.56707,0,0
2015-05-07,09:00:00,3.56707,3.57755,3.56316,3.57714,0,0
2015-05-07,10:00:00,3.57735,3.58117,3.56588,3.58044,0,0
2015-05-07,11:00:00,3.58041,3.59384,3.57966,3.58242,0,0
2015-05-07,12:00:00,3.58299,3.59143,3.57704,3.58437,0,0
2015-05-07,13:00:00,3.58411,3.59124,3.5807,3.58139,0,0
2015-05-07,14:00:00,3.5813,3.59041,3.5811,3.58489,0,0
2015-05-07,15:00:00,3.58383,3.59149,3.57643,3.58702,0,0
2015-05-07,16:00:00,3.58617,3.59237,3.58233,3.58427,0,0
2015-05-07,17:00:00,3.58411,3.59878,3.58272,3.59469,0,0
2015-05-07,18:00:00,3.59384,3.59708,3.58932,3.59131,0,0
2015-05-07,19:00:00,3.59135,3.59438,3.58799,3.59191,0,0
2015-05-07,20:00:00,3.59189,3.59444,3.58927,3.5921,0,0
2015-05-07,21:00:00,3.5921,3.59409,3.58844,3.59185,0,0
2015-05-07,22:00:00,3.592,3.59405,3.58845,3.59046,0,0
2015-05-07,23:00:00,3.59046,3.59099,3.58895,3.5906,0,0
2015-05-07,23:59:00,3.59155,3.59776,3.5871,3.59509,0,0
2015-05-08,01:00:00,3.5947,3.60142,3.5934,3.59755,0,0
2015-05-08,02:00:00,3.59755,3.59891,3.59487,3.59748,0,0
2015-05-08,03:00:00,3.59748,3.59761,3.5928,3.59643,0,0
2015-05-08,04:00:00,3.59636,3.59923,3.59416,3.59761,0,0
2015-05-08,05:00:00,3.59712,3.60722,3.59712,3.60697,0,0
2015-05-08,06:00:00,3.60697,3.61151,3.60638,3.6096,0,0
2015-05-08,07:00:00,3.60944,3.60964,3.60369,3.60558,0,0
2015-05-08,08:00:00,3.60558,3.60878,3.60173,3.60701,0,0
2015-05-08,09:00:00,3.60915,3.61535,3.60664,3.61088,0,0
2015-05-08,10:00:00,3.61221,3.61686,3.60263,3.60576,0,0
2015-05-08,11:00:00,3.60541,3.61245,3.60081,3.61008,0,0
2015-05-08,12:00:00,3.61017,3.62184,3.60945,3.61884,0,0
2015-05-08,13:00:00,3.61911,3.62788,3.6165,3.62761,0,0
2015-05-08,14:00:00,3.62798,3.63016,3.6234,3.62927,0,0
2015-05-08,15:00:00,3.62953,3.63206,3.60433,3.61015,0,0
2015-05-08,16:00:00,3.61058,3.61424,3.59115,3.60968,0,0
2015-05-08,17:00:00,3.60968,3.62165,3.60668,3.60668,0,0
2015-05-08,18:00:00,3.60682,3.61178,3.59465,3.60236,0,0
2015-05-08,19:00:00,3.60236,3.61225,3.6005,3.60685,0,0
2015-05-08,20:00:00,3.60685,3.60795,3.6011,3.6033,0,0
2015-05-08,21:00:00,3.6034,3.6131,3.6032,3.6107,0,0
2015-05-08,22:00:00,3.61091,3.6111,3.6067,3.60975,0,0
2015-05-11,01:00:00,3.62979,3.63145,3.62341,3.62661,0,0
2015-05-11,02:00:00,3.62661,3.62999,3.62555,3.62688,0,0
2015-05-11,03:00:00,3.6287,3.6381,3.62465,3.6379,0,0
2015-05-11,04:00:00,3.638,3.64275,3.6351,3.6385,0,0
2015-05-11,05:00:00,3.6384,3.64059,3.63475,3.6379,0,0
2015-05-11,06:00:00,3.6378,3.6493,3.6376,3.646,0,0
2015-05-11,07:00:00,3.646,3.6468,3.6428,3.6441,0,0
2015-05-11,08:00:00,3.6441,3.65421,3.64185,3.64285,0,0
2015-05-11,09:00:00,3.64275,3.64685,3.62655,3.62793,0,0
2015-05-11,10:00:00,3.62795,3.65214,3.6263,3.6502,0,0
2015-05-11,11:00:00,3.6501,3.651,3.63965,3.6503,0,0
2015-05-11,12:00:00,3.6506,3.65483,3.6435,3.6491,0,0
2015-05-11,13:00:00,3.64868,3.64868,3.64234,3.64411,0,0
2015-05-11,14:00:00,3.64455,3.65128,3.64295,3.64682,0,0
2015-05-11,15:00:00,3.64668,3.65616,3.64562,3.65193,0,0
2015-05-11,16:00:00,3.65158,3.65158,3.63957,3.64436,0,0
2015-05-11,17:00:00,3.64358,3.64839,3.63807,3.64638,0,0
2015-05-11,18:00:00,3.64587,3.65605,3.64373,3.65377,0,0
2015-05-11,19:00:00,3.65341,3.6612,3.65206,3.65415,0,0
2015-05-11,20:00:00,3.65334,3.65781,3.65008,3.65264,0,0
2015-05-11,21:00:00,3.65264,3.65696,3.65071,3.65496,0,0
2015-05-11,22:00:00,3.65496,3.66428,3.65387,3.6599,0,0
2015-05-11,23:00:00,3.65961,3.66147,3.65707,3.6585,0,0
2015-05-11,23:59:00,3.6582,3.66013,3.65625,3.66005,0,0
2015-05-12,01:00:00,3.66014,3.66155,3.65325,3.66019,0,0
2015-05-12,02:00:00,3.66019,3.66347,3.65991,3.6613,0,0
2015-05-12,03:00:00,3.66127,3.66505,3.6593,3.66324,0,0
2015-05-12,04:00:00,3.66324,3.66435,3.66064,3.66065,0,0
2015-05-12,05:00:00,3.66104,3.66121,3.65447,3.65622,0,0
2015-05-12,06:00:00,3.6559,3.65978,3.65417,3.65918,0,0
2015-05-12,07:00:00,3.65918,3.65918,3.65362,3.6544,0,0
2015-05-12,08:00:00,3.6543,3.65505,3.64825,3.65318,0,0
2015-05-12,09:00:00,3.65395,3.66362,3.6477,3.66329,0,0
2015-05-12,10:00:00,3.66348,3.66602,3.64339,3.64802,0,0
2015-05-12,11:00:00,3.64878,3.64878,3.63956,3.64354,0,0
2015-05-12,12:00:00,3.64303,3.64688,3.63703,3.63938,0,0
2015-05-12,13:00:00,3.63943,3.64093,3.62887,3.63286,0,0
2015-05-12,14:00:00,3.63361,3.65111,3.63235,3.65025,0,0
2015-05-12,15:00:00,3.65017,3.65344,3.64399,3.65107,0,0
2015-05-12,16:00:00,3.65154,3.65635,3.64676,3.64676,0,0
2015-05-12,17:00:00,3.6483,3.65103,3.64218,3.64358,0,0
2015-05-12,18:00:00,3.64346,3.64964,3.643,3.64367,0,0
2015-05-12,19:00:00,3.64435,3.64889,3.63871,3.64807,0,0
2015-05-12,20:00:00,3.64784,3.65436,3.6468,3.65201,0,0
2015-05-12,21:00:00,3.65201,3.65615,3.65111,3.65328,0,0
2015-05-12,22:00:00,3.65328,3.65639,3.65275,3.65471,0,0
2015-05-12,23:00:00,3.65635,3.6587,3.65471,3.65632,0,0
2015-05-12,23:59:00,3.6566,3.65815,3.65119,3.65325,0,0
2015-05-13,01:00:00,3.65325,3.65539,3.65115,3.6527,0,0
2015-05-13,02:00:00,3.65395,3.65405,3.6487,3.6491,0,0
2015-05-13,03:00:00,3.6493,3.6527,3.64585,3.6523,0,0
2015-05-13,04:00:00,3.65285,3.65705,3.65125,3.6541,0,0
2015-05-13,05:00:00,3.6547,3.6551,3.6483,3.64885,0,0
2015-05-13,06:00:00,3.64885,3.64925,3.6457,3.6475,0,0
2015-05-13,07:00:00,3.64755,3.6482,3.6425,3.6447,0,0
2015-05-13,08:00:00,3.6446,3.64925,3.64255,3.64776,0,0
2015-05-13,09:00:00,3.64798,3.65205,3.6334,3.6391,0,0
2015-05-13,10:00:00,3.63935,3.6445,3.6195,3.61985,0,0
2015-05-13,11:00:00,3.62003,3.6313,3.61834,3.62995,0,0
2015-05-13,12:00:00,3.62995,3.63782,3.6256,3.6308,0,0
2015-05-13,13:00:00,3.6308,3.64183,3.62915,3.63721,0,0
2015-05-13,14:00:00,3.63694,3.63896,3.63298,3.63741,0,0
2015-05-13,15:00:00,3.63742,3.64459,3.59582,3.60384,0,0
2015-05-13,16:00:00,3.60434,3.6098,3.59717,3.6037,0,0
2015-05-13,17:00:00,3.60328,3.60963,3.59442,3.60429,0,0
2015-05-13,18:00:00,3.60428,3.60642,3.59607,3.60036,0,0
2015-05-13,19:00:00,3.60033,3.60648,3.5992,3.60374,0,0
2015-05-13,20:00:00,3.604,3.60671,3.59861,3.60606,0,0
2015-05-13,21:00:00,3.60633,3.60757,3.60377,3.60732,0,0
2015-05-13,22:00:00,3.60726,3.61372,3.60726,3.61304,0,0
2015-05-13,23:00:00,3.61304,3.61468,3.60955,3.60996,0,0
2015-05-13,23:59:00,3.6098,3.6122,3.60825,3.61213,0,0
2015-05-14,01:00:00,3.61207,3.61238,3.6075,3.60889,0,0
2015-05-14,02:00:00,3.60894,3.61132,3.60749,3.609,0,0
2015-05-14,03:00:00,3.609,3.6148,3.60742,3.61334,0,0
2015-05-14,04:00:00,3.61334,3.61406,3.60661,3.60762,0,0
2015-05-14,05:00:00,3.60609,3.6099,3.60273,3.60973,0,0
2015-05-14,06:00:00,3.60973,3.60973,3.60101,3.60237,0,0
2015-05-14,07:00:00,3.60237,3.60371,3.60095,3.60313,0,0
2015-05-14,08:00:00,3.60313,3.60542,3.60085,3.60113,0,0
2015-05-14,09:00:00,3.60151,3.60584,3.59327,3.59781,0,0
2015-05-14,10:00:00,3.59731,3.60091,3.5855,3.59646,0,0
2015-05-14,11:00:00,3.59635,3.60063,3.58986,3.59078,0,0
2015-05-14,12:00:00,3.59098,3.59269,3.58317,3.58657,0,0
2015-05-14,13:00:00,3.58641,3.58919,3.57571,3.57829,0,0
2015-05-14,14:00:00,3.57902,3.58387,3.57384,3.57384,0,0
2015-05-14,15:00:00,3.57442,3.57885,3.56717,3.56858,0,0
2015-05-14,16:00:00,3.56934,3.57529,3.56276,3.57065,0,0
2015-05-14,17:00:00,3.57042,3.57744,3.56845,3.57365,0,0
2015-05-14,18:00:00,3.57357,3.58535,3.573,3.57925,0,0
2015-05-14,19:00:00,3.57949,3.58148,3.57452,3.576,0,0
2015-05-14,20:00:00,3.57586,3.58111,3.5729,3.57551,0,0
2015-05-14,21:00:00,3.57606,3.57704,3.56863,3.56916,0,0
2015-05-14,22:00:00,3.56916,3.5692,3.5657,3.56612,0,0
2015-05-14,23:00:00,3.56612,3.56715,3.56354,3.56424,0,0
2015-05-14,23:59:00,3.5641,3.5672,3.56245,3.567,0,0
2015-05-15,01:00:00,3.56675,3.56835,3.56585,3.56715,0,0
2015-05-15,02:00:00,3.56774,3.5724,3.5671,3.56875,0,0
2015-05-15,03:00:00,3.56875,3.57066,3.56647,3.56841,0,0
2015-05-15,04:00:00,3.56851,3.57181,3.56434,3.56668,0,0
2015-05-15,05:00:00,3.56668,3.56705,3.56206,3.56638,0,0
2015-05-15,06:00:00,3.56638,3.56914,3.56524,3.56781,0,0
2015-05-15,07:00:00,3.56781,3.56788,3.56366,3.56503,0,0
2015-05-15,08:00:00,3.56468,3.57614,3.56438,3.57536,0,0
2015-05-15,09:00:00,3.57502,3.57676,3.55903,3.56085,0,0
2015-05-15,10:00:00,3.56042,3.56955,3.55591,3.55836,0,0
2015-05-15,11:00:00,3.55843,3.57412,3.5534,3.57086,0,0
2015-05-15,12:00:00,3.57172,3.57242,3.56269,3.56675,0,0
2015-05-15,13:00:00,3.56766,3.56914,3.56172,3.56779,0,0
2015-05-15,14:00:00,3.56806,3.57136,3.56369,3.56886,0,0
2015-05-15,15:00:00,3.56886,3.57426,3.56275,3.57178,0,0
2015-05-15,16:00:00,3.57166,3.57559,3.56858,3.57026,0,0
2015-05-15,17:00:00,3.56897,3.56897,3.54128,3.54385,0,0
2015-05-15,18:00:00,3.54321,3.5467,3.53811,3.54574,0,0
2015-05-15,19:00:00,3.54574,3.55093,3.54114,3.54114,0,0
2015-05-15,20:00:00,3.54127,3.54229,3.5334,3.53953,0,0
2015-05-15,21:00:00,3.53967,3.53993,3.52825,3.52861,0,0
2015-05-15,22:00:00,3.52857,3.53186,3.52658,3.52956,0,0
2015-05-15,23:00:00,3.52954,3.52954,3.52905,3.52917,0,0
2015-05-18,01:00:00,3.53651,3.53798,3.534,3.5372,0,0
2015-05-18,02:00:00,3.53717,3.53824,3.53513,3.53639,0,0
2015-05-18,03:00:00,3.53639,3.54136,3.53576,3.53776,0,0
2015-05-18,04:00:00,3.53776,3.5428,3.53656,3.53789,0,0
2015-05-18,05:00:00,3.53789,3.5436,3.53525,3.53929,0,0
2015-05-18,06:00:00,3.53929,3.54349,3.53733,3.54195,0,0
2015-05-18,07:00:00,3.54195,3.54355,3.5394,3.5417,0,0
2015-05-18,08:00:00,3.5417,3.54666,3.53925,3.53925,0,0
2015-05-18,09:00:00,3.53925,3.546,3.5341,3.546,0,0
2015-05-18,10:00:00,3.54651,3.55466,3.54298,3.5479,0,0
2015-05-18,11:00:00,3.54735,3.55588,3.54735,3.55232,0,0
2015-05-18,12:00:00,3.55232,3.5642,3.5513,3.55495,0,0
2015-05-18,13:00:00,3.55469,3.56055,3.55344,3.55472,0,0
2015-05-18,14:00:00,3.55471,3.56324,3.55437,3.56031,0,0
2015-05-18,15:00:00,3.56031,3.56944,3.55987,3.56583,0,0
2015-05-18,16:00:00,3.56614,3.58334,3.56354,3.58277,0,0
2015-05-18,17:00:00,3.58294,3.58443,3.57552,3.57966,0,0
2015-05-18,18:00:00,3.5796,3.59248,3.57802,3.59056,0,0
2015-05-18,19:00:00,3.59057,3.59501,3.58425,3.58645,0,0
2015-05-18,20:00:00,3.58659,3.6009,3.58547,3.59892,0,0
2015-05-18,21:00:00,3.59901,3.60517,3.59885,3.60363,0,0
2015-05-18,22:00:00,3.60394,3.60543,3.60039,3.60229,0,0
2015-05-18,23:00:00,3.60229,3.60355,3.59986,3.601,0,0
2015-05-18,23:59:00,3.6001,3.60215,3.6001,3.60146,0,0
2015-05-19,01:00:00,3.60145,3.60375,3.60067,3.6011,0,0
2015-05-19,02:00:00,3.60146,3.60146,3.59796,3.59864,0,0
2015-05-19,03:00:00,3.59864,3.6027,3.59809,3.60185,0,0
2015-05-19,04:00:00,3.60185,3.60971,3.6016,3.60768,0,0
2015-05-19,05:00:00,3.60779,3.6106,3.60652,3.60775,0,0
2015-05-19,06:00:00,3.60771,3.60853,3.60456,3.60474,0,0
2015-05-19,07:00:00,3.60474,3.6066,3.60422,3.60513,0,0
2015-05-19,08:00:00,3.60508,3.60571,3.60005,3.60185,0,0
2015-05-19,09:00:00,3.60211,3.61394,3.59523,3.5966,0,0
2015-05-19,10:00:00,3.59651,3.61892,3.5963,3.61385,0,0
2015-05-19,11:00:00,3.6142,3.6203,3.61367,3.61411,0,0
2015-05-19,12:00:00,3.61588,3.62218,3.60749,3.6167,0,0
2015-05-19,13:00:00,3.61689,3.62163,3.61498,3.61682,0,0
2015-05-19,14:00:00,3.61603,3.62985,3.61512,3.62147,0,0
2015-05-19,15:00:00,3.62091,3.64827,3.61844,3.64378,0,0
2015-05-19,16:00:00,3.64335,3.64981,3.63496,3.64299,0,0
2015-05-19,17:00:00,3.64375,3.65094,3.6419,3.64869,0,0
2015-05-19,18:00:00,3.64887,3.6517,3.63585,3.63632,0,0
2015-05-19,19:00:00,3.63652,3.643,3.6325,3.6325,0,0
2015-05-19,20:00:00,3.63246,3.63931,3.63176,3.63248,0,0
2015-05-19,21:00:00,3.63281,3.63281,3.62869,3.62956,0,0
2015-05-19,22:00:00,3.6299,3.63219,3.62809,3.63158,0,0
2015-05-19,23:00:00,3.63208,3.63507,3.63148,3.6331,0,0
2015-05-19,23:59:00,3.6332,3.63528,3.63225,3.6352,0,0
2015-05-20,01:00:00,3.63523,3.63682,3.63391,3.6353,0,0
2015-05-20,02:00:00,3.63506,3.63619,3.63408,3.63619,0,0
2015-05-20,03:00:00,3.63619,3.64335,3.63481,3.63942,0,0
2015-05-20,04:00:00,3.63942,3.64196,3.6347,3.6363,0,0
2015-05-20,05:00:00,3.6363,3.6363,3.63255,3.63544,0,0
2015-05-20,06:00:00,3.63535,3.63741,3.63469,3.63671,0,0
2015-05-20,07:00:00,3.63671,3.63972,3.63495,3.63874,0,0
2015-05-20,08:00:00,3.63871,3.64895,3.63415,3.64895,0,0
2015-05-20,09:00:00,3.6502,3.65973,3.6448,3.6545,0,0
2015-05-20,10:00:00,3.65448,3.65873,3.64914,3.65281,0,0
2015-05-20,11:00:00,3.65283,3.65553,3.64672,3.65525,0,0
2015-05-20,12:00:00,3.65513,3.6555,3.64585,3.64744,0,0
2015-05-20,13:00:00,3.64762,3.65869,3.64173,3.65765,0,0
2015-05-20,14:00:00,3.6578,3.65882,3.64985,3.65022,0,0
2015-05-20,15:00:00,3.65018,3.65991,3.65009,3.65696,0,0
2015-05-20,16:00:00,3.65715,3.6751,3.65715,3.6745,0,0
2015-05-20,17:00:00,3.67456,3.68221,3.67132,3.67566,0,0
2015-05-20,18:00:00,3.67577,3.68645,3.67577,3.6856,0,0
2015-05-20,19:00:00,3.68678,3.68874,3.6776,3.67785,0,0
2015-05-20,20:00:00,3.67813,3.68195,3.67415,3.675,0,0
2015-05-20,21:00:00,3.675,3.68428,3.66006,3.66787,0,0
2015-05-20,22:00:00,3.66787,3.6761,3.6631,3.67219,0,0
2015-05-20,23:00:00,3.67225,3.67486,3.67015,3.67415,0,0
2015-05-20,23:59:00,3.6746,3.68035,3.6715,3.67959,0,0
2015-05-21,01:00:00,3.67959,3.68435,3.67735,3.67875,0,0
2015-05-21,02:00:00,3.67936,3.68135,3.67745,3.67758,0,0
2015-05-21,03:00:00,3.6776,3.6776,3.67313,3.6737,0,0
2015-05-21,04:00:00,3.67411,3.67643,3.66913,3.67409,0,0
2015-05-21,05:00:00,3.67392,3.674,3.66909,3.67309,0,0
2015-05-21,06:00:00,3.67309,3.67618,3.67216,3.67388,0,0
2015-05-21,07:00:00,3.67388,3.67555,3.67115,3.67378,0,0
2015-05-21,08:00:00,3.67323,3.6759,3.67155,3.67524,0,0
2015-05-21,09:00:00,3.67547,3.68732,3.67317,3.67593,0,0
2015-05-21,10:00:00,3.678,3.67924,3.66281,3.66959,0,0
2015-05-21,11:00:00,3.67017,3.67017,3.65447,3.66158,0,0
2015-05-21,12:00:00,3.66178,3.66882,3.66144,3.66882,0,0
2015-05-21,13:00:00,3.66955,3.6732,3.66522,3.66744,0,0
2015-05-21,14:00:00,3.66746,3.67996,3.66722,3.67943,0,0
2015-05-21,15:00:00,3.67956,3.6936,3.67403,3.69007,0,0
2015-05-21,16:00:00,3.69097,3.69337,3.68137,3.6903,0,0
2015-05-21,17:00:00,3.69128,3.69192,3.67875,3.68182,0,0
2015-05-21,18:00:00,3.68153,3.68581,3.67701,3.68135,0,0
2015-05-21,19:00:00,3.68115,3.68186,3.67538,3.67618,0,0
2015-05-21,20:00:00,3.67608,3.68454,3.67508,3.68438,0,0
2015-05-21,21:00:00,3.68449,3.68576,3.67881,3.68123,0,0
2015-05-21,22:00:00,3.68073,3.68678,3.68044,3.68637,0,0
2015-05-21,23:00:00,3.68637,3.68787,3.68596,3.68694,0,0
2015-05-21,23:59:00,3.68675,3.68775,3.68093,3.68379,0,0
2015-05-22,01:00:00,3.68399,3.68588,3.68296,3.68395,0,0
2015-05-22,02:00:00,3.68507,3.6853,3.68332,3.68373,0,0
2015-05-22,03:00:00,3.68392,3.68442,3.6807,3.68327,0,0
2015-05-22,04:00:00,3.68327,3.68341,3.679,3.68162,0,0
2015-05-22,05:00:00,3.68162,3.6819,3.67666,3.68044,0,0
2015-05-22,06:00:00,3.68044,3.68119,3.67517,3.67529,0,0
2015-05-22,07:00:00,3.67538,3.6785,3.67404,3.67783,0,0
2015-05-22,08:00:00,3.67768,3.68013,3.67408,3.67564,0,0
2015-05-22,09:00:00,3.67463,3.67537,3.66673,3.67186,0,0
2015-05-22,10:00:00,3.67186,3.67378,3.66573,3.669,0,0
2015-05-22,11:00:00,3.66901,3.67175,3.66257,3.66885,0,0
2015-05-22,12:00:00,3.66921,3.67054,3.66042,3.66336,0,0
2015-05-22,13:00:00,3.66375,3.66706,3.66156,3.66286,0,0
2015-05-22,14:00:00,3.66285,3.67534,3.66235,3.67146,0,0
2015-05-22,15:00:00,3.67142,3.70403,3.66989,3.701,0,0
2015-05-22,16:00:00,3.7011,3.72299,3.7011,3.71494,0,0
2015-05-22,17:00:00,3.71489,3.7253,3.71489,3.71993,0,0
2015-05-22,18:00:00,3.72044,3.72655,3.71556,3.71955,0,0
2015-05-22,19:00:00,3.71971,3.7209,3.71579,3.7185,0,0
2015-05-22,20:00:00,3.71956,3.73195,3.71843,3.73052,0,0
2015-05-22,21:00:00,3.73048,3.73415,3.72901,3.73118,0,0
2015-05-22,22:00:00,3.73118,3.73346,3.7296,3.73211,0,0
2015-05-22,23:00:00,3.73187,3.73187,3.73072,3.73072,0,0
2015-05-25,01:00:00,3.76082,3.76198,3.75149,3.75532,0,0
2015-05-25,02:00:00,3.75514,3.76009,3.75219,3.75805,0,0
2015-05-25,03:00:00,3.75805,3.76492,3.75477,3.76282,0,0
2015-05-25,04:00:00,3.76251,3.76402,3.75996,3.76127,0,0
2015-05-25,05:00:00,3.76085,3.76192,3.75886,3.75962,0,0
2015-05-25,06:00:00,3.75964,3.76058,3.75683,3.76001,0,0
2015-05-25,07:00:00,3.76,3.76101,3.7591,3.75985,0,0
2015-05-25,08:00:00,3.75994,3.7629,3.75857,3.76041,0,0
2015-05-25,09:00:00,3.76035,3.7605,3.74998,3.75028,0,0
2015-05-25,10:00:00,3.7499,3.75371,3.73897,3.75176,0,0
2015-05-25,11:00:00,3.75176,3.75617,3.74819,3.74959,0,0
2015-05-25,12:00:00,3.74966,3.75049,3.74469,3.7471,0,0
2015-05-25,13:00:00,3.74718,3.7491,3.74115,3.74237,0,0
2015-05-25,14:00:00,3.74273,3.74376,3.7414,3.74231,0,0
2015-05-25,15:00:00,3.74231,3.74257,3.73425,3.7365,0,0
2015-05-25,16:00:00,3.73646,3.73912,3.73461,3.73882,0,0
2015-05-25,17:00:00,3.73882,3.74344,3.73771,3.74057,0,0
2015-05-25,18:00:00,3.74057,3.74139,3.73775,3.74088,0,0
2015-05-25,19:00:00,3.74106,3.74171,3.73688,3.73726,0,0
2015-05-25,20:00:00,3.7359,3.73907,3.7359,3.73907,0,0
2015-05-25,21:00:00,3.73907,3.73907,3.7363,3.73757,0,0
2015-05-25,22:00:00,3.73757,3.73949,3.73718,3.73841,0,0
2015-05-25,23:00:00,3.73844,3.74032,3.7378,3.73915,0,0
2015-05-25,23:59:00,3.73845,3.73957,3.73709,3.7378,0,0
2015-05-26,01:00:00,3.7378,3.73885,3.7373,3.73791,0,0
2015-05-26,02:00:00,3.7378,3.74224,3.737,3.74157,0,0
2015-05-26,03:00:00,3.74157,3.75145,3.74094,3.74881,0,0
2015-05-26,04:00:00,3.74881,3.75204,3.7466,3.75091,0,0
2015-05-26,05:00:00,3.75091,3.75128,3.74434,3.74606,0,0
2015-05-26,06:00:00,3.74606,3.75077,3.74581,3.7486,0,0
2015-05-26,07:00:00,3.74852,3.75271,3.74774,3.7527,0,0
2015-05-26,08:00:00,3.7527,3.75552,3.75153,3.75375,0,0
2015-05-26,09:00:00,3.7541,3.77822,3.75175,3.77659,0,0
2015-05-26,10:00:00,3.77696,3.77976,3.76705,3.77972,0,0
2015-05-26,11:00:00,3.77991,3.79193,3.77905,3.79036,0,0
2015-05-26,12:00:00,3.79014,3.79709,3.78357,3.7895,0,0
2015-05-26,13:00:00,3.78921,3.79763,3.78845,3.79323,0,0
2015-05-26,14:00:00,3.79269,3.79328,3.78453,3.78505,0,0
2015-05-26,15:00:00,3.78458,3.80801,3.78322,3.79851,0,0
2015-05-26,16:00:00,3.79977,3.80135,3.78867,3.7978,0,0
2015-05-26,17:00:00,3.79814,3.81598,3.79814,3.80303,0,0
2015-05-26,18:00:00,3.80329,3.81518,3.80157,3.81518,0,0
2015-05-26,19:00:00,3.81514,3.8163,3.81054,3.81304,0,0
2015-05-26,20:00:00,3.81312,3.82105,3.81137,3.81954,0,0
2015-05-26,21:00:00,3.81883,3.82007,3.81571,3.81987,0,0
2015-05-26,22:00:00,3.82018,3.82271,3.81269,3.81585,0,0
2015-05-26,23:00:00,3.81617,3.81775,3.81301,3.81705,0,0
2015-05-26,23:59:00,3.8178,3.8178,3.81178,3.81454,0,0
2015-05-27,01:00:00,3.81447,3.81448,3.80936,3.80994,0,0
2015-05-27,02:00:00,3.81002,3.81223,3.80898,3.8097,0,0
2015-05-27,03:00:00,3.8097,3.81833,3.80882,3.81255,0,0
2015-05-27,04:00:00,3.81308,3.81996,3.81274,3.81925,0,0
2015-05-27,05:00:00,3.81935,3.81936,3.81366,3.81529,0,0
2015-05-27,06:00:00,3.81547,3.81601,3.81138,3.81374,0,0
2015-05-27,07:00:00,3.81374,3.816,3.8115,3.81256,0,0
2015-05-27,08:00:00,3.81259,3.81259,3.80098,3.80166,0,0
2015-05-27,09:00:00,3.80233,3.80572,3.78676,3.79101,0,0
2015-05-27,10:00:00,3.79132,3.79491,3.77848,3.78015,0,0
2015-05-27,11:00:00,3.78014,3.79253,3.77633,3.79067,0,0
2015-05-27,12:00:00,3.79096,3.80204,3.78586,3.79525,0,0
2015-05-27,13:00:00,3.79571,3.80413,3.79332,3.80263,0,0
2015-05-27,14:00:00,3.80114,3.80631,3.79727,3.80545,0,0
2015-05-27,15:00:00,3.8056,3.82131,3.79876,3.82077,0,0
2015-05-27,16:00:00,3.82074,3.826,3.79191,3.80361,0,0
2015-05-27,17:00:00,3.8035,3.80462,3.78708,3.7962,0,0
2015-05-27,18:00:00,3.79593,3.80225,3.78202,3.79318,0,0
2015-05-27,19:00:00,3.79305,3.79437,3.7906,3.79324,0,0
2015-05-27,20:00:00,3.79273,3.79373,3.78681,3.78681,0,0
2015-05-27,21:00:00,3.78681,3.79218,3.78681,3.78985,0,0
2015-05-27,22:00:00,3.7899,3.79288,3.78496,3.78646,0,0
2015-05-27,23:00:00,3.78686,3.78736,3.78313,3.78635,0,0
2015-05-27,23:59:00,3.78655,3.78786,3.78345,3.78786,0,0
2015-05-28,01:00:00,3.78784,3.78945,3.78482,3.78584,0,0
2015-05-28,02:00:00,3.78584,3.78847,3.78576,3.78831,0,0
2015-05-28,03:00:00,3.78836,3.79104,3.7805,3.78395,0,0
2015-05-28,04:00:00,3.78383,3.78601,3.78053,3.78371,0,0
2015-05-28,05:00:00,3.78337,3.78979,3.78062,3.78979,0,0
2015-05-28,06:00:00,3.78974,3.78986,3.78343,3.78514,0,0
2015-05-28,07:00:00,3.78507,3.78672,3.78072,3.78117,0,0
2015-05-28,08:00:00,3.78117,3.78309,3.77764,3.78014,0,0
2015-05-28,09:00:00,3.78029,3.78625,3.76901,3.77303,0,0
2015-05-28,10:00:00,3.77323,3.78539,3.77266,3.77601,0,0
2015-05-28,11:00:00,3.77582,3.78814,3.77451,3.784,0,0
2015-05-28,12:00:00,3.78289,3.79059,3.78259,3.78725,0,0
2015-05-28,13:00:00,3.78724,3.78817,3.77789,3.78089,0,0
2015-05-28,14:00:00,3.7818,3.7956,3.77997,3.79334,0,0
2015-05-28,15:00:00,3.79352,3.79488,3.77775,3.7864,0,0
2015-05-28,16:00:00,3.78649,3.8054,3.78649,3.80153,0,0
2015-05-28,17:00:00,3.80212,3.80848,3.78859,3.79347,0,0
2015-05-28,18:00:00,3.79423,3.79778,3.79259,3.79532,0,0
2015-05-28,19:00:00,3.79527,3.80381,3.78623,3.78945,0,0
2015-05-28,20:00:00,3.78921,3.78921,3.78177,3.78699,0,0
2015-05-28,21:00:00,3.78724,3.79067,3.77863,3.78006,0,0
2015-05-28,22:00:00,3.78004,3.78871,3.77908,3.78506,0,0
2015-05-28,23:00:00,3.78519,3.78546,3.7821,3.7829,0,0
2015-05-28,23:59:00,3.78205,3.78225,3.7741,3.7787,0,0
2015-05-29,01:00:00,3.77877,3.78075,3.77539,3.7771,0,0
2015-05-29,02:00:00,3.7774,3.7802,3.77555,3.77776,0,0
2015-05-29,03:00:00,3.77745,3.78119,3.77665,3.78116,0,0
2015-05-29,04:00:00,3.78116,3.78184,3.77764,3.77892,0,0
2015-05-29,05:00:00,3.77898,3.78305,3.77757,3.7821,0,0
2015-05-29,06:00:00,3.7822,3.78235,3.77152,3.77152,0,0
2015-05-29,07:00:00,3.77138,3.77185,3.75834,3.76632,0,0
2015-05-29,08:00:00,3.76678,3.7706,3.76604,3.7674,0,0
2015-05-29,09:00:00,3.7681,3.78439,3.76441,3.78439,0,0
2015-05-29,10:00:00,3.78352,3.78449,3.77233,3.77332,0,0
2015-05-29,11:00:00,3.77371,3.77591,3.7653,3.76884,0,0
2015-05-29,12:00:00,3.76976,3.77155,3.7512,3.7546,0,0
2015-05-29,13:00:00,3.75464,3.76561,3.75412,3.76475,0,0
2015-05-29,14:00:00,3.76429,3.76554,3.75618,3.75841,0,0
2015-05-29,15:00:00,3.75867,3.7736,3.75599,3.76114,0,0
2015-05-29,16:00:00,3.76089,3.76333,3.74865,3.74962,0,0
2015-05-29,17:00:00,3.74999,3.76004,3.74887,3.75511,0,0
2015-05-29,18:00:00,3.75506,3.75637,3.73698,3.73698,0,0
2015-05-29,19:00:00,3.7376,3.74603,3.73507,3.74603,0,0
2015-05-29,20:00:00,3.7461,3.7461,3.739,3.74204,0,0
2015-05-29,21:00:00,3.74206,3.74463,3.7404,3.7439,0,0
2015-05-29,22:00:00,3.74351,3.74453,3.74135,3.74288,0,0
2015-05-29,23:00:00,3.74288,3.74375,3.74288,3.74375,0,0
2015-06-01,01:00:00,3.74242,3.74837,3.74235,3.74679,0,0
2015-06-01,02:00:00,3.74679,3.75256,3.74679,3.75082,0,0
2015-06-01,03:00:00,3.75082,3.75872,3.74958,3.75602,0,0
2015-06-01,04:00:00,3.7561,3.76045,3.75452,3.75636,0,0
2015-06-01,05:00:00,3.75636,3.75713,3.75247,3.7533,0,0
2015-06-01,06:00:00,3.7533,3.75437,3.75172,3.75367,0,0
2015-06-01,07:00:00,3.75367,3.75404,3.74855,3.75051,0,0
2015-06-01,08:00:00,3.75051,3.75266,3.74822,3.75239,0,0
2015-06-01,09:00:00,3.75224,3.76109,3.75106,3.75847,0,0
2015-06-01,10:00:00,3.75874,3.77393,3.75428,3.77325,0,0
2015-06-01,11:00:00,3.77334,3.78892,3.77171,3.78551,0,0
2015-06-01,12:00:00,3.78597,3.78859,3.77852,3.78052,0,0
2015-06-01,13:00:00,3.78048,3.78886,3.77503,3.78093,0,0
2015-06-01,14:00:00,3.78094,3.78329,3.7697,3.77436,0,0
2015-06-01,15:00:00,3.77466,3.77925,3.7617,3.76523,0,0
2015-06-01,16:00:00,3.76399,3.76765,3.7604,3.76254,0,0
2015-06-01,17:00:00,3.76287,3.78435,3.76287,3.78041,0,0
2015-06-01,18:00:00,3.78055,3.78624,3.7775,3.7804,0,0
2015-06-01,19:00:00,3.7804,3.78422,3.77484,3.77571,0,0
2015-06-01,20:00:00,3.77494,3.77542,3.76333,3.76764,0,0
2015-06-01,21:00:00,3.76764,3.77084,3.76349,3.76385,0,0
2015-06-01,22:00:00,3.76375,3.76807,3.76101,3.76807,0,0
2015-06-01,23:00:00,3.7682,3.7683,3.76375,3.7666,0,0
2015-06-01,23:59:00,3.76825,3.7706,3.7634,3.76908,0,0
2015-06-02,01:00:00,3.76879,3.76888,3.76593,3.76624,0,0
2015-06-02,02:00:00,3.76624,3.77151,3.76624,3.76993,0,0
2015-06-02,03:00:00,3.76989,3.77027,3.76625,3.76737,0,0
2015-06-02,04:00:00,3.76737,3.76995,3.7665,3.76849,0,0
2015-06-02,05:00:00,3.76849,3.77103,3.76794,3.76832,0,0
2015-06-02,06:00:00,3.76832,3.76881,3.76657,3.76806,0,0
2015-06-02,07:00:00,3.76806,3.76999,3.76509,3.76518,0,0
2015-06-02,08:00:00,3.76518,3.76751,3.76234,3.76665,0,0
2015-06-02,09:00:00,3.76657,3.77241,3.75638,3.7592,0,0
2015-06-02,10:00:00,3.75928,3.77045,3.7541,3.76987,0,0
2015-06-02,11:00:00,3.77093,3.77169,3.76483,3.76678,0,0
2015-06-02,12:00:00,3.7664,3.77222,3.7625,3.76454,0,0
2015-06-02,13:00:00,3.7645,3.76494,3.74624,3.75227,0,0
2015-06-02,14:00:00,3.7527,3.7527,3.73835,3.7462,0,0
2015-06-02,15:00:00,3.7462,3.74798,3.73201,3.7323,0,0
2015-06-02,16:00:00,3.73226,3.73226,3.69071,3.71111,0,0
2015-06-02,17:00:00,3.71111,3.71412,3.69719,3.70195,0,0
2015-06-02,18:00:00,3.70155,3.70908,3.70055,3.70562,0,0
2015-06-02,19:00:00,3.70562,3.70562,3.69154,3.69159,0,0
2015-06-02,20:00:00,3.69129,3.6922,3.68716,3.68778,0,0
2015-06-02,21:00:00,3.68744,3.69292,3.68527,3.69,0,0
2015-06-02,22:00:00,3.68834,3.69786,3.68834,3.6968,0,0
2015-06-02,23:00:00,3.69672,3.69792,3.69358,3.6945,0,0
2015-06-02,23:59:00,3.6951,3.6961,3.6927,3.6941,0,0
2015-06-03,01:00:00,3.69425,3.6954,3.6923,3.69405,0,0
2015-06-03,02:00:00,3.69405,3.69522,3.69192,3.69487,0,0
2015-06-03,03:00:00,3.69523,3.69975,3.69441,3.69665,0,0
2015-06-03,04:00:00,3.69676,3.69713,3.68596,3.68614,0,0
2015-06-03,05:00:00,3.68619,3.69299,3.68614,3.69116,0,0
2015-06-03,06:00:00,3.69116,3.69387,3.69035,3.69223,0,0
2015-06-03,07:00:00,3.69223,3.69247,3.68667,3.69004,0,0
2015-06-03,08:00:00,3.69004,3.69063,3.68202,3.68632,0,0
2015-06-03,09:00:00,3.68632,3.6958,3.68498,3.69417,0,0
2015-06-03,10:00:00,3.69417,3.71238,3.69395,3.70235,0,0
2015-06-03,11:00:00,3.70225,3.71148,3.6952,3.71084,0,0
2015-06-03,12:00:00,3.71067,3.71731,3.7068,3.71239,0,0
2015-06-03,13:00:00,3.71239,3.7153,3.70801,3.71246,0,0
2015-06-03,14:00:00,3.71262,3.71543,3.70798,3.71197,0,0
2015-06-03,15:00:00,3.71197,3.72337,3.70092,3.71145,0,0
2015-06-03,16:00:00,3.71182,3.71304,3.68521,3.69471,0,0
2015-06-03,17:00:00,3.69435,3.69784,3.68128,3.68755,0,0
2015-06-03,18:00:00,3.68762,3.69003,3.68284,3.6833,0,0
2015-06-03,19:00:00,3.68353,3.69468,3.68294,3.69305,0,0
2015-06-03,20:00:00,3.6929,3.69651,3.68875,3.69525,0,0
2015-06-03,21:00:00,3.69524,3.70229,3.69366,3.69999,0,0
2015-06-03,22:00:00,3.69955,3.7009,3.69179,3.69295,0,0
2015-06-03,23:00:00,3.69275,3.6938,3.69175,3.6924,0,0
2015-06-03,23:59:00,3.6928,3.6958,3.6928,3.6955,0,0
2015-06-04,01:00:00,3.69555,3.69896,3.69406,3.6954,0,0
2015-06-04,02:00:00,3.69575,3.69861,3.69433,3.69509,0,0
2015-06-04,03:00:00,3.69509,3.69717,3.69393,3.69513,0,0
2015-06-04,04:00:00,3.69513,3.69699,3.69258,3.69476,0,0
2015-06-04,05:00:00,3.69516,3.69535,3.69182,3.69275,0,0
2015-06-04,06:00:00,3.6935,3.6935,3.68989,3.69168,0,0
2015-06-04,07:00:00,3.69201,3.6948,3.69076,3.69246,0,0
2015-06-04,08:00:00,3.69252,3.69534,3.69101,3.69404,0,0
2015-06-04,09:00:00,3.69435,3.70238,3.6907,3.70066,0,0
2015-06-04,10:00:00,3.70066,3.70739,3.69656,3.70526,0,0
2015-06-04,11:00:00,3.70526,3.70681,3.68046,3.69046,0,0
2015-06-04,12:00:00,3.68994,3.69489,3.682,3.68326,0,0
2015-06-04,13:00:00,3.68361,3.68815,3.6813,3.6835,0,0
2015-06-04,14:00:00,3.68349,3.69052,3.6778,3.682,0,0
2015-06-04,15:00:00,3.68165,3.69406,3.68084,3.69244,0,0
2015-06-04,16:00:00,3.69253,3.70585,3.69173,3.6937,0,0
2015-06-04,17:00:00,3.6937,3.69575,3.68634,3.68807,0,0
2015-06-04,18:00:00,3.68807,3.69536,3.68593,3.6909,0,0
2015-06-04,19:00:00,3.6906,3.6938,3.67592,3.68603,0,0
2015-06-04,20:00:00,3.68625,3.71219,3.68433,3.70848,0,0
2015-06-04,21:00:00,3.70823,3.71101,3.70533,3.70917,0,0
2015-06-04,22:00:00,3.70895,3.71561,3.70714,3.71267,0,0
2015-06-04,23:00:00,3.71265,3.71364,3.70996,3.7123,0,0
2015-06-04,23:59:00,3.7125,3.72074,3.7094,3.71588,0,0
2015-06-05,01:00:00,3.71584,3.72335,3.71253,3.71885,0,0
2015-06-05,02:00:00,3.7188,3.72466,3.71608,3.71677,0,0
2015-06-05,03:00:00,3.71677,3.7187,3.71199,3.71594,0,0
2015-06-05,04:00:00,3.71583,3.7226,3.71445,3.71874,0,0
2015-06-05,05:00:00,3.71841,3.72115,3.71672,3.7176,0,0
2015-06-05,06:00:00,3.7176,3.7214,3.71502,3.71531,0,0
2015-06-05,07:00:00,3.71532,3.71784,3.71311,3.7165,0,0
2015-06-05,08:00:00,3.7165,3.71856,3.71438,3.71531,0,0
2015-06-05,09:00:00,3.71522,3.7166,3.70036,3.70036,0,0
2015-06-05,10:00:00,3.70115,3.70395,3.69066,3.6949,0,0
2015-06-05,11:00:00,3.69453,3.70022,3.69149,3.69416,0,0
2015-06-05,12:00:00,3.6948,3.69799,3.68124,3.68831,0,0
2015-06-05,13:00:00,3.68821,3.69857,3.68705,3.6978,0,0
2015-06-05,14:00:00,3.6977,3.69815,3.69113,3.6921,0,0
2015-06-05,15:00:00,3.69216,3.75881,3.69049,3.75059,0,0
2015-06-05,16:00:00,3.75061,3.76638,3.74572,3.75534,0,0
2015-06-05,17:00:00,3.75595,3.75597,3.73346,3.7443,0,0
2015-06-05,18:00:00,3.74218,3.746,3.73358,3.74347,0,0
2015-06-05,19:00:00,3.74261,3.75126,3.73868,3.74074,0,0
2015-06-05,20:00:00,3.74065,3.74095,3.73254,3.73745,0,0
2015-06-05,21:00:00,3.7376,3.74092,3.72809,3.7353,0,0
2015-06-05,22:00:00,3.7353,3.74379,3.73391,3.74379,0,0
2015-06-05,23:00:00,3.74385,3.74442,3.74385,3.74407,0,0
2015-06-08,01:00:00,3.74373,3.74534,3.74175,3.74373,0,0
2015-06-08,02:00:00,3.74373,3.74508,3.73857,3.74471,0,0
2015-06-08,03:00:00,3.7447,3.75561,3.7398,3.75561,0,0
2015-06-08,04:00:00,3.75574,3.75574,3.74699,3.74967,0,0
2015-06-08,05:00:00,3.74967,3.75228,3.74745,3.74869,0,0
2015-06-08,06:00:00,3.74869,3.74989,3.74665,3.74769,0,0
2015-06-08,07:00:00,3.7477,3.75049,3.74698,3.7483,0,0
2015-06-08,08:00:00,3.74768,3.74831,3.74384,3.74429,0,0
2015-06-08,09:00:00,3.74115,3.75551,3.72505,3.73581,0,0
2015-06-08,10:00:00,3.73616,3.73616,3.72178,3.7228,0,0
2015-06-08,11:00:00,3.72304,3.73868,3.7229,3.73756,0,0
2015-06-08,12:00:00,3.73768,3.74,3.73233,3.7359,0,0
2015-06-08,13:00:00,3.73623,3.73954,3.73352,3.7357,0,0
2015-06-08,14:00:00,3.73545,3.73736,3.71671,3.72227,0,0
2015-06-08,15:00:00,3.72207,3.72461,3.7093,3.71862,0,0
2015-06-08,16:00:00,3.71871,3.72198,3.70908,3.72089,0,0
2015-06-08,17:00:00,3.72143,3.72675,3.71435,3.72466,0,0
2015-06-08,18:00:00,3.72474,3.72619,3.71022,3.71301,0,0
2015-06-08,19:00:00,3.71291,3.71623,3.71129,3.71561,0,0
2015-06-08,20:00:00,3.71567,3.71631,3.70135,3.70481,0,0
2015-06-08,21:00:00,3.70501,3.70534,3.69588,3.70067,0,0
2015-06-08,22:00:00,3.70044,3.70099,3.69525,3.69686,0,0
2015-06-08,23:00:00,3.69686,3.69848,3.69307,3.6983,0,0
2015-06-08,23:59:00,3.69897,3.70265,3.6968,3.7019,0,0
2015-06-09,01:00:00,3.70172,3.70172,3.69924,3.70073,0,0
2015-06-09,02:00:00,3.70073,3.7029,3.70014,3.70192,0,0
2015-06-09,03:00:00,3.70188,3.70393,3.70066,3.70168,0,0
2015-06-09,04:00:00,3.70204,3.70209,3.68562,3.68814,0,0
2015-06-09,05:00:00,3.68814,3.69091,3.68661,3.68881,0,0
2015-06-09,06:00:00,3.68881,3.69267,3.68709,3.69184,0,0
2015-06-09,07:00:00,3.69231,3.69527,3.69124,3.69485,0,0
2015-06-09,08:00:00,3.69485,3.6949,3.68353,3.6846,0,0
2015-06-09,09:00:00,3.6843,3.69525,3.6843,3.69165,0,0
2015-06-09,10:00:00,3.69097,3.70072,3.68709,3.69448,0,0
2015-06-09,11:00:00,3.6945,3.70069,3.68849,3.69717,0,0
2015-06-09,12:00:00,3.69636,3.70076,3.69051,3.69954,0,0
2015-06-09,13:00:00,3.69977,3.70435,3.69639,3.70026,0,0
2015-06-09,14:00:00,3.69932,3.70898,3.69506,3.70787,0,0
2015-06-09,15:00:00,3.70767,3.71814,3.70134,3.71396,0,0
2015-06-09,16:00:00,3.71366,3.71504,3.70194,3.70507,0,0
2015-06-09,17:00:00,3.70384,3.71432,3.70074,3.71068,0,0
2015-06-09,18:00:00,3.71055,3.71181,3.69548,3.69731,0,0
2015-06-09,19:00:00,3.69746,3.70392,3.6964,3.70078,0,0
2015-06-09,20:00:00,3.70078,3.70278,3.696,3.69953,0,0
2015-06-09,21:00:00,3.69975,3.7021,3.69792,3.70169,0,0
2015-06-09,22:00:00,3.7017,3.70343,3.70029,3.7028,0,0
2015-06-09,23:00:00,3.70268,3.70281,3.70143,3.70169,0,0
2015-06-09,23:59:00,3.70173,3.70447,3.70095,3.70369,0,0
2015-06-10,01:00:00,3.70297,3.70525,3.70235,3.70369,0,0
2015-06-10,02:00:00,3.70369,3.70369,3.69582,3.69772,0,0
2015-06-10,03:00:00,3.6978,3.69953,3.69268,3.69588,0,0
2015-06-10,04:00:00,3.69588,3.69913,3.69455,3.69844,0,0
2015-06-10,05:00:00,3.69849,3.70094,3.69741,3.70002,0,0
2015-06-10,06:00:00,3.70002,3.70263,3.69875,3.70086,0,0
2015-06-10,07:00:00,3.70086,3.70259,3.69475,3.69602,0,0
2015-06-10,08:00:00,3.69602,3.69968,3.6879,3.69023,0,0
2015-06-10,09:00:00,3.69016,3.69989,3.68485,3.68986,0,0
2015-06-10,10:00:00,3.68809,3.68997,3.66464,3.67035,0,0
2015-06-10,11:00:00,3.67054,3.68016,3.66242,3.6757,0,0
2015-06-10,12:00:00,3.6754,3.68018,3.6694,3.67312,0,0
2015-06-10,13:00:00,3.67296,3.68208,3.66844,3.67772,0,0
2015-06-10,14:00:00,3.6776,3.68286,3.67223,3.67649,0,0
2015-06-10,15:00:00,3.6765,3.68013,3.66506,3.66795,0,0
2015-06-10,16:00:00,3.66795,3.66836,3.65215,3.65973,0,0
2015-06-10,17:00:00,3.66009,3.67091,3.6553,3.66222,0,0
2015-06-10,18:00:00,3.66254,3.66327,3.64838,3.65811,0,0
2015-06-10,19:00:00,3.65772,3.66584,3.65729,3.66097,0,0
2015-06-10,20:00:00,3.6611,3.66289,3.65547,3.65733,0,0
2015-06-10,21:00:00,3.65733,3.6616,3.65505,3.66023,0,0
2015-06-10,22:00:00,3.66018,3.6623,3.65485,3.65642,0,0
2015-06-10,23:00:00,3.6564,3.65894,3.65569,3.65795,0,0
2015-06-10,23:59:00,3.65795,3.66083,3.65589,3.65944,0,0
2015-06-11,01:00:00,3.65944,3.66136,3.65647,3.65701,0,0
2015-06-11,02:00:00,3.65701,3.66493,3.65684,3.66412,0,0
2015-06-11,03:00:00,3.66407,3.66522,3.65831,3.66111,0,0
2015-06-11,04:00:00,3.66111,3.66429,3.65774,3.66339,0,0
2015-06-11,05:00:00,3.66361,3.66419,3.65881,3.65888,0,0
2015-06-11,06:00:00,3.6587,3.66002,3.65781,3.65878,0,0
2015-06-11,07:00:00,3.65881,3.65934,3.6549,3.65863,0,0
2015-06-11,08:00:00,3.65863,3.66119,3.65619,3.65883,0,0
2015-06-11,09:00:00,3.65848,3.67065,3.65613,3.67022,0,0
2015-06-11,10:00:00,3.67092,3.68775,3.67089,3.68319,0,0
2015-06-11,11:00:00,3.68396,3.69028,3.68083,3.68188,0,0
2015-06-11,12:00:00,3.68171,3.68573,3.6787,3.67952,0,0
2015-06-11,13:00:00,3.67952,3.68081,3.67385,3.67797,0,0
2015-06-11,14:00:00,3.67816,3.68972,3.67743,3.68865,0,0
2015-06-11,15:00:00,3.68833,3.69416,3.66284,3.66997,0,0
2015-06-11,16:00:00,3.67065,3.68709,3.66975,3.67824,0,0
2015-06-11,17:00:00,3.67839,3.6882,3.67308,3.68336,0,0
2015-06-11,18:00:00,3.68333,3.68462,3.6769,3.68218,0,0
2015-06-11,19:00:00,3.68257,3.68632,3.68107,3.68114,0,0
2015-06-11,20:00:00,3.68121,3.68276,3.67865,3.68189,0,0
2015-06-11,21:00:00,3.68085,3.6809,3.67106,3.67149,0,0
2015-06-11,22:00:00,3.67149,3.6741,3.66823,3.66929,0,0
2015-06-11,23:00:00,3.66929,3.67255,3.667,3.67107,0,0
2015-06-11,23:59:00,3.6713,3.67791,3.6692,3.67723,0,0
2015-06-12,01:00:00,3.67674,3.67674,3.6741,3.67566,0,0
2015-06-12,02:00:00,3.67566,3.67668,3.67305,3.67354,0,0
2015-06-12,03:00:00,3.67364,3.67535,3.67093,3.67192,0,0
2015-06-12,04:00:00,3.67227,3.67471,3.67079,3.67306,0,0
2015-06-12,05:00:00,3.67306,3.67528,3.67138,3.67462,0,0
2015-06-12,06:00:00,3.6748,3.67483,3.67071,3.67254,0,0
2015-06-12,07:00:00,3.67247,3.68259,3.67091,3.6789,0,0
2015-06-12,08:00:00,3.6789,3.68309,3.67499,3.67672,0,0
2015-06-12,09:00:00,3.6765,3.69034,3.6754,3.68926,0,0
2015-06-12,10:00:00,3.68926,3.68926,3.67552,3.68401,0,0
2015-06-12,11:00:00,3.68433,3.71356,3.68285,3.70931,0,0
2015-06-12,12:00:00,3.70874,3.71218,3.69979,3.70093,0,0
2015-06-12,13:00:00,3.70065,3.70466,3.69363,3.7034,0,0
2015-06-12,14:00:00,3.70324,3.70864,3.69933,3.6999,0,0
2015-06-12,15:00:00,3.69993,3.70344,3.69062,3.69502,0,0
2015-06-12,16:00:00,3.69484,3.70011,3.6911,3.69746,0,0
2015-06-12,17:00:00,3.69759,3.70097,3.6821,3.68604,0,0
2015-06-12,18:00:00,3.68618,3.68977,3.67484,3.67634,0,0
2015-06-12,19:00:00,3.67652,3.67972,3.67046,3.67343,0,0
2015-06-12,20:00:00,3.67368,3.67458,3.66902,3.67167,0,0
2015-06-12,21:00:00,3.67169,3.67645,3.66757,3.67592,0,0
2015-06-12,22:00:00,3.67568,3.67951,3.67413,3.6784,0,0
2015-06-12,23:00:00,3.67848,3.67848,3.67681,3.67699,0,0
2015-06-15,01:00:00,3.69868,3.69868,3.692,3.69278,0,0
2015-06-15,02:00:00,3.69264,3.69653,3.69202,3.69327,0,0
2015-06-15,03:00:00,3.69327,3.69622,3.69227,3.69401,0,0
2015-06-15,04:00:00,3.69413,3.70112,3.69402,3.69702,0,0
2015-06-15,05:00:00,3.69734,3.69921,3.6965,3.69911,0,0
2015-06-15,06:00:00,3.6992,3.6994,3.69479,3.69556,0,0
2015-06-15,07:00:00,3.69556,3.70151,3.69325,3.69889,0,0
2015-06-15,08:00:00,3.69953,3.70622,3.69837,3.70543,0,0
2015-06-15,09:00:00,3.70534,3.71103,3.69679,3.69893,0,0
2015-06-15,10:00:00,3.69946,3.69956,3.6887,3.69125,0,0
2015-06-15,11:00:00,3.69164,3.6952,3.68492,3.69178,0,0
2015-06-15,12:00:00,3.69201,3.69907,3.68983,3.69802,0,0
2015-06-15,13:00:00,3.69799,3.70352,3.69436,3.70206,0,0
2015-06-15,14:00:00,3.70151,3.70664,3.69756,3.70363,0,0
2015-06-15,15:00:00,3.70362,3.71141,3.69731,3.70429,0,0
2015-06-15,16:00:00,3.70428,3.70922,3.69879,3.70156,0,0
2015-06-15,17:00:00,3.70175,3.70175,3.68816,3.68913,0,0
2015-06-15,18:00:00,3.68869,3.69622,3.68672,3.68788,0,0
2015-06-15,19:00:00,3.68657,3.69372,3.6833,3.68449,0,0
2015-06-15,20:00:00,3.68488,3.69172,3.68371,3.69135,0,0
2015-06-15,21:00:00,3.69197,3.69197,3.68179,3.68354,0,0
2015-06-15,22:00:00,3.68322,3.68349,3.67936,3.68067,0,0
2015-06-15,23:00:00,3.68068,3.6817,3.6776,3.68135,0,0
2015-06-15,23:59:00,3.68123,3.6852,3.67953,3.67953,0,0
2015-06-16,01:00:00,3.67953,3.68425,3.67935,3.6814,0,0
2015-06-16,02:00:00,3.6814,3.6827,3.68005,3.68076,0,0
2015-06-16,03:00:00,3.68076,3.68489,3.68076,3.68148,0,0
2015-06-16,04:00:00,3.68148,3.68647,3.67979,3.68286,0,0
2015-06-16,05:00:00,3.68248,3.68431,3.6813,3.68199,0,0
2015-06-16,06:00:00,3.68199,3.68291,3.67994,3.68106,0,0
2015-06-16,07:00:00,3.68106,3.68123,3.67966,3.68017,0,0
2015-06-16,08:00:00,3.68011,3.68364,3.67951,3.67975,0,0
2015-06-16,09:00:00,3.67975,3.69199,3.67748,3.67835,0,0
2015-06-16,10:00:00,3.67825,3.68932,3.67444,3.68491,0,0
2015-06-16,11:00:00,3.6849,3.69632,3.68024,3.69428,0,0
2015-06-16,12:00:00,3.69455,3.69656,3.68517,3.69144,0,0
2015-06-16,13:00:00,3.69117,3.69508,3.6842,3.69089,0,0
2015-06-16,14:00:00,3.69039,3.69187,3.68127,3.68719,0,0
2015-06-16,15:00:00,3.68831,3.69845,3.6867,3.68696,0,0
2015-06-16,16:00:00,3.68715,3.68806,3.68259,3.68395,0,0
2015-06-16,17:00:00,3.68401,3.69455,3.68081,3.68961,0,0
2015-06-16,18:00:00,3.68956,3.69192,3.68409,3.68518,0,0
2015-06-16,19:00:00,3.68575,3.6885,3.68456,3.68474,0,0
2015-06-16,20:00:00,3.68432,3.68513,3.68128,3.68395,0,0
2015-06-16,21:00:00,3.68398,3.68495,3.68082,3.68374,0,0
2015-06-16,22:00:00,3.68374,3.68864,3.68374,3.68727,0,0
2015-06-16,23:00:00,3.68727,3.68727,3.68004,3.68407,0,0
2015-06-16,23:59:00,3.68432,3.68785,3.68191,3.68368,0,0
2015-06-17,01:00:00,3.68367,3.6853,3.68211,3.68253,0,0
2015-06-17,02:00:00,3.68253,3.68611,3.6825,3.68512,0,0
2015-06-17,03:00:00,3.68512,3.68633,3.68426,3.68488,0,0
2015-06-17,04:00:00,3.68664,3.68678,3.68209,3.68279,0,0
2015-06-17,05:00:00,3.68279,3.68455,3.68237,3.68344,0,0
2015-06-17,06:00:00,3.68344,3.6841,3.67951,3.68101,0,0
2015-06-17,07:00:00,3.68113,3.6849,3.68105,3.68469,0,0
2015-06-17,08:00:00,3.68436,3.6888,3.6833,3.68831,0,0
2015-06-17,09:00:00,3.68787,3.69082,3.68144,3.68465,0,0
2015-06-17,10:00:00,3.68419,3.68954,3.68004,3.683,0,0
2015-06-17,11:00:00,3.68327,3.68976,3.67822,3.68736,0,0
2015-06-17,12:00:00,3.68636,3.68777,3.68108,3.68685,0,0
2015-06-17,13:00:00,3.68656,3.69375,3.68347,3.69326,0,0
2015-06-17,14:00:00,3.69316,3.69425,3.68806,3.69027,0,0
2015-06-17,15:00:00,3.68934,3.69241,3.68333,3.68503,0,0
2015-06-17,16:00:00,3.68457,3.68823,3.68112,3.6868,0,0
2015-06-17,17:00:00,3.6867,3.70719,3.68643,3.7054,0,0
2015-06-17,18:00:00,3.70558,3.70996,3.70013,3.70996,0,0
2015-06-17,19:00:00,3.70995,3.71223,3.69785,3.69907,0,0
2015-06-17,20:00:00,3.69915,3.70212,3.69292,3.69642,0,0
2015-06-17,21:00:00,3.69625,3.7137,3.66895,3.67136,0,0
2015-06-17,22:00:00,3.67082,3.67165,3.6615,3.6658,0,0
2015-06-17,23:00:00,3.66556,3.66699,3.66326,3.66369,0,0
2015-06-17,23:59:00,3.66255,3.66415,3.66034,3.6606,0,0
2015-06-18,01:00:00,3.66055,3.66428,3.66001,3.66076,0,0
2015-06-18,02:00:00,3.66066,3.66125,3.65246,3.65487,0,0
2015-06-18,03:00:00,3.65487,3.65873,3.65326,3.65651,0,0
2015-06-18,04:00:00,3.65644,3.65801,3.65517,3.65756,0,0
2015-06-18,05:00:00,3.65773,3.65987,3.65591,3.65591,0,0
2015-06-18,06:00:00,3.65555,3.65676,3.65391,3.65565,0,0
2015-06-18,07:00:00,3.65565,3.6573,3.65115,3.65649,0,0
2015-06-18,08:00:00,3.65579,3.66324,3.65134,3.66292,0,0
2015-06-18,09:00:00,3.66256,3.67112,3.65874,3.66557,0,0
2015-06-18,10:00:00,3.66549,3.66712,3.6505,3.65071,0,0
2015-06-18,11:00:00,3.65064,3.65755,3.6429,3.65515,0,0
2015-06-18,12:00:00,3.65521,3.66267,3.64939,3.65047,0,0
2015-06-18,13:00:00,3.65029,3.65794,3.64847,3.65482,0,0
2015-06-18,14:00:00,3.65509,3.65686,3.64809,3.64884,0,0
2015-06-18,15:00:00,3.64863,3.65664,3.64493,3.65652,0,0
2015-06-18,16:00:00,3.65609,3.65938,3.64952,3.65174,0,0
2015-06-18,17:00:00,3.65198,3.65993,3.65019,3.65726,0,0
2015-06-18,18:00:00,3.65731,3.66415,3.65309,3.66201,0,0
2015-06-18,19:00:00,3.66195,3.67631,3.65175,3.66437,0,0
2015-06-18,20:00:00,3.66464,3.67438,3.66043,3.6695,0,0
2015-06-18,21:00:00,3.6695,3.67105,3.6639,3.66907,0,0
2015-06-18,22:00:00,3.66936,3.67145,3.66525,3.66775,0,0
2015-06-18,23:00:00,3.6679,3.67308,3.66783,3.67287,0,0
2015-06-18,23:59:00,3.67578,3.67578,3.6709,3.67227,0,0
2015-06-19,01:00:00,3.67225,3.67242,3.66271,3.66754,0,0
2015-06-19,02:00:00,3.66754,3.67075,3.66718,3.66878,0,0
2015-06-19,03:00:00,3.66878,3.67019,3.66411,3.66411,0,0
2015-06-19,04:00:00,3.66387,3.66812,3.66282,3.66698,0,0
2015-06-19,05:00:00,3.66771,3.66887,3.6664,3.66722,0,0
2015-06-19,06:00:00,3.66722,3.66924,3.66686,3.66809,0,0
2015-06-19,07:00:00,3.66809,3.67332,3.66804,3.67332,0,0
2015-06-19,08:00:00,3.67332,3.67745,3.67255,3.67498,0,0
2015-06-19,09:00:00,3.67498,3.68408,3.67498,3.68028,0,0
2015-06-19,10:00:00,3.68008,3.68854,3.67704,3.68368,0,0
2015-06-19,11:00:00,3.68391,3.69032,3.68231,3.68686,0,0
2015-06-19,12:00:00,3.68664,3.68926,3.68334,3.68656,0,0
2015-06-19,13:00:00,3.68654,3.69627,3.68564,3.69627,0,0
2015-06-19,14:00:00,3.69626,3.69735,3.68635,3.69096,0,0
2015-06-19,15:00:00,3.69031,3.69422,3.68534,3.68941,0,0
2015-06-19,16:00:00,3.68939,3.69376,3.68103,3.68486,0,0
2015-06-19,17:00:00,3.68483,3.68755,3.68002,3.68603,0,0
2015-06-19,18:00:00,3.68601,3.69072,3.68574,3.68884,0,0
2015-06-19,19:00:00,3.68878,3.69119,3.68573,3.6862,0,0
2015-06-19,20:00:00,3.68595,3.68654,3.67793,3.68289,0,0
2015-06-19,21:00:00,3.68289,3.68575,3.68036,3.68531,0,0
2015-06-19,22:00:00,3.68531,3.68887,3.68395,3.68822,0,0
2015-06-19,23:00:00,3.68794,3.6889,3.68794,3.68831,0,0
2015-06-22,01:00:00,3.6757,3.67945,3.6757,3.67737,0,0
2015-06-22,02:00:00,3.67749,3.67777,3.67197,3.67627,0,0
2015-06-22,03:00:00,3.67627,3.67711,3.67335,3.67487,0,0
2015-06-22,04:00:00,3.67433,3.67486,3.67024,3.67335,0,0
2015-06-22,05:00:00,3.67335,3.67468,3.67114,3.67284,0,0
2015-06-22,06:00:00,3.67275,3.67275,3.67031,3.67105,0,0
2015-06-22,07:00:00,3.67105,3.67157,3.66585,3.66836,0,0
2015-06-22,08:00:00,3.66823,3.67036,3.66445,3.6649,0,0
2015-06-22,09:00:00,3.6647,3.66989,3.65355,3.65494,0,0
2015-06-22,10:00:00,3.65494,3.67849,3.65494,3.67599,0,0
2015-06-22,11:00:00,3.67627,3.6833,3.67375,3.6789,0,0
2015-06-22,12:00:00,3.67878,3.68344,3.66786,3.66843,0,0
2015-06-22,13:00:00,3.66822,3.67154,3.66406,3.67023,0,0
2015-06-22,14:00:00,3.67023,3.67501,3.66714,3.66811,0,0
2015-06-22,15:00:00,3.66817,3.67857,3.66652,3.67277,0,0
2015-06-22,16:00:00,3.67293,3.67472,3.66486,3.67031,0,0
2015-06-22,17:00:00,3.67019,3.67514,3.65534,3.66074,0,0
2015-06-22,18:00:00,3.66089,3.6672,3.65786,3.66672,0,0
2015-06-22,19:00:00,3.66639,3.67417,3.66639,3.66739,0,0
2015-06-22,20:00:00,3.66708,3.67669,3.66621,3.67638,0,0
2015-06-22,21:00:00,3.67638,3.67698,3.67129,3.67698,0,0
2015-06-22,22:00:00,3.67712,3.67989,3.67401,3.67552,0,0
2015-06-22,23:00:00,3.67549,3.67663,3.67256,3.67325,0,0
2015-06-22,23:59:00,3.67228,3.67835,3.6708,3.67524,0,0
2015-06-23,01:00:00,3.67524,3.68016,3.67494,3.67921,0,0
2015-06-23,02:00:00,3.67921,3.67959,3.6745,3.67855,0,0
2015-06-23,03:00:00,3.67868,3.68084,3.67825,3.68072,0,0
2015-06-23,04:00:00,3.68072,3.68562,3.68072,3.68525,0,0
2015-06-23,05:00:00,3.6853,3.70415,3.68485,3.70255,0,0
2015-06-23,06:00:00,3.70278,3.70333,3.69709,3.7005,0,0
2015-06-23,07:00:00,3.7005,3.70127,3.6947,3.69486,0,0
2015-06-23,08:00:00,3.69486,3.69717,3.6913,3.69155,0,0
2015-06-23,09:00:00,3.691,3.7116,3.691,3.69652,0,0
2015-06-23,10:00:00,3.6967,3.69873,3.68471,3.69614,0,0
2015-06-23,11:00:00,3.69598,3.70504,3.69529,3.70399,0,0
2015-06-23,12:00:00,3.70454,3.71143,3.7017,3.7077,0,0
2015-06-23,13:00:00,3.70793,3.71821,3.70706,3.71724,0,0
2015-06-23,14:00:00,3.71696,3.72312,3.71441,3.7214,0,0
2015-06-23,15:00:00,3.72174,3.73815,3.71949,3.73479,0,0
2015-06-23,16:00:00,3.73493,3.74616,3.73215,3.736,0,0
2015-06-23,17:00:00,3.73595,3.74102,3.71416,3.7229,0,0
2015-06-23,18:00:00,3.72133,3.72963,3.71705,3.72063,0,0
2015-06-23,19:00:00,3.72079,3.7294,3.72037,3.72675,0,0
2015-06-23,20:00:00,3.72672,3.72694,3.71998,3.72535,0,0
2015-06-23,21:00:00,3.72535,3.72789,3.72384,3.72584,0,0
2015-06-23,22:00:00,3.72589,3.73018,3.72005,3.7271,0,0
2015-06-23,23:00:00,3.72706,3.72754,3.72073,3.72667,0,0
2015-06-23,23:59:00,3.72685,3.731,3.72638,3.7274,0,0
2015-06-24,01:00:00,3.727,3.7288,3.72561,3.72568,0,0
2015-06-24,02:00:00,3.72568,3.7284,3.72521,3.72521,0,0
2015-06-24,03:00:00,3.72538,3.73017,3.72277,3.72988,0,0
2015-06-24,04:00:00,3.73005,3.73116,3.72803,3.72961,0,0
2015-06-24,05:00:00,3.72961,3.72994,3.72405,3.72512,0,0
2015-06-24,06:00:00,3.72512,3.7265,3.72425,3.72525,0,0
2015-06-24,07:00:00,3.72525,3.73095,3.72409,3.72941,0,0
2015-06-24,08:00:00,3.72941,3.73046,3.71785,3.72246,0,0
2015-06-24,09:00:00,3.72237,3.72445,3.71491,3.71967,0,0
2015-06-24,10:00:00,3.71949,3.72311,3.70661,3.70661,0,0
2015-06-24,11:00:00,3.70715,3.71259,3.70263,3.71077,0,0
2015-06-24,12:00:00,3.71109,3.72682,3.70843,3.71805,0,0
2015-06-24,13:00:00,3.71832,3.72249,3.71545,3.7158,0,0
2015-06-24,14:00:00,3.71497,3.71966,3.71486,3.71528,0,0
2015-06-24,15:00:00,3.7152,3.72778,3.71385,3.7251,0,0
2015-06-24,16:00:00,3.72527,3.73175,3.72404,3.72557,0,0
2015-06-24,17:00:00,3.72574,3.73158,3.72185,3.72869,0,0
2015-06-24,18:00:00,3.72865,3.73515,3.72551,3.7333,0,0
2015-06-24,19:00:00,3.73316,3.73571,3.71708,3.72369,0,0
2015-06-24,20:00:00,3.72369,3.72502,3.71424,3.71753,0,0
2015-06-24,21:00:00,3.71753,3.72331,3.71624,3.71933,0,0
2015-06-24,22:00:00,3.71895,3.7227,3.71703,3.72241,0,0
2015-06-24,23:00:00,3.7227,3.72322,3.71851,3.72095,0,0
2015-06-24,23:59:00,3.72092,3.72778,3.72092,3.72402,0,0
2015-06-25,01:00:00,3.72402,3.7259,3.72246,3.72291,0,0
2015-06-25,02:00:00,3.72289,3.72555,3.72217,3.72289,0,0
2015-06-25,03:00:00,3.72289,3.72504,3.72148,3.7239,0,0
2015-06-25,04:00:00,3.72382,3.72608,3.72218,3.72404,0,0
2015-06-25,05:00:00,3.72397,3.7255,3.71946,3.71946,0,0
2015-06-25,06:00:00,3.71933,3.72138,3.71779,3.71962,0,0
2015-06-25,07:00:00,3.72011,3.72281,3.71779,3.7219,0,0
2015-06-25,08:00:00,3.7219,3.72595,3.72105,3.72408,0,0
2015-06-25,09:00:00,3.72421,3.73065,3.71813,3.72381,0,0
2015-06-25,10:00:00,3.72381,3.72549,3.71565,3.725,0,0
2015-06-25,11:00:00,3.725,3.73141,3.71742,3.73056,0,0
2015-06-25,12:00:00,3.73056,3.74319,3.72607,3.73733,0,0
2015-06-25,13:00:00,3.73725,3.73832,3.71374,3.72711,0,0
2015-06-25,14:00:00,3.72711,3.73078,3.72,3.72178,0,0
2015-06-25,15:00:00,3.72161,3.72753,3.71863,3.7204,0,0
2015-06-25,16:00:00,3.72049,3.72621,3.71662,3.72438,0,0
2015-06-25,17:00:00,3.72448,3.73033,3.72,3.72689,0,0
2015-06-25,18:00:00,3.72695,3.72849,3.72216,3.72569,0,0
2015-06-25,19:00:00,3.72588,3.72675,3.72159,3.72217,0,0
2015-06-25,20:00:00,3.72217,3.72442,3.71943,3.72315,0,0
2015-06-25,21:00:00,3.72315,3.72578,3.7226,3.72372,0,0
2015-06-25,22:00:00,3.72352,3.72468,3.72172,3.72285,0,0
2015-06-25,23:00:00,3.72285,3.72452,3.72234,3.72358,0,0
2015-06-25,23:59:00,3.72349,3.7255,3.72201,3.72384,0,0
2015-06-26,01:00:00,3.72384,3.72484,3.72265,3.72367,0,0
2015-06-26,02:00:00,3.72358,3.7237,3.72162,3.7232,0,0
2015-06-26,03:00:00,3.7232,3.72951,3.7228,3.72792,0,0
2015-06-26,04:00:00,3.7279,3.73045,3.72685,3.7287,0,0
2015-06-26,05:00:00,3.7287,3.73235,3.72786,3.72788,0,0
2015-06-26,06:00:00,3.72788,3.72912,3.72672,3.72791,0,0
2015-06-26,07:00:00,3.72779,3.72925,3.7243,3.7279,0,0
2015-06-26,08:00:00,3.72775,3.72925,3.72555,3.72732,0,0
2015-06-26,09:00:00,3.72734,3.72867,3.72233,3.72433,0,0
2015-06-26,10:00:00,3.72412,3.72728,3.72122,3.72574,0,0
2015-06-26,11:00:00,3.72568,3.72768,3.7206,3.72685,0,0
2015-06-26,12:00:00,3.72664,3.72745,3.72152,3.72741,0,0
2015-06-26,13:00:00,3.72717,3.7282,3.72304,3.72664,0,0
2015-06-26,14:00:00,3.72599,3.72989,3.72302,3.72671,0,0
2015-06-26,15:00:00,3.72675,3.73641,3.72543,3.73522,0,0
2015-06-26,16:00:00,3.73612,3.74388,3.73219,3.73219,0,0
2015-06-26,17:00:00,3.73243,3.74898,3.72696,3.74824,0,0
2015-06-26,18:00:00,3.74839,3.75057,3.73957,3.74173,0,0
2015-06-26,19:00:00,3.74173,3.75022,3.74053,3.74268,0,0
2015-06-26,20:00:00,3.74322,3.74615,3.74163,3.7433,0,0
2015-06-26,21:00:00,3.7433,3.7451,3.73886,3.74268,0,0
2015-06-26,22:00:00,3.74235,3.74235,3.73865,3.73897,0,0
2015-06-26,23:00:00,3.73897,3.73897,3.73871,3.73876,0,0
2015-06-29,01:00:00,3.81275,3.82405,3.8075,3.81012,0,0
2015-06-29,02:00:00,3.81022,3.81689,3.806,3.81503,0,0
2015-06-29,03:00:00,3.81505,3.81505,3.79515,3.80037,0,0
2015-06-29,04:00:00,3.80035,3.80625,3.79746,3.80425,0,0
2015-06-29,05:00:00,3.80465,3.80495,3.80075,3.80312,0,0
2015-06-29,06:00:00,3.80312,3.8042,3.8003,3.80315,0,0
2015-06-29,07:00:00,3.80315,3.808,3.80265,3.80515,0,0
2015-06-29,08:00:00,3.80495,3.81745,3.80121,3.8063,0,0
2015-06-29,09:00:00,3.80686,3.81254,3.77631,3.78499,0,0
2015-06-29,10:00:00,3.78466,3.79548,3.78201,3.78789,0,0
2015-06-29,11:00:00,3.78832,3.79279,3.76422,3.76753,0,0
2015-06-29,12:00:00,3.76751,3.78399,3.7673,3.77913,0,0
2015-06-29,13:00:00,3.77904,3.78486,3.76422,3.76866,0,0
2015-06-29,14:00:00,3.76849,3.77517,3.76648,3.77329,0,0
2015-06-29,15:00:00,3.77315,3.77551,3.76169,3.76751,0,0
2015-06-29,16:00:00,3.76722,3.77336,3.76414,3.77142,0,0
2015-06-29,17:00:00,3.77075,3.77155,3.75632,3.76102,0,0
2015-06-29,18:00:00,3.7603,3.76257,3.74708,3.7526,0,0
2015-06-29,19:00:00,3.7527,3.75461,3.73936,3.74215,0,0
2015-06-29,20:00:00,3.74144,3.74504,3.7211,3.73197,0,0
2015-06-29,21:00:00,3.73165,3.7351,3.72453,3.72845,0,0
2015-06-29,22:00:00,3.72906,3.73646,3.72878,3.7319,0,0
2015-06-29,23:00:00,3.73124,3.7351,3.72832,3.7341,0,0
2015-06-29,23:59:00,3.73454,3.736,3.73068,3.73585,0,0
2015-06-30,01:00:00,3.73605,3.7405,3.73495,3.73905,0,0
2015-06-30,02:00:00,3.739,3.74045,3.73645,3.7382,0,0
2015-06-30,03:00:00,3.73803,3.7409,3.7337,3.73705,0,0
2015-06-30,04:00:00,3.73705,3.7435,3.73588,3.7431,0,0
2015-06-30,05:00:00,3.7434,3.7486,3.7414,3.74705,0,0
2015-06-30,06:00:00,3.74705,3.7478,3.74458,3.7453,0,0
2015-06-30,07:00:00,3.74693,3.74774,3.74473,3.74601,0,0
2015-06-30,08:00:00,3.74582,3.7504,3.74355,3.7497,0,0
2015-06-30,09:00:00,3.7497,3.75563,3.74266,3.75424,0,0
2015-06-30,10:00:00,3.75412,3.75714,3.74448,3.75236,0,0
2015-06-30,11:00:00,3.75215,3.7661,3.74984,3.76424,0,0
2015-06-30,12:00:00,3.76433,3.76605,3.74542,3.74575,0,0
2015-06-30,13:00:00,3.7456,3.75285,3.7396,3.74751,0,0
2015-06-30,14:00:00,3.74694,3.75348,3.74404,3.75336,0,0
2015-06-30,15:00:00,3.75335,3.75427,3.73645,3.7391,0,0
2015-06-30,16:00:00,3.7391,3.74466,3.72822,3.74,0,0
2015-06-30,17:00:00,3.74,3.76214,3.73806,3.76074,0,0
2015-06-30,18:00:00,3.76062,3.77053,3.75314,3.7569,0,0
2015-06-30,19:00:00,3.75534,3.76244,3.75148,3.75755,0,0
2015-06-30,20:00:00,3.75755,3.7635,3.75607,3.76054,0,0
2015-06-30,21:00:00,3.76054,3.76494,3.75924,3.76214,0,0
2015-06-30,22:00:00,3.76203,3.76289,3.75901,3.75965,0,0
2015-06-30,23:00:00,3.75965,3.76586,3.75965,3.76011,0,0
2015-06-30,23:59:00,3.76026,3.76488,3.75974,3.76151,0,0
2015-07-01,01:00:00,3.76139,3.76628,3.76055,3.76618,0,0
2015-07-01,02:00:00,3.76617,3.7671,3.76431,3.7649,0,0
2015-07-01,03:00:00,3.7649,3.76612,3.76289,3.7641,0,0
2015-07-01,04:00:00,3.76408,3.76477,3.76131,3.76234,0,0
2015-07-01,05:00:00,3.76234,3.76515,3.76146,3.7642,0,0
2015-07-01,06:00:00,3.7639,3.76412,3.76201,3.76275,0,0
2015-07-01,07:00:00,3.76275,3.7651,3.76265,3.76282,0,0
2015-07-01,08:00:00,3.76299,3.76615,3.76215,3.76615,0,0
2015-07-01,09:00:00,3.7661,3.7715,3.76524,3.76903,0,0
2015-07-01,10:00:00,3.76964,3.7755,3.76558,3.76921,0,0
2015-07-01,11:00:00,3.76949,3.77689,3.75826,3.76109,0,0
2015-07-01,12:00:00,3.76065,3.76612,3.74718,3.76336,0,0
2015-07-01,13:00:00,3.76361,3.77039,3.76082,3.76733,0,0
2015-07-01,14:00:00,3.76746,3.77429,3.76514,3.77265,0,0
2015-07-01,15:00:00,3.77269,3.78297,3.77145,3.77448,0,0
2015-07-01,16:00:00,3.7745,3.78451,3.77229,3.78152,0,0
2015-07-01,17:00:00,3.78147,3.78569,3.77145,3.77145,0,0
2015-07-01,18:00:00,3.77121,3.78077,3.77106,3.78055,0,0
2015-07-01,19:00:00,3.78058,3.78342,3.77785,3.78135,0,0
2015-07-01,20:00:00,3.78133,3.78877,3.78107,3.78703,0,0
2015-07-01,21:00:00,3.78736,3.79248,3.78594,3.7907,0,0
2015-07-01,22:00:00,3.7907,3.79242,3.78792,3.78895,0,0
2015-07-01,23:00:00,3.78894,3.79162,3.78616,3.7898,0,0
2015-07-01,23:59:00,3.7901,3.79052,3.7876,3.78889,0,0
2015-07-02,01:00:00,3.78889,3.79258,3.78825,3.79181,0,0
2015-07-02,02:00:00,3.79195,3.79597,3.79145,3.7944,0,0
2015-07-02,03:00:00,3.79445,3.79476,3.79085,3.79181,0,0
2015-07-02,04:00:00,3.79161,3.79232,3.78765,3.79025,0,0
2015-07-02,05:00:00,3.79025,3.79068,3.78149,3.78213,0,0
2015-07-02,06:00:00,3.78213,3.78397,3.78008,3.78282,0,0
2015-07-02,07:00:00,3.78282,3.78412,3.78132,3.78179,0,0
2015-07-02,08:00:00,3.78186,3.78649,3.78115,3.78368,0,0
2015-07-02,09:00:00,3.78362,3.78981,3.78053,3.78489,0,0
2015-07-02,10:00:00,3.7844,3.79433,3.78224,3.78856,0,0
2015-07-02,11:00:00,3.7889,3.79278,3.78282,3.78536,0,0
2015-07-02,12:00:00,3.78536,3.7875,3.78175,3.78289,0,0
2015-07-02,13:00:00,3.78316,3.78772,3.78201,3.78772,0,0
2015-07-02,14:00:00,3.78805,3.7887,3.78248,3.78541,0,0
2015-07-02,15:00:00,3.7852,3.79408,3.76774,3.77681,0,0
2015-07-02,16:00:00,3.77713,3.78618,3.77525,3.78106,0,0
2015-07-02,17:00:00,3.7813,3.7813,3.76877,3.77221,0,0
2015-07-02,18:00:00,3.77287,3.78081,3.76997,3.78076,0,0
2015-07-02,19:00:00,3.78072,3.78125,3.77765,3.7779,0,0
2015-07-02,20:00:00,3.77785,3.78325,3.77695,3.7818,0,0
2015-07-02,21:00:00,3.7814,3.78477,3.7803,3.78155,0,0
2015-07-02,22:00:00,3.78185,3.78405,3.77945,3.7809,0,0
2015-07-02,23:00:00,3.7818,3.7834,3.7809,3.78179,0,0
2015-07-02,23:59:00,3.78194,3.78287,3.78022,3.781,0,0
2015-07-03,01:00:00,3.78105,3.78182,3.7782,3.77918,0,0
2015-07-03,02:00:00,3.77919,3.7811,3.77909,3.77981,0,0
2015-07-03,03:00:00,3.77983,3.78125,3.77695,3.78075,0,0
2015-07-03,04:00:00,3.78075,3.78155,3.77905,3.78015,0,0
2015-07-03,05:00:00,3.78015,3.78131,3.77798,3.77888,0,0
2015-07-03,06:00:00,3.77888,3.78001,3.7771,3.77844,0,0
2015-07-03,07:00:00,3.77883,3.77946,3.77748,3.77783,0,0
2015-07-03,08:00:00,3.77781,3.77936,3.77649,3.77854,0,0
2015-07-03,09:00:00,3.77835,3.77944,3.77413,3.77737,0,0
2015-07-03,10:00:00,3.77737,3.77811,3.77122,3.77532,0,0
2015-07-03,11:00:00,3.77558,3.77558,3.76813,3.77253,0,0
2015-07-03,12:00:00,3.77166,3.77324,3.76961,3.77062,0,0
2015-07-03,13:00:00,3.77022,3.7751,3.77022,3.77443,0,0
2015-07-03,14:00:00,3.77438,3.78093,3.77423,3.78,0,0
2015-07-03,15:00:00,3.77998,3.78442,3.77842,3.78093,0,0
2015-07-03,16:00:00,3.78084,3.78209,3.77603,3.77881,0,0
2015-07-03,17:00:00,3.77845,3.78124,3.77293,3.77417,0,0
2015-07-03,18:00:00,3.77363,3.78103,3.77171,3.78069,0,0
2015-07-03,19:00:00,3.78119,3.78824,3.77204,3.78671,0,0
2015-07-03,20:00:00,3.78662,3.78662,3.77666,3.77799,0,0
2015-07-03,21:00:00,3.77799,3.77926,3.77656,3.77823,0,0
2015-07-03,22:00:00,3.77824,3.77852,3.77335,3.77369,0,0
2015-07-03,23:00:00,3.7743,3.7758,3.77378,3.77426,0,0
2015-07-06,01:00:00,3.8325,3.837,3.81437,3.81685,0,0
2015-07-06,02:00:00,3.8169,3.82324,3.8071,3.82241,0,0
2015-07-06,03:00:00,3.82244,3.82259,3.8106,3.81327,0,0
2015-07-06,04:00:00,3.81341,3.81341,3.8011,3.80584,0,0
2015-07-06,05:00:00,3.80583,3.80735,3.80315,3.80565,0,0
2015-07-06,06:00:00,3.80565,3.80965,3.80561,3.80805,0,0
2015-07-06,07:00:00,3.80805,3.81902,3.80541,3.81604,0,0
2015-07-06,08:00:00,3.81624,3.8233,3.7904,3.79775,0,0
2015-07-06,09:00:00,3.79702,3.80318,3.7918,3.79889,0,0
2015-07-06,10:00:00,3.79908,3.80174,3.78577,3.78577,0,0
2015-07-06,11:00:00,3.78634,3.79692,3.78184,3.79611,0,0
2015-07-06,12:00:00,3.79603,3.80112,3.79412,3.79704,0,0
2015-07-06,13:00:00,3.79704,3.80744,3.79589,3.80302,0,0
2015-07-06,14:00:00,3.80298,3.8159,3.80086,3.81504,0,0
2015-07-06,15:00:00,3.81471,3.81867,3.80804,3.80937,0,0
2015-07-06,16:00:00,3.8094,3.81285,3.80687,3.80728,0,0
2015-07-06,17:00:00,3.8072,3.81029,3.79582,3.79616,0,0
2015-07-06,18:00:00,3.79608,3.80344,3.79102,3.79354,0,0
2015-07-06,19:00:00,3.7937,3.7976,3.78747,3.79308,0,0
2015-07-06,20:00:00,3.79277,3.79783,3.78874,3.79548,0,0
2015-07-06,21:00:00,3.79573,3.80981,3.79573,3.80783,0,0
2015-07-06,22:00:00,3.80783,3.80815,3.80278,3.80356,0,0
2015-07-06,23:00:00,3.80329,3.80368,3.80095,3.8022,0,0
2015-07-06,23:59:00,3.80064,3.8029,3.80013,3.80255,0,0
2015-07-07,01:00:00,3.80265,3.80356,3.80075,3.80263,0,0
2015-07-07,02:00:00,3.80263,3.80525,3.8021,3.80499,0,0
2015-07-07,03:00:00,3.80499,3.80828,3.8036,3.80504,0,0
2015-07-07,04:00:00,3.80504,3.81054,3.80435,3.80884,0,0
2015-07-07,05:00:00,3.80884,3.81025,3.80754,3.81025,0,0
2015-07-07,06:00:00,3.81015,3.81304,3.80953,3.81006,0,0
2015-07-07,07:00:00,3.81006,3.81089,3.80818,3.80952,0,0
2015-07-07,08:00:00,3.80952,3.81051,3.80421,3.80421,0,0
2015-07-07,09:00:00,3.8037,3.81392,3.8037,3.81123,0,0
2015-07-07,10:00:00,3.8115,3.82597,3.80959,3.8214,0,0
2015-07-07,11:00:00,3.82071,3.83293,3.8202,3.83293,0,0
2015-07-07,12:00:00,3.8329,3.83502,3.82319,3.8252,0,0
2015-07-07,13:00:00,3.82516,3.83909,3.82278,3.8259,0,0
2015-07-07,14:00:00,3.82705,3.8381,3.82617,3.83724,0,0
2015-07-07,15:00:00,3.83731,3.84797,3.83604,3.8445,0,0
2015-07-07,16:00:00,3.84443,3.84834,3.84072,3.84175,0,0
2015-07-07,17:00:00,3.84216,3.85587,3.84208,3.8513,0,0
2015-07-07,18:00:00,3.85042,3.85342,3.84559,3.84694,0,0
2015-07-07,19:00:00,3.8469,3.85185,3.83949,3.85089,0,0
2015-07-07,20:00:00,3.85127,3.85141,3.84117,3.8436,0,0
2015-07-07,21:00:00,3.843,3.84362,3.83769,3.83874,0,0
2015-07-07,22:00:00,3.83882,3.83884,3.80895,3.82085,0,0
2015-07-07,23:00:00,3.82105,3.82982,3.81898,3.8215,0,0
2015-07-07,23:59:00,3.82126,3.8344,3.82126,3.82981,0,0
2015-07-08,01:00:00,3.82995,3.8315,3.82683,3.82695,0,0
2015-07-08,02:00:00,3.82695,3.82825,3.8235,3.8258,0,0
2015-07-08,03:00:00,3.8258,3.83095,3.8258,3.83055,0,0
2015-07-08,04:00:00,3.8306,3.83765,3.82955,3.83185,0,0
2015-07-08,05:00:00,3.83195,3.8355,3.82861,3.83508,0,0
2015-07-08,06:00:00,3.83508,3.8364,3.83115,3.8337,0,0
2015-07-08,07:00:00,3.8337,3.8337,3.82538,3.82829,0,0
2015-07-08,08:00:00,3.82834,3.8312,3.82557,3.83096,0,0
2015-07-08,09:00:00,3.83027,3.83549,3.82739,3.8322,0,0
2015-07-08,10:00:00,3.83272,3.83705,3.82191,3.82547,0,0
2015-07-08,11:00:00,3.82441,3.8291,3.82108,3.82231,0,0
2015-07-08,12:00:00,3.82226,3.82864,3.81704,3.82451,0,0
2015-07-08,13:00:00,3.82456,3.83789,3.82453,3.83774,0,0
2015-07-08,14:00:00,3.83744,3.84005,3.83054,3.83157,0,0
2015-07-08,15:00:00,3.83217,3.83369,3.82739,3.83098,0,0
2015-07-08,16:00:00,3.83099,3.83398,3.81894,3.8328,0,0
2015-07-08,17:00:00,3.83283,3.84122,3.82485,3.82654,0,0
2015-07-08,18:00:00,3.8271,3.8324,3.81771,3.82684,0,0
2015-07-08,19:00:00,3.82745,3.8365,3.82235,3.83577,0,0
2015-07-08,20:00:00,3.83538,3.83867,3.83315,3.83538,0,0
2015-07-08,21:00:00,3.83533,3.83706,3.82591,3.83196,0,0
2015-07-08,22:00:00,3.83217,3.83282,3.82699,3.82922,0,0
2015-07-08,23:00:00,3.82882,3.83,3.8261,3.8267,0,0
2015-07-08,23:59:00,3.82684,3.82806,3.8204,3.82267,0,0
2015-07-09,01:00:00,3.82255,3.82485,3.8224,3.82284,0,0
2015-07-09,02:00:00,3.82337,3.82573,3.82197,3.82392,0,0
2015-07-09,03:00:00,3.82399,3.82607,3.82308,3.82562,0,0
2015-07-09,04:00:00,3.82548,3.82639,3.82135,3.823,0,0
2015-07-09,05:00:00,3.82347,3.82387,3.82,3.8218,0,0
2015-07-09,06:00:00,3.82175,3.82278,3.81965,3.8204,0,0
2015-07-09,07:00:00,3.8204,3.8219,3.81905,3.8207,0,0
2015-07-09,08:00:00,3.8207,3.82146,3.81097,3.81565,0,0
2015-07-09,09:00:00,3.81568,3.82108,3.80693,3.81207,0,0
2015-07-09,10:00:00,3.81277,3.833,3.81277,3.83267,0,0
2015-07-09,11:00:00,3.83283,3.835,3.8243,3.82787,0,0
2015-07-09,12:00:00,3.82787,3.83205,3.82474,3.82623,0,0
2015-07-09,13:00:00,3.82651,3.83255,3.8219,3.82744,0,0
2015-07-09,14:00:00,3.827,3.82966,3.8086,3.8086,0,0
2015-07-09,15:00:00,3.80866,3.82296,3.80787,3.81843,0,0
2015-07-09,16:00:00,3.81847,3.82128,3.81211,3.81556,0,0
2015-07-09,17:00:00,3.81558,3.82269,3.81269,3.81965,0,0
2015-07-09,18:00:00,3.82104,3.8309,3.82078,3.82902,0,0
2015-07-09,19:00:00,3.82904,3.83285,3.82457,3.83216,0,0
2015-07-09,20:00:00,3.83235,3.83615,3.82701,3.83315,0,0
2015-07-09,21:00:00,3.83342,3.83392,3.82581,3.82772,0,0
2015-07-09,22:00:00,3.82775,3.82825,3.8214,3.82316,0,0
2015-07-09,23:00:00,3.82375,3.82454,3.81906,3.82112,0,0
2015-07-09,23:59:00,3.82115,3.82241,3.81641,3.81656,0,0
2015-07-10,01:00:00,3.8162,3.8172,3.80186,3.8091,0,0
2015-07-10,02:00:00,3.8093,3.81375,3.80583,3.81175,0,0
2015-07-10,03:00:00,3.81175,3.81375,3.8075,3.80755,0,0
2015-07-10,04:00:00,3.80755,3.80795,3.80124,3.80318,0,0
2015-07-10,05:00:00,3.80328,3.8041,3.80004,3.80053,0,0
2015-07-10,06:00:00,3.80053,3.8022,3.7978,3.79963,0,0
2015-07-10,07:00:00,3.79967,3.80215,3.79745,3.7998,0,0
2015-07-10,08:00:00,3.7998,3.8004,3.78846,3.79111,0,0
2015-07-10,09:00:00,3.79123,3.79162,3.77378,3.78026,0,0
2015-07-10,10:00:00,3.77973,3.78683,3.76867,3.77702,0,0
2015-07-10,11:00:00,3.77706,3.78151,3.76972,3.76972,0,0
2015-07-10,12:00:00,3.76978,3.76999,3.74663,3.75202,0,0
2015-07-10,13:00:00,3.7517,3.75486,3.73597,3.73597,0,0
2015-07-10,14:00:00,3.73637,3.73904,3.72371,3.73536,0,0
2015-07-10,15:00:00,3.73526,3.7354,3.72288,3.72403,0,0
2015-07-10,16:00:00,3.72377,3.73473,3.72139,3.73123,0,0
2015-07-10,17:00:00,3.73073,3.73681,3.72686,3.73412,0,0
2015-07-10,18:00:00,3.73407,3.74801,3.73343,3.74329,0,0
2015-07-10,19:00:00,3.74399,3.75465,3.74065,3.75396,0,0
2015-07-10,20:00:00,3.75326,3.75611,3.7488,3.74969,0,0
2015-07-10,21:00:00,3.74993,3.75225,3.74859,3.75151,0,0
2015-07-10,22:00:00,3.75168,3.75201,3.74548,3.74548,0,0
2015-07-10,23:00:00,3.74592,3.74626,3.74543,3.74584,0,0
2015-07-13,01:00:00,3.75195,3.75785,3.7509,3.75785,0,0
2015-07-13,02:00:00,3.758,3.75909,3.75051,3.75523,0,0
2015-07-13,03:00:00,3.7548,3.75544,3.7492,3.75379,0,0
2015-07-13,04:00:00,3.75379,3.76225,3.7529,3.75723,0,0
2015-07-13,05:00:00,3.75743,3.75821,3.75345,3.75564,0,0
2015-07-13,06:00:00,3.75564,3.76042,3.7482,3.75428,0,0
2015-07-13,07:00:00,3.75428,3.75479,3.75135,3.75425,0,0
2015-07-13,08:00:00,3.75429,3.75495,3.74469,3.74575,0,0
2015-07-13,09:00:00,3.7458,3.75522,3.71298,3.72213,0,0
2015-07-13,10:00:00,3.7212,3.74599,3.7212,3.74142,0,0
2015-07-13,11:00:00,3.74186,3.75785,3.74186,3.75549,0,0
2015-07-13,12:00:00,3.75653,3.75718,3.74648,3.74858,0,0
2015-07-13,13:00:00,3.74823,3.75611,3.74693,3.75038,0,0
2015-07-13,14:00:00,3.75045,3.75094,3.7398,3.74527,0,0
2015-07-13,15:00:00,3.74515,3.75553,3.74369,3.7455,0,0
2015-07-13,16:00:00,3.74557,3.75548,3.74557,3.75148,0,0
2015-07-13,17:00:00,3.74998,3.75874,3.74451,3.75829,0,0
2015-07-13,18:00:00,3.75776,3.75831,3.74783,3.75644,0,0
2015-07-13,19:00:00,3.75644,3.75911,3.75245,3.7567,0,0
2015-07-13,20:00:00,3.75645,3.7621,3.7552,3.76152,0,0
2015-07-13,21:00:00,3.76157,3.76371,3.75871,3.76371,0,0
2015-07-13,22:00:00,3.76421,3.76421,3.75794,3.76297,0,0
2015-07-13,23:00:00,3.76297,3.76297,3.75839,3.76052,0,0
2015-07-13,23:59:00,3.75956,3.76285,3.7582,3.75915,0,0
2015-07-14,01:00:00,3.759,3.76044,3.75795,3.7585,0,0
2015-07-14,02:00:00,3.7585,3.76736,3.758,3.76734,0,0
2015-07-14,03:00:00,3.76679,3.77024,3.76457,3.76566,0,0
2015-07-14,04:00:00,3.76601,3.76616,3.76217,3.76285,0,0
2015-07-14,05:00:00,3.76285,3.76351,3.75815,3.76075,0,0
2015-07-14,06:00:00,3.76077,3.76291,3.75705,3.7578,0,0
2015-07-14,07:00:00,3.7578,3.7619,3.7578,3.76106,0,0
2015-07-14,08:00:00,3.76106,3.76404,3.7573,3.76335,0,0
2015-07-14,09:00:00,3.76327,3.77639,3.76045,3.77635,0,0
2015-07-14,10:00:00,3.77626,3.77744,3.76767,3.7741,0,0
2015-07-14,11:00:00,3.7738,3.77528,3.76103,3.76734,0,0
2015-07-14,12:00:00,3.76719,3.76914,3.75754,3.75901,0,0
2015-07-14,13:00:00,3.75901,3.77049,3.75688,3.76799,0,0
2015-07-14,14:00:00,3.76774,3.77044,3.76357,3.76562,0,0
2015-07-14,15:00:00,3.76528,3.76528,3.7459,3.75394,0,0
2015-07-14,16:00:00,3.75394,3.76032,3.74963,3.75886,0,0
2015-07-14,17:00:00,3.7587,3.76299,3.75676,3.75987,0,0
2015-07-14,18:00:00,3.76044,3.76109,3.75048,3.75139,0,0
2015-07-14,19:00:00,3.75158,3.75591,3.75096,3.75369,0,0
2015-07-14,20:00:00,3.75369,3.75369,3.7484,3.75259,0,0
2015-07-14,21:00:00,3.75283,3.75405,3.75105,3.75225,0,0
2015-07-14,22:00:00,3.75225,3.75486,3.75216,3.75376,0,0
2015-07-14,23:00:00,3.75371,3.75461,3.75112,3.7515,0,0
2015-07-14,23:59:00,3.75126,3.7526,3.74979,3.7521,0,0
2015-07-15,01:00:00,3.7523,3.7527,3.74885,3.75025,0,0
2015-07-15,02:00:00,3.7502,3.75375,3.7502,3.75265,0,0
2015-07-15,03:00:00,3.7527,3.758,3.75255,3.7561,0,0
2015-07-15,04:00:00,3.75694,3.75737,3.75335,3.7545,0,0
2015-07-15,05:00:00,3.7546,3.75728,3.75315,3.75664,0,0
2015-07-15,06:00:00,3.75664,3.75785,3.7526,3.75306,0,0
2015-07-15,07:00:00,3.75316,3.75629,3.75301,3.7546,0,0
2015-07-15,08:00:00,3.75465,3.75915,3.7542,3.7577,0,0
2015-07-15,09:00:00,3.75775,3.75998,3.74933,3.75216,0,0
2015-07-15,10:00:00,3.75234,3.75961,3.74926,3.75535,0,0
2015-07-15,11:00:00,3.75521,3.75521,3.74683,3.74699,0,0
2015-07-15,12:00:00,3.74662,3.75019,3.74609,3.74773,0,0
2015-07-15,13:00:00,3.74776,3.75035,3.74546,3.74933,0,0
2015-07-15,14:00:00,3.74939,3.75526,3.7469,3.7527,0,0
2015-07-15,15:00:00,3.75268,3.76659,3.74795,3.7664,0,0
2015-07-15,16:00:00,3.76628,3.77277,3.76189,3.77276,0,0
2015-07-15,17:00:00,3.77285,3.77842,3.76597,3.77346,0,0
2015-07-15,18:00:00,3.77313,3.77561,3.76786,3.76813,0,0
2015-07-15,19:00:00,3.76808,3.77565,3.76486,3.77251,0,0
2015-07-15,20:00:00,3.77287,3.77868,3.77205,3.77317,0,0
2015-07-15,21:00:00,3.77317,3.77439,3.77045,3.77357,0,0
2015-07-15,22:00:00,3.7739,3.77587,3.77057,3.77083,0,0
2015-07-15,23:00:00,3.77118,3.77395,3.77056,3.77183,0,0
2015-07-15,23:59:00,3.77124,3.77366,3.77079,3.7735,0,0
2015-07-16,01:00:00,3.77296,3.77502,3.76858,3.7692,0,0
2015-07-16,02:00:00,3.76896,3.7771,3.76764,3.77649,0,0
2015-07-16,03:00:00,3.77634,3.77891,3.77522,3.77801,0,0
2015-07-16,04:00:00,3.77816,3.78485,3.77701,3.78146,0,0
2015-07-16,05:00:00,3.78146,3.78186,3.77806,3.77836,0,0
2015-07-16,06:00:00,3.77831,3.77922,3.7764,3.77841,0,0
2015-07-16,07:00:00,3.77842,3.77947,3.77661,3.77861,0,0
2015-07-16,08:00:00,3.77839,3.78401,3.7766,3.77781,0,0
2015-07-16,09:00:00,3.77746,3.78,3.7682,3.77429,0,0
2015-07-16,10:00:00,3.77491,3.77752,3.76072,3.7745,0,0
2015-07-16,11:00:00,3.77451,3.77678,3.7661,3.76971,0,0
2015-07-16,12:00:00,3.77019,3.77268,3.76306,3.77212,0,0
2015-07-16,13:00:00,3.77223,3.77949,3.77208,3.77743,0,0
2015-07-16,14:00:00,3.77725,3.77949,3.77411,3.77763,0,0
2015-07-16,15:00:00,3.77806,3.7849,3.77188,3.7849,0,0
2015-07-16,16:00:00,3.78463,3.78503,3.76662,3.76865,0,0
2015-07-16,17:00:00,3.7671,3.77442,3.76275,3.76958,0,0
2015-07-16,18:00:00,3.76919,3.77711,3.76919,3.77388,0,0
2015-07-16,19:00:00,3.77396,3.78369,3.77361,3.7826,0,0
2015-07-16,20:00:00,3.78271,3.783,3.77679,3.78076,0,0
2015-07-16,21:00:00,3.78071,3.78376,3.77879,3.78061,0,0
2015-07-16,22:00:00,3.78081,3.78185,3.77885,3.78002,0,0
2015-07-16,23:00:00,3.78042,3.78247,3.77959,3.78227,0,0
2015-07-16,23:59:00,3.78231,3.78275,3.77895,3.78086,0,0
2015-07-17,01:00:00,3.78086,3.78275,3.77895,3.77982,0,0
2015-07-17,02:00:00,3.77992,3.78176,3.77832,3.77888,0,0
2015-07-17,03:00:00,3.779,3.78068,3.77885,3.78009,0,0
2015-07-17,04:00:00,3.78012,3.78115,3.77755,3.77832,0,0
2015-07-17,05:00:00,3.77831,3.77956,3.77695,3.77855,0,0
2015-07-17,06:00:00,3.77848,3.77848,3.77285,3.77447,0,0
2015-07-17,07:00:00,3.77447,3.77845,3.7735,3.77641,0,0
2015-07-17,08:00:00,3.77641,3.78032,3.77527,3.77831,0,0
2015-07-17,09:00:00,3.77836,3.77941,3.77274,3.77498,0,0
2015-07-17,10:00:00,3.77509,3.78044,3.76649,3.76956,0,0
2015-07-17,11:00:00,3.76976,3.77304,3.7622,3.76807,0,0
2015-07-17,12:00:00,3.76793,3.76896,3.7641,3.76659,0,0
2015-07-17,13:00:00,3.76671,3.77212,3.76468,3.76785,0,0
2015-07-17,14:00:00,3.76811,3.77052,3.76592,3.7682,0,0
2015-07-17,15:00:00,3.7682,3.78022,3.76569,3.77956,0,0
2015-07-17,16:00:00,3.7795,3.78718,3.77638,3.78718,0,0
2015-07-17,17:00:00,3.78782,3.78911,3.78068,3.78301,0,0
2015-07-17,18:00:00,3.78312,3.78772,3.78272,3.787,0,0
2015-07-17,19:00:00,3.78727,3.78941,3.78395,3.78395,0,0
2015-07-17,20:00:00,3.7842,3.78961,3.78369,3.78828,0,0
2015-07-17,21:00:00,3.78828,3.78924,3.78624,3.788,0,0
2015-07-17,22:00:00,3.78805,3.78948,3.78691,3.7892,0,0
2015-07-17,23:00:00,3.7894,3.78945,3.78935,3.7894,0,0
2015-07-20,01:00:00,3.791,3.79125,3.78632,3.78785,0,0
2015-07-20,02:00:00,3.78775,3.79335,3.7871,3.79212,0,0
2015-07-20,03:00:00,3.79216,3.79355,3.78957,3.79245,0,0
2015-07-20,04:00:00,3.79234,3.7961,3.79148,3.7961,0,0
2015-07-20,05:00:00,3.79643,3.79675,3.79355,3.7954,0,0
2015-07-20,06:00:00,3.7954,3.79836,3.7954,3.79721,0,0
2015-07-20,07:00:00,3.79721,3.79833,3.79442,3.79442,0,0
2015-07-20,08:00:00,3.79446,3.7962,3.79354,3.79445,0,0
2015-07-20,09:00:00,3.79417,3.79574,3.7869,3.7898,0,0
2015-07-20,10:00:00,3.7899,3.7916,3.7806,3.7819,0,0
2015-07-20,11:00:00,3.7817,3.788,3.7812,3.7868,0,0
2015-07-20,12:00:00,3.7861,3.8022,3.7844,3.7919,0,0
2015-07-20,13:00:00,3.792,3.7994,3.792,3.7965,0,0
2015-07-20,14:00:00,3.7963,3.8017,3.7956,3.7961,0,0
2015-07-20,15:00:00,3.7959,3.8003,3.7926,3.7992,0,0
2015-07-20,16:00:00,3.7993,3.8057,3.7968,3.8049,0,0
2015-07-20,17:00:00,3.8042,3.8042,3.79407,3.79699,0,0
2015-07-20,18:00:00,3.79681,3.8023,3.79455,3.80197,0,0
2015-07-20,19:00:00,3.80166,3.8043,3.79824,3.80385,0,0
2015-07-20,20:00:00,3.804,3.8053,3.8015,3.80481,0,0
2015-07-20,21:00:00,3.80476,3.80747,3.80337,3.80747,0,0
2015-07-20,22:00:00,3.8076,3.80885,3.8053,3.80568,0,0
2015-07-20,23:00:00,3.8057,3.81568,3.8057,3.80988,0,0
2015-07-20,23:59:00,3.80928,3.81126,3.8088,3.81086,0,0
